-0.715
0.135
-2.00193
-0.725
0.195
2.06684
-0.715
0.675
-1.97353
-0.625
1.00531
2.115
0.715
0.135
-2.00193
0.725
0.195
2.06684
0.715
0.675
-1.97353
0.625
1.00531
2.115
0.0166251
0.0268077
0.149338
0.130805
0.0166733
0.0267682
0.149416
0.13063
0
0
0
0
0
0
0
0
0
0
0
0
0
0
0
0
0
0
0
0
0
0
0
0
0
0
0
0
0
0
0
0
0
0
0
0
0
0
0
0
0
0
0
0
0
0
0
0
0
0
0
0
0
0
0
0
0
0
0
0
0
0
0
0
0
0
0
0
0
0
0
0
0
0
0
0
0
0
0
0
0
0
0
0
0
0
0
0
0
0
0
0
0
0
0
0
0.0266821
-0.00275016
-0.00185798
0.046645
-0.00782613
0.00369308
0.154713
0.0699736
0.0121239
0.0390973
0.0266824
-0.0018252
0.0466079
0.00370387
0.0698342
0.03921
0.00159422
0.106799
-0.00690231
0.122208
0.00313684
0.0125713
0.340101
0.384635
0.00158873
0.106761
0.122277
0.0126383
0.159152
0.15913
-0.0170556
0.159667
0.188855
0.124038
0.124052
-0.00189638
0.443286
0.172863
0.172907
-7.57104e-05
0.190306
0.18271
0.0256448
-0.00143272
0.000299412
0.0190924
-0.00407159
0.00661579
0.0190169
0.0493408
0.0494941
0.00157267
-0.00442735
0.0163005
-0.00142478
0.0256574
0.000346339
-0.00407117
0.0191497
0.00661327
0.0493443
0.0190382
0.0495138
-0.00442713
0.00150033
0.0163098
-0.00256481
-0.000293564
0.0542379
-0.0152568
-0.00615284
0.000690473
0.0484433
-0.0112297
0.00155303
0.0433468
-0.00093242
0.157594
0.000928585
0.0591367
0.00040514
0.18765
-0.00251742
-0.015276
-0.000317671
0.0542095
-0.00615133
-0.0112143
0.000659266
0.0484713
0.00155125
0.157504
0.043311
-0.000983328
0.00101948
0.187745
0.0591925
0.000316258
0.0812359
0.0900469
-0.00841837
0.08794
0.0871461
-0.00794647
0.0278397
0.0572383
0.00660959
0.100765
0.063851
-0.00151046
0.0362179
0.11334
0.0462028
0.0497131
-0.0566267
0.0137471
0.0439827
0.0641946
0.0812346
0.0900465
0.0871262
-0.0079677
0.0278503
0.057253
0.0639046
-0.00150652
0.0462387
0.0497482
0.0439652
0.0641637
0.0471653
-0.0138474
-0.0143474
-0.000506266
-0.00376896
2.41919e-05
0.000993171
0.0204727
1.26067e-05
-0.0101897
0.0469655
0.213794
-0.0199067
0.0295545
0.0144738
0.0262245
0.0471645
-0.0138467
-0.0147603
-0.000509105
0.000993458
0.0204617
0.0469709
0.213795
0.12848
0.0663318
0.0307783
0.108671
0.128467
0.108689
0.0307803
0.0663134
-0.0128779
-0.0128904
-0.00953578
-0.00951684
0.0839269
0.0763796
0.0763485
0.0839035
0.13462
0.172846
0.172636
0.134619
0.050876
0.0479649
0.0538091
0.045008
0.050863
0.0449901
0.0538617
0.0479735
-0.0145696
-0.014579
-0.0125268
-0.012535
0.220841
0.2149
0.214941
0.220809
0.0755299
0.0641496
0.0852217
0.0516164
0.0755383
0.0516606
0.0852216
0.0641643
-0.0102379
-0.0102292
0.00439383
0.00439224
0.146711
-0.0197841
-0.0197873
0.146744
0.119087
0.119114
0.0337375
0.0338078
0.0126303
0.00650103
0.000259942
0.0162429
0.000261956
0.00630682
0.0113447
0.00346819
0.0195694
0.00979968
-0.0109661
0.00318578
0.00650338
0.0126368
0.000269426
0.000188929
0.0162093
0.00630764
0.00418432
0.0113687
0.0195512
-0.0109666
0.00976123
0.00318044
-0.00246398
-0.000295317
0.0499994
0.0025123
-0.000232382
0.00104229
0.0503041
0.000519705
-0.000648328
0.0284769
-5.91826e-05
0.102085
0.000541657
0.0308309
-0.000166993
0.0596904
-0.00240237
0.00255483
-0.000318531
0.0499654
-0.00022067
0.000518036
0.00104264
0.050315
-0.000671828
0.1018
0.0284407
-9.35612e-05
0.00048214
0.0597779
0.0309518
-0.000128853
-0.0043018
0.00110747
0.0489756
0.0731029
-2.62904e-05
-2.28321e-05
-0.00801579
0.172491
-7.31553e-05
-6.75235e-05
0.0858336
0.00593125
-0.00378344
-0.0131994
0.0351727
0.0286618
9.43212e-05
9.41912e-05
0.00395552
0.0968165
0.00247389
-0.000224733
0.0661035
0.00201943
0.00681277
0.00681871
0.0153289
0.061769
0.00947138
0.00284339
0.036424
0.0376734
0.00262541
0.00262562
0.00313088
0.0673741
0.00333182
0.00490444
0.0475416
0.063421
-0.00431116
0.00109814
0.0490814
0.0731143
-3.67769e-05
-0.000114624
0.0858131
0.00608104
-0.00379123
-0.0131681
0.0351873
0.02868
0.00247211
-0.00022505
0.066088
0.00197884
0.00952309
0.00288698
0.0364677
0.037691
0.00329659
0.00486912
0.0475306
0.0634381
-4.29762e-07
-0.000412221
0.0488275
6.84053e-05
0.000492542
0.00442157
-0.000292616
-0.000210563
0.00510924
0.00510911
-0.00398269
1.15765e-05
-6.88987e-05
0.00448202
0.000297483
-0.00921305
0.00577297
0.0057729
0
-0.000166332
-0.00048564
0.00265223
0.0279282
0.0460958
0.00783283
0.00785016
0.00549566
0.00730645
0.00629371
0.00628723
0.00388016
0.00761229
1.61284e-07
-0.000384424
0.048826
8.29121e-05
0.000472378
0.00441403
-9.10714e-05
-0.000217165
-7.66603e-05
0.00449278
0.000298772
-0.00919122
-0.000514698
0.00279276
0.0279177
0.0461045
0.000296039
4.41391e-05
0.000653648
0.00503453
0.000296082
3.71471e-05
0.000653402
0.00524003
2.40573e-06
2.93999e-05
2.97829e-05
-0.000181346
0.00433284
0.000476944
0.000476249
-0.035993
-0.00251577
0.000879294
0.0647978
-0.00251565
0.00280652
8.88258e-05
0.000800708
0.00422774
0.00280408
8.37842e-05
0.000804989
0.00422344
0.00543785
1.26154e-05
1.26067e-05
0.00543781
0.00631563
0.00684532
0.00250433
0.0063178
0.00989054
-0.000892285
0.0163509
0.00120237
0.00967805
-0.000931872
0.0163273
0.00119247
0.00237063
4.83105e-05
4.77653e-05
-1.95406e-05
0.00229304
0.00390765
0.00393467
0.00447942
0.00597047
-0.00122648
-0.0127043
0.00597009
0.0366234
0.0744922
-0.00800843
0.139252
0.0881418
0.00707993
0.0321732
0.0308363
0.00394853
0.087912
0.0599697
0.00246005
0.0309367
0.0509171
0.0159254
0.0315814
0.0367115
0.0231991
0.0503794
0.0346789
0.0029848
0.0607544
0.0542715
0.0110619
-0.00801154
0.139234
0.0364018
0.0744311
0.0881141
0.00712115
0.00394839
0.0879158
0.0320309
0.0308046
0.0601298
0.00236873
0.015872
0.0317441
0.0309262
0.0510138
0.0367968
0.0232217
0.00297233
0.0607992
0.0503983
0.0347221
0.0542572
0.0110518
0.0714501
0.00502968
0.0494664
0.00137051
-0.0117715
-0.000472229
0.00106231
6.02595e-09
0.0687594
0.00215602
0.0491872
0.00143721
4.70588e-05
0.0161849
-4.34093e-05
0.00551857
0.0294499
0.0636037
-0.000204818
0.000259151
0.0288719
0.0547549
0.00352788
0.00971999
0.0492163
0.118849
0.000135974
-0.00739412
0.030192
0.04772
0.0034952
0.00852938
0.0714219
0.00504122
0.00106163
-5.32414e-09
0.0494723
0.00138405
-0.0117744
-0.000472991
0.0687673
0.00209733
-4.34203e-05
0.00552506
0.0492054
0.0013906
4.20835e-05
0.0162885
0.0294524
0.0635849
0.00355728
0.00973726
-0.000199251
0.000272983
0.0288708
0.0547685
0.0491743
0.118847
0.00350509
0.0085321
0.000122896
-0.0066218
0.0302821
0.0478394
0.000542093
0.000351357
0.000399377
0.034281
1.73059e-05
1.80409e-05
-0.00232313
-0.0023228
0.000261223
0.0041388
1.12648e-05
-0.000185888
-0.000405827
0.000641036
-0.00137521
0.000780713
4.54847e-05
4.58192e-05
0.00604978
0.00604083
0.00258672
0.0115983
-1.53673e-05
0.00235822
0.00239236
0.0024184
0.00132363
0.00142443
-0.00345923
0.000469982
0.00478936
-0.0391061
0.000850084
0.000893675
0.00592114
0.00589167
0.00126102
0.000834633
0.0035727
-0.00104736
0.000542262
0.000332366
0.0344608
0.000399814
0.000239825
0.00413873
1.09793e-05
-0.000185312
0.000588405
-0.000395562
-0.00140604
0.000815214
0.00256872
0.0115801
-1.5422e-05
0.00235824
0.000469668
-0.00350185
-0.0391598
0.00477824
0.000843729
0.00126068
-0.00103566
0.00358959
-0.000423086
0.000220993
-2.59493e-05
-4.49078e-05
-0.0036936
0.00242499
0.00129105
0.00346568
3.1299e-05
3.12116e-05
0.00526807
0.00526798
0.000572938
0.00439599
-0.00147942
0.00860973
0.00559741
0.00559766
4.78757e-05
4.77606e-05
0.000341404
-0.0196972
0.00677148
0.00258558
0.00370972
0.00372586
0.00564101
0.00566716
0.00708071
0.00707945
0.00410698
0.0041087
-0.000436718
0.000220781
-2.5936e-05
-4.49271e-05
0.00262017
-0.00574373
0.00129088
0.00346433
0.00438433
0.000569862
-0.00147537
0.00865199
-0.0197664
0.000320454
0.00256168
0.00673296
0.0711541
0.0867617
0.00040769
0.0435616
0.0533162
-0.00511787
0.00463447
0.0831684
0.0326451
0.0224209
0.00448032
0.00361054
0.0523864
0.0417767
0.00101867
0.0465941
0.0711587
0.0435446
0.000408418
0.0867382
0.0524415
0.0470354
0.00101858
0.0419525
0.0326275
0.00370475
0.00458316
0.0224949
0.0532794
0.0831415
0.00473853
-0.00501883
0.00393215
-0.00799752
2.74151e-05
0.00644513
0.00407693
0.0065281
2.79592e-05
-0.00799851
-0.00338641
-0.00142609
-0.000150132
0.00531677
-0.00342531
0.00524778
-0.000150503
-0.00142597
0.034456
0.0334551
0.00550366
0.0203594
0.106392
0.0113444
-0.0348775
0.0085871
0.106009
0.00873787
-0.0349001
0.0113699
0.0342095
0.0203666
0.00551396
0.0334893
0.123059
0.0778291
-0.00157898
0.165097
0.0610473
0.0624379
0.0594474
0.0693547
0.0611072
0.0692931
0.0594793
0.0623607
0.12306
0.165095
-0.00157875
0.0783534
0.0497327
0.049156
0.001748
0.000345275
0.0497464
-0.000290443
0.00383655
0.0490072
0.0309126
0.0297124
0.00460163
0.00453727
0.0286311
0.00387976
0.00389742
0.0283866
0.0497087
0.000342561
0.00174641
0.0491491
0.0286069
0.0283768
0.00389486
0.0038753
0.031006
0.00453823
0.00459593
0.0297376
0.0497613
0.0490145
0.00386771
-0.000295949
0.00190015
0.00519034
0.00535325
0.000720762
0.00190843
0.000732955
0.00535321
0.00519017
0.00144409
0.00568516
0.00551761
0.00159966
0.00148833
0.00161077
0.00551776
0.00568531
0.0737128
0.0510875
0.0127122
0.0136305
0.0537539
0.0104057
0.00920723
0.0570726
0.0538855
0.0571251
0.00921442
0.0104087
0.0737367
0.0136434
0.0126906
0.051065
0.104308
0.0688503
0.00015893
0.0109531
0.0703242
0.0307903
0.0152211
0.069433
0.0866519
0.0533499
-0.00157965
0.0433964
0.0352574
-0.00494793
0.0268176
0.0491118
0.104322
0.0109367
0.000143141
0.068842
0.0353163
0.0490512
0.0268161
-0.00494159
0.0866631
0.0434303
-0.00159282
0.0533361
0.0703289
0.0694403
0.0152074
0.0307967
-0.00614505
0.00273146
2.87193e-05
0.00208106
-0.00637821
0.00200716
2.8386e-05
0.00273784
0.00576806
0.00399334
0.00241425
0.0038698
0.00582199
0.00390145
0.00241469
0.00399384
0.0841134
0.0959848
0.00783514
0.012635
-0.00218218
0.0049201
0.00380845
0.0304989
-0.00218722
0.0304986
0.00392651
0.00490755
0.0841867
0.0126472
0.00784283
0.0960093
0.0840837
0.0982479
0.0046757
0.0280797
0.0840818
0.0280593
0.00467017
0.0982419
0.0473616
0.0701182
-0.00692746
0.0170367
0.047327
0.0169494
-0.00694848
0.0699181
0.00176016
0.00252043
0.000241936
0.00392597
0.00515687
0.00408296
0.00168679
0.0152868
0.00572982
0.00297846
0.00467022
0.000441598
0.00252343
0.00176799
0.000247223
0.00530971
0.0039501
0.00408352
0.014858
0.00170612
0.00570408
0.00467546
0.00315526
0.000428882
-0.0024261
-0.000346523
0.0430337
0.00129114
-0.00333009
-0.000969349
0.0414433
0.00209043
-2.18331e-05
0.00493728
-0.000254401
-0.00705259
-0.000201996
0.00284788
-0.000130535
0.00129269
-0.00241773
0.00126942
-0.000347688
0.0430139
-0.0033278
0.00211868
-0.000971585
0.0414562
-5.1105e-05
-0.00695131
0.00489067
-0.000291227
-6.85151e-05
0.00145584
0.00289991
-9.69164e-06
5.6361e-05
-0.0016722
0.00600572
0.00443485
-1.77146e-05
-1.77125e-05
-0.00805684
0.0737784
5.94248e-07
0.000330496
0.0858321
0.00224878
0.0010365
-0.00542959
0.0180821
0.0128406
2.96868e-05
2.99227e-05
0.0014117
0.0927323
0.000361372
-6.51243e-06
0.0786041
0.00601456
0.00124637
0.00123641
0.0051641
0.0116667
-0.000485155
2.19473e-05
0.0171887
0.0273481
0.000750982
0.000750901
0.00129323
0.0449829
0.000891412
0.000670935
0.0115191
0.0496153
5.31526e-05
-0.00162925
0.00612052
0.00442702
2.74065e-05
0.000293544
0.0858118
0.00216092
0.00101822
-0.00533673
0.0180955
0.0128061
0.00037167
-6.13912e-06
0.0786076
0.00603223
-0.000394805
9.07266e-05
0.0172291
0.0276392
0.000948351
0.000714772
0.0116674
0.0496629
-1.55312e-07
0.000505477
0.0417828
0.00230579
0.000890763
0.000479651
-6.0034e-05
-0.000213753
1.62033e-05
1.61787e-05
-0.00398269
1.15765e-05
0.00143574
0.0006611
8.36679e-07
-0.0048624
7.16693e-06
7.12541e-06
8.32667e-17
-0.00470811
-0.000573388
0.000561957
0.0027994
0.0107589
0.00146187
0.0014638
0.00183591
0.002577
0.0012797
0.00128005
0.00104771
0.00169802
-5.74321e-08
0.000505031
0.041784
0.002312
0.000894368
0.000477005
-6.90929e-05
-0.000221427
0.00143999
0.000660988
6.40076e-07
-0.0048648
-0.000580373
0.000524161
0.00275305
0.008045
6.84355e-05
0.000583578
-0.000345694
-0.00394439
6.83568e-05
0.000587297
-0.000348756
-0.00394449
6.24037e-07
2.03953e-06
2.0241e-06
-2.54197e-05
0.00107786
0.000441798
0.000443915
-0.0336319
-4.31826e-06
-0.000477617
0.0465634
-4.33825e-06
0.00149293
2.06026e-05
0.000714369
0.000526211
0.00149432
2.33618e-05
0.000702485
0.000526524
1.84104e-05
1.26154e-05
1.26067e-05
1.84187e-05
0.00150829
0.00147851
0.000892915
0.00150659
0.00447849
-0.00264689
0.00476609
0.00132858
0.00459645
-0.00263704
0.00473063
0.00131919
2.71069e-05
8.13548e-06
8.0833e-06
-2.18925e-05
0.000599022
0.00124238
0.00123677
0.00150298
0.000723966
0.00197535
-0.00521523
0.00072384
0.00804846
-0.00108352
0.0129676
0.00708118
-0.00597312
-1.6935e-05
-0.00804938
0.0133942
4.64109e-05
-2.81591e-07
0.0875696
0.00183273
0.00716512
-0.0113552
0.0157185
0.015157
-0.00073404
3.60207e-05
0.00141599
0.0841565
-0.00124721
0.00214455
0.0442796
0.00581837
0.00118703
0.00110108
0.00800933
0.0154743
0.0114387
0.00148248
0.00738798
0.0190367
0.00363507
0.00343865
0.0266274
-0.0137339
0.0030686
4.58968e-05
0.0171131
0.00887901
-0.000327936
0.000380374
0.000846982
0.0396711
0.000959057
-5.40254e-05
0.00689581
0.0217461
-0.00597372
-1.68047e-05
-0.00805303
0.0135475
0.00794889
-0.00109098
0.0131288
0.00711506
4.67691e-05
-1.78499e-07
0.0875186
0.00181181
-0.000689624
3.58871e-05
0.00141574
0.0842994
0.00707987
-0.0113997
0.015782
0.015153
-0.00197603
0.00214343
0.0441597
0.00576323
0.0110874
0.00152192
0.0073754
0.0190067
0.00115348
0.00111056
0.00806006
0.0154473
0.00367502
0.00338985
0.0265981
-0.0136894
-0.000333459
0.000380914
0.000857728
0.0396752
0.0031491
0.00011112
0.0171595
0.00886404
0.000939912
-5.55735e-05
0.00685545
0.0217394
-6.23853e-06
-4.95449e-07
0.0629007
0.00270348
1.97213e-07
3.57554e-07
0.0425391
0.0019719
0.00452318
-0.00212327
0.000203132
-0.000218702
-0.00618015
0.00507569
0.00107515
-1.48952e-16
-0.0030873
0.000239403
0.0755569
0.00456129
-5.88785e-17
1.23787e-05
0.0413375
0.00198345
0.00720632
-0.00295843
-0.000121479
-0.0157897
-0.000653345
0.00574188
-2.04211e-05
0.00100768
-0.000218513
0.000243639
0.0146304
0.0500261
0.00281801
0.000773813
-0.000193594
7.59212e-07
-0.000130988
-6.71194e-05
0.00433761
-0.00190982
0.0145414
0.00215792
0.00091942
0.000949513
-0.000214276
0.000466686
0.00955703
0.0698198
0.00920596
0.00163715
0.000136878
0.00445074
0.000386235
7.08933e-05
0.00306957
0.00268282
0.0394563
0.00216303
0.00147106
0.0017863
1.07553e-05
1.42627e-07
0.0625148
0.00266548
-0.00704455
0.00507564
0.00107447
-7.4476e-17
-1.97209e-07
2.18716e-07
0.0425351
0.00198614
0.004527
-0.00211091
0.000196857
-0.000219051
-0.00309161
0.000238897
0.0755489
0.00460819
-0.000584953
0.00574194
-2.04259e-05
0.0010045
1.96262e-17
2.09838e-07
0.0413829
0.0020612
0.007195
-0.00295981
-0.000123971
-0.0158621
-0.000197706
0.000269337
0.014641
0.0499244
0.014667
0.00217674
0.000943735
0.000977628
0.00282421
0.000774918
-0.000197939
-5.10166e-06
-0.000131833
-7.03669e-05
0.00434172
-0.00192056
-0.000163753
0.000435919
0.00955568
0.069766
0.0394577
0.00215456
0.00145765
0.00180662
0.00919888
0.00164649
0.0001451
0.00407783
0.00050839
9.59285e-05
0.00312185
0.00278013
0.0067885
0.000109419
-0.000544295
-0.00045427
0.0389302
-0.0027038
0.000101234
0.0290453
-0.000158482
9.04333e-07
1.55171e-06
1.47136e-06
0.0411665
-0.000414695
-4.59856e-06
-4.62687e-06
-3.48581e-05
7.78909e-05
0.000108722
0.000955734
-0.00653401
1.45493e-05
-7.69616e-06
-2.53944e-05
0.000171276
-0.00877961
0.000645617
-0.000375378
0.00474521
0.00200208
0.00194692
-0.0119517
0.0015011
0.0024463
7.73903e-06
7.79171e-06
0.00909857
-0.00716049
0.000742901
0.000742424
-0.000870332
-0.00352197
0.0023561
-9.09999e-05
-0.000456757
1.24219e-05
-2.1973e-05
2.71845e-05
0.00319468
0.00176555
0.000726365
0.000723014
-0.00373633
0.00501246
0.0043471
0.00440098
0.00454936
2.28358e-06
-0.000534603
0.000122959
0.00269835
-4.3844e-05
0.00113764
-0.00138044
-0.00104858
7.47359e-05
0.00065856
0.000661222
0.0264442
6.06389e-05
0.00132538
0.00133119
0.00152867
-0.00929635
0.00136968
-7.04952e-06
-0.00125683
0.00153924
0.000714361
0.000854781
0.00673586
9.6978e-05
-0.000543901
-0.000444381
0.0391061
-0.00270407
0.0290031
0.000101261
-3.70409e-05
6.03681e-05
0.000119945
0.00101431
-0.00665714
1.49606e-05
-7.69692e-06
-2.5389e-05
0.00017225
-0.0086778
-0.000350205
0.00064696
0.00474099
0.00190064
0.00195797
-0.0119584
-0.000900708
-0.0035331
0.00234055
-8.97079e-05
-0.000498967
1.20201e-05
-2.19737e-05
2.72101e-05
0.00454533
2.3388e-06
0.000122915
-0.000513376
0.00269739
-4.38504e-05
-0.00137619
0.0011539
0.00153157
-0.00957806
-3.36984e-07
0.00137097
-0.0012433
0.00155806
0.00088958
0.000712043
0.00595477
-0.00242088
-2.7628e-05
0.000384569
-0.00534657
0.00539952
-2.18169e-05
-2.19055e-05
-0.000254255
-0.00132689
-0.000659555
0.00010452
-5.0841e-06
-0.000126877
0.00112741
0.000612071
-1.11022e-16
-0.000154824
3.47196e-06
3.48091e-06
-8.32667e-17
5.55112e-17
4.93062e-06
4.92409e-06
0.000222743
-8.82138e-05
2.46414e-05
0.000823143
0.0122604
1.14444e-05
-0.00317541
0.00644263
-2.77556e-17
8.32667e-17
6.46774e-06
6.46986e-06
-0.00500449
8.6583e-07
7.27484e-06
7.2808e-06
0.00439063
0.00109511
0.000362126
0.01543
0.0398381
0.00198976
0.00115151
0.00114391
0.00153188
0.00174955
0.000960878
0.000960432
0.00276532
0.00145055
0.00151325
0.00150381
0.000868779
0.00100104
0.00145221
0.00145276
0.0022659
0.00211639
0.000712098
0.000713759
0.00595435
-0.00240271
-2.07207e-05
0.000384445
-0.00532791
0.00539947
-2.18915e-05
-2.19492e-05
-4.75627e-05
-0.00122219
0.00031358
0.000672295
-4.65161e-06
-0.000124175
0.00112789
0.000611826
0.000237244
-9.05929e-05
0.00082539
2.32151e-05
0.0122597
1.0153e-05
-0.00318309
0.00642576
0.0043929
0.0010916
0.0154957
0.000366145
0.039843
0.00198216
0.00115157
0.00116557
0.0109039
0.000361955
-4.27116e-05
-6.23112e-06
1.98204e-05
-0.0120119
-0.000732205
0.00236407
-0.000868452
2.11485e-05
-0.00479559
0.000434774
0.0132981
0.00608529
0.000122519
0.000137195
0.0110097
0.000361072
-4.2198e-05
-1.31109e-05
0.0133
0.00577227
0.000131565
0.000137068
-0.000857831
1.82243e-05
-0.00477507
0.000439503
2.1156e-05
-0.0120146
-0.000704142
0.00342979
-0.000157951
-0.00783492
6.23263e-06
1.18677e-06
-0.000158172
-0.00789643
7.0778e-06
9.00613e-07
-0.00492479
2.77556e-17
-0.00015053
1.37698e-05
-0.00488394
-3.6705e-09
-0.000150749
1.36566e-05
0.00336088
0.00340143
0.000983507
0.00171685
0.0037953
0.00159891
0.0017005
0.00102294
0.00379197
0.00159985
0.00166766
0.000988649
0.00337363
0.00343558
0.00100099
0.00170649
-0.0157534
0.022605
5.82837e-05
-0.00251171
0.0111738
0.00328207
0.00359746
-0.00432111
0.00513678
0.0109965
-0.00422345
0.00365484
0.0226297
-0.0157813
-0.00251157
5.83325e-05
0.0051178
0.000261033
-5.3661e-05
-0.0024474
0.00737231
0.000168995
-0.000154817
-0.000968481
3.34928e-06
0.00666911
0.00142494
-1.48889e-05
0.000181842
0.0036051
0.00102465
0.00981351
0.00510975
0.000261633
-4.66364e-05
-0.0024477
0.000175376
0.00361835
0.00102324
0.00984691
3.60354e-05
0.00665186
0.00141904
-3.75712e-05
0.00736883
0.000169087
-0.000146232
-0.000950275
-0.00608488
6.02595e-09
-4.11573e-06
0.00524388
-5.32414e-09
-0.00653531
0.00524382
-4.06649e-06
-2.29944e-05
-0.00513601
0.00556906
-2.29779e-05
-0.00528214
-2.29882e-05
-2.30023e-05
0.00556919
0.0492648
0.00401782
0.00116327
0.00217906
0.0420156
0.000802232
0.00119151
0.00260695
0.000788205
0.0420303
0.00260536
0.00120766
0.00404738
0.0492671
0.00220273
0.00118906
-0.000464447
0.00165185
-3.01799e-05
-0.00295902
0.00223373
0.00234892
-0.005078
0.00467096
0.00428308
0.00503731
0.000369933
5.04733e-06
0.00041345
0.00397493
0.000161892
-0.00965194
-0.000464412
0.00158518
-3.42652e-05
-0.0029599
0.000404432
0.00358594
0.000156389
-0.00909571
0.00427927
0.00504013
0.000396536
2.91434e-06
0.00231928
0.00226112
-0.00519805
0.00258707
-0.00214902
-0.00497889
5.11906e-06
1.63973e-05
-0.00213775
-0.00498213
5.06138e-06
1.63061e-05
-0.00128962
-0.000627938
1.12031e-05
0.0024354
0.00122611
-0.00063535
1.11919e-05
0.00243539
0.00157184
0.00287773
0.00209199
0.00153723
-0.000790365
-0.00557246
9.95428e-05
-0.00270518
-0.000771759
-0.00556122
9.32449e-05
-0.00269262
0.00157364
0.00290527
0.00209952
0.00153239
0.00529241
0.00917422
-0.00709745
0.00197103
0.00917488
0.00529263
0.00200361
-0.00707046
0.0183779
0.0185738
0.00263838
0.015784
0.018531
0.0184192
0.015745
0.00123226
0.0124866
0.0183241
-0.00181962
0.0727564
0.0492635
0.00151168
0.0180145
0.0146512
0.00245061
0.0628993
0.0348322
0.00489344
0.010607
0.0142477
0.00945439
0.0144324
0.00981427
-0.00362817
0.0167155
0.00870854
9.0008e-05
0.0289613
0.013591
0.0145186
-0.00178217
0.07256
0.0125289
0.018341
0.0491165
0.00143957
0.00248828
0.0629509
0.0180769
0.0146953
0.0348551
0.00480297
0.0089671
0.0135875
0.0105767
0.0144093
0.00993281
-0.00347834
8.41501e-05
0.0287699
0.0167542
0.0091735
0.0135429
0.0145269
0.0465629
0.00260296
0.0429211
0.00166122
-2.2097e-05
5.0568e-06
-0.00489755
-1.41367e-05
0.0404929
0.000543321
0.0409226
0.00214861
-6.00772e-09
-0.0259353
0.00050647
-0.00635206
0.005145
0.00458017
1.5872e-05
-4.82651e-05
0.00453016
-0.00204317
0.000831602
-0.00323476
0.00260481
0.00411295
0.000106851
5.71367e-05
0.00281974
0.00216457
-6.02928e-06
0.00151189
0.0463696
0.00253025
-0.00482304
-1.9479e-05
0.0429265
0.00168503
-1.18045e-05
-2.33259e-06
0.0404883
0.00119124
0.000504279
-0.00638764
0.0409469
0.00221623
6.84199e-07
-0.0259365
0.00514282
0.00474152
0.00162005
-0.00310069
1.60477e-05
-7.12281e-05
0.00452235
-0.00205544
0.00264499
0.00480058
1.08181e-05
0.00396293
0.000128436
5.13834e-05
0.00287175
0.0022903
0.00582617
-0.000315512
0.00587128
0.0114125
0.000291957
0.000587632
-0.000493436
0.00307721
-0.00803791
0.0756375
-0.00804073
0.075635
1.15861e-06
1.02027e-06
0.00162108
0.00162122
0.0865387
0.00206066
0.0811108
0.00255923
-7.51959e-05
0.00445552
9.62909e-05
-7.0814e-06
0.0183761
0.0137738
0.0199762
0.010016
0.000307723
-5.15276e-05
0.00188424
-0.0108908
0.00139618
0.0913808
0.00139605
0.0911162
7.04557e-06
7.01204e-06
0.00075132
0.000751352
0.0688198
0.00624085
0.0802031
0.00514166
0.00195615
0.000402317
-1.40671e-05
-9.22663e-05
0.00577507
0.0174703
0.00554856
0.0175236
0.00104201
0.00104187
0.00324453
0.00328445
0.031457
-0.00831504
0.0125361
0.0418333
-1.84771e-05
0.00259725
0.000565551
0.0066814
0.00120189
0.0450059
0.00120793
0.044911
0.000452229
0.000456313
0.00110019
0.00119749
0.0078776
0.0303076
0.00675078
0.06495
0.000865563
6.70149e-05
0.00189252
0.000823456
0.00573854
-0.000560888
0.0057453
0.0115023
0.000252252
0.000496373
0.00314824
-0.000898179
0.0865024
0.0019905
0.0810999
0.00253388
-7.54986e-05
0.00445414
0.000121185
7.89242e-06
0.0183739
0.0137284
0.0200925
0.010096
-5.51415e-05
0.000310912
0.0018924
-0.0106101
0.0687694
0.0062118
0.0802074
0.00519141
0.00195225
0.000426125
-2.10384e-05
-7.17435e-05
0.0312585
-0.00821465
0.0125602
0.0416974
0.00237635
0.000429626
0.00661122
0.000521354
0.00785817
0.030308
0.00678274
0.0650285
3.63188e-05
0.000869149
0.000824689
0.00190069
0.0421566
0.00216179
0.04181
0.00187648
1.60243e-06
-6.90033e-07
-6.31239e-08
-0.000532876
-0.000119495
-0.000254934
4.72828e-05
-5.06054e-05
0.000800176
9.10579e-05
0.00113581
0.00120024
-0.00399256
1.17657e-08
-0.00399265
2.77556e-17
3.98359e-06
4.00664e-06
4.94418e-06
4.92545e-06
-2.80981e-05
-0.0145058
-9.1543e-09
0.000143556
0.000934697
0.000619896
0.00315417
-0.00407719
5.55112e-17
-0.00470854
5.55112e-17
-0.00471186
6.7956e-06
6.83341e-06
7.72313e-06
1.00275e-05
0.00388455
-0.00140663
0.00195353
0.00752184
0.000624294
0.000102406
-7.2828e-06
0.00464935
0.00187831
0.00211074
0.00187674
0.00211634
0.0011712
0.00117014
0.00160301
0.00160353
0.00107545
0.0017006
0.00107435
0.00169275
0.00142834
0.00142916
0.00111997
0.00111332
0.0421592
0.00216366
0.0418229
0.0019041
-6.20634e-17
1.02213e-06
-4.96507e-17
-0.000513859
-0.000114834
-0.000242779
4.93432e-05
-5.07932e-05
9.46778e-05
0.000799833
0.00113778
0.00120809
-2.86521e-05
-0.014087
8.57661e-07
0.00013757
0.000618066
0.000922579
0.00425043
-0.00408216
0.00388153
-0.00139936
0.00189355
0.00748164
9.7098e-05
0.000613612
0.00464587
-1.07822e-05
-0.000188582
-0.000645647
9.04847e-06
-0.00241513
-0.00375581
0.000111731
0.000563839
0.000588646
-0.000193166
-0.000645778
1.38458e-05
-0.00243961
0.000111836
-0.00375536
0.000582777
0.00056429
1.9902e-06
1.94602e-06
-9.7369e-07
-2.54122e-05
-9.76027e-07
-2.54096e-05
2.48871e-06
2.48218e-06
0.000557389
0.000557153
0.000850355
-0.0269707
-0.0269498
0.000850381
0.000928481
0.000943237
-0.000458179
0.0434701
-4.41531e-06
-4.43801e-06
0.00188076
0.00189105
0.0434803
-0.000458205
6.3742e-06
0.000868511
0.00152022
0.000685745
0.00025923
0.000716102
0.000631622
4.34391e-05
6.47283e-06
0.000867417
0.00152387
0.000688334
0.000685292
0.000252624
4.36183e-05
0.000631533
2.91595e-07
0
5.24925e-06
5.25273e-06
6.13988e-06
6.13291e-06
3.14165e-07
-1.38778e-16
0.00146106
0.000857315
0.00160901
0.00161217
0.00150571
0.00150136
0.00085749
0.00147071
0.00180683
-0.00381923
0.00155992
0.000258556
-0.00358065
0.00815496
-0.00195615
0.000222977
-0.00374244
0.00200715
0.00154917
0.000259063
0.00809927
-0.00356096
-0.0019683
0.000203653
8.53503e-06
8.60936e-06
-2.19068e-05
2.71218e-05
-2.19068e-05
2.7122e-05
7.59089e-06
7.61355e-06
0.00109901
0.00106576
0.00123116
0.00112484
0.00106174
0.00123786
0.00115275
0.00115403
0.00198993
-0.00522091
0.000741749
0.000741516
0.00114706
0.00117436
0.00199022
-0.00522257
0.000184134
0.000230438
0.00217414
0.00170682
-0.00855936
5.42437e-06
0.00613242
0.00238892
0.0192386
-6.06778e-05
-4.71722e-05
0.000109526
0.00440996
-0.00524635
0.00918224
-0.00712831
-0.00103164
1.0313e-05
0.00450569
0.00200083
0.00163339
-0.00266514
0.00074098
0.00165587
0.000763409
0.000806354
0.00480636
0.000762014
0.00164885
0.000127726
0.00410128
0.00446254
0.00380508
0.00320206
0.00160819
0.00246423
0.00277543
0.000535145
0.00474911
-3.1384e-05
-0.00111103
0.000782539
0.00141192
0.00121386
0.00497115
-0.000496381
-0.000948813
-0.00674329
-0.00865726
6.13825e-06
0.00606744
0.00239132
0.000194749
0.000261736
0.00216371
0.00168131
0.0192254
-6.1124e-05
-5.76777e-06
7.01725e-05
-0.00100893
1.02552e-05
0.00445503
0.00199131
0.00443783
-0.00513128
0.00918792
-0.00706324
0.00154885
-0.00238316
-0.00129871
0.00165158
0.00184616
0.000157947
0.00396054
0.00462883
0.0007908
0.00080917
0.00481212
0.000833445
0.00371889
0.00300919
0.00170343
0.00250591
-0.00110709
0.000795072
0.0014993
0.00113182
0.00275391
0.000568496
0.0046948
-3.48829e-05
0.00501442
-0.000495592
-0.000897043
-0.00673357
-0.0140408
1.03589e-05
0.00316038
-0.000223084
6.99568e-06
7.07432e-07
4.96507e-17
4.47986e-07
0.00548919
-0.00106168
0.00505466
-0.0019726
-0.000794038
1.45568e-05
-0.00576143
0.00516124
0.0162342
-0.000188336
0.00135535
6.53168e-06
7.43166e-07
5.50626e-07
3.39909e-06
9.19431e-09
0.00741695
-0.00192341
-0.000784371
0.00117115
-0.00180203
0.00567495
0.00467916
1.84551e-05
0.00287989
0.00187631
0.00127265
-0.00220973
0.00224756
0.000834658
0.00313227
0.000786279
-4.034e-05
-4.50123e-05
-1.5213e-05
0.000538662
0.00762587
0.00227146
0.0448856
0.00201266
0.00110029
-0.000227585
0.0260071
0.00191111
0.00805888
0.00142196
0.0121071
0.00521318
8.10026e-05
1.5886e-05
-2.6404e-05
-0.00401925
0.0416075
0.0027451
0.0352487
0.00164616
-0.0140648
6.31768e-06
0.00318058
-0.000249556
-0.000833565
1.48279e-05
-0.00640991
0.00516112
4.92401e-06
3.21043e-11
4.96507e-17
-5.27516e-07
0.00548065
-0.00105844
0.00506332
-0.00196968
0.0162319
-0.000189712
0.00143344
4.81551e-07
-0.00165982
0.00567492
0.00476658
1.84907e-05
2.03277e-11
1.90623e-07
-5.40162e-06
-8.01237e-09
0.00741124
-0.00192301
-0.00078224
0.00126107
0.00275695
0.00184136
0.00146679
-0.00227529
0.00769473
0.00224623
0.0448985
0.00201886
0.00224557
0.000840631
0.00312603
0.000779776
-4.36967e-05
-6.03192e-05
-5.99934e-05
0.000545422
0.00111718
-0.000227365
0.0259744
0.00190479
0.0416103
0.00273667
0.035215
0.00163636
0.00805864
0.00143452
0.0117496
0.00481925
7.40957e-05
2.67897e-05
-2.30392e-05
-0.00402302
5.39607e-05
0.00868593
0.00897244
0.000245804
-0.0160972
-0.00240653
0.00240601
0.00701422
-0.000158338
9.2052e-07
9.03171e-07
-0.00015846
-0.000396485
0.0378463
0.037872
-0.000396458
4.77893e-05
-0.000502634
0.000569278
-2.00196e-05
7.39758e-06
-0.00699782
-0.00569672
1.61269e-05
0.00055956
0.00193577
-9.43196e-05
0.00152931
0.00195109
0.00503912
0.00409481
-0.00515497
-0.00115334
0.00244396
0.00244396
0.00137249
0.00915533
-0.00710123
-0.00710186
0.00915324
-0.000468855
-0.00326952
-0.00281357
-0.00228332
1.23031e-05
-0.001042
1.22564e-05
1.23387e-05
0.00172058
0.00320795
0.00320261
0.00171899
-0.00344897
0.013073
0.0130026
-0.00386181
-0.00305627
0.00242759
1.0564e-05
0.000782529
0.00444519
0.00012752
0.00039701
0.00108416
-0.000515938
-0.000428346
-0.000504563
-0.000531766
0.0192459
6.04479e-05
5.67888e-05
0.019333
0.00207828
0.000698976
-0.0020575
0.000712461
-0.000376776
0.00141277
0.000576368
-0.00215741
0.00869227
5.44732e-05
0.000252733
0.00889089
0.0072263
0.00238704
-0.0024066
-0.0163044
-0.000491461
5.86512e-05
-1.92262e-05
0.000568575
-0.00708816
8.1298e-06
1.62132e-05
-0.00577329
0.00154807
-6.84074e-05
0.00193345
0.000521535
0.0050542
0.00193475
-0.00515826
0.00413032
-0.00327883
-0.000472879
-0.00229721
-0.0028134
-0.00104538
1.20617e-05
1.22234e-05
-2.82784e-05
0.000573458
1.072e-05
0.00250736
-0.00433071
0.00100862
0.00041671
7.54831e-05
0.00445905
0.000713696
-0.0020579
0.000707199
0.00207704
-0.00215817
0.000579155
0.0014239
-0.000386625
0.00572018
-0.00186344
-0.00202166
0.00655427
0.00533301
-0.00569793
-0.00573501
0.00550449
-0.00332554
0.000777383
-0.0029036
0.00011288
-9.50705e-05
-2.65203e-07
2.31004e-05
-0.000220583
2.77556e-17
-0.000155277
-0.000155321
-2.77556e-17
1.62606e-06
0
-5.55112e-17
1.62721e-06
-0.000413117
-1.79323e-05
5.60211e-05
0.000121204
-2.90299e-05
0.00355248
-0.0105338
0.00551977
-2.77556e-17
-5.55112e-17
6.25743e-09
2.77556e-17
-0.0049971
9.69098e-07
1.04354e-06
-0.00500036
0.00531793
0.00112982
0.0104497
-5.45217e-05
0.0441151
0.0021321
0.00233177
0.034999
0.00165476
0.00163124
0.00160235
0.00165157
0.00160071
0.00271621
0.00270057
0.00160213
0.000866871
0.00102271
0.00102139
0.000861525
0.00206845
0.00232913
0.00233852
0.00206217
-0.00185734
0.00572713
0.00655294
-0.00204077
-0.00592261
0.00533297
0.00550436
-0.00564096
0.000106714
-0.00288887
0.00192323
-0.0021974
-2.24151e-07
-9.45596e-05
-0.000220775
2.3318e-05
0.000121587
5.64226e-05
-0.000105834
-0.000413653
0.00355764
-3.3158e-05
0.00517131
-0.0101763
2.09283e-05
0.0104837
0.00113288
0.00532459
0.0350348
0.00233542
0.00214874
0.0439884
0.0384204
0.0933268
0.0155035
0.0179637
0.0860823
-5.67842e-05
0.000222602
0.0869886
0.000617955
-0.000518109
-0.000251517
-0.000431066
0.00734872
0.00659246
0.00977201
0.00723493
0.0477096
0.00513309
-0.00742115
0.0413926
0.000833549
-0.00114918
-0.00800643
-0.00176274
-0.00341204
-0.000156603
0.0005941
-2.92585e-05
0.0879536
0.0764435
-0.000282956
0.00264936
0.00488162
0.0116759
0.000519106
0.00240299
0.00982786
0.00397656
-0.00302756
0.0136298
-0.00328337
-0.00210943
-0.0048774
-0.00214455
0.000160214
0.000781534
0.000651455
0.000170186
0.0173341
0.00979925
0.00916427
0.0197528
0.00450986
0.00789196
0.0167547
0.00814415
-0.000568891
0.000120275
0.000200123
-0.000445152
0.0331712
0.0337656
0.00378571
0.00279834
0.0382885
0.0181401
0.0155515
0.0932698
0.00717509
0.00721175
0.00982776
0.00683361
0.000620711
-0.000423556
-0.000245164
-0.000517952
0.0860538
0.0869576
0.000227423
-5.4043e-05
0.0174808
0.0195306
0.00913569
0.00992226
0.0331072
0.00269136
0.00366263
0.0336837
-0.000568854
-0.000440284
0.000204951
0.000120313
0.00419001
0.00805998
0.0149621
0.0078247
0.00485011
0.00240502
0.000521319
0.0116504
0.000161098
0.000276992
0.000653424
0.000781496
-0.00328082
-0.00213373
-0.00458633
-0.0020573
0.00984356
0.0136356
-0.0030405
0.00390738
0.0486214
0.0413357
-0.00743016
0.00513452
0.0879374
0.00267552
-0.000269941
0.076419
-0.0034112
0.000627546
0.0011785
-0.000207014
0.000835382
-0.00175475
-0.00744241
-0.00048315
0.000475852
-0.0139216
-0.00838102
0.00167788
-0.00804641
-0.000157083
-0.000152343
-0.00803862
1.64441e-06
9.4334e-06
7.7634e-06
2.67624e-06
0.00218467
0.00194473
-0.00741532
-0.00691231
0.000442816
0.00163135
-0.00846114
-0.0139782
0.00209376
-0.00702351
-0.00749125
0.00190118
1.61692e-06
2.61261e-06
8.50583e-06
1.00051e-05
-0.00804787
-0.00804131
-0.000151756
-0.000157213
-0.00109566
-0.00129618
-0.0028813
0.00441125
-0.00398311
3.72777e-06
1.42988e-05
-0.00144709
-2.3161e-05
-9.81049e-06
-0.000139726
-0.000151845
0.00234286
0.00256505
-0.00551749
-0.00624341
-0.00103274
0.0044551
-0.002839
-0.00126084
0.00239387
-0.00614352
-0.00545866
0.00259657
-2.31566e-05
-0.000151865
-0.000139887
-1.00649e-05
-0.00398303
-0.00144705
1.41067e-05
3.74378e-06
0.0138585
-0.00725014
0.00546487
0.0119824
0.0101127
0.00426699
0.00576034
-0.0132195
0.00153108
0.0023445
0.00226004
0.000865618
0.00652827
0.00705808
0.00374921
0.00407546
0.00240419
0.0124785
0.00660921
0.0607775
0.00317165
0.00262656
0.00343885
0.00338097
-0.0330223
-0.0297775
0.00217057
0.00265964
0.0360824
0.0309034
0.00313166
0.00345587
0.00251517
0.0611974
0.00671518
0.0126291
0.0360517
0.00344905
0.00309659
0.0309482
-0.0330147
0.00263909
0.0020885
-0.0297483
0.00317201
0.00337817
0.00341849
0.0026249
0.0136272
0.0119093
0.00557869
-0.00715393
0.00652691
0.00407474
0.00375361
0.00704943
0.00153123
0.000873727
0.00227714
0.00234578
0.0101583
-0.0130718
0.00576905
0.00432926
0.0513937
0.0219273
0.0160129
0.106335
0.00227891
-0.0139678
-0.0159461
0.000149472
-0.000472288
-0.000410117
-0.00284655
-0.0030037
0.0745976
0.0180307
0.0328144
0.0411745
0.0268
0.0297463
0.00641686
0.023869
0.0179586
0.00182857
-0.00254626
0.0203394
0.0466358
0.0392174
0.0121796
0.01203
0.0110331
0.014497
0.0102322
0.0239552
0.0265906
0.0238968
0.00664712
0.0294282
0.0109836
0.0241724
0.0103705
0.0145457
0.046641
0.0120053
0.0121787
0.0392039
0.0179897
0.0203827
-0.00240657
0.0011693
0.0513977
0.107733
0.0160279
0.0219321
0.0745959
0.0411748
0.0328175
0.0180289
-0.000472328
-0.00300368
-0.00284647
-0.000410129
0.0021986
2.73327e-05
-0.0159882
-0.0140025
0.0429774
0.0427301
0.00508321
0.00479087
0.0419694
0.00582495
0.00542077
0.0423478
0.00151522
0.00117213
-0.00218794
-0.00217881
0.000757605
-0.00220421
-0.00223447
0.0011356
0.0411827
0.00731166
0.00757213
0.0411293
0.00146329
0.000283863
-0.00176027
-0.00243471
0.0020065
-0.00163507
-0.00135307
-0.000201411
0.0418135
0.0415727
0.00696322
0.00625575
0.00318484
0.00296193
0.00717012
0.00873854
0.00348628
0.00511238
0.00583476
0.00258372
0.00135589
0.00075446
0.00132327
0.00167782
0.000641863
0.00153487
0.00147729
0.000816946
0.00466901
0.00313627
0.00324245
0.00439261
0.000690064
0.000981198
0.00090523
0.000745159
0.000657809
0.0058167
0.00560976
0.000362336
0.00357193
0.00418115
0.00873282
0.00890352
0.0429708
0.00479517
0.00508269
0.0427308
0.000760228
0.00113747
-0.00223266
-0.00219654
0.00151802
-0.0021647
-0.00218431
0.00117422
0.0419711
0.0423471
0.00541844
0.00583044
0.00464324
0.00436851
0.00323463
0.00312873
0.00355584
0.00894276
0.00873943
0.00416356
0.000659346
0.000363647
0.00562301
0.00582526
0.000688822
0.00074331
0.0009017
0.000981101
0.00323987
0.00871994
0.00714409
0.00303673
0.000640118
0.000817117
0.00147828
0.00152973
0.0013557
0.00167187
0.00132111
0.000755361
0.00344026
0.00259696
0.00583476
0.00510908
0.0411946
0.0411649
0.00756626
0.00730312
0.0418206
0.00625495
0.00696088
0.0416029
0.0019985
-0.000230738
-0.00136381
-0.00164916
0.00147892
-0.00243908
-0.0017596
0.00028189
0.00146895
-0.00597079
-0.00557269
0.00171836
1.05853e-05
5.9203e-06
0.00520476
0.00511847
1.18621e-05
0.00536613
0.00528845
5.08993e-06
0.00222855
0.00203783
-0.00588595
-0.00552225
0.0014772
0.00173798
-0.0061231
-0.00672723
0.0022291
-0.00562526
-0.00623319
0.00204648
1.18818e-05
5.08841e-06
0.0052884
0.00536611
1.05456e-05
0.00511838
0.00520467
5.90711e-06
0.00140805
-0.00112238
-0.00197407
0.00213871
6.95954e-06
6.63167e-06
0.00562199
0.00570843
1.22793e-05
0.00545191
0.00553671
6.30381e-06
0.002108
0.00198265
-0.00538848
-0.00548444
0.00136807
0.00206025
-0.00211544
-0.00122771
0.00209118
-0.00555492
-0.00550858
0.00192996
1.22709e-05
6.30138e-06
0.00553689
0.005452
7.00017e-06
0.00570841
0.00562207
6.66665e-06
-0.00453499
-0.0020829
0.0527867
0.0301218
-0.00114052
0.0413977
0.0486286
-0.00166844
0.0029972
0.00303591
0.00360465
0.00350405
0.00392547
0.00363527
0.00519808
0.0043295
0.00165316
0.0411172
0.0432306
0.00245939
0.00243071
0.00234927
0.00357403
0.00353019
0.00241622
0.00305223
0.00346937
0.00247566
0.0105212
0.000210931
0.0389121
0.0374733
0.00177613
0.0025529
0.0432452
0.0411216
0.0104803
0.0374815
0.03895
0.000255154
0.00241276
0.00247379
0.00347058
0.00305145
0.00242994
0.00352123
0.00356729
0.00234818
-0.00451119
0.0301819
0.0527622
-0.0021085
0.00392746
0.00431573
0.0051965
0.00365265
0.00299898
0.00351538
0.00362309
0.00303839
-0.00114727
-0.00165939
0.0485493
0.0414207
0.0343965
0.0841526
0.00119958
-0.0105327
0.0834355
0.00194125
-0.000611922
0.0778173
3.52302e-05
-0.00261619
-0.00321679
-0.00139851
-0.00876394
-0.0142251
-4.91734e-05
0.00396517
0.0354523
0.0232852
0.00530641
0.0413113
0.0190792
0.000736922
-0.00464364
0.00996418
0.000107642
-0.00308287
0.00681574
-0.00441783
0.0729062
0.0473545
0.00336506
-0.00154456
0.038991
0.0117867
0.00955282
0.0206161
0.00992035
0.00246107
0.00346371
0.00795972
0.0100015
-0.00455525
0.00162791
-0.00506764
0.0143283
0.0186893
0.00281475
0.000656258
0.00267041
0.0112553
0.00721075
0.00699667
-0.00186651
0.00523287
-0.00267357
0.00362562
0.003869
-0.00126871
-0.00276929
0.00471897
0.00921648
0.00822332
0.0009073
0.00122525
0.0344088
-0.0105694
0.00117197
0.0841698
-0.00875466
0.00437997
-7.4045e-05
-0.0142525
-4.75131e-05
-0.00141862
-0.00321986
-0.00262789
0.0834409
0.0778197
-0.000613879
0.00192392
0.00273259
0.00705173
0.00699974
0.0111061
0.00921969
0.00122548
0.000886817
0.00824872
0.00381896
0.00472845
-0.00278241
-0.00129648
-0.00186975
0.00343471
-0.00291018
0.00523827
0.0382608
0.0206338
0.00951229
0.0117246
0.0147796
0.000672619
0.00282599
0.0187195
0.0107014
-0.00503235
0.00154799
-0.00449709
0.00990498
0.00792829
0.00346666
0.00243343
0.0356142
0.0412824
0.00531054
0.0232595
0.0729029
-0.00156757
0.00166441
0.0472872
0.000174748
-0.00433734
0.00676762
-0.00308907
0.019093
0.0100332
-0.00457078
0.000706101
-0.00404856
0.00368537
-0.0038673
0.00381211
-0.00469945
-0.00499378
-0.00497218
-0.00183277
-1.40329e-05
-9.56861e-06
1.53157e-05
8.27108e-06
0.0053513
0.0048518
-0.0018711
-0.000771734
-0.00357786
0.00388447
-0.00382156
0.00372648
0.00538837
-0.000794604
-0.00186744
0.00490012
-1.40477e-05
8.32971e-06
1.52405e-05
-9.91458e-06
-0.00470117
-0.00183596
-0.00497555
-0.00499542
0.00712299
0.000291052
-0.0023819
0.00380731
0.00140991
-0.00108315
-0.00120444
0.00141515
3.54206e-05
3.92773e-05
0.00245195
0.00245388
0.00613603
0.00803394
0.00231853
-0.000240437
0.00717102
0.00599855
0.000329254
0.000261908
0.00616369
-0.000194379
0.00233483
0.00807635
3.55002e-05
0.00245394
0.002452
3.95138e-05
0.00140995
0.00141542
0.00131781
0.00144443
-0.000869233
0.0396539
0.0229629
0.0417743
0.0585109
-0.000444339
0.00237171
0.0717956
0.00260502
0.00314742
0.00362289
0.00227647
0.00287748
0.00346549
0.00418673
0.00341175
0.00932071
-5.29029e-05
-0.00376013
0.0182624
0.00179406
-0.000524851
8.46826e-05
0.00151375
0.00185139
0.00250036
-0.00106178
0.00099524
0.0406311
0.0208743
-0.00860489
-0.00106685
0.00930945
0.0183181
-0.0036978
-4.96645e-05
0.0406313
-0.00105031
-0.00858658
0.020843
0.00182041
0.000957471
-0.00109492
0.00247623
0.00179739
0.00151922
7.3489e-05
-0.00053167
-0.000750768
0.041775
0.0229474
0.0397141
0.00287421
0.00340563
0.00420776
0.00346913
0.0026004
0.00232344
0.003649
0.00314113
0.0584987
0.0714292
0.0023607
-0.000440173
0.0490576
0.0781251
0.0142681
0.0237734
0.0930955
0.00986957
0.0111858
0.0900258
0.00271664
0.00399947
-0.0051182
-0.00638592
0.0148937
0.00112892
-0.00199545
0.00677882
0.0491125
0.0237856
0.0142794
0.0781481
0.014872
0.00678563
-0.0019683
0.00130823
0.00271667
-0.00638717
-0.00507333
0.00400912
0.0930447
0.0899187
0.0112058
0.00986976
0.0239885
0.0359293
0.0142252
0.0121482
0.046
0.0204242
0.0201544
0.0437684
-0.00361424
-0.00678586
-0.00173685
0.00140485
0.00412227
0.00962149
0.0114553
-0.00734014
0.0237015
0.0120679
0.0141835
0.0359216
0.00388645
-0.00739107
0.0114397
0.00957369
-0.00383794
0.00140369
-0.001761
-0.00678039
0.0460503
0.043797
0.0201777
0.020527
