-0.717449
0.115
-1.925
-0.605
0.125
2.0898
-0.727061
0.505
-1.915
-0.703353
0.825
1.825
0.717454
0.115
-1.925
0.605
0.125
2.08828
0.727064
0.505
-1.915
0.703388
0.825
1.825
0.0415708
0.0208878
0.185788
0.150887
0.0415462
0.0209992
0.185726
0.150863
-0.0800009
-0.0241982
0.00795407
-0.0119074
-0.0421194
-0.0781465
-0.113513
-0.0574637
0.0135683
0.0622811
0.0291322
-0.0201131
-0.0575672
-0.0898486
-0.0104716
0.0612833
0.186627
0.145539
0.0240352
-0.0134063
-0.0332649
0.175806
0.248624
0.333701
0.318969
0.228022
0.164824
0.126464
-0.0908305
-0.0341578
-0.00389591
-0.0170392
-0.0324452
-0.0745428
-0.114976
-0.0738126
-0.0556033
-0.0932332
-0.0416583
-0.0254477
-0.0424165
0.159421
0.235957
0.334059
0.320338
0.220783
0.154908
0.117599
-0.0908387
-0.0341654
-0.00390204
-0.0169695
-0.0324184
-0.0745241
-0.114957
-0.0738194
-0.055591
-0.0932174
-0.0416669
-0.02544
-0.0424047
0.159403
0.235935
0.334034
0.320325
0.220782
0.154913
0.117606
-0.0800214
-0.0242213
0.0079454
-0.0118217
-0.0420555
-0.0781033
-0.113476
-0.0574847
0.0135412
0.0622494
0.0292222
-0.0200566
-0.0575312
-0.0898152
-0.0104971
0.0612474
0.186558
0.145539
0.0240647
-0.013382
-0.0332393
0.175771
0.248583
0.333658
0.318947
0.228022
0.164834
0.126478
-0.0032104
0.0233649
0.0502058
0.0420212
0.000307204
0.0129932
0.133973
0.188125
0.103088
0.115873
-0.00331793
0.0501524
0.0425735
0.0131224
0.188113
0.115996
0.0285945
0.211987
0.0550556
0.218966
0.0526357
0.168577
0.397305
0.580314
0.0286322
0.211965
0.21898
0.168549
0.194719
0.194696
0.046984
0.284535
-0.017641
0.22392
0.223903
0.0472796
0.611849
0.237681
0.238104
0.044416
0.207902
0.121722
0.0025384
0.0227963
0.0577354
0.019674
0.00015834
-0.011507
0.00724654
0.0535095
0.133223
-0.00325574
0.0861716
0.0801223
0.0231687
0.0024948
0.0577344
0.000456067
-0.0959557
-0.0114499
0.0538134
0.00731612
0.133316
0.0861798
-0.00290139
0.0801278
0.0429481
0.0326211
0.215992
0.0361818
0.0101477
0.0241863
0.223561
0.0388167
0.193565
0.216693
0.174018
0.36268
0.144145
0.221976
0.151364
0.576621
0.0429094
0.0360494
0.0326337
0.216755
0.00979507
0.0388195
0.0243395
0.225118
0.193505
0.362667
0.216675
0.174682
0.143251
0.57661
0.221959
0.15137
0.174118
-0.116877
0.0463872
0.149978
0.200449
0.0378416
0.211596
0.113428
0.035453
-0.0419807
0.227721
0.0049388
0.255293
0.205496
0.206958
0.280861
0.177093
-0.0533298
0.218046
0.202312
0.174119
-0.116827
0.200432
0.0378228
0.211488
0.113874
0.227786
0.00550788
0.206945
0.280842
0.218034
0.202328
0.22246
0.0273347
0.208294
0.21843
0.0509423
0.0479151
0.223445
0.23557
0.0466438
0.0450567
0.21654
0.603241
0.317111
0.511494
0.615279
0.243529
0.223683
0.0273091
0.208272
0.218405
0.223599
0.235582
0.216523
0.603238
0.18416
0.211266
0.214249
0.179006
0.184133
0.179419
0.214229
0.211254
0.0360349
0.0359887
0.0369249
0.0369489
0.237378
0.306322
0.3063
0.237402
0.131194
0.164564
0.164535
0.131186
0.220436
0.224114
0.21677
0.215037
0.221336
0.215017
0.216717
0.225431
0.0310234
0.0310072
0.0271241
0.0271283
0.496902
0.605031
0.604997
0.496899
0.229124
0.191218
0.191195
0.223223
0.229156
0.224177
0.191297
0.191795
0.010829
0.011394
0.0209619
0.0209823
0.231978
0.160325
0.160332
0.231958
-0.0405084
-0.0396017
0.0881161
0.0878328
0.00250196
0.0215455
0.0511655
-0.0158681
8.39086e-05
-0.00497144
0.00725697
0.0455673
0.0922358
0.0171319
0.0688828
0.055571
0.0224652
0.00247871
0.0511488
0.000530499
-0.0167409
-0.00491632
0.0457003
0.00738424
0.0934614
0.0689172
0.0172239
0.0555421
0.0396058
0.0348787
0.216438
0.0348263
0.0101818
0.0263579
0.251873
0.0238142
0.190809
0.212488
0.182975
0.303915
0.151034
0.20668
0.145424
0.38704
0.039578
0.0348204
0.0348635
0.217003
0.00987622
0.0239852
0.0265318
0.25256
0.190817
0.303759
0.212108
0.18291
0.151022
0.387115
0.206331
0.145489
-0.00387368
0.0029152
0.110577
0.0125368
0.0232455
0.0234359
0.0461709
0.150459
0.0539662
0.0465779
0.201063
0.0462524
0.00650384
0.0461217
0.151574
0.0990164
0.000232772
0.000381636
0.0246388
0.0432242
0.0168084
0.012113
0.0791725
-0.0260593
0.126507
0.126466
0.216938
0.194168
0.169065
0.193524
0.212218
0.264614
0.0967314
0.0967544
0.154678
0.0645182
0.0986234
0.131918
0.20157
0.197361
-0.00415894
0.00295574
0.110562
0.0125807
0.053904
0.0465384
0.203551
0.0473265
0.00739124
0.0456798
0.151754
0.0996668
0.0168523
0.012182
0.0791008
-0.0261531
0.169053
0.193562
0.212204
0.264598
0.098672
0.137769
0.201567
0.197384
0.0306625
0.0258326
0.23234
0.0247423
0.195167
0.215006
0.203198
0.215647
0.0485401
0.0484998
0.052919
0.0482435
0.219973
0.220704
0.219872
0.222491
0.0393478
0.0393753
0.0535585
0.045344
0.174455
0.159303
0.211654
0.417477
0.38636
0.386408
0.322474
0.454183
0.587394
0.587397
0.599679
0.549918
0.0306752
0.0259121
0.232964
0.024804
0.195122
0.214991
0.203184
0.21563
0.220003
0.2206
0.219879
0.222566
0.174393
0.159329
0.211605
0.41839
0.195857
0.196834
0.201496
0.201417
0.195837
0.196818
0.201483
0.201402
0.046714
0.0387754
0.0385576
0.0489631
0.271659
0.288288
0.288263
0.301736
-0.017697
-0.0150303
0.0124061
-0.0177152
0.209315
0.221244
0.225372
0.21438
0.209306
0.221232
0.225374
0.21437
0.0408134
0.0472836
0.0466792
0.0408198
0.616983
0.567476
0.622775
0.616982
0.236612
0.237183
0.236348
0.242884
0.236618
0.2372
0.236358
0.242877
0.0441515
0.0421402
0.0420852
0.0447401
0.194049
0.206326
0.206333
0.226359
0.120649
0.0712946
0.117861
0.120875
0.111694
0.100306
0.037037
0.132595
0.184954
0.0489037
0.0947767
-0.0531686
0.0145479
-0.175237
-0.012847
0.0134503
0.11556
0.116238
0.196642
0.144458
0.166249
0.220878
0.139694
0.0566116
0.139578
0.107745
0.169238
0.153556
0.0370825
0.132646
0.111669
0.100299
0.191268
0.0486764
0.0167739
-0.165825
0.108281
-0.0624591
-0.0127328
0.0134411
0.196707
0.143658
0.115563
0.116219
0.16632
0.220876
0.139582
0.10793
0.139861
0.0568646
0.169222
0.153441
0.21302
0.0390307
0.223473
0.0261442
0.202558
0.218613
0.0363605
0.031983
0.0830101
-0.0173356
0.241391
0.0233981
0.22397
0.227238
0.0388904
0.0118795
0.215888
0.280838
0.215818
0.215196
0.211955
0.416175
0.303131
0.4303
0.207085
0.329159
0.219454
0.222849
0.208926
0.404632
0.591912
0.548613
0.213048
0.0389536
0.0363521
0.0319084
0.22405
0.0261536
0.203296
0.21948
0.0822157
-0.0158742
0.0388916
0.0120913
0.242029
0.0234301
0.225528
0.227308
0.215897
0.280856
0.30258
0.43026
0.215783
0.215174
0.212003
0.416524
0.206878
0.329775
0.591904
0.548728
0.219424
0.223624
0.208908
0.404456
0.170391
0.179466
-0.0636502
-0.110066
0.0379948
0.0377496
0.144678
0.144661
0.201311
0.205852
0.0368947
0.037279
0.212169
0.200216
0.0670544
0.130623
0.0355453
0.0355293
-0.0387111
-0.0384089
0.23328
0.230187
0.0123324
0.000208969
0.251618
0.251562
0.192122
0.192273
0.210472
0.204112
0.263522
0.293528
0.169142
0.169144
0.0391246
0.0389509
0.214473
0.22543
0.217464
0.182596
0.170314
0.179264
-0.110012
-0.0653009
0.201293
0.205841
0.0368895
0.0372734
0.200372
0.212553
0.0675438
0.130985
0.23336
0.230243
0.0134984
0.00182898
0.204095
0.210456
0.293486
0.263456
0.225439
0.214419
0.182607
0.217477
0.222085
0.223463
0.0321717
0.0295168
0.209122
0.211894
0.202464
0.2122
0.0402268
0.0404608
0.0385025
0.0385053
0.216066
0.215735
0.236648
0.229826
0.039995
0.0399992
0.0258818
0.0278674
0.217111
0.215574
0.560587
0.612189
0.315357
0.315305
0.511288
0.511252
0.62025
0.620248
0.23946
0.239483
0.222982
0.224727
0.0321287
0.0295159
0.211876
0.209104
0.202456
0.212183
0.215852
0.216089
0.236669
0.229831
0.215559
0.217095
0.612184
0.560457
0.115701
0.199781
0.197868
0.106199
0.218048
0.185838
0.202931
0.208475
0.216513
0.213873
0.20657
0.213135
0.113008
0.115574
0.199476
0.209244
0.115516
0.106126
0.197849
0.206058
0.113481
0.209165
0.199455
0.115658
0.216512
0.213123
0.206555
0.21387
0.218431
0.208501
0.202914
0.185808
0.0347387
0.0385214
0.038515
0.0474408
0.0346563
0.0478643
0.038142
0.0385132
0.0266442
0.043238
0.039239
0.0426522
0.0266321
0.0426752
0.0396174
0.0433564
0.174618
0.247457
0.271997
0.211587
0.296364
0.344591
0.301976
0.272934
0.298173
0.272924
0.301946
0.322644
0.174599
0.211611
0.272001
0.247463
0.100476
0.0471699
-0.0148153
0.145611
0.11858
0.18966
0.0277462
0.0206796
0.118598
0.0206687
0.0277345
0.189674
0.100499
0.145626
-0.0148356
0.0475502
0.219889
0.227943
0.205877
0.199141
0.246328
0.21824
0.212688
0.236674
0.207787
0.210292
0.21516
0.21827
0.212212
0.212469
0.212993
0.212468
0.220464
0.199112
0.205863
0.228539
0.212224
0.21248
0.212981
0.212456
0.207699
0.218252
0.215152
0.21025
0.246972
0.237306
0.212681
0.21825
0.028932
0.0390377
0.0412659
0.0247763
0.0289284
0.0248157
0.0412699
0.0390299
0.0244114
0.040012
0.0404101
0.0237381
0.0243008
0.0236678
0.0404061
0.040021
0.387335
0.412563
0.571995
0.449039
0.396216
0.605812
0.626702
0.412075
0.396197
0.412028
0.6267
0.60581
0.387058
0.44907
0.571899
0.412616
0.076408
0.0887937
0.243798
0.225194
-0.00962577
0.141884
0.239674
0.0826035
0.125975
0.18916
0.228043
0.145206
0.2095
0.223994
0.236918
0.205659
0.0791234
0.224456
0.243818
0.0884858
0.209511
0.2056
0.236912
0.223871
0.1261
0.14544
0.22807
0.189119
-0.0178049
0.082194
0.239712
0.14406
0.0216078
0.0313351
0.0424857
-0.015955
0.021763
-0.014888
0.042372
0.0320594
0.0169657
0.0247046
0.0425543
-0.0102094
0.0134757
-0.0104612
0.0415771
0.0246584
0.37098
0.212314
0.224037
0.553275
0.12659
0.147843
0.189086
0.176621
0.126573
0.176662
0.189093
0.147845
0.370965
0.553324
0.224048
0.212254
-0.237174
0.0151541
0.0712754
0.0535835
0.0374421
0.0483933
0.0715268
0.0136142
0.083558
0.0676456
0.128439
0.118007
0.0829768
0.117457
0.128272
0.0676214
0.00199285
0.0273416
0.0291908
-0.00714597
-0.14992
-0.00170364
0.00633975
0.0179181
0.0182139
0.0172887
0.0525696
0.034114
0.0278917
0.00193234
0.0291767
-0.149913
-0.00760987
-0.00164951
0.0179072
0.00639979
0.0179693
0.0523753
0.0171717
0.0339939
0.0378752
0.03611
0.174133
0.0547706
0.00399324
0.0256647
0.215014
0.00754578
0.188425
0.200705
0.184352
0.279925
0.154334
0.182047
0.141854
0.260363
0.0378449
0.054547
0.0361042
0.174512
0.00463762
0.0032927
0.0258991
0.214991
0.188389
0.279734
0.201398
0.184372
0.154341
0.260814
0.182162
0.141881
-0.00651366
-3.23242e-06
0.0667307
-0.0215152
0.0233386
0.0234304
0.0291231
0.149634
0.0520815
0.0483895
0.201592
0.0543657
0.0331565
0.0496823
0.114063
0.0816439
-0.149917
-0.149916
0.0173459
0.0304406
0.0134384
0.0125356
0.0870863
-0.0614879
0.129932
0.129931
0.186194
0.167013
0.180545
0.192597
0.213827
0.260887
0.10003
0.100027
0.14027
0.131569
0.107577
0.123931
0.176065
0.202095
-0.00656295
7.56097e-06
0.0666985
-0.0194099
0.0520402
0.0483534
0.203371
0.0540029
0.0338329
0.0498808
0.114278
0.0823391
0.0135576
0.0126713
0.0871102
-0.0617183
0.180511
0.192668
0.213815
0.260878
0.107612
0.124523
0.176044
0.199781
0.0296176
0.0268105
0.186265
0.0502593
0.204435
0.21574
0.206617
0.213814
0.0425973
0.0426065
0.0539074
0.0484083
0.225395
0.219724
0.218441
0.219736
0.0216898
0.0216792
0.0534019
0.0523612
0.171083
0.164053
0.197813
0.28113
0.391992
0.392043
0.360941
0.425827
0.585278
0.585274
0.590384
0.566436
0.0296646
0.0268301
0.182208
0.050268
0.20442
0.215764
0.206552
0.213796
0.22541
0.219725
0.218442
0.219754
0.17095
0.164039
0.197777
0.281152
0.191065
0.196384
0.19748
0.198051
0.191045
0.196352
0.197467
0.198032
0.0468493
0.0349815
0.0350292
0.0479736
0.279045
0.286432
0.28642
0.29318
-0.0176973
0.00156308
0.0103507
-0.0177014
0.217222
0.222582
0.225217
0.213385
0.217208
0.222563
0.225204
0.213377
0.0319085
0.0471332
0.0468306
0.0319077
0.616026
0.594314
0.619977
0.61603
0.235849
0.237099
0.239339
0.242786
0.235861
0.2371
0.239333
0.242779
0.0442816
-0.0462875
-0.0462906
0.0445689
0.201529
0.207179
0.207183
0.217155
0.121384
0.101002
0.146318
0.121498
0.0025447
0.00253767
0.0686547
0.0698093
0.022403
0.023102
0.0281603
0.132961
0.0579218
0.0558414
0.177938
0.0567773
0.000476297
-0.0313751
-0.0093118
-0.0551989
-0.149919
-0.149918
0.0173337
-0.0646287
-0.00821668
0.00251807
-0.0102834
-0.0765485
0.00728653
0.00574742
0.0773675
0.07625
0.103904
0.1225
0.164236
0.0654797
0.103365
0.152468
0.152
0.214063
0.00840028
-0.0157485
0.0944971
0.0367087
0.0781573
0.0924723
0.125582
0.110601
0.0695762
0.0893273
0.140387
0.147039
0.0228652
0.0233893
0.0282412
0.13304
0.00251181
0.00248389
0.0686911
0.0698593
0.0579221
0.0558251
0.179335
0.056769
-0.149914
-0.149915
0.0174435
-0.0628037
-0.0546486
-0.0303905
0.0524284
-0.0780146
-0.00816006
0.00916678
-0.0102087
-0.0764888
0.103822
0.122273
0.164331
0.0654579
0.00737816
0.00579855
0.0773896
0.0762479
0.103179
0.152466
0.152194
0.214102
0.0781869
0.0925294
0.125585
0.110706
0.00857915
-0.0152752
0.0946891
0.0371303
0.0695098
0.0893231
0.140374
0.147018
0.025154
0.0447665
0.207346
0.0533641
0.0338284
0.0314648
0.135453
0.0497928
0.219697
0.187662
0.209435
0.217386
0.0460948
0.0426859
0.036058
0.032434
0.010169
0.0132146
0.0899937
0.000814346
0.0231873
0.024784
0.193744
0.0501105
0.2488
0.213331
0.22383
0.214648
0.0194378
0.0212937
0.0352062
0.0149327
0.192438
0.194013
0.210337
0.272425
0.216921
0.215978
0.216147
0.215481
0.181376
0.172534
0.202629
0.268681
0.341903
0.377089
0.32597
0.396795
0.147558
0.138635
0.188342
0.300505
0.217492
0.220756
0.220612
0.222262
0.146717
0.155443
0.187873
0.272016
0.490954
0.587527
0.584566
0.566452
0.0245073
0.044709
0.20737
0.0538637
0.0471512
0.0427413
0.0359963
0.032315
0.0338245
0.0314955
0.136636
0.0493677
0.220451
0.187726
0.210225
0.218153
0.00986427
0.0130919
0.0900904
0.00125289
0.0193974
0.0211769
0.0352057
0.0155048
0.0236849
0.0249684
0.190157
0.0501384
0.249579
0.213249
0.225403
0.215195
0.192394
0.19402
0.210298
0.272439
0.341808
0.377025
0.326647
0.396741
0.216889
0.215959
0.216131
0.215426
0.181324
0.171446
0.202699
0.268732
0.147393
0.138212
0.187019
0.300661
0.491009
0.587525
0.584557
0.566189
0.217499
0.220997
0.220622
0.222423
0.146557
0.155482
0.187812
0.272042
0.146727
0.192008
0.179315
0.178698
0.102624
-0.0180149
0.0157782
-0.113456
0.0463078
0.0465793
0.0358901
0.0359445
0.150219
0.149738
0.147803
0.147802
0.202196
0.198577
0.196521
0.203148
0.0523704
0.042013
0.0373805
0.0376596
0.181485
0.237234
0.216088
0.205457
0.107989
0.11821
0.0946373
0.133752
0.0322756
0.0401877
-0.072833
-0.0728417
0.0560009
0.00860312
-0.0380632
-0.0380178
0.206996
0.237842
0.233168
0.228668
-0.0604158
-0.0577153
0.0118843
0.00515879
0.238983
0.265249
0.253437
0.253436
0.208059
0.199619
0.200382
0.20038
0.208816
0.204223
0.208689
0.201455
0.263169
0.286533
0.273038
0.286984
0.167473
0.186512
0.173179
0.17318
-0.00594162
0.0889428
0.0217232
0.0216524
0.211608
0.232937
0.219977
0.225227
0.19985
0.204997
0.209872
0.193451
0.146662
0.191978
0.179286
0.176525
0.101597
0.00238565
-0.11347
0.0151991
0.20222
0.198563
0.196503
0.203133
0.0517455
0.0420765
0.0373685
0.0376503
0.181714
0.237293
0.205737
0.216426
0.108527
0.118548
0.09509
0.134129
0.206971
0.237862
0.233245
0.228734
-0.0603794
-0.0479536
0.0128429
0.00524928
0.208802
0.20421
0.201441
0.208675
0.263186
0.286507
0.286945
0.27305
0.21161
0.23223
0.225219
0.220042
0.199875
0.205008
0.193483
0.209886
0.233553
0.19771
0.222923
0.222997
0.0235139
0.030294
0.0319418
0.0315025
0.211637
0.204466
0.209314
0.210145
0.217146
0.219782
0.211198
0.212562
0.00558089
0.0499527
0.035507
0.0354888
0.0477404
0.0474346
0.0344099
0.0344069
0.221848
0.224896
0.222806
0.215637
0.228278
0.242765
0.237106
0.232728
0.0464856
0.0465284
0.0211075
0.0211213
0.0451876
0.0448968
-0.0370255
-0.0370116
0.216572
0.215493
0.217001
0.216059
0.530683
0.613922
0.586024
0.610176
0.299211
0.309655
0.316398
0.316374
0.482845
0.54014
0.51193
0.511645
0.608099
0.622116
0.61965
0.619649
0.363981
0.235691
0.241865
0.241916
0.234313
0.197735
0.223812
0.224242
0.0234307
0.0302527
0.0319109
0.0314931
0.21162
0.20445
0.210122
0.209294
0.217129
0.219742
0.211186
0.212553
0.22187
0.224956
0.215678
0.222894
0.235478
0.242756
0.237111
0.232748
0.216559
0.21548
0.216044
0.216984
0.530623
0.61392
0.610178
0.585977
0.147476
0.188249
0.182498
0.197323
0.212171
0.216457
0.208387
0.210074
0.215906
0.215583
0.211774
0.213071
0.149445
0.177831
0.180858
0.198251
0.147447
0.188261
0.182473
0.197308
0.149432
0.177749
0.180682
0.198008
0.215885
0.215569
0.211757
0.213052
0.212199
0.216475
0.208378
0.210058
0.0366405
0.0493902
0.0394334
0.0364541
0.0366338
0.0487482
0.0396378
0.0364292
0.053414
0.00972685
0.0370996
0.0431084
0.0534211
0.00971395
0.0371144
0.0428813
0.219053
0.223064
0.245405
0.25232
0.300842
0.313977
0.299958
0.312544
0.300888
0.314011
0.299917
0.312501
0.219041
0.223118
0.245412
0.252324
0.11877
0.131894
0.131307
0.140525
0.144984
0.166689
0.107861
0.179893
0.166708
0.145001
0.179976
0.107976
0.131916
0.118679
0.140506
0.131299
0.226489
0.219562
0.221257
0.191883
0.241166
0.224227
0.223891
0.205827
0.21774
0.215205
0.216217
0.217139
0.215071
0.215922
0.213439
0.215148
0.227257
0.220448
0.222155
0.191992
0.215048
0.215934
0.213466
0.215145
0.217722
0.215116
0.216203
0.217123
0.24194
0.22557
0.225134
0.20579
0.0328004
0.0315313
0.0308828
0.0333969
0.0315009
0.0328505
0.0333991
0.0308205
0.0271259
0.01107
0.0282112
0.0271216
0.0112024
0.0271288
0.0271268
0.0282935
0.475203
0.463513
0.530392
0.506199
0.515692
0.598692
0.611029
0.61754
0.598686
0.516098
0.617539
0.610974
0.463504
0.475337
0.506166
0.53038
0.208787
0.230846
0.236743
0.235859
0.146213
0.170221
0.204229
0.227437
0.163606
0.182644
0.198332
0.20448
0.21799
0.22348
0.223713
0.225221
0.208824
0.230944
0.236757
0.235866
0.217842
0.223703
0.223804
0.225685
0.163403
0.182686
0.198543
0.204528
0.149707
0.170955
0.204699
0.227418
-0.0437439
0.0112492
0.00226453
-0.03953
-0.0443043
0.011374
0.00343167
-0.0377281
0.0229063
-0.0739656
-0.0727399
0.0130227
0.0230078
-0.0740085
-0.072766
0.0122672
0.228795
0.362769
0.225466
0.236264
0.151211
0.157209
0.165122
0.171869
0.151206
0.15719
0.165124
0.171878
0.228737
0.362774
0.225487
0.236246
-0.0462959
0.022871
0.0118729
-0.0399795
0.023336
-0.0540576
-0.0396004
0.0124549
0.0997394
0.0779478
0.0378835
0.0717279
0.0776734
0.0995763
0.071462
0.0376967
0.0709572
0.0699633
0.0287191
0.101831
0.114283
0.0440777
-0.0115253
0.0394419
0.0166682
-0.1604
-0.00506545
-0.0992855
0.0773684
0.0805026
0.137927
0.112143
0.0911657
0.153269
0.094686
0.0636622
0.113041
0.0906305
0.103855
0.120507
0.0289081
0.101956
0.0707157
0.0699169
0.114272
0.0449054
0.0168145
0.0278741
-0.0160972
0.0362616
-0.00992288
-0.0991693
0.138402
0.112361
0.0772927
0.0805012
0.0912734
0.153215
0.113053
0.0908229
0.0946222
0.0638388
0.103598
0.120483
0.128612
0.0546171
0.141551
0.0495749
0.217596
0.21805
0.027069
0.0297203
0.0771213
0.0560641
0.191519
0.0560215
0.249083
0.262751
0.0178099
0.0259215
0.208195
0.27223
0.214836
0.212176
0.203188
0.267443
0.283508
0.341668
0.185744
0.258786
0.192377
0.206955
0.182501
0.26472
0.390777
0.388029
0.128356
0.0544483
0.0270543
0.0297191
0.143149
0.0492349
0.21803
0.218624
0.0886826
0.0566269
0.0179782
0.0261843
0.20505
0.0563399
0.249753
0.263328
0.208163
0.272222
0.284579
0.341687
0.214854
0.212167
0.20318
0.267949
0.18519
0.258773
0.390789
0.388014
0.192704
0.206931
0.182229
0.264726
0.0620199
0.0507502
0.073992
-0.0154096
0.107227
0.113358
0.0125749
0.0159598
0.0283478
0.14552
0.0283879
0.145547
0.0371415
0.0371634
0.148508
0.148522
0.200433
0.0554687
0.204138
0.0537493
0.19688
0.205626
0.0468519
0.0441794
0.0968217
0.037769
0.110362
0.0963104
0.151088
0.150467
0.0817861
0.114149
0.0173398
0.0306238
0.0173947
0.0310248
-0.0974705
-0.0974943
0.0415985
0.0417816
0.10909
-0.0670189
0.0919895
-0.0473954
0.0823752
0.0819084
-0.0185801
-0.0147744
0.180204
0.165785
0.180092
0.165766
0.214208
0.214219
0.193184
0.193169
0.197409
0.243187
0.209673
0.269165
0.21352
0.207396
0.256744
0.269081
0.133917
0.125755
0.133916
0.125787
0.151416
0.151421
0.0649154
0.0648609
0.161503
0.168611
0.183238
0.273541
0.196296
0.204529
0.204838
0.187869
0.0619912
0.0445455
0.0741393
-0.0153248
0.107207
0.11334
0.0159196
0.0125814
0.202998
0.0552735
0.204919
0.0536212
0.200527
0.206149
0.0476003
0.0444564
0.100012
0.0363102
0.110571
0.0964293
0.150568
0.15159
0.0793019
0.11471
0.108381
-0.0674098
0.0920295
-0.0481263
0.0828815
0.0820528
-0.0185531
-0.0146984
0.19739
0.243252
0.209625
0.269137
0.207387
0.213559
0.269073
0.256766
0.161474
0.168565
0.181594
0.271535
0.204487
0.196293
0.18788
0.204815
0.132219
0.0502976
0.190057
0.0501263
0.230144
0.234507
0.025328
0.0241557
0.190041
0.197211
0.214155
0.213545
0.196847
0.211412
0.208277
0.213962
0.0437615
0.0392754
0.0436822
0.0392433
0.0357722
0.0357426
0.0356711
0.0356707
0.218987
0.219064
0.219254
0.222421
0.2241
0.217423
0.223661
0.22363
0.0396829
0.0356344
0.0396921
0.0360146
0.0232947
0.0233084
-0.0329735
-0.0329656
0.201371
0.279559
0.193509
0.278037
0.211108
0.212104
0.41849
0.414616
0.349129
0.417757
0.349119
0.417746
0.321962
0.317625
0.451815
0.451816
0.596885
0.571434
0.596895
0.57144
0.604575
0.604574
0.551764
0.551762
0.132194
0.0498488
0.186238
0.0501431
0.230763
0.235135
0.025406
0.0241772
0.190013
0.19719
0.214096
0.213532
0.211399
0.196835
0.208259
0.213953
0.219006
0.219059
0.21926
0.222334
0.217419
0.224117
0.223672
0.223849
0.201375
0.279888
0.193482
0.278047
0.21209
0.211077
0.415322
0.418842
0.196598
0.197697
0.193054
0.199863
0.204006
0.196828
0.202777
0.203384
0.196573
0.197677
0.193035
0.199844
0.196795
0.20399
0.20337
0.202754
0.0354125
0.0354839
0.0386561
0.0391964
0.0383612
0.0388639
0.0354833
0.0354818
0.271804
0.271689
0.28108
0.295466
0.295425
0.281099
0.302175
0.302161
0.00164773
0.00785319
-0.0149532
-0.0149563
0.0197533
0.0197718
0.00783732
0.00162846
0.207576
0.21098
0.214164
0.21234
0.220254
0.214541
0.214846
0.213682
0.207564
0.210972
0.214152
0.212312
0.214534
0.220247
0.213671
0.214837
0.0416224
0.0363957
0.0331553
0.0331556
0.0306997
0.0306979
0.0416271
0.0364085
0.601405
0.624054
0.570672
0.570668
0.626099
0.626098
0.624052
0.601414
0.239268
0.232398
0.24387
0.238412
0.228388
0.236895
0.244826
0.239757
0.232426
0.239306
0.24389
0.238439
0.236889
0.228407
0.244828
0.23975
-0.084946
-0.0850987
0.0445613
0.0416327
0.0444276
0.0417404
-0.0423151
-0.0423074
0.191684
0.191687
0.215211
0.198334
0.198341
0.215217
0.225298
0.225302
0.100118
0.143194
0.0718041
0.0719366
0.123732
0.123637
0.100313
0.143391
0.113701
0.110869
0.100389
0.100477
0.0467217
0.0399294
0.119533
0.141691
0.151831
0.195505
0.0403215
0.0480415
0.02396
0.122859
0.0237837
0.0141105
-0.0981157
-0.0974753
0.0427197
0.0421838
-0.0110619
0.0807006
0.0163421
-0.0040458
0.115998
0.116737
0.117786
0.0770245
0.182117
0.204967
0.147541
0.179827
0.137207
0.189704
0.199008
0.235972
0.136074
0.139736
0.0727821
0.0415464
0.13334
0.144237
0.100099
0.0644123
0.152995
0.180367
0.141147
0.165612
0.046761
0.0400002
0.119499
0.141717
0.113516
0.110845
0.100397
0.100449
0.151748
0.203152
0.0401386
0.0481387
-0.098015
-0.097404
0.039368
0.0427329
0.0624749
0.128927
0.0469156
0.00201016
-0.0152477
0.0801797
0.0168007
-0.00157225
0.182183
0.204966
0.147574
0.180012
0.115992
0.116657
0.117796
0.0766491
0.13729
0.190435
0.198977
0.235944
0.133348
0.144242
0.100305
0.0644699
0.135899
0.139815
0.0736445
0.0419696
0.152849
0.180337
0.140578
0.16562
0.224276
0.21072
0.0135107
0.0404942
0.221665
0.225713
0.0277252
0.0262225
0.219363
0.176594
0.223101
0.189639
0.0510295
0.038925
0.0365245
0.0365945
0.069821
0.0907883
-0.0102382
-0.0146539
0.243816
0.238957
0.0156985
0.0232075
0.244984
0.20939
0.220962
0.230441
0.0213411
0.0230435
0.0233253
-0.0585283
0.21645
0.211176
0.287749
0.276889
0.218935
0.214484
0.216276
0.213899
0.212065
0.21232
0.414663
0.406298
0.286327
0.32428
0.409724
0.441862
0.208304
0.206629
0.403905
0.218822
0.216139
0.218925
0.2204
0.224253
0.207796
0.209515
0.400531
0.408394
0.503546
0.603457
0.504947
0.553217
0.224301
0.210736
0.011643
0.0404858
0.051807
0.0389508
0.0369537
0.0366494
0.222242
0.226298
0.0277297
0.0262296
0.220022
0.17663
0.223862
0.189748
0.0691514
0.0904252
-0.0101553
-0.0127711
0.0212397
0.0228329
0.0234761
-0.0335953
0.244464
0.239591
0.0158061
0.0232639
0.245761
0.209348
0.222402
0.230521
0.216425
0.211114
0.287334
0.276873
0.285193
0.323529
0.409719
0.441868
0.218978
0.214474
0.21627
0.213881
0.212076
0.212349
0.414626
0.406318
0.208339
0.206016
0.404309
0.218737
0.503554
0.60345
0.504794
0.553212
0.216203
0.218907
0.220681
0.223838
0.208093
0.209498
0.400497
0.408194
0.193989
0.144165
0.15013
0.194655
0.0940909
-0.0149998
0.0296186
0.116263
0.0383546
0.0382931
0.0379452
0.038231
0.144619
0.145145
0.145143
0.144601
0.204179
0.199519
0.204285
0.207166
0.0406941
0.0508797
0.0528957
0.0424622
0.177057
0.240757
0.226747
0.176371
0.0691292
0.0629597
0.125988
0.131529
0.0314363
0.0344364
0.0314855
0.0323127
0.0424783
0.0105752
0.0108585
0.0471084
0.21166
0.24398
0.240768
0.211301
-0.0411936
-0.0507152
-0.0643398
-0.0633242
0.263479
0.234057
0.234051
0.263487
0.195161
0.188263
0.18824
0.195397
0.212667
0.20852
0.202367
0.207236
0.248002
0.26893
0.29941
0.28135
0.159954
0.179484
0.179489
0.160011
0.0526791
0.0847936
0.0844041
0.0525571
0.203002
0.224444
0.233072
0.217611
0.215012
0.221553
0.186048
0.179782
0.144097
0.193971
0.194546
0.149985
0.115458
0.0346503
-0.000831058
0.0938491
0.199503
0.204214
0.207192
0.204269
0.0502444
0.0408085
0.0426477
0.0528872
0.176557
0.226824
0.240811
0.177394
0.0600261
0.069501
0.131802
0.126444
0.244002
0.211668
0.211292
0.240804
-0.0509053
-0.0436422
-0.0811192
-0.0644557
0.207225
0.202349
0.208504
0.21265
0.281281
0.299366
0.268944
0.248011
0.217584
0.233082
0.224489
0.202996
0.179798
0.186056
0.221563
0.214997
0.23001
0.194327
0.201804
0.237369
0.0319676
0.0262842
0.0221612
0.0290551
0.213387
0.20578
0.208699
0.214644
0.204117
0.20084
0.212077
0.212405
0.00766188
0.0397333
0.0400395
0.00779309
0.0407538
0.0382213
0.0382259
0.0407549
0.216927
0.214317
0.215475
0.217096
0.243808
0.238179
0.225682
0.229605
0.035211
0.0358401
0.0358426
0.0352323
0.0259731
0.0257617
0.0281839
0.0274709
0.216072
0.216207
0.214191
0.216164
0.534868
0.568476
0.624743
0.526805
0.292034
0.308851
0.308806
0.29077
0.54257
0.479664
0.479662
0.542572
0.613714
0.626166
0.626163
0.613711
0.232648
0.362666
0.362669
0.232769
0.194353
0.230785
0.238136
0.20183
0.0264219
0.0319684
0.0290477
0.0220813
0.214626
0.208683
0.20576
0.21338
0.200804
0.204101
0.21239
0.21206
0.217083
0.215467
0.21431
0.216932
0.238213
0.243829
0.22959
0.225585
0.216175
0.214176
0.216195
0.216021
0.52686
0.624704
0.568447
0.534377
0.069191
0.147613
0.150259
0.0698043
0.199825
0.198807
0.200776
0.192319
0.192297
0.192512
0.195622
0.194736
0.0626453
0.0684718
0.146436
0.1453
0.132533
0.219323
0.223451
0.207414
0.199223
0.213102
0.214795
0.181707
0.199582
0.201419
0.206982
0.20569
0.20285
0.20571
0.209564
0.20468
0.206369
0.2092
0.218995
0.226559
0.210942
0.211156
0.213676
0.20875
0.200414
0.206007
0.210234
0.206347
0.213521
0.21537
0.215541
0.213753
0.0601201
0.0783283
0.148477
0.119372
0.0706608
0.148573
0.1508
0.0769373
0.193378
0.19918
0.196984
0.193345
0.209471
0.177061
0.200545
0.204422
0.0690906
0.0695705
0.150174
0.14621
0.0625955
0.145275
0.146409
0.0684049
0.192295
0.194719
0.195607
0.192492
0.202036
0.194701
0.200811
0.19883
0.0604479
0.119463
0.148674
0.078411
0.209294
0.204411
0.19915
0.177025
0.193363
0.193278
0.196805
0.199166
0.0707504
0.0769689
0.150758
0.148428
0.206381
0.226284
0.21898
0.209203
0.21353
0.213729
0.215521
0.215235
0.2004
0.206333
0.210218
0.205991
0.210952
0.208729
0.213658
0.211141
0.132392
0.208452
0.223513
0.220029
0.20414
0.204704
0.209589
0.206107
0.199564
0.205675
0.206968
0.201406
0.199205
0.181771
0.214795
0.21309
0.0360219
0.028843
0.0480543
0.0501462
0.0283536
0.0366254
0.0397704
0.0282941
0.0352093
0.0413796
0.0400286
0.0356401
0.0547517
0.0561966
0.0501345
0.0516254
0.036101
0.0463946
0.0478361
0.0289614
0.0547291
0.0509963
0.0494948
0.0560631
0.0352752
0.0357168
0.0402186
0.0414181
0.0283724
0.0283552
0.039905
0.0366627
0.0548461
0.0496204
0.0096933
0.0227968
0.035888
0.00880788
0.0109973
0.0383859
0.0352562
0.0423276
0.0429688
0.035303
0.053976
0.0530767
0.0531506
0.0522806
0.0549669
0.0251799
0.00621768
0.0505661
0.0544123
0.0526331
0.0531584
0.053442
0.0352316
0.0352954
0.0426721
0.0422533
0.0358655
0.0383714
0.0108674
0.00876858
0.0995069
0.188585
0.203151
0.154225
0.253165
0.256307
0.23744
0.230791
0.280071
0.264377
0.25882
0.278503
0.183386
0.173907
0.227368
0.236454
0.274482
0.30872
0.309477
0.275147
0.355796
0.285934
0.313167
0.339826
0.294621
0.292991
0.306115
0.309247
0.266049
0.271901
0.292974
0.268604
0.274369
0.274991
0.309663
0.310368
0.266033
0.268611
0.292724
0.271917
0.294601
0.309225
0.306059
0.29294
0.355722
0.341636
0.319608
0.284722
0.0998907
0.15428
0.203236
0.188819
0.18335
0.236452
0.227327
0.173856
0.280083
0.278534
0.258836
0.26438
0.253264
0.230901
0.237475
0.256294
0.0705773
0.0699449
0.119152
0.120613
-0.00601581
0.09875
0.118913
0.0703165
0.00157894
0.147654
0.140553
0.00140766
0.148085
0.141915
0.141108
0.148156
0.0789194
0.143173
0.14652
0.0784802
0.167304
0.203751
0.182052
0.16643
0.00873559
0.00599669
0.176358
0.195484
-0.0188487
0.0254982
0.124273
0.109406
0.0789401
0.0784856
0.14655
0.143167
-0.0187886
0.109208
0.126142
0.0255432
0.00873202
0.195481
0.176343
0.019205
0.167188
0.166378
0.182255
0.203759
0.0706033
0.120647
0.119089
0.0698873
0.148102
0.148162
0.141111
0.141965
0.00157532
0.00909571
0.140532
0.147652
-0.00592818
0.0703231
0.118821
0.0988268
0.141247
0.136215
0.224795
0.221401
0.131081
0.23179
0.22825
0.134373
0.215694
0.212634
0.192999
0.195971
0.206356
0.188847
0.190668
0.209797
0.210041
0.246892
0.243075
0.19693
0.220582
0.223223
0.207617
0.21135
0.218752
0.199748
0.204052
0.221741
0.188161
0.191899
0.239273
0.235461
0.179878
0.184649
0.215656
0.217598
0.196191
0.216465
0.21567
0.190841
0.213941
0.21514
0.216403
0.215946
0.218436
0.219954
0.217764
0.216315
0.203161
0.216686
0.215982
0.203047
0.215284
0.213084
0.213501
0.214949
0.212785
0.21488
0.213571
0.212159
0.19971
0.202152
0.215926
0.216377
0.142844
0.222158
0.22556
0.137412
0.206339
0.209784
0.190769
0.188955
0.215686
0.196008
0.193116
0.21262
0.130964
0.135624
0.229021
0.232548
0.203147
0.203066
0.215977
0.21667
0.199679
0.21637
0.215905
0.202142
0.212774
0.212146
0.213559
0.214866
0.215319
0.214932
0.213474
0.213091
0.179824
0.217244
0.215759
0.184756
0.218432
0.216301
0.217732
0.219939
0.213943
0.215933
0.21639
0.215133
0.196176
0.190789
0.215593
0.216443
0.210004
0.19651
0.24385
0.24767
0.184223
0.236225
0.240044
0.188195
0.21874
0.221739
0.204019
0.199775
0.220906
0.211309
0.207585
0.223235
0.0496395
0.0435832
0.0356986
0.0495022
0.0362769
0.0350435
0.0359907
0.0380361
0.0325313
0.0311307
0.032684
0.033781
0.0502796
0.0501731
0.0317038
0.0251464
0.0493375
0.0494896
0.0356931
0.0443731
0.050062
0.0250941
0.0318901
0.0496197
0.032531
0.0337806
0.0326621
0.0311106
0.0362827
0.0381127
0.0360191
0.0350367
0.0234451
0.0203331
0.018224
0.0503451
0.0224833
0.0203182
0.0279539
0.0220027
0.0313024
0.0296448
0.0290291
0.0219766
0.0502031
0.0501399
0.0208742
0.0219069
0.0234672
0.0499834
0.0184459
0.0203333
0.0501903
0.0220986
0.020859
0.0501176
0.0313032
0.0219827
0.029043
0.0296746
0.0224968
0.0221664
0.0280726
0.0203319
0.294818
0.266672
0.442676
0.376566
0.28061
0.535329
0.504796
0.270705
0.598607
0.541985
0.538688
0.595282
0.421763
0.40972
0.473601
0.481916
0.260229
0.496448
0.510161
0.268628
0.595384
0.612771
0.610819
0.595642
0.623372
0.621436
0.623825
0.626037
0.279928
0.275002
0.521184
0.528737
0.260235
0.26864
0.51044
0.496464
0.279941
0.52877
0.52151
0.275018
0.62337
0.626038
0.623783
0.621434
0.595383
0.595638
0.610813
0.61277
0.294658
0.376547
0.4427
0.266655
0.421748
0.481912
0.4736
0.409708
0.598641
0.595245
0.538619
0.541994
0.280541
0.270843
0.505701
0.533746
0.118126
0.078619
0.207514
0.238792
0.0855366
0.211095
0.212575
0.0919766
0.244856
0.244671
0.243618
0.244263
0.22405
0.214231
0.234686
0.233379
-0.00582167
-0.167018
0.117275
-0.00800198
0.11171
0.182088
0.164796
0.0638352
0.238339
0.239198
0.242538
0.239723
0.0966905
0.095347
0.208574
0.208902
0.07739
0.126879
0.162879
0.0966528
0.169906
0.210738
0.1949
0.150792
0.232055
0.231712
0.216496
0.227265
0.115711
0.0800226
0.167726
0.180883
0.184931
0.218261
0.219083
0.188237
0.221202
0.225872
0.224948
0.222909
0.239617
0.234701
0.227997
0.233395
0.180489
0.185555
0.217984
0.215737
0.118289
0.239873
0.207129
0.0784596
0.224065
0.237709
0.2347
0.21428
0.244859
0.244284
0.243581
0.244674
0.0855661
0.0919835
0.212604
0.211084
0.184672
0.186668
0.21909
0.218136
0.179318
0.215697
0.21818
0.184089
0.239611
0.233034
0.227964
0.234625
0.221306
0.22246
0.224357
0.232881
0.0772461
0.0967769
0.162819
0.126812
0.115953
0.181086
0.168355
0.080645
0.232066
0.227317
0.216528
0.23138
0.169783
0.150772
0.194928
0.210742
-0.00836973
-0.00979353
0.122608
-0.0254054
0.0962376
0.208888
0.208984
0.095072
0.238355
0.23976
0.242582
0.239226
0.113034
0.080546
0.166211
0.182183
0.0603675
0.0187883
-0.0386977
-0.00368495
0.0209806
-0.0349355
-0.0377129
0.020451
-0.0442309
-0.0426454
-0.0410917
-0.0388876
-0.0566383
-0.0410011
-0.0492536
-0.05412
0.0603524
-0.00277342
-0.0383617
0.0186141
-0.0567738
-0.0545259
-0.0503368
-0.0429572
-0.0442338
-0.0388764
-0.0396592
-0.0460163
0.0209791
0.0204148
-0.035599
-0.0349249
-0.105967
-0.105378
-0.0914151
-0.0932389
-0.105138
-0.0899986
-0.0905136
-0.105089
-0.0484147
-0.0499918
-0.0674919
-0.0676116
-0.0701843
-0.0687043
-0.0683612
-0.0647308
-0.106101
-0.0928156
-0.0909456
-0.105509
-0.069424
-0.0644507
-0.0684065
-0.0686012
-0.0484146
-0.0676208
-0.0675193
-0.0604974
-0.105166
-0.105173
-0.0899925
-0.0900282
0.269872
0.282704
0.375365
0.503882
0.253242
0.207396
0.222769
0.286396
0.216259
0.234452
0.229957
0.213277
0.569646
0.571921
0.363146
0.364091
0.102459
0.119753
0.146114
0.134485
0.137293
0.163807
0.156296
0.130262
0.200154
0.196384
0.175716
0.18307
0.178558
0.157747
0.168964
0.190807
0.102339
0.133979
0.146108
0.119757
0.178584
0.190816
0.168974
0.157757
0.200158
0.183072
0.175723
0.196396
0.137293
0.130265
0.1563
0.163804
0.269822
0.504185
0.375668
0.282715
0.569644
0.364092
0.36315
0.571905
0.216263
0.213286
0.229981
0.234457
0.252809
0.28518
0.22274
0.207398
0.024789
0.0265353
0.023357
0.0223875
0.0261881
0.0211971
0.022313
0.0263741
0.100929
0.097689
0.00911407
0.0105912
0.066672
0.00231971
0.0138097
0.0899143
0.0238991
0.00860863
0.0176645
0.025393
0.0666506
0.0889373
0.00778749
-0.00716002
0.100945
0.0107191
0.00954029
0.098064
0.0263864
0.0269687
0.0226618
0.0213133
0.0671469
0.101696
0.0921978
0.0523176
0.129273
0.0333615
0.051067
0.118879
0.144879
0.1402
0.0805259
0.0884199
0.0955464
0.0214675
0.0587102
0.126159
0.0669836
0.0520972
0.0919845
0.101589
0.0950992
0.125706
0.0583582
0.0212636
0.144779
0.0883216
0.0802945
0.139907
0.129252
0.118581
0.0509393
0.033318
