-0.597482
0.135
-1.815
-0.735
0.255
1.82686
-0.675
0.498313
-1.625
-0.675
0.725
1.78709
0.597477
0.135
-1.815
0.735
0.255
1.82686
0.675
0.498313
-1.625
0.675
0.725
1.78709
0.0469719
0.0365708
0.0845148
0.0800185
0.0462645
0.036567
0.0844947
0.0799994
-0.0296833
0.00459943
0.0400432
0.0311445
-0.00349877
-0.031493
-0.0532513
-0.02783
0.0102936
0.0544954
0.0424789
-0.00072944
-0.0290126
-0.0491762
-0.0148725
0.0231638
0.0884309
0.0796944
0.0135858
-0.0149468
-0.0313446
0.054919
0.0923355
0.136375
0.135201
0.0917428
0.0566446
0.0323723
-0.0370194
-0.00262094
0.0354477
0.0274521
-0.00469137
-0.0343947
-0.0570914
-0.0371326
-0.0327329
-0.0538918
-0.0282738
-0.0231044
-0.0378324
0.0475745
0.0865149
0.135664
0.135278
0.0879333
0.0513427
0.0273998
-0.0371262
-0.00278499
0.0349676
0.0273478
-0.00471527
-0.0344288
-0.0571413
-0.037193
-0.0327546
-0.0539339
-0.0283118
-0.0231241
-0.0378718
0.0474958
0.0864399
0.135584
0.135207
0.0878779
0.0512891
0.0273409
-0.029934
0.0042331
0.0393638
0.030866
-0.0035876
-0.0315832
-0.0533635
-0.0280091
0.0100647
0.0537873
0.0422509
-0.000777288
-0.029079
-0.0492735
-0.0149942
0.0230702
0.0881564
0.0795308
0.0135426
-0.0150075
-0.0314358
0.0547473
0.0921667
0.136195
0.135042
0.0916181
0.0565269
0.032247
0.0347282
0.00460559
0.0275541
0.0289434
0.00541971
0.024455
0.0844348
0.188831
0.0734562
0.121082
0.0347293
0.0258793
0.0289329
0.0242669
0.188918
0.12106
0.0623286
0.128275
0.0485089
0.104034
0.0759215
0.0742839
0.41026
0.401271
0.0621905
0.128174
0.104026
0.0742707
0.238499
0.238392
0.0284221
0.190639
0.251703
0.0918243
0.0917685
0.0595747
0.481926
0.204619
0.204617
0.0609648
0.180907
0.178031
0.00406314
0.00458781
0.015157
0.0223825
0.00288553
0.0250455
0.0292332
0.0685483
0.152206
0.028565
0.0616462
0.0915395
0.00460096
0.00417597
0.0131433
0.0028882
0.0223663
0.0249941
0.0685436
0.0291867
0.152212
0.061666
0.0285573
0.0915274
0.039581
0.0586579
0.127931
0.0479246
0.0917508
0.0295338
0.0895651
0.0778257
0.117097
0.122334
0.0791523
0.363373
0.104
0.0904825
0.0751654
0.35928
0.03839
0.0478513
0.0580308
0.12784
0.0918077
0.0778246
0.0295003
0.0895752
0.117081
0.363365
0.122249
0.0791455
0.104018
0.359296
0.090463
0.0751466
0.214238
0.220522
0.0160445
0.181848
0.25265
0.0290371
0.191293
0.167981
0.0333358
0.155014
0.184959
0.0618754
0.171619
0.219959
0.24748
0.199887
0.13534
0.155757
0.227444
0.172892
0.213781
0.220505
0.252344
0.0287917
0.191292
0.167981
0.184928
0.0618477
0.247294
0.199899
0.227331
0.172946
0.0833397
0.0633336
0.227439
0.107154
0.0413843
0.0574271
0.0830153
0.135893
0.0677161
0.0746257
0.0956334
0.429899
0.285276
0.483323
0.453807
0.221946
0.0833233
0.0633191
0.227102
0.107082
0.0829764
0.135921
0.0955925
0.429907
0.201676
0.238367
0.170268
0.217043
0.20156
0.217228
0.170182
0.238146
0.0160288
0.0159043
0.0415224
0.0416996
0.165546
0.242209
0.242186
0.165568
0.152758
0.198286
0.198295
0.152754
0.0992406
0.0704928
0.0889712
0.106596
0.0991786
0.106518
0.088946
0.0704801
0.0585693
0.0585256
0.07111
0.0711169
0.425047
0.4037
0.40372
0.425041
0.119213
0.166345
0.212396
0.121782
0.119203
0.121791
0.21227
0.166432
0.0750884
0.0750745
0.0335232
0.033537
0.285333
0.122573
0.122569
0.285348
0.143964
0.143799
0.178497
0.178497
-0.0141485
0.00457111
0.00848925
0.0149806
0.0025533
0.0296057
0.0146384
0.0439144
0.08277
0.0198074
0.0567038
0.0503626
0.00458415
-0.0143161
0.00669822
0.00255342
0.0149427
0.0298621
0.043903
0.0145608
0.0827559
0.0566963
0.0198802
0.0503636
0.0455303
0.0533632
0.121115
0.0474803
0.0633724
0.0261257
0.0629742
0.078552
0.0980174
0.106669
0.0811704
0.2128
0.0853202
0.0869303
0.0711189
0.190998
0.0445573
0.0464955
0.0520389
0.121017
0.0633721
0.0786658
0.0261149
0.0629712
0.0979862
0.212795
0.106602
0.0811718
0.0853094
0.191
0.0869071
0.0712155
0.0265904
0.0346592
0.120134
0.166489
0.00459547
0.00460494
0.00981797
0.128798
0.0215201
0.0335734
0.258694
0.0293881
0.0268819
0.0305464
0.162453
0.144788
0.00323013
0.00322151
0.020626
0.134272
0.0219944
0.0206941
0.169421
0.0362159
0.080545
0.080544
0.14614
0.180299
0.193812
0.142858
0.249562
0.204384
0.0672305
0.0672428
0.106472
0.187256
0.117341
0.114066
0.185745
0.163827
0.0266385
0.0347349
0.120107
0.167289
0.0195902
0.0321452
0.258308
0.0281491
0.0266278
0.0303157
0.162398
0.144766
0.0220568
0.0206666
0.17077
0.0361745
0.193924
0.142951
0.247142
0.204408
0.11734
0.114031
0.185733
0.163822
0.0591489
0.0370821
0.0694047
0.0639518
0.13082
0.12813
0.147301
0.114431
0.0485482
0.0485108
0.0478385
0.0529607
0.107524
0.0876092
0.0818416
0.119698
0.0770645
0.0770643
0.0718076
0.0785894
0.0758448
0.0739515
0.0880266
0.240927
0.403812
0.40381
0.355205
0.45127
0.400436
0.400483
0.432729
0.359705
0.0586922
0.0370903
0.0693866
0.0633436
0.130717
0.128053
0.147208
0.114338
0.107525
0.0876293
0.081802
0.119688
0.0758286
0.0739289
0.0880025
0.240942
0.240291
0.243688
0.246376
0.237846
0.240215
0.243492
0.246363
0.237715
0.0222703
0.0287304
0.0286079
0.0349056
0.18861
0.196769
0.196776
0.200471
0.242539
0.233994
0.251889
0.242536
0.0904089
0.0990603
0.0849093
0.0946715
0.0903628
0.0989897
0.0848633
0.0946325
0.0612216
0.0555144
0.0636375
0.0612139
0.480801
0.486908
0.473753
0.4808
0.200372
0.196408
0.221186
0.20512
0.20037
0.196387
0.221183
0.205117
0.047174
0.0614186
0.0614048
0.0746772
0.162496
0.181252
0.181254
0.201362
0.176724
0.170661
0.165163
0.176713
0.120917
0.112628
0.00981805
0.104867
0.191506
0.0169913
0.152868
0.123603
0.0204433
0.0756702
0.153071
0.0261265
0.112353
0.153676
0.123287
0.157771
0.20258
0.163839
0.126347
0.150297
0.0958428
0.166741
0.171058
0.120069
0.00975771
0.104821
0.120851
0.112643
0.191209
0.0154847
0.0204367
0.0756448
0.152759
0.123549
0.15307
0.0262292
0.123287
0.157773
0.112341
0.15368
0.202669
0.163855
0.0958289
0.166628
0.126351
0.150281
0.171052
0.120056
0.243404
0.0415943
0.09029
0.0580767
0.166686
0.1113
0.0480088
0.0532382
0.107161
0.0833022
0.0507508
0.0691318
0.0652477
0.103035
0.0741703
0.079968
0.139212
0.175752
0.137246
0.110739
0.0945637
0.242034
0.309108
0.403381
0.115526
0.178411
0.0892163
0.102768
0.0856231
0.221706
0.383166
0.335188
0.243109
0.0407503
0.0478832
0.0531797
0.0902262
0.0573505
0.166517
0.111223
0.107156
0.0833052
0.0741664
0.0799609
0.0507623
0.0688885
0.0652359
0.103118
0.139132
0.175812
0.309109
0.403306
0.137173
0.109979
0.0945254
0.242125
0.11551
0.178413
0.383186
0.335179
0.0891972
0.102766
0.0856059
0.221714
0.211129
0.220749
0.202652
0.220628
0.0160342
0.0159728
0.171649
0.171741
0.255809
0.250205
0.0225692
0.0353698
0.180366
0.203599
0.160984
0.174007
0.0334196
0.0334265
0.152576
0.152572
0.190167
0.178091
0.075367
0.0477127
0.171391
0.171394
0.217088
0.216966
0.242823
0.238706
0.190615
0.195035
0.132992
0.132999
0.149465
0.149465
0.227203
0.171068
0.222278
0.148474
0.211072
0.220629
0.220655
0.202654
0.255594
0.249924
0.0223842
0.0351589
0.203597
0.180453
0.160919
0.174006
0.190133
0.177788
0.0753455
0.0476921
0.238626
0.242692
0.195049
0.190628
0.171245
0.2272
0.148479
0.222287
0.0904556
0.075719
0.0585926
0.0669282
0.23194
0.210311
0.105424
0.108758
0.0414572
0.0415447
0.0584239
0.0584016
0.078369
0.0873716
0.134489
0.128853
0.0691357
0.0691396
0.0748548
0.0748478
0.0888425
0.101509
0.42934
0.418567
0.277518
0.27751
0.480089
0.480096
0.454094
0.454095
0.22058
0.22058
0.0904278
0.0757046
0.0585632
0.0669177
0.21027
0.231622
0.105345
0.1086
0.0873488
0.0783481
0.134458
0.128847
0.101449
0.0888033
0.418572
0.429342
0.120616
0.253455
0.24676
0.121821
0.189762
0.15785
0.242262
0.255515
0.121362
0.215171
0.238727
0.145073
0.104969
0.117438
0.239321
0.245317
0.120288
0.121798
0.246606
0.253065
0.104982
0.244745
0.239226
0.117817
0.121316
0.144976
0.238627
0.215349
0.189945
0.255174
0.242066
0.157748
0.00971141
0.00981551
0.0224194
0.0231744
0.00938185
0.021786
0.0223271
0.0097856
0.0440485
0.0478676
0.0350346
0.0344423
0.0453005
0.0354883
0.0351399
0.0479301
0.107031
0.192939
0.191816
0.141666
0.191569
0.34861
0.198232
0.190667
0.191562
0.190692
0.19819
0.348609
0.107065
0.141667
0.19182
0.192953
0.0709958
0.155523
0.223782
0.119842
0.114611
0.179328
0.242896
0.167143
0.114598
0.167176
0.242895
0.17931
0.0705306
0.119773
0.223793
0.155518
0.103481
0.0798623
0.0974494
0.115678
0.0471339
0.0760786
0.0819678
0.0577726
0.0860345
0.0858503
0.0880849
0.0868918
0.0980445
0.114927
0.10126
0.0916061
0.102656
0.115578
0.0973917
0.0798331
0.0979918
0.0915608
0.101208
0.114851
0.0860241
0.0868728
0.0880514
0.0858063
0.0471217
0.0577486
0.0819324
0.0761545
0.0531766
0.053479
0.0568367
0.058898
0.0516871
0.0580747
0.0568214
0.053449
0.0737587
0.0730888
0.0651667
0.0664135
0.0738235
0.0667061
0.0651726
0.0730908
0.229211
0.241526
0.484682
0.446475
0.209671
0.433774
0.472616
0.236132
0.209685
0.236133
0.472616
0.433776
0.229208
0.446473
0.484728
0.241518
0.084677
0.179503
0.200489
0.120166
0.134881
0.16211
0.190539
0.165023
0.0910095
0.208659
0.217067
0.151373
0.0935521
0.108137
0.1956
0.132436
0.0847621
0.120152
0.200465
0.179468
0.0935414
0.132442
0.1956
0.10816
0.0910217
0.151393
0.217065
0.208656
0.134659
0.165128
0.190336
0.161552
0.0886175
0.0792755
0.0750196
0.0623497
0.0890529
0.0623522
0.0750089
0.0792723
0.024408
0.0205282
0.047431
0.0401152
0.0244148
0.0401427
0.0474413
0.0205315
0.174023
0.175149
0.20123
0.358633
0.0892183
0.106532
0.158669
0.144855
0.0893818
0.144863
0.158655
0.106808
0.174143
0.358661
0.201231
0.175139
0.0666025
0.131465
0.168842
0.137438
0.0665725
0.137289
0.168842
0.131483
0.138977
0.179302
0.164759
0.150306
0.13891
0.150375
0.16476
0.179301
-0.00259068
0.00455112
0.00506328
0.00755639
0.00175122
0.0170938
0.0072978
0.0312322
0.0423553
0.010083
0.0422343
0.0288846
0.00456411
-0.00278856
0.00339481
0.00175029
0.00750968
0.0171756
0.0311906
0.00727259
0.0423586
0.0421596
0.010094
0.0288798
0.043713
0.0501967
0.113515
0.0472515
0.0491789
0.0261778
0.0459373
0.0789419
0.0913977
0.0971344
0.0812386
0.145989
0.0816174
0.0838826
0.0793527
0.155506
0.0425228
0.0463587
0.049475
0.113435
0.0491935
0.07902
0.0262106
0.0459304
0.0913731
0.145983
0.0970998
0.0812249
0.0815976
0.1555
0.0838673
0.0793492
0.0343759
0.034748
0.0903677
0.112012
0.0046006
0.00460534
0.00666313
0.158676
0.0245457
0.0305642
0.261134
0.0295119
0.0279773
0.0299534
0.0953884
0.104112
0.0049398
0.00495426
0.0140211
0.123805
0.0259254
0.0225315
0.160784
0.0289043
0.0825509
0.0825495
0.133248
0.132428
0.197453
0.170607
0.227709
0.219037
0.0711502
0.0711561
0.0918384
0.157801
0.121674
0.11979
0.148312
0.154386
0.0343762
0.0347481
0.0903373
0.112012
0.022738
0.0290044
0.260666
0.028243
0.0279084
0.029947
0.0953808
0.104107
0.025907
0.0225294
0.160737
0.0287678
0.197476
0.170617
0.227717
0.219036
0.121921
0.120039
0.148342
0.154401
0.0622927
0.0428454
0.0614915
0.0645592
0.128994
0.128238
0.137132
0.121527
0.0485285
0.0485099
0.0450196
0.0507308
0.109391
0.0957405
0.0810609
0.11163
0.0759107
0.0759022
0.0738528
0.0770672
0.074757
0.0741081
0.0809112
0.146706
0.407258
0.407254
0.385585
0.431585
0.400884
0.400907
0.420436
0.3804
0.0619039
0.042849
0.0614784
0.06401
0.128893
0.12815
0.137035
0.121431
0.109362
0.0957543
0.0810474
0.111624
0.074733
0.0741005
0.0808669
0.146696
0.239931
0.238184
0.240624
0.238235
0.239857
0.238006
0.240623
0.238103
0.0253497
0.0285762
0.0285151
0.0316638
0.190678
0.193846
0.193851
0.192994
0.247499
0.250913
0.251882
0.247496
0.0914965
0.0955979
0.0883792
0.0933566
0.0914473
0.0955336
0.0883269
0.0933161
0.0603977
0.057544
0.0616054
0.060172
0.481366
0.486013
0.477858
0.481362
0.202494
0.202455
0.216065
0.202692
0.202492
0.202447
0.216062
0.20269
0.0540879
0.0611917
0.0611848
0.0679897
0.173105
0.181575
0.181578
0.191134
0.177433
0.176053
0.182727
0.177434
-0.0120203
0.01836
0.0754526
0.0628021
0.00457935
0.00459126
0.00667113
0.133562
0.0118174
0.0185665
0.185782
0.0171214
0.0201433
0.0245726
0.0968094
0.0889557
0.00205031
0.00287482
0.0125104
0.0811812
0.0267101
0.0234909
0.144271
0.0261071
0.0219106
0.034501
0.0823047
0.101697
0.0564909
0.078718
0.100513
0.119391
0.117063
0.178711
0.181947
0.180167
0.0270162
0.0300024
0.0747868
0.108899
0.0556497
0.0632885
0.0807911
0.147625
0.0713138
0.105924
0.131547
0.111017
0.00459245
0.00460443
0.00664425
0.133612
-0.0124278
0.0184297
0.0754221
0.0627831
0.00991864
0.0163684
0.185293
0.0153505
0.00204901
0.00287493
0.0125074
0.0736253
0.0200731
0.0245426
0.0967899
0.0889171
0.0251443
0.0235591
0.144279
0.0262337
0.0564818
0.0787037
0.100518
0.119254
0.0218901
0.0345046
0.082308
0.101914
0.117061
0.17865
0.181929
0.180139
0.0556696
0.0633059
0.0808246
0.147679
0.0270054
0.0299992
0.0747388
0.10884
0.0713293
0.105966
0.131563
0.111014
0.0425913
0.0365843
0.245314
0.041836
0.0557292
0.0615397
0.0816453
0.0584979
0.125137
0.131019
0.13863
0.118739
0.0476991
0.0485685
0.045164
0.0505773
0.0876668
0.0948386
0.100896
0.0879192
0.0275667
0.0317021
0.0425954
0.0685835
0.0758222
0.0995695
0.062561
0.096107
0.0790037
0.077636
0.0759837
0.0789018
0.107154
0.127129
0.128733
0.17502
0.117111
0.128028
0.129124
0.115694
0.080564
0.0774304
0.0876645
0.142413
0.307846
0.390654
0.336393
0.385476
0.0929713
0.11136
0.11067
0.164329
0.0898331
0.0883166
0.0896008
0.0925104
0.0667487
0.0741327
0.080259
0.151718
0.272917
0.394939
0.371488
0.349762
0.041504
0.0352644
0.244979
0.0409914
0.0476073
0.0485118
0.045064
0.0505103
0.0550495
0.0611409
0.0815903
0.0578062
0.125048
0.130935
0.138529
0.118657
0.0877621
0.0948476
0.101012
0.0879284
0.0793686
0.0776359
0.0759816
0.0788985
0.0275627
0.0316534
0.0426028
0.0683582
0.0759748
0.0995399
0.0625555
0.0960979
0.107143
0.12712
0.128715
0.175028
0.307862
0.390654
0.336387
0.385456
0.117047
0.12796
0.128988
0.115615
0.0805536
0.077424
0.087641
0.142497
0.0929703
0.111313
0.110653
0.164334
0.272922
0.394977
0.371499
0.349943
0.0898259
0.0883256
0.0895846
0.0925504
0.0674094
0.0741011
0.0802213
0.151712
0.152852
0.231762
0.212986
0.220616
0.19819
0.237507
0.218831
0.220666
0.0129297
0.0191699
0.0160395
0.0160086
0.146298
0.212767
0.176677
0.176955
0.254628
0.247262
0.25429
0.251448
0.0291907
0.0288856
0.025808
0.0322035
0.188905
0.198252
0.18791
0.199885
0.156283
0.175723
0.165535
0.17103
0.0268112
0.0402602
0.0333727
0.0333761
0.144741
0.162994
0.15374
0.153736
0.182453
0.190651
0.185765
0.181283
0.0364743
0.0616457
0.068786
0.0548126
0.158903
0.181164
0.171644
0.171647
0.201213
0.238771
0.219241
0.219242
0.2492
0.24268
0.245333
0.242305
0.201071
0.198941
0.197505
0.198887
0.121182
0.14893
0.136143
0.136227
0.194923
0.152314
0.152145
0.152145
0.21154
0.226306
0.23005
0.20577
0.15916
0.181137
0.190888
0.160782
0.152805
0.231653
0.212922
0.220675
0.19819
0.23737
0.220662
0.21884
0.254099
0.247026
0.254019
0.251156
0.0288817
0.0287007
0.0255917
0.0319738
0.188904
0.198251
0.199884
0.187905
0.156291
0.175723
0.165535
0.171037
0.18242
0.190693
0.185733
0.181258
0.0366637
0.061625
0.0687618
0.0547885
0.249012
0.242646
0.242201
0.24515
0.201086
0.198944
0.198895
0.197456
0.211407
0.226303
0.205776
0.230047
0.159157
0.181138
0.160781
0.190896
0.0752927
0.0887993
0.0868866
0.0800902
0.0639307
0.0620469
0.0609623
0.0651301
0.18207
0.234552
0.229718
0.222778
0.110587
0.10341
0.106076
0.107907
0.0446266
0.0381475
0.0414205
0.0414644
0.0551912
0.0596654
0.0579254
0.0579143
0.0826635
0.0839142
0.0810468
0.0854163
0.127769
0.173537
0.141968
0.132371
0.069762
0.0656715
0.0679564
0.0683522
0.0744533
0.0748494
0.0738352
0.0749818
0.0935271
0.095092
0.091914
0.0987096
0.337228
0.471404
0.429946
0.424234
0.324737
0.242829
0.281548
0.281563
0.469288
0.485355
0.482183
0.482184
0.443262
0.464432
0.453847
0.453848
0.336516
0.21172
0.22135
0.221327
0.0752166
0.0887567
0.0868709
0.0800501
0.063913
0.0620336
0.0609406
0.0651176
0.181969
0.234304
0.221988
0.229415
0.110507
0.103341
0.106005
0.107856
0.0826375
0.0838735
0.0853865
0.0810168
0.12776
0.173417
0.142075
0.132367
0.0934789
0.0950613
0.0986635
0.09188
0.337234
0.471405
0.42424
0.429954
0.146171
0.196946
0.206525
0.247783
0.239006
0.218978
0.248871
0.234834
0.149886
0.145501
0.221216
0.194076
0.163211
0.211418
0.220295
0.235713
0.146067
0.196715
0.206381
0.247433
0.16318
0.211377
0.219814
0.235687
0.149493
0.145456
0.221101
0.193814
0.238866
0.218784
0.248611
0.234617
0.0129207
0.0161288
0.0160299
0.0193244
0.0128291
0.0158893
0.0159369
0.0191419
0.0417141
0.0447155
0.0383434
0.0414938
0.0419339
0.0448672
0.0385371
0.0416263
0.14476
0.163456
0.170665
0.180284
0.206913
0.277005
0.202118
0.269634
0.206916
0.277022
0.202121
0.269547
0.144763
0.163538
0.170687
0.18028
0.131512
0.118345
0.18234
0.167053
0.178334
0.179365
0.213453
0.214298
0.17932
0.178303
0.214281
0.213294
0.118496
0.131507
0.16706
0.182361
0.0949424
0.104095
0.094434
0.104997
0.0606451
0.0679586
0.0726603
0.0757596
0.0894396
0.0898152
0.0881528
0.0889033
0.10809
0.101304
0.108331
0.104551
0.0948769
0.104026
0.0943821
0.104925
0.108023
0.101245
0.108279
0.104481
0.0894102
0.0897956
0.0881282
0.0888748
0.0606329
0.0679407
0.0726412
0.0757289
0.0589172
0.0559002
0.061242
0.0589231
0.0558496
0.0588523
0.0588889
0.0612048
0.0723509
0.069942
0.0698457
0.0687211
0.0699505
0.0723564
0.0687299
0.0698521
0.335726
0.416252
0.42875
0.465763
0.316231
0.394063
0.412688
0.447436
0.394081
0.316235
0.447437
0.41269
0.416265
0.335686
0.465881
0.428733
0.113099
0.109963
0.173501
0.126471
0.167148
0.163129
0.174526
0.171384
0.179536
0.19684
0.207316
0.224131
0.119648
0.112316
0.132321
0.12533
0.113071
0.109947
0.173493
0.126457
0.119639
0.112317
0.132349
0.125325
0.179688
0.196876
0.207313
0.224129
0.167185
0.163114
0.174523
0.171377
0.0787025
0.0753716
0.075426
0.0749697
0.0786976
0.0753612
0.0754086
0.0749592
0.0268351
0.0261588
0.0334692
0.0405957
0.027223
0.0253785
0.0334795
0.0406129
0.216153
0.312415
0.253915
0.219697
0.110079
0.118989
0.129747
0.135752
0.110073
0.119002
0.129724
0.135762
0.216139
0.312409
0.253912
0.219694
0.134287
0.0911771
0.152724
0.145533
0.0911749
0.134296
0.145493
0.152715
0.180815
0.164975
0.15737
0.176304
0.165035
0.180828
0.17632
0.157367
0.0655316
0.032988
0.006578
0.09254
0.124137
0.0104417
0.0848174
0.0776221
0.0130345
0.0610309
0.129087
0.0273833
0.0705006
0.0816543
0.0794974
0.0895679
0.098243
0.107539
0.0598431
0.100451
0.0751616
0.124858
0.0783672
0.0784786
0.00649438
0.0925116
0.0652694
0.0329114
0.123455
0.0089188
0.0130264
0.0610196
0.0848168
0.0774506
0.128884
0.0274176
0.0794945
0.0896132
0.0704696
0.0804751
0.0980673
0.107463
0.0751056
0.124929
0.0594597
0.100321
0.0783168
0.0783953
0.11817
0.0454164
0.0945623
0.0532977
0.133638
0.110603
0.043726
0.0503244
0.0717069
0.0925445
0.0373121
0.073541
0.0453109
0.0741815
0.0768245
0.0833765
0.110642
0.157753
0.113646
0.101326
0.0905163
0.143795
0.203408
0.221051
0.0881756
0.161092
0.0867099
0.086324
0.0818619
0.153201
0.201575
0.181765
0.118336
0.0442732
0.0422204
0.0488572
0.0944526
0.0518543
0.133584
0.110495
0.0717098
0.0928645
0.0769164
0.0836769
0.0373215
0.0735326
0.0453003
0.0741953
0.110621
0.157745
0.203426
0.221047
0.113598
0.100603
0.0904477
0.143784
0.0882505
0.161086
0.201611
0.181772
0.0866833
0.08632
0.0818618
0.153205
0.0877971
0.09944
0.0902291
0.113274
0.121563
0.119193
0.167736
0.167247
0.00666432
0.148889
0.00665076
0.148897
0.0098167
0.00980173
0.124514
0.124533
0.256263
0.0232939
0.257568
0.0356759
0.260555
0.264851
0.0262819
0.0324343
0.106531
0.0988651
0.0840612
0.108759
0.163003
0.159736
0.141913
0.147749
0.0125813
0.10603
0.0125788
0.107129
0.0205771
0.0205787
0.133113
0.132789
0.155971
0.0251521
0.167172
0.0300389
0.172053
0.166965
0.0588021
0.0477457
0.125363
0.132515
0.125375
0.132516
0.144985
0.144971
0.18052
0.180535
0.231632
0.219603
0.185467
0.195767
0.238602
0.24834
0.200717
0.19866
0.0887792
0.153816
0.08878
0.153814
0.108049
0.108053
0.183195
0.183209
0.173239
0.137035
0.126644
0.162013
0.203285
0.162578
0.169908
0.154365
0.0877694
0.0994692
0.0901339
0.113259
0.12161
0.119106
0.167252
0.167827
0.255758
0.0218384
0.257217
0.0346213
0.26017
0.264497
0.0249804
0.0312743
0.106547
0.0988071
0.0837485
0.108558
0.159662
0.162702
0.141848
0.147663
0.155969
0.0251305
0.166977
0.0300136
0.171876
0.166949
0.0587878
0.0477117
0.231614
0.21962
0.185373
0.195794
0.247612
0.238205
0.198669
0.200693
0.172768
0.137015
0.126661
0.162008
0.162556
0.203394
0.154345
0.169891
0.0712516
0.059277
0.0502055
0.0656385
0.0745951
0.063296
0.0614259
0.0652402
0.140627
0.123752
0.136042
0.121482
0.150804
0.147164
0.115038
0.115445
0.0450906
0.0510095
0.0450406
0.050976
0.0478528
0.0478841
0.0532197
0.0532048
0.0744836
0.11427
0.0868868
0.0973505
0.0793248
0.0849805
0.124803
0.115482
0.0750659
0.0779816
0.0750648
0.0779801
0.0719191
0.0721215
0.0755519
0.0765088
0.0838675
0.144365
0.0800133
0.149398
0.0865059
0.089416
0.241201
0.239575
0.378254
0.425025
0.37825
0.424955
0.352232
0.352226
0.450161
0.450161
0.41961
0.379522
0.419683
0.379523
0.433182
0.433183
0.359033
0.359036
0.071214
0.058517
0.0501773
0.0652592
0.0745807
0.063269
0.0607064
0.0647242
0.140513
0.123615
0.135966
0.12134
0.147047
0.150534
0.114946
0.115369
0.0744747
0.114191
0.0868684
0.0972751
0.0849523
0.0794708
0.124767
0.115519
0.0838488
0.144444
0.0800003
0.14941
0.0893745
0.0864598
0.239576
0.241202
0.242638
0.23993
0.245251
0.242987
0.239885
0.240153
0.236395
0.237835
0.242486
0.239837
0.245074
0.242793
0.240058
0.239806
0.237714
0.236187
0.0223451
0.0222986
0.0255787
0.0319352
0.0254709
0.0318208
0.0349698
0.0350228
0.190305
0.190309
0.196094
0.197214
0.19722
0.196096
0.199112
0.199101
0.240882
0.242966
0.229058
0.229058
0.247717
0.247717
0.242966
0.24088
0.0936929
0.0860402
0.0986451
0.0999711
0.0834137
0.0864615
0.0911912
0.097988
0.0936387
0.0859995
0.0985785
0.0999101
0.0864234
0.0833759
0.0979412
0.0911548
0.0590287
0.0631965
0.0561751
0.0561268
0.0639995
0.0644047
0.059017
0.0631896
0.485061
0.476591
0.485719
0.485719
0.473268
0.473267
0.476588
0.48506
0.197592
0.212635
0.196765
0.193337
0.219223
0.213351
0.203104
0.20349
0.212633
0.197586
0.196749
0.193313
0.213348
0.21922
0.203095
0.203588
0.0473025
0.0473076
0.0683866
0.0544485
0.0683746
0.0544364
0.0755577
0.075722
0.161219
0.161216
0.191205
0.171209
0.171208
0.191273
0.201573
0.201562
0.174408
0.180313
0.16965
0.169657
0.164764
0.164764
0.174409
0.180313
0.119152
0.121902
0.0822558
0.138098
0.00970809
0.00981513
0.0890961
0.115432
0.148315
0.245708
0.0132941
0.0203572
0.144337
0.156136
0.0970995
0.130648
0.0225965
0.0204846
0.0718932
0.0837276
0.148507
0.160844
0.0252739
0.0260488
0.110205
0.115558
0.134259
0.163029
0.115349
0.131363
0.136193
0.176834
0.149662
0.232434
0.134989
0.180454
0.103092
0.140542
0.150247
0.150219
0.0884455
0.100852
0.151984
0.175531
0.134318
0.197362
0.104946
0.133078
0.00959083
0.00976992
0.0890733
0.115115
0.119053
0.121842
0.0824775
0.138445
0.14801
0.242477
0.0125395
0.0186686
0.0226652
0.0204797
0.0719607
0.083696
0.144279
0.156021
0.0977992
0.1305
0.14854
0.160839
0.023059
0.0260294
0.115347
0.13117
0.136188
0.176819
0.110212
0.11554
0.134264
0.163292
0.149609
0.232353
0.135
0.180459
0.0884402
0.101003
0.152432
0.175574
0.103077
0.140595
0.150216
0.150247
0.134216
0.197335
0.104932
0.133067
0.241448
0.253961
0.0446684
0.0385426
0.0955565
0.0854595
0.0560308
0.0606065
0.182559
0.168011
0.107606
0.115118
0.048304
0.0479764
0.0532986
0.0537383
0.0957192
0.174953
0.0842238
0.0808882
0.0489089
0.0535918
0.0714775
0.0678221
0.0563115
0.0711472
0.0930169
0.111291
0.0740168
0.0737169
0.0848504
0.0796182
0.129764
0.170254
0.175542
0.18327
0.12881
0.14317
0.105467
0.114987
0.0963297
0.0929002
0.237048
0.241837
0.269549
0.337041
0.324038
0.432606
0.105206
0.125127
0.177572
0.176804
0.0898483
0.087863
0.0991604
0.10527
0.0855557
0.0856988
0.215691
0.228701
0.301619
0.426788
0.235513
0.357283
0.241349
0.253643
0.0438323
0.0375871
0.0480354
0.0478821
0.05322
0.0536927
0.0954915
0.0854137
0.0545156
0.0599899
0.18246
0.1679
0.107523
0.115044
0.0956835
0.174942
0.0842891
0.0808793
0.0740125
0.0737136
0.0851834
0.0796142
0.0489151
0.0535835
0.0713234
0.0674888
0.056334
0.0711548
0.0931064
0.111322
0.12971
0.170682
0.175092
0.183316
0.269545
0.337037
0.324075
0.432613
0.128762
0.143052
0.105414
0.114881
0.0962877
0.0928722
0.23705
0.241839
0.105195
0.125122
0.17764
0.1768
0.301675
0.426748
0.235449
0.357296
0.0897977
0.0878395
0.0991523
0.105231
0.0855414
0.085672
0.215701
0.228695
0.23968
0.148629
0.165235
0.231367
0.180946
0.2188
0.238094
0.199634
0.0129229
0.0192459
0.0191556
0.0128776
0.202677
0.136457
0.136465
0.202678
0.252432
0.250452
0.24539
0.250813
0.0224945
0.0226949
0.0355646
0.0352582
0.179589
0.185481
0.214739
0.196735
0.168014
0.14932
0.162358
0.166201
0.0268191
0.0404256
0.0404342
0.0268242
0.142344
0.160539
0.160513
0.142344
0.185541
0.195915
0.185515
0.176251
0.0751911
0.0440165
0.0304534
0.0475753
0.183789
0.157575
0.157574
0.183762
0.198778
0.233659
0.233624
0.198786
0.235689
0.239568
0.239093
0.243754
0.190788
0.192536
0.197541
0.192238
0.120512
0.145953
0.146101
0.120518
0.189922
0.146888
0.146889
0.190039
0.22612
0.221499
0.186526
0.147632
0.177514
0.200415
0.156077
0.141331
0.148564
0.239559
0.231331
0.16549
0.199633
0.238081
0.218903
0.18099
0.250269
0.252184
0.250314
0.245164
0.0224209
0.0223556
0.0350994
0.0353019
0.196563
0.214737
0.185474
0.17965
0.149321
0.168013
0.167468
0.162357
0.195997
0.185545
0.176246
0.18552
0.0409195
0.075175
0.0475598
0.0310999
0.24359
0.239018
0.239469
0.235379
0.192247
0.197556
0.192549
0.190803
0.147636
0.186507
0.221497
0.226134
0.141342
0.156083
0.200412
0.177508
0.0848673
0.0971413
0.0802447
0.0667539
0.0573758
0.0591028
0.0669484
0.0659256
0.201786
0.241434
0.230369
0.160406
0.101358
0.10963
0.112265
0.104244
0.0446775
0.0382484
0.0383448
0.0447524
0.0559487
0.060824
0.0608053
0.0559226
0.0771828
0.0796894
0.0876124
0.0872582
0.179032
0.126215
0.11909
0.149546
0.0711123
0.067146
0.0671509
0.0711153
0.0749103
0.0751352
0.0751265
0.0749052
0.0894029
0.0885324
0.101696
0.0977241
0.336721
0.473163
0.463815
0.329608
0.318409
0.237073
0.237033
0.318371
0.482386
0.463971
0.463976
0.482384
0.444002
0.464236
0.464238
0.444053
0.211125
0.254816
0.254866
0.211125
0.0970809
0.0848178
0.0667349
0.0802098
0.0590615
0.0573505
0.0659158
0.0669353
0.160166
0.230316
0.241252
0.20152
0.109537
0.101296
0.104187
0.112198
0.0872456
0.0875835
0.0796593
0.0771824
0.126205
0.179066
0.149724
0.119067
0.097672
0.101645
0.0885002
0.0893791
0.32961
0.463816
0.473455
0.336733
0.0727404
0.148704
0.146631
0.0651857
0.26317
0.256852
0.248192
0.24056
0.240405
0.23598
0.243545
0.248876
0.09171
0.083593
0.14701
0.15103
0.111272
0.139223
0.226913
0.245251
0.13873
0.193705
0.211393
0.140985
0.237246
0.246328
0.244393
0.236776
0.261075
0.255908
0.249042
0.2527
0.103118
0.119705
0.137726
0.120875
0.212969
0.246216
0.200715
0.140333
0.238515
0.230007
0.230663
0.241217
0.136676
0.135469
0.153609
0.172622
0.0605075
0.0765075
0.161972
0.134092
0.0899546
0.159852
0.16442
0.0884616
0.239474
0.240945
0.235336
0.23265
0.235425
0.215656
0.240493
0.246604
0.0723128
0.0651993
0.146428
0.148307
0.0917643
0.150998
0.146955
0.0835932
0.240218
0.248665
0.243296
0.235895
0.262717
0.225896
0.247767
0.256345
0.0607839
0.13409
0.162116
0.0763353
0.235435
0.246417
0.240421
0.215477
0.239421
0.23261
0.235465
0.240853
0.090332
0.088389
0.16435
0.159904
0.103089
0.120809
0.137676
0.119679
0.136587
0.172219
0.151944
0.13537
0.238394
0.241157
0.230622
0.229934
0.212955
0.141469
0.200589
0.246038
0.111068
0.245097
0.226737
0.139161
0.260671
0.252183
0.248602
0.255568
0.237048
0.23672
0.244175
0.2461
0.138626
0.140893
0.211141
0.193374
0.00708698
0.00662433
0.012916
0.0137787
0.00666365
0.0129263
0.01292
0.0066659
0.0254645
0.0256939
0.0192846
0.0192081
0.0264062
0.0204695
0.0194402
0.0259459
0.00581879
0.0121344
0.012737
0.00656963
0.0250424
0.0256554
0.0191512
0.0185838
0.0254104
0.0191627
0.0191485
0.0255316
0.00665688
0.00664574
0.012852
0.0129036
0.0423317
0.0451259
0.0448898
0.044124
0.04503
0.0446518
0.044703
0.045051
0.031742
0.0318996
0.0382992
0.0381977
0.03143
0.0378029
0.0385122
0.0320904
0.043724
0.0449222
0.0451329
0.0453297
0.0325937
0.032376
0.0387542
0.0387572
0.0317995
0.0382461
0.0384447
0.0320719
0.0450549
0.0451267
0.0448169
0.0446894
0.0698918
0.143765
0.139557
0.0907778
0.222655
0.19807
0.178937
0.203463
0.193491
0.182567
0.183669
0.197743
0.129901
0.112833
0.151422
0.15833
0.149258
0.296093
0.238382
0.165523
0.382177
0.32183
0.308143
0.365145
0.195397
0.198512
0.229093
0.239741
0.208403
0.18513
0.187115
0.197446
0.149251
0.165524
0.238405
0.296086
0.208413
0.197471
0.187125
0.185132
0.195394
0.239743
0.229104
0.198501
0.382177
0.365143
0.308189
0.321836
0.0699043
0.0907792
0.139591
0.143628
0.129901
0.158331
0.15143
0.112978
0.193492
0.197748
0.18367
0.182563
0.222641
0.203483
0.178927
0.198021
0.0517815
0.0379411
0.100332
0.113906
0.11204
0.194713
0.161225
0.0857122
0.246051
0.207835
0.197698
0.235972
0.154617
0.143438
0.132048
0.141165
0.0693045
0.105985
0.157235
0.0920119
0.132376
0.200165
0.196004
0.134931
0.247667
0.237768
0.230274
0.23685
0.112664
0.111787
0.193855
0.199128
0.0683829
0.0916886
0.157225
0.105983
0.11266
0.199129
0.193685
0.111037
0.247385
0.236843
0.230226
0.237739
0.132377
0.134873
0.19576
0.200165
0.0517149
0.113893
0.100352
0.0379536
0.154621
0.141288
0.132019
0.143436
0.246049
0.235956
0.197772
0.20784
0.112088
0.0857309
0.161228
0.196469
0.102708
0.0868418
0.100013
0.115209
0.0663013
0.0797968
0.0899045
0.0764491
0.0950692
0.102223
0.101048
0.0927194
0.121977
0.122529
0.108916
0.109706
0.0357587
0.0550801
0.0584417
0.0406362
0.0783193
0.0801963
0.0734884
0.0694784
0.0874573
0.0846052
0.0773803
0.0817594
0.0558612
0.0455881
0.0631388
0.0709952
0.0831509
0.0795718
0.0903955
0.0896884
0.0803288
0.0917377
0.0895635
0.0800713
0.0897787
0.0857956
0.0883129
0.091811
0.08415
0.0877484
0.0880513
0.0851005
0.0912129
0.108975
0.103663
0.0889336
0.121603
0.111387
0.111877
0.121354
0.0966714
0.0988051
0.104955
0.10422
0.0822621
0.0854411
0.099509
0.09575
0.102614
0.11512
0.0999394
0.0867622
0.12188
0.109621
0.108818
0.122451
0.0950113
0.0926665
0.100992
0.10213
0.0662758
0.0764005
0.0898472
0.0797569
0.0911841
0.0888977
0.103602
0.108911
0.0822523
0.0957146
0.0994597
0.0854205
0.0966159
0.104156
0.104904
0.0987593
0.121551
0.121264
0.111797
0.111313
0.0831259
0.0896557
0.0903801
0.0805351
0.0841354
0.0850752
0.08803
0.0877343
0.0897348
0.091774
0.0882842
0.0857617
0.0803026
0.0800451
0.089538
0.0915937
0.0357687
0.0406324
0.058436
0.0550782
0.0558527
0.0709737
0.0631231
0.0455992
0.0874125
0.0817259
0.0773587
0.0845805
0.0783087
0.0694725
0.0734776
0.080171
0.0502658
0.0504933
0.0561051
0.0562686
0.05087
0.0555698
0.0563278
0.0511493
0.0582859
0.0597109
0.0613418
0.0602445
0.0619151
0.0610043
0.061629
0.0615165
0.0493794
0.0548291
0.0560334
0.0504086
0.0612575
0.0614873
0.0615759
0.0604102
0.0581487
0.0602353
0.0613131
0.0596914
0.0508533
0.0510985
0.0562881
0.0555569
0.0766337
0.0771115
0.0719773
0.0706561
0.0738999
0.0699379
0.0717798
0.075663
0.062085
0.063974
0.0678757
0.0659714
0.0647934
0.0668022
0.0684494
0.0654233
0.0765741
0.0708058
0.0719838
0.076842
0.0651325
0.0654388
0.0684602
0.067104
0.0624005
0.066411
0.0678838
0.0639856
0.0740054
0.0756647
0.0717846
0.070237
0.144909
0.142104
0.330045
0.316026
0.145717
0.336977
0.336497
0.1427
0.485498
0.483806
0.470826
0.475626
0.428658
0.411403
0.451251
0.467892
0.154336
0.290137
0.309425
0.152467
0.420167
0.443041
0.437598
0.411817
0.477317
0.46745
0.457474
0.464463
0.148244
0.150341
0.323012
0.334879
0.154338
0.152466
0.309426
0.290136
0.148276
0.334891
0.323012
0.150346
0.477314
0.464467
0.457475
0.467462
0.420167
0.41182
0.437624
0.443283
0.144921
0.316018
0.330055
0.142089
0.428641
0.467899
0.451254
0.411388
0.485494
0.475632
0.470839
0.483812
0.145841
0.142706
0.336492
0.33698
0.0584398
0.086187
0.102221
0.0842977
0.1603
0.180682
0.173994
0.173621
0.200546
0.180288
0.175751
0.192359
0.117285
0.104819
0.117942
0.132248
0.07323
0.092626
0.159571
0.140914
0.102369
0.185439
0.171376
0.101949
0.200022
0.189043
0.181781
0.195191
0.157016
0.151853
0.17171
0.180502
0.0481867
0.103934
0.160491
0.069701
0.167452
0.224585
0.217978
0.16195
0.214439
0.210671
0.218808
0.224006
0.0890821
0.0796562
0.1903
0.19715
0.0841324
0.0899294
0.109321
0.100084
0.106301
0.124018
0.115674
0.0946536
0.208757
0.214242
0.137641
0.162244
0.132135
0.119244
0.129982
0.188249
0.0584336
0.0842908
0.10221
0.0861166
0.117279
0.132203
0.117931
0.10488
0.200538
0.192404
0.17577
0.181297
0.160252
0.17362
0.173979
0.180661
0.0841305
0.100082
0.10931
0.0899421
0.132099
0.188259
0.129962
0.119237
0.208755
0.162244
0.137837
0.214207
0.106266
0.0946483
0.115665
0.124031
0.0481342
0.0696846
0.160505
0.103909
0.088973
0.197148
0.190268
0.079508
0.214437
0.224003
0.218806
0.210669
0.168017
0.161936
0.217955
0.224549
0.0732197
0.140961
0.159587
0.0926266
0.157015
0.180458
0.17173
0.151861
0.200016
0.195185
0.181767
0.189026
0.102551
0.10196
0.171378
0.185436
0.0883644
0.0816612
0.0795896
0.0861466
0.075026
0.0728904
0.0751391
0.0784386
0.0681882
0.0685853
0.0752784
0.0750006
0.0294705
0.0816753
0.0773692
0.0397321
0.0885873
0.0861826
0.0796182
0.081967
0.029439
0.0378581
0.077356
0.081673
0.0681821
0.075773
0.0752654
0.0685672
0.0754813
0.078437
0.0751314
0.0739422
0.0107339
0.00937147
0.0240454
0.0249264
0.012893
0.0268152
0.0268234
0.0125403
0.0542622
0.054611
0.0405086
0.0403429
0.0288728
0.0256267
0.0284035
0.0338954
0.01072
0.0271913
0.0242587
0.00938008
0.0289025
0.0331904
0.0282485
0.0256342
0.0542682
0.0403472
0.0405215
0.054629
0.0129036
0.0125431
0.0268871
0.0268177
0.159374
0.162699
0.241479
0.253828
0.159748
0.167226
0.187119
0.163571
0.191673
0.211532
0.210158
0.190728
0.37969
0.37601
0.243659
0.261153
0.0601547
0.0754057
0.102752
0.0950529
0.0918926
0.122783
0.115685
0.0852418
0.172742
0.169257
0.143102
0.14859
0.14605
0.124944
0.130855
0.150429
0.0601892
0.0950539
0.102763
0.0753348
0.146049
0.150368
0.130789
0.124931
0.17274
0.14874
0.143102
0.169262
0.091893
0.0852425
0.115688
0.122781
0.159371
0.254326
0.240961
0.162711
0.37969
0.261205
0.234662
0.376167
0.191739
0.190794
0.210155
0.211515
0.159777
0.163571
0.187151
0.167227
0.0545663
0.0678139
0.0790769
0.0838189
0.122568
0.143607
0.100467
0.0830355
0.175252
0.173494
0.159456
0.161875
0.101774
0.09401
0.142461
0.15371
0.0545432
0.0837991
0.0800297
0.0678413
0.101474
0.153709
0.142454
0.0939776
0.175253
0.161873
0.159417
0.173485
0.122567
0.0821953
0.0953402
0.143608
0.0882203
0.136766
0.164925
0.107492
0.155543
0.194139
0.183289
0.152099
0.181701
0.178889
0.156984
0.149129
0.106599
0.109763
0.164439
0.159417
0.0885059
0.107213
0.164965
0.137274
0.106677
0.159418
0.164442
0.109876
0.181702
0.149129
0.156985
0.17889
0.155544
0.152104
0.183668
0.194164
