-0.759168
0.345
-1.965
-0.705
0.405
1.95426
-0.805
0.745
-1.99114
-0.575
1.21103
2.005
0.755
0.345
-1.9692
0.705
0.405
1.95483
0.805
0.745
-1.99109
0.575
1.21097
2.005
0.0728093
0.104255
0.173586
0.182709
0.0714172
0.105953
0.173596
0.182617
0
0
0
0
0
0
0
0
0
0
0
0
0
0
0
0
0
0
0
0
0
0
0
0
0
0
0
0
0
0
0
0
0
0
0
0
0
0
0
0
0
0
0
0
0
0
0
0
0
0
0
0
0
0
0
0
0
0
0
0
0
0
0
0
0
0
0
0
0
0
0
0
0
0
0
0
0
0
0
0
0
0
0
0
0
0
0
0
0
0
0
0
0
0
0
0
0.0162573
0.0459487
0.0257566
0.0953633
0.0304777
0.0670619
0.208248
0.050365
0.0878592
0.0528343
0.0133882
0.0257408
0.0955585
0.0670865
0.0504108
0.0527845
-0.0121876
0.0410243
-0.0109116
0.0750603
-0.0168266
0.0073014
0.354448
0.403905
-0.0119377
0.0428445
0.0753952
0.00730791
0.0837368
0.085704
0.0317259
0.265367
0.248204
0.0644996
0.0655012
-0.0193889
0.499749
0.181759
0.181827
0.0131527
0.28824
0.230031
0.0124206
0.0228694
0.0157377
0.00320201
0.0148449
0.0660973
0.00317696
0.0381403
0.0489733
0.00145731
0.032774
0.0244978
0.0227952
0.0139317
0.0148721
0.014811
0.00311676
0.0656504
0.0397701
0.00521482
0.0490363
0.0329635
0.00246969
0.0245724
0.0240711
-0.00510936
0.00266416
0.0197001
0.000887435
-0.0146229
0.0302793
-0.0104282
-0.0154273
0.00132686
0.00381714
0.152757
0.0068266
0.0317068
0.00101871
0.200443
0.0273105
0.0200479
-0.00456541
0.00472019
0.000978356
-0.0111629
-0.0150616
0.0299759
-0.0155713
0.152744
0.00130495
0.00378983
0.00691042
0.200494
0.0316694
0.00115683
0.0460777
0.0717675
0.000875828
-0.00643214
0.0477605
0.00664169
0.060052
0.0591427
0.0154492
0.132198
0.0494582
-0.017659
0.0679031
-0.00992631
0.0118365
0.0733205
-0.00823607
-0.0468089
0.0530126
0.0983159
0.048138
0.0742307
0.0497528
0.00687725
0.0596574
0.0591116
0.0495001
-0.0180402
0.0118254
0.0735592
0.0531091
0.0986837
0.00836994
0.00840313
-0.00469602
0.00114881
0.0033149
-0.000762719
-0.000433273
0.0159932
-0.00948333
-0.00473892
0.0211854
0.243202
-0.0797921
0.0527091
0.0120481
0.0120067
0.00925461
0.00802223
-0.00464093
0.00120119
-0.000503479
0.0158882
0.0211974
0.243111
0.0794011
0.0362846
-0.00223896
0.049536
0.0824633
0.0505327
-0.00222096
0.0382516
0.0123826
0.0124915
0.0267057
0.0262912
0.126605
0.0289442
0.0292944
0.126785
0.115546
0.0957256
0.0979315
0.116007
0.00586224
0.00431568
0.0263096
0.0132505
0.00732022
0.0132514
0.0263004
0.00472625
0.012838
0.0127346
-0.0067395
-0.00615822
0.242677
0.234606
0.234666
0.242693
0.0579019
0.0973772
0.0836333
0.051398
0.0579094
0.0514491
0.0835564
0.0971705
-0.013988
-0.0145118
0.00748758
0.00765895
0.162421
0.0609116
0.0611918
0.162486
0.155143
0.153927
0.0441202
0.0439381
0.00147912
0.0225559
0.020886
-0.0740113
0.0103721
-0.015059
0.000471156
-0.00567843
0.00402528
-0.00291243
0.0208895
0.0114237
0.0225708
0.00181217
0.0167165
0.00994241
-0.0746651
-0.0153096
-0.00483379
0.00290173
0.00399403
0.0210366
-0.00228784
0.0113733
-0.0195298
0.00190717
0.0322025
0.00568032
0.000848277
-0.00368871
0.0273342
0.0182085
0.00742184
-0.000702888
0.00110601
0.0927961
-0.000734266
0.0415663
0.00429215
0.0531999
-0.0176979
0.0063608
0.00328986
0.0349297
0.00130074
0.0175469
-0.00423526
0.0278211
0.00754362
0.0928038
-0.000688466
0.00111162
-0.000583591
0.0532652
0.0417024
0.00426038
-0.0169238
0.000562719
0.0373958
0.0122175
-0.000503839
-0.000484678
0.00228409
0.0827047
-0.000387505
-0.00324157
0.0104797
0.00625165
0.00429075
0.0018458
0.0172321
0.043822
-0.000134661
-0.000141597
-0.00404442
0.0626768
3.98619e-05
-3.56561e-07
0.032681
0.0206055
-0.088496
-0.0883391
0.0467998
0.00712505
0.00988776
-0.0107947
0.0106718
0.0631445
0.00355009
0.00355419
-0.00746618
0.0796332
0.00516793
0.00176424
0.0337219
0.0795191
0.00372949
0.00102999
0.0394452
0.0151283
0.00103195
-0.00400075
0.00853093
0.00650025
0.00429605
0.0015374
0.017784
0.0460416
2.28034e-05
0.000326199
0.0363062
0.0203342
0.00983803
-0.0108667
0.0106544
0.0642078
0.00519486
0.00185501
0.0336218
0.0798329
0.00326895
0.00652209
0.0351791
0.011983
0.00353511
0.0029777
-0.0105355
0.000570697
0.00304557
0.00311882
-0.00320261
0.00395315
0.00682955
0.000750119
-0.00195698
0.00729321
0.00156832
0.00161506
-0.00238176
-0.00471413
0.000677858
0.000825553
0.0417299
0.030511
0.0101109
0.0100816
0.00266796
0.00358629
0.008899
0.00889851
0.00289116
0.00248673
0.00352791
0.00683088
0.0367227
0.0119516
0.0035989
0.00296816
-0.010508
0.000605269
0.00673527
0.000653392
-0.0021108
0.00719251
0.000688129
0.000876501
0.0386457
0.0305866
9.94837e-05
-0.000217922
0.000945445
0.0075044
0.000104926
-0.000212352
0.00096871
0.00750363
0.00167198
-1.11022e-16
-2.73123e-08
0.0066048
0.00646363
0.0162439
0.0162736
-0.0196979
0.01735
0.0202151
-0.027816
0.0165936
0.00521835
0.000764025
0.00347294
0.00105645
0.00521043
0.00076213
0.00347805
0.00105422
0.000594096
-3.08916e-06
0.00236769
0.000693407
0.00853398
0.0109475
0.0037378
0.0085867
0.0166297
-0.000778496
0.016673
0.00019058
0.0167932
-0.000779412
0.0166701
0.000190212
-1.80899e-05
-0.00118828
-0.00115476
-6.19225e-06
-0.00470657
0.009968
0.0100302
0.0012178
0.00555992
0.0115988
0.0158505
0.00553288
0.0421679
-0.0965543
0.00226425
0.044474
0.00443037
0.00592581
0.023598
0.0295285
-0.00294159
0.0671175
0.0387366
0.023164
0.0314736
0.0242172
0.054436
0.00669532
0.00797335
0.0510437
0.0288931
0.0161514
-0.00768793
0.00758975
0.0460151
0.0287442
0.00226917
0.0464422
0.043667
-0.120243
0.00620266
0.00637854
-0.00293641
0.0674158
0.0240735
0.0303028
0.038996
0.0231761
0.053777
0.00421166
0.0309531
0.0245081
0.00795441
0.050941
-0.00765676
0.0076256
0.0301255
0.0160581
0.0476109
0.0289472
0.0290659
0.00717518
0.03583
0.00624691
-0.0208274
-1.23304e-05
-0.00291134
0.00109445
0.0357916
0.0181078
0.0386754
0.0143783
-0.0144618
0.0110529
-0.00138389
-0.000822091
-0.00210651
0.0758521
-0.00827542
-0.000269208
0.0149646
0.049391
0.00567735
0.00622527
0.0455829
0.118259
-0.00261705
-0.00632597
0.0465219
0.0388731
0.00364786
0.0027763
0.0298659
0.00639146
-0.00259578
0.00106596
0.0376418
0.00639628
-0.0207566
4.89525e-06
0.0392673
0.0176585
-0.0013492
-0.000789166
0.0398198
0.0142371
-0.0144115
0.0111915
-0.00212508
0.0760974
0.0054921
0.00624687
-0.00830053
-0.000269618
0.0149877
0.0494143
0.0454156
0.118282
0.00366031
0.00276919
-0.00261107
-0.0063767
0.0463808
0.0388307
0.000314355
-0.00149394
0.00860638
0.00200807
-0.000116587
-0.00011568
-0.0737373
-0.0740122
5.62892e-05
0.00856633
0.00168232
-0.00464565
0.0138865
-0.00444468
0.0093016
-0.0105459
-0.00153232
-0.00151074
0.00525715
0.0057924
8.47674e-05
0.0109245
-6.93228e-05
-0.00022902
0.0171885
0.0172505
-0.0715374
-0.0676145
0.0110017
0.000109601
0.00398809
-0.00134041
0.00521619
0.00517659
-0.0154476
-0.0153225
0.000701851
0.00538995
0.00631481
0.00246939
0.000313989
-0.00152046
0.00204652
0.00837175
5.63542e-05
0.00856319
0.00167929
-0.00467606
-0.00422208
0.0138495
0.00983249
-0.0105382
9.12643e-05
0.0110217
-2.52146e-05
-0.000231432
0.000113685
0.0109993
-0.00137292
0.0039345
0.00535441
0.000614347
0.00240212
0.00617989
0.000789143
0.00384205
-3.75152e-05
0.00122329
-3.90011e-05
0.00347284
0.00489794
0.00166561
0.00458555
0.00455333
0.000755928
0.000886908
0.00516154
0.00160744
-0.000764944
0.00701853
0.000200192
0.000103786
-0.000760036
-0.000705102
0.00266083
0.00284883
0.0140664
0.00345748
0.0118881
0.0115291
0.015134
0.0151257
0.00939677
0.00938759
0.00488836
0.00488059
0.000794137
0.00377506
-4.45502e-05
0.00126015
0.00237074
-3.9911e-05
0.00491509
0.0016371
0.00160725
0.0051136
-0.000760542
0.00696374
0.00283874
0.00266091
0.00348643
0.0141198
0.0323288
0.00653556
-9.12319e-05
0.0398288
0.0197908
-0.014983
0.00798802
0.0149121
-0.00987356
0.00996768
0.0102117
-0.00553636
0.0331469
0.0343745
-0.00136019
0.0094759
0.0326825
0.0416059
-0.000106535
0.00567568
0.0331101
0.00945727
-0.00138576
0.034552
-0.00986793
-0.00559243
0.0101929
0.00996283
0.02197
0.0119869
0.00798593
-0.0149472
0.0133487
0.0019768
0.00167715
0.00757775
0.0135869
0.00792731
0.00167522
0.00198414
0.00587799
0.00198688
0.000964379
0.000670214
0.00599763
0.000956443
0.000979771
0.00191053
0.0837699
0.0634331
0.0222846
0.0672526
0.0782832
0.0129136
-0.0033029
0.0727155
0.0781891
0.0735936
-0.00310679
0.0127978
0.0833256
0.0670258
0.0221329
0.0633465
0.0594301
-0.0499555
-0.0649772
0.0696443
0.0450552
-0.0884363
0.0202689
-0.0247505
0.0440665
-0.0230935
0.0196057
-0.0874698
0.0598796
0.0689838
-0.0656676
-0.0586353
0.0336631
0.0358106
0.00603408
0.00475012
0.030828
-0.00258096
0.00852532
0.0372534
0.0456315
0.0456169
0.00460966
-0.00069057
0.00731686
0.0030024
0.00217428
0.0253578
0.0359686
0.00480988
0.00603147
0.0375185
0.00734505
0.0253384
0.0021654
0.00299418
0.0457238
-0.000746998
0.00462087
0.0454279
0.0316249
0.0385825
0.00853218
-0.00265771
0.00732394
0.00376759
0.00063408
0.00785461
0.00773497
0.00791422
0.000743648
0.00387586
0.013657
-0.00114594
0.00235356
0.0154054
0.0140445
0.0154935
0.00225225
-0.00122515
0.0765716
0.0390007
0.0229924
0.0154156
0.0475113
0.0121197
0.0124246
0.033486
0.0475281
0.0334992
0.0124457
0.0121138
0.0765962
0.0154399
0.0230888
0.0390438
0.0645765
0.0335708
-0.00064461
0.00842495
0.0459144
0.0183554
0.0130408
0.0380419
0.0477033
0.0452944
0.0231069
0.0271885
0.0390781
0.00427985
0.016064
0.035765
0.0647786
0.0084393
-0.000641637
0.0376681
0.0391727
0.0354673
0.0160348
0.00420928
0.0490323
0.0274919
0.0232606
0.0452426
0.0456482
0.0380328
0.0131706
0.018894
0.0247286
-0.00320412
-0.0010121
0.0193565
0.0240122
0.0189961
-0.00098735
-0.0031475
-0.00866079
-0.00410051
-0.0015241
0.0217614
-0.00866647
0.0218911
-0.00152324
-0.00406731
0.0707982
0.106295
0.00986673
0.00957596
0.0153243
-0.00330389
0.00424579
0.0571472
0.0155092
0.0574221
0.00417679
-0.00331781
0.0708516
0.00957259
0.00978573
0.106635
0.0813747
0.0677182
0.0165636
0.0445548
0.0813695
0.0446815
0.0167951
0.0677388
0.0143841
0.030698
0.00837625
0.0123017
0.0143338
0.0120488
0.00834112
0.0306585
-6.15171e-05
0.0219362
0.00632043
0.0131528
0.0125597
0.0111658
0.00160105
0.000771362
-0.00248048
-0.00131878
0.0131706
0.00958624
0.0219631
0.000269955
0.0156437
0.0117766
0.013582
0.0117031
-0.000103128
0.000120963
-0.00243339
0.0134838
-0.00116064
0.00979774
-0.00595449
-0.00105139
0.000413766
0.00592015
0.00705435
0.00076921
0.00296477
0.00397857
0.000181928
0.00520612
0.000285911
-0.0168574
0.000611918
-0.00302953
0.00101177
0.00772996
-0.00452969
0.00648639
-0.000551997
0.00231392
0.00687128
0.00332757
0.000327677
0.00280917
0.000131314
-0.0169276
0.00520821
0.00025778
0.000533348
0.00780804
-0.00292667
0.00102987
0.00883037
-0.0136736
0.00987441
0.0109956
8.43813e-05
0.000160923
0.00221715
0.0406492
0.000303863
-0.00161824
0.01018
0.0062004
0.00300776
0.00880754
0.0119554
0.0175036
5.79645e-05
5.69902e-05
0.00224198
0.027332
-1.20226e-07
-1.17995e-07
0.0505684
0.00164193
0.0111006
0.0111054
0.0363504
0.00383209
0.00182311
0.00185454
0.0105954
0.0469908
0.000531054
0.000504735
-0.00493353
0.0426518
0.00275229
-0.00219687
0.00136821
0.0385604
-0.000806424
0.00271076
0.0101391
0.0134318
-0.000194782
-0.00556754
0.0122422
0.00645069
0.00294948
0.0087478
0.0119844
0.0162366
-1.21199e-07
-0.00027479
0.0488155
0.00133401
0.00169899
0.00187721
0.0105783
0.046328
0.00273038
-0.00205331
0.00155919
0.0384112
-0.00184886
0.00147825
0.00430472
0.00634486
0.000916341
0.00298311
-0.000129091
0.000554592
-0.00144547
-0.00240171
0.00168759
0.00158884
-0.000387876
0.00030512
-1.22209e-06
0.00327601
-0.000402239
-0.000434388
-3.39171e-05
-0.00138136
-8.66116e-05
-0.000193184
-0.00132939
-0.000220106
0.00278859
0.00280853
0.00181054
0.000691398
0.00119572
0.0011964
0.0010702
0.000254988
-0.00203782
-0.00194232
0.0049577
0.00619552
0.000940296
0.00297355
-9.06464e-05
0.000621548
-0.000543676
0.000213768
-0.000130703
0.0031561
-6.82258e-05
-0.000233524
1.56764e-05
-0.000183942
5.0912e-05
2.63093e-05
-0.00134483
-0.000113341
5.69676e-05
3.23249e-05
-0.00139148
-0.000119677
1.7949e-05
1.11022e-16
-1.48851e-08
3.21968e-06
0.000141677
0.00188273
0.00183439
0.0107831
0.00170968
0.0119585
0.0336773
0.00164359
0.000398748
2.26621e-05
-0.000722305
0.00111875
0.000415541
2.5096e-05
-0.00074141
0.0011197
-0.0022756
2.28196e-07
-4.8506e-07
-0.00227418
0.000788204
4.38509e-06
0.000520065
0.000797099
7.97253e-05
-0.0018014
0.000459918
4.04259e-05
7.98482e-05
-0.000780069
0.000447335
4.10644e-05
1.43329e-07
0.000218185
0.00011734
1.42942e-07
-0.00600031
0.000725557
0.000748472
0.00018582
0.00328328
0.0130108
-0.0188459
0.0032707
0.00104978
0.0105821
-0.00864677
-0.0674705
0.000135206
-0.000207269
0.00220415
0.0417583
-0.0112177
-0.00364022
0.01156
0.00570942
-0.0395453
0.00102695
0.0162694
0.00971267
0.00210137
-1.15112e-05
0.00168383
0.0167146
-0.0339531
4.02545e-05
0.0456958
0.00104289
0.000570217
-0.0108624
0.00906741
0.00708795
0.00228125
0.0427956
0.0381215
-0.0111898
0.00629123
0.00458958
0.0079581
0.0389371
-1.44056e-06
-0.00125205
0.0124838
0.00379859
0.00227995
0.000952465
-0.00416938
0.0340471
-0.000133964
0.00410639
0.0113406
0.0223198
0.000132905
-0.000201847
0.00219803
0.0388922
0.000610984
0.000376075
-0.00847949
-0.0689633
8.06804e-07
-8.54532e-05
0.00970087
0.0061648
0.0022812
-8.89385e-06
0.00168206
0.0164491
-0.0392832
0.00101913
0.0163097
0.00955673
-0.0343259
2.32186e-05
0.0458869
0.00104637
0.00268317
0.0487571
0.0382842
-0.0107365
-0.000878504
0.000464913
0.00775536
0.00670248
0.00625825
0.00455018
0.00792705
0.0388162
0.00227424
0.00092097
-0.00423117
0.0341488
1.46841e-05
-0.0016086
0.0126265
0.0035798
-0.000112158
0.00403561
0.0104219
0.0221576
0.0101442
-0.0137926
0.0316131
0.00602063
0.00316686
-0.00170214
0.00508402
0.00550558
-0.020098
-8.94727e-05
-0.000172094
-0.000105995
-0.000174638
-0.00403262
0.000800838
-0.000123209
2.09858e-05
-1.1563e-07
0.0496756
0.00226257
-7.00885e-05
0.00504812
0.005708
0.00641112
-0.00380179
0.000472648
-0.00833687
0.00604288
0.0139689
0.00160635
-0.000118512
0.00169079
0.00156637
-0.000319664
-0.000458196
0.049368
-0.00081647
-5.04506e-05
-0.000170325
0.000556346
0.000186704
0.00034308
0.0168158
-0.0114249
0.0161386
0.00258523
0.0012109
-0.00042896
-0.00125713
0.00130982
-0.00167061
0.0411101
0.00484513
-9.22585e-07
-0.000260798
-2.49374e-05
0.000183925
-0.000309731
0.00222958
0.00654253
0.0315453
0.00251051
0.000951808
0.000414678
0.016141
-0.0111863
0.0324245
0.00525452
-3.87098e-05
-0.00392049
0.000495272
-0.000104525
0.00367439
-0.00185144
0.00609382
0.00549647
-0.0205187
-9.65871e-05
-0.000146772
-0.000103529
0.000251302
0.00037257
0.0480498
0.00177771
0.0140063
0.00163588
-0.000141086
0.00170722
0.000298951
0.00520394
0.00615583
0.00617933
-0.00422424
0.000410633
-0.0084212
0.00604774
0.00135526
-0.000277429
-0.000455457
0.0492785
0.0160584
0.00255593
0.00123428
-0.00044717
-0.000821027
-5.14029e-05
-0.000170443
0.000572605
0.000185582
0.000367173
0.0167106
-0.0114333
-0.00124864
0.00131534
-0.00149248
0.0409895
0.0315238
0.00250501
0.000977386
0.000415582
0.00475897
-1.4915e-05
-0.000283812
-2.25619e-05
4.94667e-05
-0.000284914
0.00224212
0.00648662
0.00417309
2.70417e-05
-0.000295424
9.2144e-05
0.00248523
0.00998937
0.000545911
-0.000912251
4.57008e-06
0.00125038
9.39351e-06
3.29606e-05
0.0131384
-0.109115
-0.019109
0.0195598
0.012522
0.000244312
1.38085e-05
3.4205e-05
-7.51868e-05
2.22045e-16
1.45263e-05
4.4537e-07
-0.00214956
0.0113176
0.00118334
-0.00249066
-0.00512631
0.000487763
0.013026
-0.0190673
-0.00639148
-2.86959e-05
0.000536077
0.000535783
0.00955632
0.00199417
0.00307859
0.00305493
0.00240579
-2.71767e-05
1.86426e-05
3.21298e-05
0.0190926
-0.000403577
7.81475e-06
-0.000174262
0.00171983
0.00176072
0.00218668
0.00211544
0.000872122
-0.126823
0.0312973
0.0290411
5.88416e-06
2.69916e-05
7.79438e-05
3.41747e-05
0.00981911
-0.0105267
-1.06005e-06
0.00116099
-0.000439392
5.0122e-05
0.000498643
0.000465144
-0.0494679
-0.0172431
-0.000405006
-0.000406812
-0.00335904
0.00300681
0.00190932
0.00135239
0.002013
0.00352291
0.00454826
0.00238436
0.00417519
2.67742e-05
-0.000295448
0.000105536
0.00108482
0.00959765
-0.000940997
0.00133733
0.0152158
0.00028371
1.36406e-05
3.30023e-05
-7.98927e-05
-2.44982e-09
1.92443e-05
5.78649e-06
-0.00176444
0.0111593
-0.0018682
0.00127929
-0.00636157
0.000629726
0.0129709
-0.0189934
0.00127625
-2.75182e-05
1.86147e-05
3.21041e-05
0.0190035
-0.000363403
-2.75776e-05
-0.00011995
5.94809e-06
-6.09045e-05
3.78673e-05
7.80579e-05
0.0092542
-0.0104813
0.0011574
2.6199e-05
-0.00331681
0.0030726
0.00149586
0.00193004
0.00198177
0.00337766
0.00231847
0.00455573
-0.0197345
0.000522093
0.000121651
-0.00101834
0.00534608
-0.0020082
-2.81255e-05
-2.42774e-05
-0.00956832
0.00735426
-0.000296775
-0.000572175
-1.45778e-05
-0.000103939
0.000692014
0.00206146
0.00490498
0.00660056
-0.00654658
-0.00404827
0.00236445
2.0306e-06
-0.00275317
-0.00294805
-0.000782992
0.00011193
0.000147402
0.000516783
0.00380747
7.39718e-05
-0.000746112
0.00357435
-0.0023603
0.0023691
-0.00169284
-0.00153129
-1.78762e-05
-6.41461e-06
-0.000308553
-0.000392729
-0.00983151
1.11507e-05
-0.000624306
0.000392632
0.0168158
0.00181109
0.00124116
0.000692036
-0.000214708
-0.010849
0.00158098
0.00144633
0.000640381
0.00130541
0.00253468
0.00254734
0.000287699
0.00107511
0.00115171
0.00115182
0.000690399
0.00137372
0.000108233
0.000110353
-0.0202843
0.000526672
0.000138435
-0.0010856
0.0054247
-0.00189948
-3.05528e-05
-4.45429e-05
-0.00952417
0.00734914
-1.86909e-05
-0.000298907
-4.59759e-07
-0.000105548
0.000694788
0.00202784
-0.000781205
0.000120352
0.000518199
0.000142527
0.00380366
7.4829e-05
-0.000742214
0.00358821
-0.0082683
1.05782e-05
0.000407237
-0.000610072
0.0168783
0.00186299
0.000748108
0.00117613
0.00435483
-0.00131824
-1.52453e-05
2.09195e-05
0.000904415
0.0118018
0.00829054
-0.00025399
-0.00173689
-0.00566367
0.00357241
0.00229945
0.00523804
-1.56616e-05
-0.00121343
2.44442e-05
0.00436866
-0.00219762
-1.52851e-05
2.15478e-05
0.00500041
-3.34091e-06
-0.00120761
4.32475e-05
-0.00174285
-0.00569141
0.00371087
0.00372195
0.000895306
0.0117966
0.00829965
-0.000225018
8.60253e-06
-2.81168e-05
-2.84537e-05
0.00126944
3.8064e-06
-3.68436e-05
-4.77199e-05
0.00124547
0.00101738
0.00316669
-0.00468012
-0.00297264
0.00108135
0.00309501
-0.00465074
-0.00295037
0.0024506
0.00836449
-0.0115788
0.00101751
0.00102233
0.000265493
-0.0012292
0.00567262
0.00226111
6.58544e-05
-0.00115255
0.00312312
0.0024882
0.00942006
-0.0114437
0.00105089
0.0538326
0.00245833
0.000543322
0.00392658
0.00688267
0.0148507
0.00180117
-0.0908966
0.0144537
0.00645477
-0.103873
0.00113079
-0.00260451
0.0676153
-0.0738623
0.000459588
-0.0206491
4.85169e-05
6.69629e-05
0.000509168
-0.0198177
-0.00180193
7.60305e-05
0.000365353
3.36605e-05
-0.00337778
0.000234452
5.28846e-05
0.000407918
-0.00232232
-0.000230591
-0.000397929
-0.0210735
5.19126e-05
4.87946e-05
0.000519621
0.000406643
-0.00234079
-0.000225598
-0.000384305
2.94002e-05
-0.00335098
0.000230893
5.5741e-05
-0.0202147
-0.00190657
5.88095e-05
0.000352824
0.000710288
0.00121527
-6.28717e-05
-0.00342257
0.00117088
0.000862843
-0.00327592
-2.6552e-06
-0.00123544
0.00794347
-0.00160485
0.00123788
0.00787105
-0.00125369
0.00124139
-0.00168044
0.040035
0.00111934
0.00547132
0.00499576
0.0197726
0.000442968
0.00111515
0.00246559
0.000432731
0.0193452
0.00245496
0.00110059
0.00106558
0.0402327
0.00498884
0.0054383
0.00197266
0.00401796
3.65879e-05
-3.70649e-05
0.0144894
0.0037282
0.00205261
0.00619201
0.00125573
0.00219433
-0.00139152
0.00303482
-0.00993836
-0.000311538
-0.00063422
0.00224817
0.000263593
0.00402353
4.3843e-05
-3.22732e-05
-0.00986231
-0.000291906
-0.000631702
0.00229864
0.00185408
0.00153388
-0.00141606
0.00302081
0.0141018
0.00671706
0.00201224
0.00634577
0.0156633
-1.01796e-05
6.90332e-05
-0.000713472
0.0155862
-1.19316e-05
8.84186e-05
-0.000677783
-0.00465577
0.0112652
-0.000130242
-0.000211994
-0.00475672
0.0112614
-0.000147228
-0.000190178
0.00681224
0.00101999
0.000163704
0.00160643
-0.0016669
0.00188433
0.00242095
8.83883e-05
-0.00166809
0.00204163
0.00233337
7.66415e-05
0.00681391
0.00102628
0.000165526
0.00162447
0.0118318
0.00814255
-0.00396275
0.000810719
0.0086543
0.0121876
0.00134707
-0.00331098
-0.0138394
0.005482
-0.0149625
0.00219564
0.00567395
-0.0125397
0.00229002
-0.0144936
0.0104353
0.015742
0.00227977
0.0286756
0.00517248
0.00437459
0.0115062
0.0168894
0.00301272
0.0234421
0.0351669
-0.00158801
0.010338
0.0106071
0.0423705
0.00315678
0.00163967
0.0415664
0.0125312
0.00571948
-0.00209866
0.0146227
0.0237775
0.00520898
0.00228053
0.0289154
0.0105114
0.0147474
0.0104995
0.00611801
0.00316989
0.02373
0.0116711
0.0183998
0.0350183
-0.00153324
0.04376
0.00102213
0.00929767
0.00959671
0.00154611
0.0438283
-0.00199087
0.0147395
0.0127839
0.00560778
0.0230324
0.00491986
0.00391999
0.0163549
0.00145689
0.00561435
0.00013347
-0.000131286
0.00472635
0.00113877
0.0317934
0.00385598
0.00326072
0.00544796
-0.000465704
0.0113031
-5.77021e-05
0.003966
-0.00203437
0.00431095
-0.00078364
0.000383651
0.015031
-0.0127039
0.00333569
0.00856239
-0.00366861
0.00855999
8.23147e-05
-0.000141567
-0.00313238
0.00523516
0.00116791
0.00035869
0.00392691
0.015258
0.00472309
0.00113596
0.00216452
0.00534349
-0.000275908
-0.00022981
0.0301461
0.00286653
-4.23031e-05
0.00401899
0.00365062
0.00521464
-0.000462027
0.0111605
-0.0020543
0.0042477
0.00311491
0.008317
-0.000753299
0.000380287
0.014944
-0.012685
-0.00367994
0.00846133
0.00116112
0.000326028
7.9328e-05
-0.00010855
-0.00313701
0.00526448
0.0111471
0.0223646
0.0108576
-0.0173393
-4.9859e-05
7.99311e-05
-0.0265957
-0.154745
0.00215665
0.0235427
0.00215434
0.0228916
3.54231e-05
9.07865e-05
0.000344074
0.000362166
0.0102345
0.00679265
0.00811353
0.00440483
-0.000607195
-0.000162369
9.64848e-06
-3.55964e-06
0.0092945
0.0148036
0.0128967
0.0145743
-0.000608919
0.0058647
0.00568009
-0.0257535
0.00188237
-0.0187385
0.00187205
-0.0187562
7.83276e-05
0.000138563
0.000653014
0.000735105
0.0506831
0.00133153
0.0503628
0.00195228
-4.63355e-05
-0.000131259
-5.48554e-08
-4.66418e-08
0.0750569
0.00190788
0.0817032
0.00183193
0.00246441
0.00246601
-0.00926292
-0.00389074
0.00584808
0.0401634
0.00118296
0.0524208
0.00518882
3.93863e-05
-7.08361e-05
0.000800454
-0.00506814
0.0429226
-0.0050455
0.0430199
0.000800464
0.000762205
-0.0172635
-0.0172575
0.0053707
0.03213
0.00317799
0.050228
0.000803927
0.000477891
0.00207031
-5.33266e-05
-0.000360313
0.000658015
0.0103831
-0.0431792
-5.27827e-05
0.000579748
-0.181425
-0.0701581
0.011101
0.00664444
0.00893794
0.00440104
-8.62795e-05
-0.00117312
1.27093e-05
4.57795e-06
0.0094116
0.0148151
0.0129745
0.01414
0.00579583
-0.000703736
0.00447009
-0.026151
0.0508801
0.00118531
0.0482594
0.00144042
-1.31839e-05
2.02048e-05
-5.46529e-08
-3.83847e-08
0.00584154
0.0401037
0.00118907
0.0519401
3.92947e-05
0.00519714
0.000892978
0.00028281
0.00544297
0.0319125
0.00339116
0.0500026
0.000669601
0.000309864
-3.42224e-05
0.00206659
0.00346807
0.00397955
0.00181019
0.00484034
0.000148633
4.23628e-05
0.0013891
5.65614e-05
-0.000526602
0.000455995
-6.24877e-05
0.000483855
0.00106372
0.00378254
0.000835974
0.00241231
0.00177584
-7.91863e-06
0.0017459
2.54908e-05
-0.00547855
-0.00421891
-0.00285491
-0.00394198
-0.00621303
0.00102064
4.33918e-05
-0.00658777
0.000298369
0.0003796
-0.000736111
0.00352385
-0.0002119
-0.000945999
-0.000191412
-0.000940062
-0.00109866
-0.000963491
-0.000595325
-0.000726799
0.01386
-0.00517688
0.00602707
0.00577881
0.00488889
-0.00319174
-0.000344171
-6.17512e-06
0.00165431
0.00044877
0.00169801
0.00040248
0.00233333
0.00235053
0.00288403
0.00287504
0.00106668
0.000273404
0.00107776
0.000273923
0.00118291
0.00118383
0.000663548
0.000664149
0.00414594
0.00379797
0.00221094
0.00452663
8.19639e-05
5.62299e-06
0.00138899
5.64591e-05
-0.000515119
0.000476662
-5.62284e-05
0.000496972
0.0037417
0.00104881
0.000842528
0.00243834
-0.00631457
0.00108383
4.21177e-05
-0.00655579
0.000401064
0.000321947
-0.000734737
0.00374863
0.0138444
-0.00515446
0.00612018
0.00573384
-0.00188993
0.00656555
3.37968e-05
-0.00034242
-4.94497e-05
-0.000264992
-3.56149e-05
3.76769e-05
8.84886e-05
-0.00114602
0.000157053
-0.00104032
-4.05886e-05
-0.000253883
-2.69589e-05
3.66019e-05
-0.00116279
7.3108e-05
-0.00105898
0.000157738
1.4667e-09
-2.25235e-08
1.62369e-05
1.73525e-06
1.87811e-05
4.49185e-06
-4.54299e-09
1.99768e-07
0.00201351
0.00204447
8.10712e-05
0.0104332
0.010259
0.000132522
0.00142423
0.00139698
0.050964
0.0109537
-0.0575366
-0.0575838
-0.00335904
-0.00549561
0.0109208
0.0511015
5.71339e-05
-0.000870335
0.000462882
0.00136678
0.000294679
0.000815454
-0.000571585
-5.96768e-06
6.91858e-05
-0.000892008
0.000471523
0.0013583
0.000820235
0.000301286
-5.883e-06
-0.000584098
-9.42205e-06
-6.57242e-07
-0.00253067
-0.00262989
-0.00176195
-0.00161788
-1.1689e-05
-7.30809e-07
0.000113716
0.000322473
0.000911788
0.000786179
0.00100491
0.00100495
0.000296818
7.95945e-05
-0.00207993
0.00763637
2.58315e-05
4.80883e-05
0.0028317
-6.09075e-05
-0.000785182
1.99282e-05
0.00766289
-0.00203
2.5888e-05
4.81755e-05
4.84227e-05
0.00289307
-0.000783755
2.04636e-05
0.000449698
0.000464555
-5.40406e-05
-3.52742e-06
-4.61716e-05
-8.05888e-06
-8.73778e-05
-0.000107064
0.000222363
0.000196088
0.000784304
-0.00433904
-0.00444593
0.000786311
0.000326082
0.000326038
0.0125601
-0.0198027
0.00269596
0.00268128
0.00177849
0.00184467
0.0125485
-0.0198022
-0.00435718
1.52321e-06
0.0422064
-0.0494152
8.70435e-05
-0.000102123
0.0148106
0.0060455
-0.000487654
-2.19376e-05
5.38212e-06
-0.00214149
0.00151933
0.000216359
0.0130221
0.000662904
0.000333064
-6.48015e-05
-0.00208521
0.000309425
0.0157167
0.00271179
-0.0270839
6.45201e-06
0.00365329
-0.000528463
0.00108483
-0.00602764
0.00313889
-0.0130156
0.0180246
-0.0142746
0.0057885
5.59348e-05
0.00286421
0.000437419
0.000186752
-0.000337524
-0.00117544
0.00611921
0.00137361
0.00125047
0.00272182
0.00195386
-0.000200998
0.00222145
-0.00403931
0.00112139
7.79441e-05
-0.000122859
0.0124869
0.00419009
-0.00266632
-1.61949e-06
0.0540021
-0.0217993
0.00141646
0.000840193
6.3313e-06
-0.00210026
0.000282803
-4.40793e-05
-0.00164683
0.000305673
0.00117058
0.000242452
0.0109853
0.000522633
0.0155443
0.00271574
-0.0270849
6.48741e-06
0.00413725
-0.0128614
0.0183385
-0.00475618
0.00185841
-0.00283918
0.00203915
-0.00644584
0.00587769
5.56883e-05
0.00286425
0.000457442
0.00150656
0.00142612
0.00276726
0.00170456
0.000184117
-0.000888208
-0.00133487
0.00601323
8.94167e-05
0.0014543
-0.00420909
0.00114422
0.00646307
-0.00427185
0.00511596
-0.00575302
1.51237e-05
3.57171e-05
0.0048697
3.39938e-07
-0.0198088
0.000140529
-0.0210783
0.000457088
-0.0018864
-0.00302323
0.00270844
-0.00322407
0.00744158
-0.000283517
-0.000279497
-7.58169e-08
-0.00142671
-1.72997e-05
-0.00219819
0.00214638
-0.0181983
0.000462759
-0.00729801
-1.82916e-05
0.0105189
-0.000345938
0.0139684
-0.000681355
-0.00235272
-0.00254508
-0.0121979
0.00155877
-7.92519e-06
-7.02565e-06
-0.00131752
-0.000122842
5.34054e-05
-0.00016115
0.00133303
-0.00141864
0.0112128
7.58569e-05
0.04003
0.00355037
-0.00817397
-0.00372325
0.0179311
0.00148242
0.000779886
-0.000174708
0.00492492
-0.00125506
0.0004229
-2.7456e-05
1.13156e-05
0.00292925
0.0273573
0.00241564
0.0439749
0.00214316
0.00639261
-0.00564
0.00535465
-0.00577545
-0.00198076
-0.00314046
0.00311583
-0.00308422
-2.6915e-05
6.16346e-09
0.00486985
-8.69581e-08
-0.0202317
0.00015228
-0.0215257
0.000460991
0.00572796
-5.14255e-05
-0.000280559
-1.16909e-07
0.0105519
-0.000311446
0.0139715
-0.000667428
-0.00146004
-1.58524e-06
-0.00219954
0.00214468
-0.018559
0.000438086
-0.00729596
-1.63852e-05
-0.00235098
-0.0025595
-0.0120368
0.00169678
0.0112364
9.99364e-05
0.0398455
0.00352335
-7.83674e-06
3.73347e-07
-0.0013266
-0.000116166
3.37765e-05
-0.000118969
0.00132281
-0.00143011
-0.0112385
-0.00351523
0.0177537
0.00130217
0.0273703
0.00240361
0.043942
0.00214469
0.000690192
-0.00018211
0.00491294
-0.00127229
0.000503936
7.95889e-05
1.33789e-05
0.00292339
7.53442e-05
0.00437543
0.0040111
2.88186e-05
0.0269187
0.0546098
0.0131657
0.0262798
5.58597e-06
0.00131949
0.00130717
3.98767e-06
0.0139395
-0.0398303
-0.00899906
0.00515278
0.00753869
0.000220737
0.000204046
0.0164088
0
-0.000122624
-2.6594e-05
-0
-0.00181261
0.00615179
0.00410549
0.000128701
0.00118274
0.00181652
0.00247482
0.00164747
-0.00512705
-0.000172673
-0.000160682
-0.00515567
0.00838861
0.000904283
0.000946521
0.00848099
0.00277998
-3.48067e-05
-2.28311e-05
-0.00428772
-0.00050596
0.0174151
0.0194577
-0.000123215
0.00164787
0.0017209
0.00163278
0.00173197
-0.00279156
-0.0526981
-0.0392523
-0.00973308
0.00511514
0.000125801
0.00123211
1.77436e-05
0.0119488
-0.0110617
0.00302147
0.00313607
-0.000298357
8.26563e-06
1.01886e-05
-0.000289077
-0.0282046
-0.0133576
-0.0132893
-0.0281188
-0.00192428
0.00136244
0.00307967
-0.00341874
0.00252493
0.00160415
0.00249062
0.00270549
0.00439492
5.56097e-05
7.48672e-06
0.00452244
0.02546
0.0128678
0.0541794
0.0330575
0.000235983
0.00993695
0.0185675
0.000243319
-0.0001342
-3.73136e-07
-5.99955e-10
-2.95636e-05
0.000285772
0.00412988
0.0062892
-0.00216511
0.00179105
0.0011415
0.00158679
0.00230986
-3.52765e-05
0.000745511
0.00313373
-2.32835e-05
0.0173031
-0.000487508
-9.6457e-05
0.0172502
2.14702e-05
0.00123114
0.000134286
0.00512312
0.00265493
0.00383426
-0.0108452
0.0120134
-0.00330253
0.00315906
0.00141404
-0.00187717
0.00277261
0.00242488
0.0016066
0.00256631
-0.0202072
0.000408094
0.000414999
-0.0186675
-0.00268836
0.0050429
0.00693326
-0.00141044
0.00517053
0.00781091
0.00743038
-0.0047348
-9.59941e-05
-2.52743e-05
-0.000156556
7.15772e-05
0.00361106
-0.00133256
-0.00130184
0.00364238
0.00187535
-2.66613e-06
1.9209e-06
0.00184579
-0.00177617
6.19481e-06
9.24837e-05
-0.000401492
5.40735e-05
0.00395105
0.00579939
0.00296441
-0.00197084
0.00182596
0.00181764
-0.00197162
-8.73595e-05
1.27918e-06
-4.78842e-06
-7.52364e-05
-0.00588294
0.000203265
-0.000254661
-0.00285186
0.0221777
0.00386303
0.00196077
0.0154365
-0.000384181
-0.00940154
0.016748
-0.000249116
0.00134023
-8.95923e-05
-4.9093e-05
0.00131617
0.000256986
0.00124907
0.00124908
0.000250358
0.000307961
0.000829518
0.000832015
0.000307959
0.00040677
-0.0207319
-0.0191796
0.000445468
0.0051497
-0.00255306
-0.0013364
0.00697988
-0.00387363
0.00799157
0.00781889
0.00517984
-2.66505e-05
-9.61877e-05
6.42251e-05
-0.000148765
-0.000396776
9.26767e-05
2.60478e-06
-0.00173245
0.00394857
5.46107e-05
0.00301196
0.00584821
-0.00280758
-0.00024985
0.000206752
-0.00580763
0.0154456
0.00196963
0.00385905
0.0226237
0.0226448
0.00898045
-0.00151846
0.00069747
0.0100973
0.0115432
0.00339873
0.0118646
4.96262e-06
-0.000148218
0.000127023
0.00024848
0.00862494
0.00182635
0.00435747
0.00399311
0.00187575
-0.0205546
0.00991282
0.0363216
0.000872453
-0.00838509
0.00850431
-0.00100304
0.000133315
0.000261299
0.00825223
0.00769626
0.00780348
0.040166
0.0169763
0.0155535
0.00235417
-0.00380579
-0.00405852
-0.000457504
0.00791116
0.00264111
0.00100836
-0.0038576
-0.001144
0.00648765
0.0086697
0.000166362
0.00331776
-0.000117417
-0.00441165
-0.00576537
0.0140936
0.00923759
0.00546546
0.0177459
0.0107619
0.0043331
0.00345671
0.00991475
-0.000779002
0.000617762
0.00129188
-0.000252005
0.00827106
0.0069671
5.75727e-05
5.02236e-05
0.0160914
0.00103699
-0.000556893
0.0106381
0.00486056
0.00399744
0.00436764
-0.00296746
1.2133e-05
0.000287717
0.000131605
-0.000144071
0.0112289
0.0107627
0.00481376
0.0140432
0.0134173
0.0170659
0.00578979
0.00705317
0.00825918
5.19283e-05
6.51833e-05
0.00694804
-0.000804198
-0.000234152
0.00131043
0.000604142
0.0103589
0.00908901
0.00388628
0.00459561
0.00234051
-0.000462765
-0.00408033
-0.00384925
0.00331111
-0.00557523
-0.00408359
-0.000114452
-0.00119647
0.000139992
0.0094094
0.0067563
0.00792206
-0.00384576
0.00106302
0.00264529
0.00281163
0.03705
0.00987964
-0.019011
0.010907
0.018162
0.0180651
0.0283347
0.000135623
0.00770403
0.00826262
0.000301191
0.000878916
-0.000976772
0.0085317
-0.00668976
0.012305
0.00238285
3.69123e-05
0.00505098
0.00224702
1.5717e-05
-4.57841e-05
0.00203081
1.7093e-05
1.53816e-05
0.0012948
0.00128558
0.00649927
0.00289378
-0.000857021
-8.67004e-05
0.013179
0.00613757
2.46456e-05
0.00237375
0.00656768
-9.0112e-05
-0.000962754
0.00322057
1.83454e-05
0.0012797
0.00127632
1.901e-05
0.00230397
0.00202098
-8.15106e-05
6.61893e-05
0.0164956
0.000901909
0.00614042
0.0134596
-0.0025388
-0.00252744
0.000788142
-0.00161137
3.84546e-06
5.13473e-06
-0.00300634
0.002634
0.0054295
-0.000921523
-0.00523339
-4.87227e-05
0.0166891
0.0117342
0.00604544
0.000891974
0.00529504
-5.19846e-05
-0.00520683
-0.000508759
2.47746e-06
0.00264936
-0.00297627
1.09031e-06
-0.00226618
-0.00160814
0.000798065
-3.34473e-05
0.0473518
0.0457983
0.00721049
0.0325853
0.0449102
0.0109254
0.0127574
0.0405347
0.00209208
0.00372205
-0.0100675
-0.0107888
0.0671519
0.0556852
-0.00969342
0.00459146
-0.00524482
0.014908
0.000570012
0.030177
0.00432957
0.00154194
0.00118851
0.00242915
0.0121733
-0.00396785
-0.0033659
-0.00858892
0.0502229
0.051044
0.000424834
0.00746867
-0.00469856
0.0300314
0.000808043
0.0148744
0.049647
0.00695137
0.000219235
0.0508835
0.0120534
0.0134082
-0.00336475
-0.00366478
0.00434818
0.00246873
0.00114796
0.00153412
0.0507984
0.032634
0.00826707
0.0457517
0.0669561
0.00450772
-0.00957129
0.055311
0.00207527
-0.0106449
-0.00984974
0.00370575
0.0444228
0.0403807
0.0134396
0.0106714
0.0298357
0.0336363
0.0326811
0.0461161
0.0293478
0.005654
0.0407944
-0.0920888
0.0333136
-0.00545386
-0.0734004
0.0327048
0.0342785
0.0308613
-0.0439213
-0.00839034
0.0260543
-0.00552096
0.0147919
0.0104647
-0.00205071
-0.0225454
0.022855
0.0167008
0.0239268
0.0141651
-0.0810599
-0.0950043
0.0141419
-0.105489
0.0159916
0.00757529
0.0249639
0.0109924
0.014818
-0.00658749
0.0177284
0.0147319
0.0161717
-0.0824455
0.0239074
-0.079533
-0.0564786
0.0147846
-0.000114817
0.013558
0.0224256
-0.0151537
0.0286726
0.0442982
0.0408102
0.0378951
0.0371833
-0.0318972
-0.00819969
0.0283501
0.0333001
0.0325285
-0.031863
-0.0168615
0.0289249
-0.0843144
0.0503421
0.0160123
0.000464643
0.00322906
-0.0207766
-0.021572
0.00404972
-0.019866
-0.0204684
0.00427572
0.000475443
0.000475658
0.000366539
0.000411081
0.00148617
0.000691273
0.00048335
0.000826847
0.00256391
-0.0180032
-0.0222537
0.00220427
-0.00287675
-0.00114226
-0.00143827
-0.00851382
-0.000427668
-0.000503267
0.000437383
0.000313128
0.00304766
0.00376429
-0.0194611
-0.0203594
-0.00278607
-0.00031738
-0.00129806
0.00429864
0.00568318
-0.00920019
-0.00455334
0.00426303
0.000355831
0.000720629
0.000287162
-0.000440015
0.00027485
-0.000123474
-9.85523e-05
-0.000236432
0.00946153
-0.000811579
-0.00166579
0.0172585
0.00338246
0.00208493
-0.000257051
0.000352225
0.00123781
0.00021879
-0.000608667
0.001627
0.00934153
0.0155177
-0.00264057
-0.00639824
0.00174924
-0.022018
-0.0212262
0.00410252
0.00152386
0.0008282
0.000490623
0.000712293
0.000492875
0.000419841
0.000371124
0.000480161
0.00472268
0.0051199
-0.0209622
-0.020396
0.00947876
0.0170578
-0.00166911
-0.000832902
0.010168
-0.00558089
-0.00263454
0.0156007
0.00123465
0.00160933
-0.000607775
0.000222979
0.00339905
0.00036695
-0.000256781
0.00209143
-0.00272944
0.00418474
-0.00132427
-0.000298779
0.0002586
-0.000216394
-0.00010986
-0.000131508
0.000346699
-0.000448312
0.000287139
0.000719488
0.00647183
0.00430989
-0.00448893
-0.00838684
0.00262756
0.00256933
-0.0226816
-0.0184952
0.00356976
-0.0208128
-0.0198729
0.00418781
-0.000431861
0.000319116
0.000446118
-0.000505301
-0.00290974
-0.00850628
-0.00143983
-0.00111544
0.0069269
0.00124346
0.00540177
0.00821695
-0.00214725
-0.000594263
-0.0013584
-0.00363945
-0.00239379
-0.00233102
-0.00305612
-0.00268733
0.00657336
0.00474291
0.00162821
0.00519746
0.00707202
0.00807657
0.00579209
0.00165098
0.00640803
0.0052899
0.00176818
0.00464708
-0.00246353
-0.00278238
-0.00291339
-0.00220943
-0.00319124
-0.0035139
-0.00121691
-0.000764258
0.00430437
0.0122008
0.00696654
0.00353923
-0.000753326
-0.00367797
-0.0029053
0.000697179
-0.00209243
-0.00161851
0.000463058
0.000536246
0.00536076
0.00755106
0.00954294
0.006202
0.00474638
0.00377305
0.00691388
0.0121628
0.00559242
0.00614261
0.00948356
0.00782556
-0.00187002
0.000686166
0.000387898
-0.00171004
-0.000675294
0.000662606
-0.0029605
-0.00352646
-0.0123808
-0.0111876
0.0439505
0.0267361
-0.00265572
0.0195631
0.0378976
-0.00781449
0.00109758
0.00308499
0.00741642
0.0030317
0.00347481
0.00332337
0.00466316
0.00314833
0.00782832
0.0310998
0.0264783
0.00593013
0.00239395
0.00146798
0.00270632
0.00369146
0.00156118
0.00256532
0.00358726
0.00231389
0.00175556
0.00852987
0.0175499
0.0164686
0.00786803
0.00592662
0.0264794
0.0311058
0.00173372
0.0165054
0.0172752
0.00847545
0.00156033
0.00231702
0.00359973
0.00259086
0.00239548
0.00369013
0.00269677
0.00146842
-0.0124098
0.0267488
0.0439062
-0.0111358
0.00348012
0.00314685
0.00459233
0.00332799
0.00107979
0.0030397
0.00741989
0.00306944
-0.00264949
-0.00777338
0.0371532
0.0195889
0.0517117
0.0472147
-0.00428102
0.00481518
0.0504362
0.0029157
0.00236616
0.0499887
-0.000971274
-0.000707604
8.92531e-06
-8.88203e-06
0.00256669
0.00385176
0.00395569
0.00318434
0.0515345
0.0328672
0.0156238
0.0405718
0.0103603
-0.00311158
0.00735759
0.0129512
-0.00332936
2.07389e-05
0.00843672
0.00737946
0.0505921
0.0520426
0.00231783
-0.00179351
0.0230862
0.0179628
0.000752806
0.0130743
0.00403183
-0.00376181
0.00237259
0.00940972
0.00416835
0.00958613
0.00221523
0.0050492
0.019698
0.0129658
0.000821013
0.00267752
-0.00337039
0.0040974
-0.00560768
-0.00370684
-0.00129062
0.00561388
0.00411326
-0.00350704
0.000283351
0.00410944
0.00375718
0.00187339
0.00271145
0.00171947
-0.00743467
-0.00219118
0.0471261
0.0046412
-0.0052241
0.0462465
0.00267911
0.00318584
0.00395976
0.00394874
-0.000755155
-9.61208e-06
1.33019e-05
-0.00070388
0.0485081
0.0480976
0.000489878
0.000999577
-0.00336558
-0.00362969
-0.00563253
0.00404945
0.00287241
-0.00220607
-0.00745018
0.00175813
0.000277639
0.0018819
0.00386406
0.00419552
-0.00134911
-0.00350641
0.00415718
0.00565288
0.0241387
0.0132984
0.00127439
0.0171563
0.0197815
0.00306591
0.000221797
0.0126108
0.00414467
0.00509863
0.00198259
0.00960849
0.00412653
0.00901831
0.00199655
-0.00372845
0.0521425
0.0400895
0.0153303
0.0380839
0.0498139
0.00211607
0.00988092
0.0522449
-0.000769299
0.00615613
0.00832148
2.19494e-05
0.0104729
0.0131172
0.0069716
-0.00270848
0.00845714
0.0171254
0.0148133
0.00228519
-0.00178324
-0.000440596
-0.000708105
-0.000337531
6.55098e-05
-0.000453762
-0.000614102
-0.000174363
0.00179705
0.00210736
0.0165391
0.0182565
0.00757711
0.00169157
0.0147529
0.0171152
0.00138716
0.0181533
0.0164404
0.00160896
4.27356e-06
-0.000200779
-0.00058802
-0.000425372
-0.00186889
-0.000316772
-0.000684697
-0.000576441
0.00771442
0.00188168
-0.0164772
-0.0276623
0.00233291
-0.00569772
-0.00498647
0.00172169
0.000283659
-0.000235673
-0.000117717
0.000419889
0.00125962
0.00112233
0.0148685
0.0198718
0.00885606
-0.0276969
-0.0151866
0.00210298
0.00148669
0.0197972
0.0153448
0.0011937
0.000346134
0.000407375
-0.00014076
-0.000272696
0.00235419
0.0017091
-0.00500543
-0.00566386
0.00774239
0.0376178
0.0289597
0.0454768
0.0443681
0.00558483
0.00551782
0.0427152
0.000695239
0.000758082
0.00200285
0.00462774
0.00123529
0.00255574
0.00282574
0.00113394
0.00594018
-0.00060816
-0.0006427
0.0148392
-0.00398234
0.000303805
0.00140365
-0.00358302
-0.00503403
0.0021798
0.00232939
0.000352482
0.0359597
0.0300245
0.00325214
0.00416554
0.00634295
0.014815
-0.000465267
-0.000634005
0.0357881
0.00420908
0.00333154
0.0299035
-0.00510226
0.000324284
0.00227367
0.00203792
-0.0040232
-0.00361685
0.00133813
0.000267928
0.00773932
0.0454469
0.0289996
0.0375744
0.00123601
0.00113457
0.00282434
0.00255667
0.000650935
0.00459927
0.00198934
0.000749572
0.0441375
0.0424597
0.0054063
0.00566461
0.067343
0.0307783
0.00282576
0.0136946
0.0267632
0.0115281
0.0084771
-0.0164236
0.0154567
0.0136614
0.000594749
0.00425505
0.019316
0.0141725
-0.00115378
0.0117389
0.066892
0.00235839
0.00312625
0.0306436
0.0187114
0.0111107
-0.000799585
0.0141588
0.0154353
0.0042375
0.000869897
0.0136017
0.027576
-0.0164846
0.00878829
0.0115566
0.0120757
0.0297925
0.00298527
0.00388314
0.0360137
-0.0389266
-0.0322202
0.0400189
-0.0168631
-0.0186856
-0.0134851
-0.0155588
0.0361581
0.00318491
0.00552811
-0.0196381
0.0116606
0.00409312
0.00277853
0.0298104
0.0369041
-0.0189882
0.00566511
0.00341875
-0.0168202
-0.0155289
-0.0125699
-0.0187584
0.0359766
0.0400875
-0.0321983
-0.0388948
