-0.705
0.155
-2.0825
-0.691165
0.255
2.185
-0.695
0.668083
-2.045
-0.545
0.956266
2.095
0.705
0.155
-2.0825
0.691165
0.255
2.185
0.695
0.668083
-2.045
0.545
0.956266
2.095
0.0890045
0.127062
0.183226
0.185964
0.0890046
0.127062
0.183368
0.185956
0
0
0
0
0
0
0
0
0
0
0
0
0
0
0
0
0
0
0
0
0
0
0
0
0
0
0
0
0
0
0
0
0
0
0
0
0
0
0
0
0
0
0
0
0
0
0
0
0
0
0
0
0
0
0
0
0
0
0
0
0
0
0
0
0
0
0
0
0
0
0
0
0
0
0
0
0
0
0
0
0
0
0
0
0
0
0
0
0
0
0
0
0
0
0
0
0.0462264
0.0169742
0.0161928
0.0839053
-0.0233792
-0.0170462
0.105876
0.0338569
0.0284837
0.0574935
0.0461936
0.0161989
0.0836053
-0.0170343
0.033786
0.0576564
0.00291071
0.0826984
0.00274437
0.123558
0.00210067
-0.0073366
0.203419
0.320798
0.00291072
0.0826437
0.123559
-0.00740704
0.163269
0.163226
0.0130092
0.12095
0.31696
0.100525
0.100498
0.00540455
0.373274
0.209626
0.209627
0.00718739
0.176494
0.231824
0.00395165
0.0100979
0.0166912
-0.000379961
-0.0951584
0.0038901
0.00302362
0.0242254
0.0223122
-0.0371957
0.012822
0.00686868
0.0100879
0.0039813
0.0166887
-0.0951651
-0.000205163
-0.000789406
0.0242897
0.00333162
0.0224524
0.0128362
-0.037359
0.00678824
0.00316412
-5.9091e-07
0.0288683
-0.000645817
-0.0393374
-0.00291889
0.0256973
0.000332224
-0.0124527
0.060772
-0.00641844
0.0726614
0.0228182
0.061246
0.000810708
0.14196
0.00312749
-0.000645747
-5.91036e-07
0.028873
-0.0393567
0.000331957
-0.00291888
0.0256353
-0.0125322
0.0728683
0.0607378
-0.00649189
0.0227226
0.141954
0.0612468
0.000802022
0.0813785
0.0730066
0.00496477
0.0573324
0.0746571
0.00078183
0.0448419
0.056096
-0.00233646
0.0515242
0.0768538
0.00962044
0.0265215
0.0915916
0.0680014
0.0362492
-0.035862
0.0179585
0.0904611
0.0487483
0.0813976
0.0730216
0.0746642
0.00077966
0.044915
0.0561989
0.0768384
0.00961623
0.0680107
0.0362408
0.0904908
0.0487453
0.020586
-0.000608901
-0.00354317
-1.2438e-05
0.00247414
-3.88474e-07
-0.00291999
0.00865677
-0.00326973
0.00737394
0.0632764
0.168979
-0.0538772
0.028245
0.0212785
0.0160339
0.0205908
-0.000608832
-0.00353217
-1.1014e-05
-0.0029223
0.00865741
0.0632745
0.168983
0.126056
0.0554473
0.041721
0.124801
0.126063
0.124811
0.0416864
0.0554541
0.0084901
0.00848901
0.00354893
0.00355002
0.0569042
0.00379143
0.00353511
0.0568981
0.119839
0.110271
0.111302
0.119967
0.0248252
0.0159118
0.0577807
0.0621617
0.0248163
0.0621117
0.0577798
0.0159158
-0.000627732
-0.000627718
-0.00282721
-0.00282727
0.152731
0.172452
0.172451
0.152462
0.0643991
0.0883236
0.100068
0.0858343
0.0643671
0.0858007
0.100009
0.0883826
0.0127093
0.0127072
-0.00241849
-0.00241639
0.111619
-0.00331165
-0.00335413
0.111447
0.115888
0.115915
0.0490348
0.0489714
-0.00331555
0.00901579
0.0164456
-8.89701e-05
0.0183197
-0.00112965
0.00322778
0.00197302
-0.00281589
0.0098989
0.00986325
0.00555324
0.00906731
-0.00335988
0.0164535
0.0147905
-0.000153066
0.00120717
0.00193449
0.00324639
-0.00288436
0.00993339
0.00992724
0.00556647
1.30451e-05
-1.58769e-07
0.045956
2.41847e-05
-0.0425026
-6.82689e-05
0.022131
4.94298e-05
-0.00866853
0.0325601
-0.0070759
0.0423189
-0.000268314
0.0019226
-0.000714834
0.0747474
2.98288e-05
-0.000112966
-1.58826e-07
0.045955
-0.0425066
4.94254e-05
-6.82579e-05
0.0221681
-0.00871253
0.0422989
0.0324242
-0.00696826
-0.000262497
0.074752
0.00192842
-0.000703108
-0.00142778
0.0106584
0.0309505
0.0264382
-0.000113067
-0.000113585
0.00270355
0.107807
-3.44372e-05
-0.00146152
0.0736942
0.000788855
0.00231585
-0.0210199
0.0257112
0.0115063
0.0416787
0.0416685
-0.0125533
0.0324755
0.0157041
0.00333108
0.0673921
0.00962045
0.00799316
0.00797108
0.00985948
0.0599267
0.00722377
-0.000367365
0.0676807
0.0309245
0.000714174
0.00071849
-0.00332428
0.070047
-0.00267909
0.0227351
0.00951523
0.0328625
-0.00146142
0.0107575
0.0310032
0.0265725
9.85194e-06
-0.00143397
0.0736922
0.000780224
0.00242376
-0.0206883
0.0262076
0.0115749
0.0173532
0.00335735
0.067374
0.00961623
0.00715957
-0.00027888
0.0676807
0.0309277
-0.00276429
0.0226014
0.00920722
0.0327192
-1.51233e-07
0.000545498
0.0426045
-0.000129314
0.00132424
-0.00251481
-0.0124288
-1.08179e-05
0.00097492
0.000974869
-1.26116e-05
-1.24957e-07
0.00553123
0.00710756
-0.00163066
0.00215392
0.000373386
0.000373509
-0.000146581
0.00940852
0.000471123
0.000745124
0.0219765
0.0766581
0.0104124
0.0101567
0.00167701
0.00176833
0.00691982
0.00692154
0.0051546
0.00701638
-1.51261e-07
-0.00291769
0.0425995
-0.000129317
0.00132344
-0.00250703
-0.0123943
-9.47645e-06
0.00556127
0.0071045
-0.0016312
0.00215553
0.00048204
0.000731437
0.0219548
0.0766585
-8.93166e-05
0.00095135
0.000293942
0.0130588
-7.96024e-05
0.000960461
0.000303189
0.0130689
-3.11527e-07
1.12835e-06
1.12812e-06
0.00230383
0.00417361
0.00359622
0.00361178
-0.00174933
0.0204125
-0.0102868
0.0121144
0.0204115
0.00533592
7.3831e-06
0.000675697
0.00716489
0.00533474
7.3937e-06
0.000676173
0.00717469
0.00110891
-8.78619e-08
0.00185547
0.00110887
0.00850985
0.0129054
0.0050721
0.00850771
0.0258793
0.000706448
0.00854391
-0.000183583
0.0259061
0.000712722
0.00850069
-0.00018359
0.00598502
2.77556e-17
5.55112e-17
1.1293e-05
0.00371319
0.00447618
0.00447838
0.00175458
0.00862164
-0.00466727
-0.0546389
0.0085493
0.0239182
-0.02088
0.00279061
0.0836003
0.0783586
0.000131352
0.0166055
0.0185096
0.0279043
0.0965359
0.050324
0.00399082
0.0361097
0.0247097
0.0102479
0.0492193
0.0614131
0.0300895
0.0353796
0.0291907
0.000187628
0.0669596
0.0242599
0.0125085
0.00279005
0.0835728
0.0238892
-0.0208906
0.0783578
0.000115347
0.027907
0.0965449
0.016631
0.0185165
0.052124
0.00514095
0.0102581
0.0485551
0.0359934
0.024159
0.0613253
0.0300104
0.000188985
0.0669405
0.0356176
0.0293315
0.0242985
0.0125253
0.0553825
0.00123965
0.0450605
4.43242e-05
-0.0225111
0.000186835
0.000962306
-1.25863e-07
0.0689951
0.0229302
0.0381815
-5.8322e-06
-0.0108603
0.0176344
6.02594e-05
0.0097863
0.0428811
0.0332866
0.00401393
1.33063e-05
0.0315025
0.103377
-0.00134246
-0.000553076
0.00437371
0.0710628
-0.00405769
0.0012774
0.0114663
0.0663468
0.00423165
0.00883122
0.0553956
0.00121461
0.000962266
-9.82654e-08
0.0450661
4.43282e-05
-0.0225138
0.000192823
0.0690088
0.0229349
6.03744e-05
0.00978452
0.0381797
-5.8201e-06
-0.0108311
0.0176749
0.0428829
0.0334638
-0.000770153
-0.000780699
0.00400346
-1.37006e-06
0.0314583
0.103505
0.00437118
0.0711956
0.00425761
0.00889899
-0.00405842
0.00132971
0.011459
0.0663826
0.000876842
0.000581923
-0.0127127
0.00539773
5.5716e-05
5.57182e-05
0.0038289
0.00380122
-1.92294e-06
0.0131171
-3.12397e-07
0.0023027
0.00419752
-0.00519936
-0.00581619
-0.0517569
3.45608e-06
3.45608e-06
-0.0128453
-0.0128271
-0.00139581
0.0204309
1.12912e-05
0.00609337
0.00492826
0.00493068
0.00195435
0.00139469
0.0117989
0.000418041
0.00439284
0.00109697
0.00196489
0.00198724
0.00648694
0.00649196
0.0043479
0.00743032
0.000384147
0.0020483
0.000851628
0.000580835
0.00487397
-0.0125525
-1.29996e-06
0.0131177
-3.11688e-07
0.0023027
-0.00507714
0.00418844
-0.00567776
-0.0516494
-0.00139306
0.0204343
1.13104e-05
0.00559627
0.000417997
0.0118239
0.00120936
0.00440994
0.00737037
0.00431026
0.00201927
0.000502572
-4.77862e-06
-7.0893e-05
-1.05902e-07
0.000472684
0.000534843
-0.0126061
0.00315968
-0.000417894
9.30525e-11
-3.11247e-11
0.00104188
0.00104187
0.00835494
0.0140249
0.00387073
0.00672377
0.000467554
0.000467578
8.32667e-17
8.89916e-09
0.000851177
-9.43421e-05
0.019727
0.00400033
0.00390438
0.00420957
0.0105412
0.0116078
0.00911963
0.00912052
0.00131757
0.00129273
-5.89761e-06
-6.48157e-05
-1.04321e-07
-0.00252768
-0.0125959
0.000533651
0.00316347
-0.000404211
0.0140233
0.00835451
0.00388872
0.00672709
-8.57114e-05
0.000804862
0.00398142
0.0198329
0.0508968
0.0758198
0.00125565
0.0333649
0.0447511
-0.0164871
0.0136882
0.0779103
0.0420435
0.0389637
0.014395
-0.00890229
0.056073
0.0389518
0.000823679
0.0720634
0.0508826
0.0333666
0.00126087
0.0758187
0.0559182
0.0720382
0.000828452
0.0389545
0.0420005
-0.00890004
0.0144037
0.0389316
0.0447534
0.0779153
0.0136933
-0.0164865
0.00610454
0.00279311
2.81039e-05
0.000469791
0.00612988
0.000466031
2.81049e-05
0.00278937
-0.000893329
0.000474827
0.00230327
0.00329524
-0.000759161
0.00329018
0.00230327
0.000474844
0.036515
0.0347883
0.00871469
0.016394
0.0280676
0.0086406
0.0028745
0.0325162
0.0290875
0.0325712
0.00292135
0.00830887
0.0364132
0.0162696
0.0087191
0.0347542
0.0640587
-0.0213251
-0.00176771
0.103973
0.0331071
0.0763189
0.0330009
0.032495
0.0327344
0.0327649
0.0328124
0.0760854
0.0640338
0.103908
-0.00179103
-0.0213628
0.0455083
0.0446567
0.00427301
0.00208445
0.0280489
0.00701864
0.00711381
0.0404009
0.00572548
0.016907
0.0118649
0.0106888
0.0339762
-0.00177099
0.00280361
0.0273377
0.0455105
0.00208585
0.00427443
0.0445859
0.0338992
0.0273669
0.00281741
-0.00176224
0.0057219
0.0106856
0.0118681
0.0168406
0.0280687
0.0403998
0.00711374
0.007035
7.8229e-05
0.00100827
0.0010753
1.92171e-05
-2.66994e-05
1.92289e-05
0.00107528
0.00100825
1.4088e-05
0.000415542
-0.000560206
-0.00239405
1.40247e-05
0.000360084
0.00256537
0.000415492
0.0727259
0.100642
0.0227288
0.0118233
0.069778
0.0129944
0.0135501
0.0727218
0.0697834
0.0727085
0.0135394
0.0130026
0.072396
0.0117302
0.0227738
0.100685
0.0733963
0.0680309
0.00226859
0.0157106
0.0405247
0.0188735
0.0232343
0.0827501
0.0293849
0.02268
0.0256705
0.0349965
0.00190506
0.0021621
0.00740393
0.0201427
0.0734221
0.0159622
0.0022793
0.0680242
0.00191687
0.0202532
0.00737463
0.00192884
0.0292041
0.0353593
0.0256247
0.0226391
0.0414166
0.0831875
0.0232446
0.0190102
0.0213725
0.00959771
1.12921e-05
0.0162866
0.0212602
0.0162869
1.13017e-05
0.00959615
0.0164354
0.00488911
0.00561673
0.00974755
0.015655
0.00927574
0.00603408
0.00488775
0.0907399
0.0526258
0.00548906
0.0123142
0.010819
-0.00128269
0.00666774
0.0179519
0.0108186
0.0185345
0.00644973
-0.00128188
0.090793
0.0123797
0.00561373
0.0522187
0.0378722
0.0848933
-0.00539417
0.0227899
0.0381915
0.0228636
-0.00538439
0.0849079
0.0680864
0.0734201
-0.046152
-0.0173753
0.0680782
-0.0176589
-0.046153
0.0734252
-0.00270164
0.0077021
0.0164624
-0.000157392
-0.0540587
0.00461017
0.00407952
-0.00954442
0.00197145
0.00229078
0.00483085
0.00321365
0.00769666
-0.00263111
0.0164592
-0.0520425
-0.000155493
0.00456278
-0.00945418
0.00406516
0.00193066
0.0048264
0.00242061
0.00324315
1.43091e-06
-4.98125e-08
0.0405142
1.01612e-05
0.0439243
5.27228e-05
0.018604
7.61935e-05
-0.00992968
-0.0188689
0.006055
0.0310957
-0.00017369
-0.00744666
-0.000269879
0.000223599
1.43112e-06
7.87349e-05
-4.9721e-08
0.0405154
0.0439296
7.61883e-05
5.27587e-05
0.0186033
-0.0109158
0.0309781
-0.0189324
0.005776
-0.000176261
0.000248553
-0.00744935
-0.000257581
0.00486198
0.000132579
-0.000563335
0.0218604
-0.000137895
-0.000134708
0.00221776
0.136219
1.06762e-06
0.00033898
0.0743775
-0.000743958
-0.00288503
0.0233356
0.0140859
0.0122231
2.85203e-05
3.3958e-05
0.00542241
0.0543336
-0.00131113
-0.00342684
0.0728588
-0.00662554
0.000465853
0.000384885
0.00349795
0.016295
0.000606056
0.000697458
0.0374298
0.023546
-5.27026e-06
-4.69598e-06
0.000449219
0.069319
0.00143906
0.00534699
-0.00736831
0.0249404
0.00490281
0.000124494
-0.000558186
0.0218201
-4.20743e-06
0.000345254
0.0743535
-0.000742899
-0.00267054
0.023473
0.0140679
0.0123564
-0.00098539
-0.00344631
0.0728106
-0.00662193
0.000556261
0.000675391
0.0373977
0.0235531
0.00136456
0.0059012
-0.00742873
0.0248763
-3.65944e-08
0.00118498
0.0246145
3.43185e-06
0.000365326
9.9637e-05
-0.000655855
-1.07193e-05
4.31398e-09
-4.12331e-09
-2.73316e-05
-5.91453e-08
0.00227176
-0.00376208
0.000279768
-0.00204001
-0.000282975
-0.000282975
-0.0001466
0.000130906
-0.00033055
-0.000122729
-0.0163084
-0.00055032
0.00200356
0.00205631
0.000333521
0.000173469
0.00125624
0.00125308
0.000687264
0.000109403
-3.63758e-08
0.00291658
0.0246144
3.43192e-06
0.00036546
9.50096e-05
-0.000671631
-1.06009e-05
0.00227078
-0.00375906
0.000229577
-0.00204005
-0.000335883
-0.000104481
-0.0162891
-0.000541702
-0.000308537
-0.000371533
0.000289149
0.000450343
-0.000299295
-0.000362321
0.000298342
0.000459088
-1.11357e-07
1.12835e-06
7.36688e-07
0.00239101
-1.13774e-06
0.000119574
0.000113363
2.45888e-06
0.00700927
0.0265997
0.00363386
0.00700886
-0.000205674
3.9069e-08
-1.44951e-05
-0.00281421
-0.000198508
9.53981e-08
-1.44971e-05
-0.00281859
-2.57178e-09
-2.20275e-08
0.000635419
2.56091e-11
0.000353777
0.00115279
0.00159158
0.000359307
0.00248993
0.00227528
1.26661e-06
-0.000202434
0.00247077
0.00227498
1.14379e-06
-0.000202227
-0.000477489
-2.22045e-16
-1.94289e-16
2.24808e-06
0.000770424
0.00101906
0.00101215
0.000594325
0.00322448
0.0162729
0.0170663
0.00326121
-1.95354e-07
0.00440849
0.000737308
0.00984664
0.000456971
2.83712e-05
0.00237871
0.0839263
0.000121996
1.46863e-05
0.0789183
-0.00047727
6.93419e-05
-0.00129207
0.00951445
0.0136293
0.022245
0.000463459
0.0273426
-0.0863718
0.00285831
0.00143946
0.0509775
0.00513076
0.00011577
0.0106112
0.0219412
0.0170921
0.00943445
0.00129299
0.00429718
0.0146196
-0.000621868
-0.00268601
0.0314834
0.0125313
-0.000620876
-0.000374791
0.0148472
0.0139131
0.000450779
-7.69112e-06
0.000410805
0.0652094
0.00138231
0.000742619
0.0219997
0.00647199
0.000476535
3.68975e-05
0.00238426
0.0839267
9.43711e-05
0.00443432
0.00078616
0.0100855
0.000132585
1.79159e-05
0.0788907
-0.000469615
0.0303366
-0.00382857
0.0270602
-0.0863999
6.27953e-05
-0.00128374
0.00942646
0.0135577
0.00474575
0.00973274
0.0528218
0.00643625
0.00942684
0.00126748
0.00426122
0.0147415
-0.000233044
0.0106141
0.0217845
0.0168234
-0.000696249
-0.00270695
0.0313598
0.0124201
0.000463416
-6.49741e-06
0.000405096
0.0651878
-0.000271447
-0.000305178
0.0150398
0.0141819
0.00138212
0.000502359
0.0218087
0.00650916
1.16491e-05
-0.00163109
0.0246621
0.00126883
-3.61889e-08
-4.20197e-08
0.03215
-4.16827e-05
-0.00389477
0.00101581
0.0019061
0.000100788
-5.3056e-05
0.000974916
0.000947593
-5.49511e-08
0.000225411
4.20393e-05
0.0695134
-0.00668061
-0.000120886
-0.00172868
0.0220002
-7.45798e-05
0.00492006
-0.00145816
-0.00867343
0.00973421
2.49242e-05
0.000374988
-7.02991e-06
0.000506679
-0.000235162
-0.000708708
0.0323209
0.0291389
0.00227303
0.0100407
0.00120117
-3.69454e-05
0.000776204
-0.000766165
-0.0167882
0.0134841
0.00326725
0.00237553
0.000101585
-3.11596e-05
-0.000374143
2.73912e-05
-0.0121737
0.0603585
0.00966075
0.00591261
3.92228e-05
0.000326065
0.00112856
-0.000767336
-0.0109819
-4.25444e-05
0.0173131
0.00221513
0.00075294
0.000250067
2.84205e-05
-0.00161074
0.0246784
0.00129915
1.55197e-05
0.000974873
0.000947546
-5.49921e-08
-3.61943e-08
-4.20295e-08
0.0321497
-4.16785e-05
-0.00382666
0.0010143
0.00190699
0.000114652
0.000232175
2.6277e-05
0.0695041
-0.00670575
2.49238e-05
0.000375111
-6.73531e-06
0.000507988
-0.000120887
-0.000343019
0.0219975
-7.45813e-05
0.00503557
-0.00143078
-0.00831256
0.00980943
-0.000236467
-0.000838479
0.0322883
0.0290715
0.00307903
0.00239165
-0.000347076
-0.000175333
0.00228432
0.0100247
0.00118507
-4.63909e-05
0.000691253
-0.00072277
-0.020156
0.0135943
-0.000371302
6.38037e-05
-0.0121714
0.0603221
0.0173032
0.00221075
0.000750957
0.000278695
0.00964847
0.00591828
2.77514e-05
0.000289344
0.00114646
-0.000726825
-0.0109584
-3.55841e-05
0.018387
0.000107464
0.000148906
0.000586454
0.0109051
0.00337293
0.0184831
0.000243295
0.00112532
-6.76471e-08
5.51313e-05
5.42768e-05
-0.0180532
-4.08434e-06
0.000540803
0.000523884
4.45431e-06
1.5136e-06
-7.79772e-06
1.69767e-05
-4.07662e-06
1.66533e-16
-1.12144e-07
0.00238988
0.000967762
0.00408799
-0.00181513
0.00742732
0.00958828
0.00215846
3.40524e-05
0.0174378
2.48657e-06
0.00209618
8.32667e-17
-2.77556e-17
0.0220872
-0.0102012
8.51094e-05
8.24321e-05
0.00291701
0.00370864
-0.00031983
0.00293511
-3.22464e-09
2.22045e-16
2.25029e-06
-0.000433316
0.0012873
0.000721635
4.07959e-05
4.0651e-05
0.00562492
0.000616886
0.00208666
0.0020931
5.41078e-06
4.43337e-07
0.0021942
0.000117031
0.000715068
-0.00104158
0.000540454
1.31258e-05
-0.00377702
0.00113653
0.000409912
0.000500003
0.000941506
-0.000637524
-0.000638496
-0.000638448
0.0111259
0.00457525
0.0052455
0.00320996
0.0013
0.00131919
0.00040103
0.000669569
0.0184444
0.000106838
0.0001609
0.00058769
0.0111816
0.00336134
0.000211082
0.018371
4.46854e-06
1.53762e-06
-7.74965e-06
1.66221e-05
-8.46377e-07
1.33096e-10
-1.1211e-07
0.00239
0.000822338
0.00412074
0.00727083
-0.00182728
0.00961893
0.002206
-0.000124092
0.0175705
0.0029297
0.00370966
-0.000339985
0.00293893
5.55112e-17
8.32667e-17
2.24587e-06
-0.000184823
5.29764e-06
5.58335e-07
0.000116711
0.00218552
0.000717238
-0.00104511
1.83306e-05
0.000537546
0.011115
0.00452191
0.00318297
0.00518367
0.00124428
0.00131894
0.000644318
0.000384469
-0.00486593
0.00405597
-0.000219771
6.55398e-05
0.000110624
0.00110891
-3.67622e-08
0.00102733
-0.0123198
0.00799286
-0.00061852
-0.00232792
-1.52684e-07
-4.83984e-06
0.000173619
0.00135486
1.47388e-05
-7.82158e-05
1.29791e-10
-3.11247e-11
-2.18823e-08
-2.19575e-08
9.09567e-11
8.28264e-11
-0.00185987
0.000380257
0.000437336
-0.00695674
0.00288224
-0.000196166
0.00126811
7.15702e-06
1.0712e-07
-0.00248962
-7.8585e-05
-7.85851e-05
-0.00103502
1.08057e-05
2.77556e-17
3.39966e-09
0.00284491
0.004283
0.000230064
2.91475e-06
0.0282128
0.00186892
0.000772828
0.00126264
0.000572161
-0.00348331
0.00125616
0.00135309
0.00034058
0.00704777
0.00235178
0.0014171
0.0011474
0.00230027
0.000982967
0.000979945
0.00112921
0.000266433
-3.20174e-05
0.00015117
-0.00487382
0.00405527
-0.000229071
6.4911e-05
0.000110625
0.00110887
-2.36897e-08
0.00252751
-0.0123364
0.00789964
-0.00703167
-0.000620034
-1.17492e-07
-4.94766e-06
0.000173689
0.00135462
-0.00185776
0.000383195
-0.00695251
0.000437541
0.00288153
-0.000196197
0.00126663
7.37178e-06
0.00284549
0.0042763
1.51209e-06
0.000260441
0.0281966
0.00187445
0.0012593
0.000752235
0.027439
4.34466e-06
0.000148647
1.22099e-05
0.000616035
-0.0256556
0.0106568
-6.45161e-05
0.00385191
0.00074482
-0.00891335
-0.00115364
0.0145215
0.00704985
-8.91065e-07
0.000126065
0.0274958
4.33875e-06
0.000161862
1.26967e-05
0.014535
0.00706826
-9.64628e-07
0.000125924
0.00400687
0.000763108
-0.00913658
-0.00119979
0.000593572
-0.0256576
0.0106989
-6.5705e-05
0.000851232
-4.02843e-05
2.23798e-09
-6.46599e-08
0.00085374
-3.23977e-05
4.9589e-11
-6.37975e-08
-4.23922e-06
1.4739e-05
-7.82158e-05
-6.20885e-11
-2.2695e-05
1.47356e-05
-7.82158e-05
2.77556e-17
0.000870337
0.000657937
-0.000185118
0.000302281
-7.94591e-06
0.000514796
0.00106132
-0.000407618
3.80744e-05
-0.0019322
0.00118556
-0.00052049
0.000865248
0.000687631
-0.000172637
0.000293135
0.0382509
0.00520831
-0.00224733
-0.00307038
-0.0168506
-0.0105637
0.00275021
0.00242113
-0.0109153
-0.0169286
0.00203113
0.00225036
0.00507418
0.0387683
-0.00300738
-0.00243441
-0.00592586
-0.000222592
0.000443606
0.00285258
-0.00227656
0.000712061
2.81356e-05
0.00558331
-0.000959337
0.00469787
0.0268068
-0.00545941
0.000113234
0.00247926
0.00964271
-5.57767e-05
-0.00587
-0.000229252
0.000456236
0.00285666
0.000136136
0.00251223
0.0096456
-4.57302e-05
-0.000956391
0.00469238
0.0268348
-0.00539745
-0.00226829
0.000713018
2.91493e-06
0.00558408
-1.96307e-05
-2.35564e-08
-1.40595e-08
0.00104188
-1.78502e-08
-1.96301e-05
0.00104187
-3.32534e-08
6.72416e-05
6.35841e-05
0.000231799
8.99853e-05
6.35701e-05
6.72485e-05
-0.00149853
0.000231823
0.00312921
2.70699e-05
0.00739528
0.00395031
0.0297608
0.00101712
0.00158529
0.00147724
0.00101655
0.0297666
0.00147711
0.00157856
-0.000475014
0.0031337
0.00389275
0.00779832
0.000577854
-0.000447578
-6.63981e-05
0.000285706
-0.00159451
0.000732354
0.00164117
0.00534623
0.00397538
0.016739
0.00557547
-0.00651078
0.011693
0.000761545
-6.90221e-05
0.00206294
0.000576412
-0.000317776
-5.81125e-05
0.000307186
0.0116896
0.000738476
-4.06137e-05
0.00207996
0.00394594
0.0170367
0.00565697
-0.00641912
-0.00177369
0.000780682
0.00167261
0.00536266
2.77556e-17
-0.0010356
1.08039e-05
5.55112e-17
-4.52933e-09
-0.0010347
1.08208e-05
-8.32667e-17
-0.00119009
-0.00170124
3.45608e-06
0.00229215
-0.00133135
-0.00204475
3.45608e-06
0.00204359
0.0028907
0.00190017
-0.000254788
0.000891677
-0.000211915
0.00135357
0.000302047
0.000374792
-0.000204771
0.00139407
0.000313815
-3.31077e-05
0.00393813
0.00197087
-5.89001e-05
0.000321032
-0.0101988
-0.00853883
-0.00779368
-0.0130082
-0.00911481
-0.0101793
-0.0129927
-0.00741671
-3.20194e-05
0.00527715
0.00203348
0.000215255
0.00529309
-7.44964e-05
0.000254023
0.0020386
-0.00118415
0.0161659
0.00227722
0.0452897
0.0302276
-0.00264035
0.0112908
0.0380445
-0.0498291
-0.110495
0.0315523
0.00222441
0.0152221
0.0251552
0.0129157
0.018171
0.029723
0.00162235
0.0085208
0.0143786
0.000412041
0.0468457
0.022658
0.00347998
0.00226007
0.0453176
-0.00116937
0.0163683
0.0302183
-0.00264198
-0.0538846
-0.109431
0.0113059
0.0379442
0.0315527
0.00222436
0.0130597
0.0182321
0.0152352
0.02509
0.0293157
0.00183893
0.000440487
0.0465958
0.00871161
0.0144887
0.022799
0.00346742
0.0424426
0.00012746
0.0363322
-3.78188e-05
-2.81126e-05
6.36438e-08
-0.000135414
3.21737e-05
0.00311572
0.0108679
0.0194531
2.34383e-05
-0.00316234
-0.00342392
-8.00321e-06
0.00376397
-0.000239833
0.0164572
0.0067391
-0.000113769
-0.0169857
0.0542734
-0.00137057
-0.000374665
-0.00888336
-0.000286676
0.000289152
-1.39542e-05
-0.0082647
-0.000338416
-0.000957988
-0.000214166
0.0422449
0.00019875
-0.000168738
-4.6708e-06
0.0363326
1.46509e-05
-2.5779e-05
6.83761e-08
0.00310314
0.0109311
-7.78522e-06
0.00382133
0.0194471
2.34397e-05
-0.00316194
-0.00339552
-0.000237754
0.013933
-0.00116558
-0.000235061
0.00672995
-0.000106694
-0.0170775
0.0550595
-0.00888486
-0.000303575
-0.000945653
-0.000334496
0.000275951
-2.22746e-05
-0.00824255
-0.000373855
0.00490039
0.00856573
0.000293926
0.0208926
0.00136797
0.000836015
0.0107642
-1.43689e-05
0.00223642
0.120909
0.00222951
0.120926
4.56417e-05
4.78129e-05
0.00204144
0.00190312
0.0764891
-0.000603622
0.0725296
0.000945944
-5.73944e-05
-6.8108e-05
7.26162e-06
0.0023858
0.0111742
0.0125748
0.0246201
0.00184505
-0.00149318
0.00630158
-0.0058331
0.0257855
0.00432243
0.0321877
0.00432388
0.032195
-1.03013e-06
-1.04303e-06
0.00847954
0.00847867
0.0685147
-0.000461714
0.0684147
0.00788888
0.000898164
0.00702775
2.24364e-06
-0.000226112
0.00371371
0.0121434
0.00367963
0.0120923
0.000169984
0.000209956
0.00557026
0.00549043
0.0513329
0.0216479
0.0387841
0.0261402
0.000383623
0.000136456
0.00142256
7.44689e-06
0.000431323
0.0681007
0.000426766
0.0681034
-8.05963e-05
-8.06114e-05
-8.21093e-05
-8.21701e-05
0.00775286
0.0128169
-0.0150674
0.0306441
0.00487371
-0.000107623
0.000221431
0.00140672
0.00495447
0.00857103
0.000157899
0.0204913
0.00134611
0.000765479
-0.000327387
0.00955748
0.0764457
-0.000619202
0.0725062
0.000941155
-5.74273e-05
-6.81549e-05
1.16999e-06
0.00238919
0.0111381
0.0126203
0.0245455
0.00193964
0.00588503
-0.00170405
-0.00551474
0.0257841
0.0686821
-0.00130173
0.0684046
0.00788546
0.000900846
0.00706224
2.24597e-06
-5.00427e-05
0.0513259
0.0215724
0.0386788
0.0261008
0.000136412
0.000385842
9.07189e-06
0.00142485
0.00771955
0.0133043
-0.0150522
0.030773
-0.000634497
0.00488458
0.000672205
0.000122404
0.0279702
-5.00525e-05
0.0230643
-5.55781e-07
0.000472304
7.83982e-06
-5.30204e-05
0.000942689
-6.65323e-05
-4.19163e-05
-0.000502913
-2.11637e-05
0.000303156
6.9933e-05
0.000387681
0.00088706
-2.73285e-05
-6.3452e-08
-2.73274e-05
-6.25224e-08
9.11959e-11
-1.33625e-11
5.39481e-11
1.24176e-10
2.51782e-05
-0.00541831
5.61611e-05
-0.00267433
0.00118226
-0.00569634
0.00121055
0.00129344
-0.000254285
0.000132032
-0.000254285
0.000132876
-0.000109287
-0.000109287
1.02424e-10
-8.03968e-08
-0.0197438
0.000523706
-0.0145606
0.000323127
2.25212e-05
-0.000146596
-0.00211903
0.000209891
0.000173656
0.000262324
0.0001206
0.000267894
0.00175685
0.00191321
0.00215851
0.00212672
0.000642777
0.000200491
0.000658888
0.000200331
0.00116202
0.00115732
0.00142412
0.00141259
0.0280055
-5.00528e-05
0.0245801
-0.000213035
0.000475922
1.01787e-05
-5.30206e-05
0.00231976
-6.79985e-05
-3.87551e-05
-0.000508704
-3.43093e-05
5.28504e-05
0.000284598
0.000387462
0.000884955
2.51676e-05
-0.00542891
5.69915e-05
-0.00255962
-0.00569165
0.0011811
0.0010514
0.00141169
-0.0201644
0.000516694
-0.0145092
0.00032395
-0.000194364
6.34703e-05
0.000202943
-0.00211795
3.69769e-06
0.000657104
4.59261e-05
0.000100686
0.000197697
9.72698e-05
-0.000594389
8.46754e-07
3.71414e-06
0.000657245
4.60401e-05
0.000100494
9.71608e-05
0.000197546
9.42217e-07
-0.000594034
2.84159e-05
2.73998e-05
-1.12621e-07
0.00238988
-1.12655e-07
0.00238988
1.63266e-10
-5.06404e-11
-2.32949e-05
-2.40834e-05
-2.95968e-06
-2.47583e-05
-3.65265e-05
-3.32153e-06
0.000248353
0.000253216
0.0254862
0.00383203
0.00303605
0.0031009
0.00539859
0.00541216
0.00379804
0.0254822
-2.90213e-05
5.69156e-05
-4.74444e-05
0.000353223
-0.000150672
-0.00559545
0.000423113
-0.000245376
-2.90448e-05
5.69428e-05
-4.80597e-05
0.000347987
-0.00559541
-0.000152077
-0.000240614
0.000426794
-2.48358e-08
0.000635304
1.33158e-10
4.67673e-11
-0.00156287
-9.1837e-08
-2.19811e-08
0.00219806
0.000878895
0.0013113
-6.60873e-05
-8.04563e-05
0.000820072
0.000821297
0.00135078
0.000838221
0.000340893
0.00356847
-3.85852e-05
0.00264068
0.00478526
-0.000396715
0.00171139
2.86378e-06
0.00352055
0.000311037
-3.86421e-05
0.00264109
-0.000380897
0.00482135
0.00171117
7.51276e-06
0.000205454
-3.21975e-06
2.24918e-06
-0.000452848
2.24697e-06
-0.000244214
-5.55112e-17
-2.77556e-17
0.000726425
0.000748585
0.000446144
0.000693262
0.000701021
0.000569194
0.00106575
0.00095506
0.0127449
0.016344
0.000403669
0.000398332
0.00167079
0.00167216
0.0128077
0.0165139
0.00145461
1.87581e-05
0.030535
-4.02014e-05
0.000134613
5.9269e-06
0.000130713
0.00360766
0.0377267
-5.46415e-05
0.000889284
1.31744e-05
0.00108769
-0.00191855
0.020623
-0.00153754
4.77801e-07
-0.0022461
0.0221175
-0.00186804
-0.00175733
0.00417874
4.87449e-05
0.000168475
0.00716027
-1.0445e-06
0.00238381
0.00549384
-0.000184058
0.00062646
-0.00108171
0.00493495
-0.00425901
0.00718752
0.000203303
0.00106544
0.00908342
0.000365726
-2.44151e-05
-0.000407156
8.74649e-05
-0.000278536
0.00733097
0.00369587
0.00204263
0.000191664
-7.35545e-05
-0.00408226
0.000132125
6.00813e-06
0.000123309
0.00324155
0.00148416
1.32556e-05
0.0305007
-6.27437e-05
0.0376858
-5.4333e-05
0.000883611
6.60528e-06
4.84588e-07
-0.0020864
0.0219817
-0.0018588
0.00107414
-0.00195678
0.0204661
-0.00153788
-0.00177211
0.00446226
0.00025284
0.000592303
-0.000183337
0.000662992
-0.000731993
0.00497614
0.00724807
-2.04511e-06
0.00226032
0.0050886
-0.00423101
0.0072061
0.000152489
0.00103571
8.8806e-05
-0.000277368
0.00736343
0.00373384
0.00921529
0.000324724
1.81622e-05
-0.000427155
0.00218289
0.000133951
-7.86597e-05
-0.00446861
-0.0160507
0.012175
0.00120969
-0.000100265
-6.72878e-08
2.35312e-06
-2.31788e-06
-2.30252e-08
-4.50192e-05
-0.000920762
-0.00588949
0.0020002
0.00114745
-3.05661e-09
-5.83867e-05
0.00100839
0.00292855
-0.000319654
-0.00315914
1.0803e-05
0.000598738
-4.30133e-08
2.02535e-07
-0.00138136
0.010406
0.00661236
0.00203391
0.00139155
1.06841e-05
0.000352547
0.00323782
1.46182e-07
-0.00516638
0.000156699
-0.00389418
-4.74724e-05
0.00334102
0.0101001
0.00193295
0.010816
-0.000591752
0.000355408
-0.000417562
0.0101184
0.00446498
0.00174293
0.00266536
0.00296904
-8.06734e-05
0.000568594
0.0097765
0.000182924
0.00699223
0.00234497
0.0116265
-9.7508e-07
-0.000506506
6.21818e-05
0.000520885
-0.000971788
0.0247371
0.0019716
0.0151225
0.00353814
-0.0160502
0.0121997
0.00123118
-8.26276e-05
0.00119783
-6.86305e-11
-5.91518e-06
0.00100836
-7.64689e-08
3.87808e-05
2.43061e-05
-3.80222e-08
-4.20657e-05
-0.000921744
-0.00588418
0.00200213
0.00293057
-0.000327186
-0.00716744
1.08188e-05
1.06842e-05
0.000352545
0.00327777
1.00617e-10
0.000596465
3.4807e-08
2.01526e-07
-6.63647e-05
0.0103567
0.00661234
0.00202512
0.0008186
-0.00513375
0.000170155
-0.0084535
-8.62179e-05
0.00400382
0.00193335
0.00272858
0.00285668
0.00334357
0.0101001
0.0019618
0.0108271
-0.000557427
0.000245907
-0.000304708
0.00992996
-7.34751e-05
0.000470738
0.00974621
0.00046602
0.0247478
0.00195907
0.0150914
0.00351959
0.00701647
0.00234745
0.0116088
0.000142014
-0.00053333
6.50388e-05
0.000513089
-0.000952379
0.000214088
0.0156561
0.0196788
0.000128307
0.0559267
0.00208578
0.00891015
0.00484579
0.00100664
-6.92758e-08
-6.92758e-08
0.0010094
0.000177068
-0.0146809
-0.0146812
0.000121028
3.62939e-06
5.599e-06
3.40071e-06
0.000231041
2.77556e-17
-2.71786e-05
-4.16334e-17
-8.32667e-17
-0.00393126
0.0091682
0.000272939
-0.00313463
6.20524e-05
-0.00263564
0.00449581
0.00210058
2.28126e-06
0.0022795
0.00207082
2.26845e-06
-2.67294e-06
-0.00932519
-0.00932491
-2.38468e-06
0.00138491
-4.29022e-05
0.00146861
0.000459636
0
5.55112e-17
0.000193901
-1.38778e-16
0.000251858
0.000941259
0.00099703
0.000249646
-0.00430035
-0.00390081
-0.0027013
-0.00516042
-0.00371784
0.00196062
1.86526e-06
4.26046e-06
0.000821081
-0.000553009
-0.00129503
0.00128325
-0.00298217
0.00114735
0.000947491
-0.00298974
3.6408e-07
0.000142675
0.000141914
4.3673e-07
0.00234822
0.00150485
0.000517982
0.00966413
0.00172817
0.00121335
0.0012256
0.00145071
0.0179737
0.000227252
0.000128964
0.0194513
0.00417
0.00886415
0.00206447
0.0558089
5.59118e-06
3.61467e-06
0.000235607
3.21945e-06
-2.5899e-05
-6.21485e-10
-5.05452e-11
-2.37521e-08
-0.00315608
0.00026229
0.00935661
-0.00401743
-0.00266809
-8.03219e-06
0.00242727
0.00444319
-3.40469e-05
0.00137392
0.000564841
0.00124059
1.15583e-09
-8.32667e-17
-3.58844e-05
0.000182576
4.25126e-06
1.74804e-06
0.00195173
-0.00374763
0.00128537
-0.00131181
-0.000536602
0.00081909
0.00956683
0.000518988
0.00152966
0.0023437
0.00105798
0.00140893
0.00129263
0.0016703
-0.00585235
0.00344775
0.00498731
-0.00355654
0.00107539
1.45818e-05
6.94226e-05
0.00142634
-0.0199838
0.00926717
0.011794
1.97294e-06
-6.17004e-05
2.66354e-07
1.09266e-05
-3.41784e-05
1.47389e-05
-7.82158e-05
-7.82158e-05
1.47387e-05
-2.18827e-08
-2.19632e-08
-2.19623e-08
-2.18818e-08
-0.000638091
2.75667e-05
0.0003174
-0.00124917
-3.626e-05
0.000566953
0.0046749
-0.000627534
-0.000187765
-0.00100555
-0.00256833
-0.000187765
-0.00103546
1.08048e-05
1.081e-05
-0.00103469
0.00328365
0.00341368
0.00729184
0.002435
0.0215046
0.00173632
0.00155287
0.0308568
0.000405951
-0.00171333
-0.00181153
0.000395645
0.0072879
0.000183437
-5.05413e-05
0.00693888
0.00102663
0.00204015
0.00203343
0.00102775
0.000682409
0.000940923
0.000981857
0.000942408
0.00345089
-0.00582492
-0.00356758
0.00498385
1.45862e-05
0.00107537
0.00120534
-6.11439e-05
1.87282e-06
0.011461
0.00915706
-0.0199812
-1.33739e-07
-6.16635e-05
-3.02938e-05
1.2513e-05
-0.00124819
0.000325547
2.67564e-05
-0.000684643
0.000450559
-3.77099e-05
-0.000672802
0.0047942
0.00243158
0.00728436
0.00258004
0.00334745
0.030898
0.00156387
0.00174032
0.0215561
0.0119425
0.0991963
0.0326396
-0.000397385
0.0753602
-2.87146e-05
-1.75917e-05
0.0776256
-0.00013189
0.000168634
0.000122531
2.09979e-05
0.00333892
0.00292116
0.0238905
0.0194026
0.0457036
-0.0017662
-0.0208815
0.0312862
-2.27494e-05
-0.0145248
-0.0236318
0.00102344
-0.000364714
6.13214e-05
0.00996046
0.00810103
0.0733584
0.0771249
0.0118096
-1.14511e-05
-0.00628783
0.0239719
-0.000464048
0.00483678
0.033582
0.0102446
-0.00631547
0.0340773
0.000324391
0.011378
-0.000785339
0.00119609
-0.000586373
0.00800109
-0.00108485
-0.0053725
0.0295454
0.0261407
0.00893793
0.0311038
-0.000611575
0.0226398
0.0176033
0.0142256
0.000560693
0.000108014
0.00012885
0.000750408
0.0524366
0.0449946
0.00366012
0.00013185
0.0117733
-0.000503855
0.0325857
0.0991531
0.00336858
0.0194803
0.0240037
0.00296891
-0.000127221
2.10577e-05
0.000129248
0.000175492
0.0753261
0.077591
-1.71977e-05
-2.87154e-05
0.029425
0.0304699
0.00894882
0.0257228
0.0524478
0.000131723
0.00366933
0.0449369
0.00056522
0.000751393
0.000128872
0.00010783
-0.000711365
0.0143559
0.0175684
0.0225942
-0.00647479
0.0048471
-0.000463119
0.0238898
-0.00059729
-0.00538059
-0.00108516
0.00802421
0.000327317
0.00119171
-0.000972399
0.0112974
0.0336247
0.0340643
-0.00627241
0.0102495
0.0456899
0.0312923
-0.0208898
-0.00177106
0.0733351
-1.05488e-05
0.0118384
0.0771199
-0.000360498
0.00800178
0.0100124
6.1114e-05
-3.10223e-05
0.00102088
-0.0236264
-0.0145318
0.0039455
0.00266505
0.000837151
-0.00188166
0.00213882
0.00113391
0.000928935
0.00232316
1.46593e-05
-1.12382e-07
-6.69679e-08
4.19944e-05
-0.000673899
-0.000540525
-3.3802e-05
-1.57395e-05
0.00394273
-0.00187508
0.000836647
0.00265697
-0.000681159
-1.34847e-05
-2.92182e-05
-0.000544487
1.38535e-05
4.07679e-05
-6.75681e-08
-1.12691e-07
0.00213943
0.00232295
0.000931349
0.00113495
0.000148493
0.00167105
0.000611535
0.00192088
-2.73293e-05
1.4739e-05
1.47389e-05
0.000460109
0.00239045
0.00238993
-7.82159e-05
-7.82157e-05
0.00191896
0.000610382
-8.03879e-05
0.00238959
6.95269e-05
0.00188053
0.000577109
0.00161523
0.00192077
0.00238784
-8.95634e-05
0.000597935
0.00239045
-7.82159e-05
-7.82158e-05
0.00238988
-2.73337e-05
0.000460137
1.47372e-05
1.47388e-05
-0.00739907
0.00996957
0.000720965
0.0083415
0.0237291
0.00114439
0.000730102
0.0245785
4.88096e-05
0.000571947
-0.00022261
-0.000578275
0.00385577
0.00474881
0.000781629
0.00134266
0.0257101
0.00349496
-0.00135438
0.0231315
0.00228251
0.00213058
0.000749801
0.00219614
0.000184509
-0.00116882
-0.00132786
-0.00266188
0.0244607
0.0277235
0.00228216
0.000867756
0.0241365
0.0227635
-0.00179438
0.00314458
0.0244347
0.000868814
0.00232705
0.0276716
0.00018401
-0.00270594
-0.0013107
-0.00116665
0.00229777
0.00189489
0.000446896
0.00238401
-0.00761813
0.00833507
0.000740702
0.00994399
0.0038805
0.00136962
0.000808095
0.00471942
4.51606e-05
-0.000582725
-0.000233187
0.000458055
0.0236681
0.0245567
0.000736455
0.00114511
0.0353851
0.0338429
0.0202583
0.0664479
0.0210674
0.0365594
0.0469603
0.00704322
0.0329889
0.00185816
-0.00198953
0.0243844
0.134042
0.105862
-0.00394934
-0.0163264
0.0347619
0.0282947
-0.00235315
0.0202068
0.0119926
0.000753316
-0.00446512
0.0170378
0.010654
0.00822221
0.00124817
-0.00175032
0.021644
0.0280355
-0.00235657
0.00981026
0.0347516
0.0196541
-0.00281044
0.0283053
0.0215137
0.0111328
-0.002804
0.0279821
0.0106366
-0.00159395
0.00170491
0.00828788
0.0119835
0.0169821
-0.00458584
0.00204389
0.0353078
0.0664613
0.0202198
0.0340334
0.134044
-0.0163287
-0.00397076
0.105851
0.0329865
0.0243624
-0.00207515
0.00184828
0.022485
0.00706847
0.0470343
0.0364
0.0384232
0.0342411
-0.00553233
-0.00488683
0.0262924
-0.00535939
-0.00593568
0.0300601
-0.000141759
6.31051e-05
0.00315472
0.00375228
0.000390025
0.00148967
0.00248236
0.000282187
0.0169413
0.00465659
0.00241313
0.0210233
0.00190587
-0.000362775
0.00600906
0.00217087
-0.000238365
0.00451764
0.00528064
0.000143639
0.0238393
0.0225323
-0.0029164
-0.00421135
-0.00789124
-0.00920687
0.00465695
0.00941813
-0.0147101
0.00291993
0.00403638
-0.012921
-0.00422166
-0.00627268
0.00292123
0.00300239
-0.00405977
0.00416028
0.000777729
-0.00786918
-0.0177629
0.00233314
0.00221493
-0.0193114
0.000494665
0.00112103
0.0104178
0.0105828
-0.00123081
0.0057872
0.00846708
0.00113995
-0.0165371
-0.0172926
0.0024818
0.00269515
0.038424
-0.00486345
-0.00552365
0.0342412
0.000350928
0.000282386
0.00247851
0.00149012
-0.000142614
0.00375346
0.00315933
6.2803e-05
0.02631
0.0300777
-0.00592577
-0.00535055
-0.0180152
-0.0193628
0.00225179
0.00235214
-0.0165049
0.00268629
0.00249213
-0.0172689
-0.00123564
0.0011386
0.00846568
0.00577963
0.000491323
0.0105808
0.0104159
0.00111988
-0.00789066
0.00946589
0.00465328
-0.00921992
-0.00400296
-0.00786474
0.00078001
0.00419376
-0.00422371
0.00300854
0.00302616
-0.00627066
-0.0146621
-0.0129021
0.00404591
0.00294434
0.0169349
0.0210189
0.00241213
0.00466949
0.0245973
-0.00422082
-0.00291272
0.0232888
-0.000238923
0.000142939
0.00527901
0.00451553
0.00190447
0.0021416
0.00600575
-0.000363332
-1.38734e-05
-5.57713e-05
-3.90316e-05
-3.97803e-05
-6.12632e-08
-2.181e-08
0.00102511
0.000991589
-2.327e-08
0.00109212
0.00105861
-2.18509e-08
-2.33402e-05
-4.58989e-05
-2.53784e-06
6.25748e-05
4.66483e-05
-1.35402e-05
-1.27818e-05
4.75226e-06
-2.33401e-05
6.25825e-05
-2.55459e-06
-4.59042e-05
-2.19681e-08
-2.18977e-08
0.0010586
0.0010921
-5.68465e-08
0.000991542
0.00102509
-2.17786e-08
4.14705e-05
1.05084e-05
3.73165e-05
-2.53442e-05
-0.000200442
-9.38289e-05
0.000182992
0.000358776
0.00141674
0.00335506
-0.00020851
-0.00174759
0.00231775
-0.000143825
1.20645e-06
0.0025558
4.13479e-05
-2.53528e-05
3.73203e-05
1.02445e-05
0.000943963
0.00111717
-0.00147199
-0.00138162
0.000635366
-0.00252898
-0.00166077
0.00190282
-0.000200442
0.000358715
0.000183004
-9.38291e-05
0.044782
0.035101
0.00273983
0.00296552
-0.00111627
0.0268213
0.0187137
0.00617458
0.00132072
0.00742714
0.0128674
0.00292029
0.00226757
0.00273481
0.00351917
0.00245327
-0.00117193
0.0218007
0.0286455
0.0010341
0.00197598
0.00229675
0.0027157
0.00299089
0.00211767
0.00282573
0.00341241
0.00315421
-5.24066e-06
-0.0017923
0.0320638
0.0315862
-0.00115306
0.00102853
0.0286158
0.0217318
2.47828e-06
0.0315612
0.0320647
-0.00178665
0.0021424
0.00315335
0.00341881
0.00284177
0.00197283
0.00299801
0.0027099
0.00229396
0.0447209
0.00294678
0.0024649
0.0351134
0.00224203
0.00181791
0.00289158
0.00250834
0.00131806
0.00293773
0.012982
0.00718545
-0.00112171
0.00617589
0.0188923
0.0268685
0.0445301
0.0716138
0.00370111
0.0214907
0.0715023
0.0027224
0.000537346
0.0686777
0.00180216
0.00132127
0.000133368
0.000310034
-0.00262451
0.00216529
0.000369203
0.00265209
0.028201
0.0104057
-0.00225729
0.0403943
0.012628
-0.0023308
0.000926796
0.00973223
0.00490404
0.00881741
0.00936049
0.00811251
0.0761001
0.0665484
0.00517428
0.00495065
0.0205062
0.0262245
0.00929028
0.00545225
0.00168843
0.0176179
0.0112714
0.0161088
0.00358764
0.0057922
0.00636592
0.0121433
0.0309788
0.0194699
0.00304338
0.00906576
-0.00836791
0.011762
0.0116518
-0.0110757
-0.00499486
0.00484491
0.00245627
0.00287659
-0.000210782
0.00272587
0.000322786
-0.000220664
-0.0168506
-0.0129454
0.0106778
0.0127614
0.0445291
0.0214611
0.00369735
0.0716888
-0.00251427
0.00259392
0.000318966
0.00213437
0.00180201
0.00033106
0.000144506
0.00132034
0.0714582
0.0686655
0.000542497
0.00271277
-0.0083682
-0.0110698
0.0116472
0.0117487
-0.0169063
0.0127151
0.0106261
-0.0129694
-0.000208422
-0.000218394
0.000328004
0.00273193
-0.00493597
0.00291229
0.00250376
0.00490385
0.0206115
0.00580784
0.00941688
0.026273
0.0308525
0.00888616
0.00296967
0.0196464
0.003483
0.0121902
0.00612235
0.00579255
0.00165632
0.0160891
0.0112975
0.0174837
0.028356
0.041273
-0.00220557
0.0103514
0.0761544
0.00506493
0.00530906
0.0673511
0.00490194
0.00805869
0.00938888
0.0088194
0.012601
0.00966972
0.00112136
-0.00240854
0.0238441
0.00228297
0.000583308
0.0134449
0.000131483
-0.00103523
-0.00103553
0.000319325
2.24863e-06
2.24973e-06
1.08043e-05
1.08053e-05
-0.0136529
-0.00608404
1.08034e-05
2.24696e-06
0.0238755
0.0134666
0.000604193
0.00230423
-0.0136524
2.24592e-06
1.08198e-05
-0.00610466
2.24752e-06
1.08079e-05
1.08166e-05
2.24642e-06
0.000131891
0.000320432
-0.0010347
-0.00103485
-0.0255903
0.0187558
-0.000762562
0.00505744
0.00488674
2.38392e-06
-0.00139349
0.010857
-0.000360865
-0.000214519
0.00228582
0.00218794
-0.0038539
0.00247691
0.000807039
-0.000117433
-0.0310852
0.00408334
-0.000864482
0.0180614
-0.00406843
-0.000329714
0.00046937
0.00132667
-0.000465168
0.0020836
0.00205721
-0.000443082
0.00488433
0.0108345
-0.00139336
2.37751e-06
0.000186587
0.0401462
0.010992
0.0175706
0.0252977
0.00175021
0.00204268
0.0445902
0.00165974
0.0015652
0.00115305
0.00189341
0.00158525
0.0034827
0.00373488
0.00232334
0.00426766
0.000674046
0.000635233
0.00479051
0.00036627
-0.0034667
-0.00169657
0.000233649
0.00159568
0.00193133
0.00178973
0.00169826
0.0237114
0.00476363
-0.00163448
0.00208834
0.00425297
0.00482559
0.00063718
0.000656424
0.0234839
0.00170804
-9.19386e-05
0.0046099
0.00163113
0.00159173
0.00189496
0.00200379
0.000363996
0.00022858
-0.00169669
-0.00347047
0.000160858
0.0175377
0.0109998
0.040087
0.00157706
0.00234126
0.00379594
0.0034838
0.00164069
0.00184258
0.00174214
0.00116678
0.0253972
0.0447104
0.00220025
0.00166089
-0.103157
0.0954273
0.00630293
0.0265002
0.0433522
0.0111304
-0.00743857
0.112437
0.0179911
0.00929185
-0.0155435
-0.00968301
0.00807596
0.00993123
-0.00552998
0.00358849
-0.102642
0.0264091
0.00625365
-0.0875303
0.00843487
0.00356741
-0.00554208
0.009924
0.0180143
-0.00968485
-0.0155666
0.00928525
0.0433529
0.112426
-0.00742622
0.0111273
0.0396912
0.0658166
0.00625688
0.0146437
0.0691224
-0.000446013
0.00286514
0.070747
0.0200086
0.0177179
0.00226085
0.000516202
0.0385976
0.00263651
0.00458527
0.0216779
0.0396921
0.0144749
0.00623498
0.0658715
0.03841
0.0217289
0.00462615
0.00259172
0.0199908
0.000516823
0.00229473
0.0176833
0.0691208
0.070716
0.00280356
-0.000442981
