-0.723922
0.105
-1.945
-0.732799
0.255
1.955
-0.735
0.742492
-1.745
-0.571795
1.445
1.705
0.724174
0.125
-1.935
0.732948
0.255
1.955
0.735
0.742399
-1.745
0.57179
1.445
1.705
0.0705516
0.101757
0.141424
0.118663
0.0888134
0.104626
0.14146
0.118686
-0.0481077
0.0086255
0.0740282
0.0926203
0.021817
-0.0370086
-0.0775797
-0.0484402
0.0148733
0.0859785
0.100081
0.0145917
-0.0444227
-0.0821316
-0.0307482
0.0351325
0.13871
0.123105
0.0222357
-0.0357796
-0.070332
0.0690378
0.130746
0.195748
0.182948
0.108549
0.0491111
0.00581105
-0.0593476
-0.00157789
0.0673886
0.093541
0.0126537
-0.0473556
-0.0866629
-0.0628093
-0.0569218
-0.0928565
-0.0509759
-0.0511554
-0.0825027
0.0595718
0.124209
0.196895
0.182746
0.101706
0.0402821
-0.00230098
-0.0565754
0.00267801
0.0800916
0.0980768
0.0139717
-0.0459515
-0.0848303
-0.0612607
-0.0560181
-0.0912978
-0.0500331
-0.0504095
-0.0811046
0.0615435
0.126042
0.19884
0.184571
0.103292
0.0419256
-0.000448782
-0.0415966
0.0181326
0.0921918
0.102289
0.0258341
-0.0334518
-0.0735524
-0.0438455
0.0206858
0.104467
0.108497
0.0173119
-0.0416909
-0.078599
-0.0277094
0.0373226
0.145348
0.127761
0.0241911
-0.0334697
-0.0671374
0.0733783
0.134946
0.200236
0.187148
0.112164
0.0527213
0.00972785
0.0295072
0.00508872
0.0366605
0.0628723
0.038936
0.087235
0.0901204
0.117675
0.0679936
0.0864024
0.0331282
0.0623781
0.0634299
0.0904126
0.11768
0.0865665
0.0941439
0.217243
0.0823245
0.237208
0.128787
0.138168
0.453629
0.437477
0.101613
0.219793
0.237471
0.1382
0.188021
0.189212
0.0684592
0.216524
0.185167
0.228755
0.230205
0.102512
0.535104
0.212052
0.212103
0.0941846
0.28633
0.178542
-0.00500307
0.00389251
0.00223143
0.11079
0.0467417
0.094902
0.0276881
0.0462978
0.0663241
0.0814846
0.0534885
0.0452182
0.00844055
-0.000905095
0.0306825
0.0467275
0.110675
0.0972135
0.0467638
0.0267607
0.0663249
0.0533612
0.0809586
0.045218
0.0564141
0.0870589
0.190258
0.0761679
0.108598
0.10063
0.200113
0.126988
0.138806
0.22458
0.142745
0.447526
0.0983166
0.205637
0.130933
0.439944
0.0841549
0.0851398
0.0995334
0.193022
0.112571
0.131258
0.104794
0.200843
0.138843
0.447688
0.225874
0.142755
0.09835
0.439968
0.205158
0.130944
0.168945
0.185379
0.0284011
0.11534
0.177913
0.0748372
0.197913
0.19357
0.0860722
0.187934
0.20206
0.10363
0.192421
0.185578
0.195389
0.200472
0.202821
0.189247
0.167444
0.280831
0.171714
0.188259
0.182196
0.0756878
0.197947
0.193916
0.202481
0.115917
0.19524
0.212952
0.167347
0.280776
0.19533
0.100238
0.202177
0.223454
0.0868519
0.0953504
0.234264
0.22681
0.115533
0.132286
0.221118
0.537676
0.344477
0.534598
0.493663
0.366695
0.197138
0.106198
0.204057
0.22545
0.235147
0.226983
0.221603
0.537661
0.158678
0.183323
0.212938
0.172597
0.160909
0.172622
0.213817
0.188126
0.0261222
0.034373
0.0927294
0.0920666
0.167189
0.32976
0.329814
0.167451
0.0977659
0.161887
0.160879
0.0682608
0.192048
0.198861
0.215452
0.223793
0.194112
0.224696
0.215454
0.200128
0.0905879
0.0981692
0.118813
0.113976
0.534714
0.496845
0.496888
0.534724
0.202289
0.191527
0.143401
0.187544
0.202739
0.186428
0.143287
0.191755
0.133352
0.136483
0.087197
0.0849589
0.359611
0.191891
0.191969
0.359576
0.160181
0.160519
0.173143
0.173218
-0.0561129
0.00196623
-0.00545156
0.0633219
0.0450322
0.0654964
0.0160527
0.0225397
0.0509781
0.0411811
0.0349496
0.0264479
0.00502959
-0.0372469
0.0144409
0.0450025
0.0632779
0.0657551
0.0226426
0.0165197
0.0512609
0.0349501
0.0411745
0.0264384
0.0617592
0.0786641
0.153934
0.079106
0.100577
0.101999
0.177216
0.126193
0.140557
0.169756
0.142883
0.425212
0.108715
0.156955
0.133311
0.374994
0.0817211
0.0892856
0.0956407
0.159688
0.102752
0.132494
0.104979
0.180159
0.140579
0.425454
0.170421
0.142903
0.108751
0.375004
0.156868
0.133131
0.00857843
0.0425518
0.142187
0.133767
0.00277884
0.00619599
0.0122285
0.113507
0.0108838
0.0456851
0.183273
0.0725042
0.107157
0.125031
0.183001
0.172666
0.0387649
0.0387668
0.0698226
0.150745
0.0846664
0.0812267
0.165295
0.0978807
0.0753712
0.0753808
0.151505
0.180035
0.0937025
0.136714
0.169714
0.179299
0.0643497
0.0636867
0.156372
0.139336
0.067142
0.0875498
0.133543
0.266209
0.0140144
0.0439939
0.143724
0.13789
0.0475002
0.0729624
0.189065
0.071061
0.108012
0.125012
0.183027
0.172856
0.0839811
0.0828297
0.165704
0.0978405
0.0937188
0.136747
0.16958
0.176813
0.0671739
0.0875467
0.133432
0.266273
0.094823
0.0991406
0.16963
0.0994287
0.204507
0.227342
0.20975
0.220489
0.0799759
0.0846362
0.0737546
0.0888376
0.22226
0.247199
0.235931
0.23289
0.128468
0.130494
0.122042
0.130418
0.140509
0.134796
0.167678
0.440379
0.456804
0.456818
0.40129
0.493998
0.443365
0.443381
0.466394
0.403244
0.0999373
0.102304
0.17362
0.108006
0.207438
0.22926
0.212026
0.222777
0.222739
0.247278
0.236685
0.233117
0.14052
0.134812
0.167965
0.440381
0.1821
0.180915
0.200515
0.196066
0.183173
0.183644
0.201973
0.197616
0.0464635
0.0660527
0.072187
0.0775742
0.199961
0.214064
0.212516
0.282681
0.175607
0.112632
0.224528
0.178153
0.215187
0.226132
0.231439
0.239448
0.216778
0.227848
0.232603
0.240453
0.101562
0.101862
0.109023
0.104725
0.542319
0.543502
0.517534
0.542323
0.206523
0.22239
0.22254
0.220108
0.206584
0.222674
0.222446
0.22022
0.0888138
0.101687
0.0970492
0.0943063
0.246162
0.286399
0.286347
0.327676
0.178918
0.167073
0.229956
0.179631
0.125916
0.071823
0.00633142
0.0824744
0.157303
0.00976594
0.185038
0.175893
0.070606
0.14108
0.149704
0.0907886
0.12999
0.135399
0.119999
0.123379
0.134427
0.12951
0.126192
0.148052
0.145298
0.124912
0.0994681
0.175286
0.0175834
0.0926328
0.128134
0.0476305
0.162786
0.0326022
0.0712903
0.141064
0.184984
0.17604
0.15001
0.0925239
0.120114
0.123466
0.129471
0.134906
0.13394
0.129572
0.145301
0.12489
0.126067
0.148095
0.0993881
0.175343
0.181575
0.0901206
0.162244
0.0907975
0.183524
0.191192
0.0693844
0.083379
0.175802
0.136253
0.170261
0.112958
0.199992
0.196338
0.120846
0.130563
0.182091
0.305009
0.221271
0.224342
0.167304
0.456976
0.392658
0.490395
0.139612
0.343846
0.211128
0.197331
0.169557
0.407682
0.46957
0.401029
0.187552
0.093771
0.0790997
0.0916548
0.16707
0.101012
0.186893
0.193543
0.176507
0.140785
0.125119
0.134223
0.174006
0.12053
0.200993
0.196988
0.182309
0.305178
0.392684
0.490431
0.222334
0.225446
0.167801
0.456451
0.139513
0.343875
0.469584
0.401032
0.210967
0.196668
0.169658
0.407688
0.160218
0.174885
0.0910561
0.206749
0.0256718
0.031434
0.118713
0.0996915
0.168215
0.183391
0.0474048
0.083399
0.210117
0.198238
0.156145
0.214669
0.0863902
0.0858628
0.184541
0.184562
0.204231
0.199425
0.102121
0.0925936
0.18617
0.186135
0.165048
0.16431
0.202425
0.193191
0.192929
0.26677
0.199907
0.199962
0.186326
0.186446
0.161359
0.171695
0.321543
0.237825
0.16187
0.175302
0.207064
0.0945512
0.171473
0.187306
0.0535642
0.0841286
0.198094
0.210035
0.155956
0.214858
0.204895
0.199765
0.114951
0.0916197
0.193255
0.203067
0.266784
0.192569
0.17136
0.161246
0.23778
0.32149
0.193211
0.197124
0.0977959
0.106897
0.194555
0.211097
0.210152
0.233729
0.089894
0.0844377
0.0938269
0.0977445
0.219878
0.244244
0.215126
0.237551
0.117496
0.114917
0.132914
0.134384
0.218813
0.222692
0.545598
0.520913
0.340991
0.341177
0.541938
0.54194
0.50057
0.500584
0.365901
0.365897
0.195439
0.19867
0.104682
0.112506
0.212581
0.197862
0.212373
0.235211
0.244787
0.220917
0.215445
0.237615
0.223394
0.219049
0.520951
0.545623
0.0780595
0.170198
0.1746
0.130122
0.149917
0.196993
0.187896
0.18699
0.176419
0.17905
0.203802
0.219663
0.0998788
0.142754
0.190167
0.154769
0.0937353
0.133467
0.178085
0.17584
0.0996751
0.154488
0.191008
0.143044
0.17675
0.221305
0.204763
0.179205
0.156172
0.192876
0.190938
0.20001
0.0016417
0.00916013
0.0437495
0.0402179
0.0164165
0.0525942
0.0500895
0.0149219
0.0802111
0.0764271
0.0809549
0.0808349
0.0616262
0.081266
0.0751674
0.071418
0.0751577
0.164959
0.199026
0.142984
0.377565
0.401339
0.278846
0.239482
0.377158
0.239519
0.278806
0.401543
0.0753887
0.142741
0.198462
0.165167
0.0309514
0.0656762
0.106785
0.106941
0.116291
0.162395
0.226581
0.154608
0.115993
0.154649
0.227114
0.162588
0.0461086
0.11192
0.108695
0.0719315
0.158221
0.165957
0.212684
0.207391
0.174119
0.221613
0.21757
0.17224
0.161698
0.166168
0.241651
0.246074
0.166392
0.230602
0.236716
0.167791
0.163483
0.209983
0.214606
0.170392
0.166964
0.168181
0.237964
0.232305
0.161732
0.246361
0.242425
0.166365
0.177512
0.17117
0.218879
0.222381
0.0850768
0.0869015
0.100625
0.0975833
0.0945303
0.107726
0.104165
0.0911905
0.126543
0.124019
0.111111
0.114251
0.119851
0.105832
0.10824
0.121716
0.448157
0.448821
0.550798
0.499144
0.394174
0.472746
0.524583
0.42488
0.394186
0.42485
0.524589
0.472768
0.448197
0.499162
0.550807
0.448833
0.180137
0.174305
0.219043
0.217655
0.143973
0.189602
0.220361
0.160175
0.0834362
0.119172
0.212528
0.178518
0.148552
0.243123
0.234181
0.129624
0.182357
0.21806
0.219309
0.174722
0.148437
0.129539
0.234197
0.24317
0.0834464
0.178387
0.212389
0.119051
0.144002
0.160661
0.220892
0.189423
0.134749
0.130572
0.100954
0.0943293
0.140971
0.0975474
0.096545
0.13232
0.0738994
0.0705559
0.0903444
0.0942537
0.0729014
0.0991355
0.0950533
0.0703277
0.352559
0.306289
0.327326
0.405833
0.126297
0.15324
0.24468
0.222178
0.126376
0.222238
0.24465
0.15328
0.352537
0.405862
0.327271
0.306325
0.126136
0.148789
0.165643
0.137888
0.126127
0.138108
0.166196
0.148516
0.101807
0.136597
0.225623
0.18812
0.101646
0.188499
0.244328
0.136567
-0.0461414
0.000987369
0.0015006
0.0390668
0.0384549
0.0386748
0.010534
0.031624
0.0360489
0.0184033
0.0210258
0.0143967
0.00548134
-0.0649423
0.00975522
0.0384839
0.0388722
0.0389265
0.0317447
0.0103938
0.0360956
0.0212706
0.0184796
0.0144276
0.0659859
0.0744377
0.120363
0.0719836
0.101125
0.10235
0.140609
0.125811
0.14477
0.153781
0.142067
0.301964
0.113851
0.138361
0.122605
0.247317
0.0852357
0.0880123
0.0923923
0.126021
0.103844
0.133112
0.105159
0.143632
0.144833
0.301975
0.154126
0.142085
0.113862
0.247336
0.138303
0.122606
0.0195262
0.0375574
0.1024
0.0931734
0.00400828
0.0060855
0.0084083
0.0828582
0.0320427
0.0412607
0.176756
0.0712785
0.102889
0.0924945
0.170708
0.154594
0.0388884
0.0388865
0.0533564
0.148767
0.0824002
0.0825713
0.155265
0.0954847
0.0850629
0.0850503
0.124028
0.138875
0.106058
0.127177
0.147261
0.168009
0.0669548
0.0667492
0.13205
0.106889
0.076781
0.0837391
0.11225
0.226284
0.0240364
0.0401456
0.105045
0.0974059
0.057921
0.0674135
0.181123
0.0722154
0.102967
0.0901402
0.170696
0.109416
0.0856536
0.0894596
0.156344
0.0979374
0.106115
0.127206
0.147119
0.168543
0.0768189
0.0837532
0.112192
0.226206
0.0972401
0.0965761
0.131225
0.0978132
0.211399
0.223376
0.213516
0.218869
0.0811502
0.0834804
0.0780394
0.085581
0.230992
0.24334
0.236921
0.235033
0.128391
0.129404
0.125297
0.129484
0.139311
0.136282
0.153773
0.289718
0.456343
0.456356
0.427792
0.474225
0.4412
0.44121
0.451956
0.420615
0.100711
0.101701
0.13557
0.108781
0.214128
0.225615
0.215936
0.221295
0.231319
0.243534
0.237358
0.235274
0.139325
0.136298
0.15392
0.289706
0.185026
0.186418
0.195966
0.192114
0.186161
0.188587
0.197053
0.193496
0.0640595
0.0672688
0.0703392
0.0730249
0.203973
0.216003
0.214677
0.2493
0.1821
0.163911
0.212297
0.18393
0.222973
0.227441
0.230081
0.234925
0.224473
0.229019
0.231384
0.236147
0.102037
0.105118
0.105768
0.103619
0.539818
0.54127
0.527933
0.539821
0.210866
0.220103
0.218974
0.216274
0.211
0.220127
0.219014
0.216024
0.0926127
0.105336
0.0956168
0.0941198
0.266817
0.286888
0.286881
0.307615
0.180148
0.170183
0.207817
0.180141
-0.023738
-1.35891e-05
0.0765183
0.048442
0.00293529
0.0015703
0.00532578
0.0540614
0.00462747
0.00629519
0.1531
0.00800655
0.0891148
0.125743
0.163015
0.157481
0.0461597
0.0470884
0.0541712
0.136842
0.0940384
0.084366
0.150693
0.0922398
0.0155301
0.0375921
0.0890687
0.0928387
0.0267439
0.0627672
0.0868702
0.0890595
0.0570822
0.0802123
0.103928
0.111622
0.0621111
0.107294
0.114719
0.126692
0.0451471
0.0597295
0.120433
0.0904477
0.0337145
0.0565581
0.074454
0.150029
0.00913836
0.00698077
0.0133741
0.0609419
-0.00955556
0.00391055
0.0803247
0.0521004
0.0212554
0.0353098
0.159604
0.0336763
0.0461336
0.047081
0.0581628
0.136795
0.088958
0.125553
0.162963
0.157406
0.0951578
0.0817454
0.150975
0.0952372
0.0269007
0.0628135
0.08695
0.0885954
0.0153354
0.0373144
0.088666
0.0921266
0.0570746
0.080279
0.10347
0.112084
0.0451685
0.0595045
0.120418
0.0905139
0.062471
0.107338
0.114633
0.126735
0.0337189
0.0565037
0.0744271
0.15002
0.0770223
0.0487851
0.175152
0.0890907
0.0828577
0.0912574
0.126193
0.0881315
0.18213
0.196373
0.187018
0.190755
0.0747852
0.0788017
0.0736432
0.0797735
0.0984561
0.0801631
0.146946
0.1374
0.100392
0.101081
0.136793
0.112471
0.19123
0.211955
0.200552
0.197932
0.127206
0.128311
0.124281
0.129169
0.139578
0.138733
0.148274
0.281874
0.202065
0.229238
0.224461
0.224439
0.143252
0.141581
0.156077
0.300285
0.435045
0.454307
0.421161
0.469464
0.103837
0.0925856
0.120066
0.295632
0.172121
0.2386
0.208499
0.201793
0.135289
0.133041
0.151552
0.270925
0.432438
0.443229
0.454809
0.420715
0.0839691
0.0784899
0.182099
0.0922473
0.0860973
0.085792
0.0830236
0.0883973
0.0981309
0.0996925
0.130807
0.101587
0.187701
0.19956
0.190115
0.193326
0.0998196
0.0823192
0.15083
0.142936
0.132193
0.13135
0.128273
0.133092
0.104793
0.103458
0.140525
0.121303
0.191191
0.212518
0.201445
0.198613
0.139593
0.138761
0.148456
0.281969
0.43537
0.454324
0.42119
0.469535
0.203051
0.230809
0.225563
0.225642
0.143272
0.141605
0.156321
0.300292
0.10383
0.0925986
0.120015
0.293951
0.432459
0.44327
0.45483
0.420722
0.171849
0.238208
0.208145
0.201319
0.135298
0.133052
0.151747
0.270944
0.158721
0.17422
0.16094
0.171436
0.163648
0.163205
0.170367
0.199405
0.0152365
0.0327605
0.0270407
0.0299229
0.12574
0.100647
0.118117
0.108499
0.187062
0.188102
0.175696
0.180721
0.0737093
0.0647888
0.0705838
0.0791227
0.191366
0.203782
0.199606
0.202935
0.185243
0.17671
0.175033
0.202993
0.0813936
0.088716
0.0862311
0.0859658
0.179171
0.155601
0.183114
0.183143
0.185927
0.214032
0.203395
0.200442
0.104874
0.102947
0.102877
0.100766
0.174476
0.205304
0.190691
0.190718
0.213025
0.174281
0.177966
0.178096
0.185587
0.204556
0.198235
0.196239
0.187651
0.208376
0.182107
0.232949
0.180166
0.225107
0.201896
0.201901
0.166368
0.211016
0.188916
0.188907
0.15143
0.200985
0.16883
0.169918
0.275055
0.284434
0.301748
0.259827
0.162761
0.175277
0.164102
0.172309
0.167247
0.166113
0.201774
0.173869
0.192069
0.188991
0.179461
0.184964
0.070811
0.0739738
0.0708705
0.079917
0.191394
0.203772
0.202946
0.199502
0.185373
0.176702
0.17496
0.202131
0.186601
0.214391
0.203819
0.200847
0.10426
0.0969433
0.115973
0.0962392
0.185783
0.205276
0.195976
0.198579
0.186087
0.208158
0.232942
0.182078
0.15128
0.2008
0.170922
0.168378
0.275111
0.284358
0.259795
0.30176
0.194541
0.206229
0.194277
0.1962
0.0994558
0.101087
0.101401
0.103547
0.205952
0.20312
0.19817
0.2054
0.222091
0.224802
0.21755
0.229609
0.0869654
0.0820192
0.0883838
0.0856555
0.0920941
0.0986062
0.0945886
0.0965475
0.23519
0.232797
0.22816
0.240373
0.230268
0.223561
0.219969
0.23336
0.118787
0.112278
0.116514
0.115225
0.131348
0.0943512
0.1326
0.133335
0.184488
0.243415
0.220263
0.221951
0.529237
0.54186
0.543521
0.530797
0.373783
0.314108
0.343495
0.343502
0.51238
0.540977
0.53956
0.539563
0.480039
0.506607
0.498054
0.498067
0.385354
0.347813
0.366798
0.366803
0.19554
0.207889
0.196304
0.197876
0.107169
0.105831
0.107939
0.109353
0.2081
0.202408
0.207049
0.200594
0.224243
0.226658
0.219675
0.231349
0.235911
0.233821
0.241074
0.229118
0.230453
0.223723
0.220221
0.233475
0.184768
0.244247
0.222534
0.220632
0.529292
0.541835
0.530737
0.54352
0.145242
0.161457
0.157928
0.166222
0.183414
0.187413
0.185454
0.187741
0.205997
0.217395
0.208108
0.212486
0.154642
0.158488
0.176965
0.185119
0.147737
0.165403
0.165716
0.168941
0.154119
0.1578
0.177591
0.18513
0.206391
0.218484
0.208932
0.213653
0.188583
0.192251
0.189534
0.193297
0.0102338
0.0235863
0.0242837
0.0302999
0.0210797
0.03624
0.0329206
0.0391684
0.0889399
0.0921426
0.0882035
0.0913498
0.0911407
0.0837181
0.0876031
0.0831693
0.14657
0.151572
0.17849
0.183257
0.319204
0.361942
0.298729
0.337161
0.319368
0.362068
0.298904
0.337226
0.146712
0.152011
0.178531
0.183398
0.0909314
0.0971633
0.0776183
0.114546
0.165955
0.141749
0.197119
0.146938
0.143067
0.165638
0.148194
0.197913
0.104932
0.0780364
0.0870856
0.0812565
0.191947
0.191618
0.192431
0.20165
0.194543
0.199432
0.19804
0.210289
0.213763
0.183694
0.242345
0.217337
0.224258
0.197194
0.235236
0.223238
0.194943
0.193842
0.194557
0.204014
0.225257
0.197846
0.236457
0.224032
0.213647
0.18386
0.242524
0.217444
0.195006
0.200565
0.199451
0.211412
0.0897759
0.0869836
0.0941915
0.0930651
0.0949122
0.0993086
0.0989416
0.101426
0.121966
0.119769
0.118478
0.115659
0.113452
0.117411
0.110247
0.114609
0.522238
0.509486
0.543012
0.540718
0.488509
0.483317
0.509789
0.500416
0.483339
0.488474
0.500449
0.509833
0.509516
0.522263
0.54071
0.543028
0.194626
0.19743
0.201809
0.20976
0.192809
0.179175
0.205717
0.193389
0.13565
0.120462
0.17149
0.152771
0.157196
0.192768
0.180976
0.22407
0.195202
0.198108
0.202254
0.210152
0.157063
0.192111
0.176907
0.223693
0.135576
0.120381
0.171329
0.152651
0.193274
0.179494
0.205901
0.193681
0.134691
0.131952
0.10136
0.133228
0.138634
0.135348
0.114404
0.135434
0.0825126
0.0874079
0.0861366
0.090712
0.0812673
0.0885801
0.0857593
0.0913933
0.353312
0.380735
0.341188
0.363673
0.169066
0.184988
0.196655
0.215362
0.169105
0.185061
0.19674
0.215334
0.353356
0.380731
0.341177
0.363655
0.168448
0.16874
0.143449
0.17012
0.168758
0.16804
0.170548
0.142779
0.151297
0.163129
0.181701
0.193461
0.163328
0.151342
0.191823
0.1817
0.0213183
-0.00453143
0.00273637
0.0397129
0.0452788
-0.00165534
0.118704
0.107445
0.0552005
0.117505
0.124802
0.0755829
0.0739003
0.0859639
0.0487349
0.0721906
0.0832771
0.0847876
0.0719283
0.0814196
0.100734
0.0704403
0.0571487
0.104115
0.0110034
0.0288415
0.0400466
0.0113184
0.056567
0.0169347
0.0558528
0.117495
0.118719
0.107456
0.124485
0.0767403
0.0490202
0.071276
0.0736532
0.0862524
0.0829774
0.084864
0.100745
0.0703266
0.0718887
0.0815005
0.0571488
0.105437
0.118894
0.0619112
0.123316
0.080043
0.151913
0.156164
0.0667519
0.0820902
0.14175
0.137138
0.139217
0.119464
0.175992
0.178686
0.123298
0.130473
0.149419
0.287807
0.172656
0.166268
0.155425
0.302161
0.39704
0.439398
0.129499
0.229576
0.159295
0.152889
0.144813
0.267137
0.383121
0.364028
0.124067
0.0794538
0.0843692
0.0918104
0.128647
0.0949532
0.157911
0.161664
0.144328
0.144817
0.129692
0.136733
0.142655
0.127296
0.179262
0.18131
0.149697
0.288406
0.397172
0.439274
0.173196
0.166922
0.155726
0.302175
0.129479
0.22961
0.383153
0.364005
0.159244
0.15279
0.144775
0.267168
0.0852696
0.0639868
0.10837
0.112408
0.136679
0.143969
0.119265
0.146664
0.00594645
0.076925
0.0108341
0.0803259
0.0110356
0.0135742
0.111231
0.113713
0.164074
0.0246799
0.181551
0.0800119
0.181119
0.185099
0.067598
0.0768892
0.170529
0.140203
0.167698
0.170647
0.180416
0.187364
0.155271
0.189208
0.0535879
0.145696
0.0537093
0.145661
0.0701887
0.0700686
0.150474
0.150413
0.156685
0.0921058
0.156111
0.0916005
0.169849
0.162453
0.0968713
0.100361
0.112978
0.123159
0.112797
0.122907
0.149026
0.149082
0.17486
0.175217
0.12834
0.144933
0.158007
0.215232
0.175355
0.162797
0.177636
0.203725
0.128261
0.102428
0.12818
0.102493
0.155319
0.155317
0.138881
0.138793
0.0955456
0.190877
0.109527
0.26364
0.127691
0.127113
0.287085
0.244848
0.090192
0.0715941
0.108079
0.11297
0.139307
0.1446
0.149614
0.123972
0.172051
0.0539292
0.187624
0.0820634
0.186844
0.190929
0.0655317
0.0759866
0.170599
0.140867
0.167567
0.16992
0.187325
0.180374
0.155204
0.189652
0.156512
0.0938386
0.157471
0.0950882
0.170382
0.162987
0.0977291
0.100569
0.128117
0.144912
0.158232
0.215373
0.162571
0.175373
0.206084
0.176758
0.0955048
0.190861
0.109494
0.263623
0.127025
0.127614
0.244879
0.287118
0.128735
0.095906
0.134056
0.105326
0.16778
0.171432
0.100855
0.102686
0.200714
0.205959
0.22355
0.228975
0.203814
0.215666
0.214524
0.226628
0.0756968
0.0834387
0.0805315
0.0879134
0.0750909
0.0725863
0.0878696
0.0900141
0.222236
0.219965
0.246904
0.245267
0.230094
0.242051
0.226355
0.239218
0.124904
0.129401
0.127068
0.131288
0.12296
0.121809
0.130495
0.131369
0.155236
0.295374
0.151297
0.280582
0.166997
0.167888
0.446514
0.432485
0.429644
0.478367
0.429635
0.478321
0.402218
0.402228
0.497845
0.497848
0.458082
0.424839
0.458099
0.42486
0.470433
0.470446
0.405181
0.40519
0.133158
0.10763
0.137869
0.11495
0.172019
0.172746
0.109976
0.111112
0.203689
0.208717
0.225333
0.230787
0.217618
0.206461
0.216946
0.228625
0.222875
0.220426
0.247111
0.245343
0.242545
0.230769
0.226656
0.239374
0.155429
0.295383
0.151401
0.280604
0.168227
0.167243
0.432761
0.44652
0.18095
0.184546
0.178346
0.184352
0.205211
0.195057
0.194201
0.203596
0.18241
0.187973
0.180799
0.18715
0.196005
0.206206
0.204649
0.196397
0.0451147
0.048287
0.0615832
0.0706191
0.0675828
0.0765793
0.0792767
0.0763827
0.199877
0.199883
0.187654
0.245374
0.245318
0.187607
0.2816
0.281491
0.156396
0.19842
0.110925
0.111809
0.231441
0.231855
0.200284
0.159167
0.213963
0.216381
0.220315
0.232327
0.225609
0.237516
0.240546
0.238116
0.215695
0.217823
0.222115
0.2338
0.238486
0.226844
0.239215
0.241439
0.104025
0.104902
0.101244
0.103014
0.110067
0.108632
0.107377
0.107919
0.548365
0.535078
0.548328
0.548338
0.522105
0.522111
0.535074
0.548378
0.215403
0.212415
0.221731
0.22242
0.218055
0.23046
0.220391
0.227106
0.212435
0.215293
0.221962
0.222507
0.230309
0.217889
0.220536
0.22719
0.089579
0.0894336
0.101319
0.0951697
0.0967868
0.0953072
0.100098
0.0954254
0.245948
0.245947
0.307446
0.266039
0.266021
0.307447
0.328009
0.328004
0.169582
0.201998
0.167707
0.167724
0.227472
0.227764
0.170095
0.202084
0.114159
0.125105
0.0657047
0.0513771
0.0039859
0.00755633
0.0615019
0.0983827
0.115644
0.168219
0.00575195
0.0173336
0.16686
0.194934
0.154511
0.187111
0.071745
0.0705745
0.135624
0.14579
0.153771
0.154638
0.0850434
0.0952584
0.113569
0.138263
0.128038
0.145735
0.100467
0.133511
0.104645
0.145078
0.117133
0.145839
0.104676
0.149698
0.106647
0.151759
0.126874
0.16538
0.136943
0.149946
0.115671
0.132444
0.0892416
0.109931
0.15112
0.199076
0.018636
0.0162602
0.0738479
0.105896
0.125954
0.127333
0.0775882
0.0572261
0.123994
0.17378
0.0205581
0.0381117
0.0725884
0.0709231
0.135588
0.145632
0.166956
0.194931
0.154496
0.187101
0.153995
0.155166
0.0879719
0.0947892
0.100784
0.133548
0.103229
0.145324
0.112897
0.138169
0.127966
0.145645
0.116509
0.14535
0.103886
0.149759
0.137024
0.150002
0.115502
0.132422
0.106586
0.151607
0.126933
0.165446
0.0891734
0.109864
0.151209
0.199151
0.187227
0.18917
0.0832063
0.0855865
0.16027
0.164095
0.0882726
0.0940529
0.178628
0.189079
0.18744
0.199109
0.0665545
0.0702497
0.0822805
0.0859335
0.179363
0.174266
0.136083
0.0960124
0.172203
0.170798
0.116405
0.109373
0.193488
0.211602
0.18771
0.207127
0.12033
0.12136
0.133342
0.130649
0.180315
0.181857
0.341737
0.274202
0.205318
0.221949
0.199842
0.232291
0.167169
0.167692
0.45453
0.452517
0.390833
0.398298
0.477653
0.49698
0.144446
0.134481
0.363827
0.325607
0.176147
0.240871
0.165067
0.232205
0.168766
0.165336
0.401414
0.417983
0.462315
0.47272
0.402598
0.404671
0.191673
0.194986
0.0893572
0.0863282
0.0796625
0.0777634
0.0927032
0.092367
0.165323
0.168728
0.097631
0.103986
0.184033
0.192499
0.192064
0.201904
0.180561
0.178575
0.141508
0.0966797
0.125981
0.124943
0.138231
0.133271
0.175754
0.171895
0.123583
0.11739
0.193703
0.212327
0.188488
0.207623
0.180601
0.181957
0.342088
0.274245
0.390863
0.398404
0.477761
0.497009
0.205963
0.223287
0.20067
0.233706
0.167703
0.168119
0.454283
0.452695
0.144352
0.134377
0.363781
0.325633
0.462337
0.472699
0.40265
0.404702
0.176179
0.240814
0.164927
0.231848
0.168824
0.165499
0.40247
0.418003
0.168101
0.148911
0.16349
0.180851
0.100992
0.0993305
0.218959
0.184718
0.0126102
0.0300896
0.0360063
0.0181776
0.0952818
0.12012
0.124016
0.0973978
0.174507
0.176682
0.185602
0.191154
0.0423535
0.0454633
0.0823794
0.0739001
0.200702
0.218556
0.206228
0.189823
0.16227
0.1487
0.201603
0.221674
0.0819529
0.0896028
0.0892607
0.081566
0.176895
0.153279
0.153956
0.176922
0.189734
0.216255
0.211903
0.186298
0.10181
0.10348
0.0951336
0.092438
0.199291
0.167402
0.167309
0.199407
0.195909
0.167841
0.164457
0.196751
0.199752
0.203834
0.195937
0.174682
0.183061
0.19697
0.27465
0.255782
0.177074
0.222874
0.222866
0.177097
0.163633
0.206674
0.206179
0.163363
0.138695
0.189629
0.21367
0.148043
0.315424
0.325293
0.242079
0.231502
0.155283
0.170009
0.181955
0.164163
0.185368
0.218713
0.101797
0.105281
0.183495
0.178863
0.196169
0.189279
0.0540805
0.0518587
0.0825743
0.0799288
0.189673
0.206102
0.218535
0.200628
0.148722
0.162315
0.221394
0.201232
0.216638
0.190354
0.186904
0.212224
0.102633
0.102567
0.0893951
0.10069
0.174173
0.196618
0.204681
0.20005
0.255803
0.274638
0.196201
0.183135
0.147831
0.213304
0.189401
0.138645
0.231548
0.242023
0.325191
0.315467
0.194172
0.203933
0.208303
0.194443
0.100132
0.0970234
0.106433
0.107838
0.199392
0.193502
0.204741
0.215803
0.211417
0.20881
0.232188
0.235238
0.089554
0.0852196
0.0796195
0.0848991
0.0903643
0.097226
0.100955
0.0944677
0.220756
0.218799
0.24274
0.245113
0.216483
0.214512
0.240749
0.235917
0.120687
0.114304
0.111578
0.118246
0.131739
0.100591
0.0962626
0.133348
0.177786
0.245607
0.238132
0.19327
0.53501
0.550436
0.524488
0.512384
0.372086
0.310388
0.310533
0.372127
0.548441
0.518722
0.518723
0.548467
0.486654
0.513457
0.513471
0.486677
0.347265
0.386273
0.386276
0.347265
0.20596
0.195859
0.195189
0.209706
0.105687
0.105449
0.112155
0.11347
0.217312
0.206021
0.197218
0.202295
0.211227
0.213474
0.236609
0.233781
0.245539
0.243401
0.219975
0.221675
0.214905
0.216797
0.236459
0.240735
0.193727
0.23916
0.246057
0.180502
0.512348
0.524492
0.550463
0.534927
0.0148269
0.087747
0.147372
0.0605842
0.175672
0.185135
0.172526
0.163118
0.183522
0.170863
0.174643
0.187273
0.0945427
0.0785072
0.143853
0.156718
0.119961
0.181455
0.191381
0.178188
0.207609
0.201752
0.195369
0.192678
0.190514
0.184357
0.189199
0.197899
0.179881
0.184429
0.191592
0.189086
0.158237
0.149251
0.206619
0.204155
0.153238
0.193047
0.204064
0.149867
0.200629
0.202814
0.207023
0.20537
0.21956
0.225625
0.217974
0.211771
0.0617328
0.0773807
0.140579
0.0914914
0.107879
0.162539
0.161617
0.0998413
0.191983
0.20034
0.184885
0.175218
0.1381
0.117391
0.169066
0.178537
3.47958e-05
0.0751135
0.147603
0.0985666
0.0983576
0.158743
0.147201
0.0815647
0.18531
0.190348
0.176937
0.174651
0.182636
0.170368
0.176553
0.189819
0.061324
0.0907741
0.139754
0.0776906
0.137898
0.178218
0.168446
0.117084
0.192986
0.176144
0.186378
0.201038
0.109208
0.0996765
0.161821
0.163389
0.158454
0.204971
0.207115
0.14948
0.221659
0.213578
0.219228
0.227096
0.201961
0.205574
0.208411
0.203104
0.153237
0.149525
0.204353
0.193449
0.125124
0.183741
0.195634
0.186505
0.184305
0.194094
0.196627
0.190749
0.192615
0.200078
0.192903
0.185741
0.2103
0.195981
0.198711
0.204257
0.000946184
0.00403317
0.00799317
0.00303027
0.00718114
0.0139261
0.0112863
0.00477807
0.0628346
0.0602817
0.0287324
0.0314297
0.0654146
0.0127141
0.0247168
0.0691278
0.0112026
0.0217869
0.022466
0.01419
0.0666757
0.067798
0.0396871
0.0394036
0.0658381
0.0343886
0.0376016
0.0692778
0.0096245
0.012114
0.0196364
0.0167094
0.0835957
0.0839552
0.0875609
0.0907521
0.0792855
0.0882597
0.0908483
0.0817775
0.0748179
0.0782826
0.0867515
0.0836309
0.0771804
0.0869382
0.0844909
0.075305
0.0665724
0.0830701
0.0819945
0.0718045
0.0756512
0.0780528
0.0866383
0.0844527
0.071835
0.0808307
0.0783551
0.0693447
0.0768681
0.0745255
0.083866
0.0859323
0.0637298
0.0958546
0.128107
0.0674038
0.154842
0.186266
0.170259
0.130299
0.189382
0.203805
0.19272
0.185586
0.120717
0.102103
0.159317
0.172365
0.293584
0.414406
0.355328
0.324172
0.429632
0.373802
0.368491
0.427073
0.248205
0.240499
0.306502
0.313081
0.178117
0.249259
0.288267
0.221478
0.293554
0.324012
0.355591
0.414484
0.178742
0.221882
0.288466
0.249468
0.248213
0.31309
0.306545
0.240512
0.429644
0.427031
0.368598
0.373814
0.0637954
0.0674946
0.128935
0.0974161
0.120718
0.172394
0.159349
0.10206
0.198458
0.185212
0.192867
0.20378
0.154658
0.129741
0.170384
0.186017
0.00327644
0.0290625
0.0763829
0.0405342
0.0800374
0.148709
0.0871011
0.0531286
0.161652
0.0988685
0.0879517
0.146532
0.0810145
0.068873
0.11283
0.128939
0.0731574
0.0639168
0.150318
0.0836435
0.135079
0.208639
0.167658
0.108948
0.207451
0.181996
0.205581
0.165904
0.105
0.104346
0.178083
0.176959
0.0726084
0.0845726
0.149633
0.0627372
0.107801
0.179855
0.178124
0.103924
0.208739
0.166088
0.2011
0.184591
0.134863
0.108576
0.1709
0.208563
-0.0140639
0.0622452
0.0894853
0.0426784
0.0826635
0.129658
0.118272
0.0737263
0.163323
0.149812
0.0906067
0.0997886
0.0853285
0.0575003
0.090923
0.152908
0.121897
0.124748
0.189808
0.185124
0.129922
0.19448
0.193049
0.127443
0.221646
0.218944
0.202789
0.205089
0.212959
0.197766
0.200446
0.216095
0.140279
0.192956
0.194036
0.137951
0.230852
0.229109
0.210941
0.212147
0.224273
0.207245
0.209352
0.226936
0.132632
0.135476
0.194414
0.194452
0.141952
0.152416
0.183161
0.174929
0.152512
0.184179
0.17834
0.149856
0.236198
0.238812
0.242634
0.244549
0.242989
0.239983
0.241614
0.241305
0.154659
0.200984
0.198693
0.155961
0.225002
0.228223
0.23382
0.230729
0.233628
0.239519
0.236689
0.230995
0.154613
0.155643
0.195227
0.186118
0.127402
0.189904
0.193947
0.129786
0.215536
0.218368
0.203043
0.200757
0.223295
0.206945
0.204983
0.220901
0.134403
0.132
0.195854
0.195704
0.15499
0.15623
0.199431
0.20189
0.154805
0.186556
0.1958
0.155861
0.234976
0.232597
0.237814
0.240452
0.22712
0.232269
0.235136
0.230098
0.141942
0.174885
0.183257
0.152525
0.243285
0.241865
0.24168
0.239775
0.237296
0.245186
0.24297
0.239656
0.152633
0.149946
0.178569
0.184387
0.143472
0.141655
0.194355
0.193047
0.136682
0.195326
0.195026
0.139128
0.225643
0.228037
0.210619
0.208778
0.231391
0.212874
0.211932
0.229937
0.0760132
0.0785329
0.0860282
0.0840869
0.0845099
0.0912292
0.0894995
0.0823676
0.104572
0.103541
0.0965987
0.0979161
0.0993542
0.092019
0.0933997
0.100648
0.0914827
0.0982707
0.0960062
0.0894003
0.11159
0.108877
0.102498
0.104609
0.106247
0.0997806
0.102195
0.108571
0.0867472
0.0890795
0.0956545
0.0932809
0.130205
0.12909
0.122875
0.124359
0.126183
0.119737
0.121734
0.128147
0.106844
0.108994
0.115316
0.113291
0.111867
0.118126
0.116619
0.110321
0.122485
0.115967
0.116891
0.12377
0.101571
0.102883
0.109943
0.1089
0.105335
0.111928
0.111223
0.104463
0.125101
0.124908
0.117985
0.118517
0.301892
0.301989
0.496725
0.45711
0.292298
0.534333
0.531995
0.297829
0.54596
0.545889
0.547847
0.547883
0.47748
0.476073
0.516316
0.516842
0.253525
0.447375
0.475636
0.272198
0.455834
0.484239
0.486535
0.457981
0.5326
0.534782
0.513374
0.511091
0.284934
0.276118
0.502097
0.523313
0.253563
0.272215
0.475586
0.447396
0.284946
0.523335
0.502104
0.276129
0.532605
0.511096
0.513378
0.534781
0.455845
0.458001
0.486527
0.484252
0.301866
0.457468
0.496787
0.301996
0.477491
0.516845
0.516422
0.47599
0.545968
0.547893
0.547877
0.5459
0.292351
0.297844
0.532004
0.53432
0.141194
0.141979
0.18707
0.189161
0.155501
0.187642
0.188435
0.153979
0.22026
0.219053
0.209565
0.215327
0.228673
0.20958
0.206613
0.223478
0.0960934
0.142374
0.176385
0.137335
0.16522
0.190968
0.204762
0.174225
0.219928
0.212802
0.210628
0.207996
0.155705
0.151306
0.180802
0.18568
0.0458769
0.0634274
0.116875
0.0948745
0.104561
0.146838
0.129332
0.0855954
0.215675
0.208186
0.181102
0.196999
0.155955
0.14029
0.162468
0.196605
0.134085
0.168608
0.161734
0.125084
0.241299
0.236814
0.228724
0.23543
0.223177
0.207413
0.218865
0.230255
0.106979
0.11486
0.152467
0.153717
0.14401
0.189424
0.190347
0.144161
0.228985
0.223741
0.207145
0.2101
0.220352
0.215704
0.209944
0.219138
0.156801
0.157346
0.188557
0.188256
0.134047
0.125041
0.16161
0.168502
0.106961
0.15359
0.152346
0.114788
0.22322
0.230355
0.218519
0.207119
0.241449
0.235055
0.228333
0.236937
0.0458563
0.0948099
0.11683
0.0634109
0.153196
0.196596
0.162306
0.140192
0.215656
0.19687
0.18092
0.20815
0.104499
0.0855656
0.129771
0.146733
0.095959
0.137482
0.176567
0.142416
0.156638
0.186418
0.181145
0.151339
0.219888
0.207817
0.210406
0.213108
0.165096
0.173861
0.204882
0.190868
0.13292
0.13048
0.134013
0.135321
0.129443
0.131544
0.131935
0.12936
0.108
0.102379
0.101242
0.0999421
0.093416
0.091806
0.102772
0.10418
0.140881
0.14127
0.138428
0.135523
0.0966094
0.104218
0.103452
0.0966424
0.0954534
0.0953068
0.107123
0.101697
0.130386
0.13219
0.134348
0.132348
0.0599726
0.0581342
0.0848112
0.0925042
0.0535328
0.0816731
0.0822326
0.0541767
0.0936128
0.0938345
0.0890803
0.0891593
0.0970341
0.0962328
0.102074
0.102405
0.0590907
0.0900353
0.0833074
0.0546832
0.092622
0.10248
0.0995368
0.0948458
0.0944377
0.0889869
0.0915621
0.0960129
0.0534718
0.0540085
0.0816512
0.0814806
0.238618
0.270398
0.378314
0.417041
0.245528
0.295976
0.335005
0.280775
0.308053
0.348044
0.345072
0.305497
0.42345
0.42418
0.384583
0.386381
0.0813227
0.111599
0.161355
0.128007
0.131129
0.179139
0.173815
0.124976
0.266957
0.263804
0.219913
0.224512
0.209368
0.171277
0.208711
0.253907
0.0815596
0.128019
0.16144
0.111586
0.209314
0.253939
0.208705
0.171279
0.266953
0.224512
0.219889
0.263779
0.131094
0.12492
0.173858
0.179141
0.238665
0.417079
0.378379
0.270388
0.423458
0.386385
0.384583
0.424205
0.308057
0.3055
0.345071
0.348046
0.245487
0.280764
0.335039
0.296014
0.0963065
0.129386
0.163813
0.135199
0.147963
0.178711
0.173728
0.142203
0.171231
0.16642
0.149646
0.155848
0.138034
0.170216
0.135997
0.166872
0.0961836
0.13515
0.163808
0.129358
0.138084
0.166831
0.136105
0.168036
0.171245
0.155892
0.149696
0.166436
0.147937
0.142138
0.173746
0.178716
0.0532084
0.0821642
0.14153
0.105045
0.105769
0.166029
0.159327
0.0977306
0.205752
0.196483
0.202549
0.210368
0.171472
0.145296
0.181183
0.202378
0.0531464
0.105096
0.141673
0.0821342
0.172
0.201935
0.181187
0.145197
0.205773
0.218218
0.200792
0.19646
0.105736
0.0976554
0.159328
0.166022
