-0.77972
0.355
-2.045
-0.79384
0.335
2.175
-0.761236
0.915
-1.925
-0.706799
1.315
2.025
0.77973
0.355
-2.045
0.793849
0.335
2.175
0.761241
0.915
-1.925
0.706804
1.315
2.025
0.0848056
0.0713649
0.0601024
0.0235102
0.0848038
0.0713975
0.0601364
0.0235342
-0.000925807
0.0374149
0.0994047
0.0923882
0.0370974
0.00488695
-0.0130375
-0.0181995
0.017109
0.0840273
0.0742607
0.0201102
-0.0111412
-0.0284131
-0.0279527
0.00786029
0.0586391
0.0359434
0.00505131
-0.025508
-0.0462923
-0.0215968
0.0066598
0.0258398
0.00932129
-0.0190158
-0.0409761
-0.0603743
-0.0115143
0.0260178
0.0996272
0.0900904
0.0241912
-0.00572757
-0.0205459
-0.0291178
-0.0220067
-0.0360027
-0.0357328
-0.0318793
-0.05218
-0.0243904
0.00549284
0.0259409
0.00650999
-0.0228111
-0.0446156
-0.0638292
-0.0115086
0.0260207
0.0996324
0.0901138
0.0242008
-0.00571879
-0.0205352
-0.0291133
-0.0220007
-0.035993
-0.0357271
-0.0318734
-0.0521703
-0.0243768
0.00550896
0.0259612
0.00652917
-0.0227961
-0.0446024
-0.0638162
-0.000910779
0.0374285
0.0994244
0.0924267
0.0371235
0.00490865
-0.0130143
-0.0181854
0.0171232
0.0840479
0.0743028
0.020132
-0.0111228
-0.0283914
-0.0279356
0.00788146
0.0586814
0.035984
0.00507182
-0.0254899
-0.0462708
-0.0215689
0.00669209
0.0258785
0.00935862
-0.018985
-0.0409486
-0.0603475
0.0621223
0.0492866
0.07927
0.0255623
0.00631038
0.093059
0.121899
0.0696205
0.000485465
0.018137
0.0621586
0.0792688
0.0255654
0.0943008
0.0695995
0.0182127
0.0782867
0.121767
0.141329
0.127598
0.117228
0.0381041
0.408283
0.466513
0.078299
0.121769
0.127604
0.0381523
0.130381
0.130375
0.16552
0.197943
0.197105
0.125753
0.125763
0.126601
0.531778
0.14871
0.148706
0.103319
0.329636
0.0375194
0.0456333
0.00809651
0.077121
-0.0073031
0.00620453
0.0854037
0.0387345
0.0755353
0.0620143
0.057578
0.000485495
0.0142773
0.00810369
0.0456264
0.0770986
0.00619992
-0.00771777
0.0844514
0.0730875
0.0389535
0.0619979
0.000485623
0.0574324
0.0142288
0.0839815
0.0815468
0.133908
0.15135
0.113833
0.0748906
0.137119
0.125016
0.0748133
0.124674
0.0471604
0.408392
0.0281527
0.103586
0.0221172
0.4744
0.0840504
0.15135
0.0815452
0.133905
0.114189
0.125019
0.0749106
0.137123
0.0748386
0.408384
0.124689
0.0471763
0.0282305
0.474584
0.103584
0.0221244
0.12821
0.163013
0.171399
0.147914
0.130907
0.171004
0.153078
0.0360945
0.0879336
-0.0725377
0.142623
0.111724
0.187457
0.171555
0.129795
0.188854
0.179058
0.0444962
0.0924472
0.321127
0.128203
0.163146
0.130899
0.171004
0.153084
0.0360947
0.142803
0.111906
0.129807
0.188852
0.0881505
0.321138
0.136518
0.136405
0.137331
0.124237
0.167007
0.13642
0.125777
0.153678
0.121843
0.116533
0.130335
0.539626
0.243687
0.524678
0.506751
0.426471
0.136519
0.136406
0.136994
0.12424
0.125786
0.153684
0.130338
0.53963
0.124628
0.134251
0.124376
0.128773
0.124611
0.128715
0.124378
0.134244
0.170518
0.170518
0.169774
0.169774
0.170721
0.240159
0.240104
0.170724
0.131959
0.089107
0.089196
0.132723
0.135379
0.136108
0.110819
0.117616
0.135378
0.117617
0.110827
0.13611
0.145828
0.145828
0.130709
0.130707
0.528306
0.515067
0.51507
0.528685
0.142465
0.132874
0.0966347
0.108873
0.142555
0.106043
0.0966348
0.132959
0.120743
0.120836
0.0908873
0.0907964
0.418933
0.169366
0.169392
0.418943
-0.0287114
-0.0286597
0.0458399
0.0458394
0.0307063
0.000672587
0.059647
0.0168183
0.0025025
0.0426474
0.0210808
0.0485786
0.05001
0.0303685
-0.0124696
0.00889033
0.000831923
0.0307075
0.0599437
0.00249769
0.0205553
0.042593
0.0488384
0.0211501
0.0500416
-0.0108446
0.0302484
0.00887767
0.0864143
0.0831775
0.129096
0.131484
0.116224
0.0731541
0.124448
0.115099
0.0720296
0.104169
0.0543089
0.383011
0.0236211
0.0634075
0.0227762
0.340373
0.08641
0.131747
0.0831721
0.12909
0.116485
0.115733
0.0731811
0.124452
0.0719488
0.382431
0.104188
0.0543141
0.0236275
0.340379
0.063407
0.0228322
0.0552673
0.0356721
0.0971058
0.146671
0.0409912
0.0409733
0.137209
0.126941
0.0759304
0.0805446
0.127666
0.168136
0.00560135
0.044971
0.139168
0.0363152
0.00631205
0.00630871
0.0675597
-0.102878
0.0919145
0.0942225
0.133222
0.115929
0.0980615
0.109779
0.160825
0.149384
0.0676527
0.0724353
0.11141
0.182196
0.00048541
0.00048554
0.0952865
0.0466843
0.0186031
0.0286183
0.0474058
0.310651
0.0554848
0.0356237
0.0970531
0.146676
0.075952
0.080573
0.127649
0.167376
0.00560849
0.0449394
0.139133
0.0363157
0.092595
0.0956274
0.133086
0.11611
0.0676764
0.0723431
0.111418
0.182248
0.0185938
0.0286171
0.0474007
0.310667
0.079915
0.0766303
0.12781
0.120923
0.136784
0.130169
0.116777
0.122732
0.143393
0.143392
0.144825
0.138791
0.141653
0.136114
0.126663
0.127407
0.118734
0.118736
0.119465
0.121541
0.0431143
0.0307684
0.0746725
0.369033
0.41631
0.41623
0.325774
0.478933
0.476951
0.476946
0.486914
0.446609
0.0799221
0.0766392
0.127807
0.12124
0.136784
0.130173
0.116779
0.122734
0.14167
0.136125
0.126672
0.12745
0.0431118
0.0307538
0.0747194
0.369027
0.131246
0.13065
0.135731
0.133957
0.131242
0.130643
0.135724
0.133952
0.16846
0.168262
0.168262
0.166264
0.199661
0.194813
0.19481
0.19495
0.113981
0.196178
0.189078
0.113971
0.14023
0.125166
0.125216
0.136158
0.140232
0.12517
0.125225
0.136168
0.128613
0.134053
0.124222
0.128614
0.542787
0.535016
0.523422
0.542791
0.149565
0.145685
0.121862
0.149653
0.149561
0.145773
0.122616
0.149651
0.0987866
0.107527
0.107618
0.108304
0.257248
0.327628
0.327631
0.391059
0.0379906
-0.0310328
0.0581051
0.0379924
0.088687
0.113622
0.132005
0.106122
0.126307
0.174267
0.109965
-0.0354584
0.0635394
-0.0985786
0.128696
0.0980773
0.10142
0.0907792
0.152685
0.120538
0.0950578
0.149357
0.0923467
0.0533816
0.0852272
0.0476182
0.0430716
0.159408
0.132006
0.106125
0.088686
0.11473
0.126215
0.17362
0.0635842
-0.0985747
0.109988
-0.0354615
0.128594
0.096376
0.152464
0.120546
0.101757
0.0907743
0.0951177
0.149353
0.085233
0.0476183
0.09115
0.0533604
0.0430697
0.159419
0.131205
0.163821
0.127513
0.128636
0.129616
0.134613
0.148313
0.148588
0.136613
0.12254
0.12853
0.11847
0.136591
0.142377
0.128017
0.12528
0.115256
0.210732
0.127319
0.121437
0.0888859
0.372511
0.324112
0.482644
0.0553146
0.411856
0.107156
0.0997397
0.0709473
0.359538
0.495024
0.44766
0.131223
0.163675
0.148313
0.148588
0.127506
0.128919
0.129614
0.134608
0.136888
0.122894
0.12802
0.125329
0.128513
0.119183
0.136594
0.142426
0.11538
0.210679
0.32407
0.482807
0.127378
0.121474
0.0888922
0.37255
0.0553241
0.411975
0.495026
0.447672
0.107152
0.0998166
0.0709452
0.35953
0.127853
0.130152
0.154203
0.157116
0.170959
0.170959
0.154986
0.155668
0.128568
0.132696
0.17076
0.17039
0.144406
0.122361
0.026864
0.0530849
0.0898955
0.0898501
-0.0673759
-0.0673235
0.142587
0.139239
0.114616
0.104857
0.183281
0.183199
0.154089
0.153896
0.124992
0.131338
0.185696
0.186147
0.176188
0.176192
0.0449655
0.0449627
0.0938112
0.0908753
0.382569
0.247897
0.127846
0.130216
0.157004
0.154206
0.128561
0.132689
0.17076
0.17039
0.122365
0.143691
0.0268618
0.0530891
0.142722
0.139373
0.114754
0.104993
0.131483
0.125
0.186149
0.185689
0.0908856
0.093951
0.247927
0.382587
0.136078
0.135919
0.142915
0.133732
0.135648
0.128745
0.138791
0.132751
0.16839
0.168391
0.138473
0.138473
0.141182
0.135579
0.146441
0.130204
0.123585
0.123584
0.118642
0.118688
0.113011
0.11408
0.542153
0.53182
0.245166
0.245122
0.535783
0.535797
0.517792
0.517793
0.426704
0.426708
0.136078
0.13592
0.142916
0.133734
0.127759
0.135644
0.138792
0.132756
0.135568
0.141215
0.146484
0.130202
0.114092
0.113044
0.531821
0.542163
0.0844123
0.127377
0.129912
0.0937246
0.135033
0.132156
0.133335
0.129478
0.11266
0.116168
0.138792
0.124703
0.0790523
0.0984293
0.134532
0.105665
0.0838879
0.0937271
0.129907
0.127362
0.0792712
0.105668
0.134527
0.0985989
0.112662
0.124706
0.138787
0.116143
0.130253
0.129462
0.133329
0.132165
0.136845
0.133984
0.16961
0.171124
0.136846
0.171042
0.16961
0.133984
0.132537
0.146568
0.168327
0.165848
0.132234
0.165938
0.168327
0.146568
0.127146
0.168688
0.194528
0.156443
0.28843
0.330966
0.19165
0.183259
0.276663
0.183237
0.191985
0.330967
0.126954
0.156362
0.194525
0.168691
0.0843831
0.135832
0.174499
0.135905
0.0685817
0.134948
0.114908
0.108247
0.0681362
0.108263
0.114969
0.135319
0.0844037
0.135905
0.174502
0.135832
0.128039
0.127513
0.139632
0.137637
0.125773
0.141642
0.139633
0.12792
0.0672647
0.0730703
0.135694
0.135824
0.0965772
0.131376
0.134414
0.0814903
0.128036
0.137638
0.139633
0.127486
0.0965874
0.0814866
0.134416
0.131381
0.0672737
0.135832
0.135682
0.0728688
0.125773
0.127915
0.139636
0.141657
0.130096
0.140849
0.135998
0.127552
0.130341
0.127875
0.135998
0.140849
0.117587
0.121159
0.126177
0.119853
0.116784
0.119339
0.126176
0.121157
0.375659
0.370927
0.546276
0.488535
0.349969
0.497646
0.534519
0.374489
0.349962
0.374476
0.534521
0.497651
0.375648
0.488543
0.546286
0.370803
0.142587
0.134031
0.146123
0.145581
0.090897
0.125326
0.14442
0.132027
0.054103
0.0415295
0.121841
0.114332
0.0591797
0.134325
0.125021
0.0501024
0.142603
0.145641
0.146188
0.133987
0.0592273
0.0501075
0.125029
0.134334
0.0540929
0.114281
0.119703
0.0415476
0.0909307
0.132107
0.144485
0.125342
0.124477
0.123414
0.111465
0.118632
0.1248
0.118883
0.111533
0.123438
0.0662768
0.0685406
0.101895
0.112052
0.0663237
0.111527
0.101827
0.0685182
0.352766
0.372133
0.389409
0.452401
0.0739747
0.0919847
0.254792
0.238354
0.073978
0.238366
0.254793
0.0919869
0.353306
0.452415
0.389415
0.372259
-0.106143
-0.100375
-0.0285528
0.022555
-0.106171
0.0224977
-0.0285507
-0.100374
0.0513508
0.0471513
0.0544283
0.0555347
0.0513614
0.0555789
0.0544712
0.0471512
0.021885
0.00351716
0.0351262
0.0187622
-0.0171131
0.0227968
-0.0100752
0.0287804
0.0274505
0.00286073
0.000485601
0.00993601
0.0100375
0.021884
0.0351453
-0.0171188
0.0186685
0.0230654
0.0287769
-0.0101968
0.0273414
0.000485728
0.00289572
0.00993096
0.0855984
0.0839916
0.110084
0.122763
0.0704321
0.0722867
0.101682
0.10695
0.067947
0.0818483
0.0590132
0.208106
0.0235101
0.0463137
0.0234772
0.190272
0.0855956
0.122762
0.0839893
0.110067
0.0704504
0.106956
0.0723118
0.101692
0.0677579
0.208096
0.0818501
0.0590368
0.0235231
0.190261
0.04633
0.023487
0.0595185
0.0518991
0.0801261
0.129956
0.0461181
0.0461232
0.0779935
0.113917
0.0782271
0.0798978
0.108568
0.125448
0.0222804
0.038397
0.110454
0.0365748
0.00631121
0.00630954
0.0560107
0.0261288
0.0924867
0.0936311
0.118709
0.112886
0.120965
0.120963
0.146132
0.127084
0.0688264
0.0714681
0.0958807
0.154432
0.000485428
0.000485503
0.0452734
0.0339044
0.0181998
0.0174752
0.0201404
0.305925
0.0597971
0.0516513
0.0801399
0.12998
0.0782295
0.0799171
0.108567
0.125842
0.0222839
0.0383988
0.110261
0.0365761
0.0934479
0.0950918
0.118572
0.113204
0.0687188
0.0715424
0.0959018
0.154497
0.018179
0.0173265
0.0202049
0.305302
0.0791009
0.0774727
0.106038
0.111922
0.14145
0.12551
0.119073
0.122258
0.142192
0.142192
0.145194
0.139977
0.132731
0.131963
0.127183
0.127397
0.117912
0.117913
0.118277
0.116566
0.038438
0.034747
0.0569135
0.204834
0.412935
0.412881
0.366827
0.448082
0.47257
0.472573
0.476707
0.456566
0.0791105
0.0774874
0.106027
0.111925
0.141451
0.125514
0.119075
0.12226
0.132737
0.131971
0.12719
0.127405
0.0384485
0.0342657
0.0569302
0.204819
0.130819
0.13052
0.133032
0.132181
0.130815
0.130514
0.133026
0.132176
0.16699
0.166889
0.166889
0.165892
0.201284
0.197351
0.197348
0.196568
0.125856
0.196111
0.196525
0.125851
0.13975
0.12563
0.125797
0.131261
0.139751
0.125635
0.125808
0.13127
0.12752
0.13287
0.125412
0.12752
0.538352
0.533426
0.528551
0.538353
0.14914
0.147201
0.132219
0.149192
0.149136
0.147243
0.132153
0.149189
0.101053
0.105423
0.105468
0.105812
0.293752
0.328658
0.328659
0.360626
0.0384348
0.0412383
0.0549911
0.0384334
0.0383822
0.0411621
0.0699981
0.0991434
0.0206479
0.0172775
0.166414
0.0794134
0.0699045
0.074807
0.0993811
0.127959
0.0107343
-0.0247736
0.0678685
-0.0379929
-0.0171163
-0.0171196
0.0496792
0.0264959
0.0534471
0.0913423
0.117425
0.102083
0.0356022
0.0362868
0.0853411
0.0824787
0.0600238
0.0849045
0.134304
0.094917
0.0569692
0.0653778
0.0867135
0.120006
0.0439935
0.050914
0.101017
0.0709921
0.000485524
0.000485448
0.0354696
0.0343708
0.011097
0.0178135
0.0309152
0.16208
0.0184449
0.0169462
0.166433
0.079397
0.0383757
0.0428742
0.0701012
0.0991391
0.0696575
0.0748121
0.0993521
0.127992
-0.0171236
-0.0171284
0.0497011
0.0264952
0.0107732
-0.0246804
0.0680516
-0.0380283
0.0540685
0.0917421
0.117226
0.101576
0.0594107
0.0850622
0.134178
0.0958052
0.0357655
0.0369957
0.0853674
0.0822676
0.0570497
0.0654177
0.0867454
0.120006
0.000485653
0.000485578
0.0354653
0.0343708
0.0438677
0.0506699
0.100996
0.0707656
0.0110843
0.0178273
0.030915
0.162092
0.129522
0.0825905
0.11858
0.125598
0.0823628
0.0807308
0.108061
0.120332
0.131947
0.135406
0.131696
0.134238
0.15165
0.144426
0.149015
0.149969
0.115068
0.0948309
0.125094
0.121416
0.074022
0.0757598
0.103894
0.109489
0.134447
0.139436
0.136844
0.136577
0.125396
0.119549
0.126437
0.120088
0.0722533
0.0716976
0.0948842
0.168024
0.121678
0.132707
0.126281
0.123075
0.0510038
0.0448934
0.0682598
0.206283
0.392358
0.415254
0.365963
0.449334
0.0340577
0.0305872
0.0434861
0.325868
0.084824
0.120949
0.105311
0.101806
0.0239007
0.0309053
0.0514117
0.204292
0.487073
0.477325
0.484666
0.461061
0.12959
0.0826077
0.118676
0.125549
0.151639
0.144425
0.149015
0.149969
0.0823568
0.0807337
0.108041
0.120332
0.131944
0.135405
0.131694
0.134234
0.115336
0.096163
0.125131
0.121481
0.125398
0.119552
0.12644
0.120114
0.0740454
0.0757766
0.103896
0.109412
0.134452
0.13944
0.136848
0.136603
0.0722601
0.0716479
0.0949899
0.173387
0.392258
0.415177
0.365961
0.449308
0.121679
0.132704
0.126348
0.12308
0.0510442
0.0449
0.0682719
0.206278
0.034059
0.0305811
0.0434872
0.325859
0.487478
0.477323
0.484584
0.461132
0.0848198
0.120962
0.105319
0.101801
0.0239903
0.0309073
0.0514262
0.204274
0.112842
0.131659
0.128582
0.126904
0.155154
0.105342
0.160351
0.161768
0.137771
0.16993
0.17118
0.17118
0.137418
0.160617
0.146619
0.14662
0.13103
0.130778
0.129742
0.131813
0.172353
0.16963
0.170882
0.170697
0.149964
0.15273
0.150018
0.128652
0.0360483
0.0367247
0.0373848
0.0488492
0.0791051
0.0965204
0.0889146
0.0888918
-0.0671439
-0.0514292
-0.0721115
-0.0721094
0.137327
0.144138
0.14261
0.140933
0.113814
0.109611
0.11317
0.10829
0.174174
0.196247
0.185469
0.185469
0.1632
0.177697
0.16483
0.164736
0.113805
0.138381
0.129783
0.131074
0.18678
0.191672
0.189248
0.18758
0.138287
0.219006
0.177655
0.177656
0.0473566
0.0649009
0.0447986
0.0447983
0.0660487
0.097815
0.0897406
0.0896445
0.316317
0.324578
0.352068
0.284614
0.112874
0.131657
0.128474
0.126946
0.155159
0.105289
0.16179
0.16037
0.131021
0.130771
0.129734
0.131805
0.17235
0.16963
0.170882
0.170697
0.14996
0.152732
0.128633
0.150042
0.0360487
0.0367257
0.0373866
0.0488492
0.137559
0.144272
0.142768
0.141089
0.114042
0.109747
0.11333
0.108449
0.113743
0.138373
0.131043
0.129783
0.18678
0.191671
0.187573
0.189249
0.0660542
0.105578
0.0895663
0.0897061
0.316341
0.324582
0.284653
0.352082
0.134258
0.138515
0.136442
0.136208
0.136769
0.129532
0.141541
0.135162
0.114841
0.135696
0.136448
0.142897
0.123764
0.124702
0.141265
0.128206
0.16737
0.166636
0.167697
0.167697
0.137605
0.135236
0.137445
0.137445
0.126185
0.125335
0.135912
0.130505
0.134768
0.150042
0.148446
0.129317
0.120654
0.123033
0.122713
0.122712
0.119039
0.110797
0.117587
0.11761
0.0894039
0.129364
0.114035
0.124967
0.543236
0.543491
0.54091
0.536649
0.284706
0.202598
0.24444
0.244396
0.503032
0.533875
0.531757
0.531767
0.497339
0.515643
0.513285
0.513286
0.436638
0.409001
0.426588
0.42659
0.134255
0.138516
0.136442
0.136209
0.136762
0.129533
0.141543
0.135163
0.114842
0.135692
0.142904
0.136438
0.123755
0.124706
0.141261
0.12821
0.126193
0.125345
0.130512
0.135879
0.135163
0.150372
0.148468
0.129322
0.0894049
0.129376
0.124554
0.114025
0.543235
0.543495
0.536661
0.540944
0.109602
0.12586
0.126299
0.127388
0.133681
0.133951
0.133577
0.134954
0.121754
0.126643
0.121998
0.122609
0.118647
0.0959881
0.135938
0.129967
0.10961
0.125843
0.126284
0.127381
0.118269
0.0960058
0.136228
0.129996
0.121759
0.126621
0.122023
0.122602
0.13368
0.133952
0.133569
0.134948
0.164628
0.173037
0.170737
0.170639
0.16542
0.173034
0.170737
0.170638
0.170578
0.170469
0.170082
0.169078
0.170577
0.170469
0.170082
0.169078
0.162451
0.166835
0.177001
0.178264
0.226169
0.283388
0.20039
0.243436
0.226159
0.283389
0.200125
0.243209
0.162346
0.166822
0.176986
0.178287
0.12193
0.118703
0.145937
0.139748
0.113363
0.131821
0.091944
0.0973357
0.131809
0.113356
0.0973142
0.0919009
0.118739
0.121755
0.139815
0.145939
0.133247
0.134986
0.135718
0.13725
0.133627
0.136338
0.135831
0.138294
0.10902
0.0945409
0.126133
0.112593
0.119352
0.105758
0.131126
0.116037
0.133245
0.134983
0.135718
0.13725
0.119355
0.105756
0.131128
0.116067
0.10902
0.094527
0.126139
0.11258
0.133627
0.13634
0.135833
0.138297
0.146093
0.147207
0.144447
0.139499
0.147207
0.146081
0.139499
0.144448
0.129449
0.131077
0.124453
0.132306
0.131092
0.129446
0.132304
0.124451
0.525686
0.50995
0.540961
0.535688
0.520493
0.50553
0.524054
0.518479
0.505533
0.520499
0.518481
0.524056
0.510203
0.520116
0.535715
0.541032
0.140895
0.143291
0.142517
0.144457
0.128059
0.132394
0.136577
0.137547
0.0941354
0.0728167
0.113605
0.0971835
0.0728009
0.114437
0.0925789
0.108543
0.140988
0.143358
0.142629
0.144525
0.0728084
0.114487
0.0926
0.108593
0.0941228
0.0728119
0.11362
0.0971733
0.128099
0.132383
0.136637
0.137657
0.124088
0.123018
0.116062
0.119681
0.124183
0.123086
0.116178
0.11975
0.0761699
0.0924838
0.0876404
0.101537
0.076147
0.0924853
0.0875722
0.101423
0.412425
0.433773
0.402208
0.423159
0.128316
0.164881
0.173705
0.209567
0.128356
0.164885
0.17373
0.209547
0.412425
0.433782
0.402205
0.423162
-0.0311768
-0.0636306
0.00509234
-0.0283958
-0.0636275
-0.0311247
-0.0283334
0.00509327
0.0486422
0.0495875
0.0453655
0.0419952
0.0495976
0.048642
0.0419273
0.045365
0.0654005
0.0278948
0.161478
0.0622788
0.0748314
0.0794868
0.0695912
-0.0150924
0.0502873
0.0253933
0.0672132
0.0681668
0.0594033
0.0437261
0.109939
0.0700044
0.0688835
0.0937818
0.0471355
0.0587767
0.031325
0.0359025
0.0294937
0.0803727
0.141759
0.0623266
0.0653957
0.0278794
0.0747974
0.079537
0.0502633
0.0253776
0.0694396
-0.00369973
0.0671464
0.0679312
0.109886
0.0713072
0.0614205
0.0428012
0.0688847
0.0937042
0.0312784
0.0359402
0.0470688
0.0587297
0.0295085
0.0803706
0.127657
0.12725
0.109073
0.121548
0.129471
0.129512
0.130877
0.131494
0.149512
0.123873
0.102789
0.108223
0.125904
0.125439
0.114839
0.112554
0.0900252
0.194257
0.108411
0.100338
0.0743639
0.205609
0.335618
0.398823
0.0369651
0.181926
0.0653204
0.0611832
0.0490024
0.197176
0.345176
0.337356
0.12756
0.12725
0.13123
0.131845
0.109054
0.121547
0.129437
0.129499
0.149509
0.123875
0.115671
0.113158
0.102795
0.108227
0.125909
0.125433
0.0900238
0.193394
0.335276
0.398743
0.108419
0.100341
0.0743771
0.205588
0.0367157
0.181947
0.345162
0.336835
0.0653167
0.0612187
0.0490018
0.197167
0.0757751
0.118316
0.0806658
0.0818943
0.0956715
0.0961136
0.142846
0.131825
0.0751389
0.112328
0.0751529
0.112409
0.135598
0.135598
0.1245
0.124501
0.102617
0.129192
0.113716
0.120987
0.127429
0.12858
0.169624
0.165947
0.0940389
0.019959
0.10813
0.0569339
0.132719
0.129107
0.0353519
0.0493312
0.0564913
0.0263181
0.0565021
0.0263177
0.0680502
0.0680389
-0.102917
-0.102915
0.115363
0.110509
0.120944
0.114753
0.133573
0.133335
0.117301
0.114188
0.140891
0.0935178
0.141265
0.0900552
0.158428
0.158353
0.137034
0.137301
0.0950325
0.135402
0.0965651
0.16569
0.115475
0.108779
0.175959
0.182891
0.0415479
0.0341376
0.041549
0.0341376
0.0936637
0.0936646
0.0469178
0.0469178
0.0268791
0.235498
0.0391011
0.316928
0.0426382
0.0493385
0.341693
0.274971
0.075881
0.118693
0.0810627
0.0804566
0.0956926
0.0962683
0.131829
0.142829
0.102585
0.12979
0.113735
0.121114
0.127407
0.128552
0.169315
0.165937
0.0940532
0.0199028
0.10771
0.056926
0.129105
0.132728
0.0353344
0.0493199
0.114787
0.110654
0.121008
0.115052
0.133476
0.133267
0.117466
0.115144
0.0950698
0.135391
0.0965958
0.165614
0.108818
0.115461
0.182863
0.175921
0.026864
0.235877
0.0391302
0.316689
0.0493385
0.042622
0.275025
0.341704
0.107049
0.119117
0.104983
0.110753
0.127652
0.127861
0.126769
0.119266
0.134401
0.13719
0.127347
0.130733
0.136961
0.120206
0.141405
0.126672
0.147103
0.142037
0.147103
0.142037
0.145694
0.145695
0.139818
0.139818
0.141904
0.141066
0.135967
0.135295
0.134516
0.131104
0.137195
0.131441
0.119945
0.11833
0.119946
0.118342
0.120311
0.12031
0.122477
0.122489
0.0629268
0.205761
0.0529425
0.214811
0.0740059
0.0778096
0.369695
0.365431
0.373631
0.456718
0.37363
0.456652
0.328437
0.328438
0.48481
0.484816
0.487296
0.464687
0.487298
0.464686
0.493207
0.49321
0.449694
0.449697
0.107028
0.119118
0.10498
0.110755
0.127645
0.127852
0.127089
0.120525
0.134402
0.13719
0.12735
0.130738
0.12021
0.136953
0.14141
0.126675
0.141973
0.141131
0.135971
0.135304
0.131111
0.134489
0.136921
0.131454
0.0629329
0.205759
0.0540636
0.214811
0.0778407
0.0740091
0.365426
0.369695
0.130582
0.132862
0.130286
0.132004
0.137273
0.135138
0.133652
0.136365
0.130578
0.132858
0.13028
0.131998
0.135132
0.137267
0.13636
0.133647
0.169033
0.169033
0.168936
0.168295
0.168936
0.168294
0.167293
0.167293
0.198148
0.198147
0.197143
0.193438
0.193434
0.197141
0.194446
0.194444
0.165117
0.117048
0.186263
0.186266
0.126525
0.12661
0.117037
0.165168
0.140026
0.140098
0.141359
0.129607
0.137526
0.130465
0.135791
0.135199
0.140028
0.140101
0.14136
0.129611
0.130472
0.137523
0.135209
0.135811
0.134761
0.127228
0.135024
0.135024
0.125116
0.125116
0.134761
0.127229
0.544551
0.539581
0.541821
0.541827
0.529981
0.529982
0.539583
0.544557
0.146996
0.128344
0.145913
0.145053
0.119861
0.124339
0.147897
0.13147
0.128339
0.147026
0.145989
0.14513
0.124116
0.121041
0.147929
0.131452
0.100341
0.100307
0.109496
0.104677
0.109576
0.104756
0.109884
0.109918
0.256055
0.256058
0.358637
0.291515
0.291529
0.358647
0.39034
0.390344
0.0393748
0.0505229
-0.0303893
-0.0303879
0.0572594
0.0572423
0.0393721
0.0505258
0.0867603
0.0914536
0.0990524
0.125365
0.133027
0.132421
0.0973281
0.117245
0.106196
0.127402
0.171925
0.172161
0.103882
0.117687
-0.0708372
-0.0019434
0.0464625
0.0446017
-0.0987209
-0.0980515
0.122719
0.13036
0.0797418
0.10973
0.0811
0.100675
0.0793853
0.0997849
0.14791
0.154437
0.113063
0.128284
0.0872003
0.100671
0.138515
0.158998
0.0703181
0.0982594
0.0542632
0.0476959
0.0805137
0.0898142
0.0494898
0.0473847
0.0451847
0.0436416
0.117633
0.199792
0.133028
0.132443
0.0973084
0.117245
0.0867603
0.0914538
0.0990737
0.125379
0.105903
0.12738
0.171696
0.171859
0.0464615
0.0446353
-0.0986152
-0.0980505
0.103879
0.11765
-0.0708262
-0.00198154
0.122681
0.130349
0.0788801
0.109829
0.147631
0.154334
0.112906
0.128373
0.0810994
0.100703
0.0794704
0.0996784
0.0871833
0.100699
0.138372
0.158996
0.0805206
0.089817
0.0494846
0.0473848
0.070308
0.0994169
0.0542492
0.0477584
0.0451579
0.0436634
0.117643
0.199828
0.136094
0.13037
0.16457
0.164936
0.12771
0.127455
0.129928
0.128348
0.131409
0.130871
0.132597
0.136182
0.149658
0.14744
0.148871
0.141878
0.139619
0.133502
0.125115
0.119806
0.12635
0.128111
0.116317
0.117793
0.134033
0.138864
0.145119
0.143906
0.128241
0.122007
0.128977
0.124336
0.117057
0.116153
0.244785
0.183552
0.126644
0.129089
0.114621
0.132029
0.0927683
0.0852705
0.373496
0.371505
0.317446
0.329409
0.464271
0.489015
0.0585428
0.0515504
0.432949
0.399146
0.0901314
0.123555
0.0798135
0.115459
0.0691201
0.0721613
0.354732
0.372312
0.482484
0.498179
0.47341
0.450384
0.13537
0.130383
0.16386
0.164763
0.149697
0.14744
0.148859
0.141878
0.1277
0.127433
0.130259
0.128673
0.130706
0.13087
0.132595
0.136182
0.13959
0.133795
0.125531
0.120331
0.128239
0.122009
0.129058
0.124373
0.126421
0.128111
0.118434
0.119902
0.134036
0.138868
0.145197
0.144038
0.117127
0.116079
0.244786
0.183493
0.316342
0.32941
0.464252
0.489023
0.126647
0.129089
0.11461
0.132028
0.0927866
0.0852847
0.373562
0.3715
0.058577
0.051555
0.433005
0.39925
0.501899
0.498183
0.473705
0.450394
0.0901342
0.123563
0.0797682
0.115473
0.0691175
0.0721595
0.354726
0.37232
0.12953
0.112303
0.11579
0.133912
0.1452
0.164098
0.105434
0.118224
0.15954
0.170284
0.170284
0.15954
0.165427
0.145627
0.145627
0.165419
0.129293
0.12924
0.133015
0.132445
0.170183
0.172699
0.171467
0.169355
0.139825
0.143783
0.122089
0.120969
0.0260567
0.0248083
0.0543131
0.0536956
0.080574
0.0990345
0.0989777
0.0805444
-0.0653231
-0.0481226
-0.0481164
-0.0653227
0.139148
0.144347
0.141811
0.138009
0.113027
0.117332
0.107791
0.103326
0.189543
0.170222
0.170188
0.189542
0.145852
0.109924
0.109949
0.145811
0.119581
0.145349
0.13619
0.107603
0.182848
0.190024
0.188747
0.184417
0.135098
0.21636
0.216363
0.135239
0.0479675
0.0416475
0.0415747
0.0479674
0.0697482
0.107812
0.108105
0.0688525
0.37831
0.385802
0.25193
0.243432
0.112323
0.129525
0.133908
0.115868
0.118369
0.105396
0.164097
0.145203
0.129234
0.129286
0.132439
0.133009
0.172695
0.170183
0.169355
0.171467
0.120983
0.122081
0.143836
0.139847
0.0247726
0.0266461
0.0536992
0.0543122
0.144448
0.139311
0.13799
0.14191
0.117494
0.11313
0.103428
0.107907
0.107598
0.136184
0.145355
0.119581
0.184404
0.188748
0.190025
0.182828
0.0688403
0.108113
0.108967
0.0697472
0.24344
0.25195
0.385816
0.378336
0.133897
0.138017
0.137785
0.133573
0.137063
0.143319
0.133926
0.127078
0.131058
0.134648
0.144008
0.122229
0.139181
0.138044
0.132094
0.133554
0.16892
0.168359
0.168359
0.16892
0.13966
0.137234
0.137235
0.13966
0.14073
0.14119
0.13562
0.135682
0.146271
0.149577
0.133153
0.127681
0.122372
0.1248
0.124799
0.12237
0.121032
0.113434
0.113492
0.121067
0.0927176
0.127917
0.130097
0.0976374
0.546487
0.547071
0.535435
0.534401
0.288091
0.204415
0.204415
0.288096
0.545064
0.513751
0.513763
0.545082
0.508229
0.526671
0.526672
0.508232
0.409293
0.439819
0.439824
0.409297
0.138018
0.133896
0.133572
0.137787
0.14331
0.137064
0.127079
0.13392
0.122231
0.144014
0.134642
0.130922
0.138045
0.139183
0.133576
0.132105
0.135699
0.135627
0.141219
0.140737
0.149613
0.146326
0.127683
0.133166
0.0976383
0.130101
0.127937
0.0927735
0.534394
0.535438
0.547081
0.546392
0.0593923
0.0860486
0.108369
0.0691662
0.106836
0.130166
0.128416
0.0993038
0.130557
0.130599
0.128459
0.130014
0.0782477
0.0670476
0.11124
0.112482
0.111247
0.131578
0.135272
0.131417
0.139184
0.131329
0.133786
0.133052
0.132098
0.131909
0.134113
0.135182
0.11101
0.115478
0.133142
0.131748
0.0859017
0.0935596
0.126016
0.123834
0.0974096
0.118748
0.12059
0.095189
0.13471
0.137969
0.1449
0.139764
0.122714
0.131862
0.126459
0.117926
0.0492569
0.0790404
0.0873866
0.079985
0.0733273
0.111789
0.119072
0.0841735
0.13295
0.137296
0.139421
0.132764
0.0950821
0.0917588
0.102519
0.111748
0.0593947
0.0691631
0.108351
0.0860906
0.0782682
0.112502
0.111282
0.0700941
0.130552
0.130007
0.128453
0.130596
0.106829
0.0992945
0.128409
0.130157
0.0490152
0.0800215
0.0877051
0.076293
0.0951104
0.111748
0.102519
0.0917929
0.132945
0.132761
0.138369
0.13729
0.0733149
0.0841957
0.119088
0.111797
0.0859208
0.123809
0.126007
0.093587
0.122717
0.117928
0.126482
0.131862
0.134705
0.139758
0.144903
0.137964
0.0973308
0.0951768
0.12058
0.118734
0.111239
0.131395
0.134903
0.131225
0.111012
0.13174
0.133137
0.115575
0.132092
0.135177
0.134106
0.131902
0.139178
0.133051
0.133945
0.131283
0.0566272
0.166415
0.166938
0.100154
0.0763592
0.161281
0.159266
0.103873
0.167961
0.169907
0.17046
0.170105
0.123683
0.128631
0.172867
0.172524
0.0564271
0.100247
0.167324
0.166496
0.124522
0.172521
0.172865
0.128946
0.167961
0.170105
0.170459
0.169906
0.0763712
0.103964
0.159266
0.162141
0.126912
0.149566
0.171529
0.165708
0.146147
0.168143
0.16969
0.148058
0.167091
0.169492
0.169217
0.167496
0.12689
0.123359
0.171023
0.17191
0.12693
0.165678
0.171512
0.14954
0.126728
0.171911
0.171022
0.123373
0.167091
0.167496
0.169217
0.169493
0.146147
0.148058
0.16969
0.168143
0.0854628
0.108225
0.157347
0.13012
0.145326
0.186475
0.175242
0.128613
0.199999
0.19425
0.183398
0.19296
0.143875
0.137409
0.168499
0.171972
0.213246
0.356673
0.270938
0.217207
0.370456
0.286402
0.286687
0.372158
0.195899
0.190389
0.203011
0.203507
0.160746
0.170844
0.18654
0.185713
0.213209
0.216199
0.270379
0.356126
0.160741
0.185711
0.186522
0.170916
0.195896
0.203507
0.202967
0.190382
0.370456
0.372117
0.286689
0.286402
0.0855857
0.130212
0.157208
0.10812
0.144075
0.171955
0.168432
0.137531
0.200001
0.192973
0.183409
0.194249
0.145347
0.128689
0.175209
0.186457
0.0187203
0.0324637
0.108063
0.0791964
0.125971
0.151915
0.13534
0.108593
0.128521
0.159786
0.154418
0.169514
0.10636
0.0874062
0.128366
0.13554
0.051709
0.0972933
0.11754
0.0708667
0.0821026
0.156857
0.139082
0.094105
0.128705
0.107283
0.101133
0.120148
0.105212
0.0796918
0.11132
0.140509
0.0516977
0.0709758
0.117769
0.0977854
0.105409
0.14056
0.112109
0.0799318
0.128646
0.120186
0.101129
0.107275
0.0954913
0.092949
0.13938
0.156868
0.0184083
0.0786216
0.108109
0.0407211
0.106168
0.13554
0.128364
0.0872482
0.128544
0.169668
0.154418
0.159786
0.126029
0.108698
0.135367
0.151913
0.109578
0.108567
0.132922
0.132272
0.106544
0.134222
0.133572
0.107555
0.140913
0.141307
0.137635
0.138393
0.141436
0.135794
0.136571
0.141389
0.102236
0.13424
0.133828
0.103342
0.133666
0.135359
0.138579
0.13915
0.138059
0.138292
0.138026
0.136555
0.10552
0.104442
0.133425
0.133916
0.0478142
0.050199
0.0920999
0.0875266
0.0562403
0.0911835
0.0943653
0.0531415
0.130833
0.130453
0.127417
0.1297
0.131532
0.122223
0.124845
0.13067
0.078038
0.118377
0.110338
0.0711115
0.126091
0.12761
0.131574
0.132462
0.13031
0.129458
0.130619
0.128908
0.0602218
0.0656029
0.101767
0.092551
0.109561
0.132269
0.13292
0.108547
0.141448
0.141388
0.136571
0.135794
0.140908
0.138394
0.137635
0.14131
0.106526
0.107535
0.13357
0.134221
0.0780385
0.0710936
0.11034
0.118356
0.0602274
0.0926389
0.101784
0.0656089
0.130316
0.128912
0.130623
0.12937
0.126095
0.132461
0.131577
0.127614
0.047812
0.0875206
0.092069
0.0502016
0.13154
0.130677
0.124852
0.122229
0.130845
0.130084
0.127415
0.13046
0.0562611
0.0531401
0.0944201
0.091286
0.102243
0.103346
0.133829
0.134245
0.105512
0.133913
0.133424
0.104443
0.138062
0.136558
0.138029
0.138293
0.13367
0.139154
0.138582
0.13536
0.122155
0.150261
0.147482
0.12094
0.141005
0.138631
0.140688
0.143231
0.133814
0.135751
0.13828
0.136233
0.118509
0.119724
0.144705
0.142073
0.122155
0.12094
0.14747
0.150249
0.118511
0.142065
0.144695
0.119725
0.133814
0.136234
0.138281
0.135752
0.141005
0.143231
0.140688
0.138631
0.107592
0.126818
0.129663
0.10886
0.119111
0.121511
0.123231
0.120779
0.126319
0.128307
0.125844
0.123915
0.111299
0.110043
0.132499
0.135343
0.107586
0.108856
0.129667
0.126817
0.111379
0.135348
0.132504
0.110121
0.126318
0.123914
0.125842
0.128306
0.11911
0.120777
0.123229
0.121511
0.206589
0.205934
0.504623
0.430298
0.205362
0.546787
0.542391
0.206024
0.540121
0.54079
0.545656
0.545345
0.453286
0.456091
0.514734
0.50945
0.193676
0.494366
0.512541
0.200782
0.482882
0.503752
0.508828
0.487751
0.535124
0.540406
0.527457
0.522189
0.20274
0.214438
0.526091
0.540196
0.193664
0.200773
0.512539
0.495003
0.202738
0.540165
0.526093
0.214447
0.535125
0.52219
0.52746
0.540408
0.482884
0.487743
0.508832
0.503754
0.206598
0.430296
0.504276
0.205928
0.453289
0.509458
0.514744
0.456063
0.540125
0.545349
0.545668
0.540798
0.205341
0.206029
0.542307
0.546779
0.102198
0.126947
0.143552
0.135901
0.119705
0.138244
0.140032
0.122805
0.147557
0.148169
0.144389
0.144248
0.130746
0.138808
0.145114
0.152085
0.0559809
0.067181
0.122701
0.0913752
0.103636
0.145445
0.133809
0.0785634
0.1471
0.142975
0.140645
0.146886
0.115204
0.116599
0.136636
0.137348
0.0296997
0.0306434
0.0752712
0.0723731
0.0237297
0.066525
0.0725795
0.0290716
0.129927
0.128408
0.112358
0.0893318
0.113653
0.0953753
0.108618
0.130703
0.0426182
0.0824216
0.0766098
0.0409141
0.131617
0.131594
0.11338
0.119172
0.131874
0.107071
0.110264
0.128848
0.0376238
0.0412773
0.0686292
0.0673845
0.102194
0.13592
0.143888
0.126893
0.130757
0.152106
0.145164
0.138829
0.147595
0.144366
0.144474
0.148196
0.119696
0.122841
0.14016
0.138442
0.0425245
0.0409537
0.076594
0.0823976
0.0377171
0.0674009
0.0686263
0.041279
0.131876
0.129239
0.110267
0.106945
0.131642
0.119178
0.113379
0.131614
0.0296661
0.0723402
0.0752588
0.0306292
0.113488
0.130742
0.108694
0.0953251
0.129862
0.104466
0.112366
0.1284
0.023718
0.0290673
0.0725731
0.0664966
0.0564124
0.0898009
0.122513
0.0672532
0.114808
0.137363
0.136685
0.116602
0.147136
0.14691
0.140726
0.143092
0.103631
0.0785946
0.13384
0.145461
0.110763
0.121941
0.126538
0.123013
0.117446
0.120035
0.122013
0.119201
0.107653
0.111319
0.114735
0.112115
0.113819
0.117038
0.119091
0.115573
0.110729
0.122957
0.126622
0.122001
0.114128
0.115768
0.119218
0.117238
0.107693
0.112143
0.114822
0.111439
0.117453
0.11922
0.122065
0.120052
0.0354517
0.027343
0.0628202
0.0834631
0.0562564
0.0798395
0.0596324
0.0263592
0.102905
0.106587
0.100269
0.0977776
0.111929
0.108907
0.104839
0.110978
0.036455
0.0836237
0.0628626
0.0273435
0.111697
0.110806
0.104781
0.108928
0.102865
0.0977493
0.100184
0.106468
0.056251
0.0263423
0.059591
0.0798225
0.185103
0.282083
0.431533
0.472088
0.328799
0.347415
0.396995
0.319134
0.359661
0.409147
0.40604
0.355554
0.461138
0.463827
0.436888
0.438239
0.0309738
0.0348497
0.123743
0.123661
0.0431376
0.136793
0.132731
0.0408776
0.292598
0.288262
0.213687
0.217684
0.270784
0.198441
0.204868
0.279915
0.0309298
0.12309
0.123767
0.0348194
0.270778
0.279959
0.204863
0.198476
0.292598
0.217685
0.21368
0.288354
0.0431378
0.040878
0.13285
0.136799
0.185119
0.471404
0.431564
0.281827
0.461138
0.438242
0.436893
0.463833
0.359664
0.355566
0.406045
0.409149
0.328679
0.319046
0.397
0.347433
0.0264168
0.0259446
-0.0658634
-0.0711326
0.0262235
-0.0671695
-0.0632452
0.026407
0.0405456
0.0381672
0.00615117
-0.0507995
0.0341557
-0.00430315
0.00133251
0.0363297
0.0266822
-0.0708621
-0.0657707
0.0259364
0.0341491
0.0363096
0.00125967
-0.00435479
0.040546
-0.0507989
0.00618602
0.0380588
0.0262232
0.0264064
-0.0632437
-0.0671653
0.0439994
0.0351536
0.0514408
0.0662423
0.034021
0.0477018
0.0482907
0.0342542
0.0527652
0.0494
0.0417668
0.0647322
0.0497104
0.0629762
0.0448129
0.0491647
0.043957
0.0662295
0.0514481
0.0351348
0.0497142
0.0491659
0.04474
0.0627888
0.0527665
0.0647321
0.0417675
0.0494001
0.034021
0.0342542
0.0482907
0.047702
