-0.785
0.275
-2.10198
-0.712747
0.365
2.165
-0.775
0.77767
-2.045
-0.665
1.145
2.105
0.785
0.275
-2.10198
0.712747
0.365
2.165
0.775
0.777711
-2.045
0.665
1.145
2.105
0.100286
0.131037
0.103728
0.103108
0.10024
0.131154
0.103704
0.103111
-0.0227352
0.03334
0.120104
0.142033
0.0505806
-0.0151338
-0.0552463
-0.0366716
0.0190839
0.110102
0.132294
0.0297792
-0.0351366
-0.0725188
-0.0376205
0.018916
0.108108
0.112781
0.0217386
-0.0423372
-0.0811051
0.00938574
0.06089
0.115036
0.111771
0.0525595
-0.00201717
-0.0456385
-0.0362973
0.0188245
0.113691
0.140813
0.0318757
-0.0324987
-0.0687919
-0.0510892
-0.054349
-0.087267
-0.0516677
-0.0593418
-0.0951247
0.00217797
0.0556335
0.11388
0.109618
0.0455865
-0.0107896
-0.0541276
-0.0363031
0.018815
0.113674
0.140886
0.0319047
-0.0324773
-0.0687698
-0.0510932
-0.0543347
-0.0872474
-0.0516714
-0.0593312
-0.0951082
0.00217199
0.0556264
0.113874
0.109621
0.0455967
-0.0107765
-0.0541127
-0.0227483
0.0333194
0.12009
0.142125
0.0506512
-0.0150835
-0.0552005
-0.0366835
0.0190653
0.110069
0.132395
0.0298417
-0.035094
-0.0724767
-0.0376316
0.0189005
0.108076
0.112812
0.0217788
-0.0423041
-0.0810691
0.00937435
0.060877
0.115028
0.11178
0.0525819
-0.00198967
-0.0456081
0.0572502
-0.0106658
0.0795128
0.0405471
-0.0194017
0.126591
0.128578
0.0983061
0.0498551
0.0939828
0.0573129
0.079704
0.0406703
0.126632
0.0983026
0.0939643
0.109304
0.139304
0.121311
0.186641
0.146516
0.092932
0.382155
0.484637
0.109206
0.139295
0.186669
0.0929274
0.135376
0.13537
0.0829254
0.181305
0.234379
0.155537
0.155545
0.134014
0.537953
0.20148
0.201574
0.131449
0.39197
0.0859468
0.0258558
5.55366e-05
0.0597334
0.0743271
0.00131198
0.0865186
0.0335835
0.0795451
0.0731745
0.0510011
0.0385177
0.0690066
5.89555e-05
0.0256887
0.0597818
0.000981467
0.0743146
0.086526
0.0794722
0.0336194
0.073082
0.0385121
0.0508452
0.0689935
0.102169
0.115151
0.128804
0.120371
0.128656
0.130134
0.182101
0.148691
0.101645
0.134898
0.0916097
0.35021
0.107042
0.177638
0.0981364
0.495201
0.102036
0.12035
0.115322
0.128795
0.12862
0.148661
0.131364
0.182122
0.101646
0.350156
0.134893
0.0915767
0.107044
0.495194
0.17763
0.0981399
0.112301
0.196735
0.0509925
0.214707
0.128859
0.0872282
0.15416
0.0878193
0.0639644
0.157479
0.181625
0.140388
0.161184
0.214993
0.146465
0.174342
0.33077
0.125893
0.172721
0.391759
0.112306
0.196746
0.128884
0.0872563
0.154152
0.0878385
0.181629
0.140394
0.146461
0.174324
0.172716
0.391751
0.146894
0.133967
0.128478
0.146765
0.106928
0.124722
0.169646
0.196395
0.13718
0.151424
0.136025
0.550078
0.181252
0.532796
0.510791
0.444122
0.146889
0.133903
0.128471
0.146785
0.169659
0.196392
0.133906
0.550064
0.10278
0.11692
0.132513
0.115321
0.102797
0.115298
0.132502
0.116921
0.0538534
0.0538674
0.109092
0.109083
0.139345
0.171073
0.170794
0.139347
0.1217
0.142958
0.143032
0.121722
0.137631
0.161559
0.165308
0.142663
0.137629
0.142657
0.165321
0.161567
0.124226
0.124191
0.139312
0.13938
0.536185
0.521915
0.521905
0.536154
0.186708
0.157232
0.129545
0.180533
0.186718
0.180327
0.129583
0.15729
0.15589
0.155901
0.0689197
0.0689167
0.44075
0.326139
0.326135
0.440744
0.150316
0.150317
0.10856
0.108554
-0.00194817
0.00279854
0.0321504
0.0340302
0.00130131
0.0439868
0.0234954
0.0331892
0.0470265
0.0354891
0.0294874
0.0513601
0.00307072
-0.00199902
0.0323715
0.00115067
0.0340938
0.0447197
0.033212
0.0235838
0.0470469
0.0294752
0.0355292
0.0513655
0.0947377
0.104228
0.116592
0.11656
0.125842
0.125195
0.169121
0.139679
0.106439
0.13106
0.0986118
0.294362
0.105353
0.15139
0.100795
0.407121
0.094618
0.116543
0.104231
0.116589
0.125789
0.139682
0.125333
0.169141
0.106431
0.294345
0.131024
0.0986004
0.105347
0.407107
0.151405
0.100808
0.0456061
0.039515
0.105383
0.16292
-0.0142777
-0.0142948
0.0262582
0.154586
0.0666446
0.0880039
0.125913
0.0837645
0.0897233
0.0481177
0.118275
0.0781273
-0.0197921
-0.0198359
0.0242538
0.112847
0.129924
0.123881
0.168739
0.128432
0.103801
0.103745
0.140019
0.199895
0.0889339
0.101515
0.130299
0.157147
0.0462915
0.0462753
0.206278
0.113501
0.0840583
0.115074
0.130626
0.385197
0.045596
0.0392954
0.1054
0.162924
0.0666702
0.0881761
0.125956
0.0838031
0.089783
0.0480957
0.118297
0.0781477
0.129984
0.123972
0.168717
0.128689
0.0889265
0.101523
0.130001
0.157035
0.0840853
0.115068
0.13091
0.385248
0.112297
0.113721
0.133321
0.129316
0.138644
0.136515
0.132915
0.142978
0.121819
0.121813
0.114078
0.120064
0.188932
0.182501
0.178154
0.189977
0.147035
0.147039
0.141858
0.152569
0.0921239
0.103967
0.144289
0.419656
0.377188
0.377197
0.280046
0.473099
0.492799
0.492794
0.497627
0.46774
0.112314
0.113831
0.133316
0.129301
0.138638
0.136521
0.132908
0.142974
0.188952
0.182519
0.178159
0.190005
0.0921361
0.103967
0.144282
0.419653
0.131813
0.13416
0.137205
0.134964
0.131814
0.13417
0.137234
0.134957
0.06685
0.0850768
0.0850909
0.0993268
0.171063
0.180574
0.180569
0.191585
0.23856
0.229671
0.216674
0.238565
0.156275
0.150827
0.160714
0.153163
0.156276
0.150842
0.160728
0.153085
0.133962
0.129383
0.138425
0.133953
0.547066
0.542057
0.524032
0.547058
0.183456
0.199494
0.187016
0.208248
0.183484
0.199504
0.187017
0.208265
0.104694
0.135918
0.135922
0.150281
0.363315
0.393504
0.393502
0.420282
0.0831631
0.158627
0.0814287
0.0831815
0.0809566
0.0962629
0.0293145
0.116644
0.100295
0.0575776
0.120604
0.14762
0.0343784
0.105107
0.132777
0.0809005
0.087527
0.114188
0.112013
0.150972
0.102175
0.114204
0.0996607
0.0983794
0.20001
0.100909
0.09462
0.319479
0.0290574
0.116629
0.0809819
0.0961636
0.100311
0.0575917
0.0333739
0.105087
0.120623
0.147616
0.132803
0.0809046
0.111985
0.150874
0.0875691
0.114292
0.102173
0.11421
0.200025
0.100917
0.0996639
0.0983341
0.0954116
0.319401
0.12182
0.109457
0.125851
0.123889
0.122151
0.133192
0.11568
0.120245
0.168052
0.138795
0.148603
0.136708
0.17161
0.188433
0.143594
0.155319
0.127279
0.176969
0.128394
0.138702
0.138826
0.419927
0.247841
0.445384
0.15151
0.434006
0.172705
0.185227
0.148551
0.417886
0.508545
0.471593
0.121652
0.10928
0.11567
0.120201
0.125865
0.1239
0.122147
0.133187
0.168223
0.138763
0.143559
0.155331
0.148717
0.13645
0.171624
0.188453
0.127284
0.176923
0.247826
0.445351
0.128389
0.138695
0.138786
0.420068
0.151594
0.433999
0.508532
0.471586
0.172744
0.184357
0.148535
0.417882
0.108413
0.11004
0.1741
0.152429
0.0524225
0.0524295
0.208334
0.208248
0.122369
0.128685
0.0704458
0.102555
0.174962
0.142128
0.154942
0.0960529
0.0663568
0.0663553
0.156146
0.15615
0.18794
0.175842
0.156983
0.11188
0.154035
0.154029
0.202795
0.202789
0.141504
0.138918
0.157674
0.183982
0.329588
0.329586
0.120002
0.120031
0.157718
0.185166
0.418473
0.360226
0.108425
0.109953
0.152421
0.174111
0.122392
0.128702
0.0704607
0.102575
0.142117
0.174967
0.155067
0.0960661
0.187902
0.17591
0.156992
0.111884
0.138917
0.14146
0.183952
0.157619
0.185183
0.157718
0.360232
0.418467
0.142148
0.152344
0.128781
0.138198
0.12598
0.130741
0.147409
0.14464
0.10801
0.108005
0.124912
0.124907
0.17069
0.166872
0.197812
0.187741
0.137425
0.137429
0.153657
0.153663
0.156373
0.146858
0.555639
0.535529
0.179703
0.179695
0.541921
0.541914
0.519333
0.519328
0.444061
0.444057
0.142153
0.152336
0.128744
0.138153
0.130811
0.125983
0.147408
0.14464
0.166867
0.1707
0.197801
0.187906
0.14686
0.156379
0.535518
0.555626
0.0598224
0.119559
0.12925
0.0965266
0.112048
0.131335
0.13315
0.126125
0.127577
0.130133
0.137873
0.129783
0.0767088
0.0926784
0.127272
0.117402
0.0596439
0.0965406
0.129261
0.119589
0.0767282
0.117422
0.127271
0.0926861
0.127572
0.129774
0.137301
0.13013
0.112054
0.126138
0.133156
0.131338
0.0296284
0.0264529
0.0686462
0.0686199
0.0300149
0.0685508
0.0686553
0.0264789
0.112455
0.114871
0.100951
0.0933956
0.112388
0.0933805
0.100941
0.11487
0.0817899
0.134602
0.167534
0.131238
0.197977
0.274141
0.190143
0.169522
0.197955
0.169496
0.190124
0.274127
0.0817846
0.131229
0.167525
0.134571
0.0848464
0.141226
0.232999
0.140718
0.088544
0.188025
0.20349
0.120707
0.0885362
0.12068
0.203462
0.188015
0.0848462
0.140723
0.233003
0.141236
0.121254
0.129408
0.151714
0.143025
0.158635
0.179986
0.161804
0.138941
0.150738
0.145594
0.158178
0.175013
0.135327
0.140584
0.148474
0.141915
0.121261
0.143023
0.151714
0.129412
0.135272
0.141848
0.148436
0.140582
0.15076
0.175025
0.158146
0.145589
0.158702
0.138992
0.161825
0.18
0.119303
0.120413
0.12957
0.123711
0.1193
0.123697
0.129563
0.120408
0.140547
0.142242
0.138634
0.133526
0.140472
0.133491
0.138642
0.142241
0.384524
0.410723
0.551636
0.4726
0.414177
0.50597
0.532826
0.421105
0.414165
0.421159
0.53282
0.505966
0.384516
0.472592
0.551628
0.410734
0.169182
0.170699
0.207784
0.190541
0.0917729
0.136422
0.194849
0.157348
0.0752885
0.116681
0.170448
0.110929
0.151868
0.185347
0.199159
0.153974
0.168885
0.190559
0.207797
0.170668
0.151883
0.15399
0.199158
0.185345
0.075017
0.110922
0.17044
0.116703
0.0917765
0.156478
0.19486
0.136426
0.139257
0.153943
0.153632
0.13836
0.137712
0.138481
0.153637
0.15395
0.0424484
0.0258182
0.108289
0.118604
0.0600215
0.118579
0.108287
0.0262713
0.394279
0.411769
0.421035
0.471855
0.196481
0.204798
0.363418
0.353806
0.196569
0.353791
0.363415
0.204804
0.394376
0.471851
0.421031
0.411769
0.0999674
0.110652
0.159193
0.150627
0.0998973
0.150775
0.159199
0.110659
0.0904986
0.110026
0.0836718
0.0851983
0.0905166
0.0851953
0.0836633
0.110024
-0.00353487
0.000275296
0.0151192
0.00591709
0.00130482
0.0218599
0.0133426
0.020791
0.0296931
0.0207522
0.0218395
0.034624
0.000872798
-0.00351165
0.0152881
0.00112911
0.00593394
0.0237422
0.0207585
0.0132816
0.0295828
0.0219985
0.02076
0.0345517
0.0974654
0.101844
0.108518
0.114764
0.133576
0.137166
0.16113
0.136036
0.105341
0.115191
0.100777
0.243291
0.104389
0.120905
0.10174
0.251654
0.0974103
0.114756
0.101838
0.108519
0.141861
0.136015
0.13791
0.161152
0.105337
0.24328
0.115207
0.100775
0.104375
0.25167
0.120912
0.101744
0.0521513
0.0609771
0.0873776
0.141102
-0.01188
-0.0118936
0.00875681
0.138041
0.0700251
0.0840568
0.12837
0.0830451
0.0494872
0.0442573
0.0947761
0.0677759
-0.0195368
-0.0195588
0.00258144
0.084314
0.12793
0.125399
0.162916
0.128827
0.110335
0.110358
0.13044
0.189797
0.0938444
0.101182
0.11481
0.148244
0.0483825
0.0483771
0.138127
0.0898207
0.0875949
0.100442
0.112463
0.34104
0.0521816
0.0610791
0.0873825
0.141111
0.0700615
0.0845753
0.128436
0.0830887
0.0496066
0.0442339
0.0947825
0.0678217
0.127982
0.125484
0.162928
0.128837
0.093833
0.101168
0.114802
0.148216
0.0875826
0.100532
0.112466
0.34112
0.109457
0.114887
0.124653
0.127545
0.143215
0.13751
0.13612
0.141184
0.121565
0.121562
0.117684
0.117742
0.193099
0.183888
0.182396
0.188299
0.146776
0.146778
0.144189
0.152025
0.0922592
0.0936462
0.119724
0.256707
0.382321
0.38232
0.330994
0.428549
0.489377
0.489375
0.491227
0.476194
0.109011
0.115254
0.124641
0.127527
0.143211
0.13751
0.136112
0.141183
0.193119
0.183907
0.182422
0.188328
0.0922454
0.0936431
0.119717
0.256727
0.133668
0.136528
0.132862
0.131471
0.133665
0.136531
0.132857
0.131464
0.0739362
0.0840011
0.0840081
0.0895509
0.176228
0.181164
0.18116
0.186751
0.236464
0.233614
0.226637
0.236467
0.161461
0.153052
0.158066
0.153951
0.161461
0.153058
0.158077
0.153911
0.134106
0.131704
0.136103
0.134101
0.543278
0.543112
0.531017
0.543275
0.19297
0.200299
0.194979
0.208623
0.192988
0.200288
0.195014
0.208634
0.118123
0.133684
0.133685
0.144139
0.378678
0.393127
0.393126
0.406771
0.0857415
0.0980391
0.0855409
0.0857468
0.00987274
0.0386335
0.0618482
0.090107
0.00506851
-0.01439
0.0159305
0.110196
0.054765
0.0646453
0.101668
0.0597659
0.0570102
0.0896472
0.101506
0.138068
0.00155136
-0.0199095
0.0183502
0.0752805
0.0659167
0.105052
0.118749
0.083817
0.0295116
0.0360182
0.0678615
0.0946778
0.0391887
0.0935059
0.0978444
0.14587
0.0602247
0.0839206
0.0903207
0.107899
0.0466929
0.049201
0.0829878
0.0878178
0.034447
0.0424944
0.129649
0.0766241
0.0557603
0.0803409
0.0818937
0.282667
0.00505918
-0.0144042
0.015936
0.110232
0.00972701
0.038712
0.0617995
0.0904261
0.0549275
0.0646634
0.101685
0.0597801
0.00117052
-0.0199639
0.0181449
0.0751946
0.0570345
0.0896277
0.101483
0.13792
0.0656263
0.105068
0.118767
0.0838194
0.0391556
0.0935132
0.0978264
0.145787
0.0295304
0.0359944
0.0679289
0.0947373
0.0602062
0.0839129
0.0903056
0.107844
0.0344515
0.0424683
0.129646
0.0766299
0.0465139
0.049198
0.0829989
0.0878086
0.0557525
0.0802022
0.0818463
0.282777
0.0936282
0.0916026
0.125398
0.108037
0.106278
0.110297
0.117683
0.116983
0.12262
0.134765
0.12554
0.130955
0.118575
0.122073
0.119009
0.11797
0.127313
0.129424
0.165815
0.142034
0.122287
0.116586
0.140142
0.137091
0.175877
0.187272
0.176774
0.185467
0.148662
0.147295
0.146052
0.150804
0.104957
0.101636
0.117335
0.165581
0.133689
0.135705
0.131686
0.136777
0.0950164
0.0926261
0.11916
0.249138
0.325889
0.365899
0.299763
0.39867
0.105886
0.117754
0.12508
0.377733
0.176926
0.178602
0.175049
0.177952
0.100789
0.105951
0.116139
0.257058
0.491923
0.49486
0.501897
0.48349
0.0936248
0.0925815
0.124877
0.107849
0.118567
0.122065
0.118992
0.117931
0.106285
0.110311
0.117725
0.116994
0.122613
0.134757
0.125535
0.130948
0.127342
0.129427
0.165813
0.142027
0.148604
0.147301
0.146026
0.153876
0.122374
0.116703
0.140295
0.137284
0.175901
0.187305
0.176794
0.185488
0.104951
0.101622
0.117288
0.165684
0.32584
0.365911
0.29972
0.398697
0.133678
0.1357
0.131677
0.136773
0.0950601
0.0926182
0.119152
0.249158
0.10592
0.117751
0.12508
0.377814
0.491908
0.494838
0.501888
0.483481
0.176934
0.178622
0.175037
0.177934
0.100788
0.105926
0.116093
0.257044
0.114416
0.122046
0.110773
0.11106
0.18021
0.206922
0.187661
0.201773
0.0435997
0.0584175
0.0517071
0.0517106
0.134035
0.225729
0.21218
0.212141
0.120813
0.134497
0.125556
0.125475
0.0835885
0.0861525
0.07788
0.0933163
0.137016
0.170984
0.163505
0.148633
0.0852168
0.0854665
0.0921982
0.0919882
0.0436381
0.0846414
0.0650867
0.0650859
0.140394
0.165438
0.157067
0.157069
0.175202
0.188027
0.185873
0.181217
0.12859
0.138153
0.15196
0.126189
0.150691
0.165995
0.157842
0.157848
0.208359
0.217311
0.210582
0.210562
0.140525
0.143044
0.145938
0.142853
0.168296
0.178158
0.166019
0.17991
0.263707
0.341626
0.330447
0.330446
0.12356
0.0780982
0.123629
0.123627
0.163079
0.178854
0.165399
0.179802
0.389253
0.393005
0.405669
0.37705
0.114427
0.122048
0.110781
0.111074
0.180247
0.207037
0.201766
0.187669
0.120847
0.134516
0.12558
0.125494
0.0823216
0.0861736
0.0779054
0.0933394
0.137013
0.17099
0.148642
0.163995
0.0852532
0.0854958
0.0922324
0.0919986
0.175231
0.18814
0.185893
0.181219
0.128646
0.138158
0.151967
0.126194
0.140589
0.142824
0.142851
0.145928
0.168275
0.178163
0.179877
0.166001
0.163078
0.17886
0.179807
0.165394
0.389245
0.393
0.37704
0.405742
0.140203
0.152958
0.144409
0.149662
0.133163
0.134054
0.131054
0.135762
0.130447
0.130732
0.130241
0.127266
0.144571
0.148782
0.15233
0.145507
0.110474
0.103002
0.107469
0.107467
0.122389
0.127054
0.124817
0.124815
0.17406
0.165167
0.175779
0.168241
0.193304
0.207845
0.203501
0.194225
0.139522
0.134757
0.137303
0.137305
0.151999
0.150856
0.15254
0.152543
0.128316
0.15194
0.154054
0.148959
0.542105
0.549418
0.555675
0.542825
0.226931
0.193281
0.181156
0.181154
0.513162
0.540908
0.538563
0.53856
0.504209
0.517371
0.515762
0.51576
0.456124
0.432203
0.444478
0.444477
0.140192
0.152953
0.144408
0.149661
0.133149
0.134041
0.131018
0.135721
0.130449
0.131245
0.127257
0.130227
0.144571
0.148789
0.152331
0.145509
0.174093
0.165177
0.168252
0.175785
0.19334
0.207865
0.203511
0.194233
0.128312
0.151821
0.148962
0.154057
0.542121
0.549411
0.542814
0.555648
0.106011
0.0966383
0.107486
0.112654
0.12082
0.118362
0.12566
0.121082
0.13
0.12992
0.137068
0.131552
0.102041
0.106199
0.115854
0.128146
0.106042
0.0966551
0.1075
0.112673
0.10207
0.106197
0.115869
0.128142
0.129992
0.129907
0.137066
0.131555
0.120717
0.118359
0.125666
0.121079
0.0464584
0.0552852
0.0531379
0.0616188
0.0464691
0.0553736
0.0531484
0.0616363
0.110537
0.11235
0.105707
0.108551
0.110539
0.112352
0.105693
0.108543
0.126275
0.130801
0.148359
0.14875
0.1829
0.194444
0.187874
0.176212
0.182875
0.194394
0.187841
0.176207
0.126247
0.130758
0.14834
0.148729
0.119431
0.103733
0.160507
0.131104
0.12994
0.138446
0.14964
0.191822
0.138498
0.129945
0.191824
0.149714
0.107615
0.119854
0.13115
0.160549
0.131713
0.135426
0.139896
0.143921
0.155184
0.166447
0.156865
0.167546
0.16965
0.164633
0.166005
0.160856
0.140766
0.141321
0.143522
0.144799
0.131725
0.135418
0.139902
0.143914
0.140774
0.14131
0.143524
0.144808
0.169646
0.164641
0.166015
0.160862
0.155267
0.166458
0.15687
0.167557
0.124727
0.122523
0.126506
0.125007
0.122473
0.124731
0.124999
0.126467
0.141088
0.139336
0.137548
0.136036
0.139271
0.141129
0.136086
0.137553
0.513004
0.492037
0.552595
0.54295
0.517669
0.515217
0.528621
0.521604
0.515205
0.51766
0.521597
0.528604
0.491998
0.512991
0.54294
0.552559
0.179077
0.18833
0.188863
0.191207
0.139224
0.145805
0.168494
0.167056
0.115345
0.121821
0.135437
0.145584
0.178722
0.197617
0.182197
0.183963
0.179082
0.188345
0.188878
0.191224
0.178697
0.19651
0.182202
0.183975
0.115328
0.121816
0.135436
0.14557
0.13922
0.145835
0.168519
0.167036
0.156975
0.155608
0.15644
0.154773
0.156981
0.155619
0.156451
0.154782
0.0479964
0.0779162
0.0676299
0.0906811
0.0480056
0.0779134
0.0676276
0.0906773
0.437893
0.456504
0.429655
0.442764
0.261474
0.323231
0.328117
0.338235
0.261537
0.323226
0.328114
0.338336
0.437887
0.456502
0.429648
0.442759
0.150279
0.132799
0.159014
0.153544
0.132795
0.150266
0.153549
0.159026
0.108179
0.104747
0.114614
0.101774
0.104754
0.108176
0.101746
0.114619
0.0353878
0.062713
0.0184854
0.0807042
0.0629357
0.0322654
0.0672468
0.0900172
0.0379069
0.0698092
0.0704506
0.0451164
0.0553543
0.0721404
0.064388
0.0706211
0.0658044
0.0742764
0.0606809
0.0804968
0.123264
0.0668743
0.0546812
0.188355
0.0185246
0.0807629
0.0353963
0.0627139
0.0629683
0.0324977
0.0224787
0.0697803
0.0672232
0.0898953
0.0708104
0.0440331
0.0644341
0.0706193
0.0554398
0.0721302
0.0658029
0.0742046
0.123287
0.0668897
0.0606653
0.0815665
0.0537817
0.188424
0.103659
0.110562
0.112961
0.112827
0.113926
0.118931
0.113525
0.117026
0.177749
0.143305
0.149635
0.13231
0.163871
0.194488
0.142348
0.145289
0.115583
0.165515
0.129515
0.133257
0.117588
0.247679
0.24781
0.3472
0.122981
0.249882
0.151071
0.151678
0.118091
0.257106
0.410618
0.39982
0.103661
0.110615
0.113514
0.117018
0.112976
0.112751
0.113928
0.118933
0.177806
0.143159
0.142394
0.147972
0.149685
0.132353
0.163914
0.194506
0.115577
0.165395
0.247731
0.343747
0.129433
0.133209
0.117578
0.247521
0.122976
0.249881
0.410615
0.40014
0.151077
0.151692
0.11809
0.257089
0.0780301
0.120131
0.0726998
0.102722
0.101392
0.104726
0.153783
0.167789
0.00690869
0.1229
0.00690896
0.123559
0.0258744
0.0259159
0.149793
0.149793
0.121277
0.0690521
0.127774
0.0922906
0.12264
0.124362
0.0735574
0.0880369
0.119343
0.14426
0.0945983
0.0767924
0.119437
0.114826
0.0844611
0.0819468
0.00321847
0.0816563
0.00315884
0.0816267
0.0250376
0.025204
0.112022
0.111957
0.158018
0.125549
0.166906
0.128601
0.17123
0.166911
0.129231
0.125069
0.119088
0.175449
0.119069
0.175432
0.136449
0.136442
0.195466
0.195214
0.106103
0.13105
0.11706
0.158847
0.130295
0.12294
0.143522
0.166663
0.135812
0.0859044
0.135814
0.0858915
0.205985
0.205984
0.112182
0.112181
0.100161
0.320979
0.134672
0.335849
0.124769
0.147076
0.399138
0.37044
0.0780292
0.120202
0.0726755
0.10265
0.101398
0.104733
0.167749
0.153792
0.121298
0.0689681
0.127818
0.0923241
0.122676
0.12435
0.0736065
0.0880606
0.119289
0.144491
0.0944619
0.0767906
0.114836
0.119484
0.0847315
0.0819575
0.158033
0.125561
0.166881
0.128636
0.171174
0.166951
0.129366
0.125134
0.106103
0.131025
0.117056
0.158647
0.122931
0.130291
0.166622
0.143521
0.100124
0.320965
0.134506
0.335854
0.147107
0.124766
0.370482
0.399152
0.121108
0.125107
0.12987
0.131388
0.131209
0.136129
0.125241
0.128506
0.134922
0.14084
0.133067
0.138608
0.135535
0.130596
0.147788
0.141429
0.118335
0.118169
0.118332
0.118165
0.114474
0.114474
0.120238
0.120236
0.184444
0.191274
0.178779
0.183756
0.184628
0.176419
0.197275
0.187127
0.14464
0.150566
0.144642
0.152967
0.14205
0.142049
0.153256
0.15326
0.119217
0.251125
0.119271
0.268675
0.14502
0.143457
0.414825
0.420321
0.325504
0.425379
0.3255
0.425364
0.279258
0.279253
0.475602
0.475597
0.499441
0.482361
0.499436
0.482357
0.502468
0.502466
0.470294
0.470292
0.121127
0.125102
0.129907
0.131423
0.131209
0.136152
0.125238
0.128526
0.134919
0.140836
0.133062
0.138598
0.130589
0.135534
0.147787
0.141415
0.184461
0.191294
0.178796
0.183753
0.176436
0.184641
0.197293
0.187146
0.119207
0.251123
0.119278
0.268661
0.143444
0.145018
0.420312
0.41485
0.132448
0.128358
0.131726
0.12986
0.13588
0.130754
0.134985
0.133899
0.132454
0.128357
0.131736
0.129867
0.130749
0.135884
0.133881
0.134985
0.0677474
0.0677527
0.075908
0.0914336
0.0759208
0.0914452
0.100139
0.100134
0.169762
0.169756
0.174111
0.185874
0.185762
0.174101
0.190843
0.190834
0.237367
0.220377
0.231329
0.231331
0.212202
0.212168
0.220154
0.237371
0.153851
0.159013
0.156656
0.149557
0.167129
0.159245
0.15546
0.150492
0.153855
0.159024
0.156652
0.149541
0.15924
0.16713
0.150434
0.155405
0.131888
0.136303
0.129477
0.129473
0.13853
0.138534
0.131881
0.136294
0.552306
0.539944
0.547689
0.547685
0.529171
0.529169
0.539939
0.55229
0.191702
0.177147
0.207962
0.198474
0.179248
0.195288
0.206494
0.206492
0.177166
0.191671
0.207974
0.198433
0.195298
0.179242
0.206501
0.206482
0.106492
0.10649
0.148049
0.122156
0.148053
0.122159
0.151957
0.151959
0.363742
0.363741
0.407746
0.379449
0.379446
0.407925
0.421039
0.421037
0.0975842
0.0883594
0.159175
0.159178
0.0823362
0.0823325
0.0978681
0.0883683
0.069761
0.091233
0.0796806
0.128759
0.0296555
0.0270135
0.101868
0.128586
0.102762
0.110047
0.0510113
0.0628876
0.107433
0.13318
0.128592
0.154996
0.0502422
0.027378
0.103752
0.10819
0.11405
0.143
0.0685598
0.0975317
0.0827607
0.0905713
0.102508
0.119615
0.0951869
0.123585
0.1026
0.178637
0.0912656
0.111982
0.0981028
0.126263
0.0910839
0.10563
0.0977439
0.0914999
0.198877
0.202689
0.0960876
0.105155
0.0837854
0.108854
0.260803
0.332351
0.0301329
0.0270373
0.101872
0.12859
0.0697625
0.091235
0.0796942
0.128758
0.102769
0.11007
0.051022
0.0629086
0.0410543
0.0267541
0.103733
0.1082
0.107369
0.133178
0.128504
0.155015
0.114047
0.143257
0.0617038
0.0975345
0.0951755
0.123551
0.102588
0.178641
0.0827418
0.0905741
0.102477
0.119636
0.091275
0.111989
0.0981144
0.126278
0.198892
0.202689
0.0960663
0.105296
0.091057
0.105627
0.0977364
0.0914666
0.083298
0.112365
0.26078
0.33237
0.111269
0.122969
0.1115
0.0974858
0.123558
0.127628
0.121587
0.122409
0.117477
0.127448
0.127158
0.139329
0.115372
0.115267
0.119968
0.120478
0.168561
0.17061
0.138953
0.138513
0.153383
0.143397
0.138094
0.133958
0.165332
0.177313
0.179339
0.188753
0.143978
0.14241
0.155466
0.154631
0.127553
0.129913
0.164699
0.172349
0.128125
0.129186
0.137574
0.139539
0.137117
0.140614
0.407579
0.409121
0.227624
0.263264
0.418223
0.46271
0.151931
0.147489
0.454844
0.423045
0.171955
0.173133
0.17782
0.181645
0.150009
0.147054
0.416581
0.432007
0.504904
0.508153
0.478544
0.472277
0.111268
0.122967
0.111495
0.0974869
0.115389
0.115267
0.119968
0.12047
0.12357
0.127638
0.12159
0.122413
0.117451
0.127446
0.127164
0.13932
0.168413
0.170558
0.138678
0.13852
0.144018
0.142411
0.155249
0.15464
0.153475
0.143479
0.138199
0.134055
0.165378
0.177334
0.179267
0.188772
0.127551
0.129906
0.164741
0.172322
0.227607
0.263249
0.418131
0.462655
0.128134
0.129182
0.137569
0.139549
0.137067
0.140586
0.407573
0.40903
0.151951
0.147514
0.454734
0.423037
0.504911
0.508144
0.47856
0.472271
0.171955
0.17312
0.177731
0.181655
0.150013
0.147054
0.416576
0.432003
0.118824
0.105062
0.107645
0.119541
0.158332
0.185289
0.192094
0.137531
0.0450283
0.0600078
0.0600166
0.0450336
0.228631
0.122888
0.123
0.228634
0.113712
0.128964
0.133145
0.123153
0.069546
0.0681722
0.0964198
0.101748
0.155707
0.186652
0.157265
0.127102
0.157266
0.153997
0.0918234
0.0874765
0.045703
0.0876282
0.0876263
0.0457077
0.138595
0.16455
0.164555
0.138579
0.180883
0.19503
0.18403
0.163757
0.155308
0.158623
0.114215
0.110083
0.16098
0.142722
0.142711
0.160953
0.196064
0.203989
0.203996
0.196055
0.139228
0.138922
0.135548
0.130449
0.149937
0.163612
0.187005
0.176282
0.263541
0.341463
0.341461
0.26354
0.11871
0.073534
0.0735269
0.118641
0.148512
0.163712
0.189487
0.178105
0.415797
0.420163
0.36217
0.357974
0.105071
0.118835
0.119526
0.10773
0.137517
0.192053
0.185286
0.158456
0.12898
0.113737
0.123168
0.133156
0.068168
0.069558
0.101763
0.0963434
0.127095
0.15728
0.186671
0.155718
0.154073
0.155854
0.0874928
0.0918315
0.195044
0.180944
0.163863
0.183936
0.15863
0.155315
0.110087
0.114551
0.130455
0.135548
0.138852
0.13921
0.176254
0.186993
0.163619
0.149909
0.17811
0.189494
0.163705
0.148507
0.357967
0.362168
0.420158
0.415791
0.13586
0.148348
0.158382
0.145718
0.129386
0.128953
0.134306
0.13883
0.127748
0.128863
0.131613
0.127385
0.14956
0.145238
0.142584
0.146611
0.111411
0.104354
0.104347
0.111408
0.122658
0.127242
0.127236
0.122653
0.175239
0.1663
0.162583
0.171233
0.207624
0.197861
0.18708
0.193196
0.139837
0.134985
0.134989
0.139838
0.153804
0.153648
0.153654
0.153809
0.155544
0.157062
0.147598
0.14582
0.544735
0.554797
0.535123
0.53048
0.220313
0.199596
0.199604
0.220246
0.550941
0.51593
0.515961
0.550932
0.51265
0.52603
0.526025
0.512645
0.432547
0.458165
0.458162
0.432542
0.148343
0.135858
0.145758
0.15838
0.128949
0.129377
0.13882
0.134314
0.127451
0.131613
0.128865
0.127736
0.14524
0.14956
0.146592
0.142583
0.171243
0.162574
0.166292
0.17525
0.197878
0.207638
0.19321
0.187093
0.145816
0.14758
0.157049
0.155554
0.530468
0.535118
0.55478
0.544705
0.037214
0.103519
0.0983268
0.0477745
0.124744
0.117151
0.105306
0.111578
0.134566
0.121584
0.118241
0.131742
0.0831377
0.0726373
0.103472
0.113169
0.106067
0.119968
0.114363
0.103097
0.139342
0.132562
0.123439
0.131029
0.131682
0.130002
0.128715
0.130301
0.127898
0.124422
0.121812
0.119526
0.113994
0.116763
0.129602
0.130822
0.116965
0.140455
0.134512
0.117111
0.130424
0.129328
0.134627
0.139557
0.133986
0.132381
0.128875
0.128055
0.0451044
0.0625326
0.0960807
0.0786951
0.0889964
0.114599
0.106384
0.0710953
0.13059
0.138956
0.124274
0.119331
0.110474
0.101553
0.118964
0.141155
0.0371942
0.0477656
0.0982192
0.103545
0.0831465
0.113182
0.103478
0.0726339
0.13457
0.131759
0.118256
0.12159
0.124787
0.111598
0.105327
0.11718
0.0452513
0.0786533
0.0961032
0.0625473
0.110461
0.141145
0.119162
0.101586
0.130587
0.119338
0.124276
0.138953
0.0889936
0.0710582
0.106433
0.114642
0.114053
0.130816
0.129578
0.116738
0.133983
0.128067
0.128868
0.132377
0.130418
0.139542
0.134627
0.129324
0.116967
0.117111
0.134462
0.140474
0.106068
0.103083
0.114361
0.119969
0.128005
0.119545
0.121817
0.124408
0.131683
0.130301
0.128722
0.130017
0.13934
0.131024
0.123441
0.132562
0.0174814
0.0190658
0.048924
0.0528188
0.00774514
0.0443132
0.0457433
0.0078495
0.0749221
0.0768939
0.0608133
0.0592023
0.0734597
0.0645796
0.0611849
0.0751357
0.0176178
0.0528439
0.04893
0.0190821
0.07352
0.074869
0.0613071
0.0645956
0.0749285
0.0592067
0.0608264
0.0769131
0.00773287
0.0078513
0.0457514
0.0443159
0.111817
0.117501
0.113701
0.109463
0.118008
0.110943
0.11188
0.118657
0.0904981
0.0923923
0.105031
0.103678
0.0873115
0.0966748
0.102551
0.0875855
0.111819
0.109486
0.113697
0.117501
0.0872772
0.0885108
0.10149
0.0966709
0.0904923
0.103674
0.10502
0.0923749
0.11801
0.11866
0.111875
0.110941
0.0544256
0.0910602
0.114725
0.0764407
0.138897
0.159266
0.14028
0.121697
0.17553
0.163951
0.156104
0.171039
0.125459
0.110286
0.136301
0.147375
0.219118
0.27831
0.177878
0.16766
0.330642
0.22554
0.209683
0.314701
0.186343
0.183219
0.192728
0.197885
0.155435
0.163181
0.180125
0.173719
0.218824
0.167718
0.177935
0.278282
0.155385
0.173683
0.180104
0.163198
0.186211
0.197879
0.192696
0.18317
0.330483
0.314667
0.209622
0.225534
0.0543819
0.076532
0.114785
0.0909943
0.125451
0.147368
0.13628
0.110262
0.175526
0.171017
0.156085
0.163945
0.138755
0.121588
0.140242
0.159241
0.0588792
0.0707816
0.0996825
0.0975391
0.13228
0.171062
0.145818
0.108027
0.235484
0.227175
0.172482
0.198137
0.132862
0.107827
0.113277
0.129874
0.0559452
0.080957
0.117549
0.0844069
0.184364
0.203754
0.185746
0.16357
0.2259
0.207954
0.192743
0.212407
0.145943
0.0995929
0.135979
0.185283
0.0559117
0.0843602
0.117536
0.0810836
0.145925
0.185375
0.135962
0.099626
0.225885
0.212391
0.192706
0.213162
0.184367
0.163665
0.185691
0.203753
0.0589001
0.0975575
0.0996982
0.0707206
0.132927
0.1301
0.113252
0.107906
0.235486
0.198121
0.172476
0.227176
0.132295
0.108029
0.14583
0.171146
0.110716
0.115337
0.129431
0.124888
0.122693
0.137932
0.133786
0.119448
0.159011
0.154551
0.146187
0.150534
0.145501
0.137057
0.141617
0.150075
0.15523
0.170613
0.160016
0.144745
0.188857
0.180122
0.172226
0.182313
0.163982
0.155638
0.162903
0.171329
0.127288
0.134676
0.150274
0.142962
0.119494
0.116927
0.168948
0.1743
0.119419
0.152898
0.160113
0.12067
0.156574
0.163678
0.161579
0.154582
0.180135
0.175551
0.170335
0.17269
0.116375
0.135751
0.139378
0.11877
0.139512
0.143432
0.141495
0.137636
0.151554
0.149324
0.145564
0.147561
0.119827
0.119031
0.143613
0.148139
0.110725
0.124888
0.12944
0.115367
0.145499
0.150075
0.141609
0.137049
0.159005
0.150529
0.146181
0.154553
0.122693
0.119484
0.13379
0.137919
0.116363
0.118761
0.139371
0.135739
0.119829
0.148125
0.143589
0.119035
0.151529
0.147553
0.145555
0.149253
0.139516
0.137634
0.141498
0.143431
0.119499
0.174275
0.168955
0.116911
0.180153
0.172699
0.17033
0.175571
0.156559
0.154514
0.161576
0.163696
0.119418
0.120679
0.160119
0.152889
0.155267
0.144851
0.160088
0.170645
0.127299
0.142976
0.150337
0.134771
0.163949
0.171325
0.162911
0.155638
0.188873
0.18235
0.172239
0.180131
0.111961
0.118229
0.122339
0.114687
0.117956
0.122524
0.122738
0.118329
0.131796
0.131722
0.127327
0.127148
0.126405
0.118522
0.126842
0.13106
0.111933
0.114668
0.122341
0.118226
0.126399
0.131051
0.126842
0.118533
0.131792
0.127145
0.127319
0.13171
0.117953
0.118322
0.122731
0.122521
0.134
0.14635
0.141682
0.131962
0.144416
0.13968
0.139983
0.144858
0.136198
0.136431
0.135139
0.134871
0.129448
0.134196
0.136596
0.132365
0.133992
0.13189
0.141628
0.146322
0.129437
0.13236
0.136551
0.13408
0.136203
0.134873
0.135145
0.136443
0.144415
0.144854
0.139985
0.13968
0.258656
0.247126
0.463142
0.371964
0.253102
0.546756
0.537434
0.249515
0.548555
0.546734
0.553449
0.555035
0.4298
0.414765
0.508578
0.517196
0.253952
0.498506
0.51121
0.258313
0.496021
0.509115
0.514878
0.501538
0.536225
0.542247
0.52834
0.522418
0.257222
0.269719
0.524078
0.535999
0.253953
0.258323
0.51122
0.498496
0.257219
0.535995
0.524062
0.269719
0.536222
0.522415
0.528332
0.542246
0.496019
0.501503
0.514872
0.509112
0.258618
0.371955
0.462975
0.247168
0.429783
0.517192
0.50857
0.414752
0.548551
0.555023
0.553445
0.546731
0.253096
0.249527
0.537413
0.546711
0.197047
0.167279
0.180266
0.188388
0.166491
0.179602
0.181405
0.168044
0.207413
0.207285
0.195527
0.193792
0.195189
0.189811
0.192066
0.199542
0.0419512
0.0855211
0.127292
0.0961262
0.0964854
0.141632
0.151
0.116604
0.2001
0.190142
0.177444
0.180428
0.162834
0.132415
0.15594
0.171545
0.0470264
0.0665134
0.106385
0.0743027
0.10599
0.155806
0.13805
0.0949368
0.18605
0.164657
0.150542
0.171315
0.0948482
0.0891815
0.121344
0.132265
0.121829
0.177264
0.178135
0.123998
0.185256
0.189346
0.178812
0.179896
0.204641
0.186511
0.186196
0.205292
0.119295
0.132873
0.17867
0.170698
0.197056
0.187345
0.180232
0.167256
0.195212
0.199549
0.192085
0.189835
0.207396
0.193859
0.195547
0.207301
0.166505
0.168052
0.181403
0.179622
0.12182
0.124014
0.178125
0.177276
0.119436
0.170479
0.178647
0.133088
0.204661
0.204698
0.186205
0.186519
0.185297
0.179908
0.178821
0.18939
0.0470684
0.0742367
0.106387
0.0665146
0.0948126
0.132274
0.121354
0.0891634
0.186093
0.171326
0.150555
0.164667
0.105992
0.0949358
0.138048
0.155809
0.0419282
0.0964886
0.127297
0.0855267
0.162848
0.171619
0.155935
0.132447
0.199993
0.180455
0.177448
0.190156
0.0965006
0.116562
0.150999
0.141654
0.14717
0.150776
0.156224
0.141177
0.152498
0.152902
0.154706
0.150338
0.146094
0.150005
0.155044
0.152252
0.128973
0.142621
0.157803
0.132585
0.148827
0.141031
0.156118
0.153699
0.128989
0.132596
0.157809
0.142627
0.146096
0.152255
0.155052
0.15001
0.1525
0.153421
0.154714
0.152904
0.023246
0.0217431
0.0594646
0.0639822
0.00292912
0.0445997
0.0468508
0.00439622
0.120141
0.124177
0.0891547
0.0861018
0.127588
0.102079
0.0963919
0.123763
0.0230406
0.0639423
0.0594728
0.0292083
0.127577
0.122191
0.0963878
0.102073
0.12014
0.0861008
0.0891518
0.124173
0.00295275
0.00448069
0.0468579
0.0446023
0.251323
0.304864
0.458647
0.483979
0.345554
0.403229
0.426854
0.344752
0.407714
0.432758
0.431461
0.407072
0.479855
0.483505
0.457712
0.457583
0.117947
0.126995
0.261625
0.244752
0.137456
0.263899
0.262606
0.132792
0.379453
0.378592
0.340228
0.3419
0.333023
0.307136
0.336038
0.374728
0.117955
0.245132
0.261654
0.127047
0.332938
0.374703
0.336055
0.307062
0.379452
0.341899
0.340225
0.378587
0.137458
0.132793
0.262603
0.263898
0.251316
0.483973
0.458649
0.30502
0.479853
0.457582
0.45771
0.483498
0.407759
0.40721
0.431456
0.432756
0.345555
0.344762
0.426847
0.40324
0.0584358
0.0733259
0.131944
0.118667
0.0832831
0.139751
0.13604
0.0786462
0.0981555
0.0955012
0.162168
0.165261
0.0779625
0.147441
0.158243
0.0907541
0.0585234
0.118459
0.131897
0.0732655
0.0779509
0.0908161
0.158252
0.147488
0.0981814
0.165263
0.162173
0.0956518
0.0832863
0.0786809
0.136045
0.13975
0.0586105
0.0723406
0.103897
0.0874607
0.0884022
0.121635
0.113628
0.0814368
0.0867573
0.0896706
0.069183
0.0763504
0.0718533
0.0823197
0.0979227
0.08849
0.0585667
0.0874792
0.103877
0.0723409
0.0718198
0.0884771
0.0979228
0.0823663
0.086753
0.076347
0.0686787
0.0896886
0.0883905
0.0814092
0.113623
0.121434
