-0.669318
0.355
-2.115
-0.715
0.475
2.18349
-0.735
0.802795
-1.995
-0.705
0.985
1.99115
0.668864
0.355
-2.115
0.715
0.475
2.1838
0.743366
0.785
-2.005
0.705
0.985
1.99171
0.0650274
0.107378
0.138542
0.112351
0.0655518
0.108858
0.138204
0.12193
0
0
0
0
0
0
0
0
0
0
0
0
0
0
0
0
0
0
0
0
0
0
0
0
0
0
0
0
0
0
0
0
0
0
0
0
0
0
0
0
0
0
0
0
0
0
0
0
0
0
0
0
0
0
0
0
0
0
0
0
0
0
0
0
0
0
0
0
0
0
0
0
0
0
0
0
0
0
0
0
0
0
0
0
0
0
0
0
0
0
0
0
0
0
0
0
0.0896885
0.00870696
0.0405355
0.0382771
0.0191976
0.000927352
0.0461845
0.0303516
0.00997252
0.0370583
0.0806911
0.0395228
0.0381785
0.000697487
0.0312392
0.0327802
-0.0128254
0.10309
0.0293058
0.091052
0.0385079
-0.0108919
0.119572
0.390711
-0.0135775
0.100573
0.0856173
-0.0120178
0.115642
0.112174
0.0397027
0.118745
0.187274
0.101838
0.098467
0.0338156
0.421274
0.124321
0.121706
0.0253509
0.240171
-0.016215
-0.00398448
0.00280786
0.00778445
0.063483
0.00752312
0.0126667
0.00669759
0.00681113
0.016246
0.00703367
-0.000354324
0.00921822
0.0028132
-0.00463666
0.00836613
0.0074896
0.0628902
0.0126812
0.00979644
0.004241
0.0158361
-0.000482196
0.00663646
0.0097777
0.0132699
-9.79145e-06
0.038589
0.0161823
-0.0243457
-0.0134534
0.0219524
0.0209361
0.00704602
0.0161173
-0.00541057
0.0424412
0.0124216
0.0294315
-0.00517579
0.200305
0.0131144
0.0159901
-5.2888e-05
0.0364839
-0.0250602
0.0203469
-0.0141833
0.0212637
0.00641706
0.0465257
0.0147717
0.00363379
0.0073713
0.199124
0.0247812
-0.00410473
0.0198881
0.0254426
0.00757141
0.023321
0.0346922
0.00556758
0.0236188
0.0293146
0.00558245
0.111709
0.0395878
0.0134715
0.0221423
-0.0279342
0.0298239
0.02769
0.00633418
-0.0220183
0.0151414
0.102989
0.0219796
0.0251784
0.0311765
0.00583535
0.0251754
0.0288748
0.0392918
0.0132998
0.0290891
0.0340725
0.0145234
0.103582
0.0351
0.023573
0.00353558
0.00313665
0.00343077
4.61364e-05
0.000304519
0.0101185
-0.000137089
0.00624989
0.0308177
0.214092
0.00126479
0.0324118
0.0114444
0.0222489
0.0343141
0.0234774
0.00241198
0.00276819
0.000119527
0.0102205
0.0279831
0.215747
0.02968
0.0424282
0.0274912
0.0264054
0.0288536
0.0240869
0.0267189
0.0410282
0.0121788
0.0121018
0.0136327
0.0135929
0.0396718
0.0351535
0.0433981
0.0459355
0.00668904
-0.0376703
-0.0371344
0.00684542
0.0369601
0.0290746
0.0322229
0.0254716
0.0353708
0.023565
0.0272745
0.0286166
0.0198434
0.0197013
0.0219023
0.0222433
0.156277
0.218189
0.217911
0.157749
0.0356359
0.0581337
0.0366495
0.0248225
0.0350062
0.0226756
0.0386409
0.0578851
0.0232573
0.0228982
0.0159771
0.0159969
0.167639
0.0587465
0.0591649
0.167032
0.101169
0.100951
0.0282753
0.0270211
-0.00794319
0.00215994
0.00275879
-0.00499113
0.00359707
0.00080177
0.00443055
0.00125893
0.00771439
0.00514183
0.000352123
0.00197378
0.00221405
-0.0076068
0.00290477
0.00279022
-0.00388397
0.000876226
0.00370144
0.00163276
0.00850227
0.000317761
0.00500948
0.00192296
0.00762923
-3.27349e-05
0.00433544
0.0158102
-0.0257485
-0.0137715
-0.00226415
0.020714
-0.000105229
0.00937405
0.0144993
0.0134246
0.00708293
0.0163619
-0.00480783
0.0568892
0.00709821
0.0155963
-1.04449e-06
0.0041223
-0.0288042
0.0201291
-0.0143729
0.0106951
0.000583762
0.0164801
0.00786484
0.00404352
0.00246101
0.0483141
0.0119595
0.00409244
0.00666695
-0.00515474
0.00626854
0.0248263
0.000129706
0.000151748
0.00133437
0.0220602
0.00279636
-0.000755148
0.0455173
0.00556948
0.0207536
-0.000371357
0.0246557
0.000482224
-0.000366194
2.51189e-05
0.0103313
-0.00292128
0.0127131
-0.00365798
0.0270843
0.000320226
0.00138667
0.00177381
0.0087919
0.0376183
0.00161379
-0.00135943
0.00433155
0.0212802
-0.000120056
-0.000304354
0.00118051
0.0410737
0.00228788
0.00215765
0.00836463
0.0948398
0.000128226
-0.00203808
0.00643949
0.0250954
0.00181105
-0.00020377
0.0486731
0.00583356
0.0218083
-0.000602601
0.0237094
0.00210105
0.00397265
-0.00378856
0.0272602
-0.000813302
0.00133682
0.00230624
0.00212435
0.0272394
0.00298677
0.00241946
0.00877867
0.0957965
5.5454e-05
2.50496e-05
0.0024478
0.023159
0.0254292
0.0018864
0.00601925
6.39029e-05
0.000226102
0.000222899
0.00343938
4.6237e-05
0.0255388
0.00237314
-0.000181713
-0.00281594
0.000708187
0.000709336
8.92206e-05
0.00620192
-0.000107262
-0.000587838
0.0253677
0.0383824
0.00380249
0.00377803
-0.00871821
0.00318491
0.00488466
0.00527529
0.00619843
0.00916093
4.23492e-05
6.92257e-05
0.00143287
0.0230626
0.0248886
0.00170104
0.00696315
-4.38541e-05
0.0259826
0.00240581
-0.000102207
-0.00274978
-0.00190118
0.00193333
0.0230869
0.0563297
0.00103286
0.00424008
0.00753451
-6.06796e-05
0.000851179
0.0100192
0.0041402
-0.000110598
0.00475526
1.87444e-07
3.62455e-09
4.96921e-06
0.00103884
0.00557512
0.005466
0.00189919
0.000616081
0.0105153
-0.0297052
0.000278343
0.0287486
0.00103334
0.000208971
0.00226348
0.0287286
0.00113723
0.000160926
0.00208645
0.000359263
-3.81492e-08
-4.58236e-08
0.000358154
0.00768956
0.0235222
0.00311616
0.00831339
-4.93987e-05
0.00569487
0.00757173
0.00110314
-0.00123277
0.00578736
0.00794314
0.00111055
-0.00581317
-1.05758e-05
-4.9515e-06
7.91675e-06
0.000807861
0.000392121
0.000630434
0.000755863
-0.0133842
0.0548712
-0.0111822
-0.0146647
0.00978549
0.00738534
0.00181401
0.0149659
0.0140206
0.00592518
0.00295667
0.0215939
0.0114274
-0.00585542
0.00423708
0.00342259
0.00603086
-0.0225619
0.0099451
0.014902
0.00619162
0.0142886
0.0232358
0.00438616
0.00190872
0.0131892
0.00928789
0.0495981
0.00190652
0.0150045
0.00953406
0.00785746
0.0139303
0.0054988
0.0115107
-0.00567535
0.00322772
0.0192482
0.00341029
0.00367816
0.01234
0.0116264
0.0058137
-0.0218134
0.00445254
0.0207067
0.00200564
0.0124002
0.0219192
0.00280517
0.00806069
0.047834
0.0364061
0.00716931
0.00367097
0.0195204
0.00716623
-4.18298e-05
0.00358076
5.89613e-08
0.0278391
0.0148705
0.000898578
0.0272065
0.000349633
0.0105307
-1.12252e-05
0.007116
0.00587091
0.0246344
-0.000263117
-3.82064e-05
0.0217398
0.0930411
0.000202879
0.00427636
0.0104562
0.121878
0.00079307
-0.00103734
0.0242361
0.0365424
0.00493604
0.00820413
0.0364874
0.0072644
0.00357265
-2.8131e-08
0.00300714
0.0193796
0.00875185
-1.91621e-05
0.0281109
0.00512929
-9.74303e-06
0.00711104
0.000419839
0.0271562
0.000522371
0.0113137
0.00474744
0.0308971
-0.000368506
0.00479571
-0.00114111
4.81829e-05
0.0153758
0.0891751
0.0103327
0.125004
0.00459516
0.00864429
0.000973032
-0.000613378
0.0224081
0.0516698
0.00933682
-0.0035784
-0.00445935
-0.0864612
-0.00012412
3.22674e-08
-0.00948466
-0.00986041
0.00010401
0.00329918
0.00459783
5.00214e-06
0.00529691
0.00289672
0.0294461
0.000931948
8.65464e-05
-0.000129247
-0.000241269
-0.000313732
-0.000984728
0.0095027
1.1743e-05
-0.00420019
0.00323565
0.00359845
0.0133416
0.013371
0.00643103
-0.00109036
0.000672443
0.00257341
0.000140588
9.99706e-05
-0.0304764
-0.0291667
0.00319765
0.00329061
0.00101392
0.000903133
0.0080223
-0.00386746
-0.0547723
-0.00263038
0.00206008
0.00629203
0.00472819
4.95653e-06
0.000983662
0.00450488
0.0289852
0.00134508
-0.00070742
0.0096251
6.70203e-06
-0.00473787
-0.00163847
0.00677415
0.00144046
0.00092765
0.00312219
0.00542237
0.000736859
0.000785821
0.000112577
-8.61356e-05
-3.45673e-05
7.65213e-08
0.00600284
0.00944445
0.0292461
0.00248645
8.42773e-09
-8.11591e-08
0.000239808
0.000237538
0.0273239
0.0028437
0.00721022
-0.00016499
0.000450982
0.000451568
-9.89644e-06
-1.26243e-06
-0.000315961
0.00139493
0.0136595
0.0033524
0.00434049
0.00444289
0.00767337
0.00839435
0.00692033
0.00787305
0.00123121
0.00163617
1.0778e-05
2.04025e-06
-3.7598e-05
-7.9255e-08
0.00873268
0.00843874
0.0287737
0.00214707
0.00328768
0.0267879
0.00740022
-0.000254945
0.00119087
0.000237661
0.00321183
0.0127264
0.0128498
0.029129
0.00829488
0.0178899
0.114541
0.0128544
0.00622099
0.0423281
0.00910065
0.00623157
0.00976888
0.00342533
0.0127721
0.00237035
0.002555
0.00677737
0.0127523
0.0143224
0.0138975
0.0283788
0.0105033
0.0058077
0.00174404
0.0053814
0.00802756
0.00341204
0.00779892
0.00448379
0.115245
0.0447203
0.00995945
0.0216547
0.00598938
0.00157378
0.00467682
0.00726819
0.0058779
0.0075022
0.00474198
0.00162096
0.0169574
0.00350599
4.96788e-06
0.00655389
0.0170255
0.00637437
5.04195e-06
0.00350999
0.0159755
0.0182487
0.00553571
0.0119768
0.0415153
-0.00432824
0.00885203
0.0229882
0.0485008
0.0296924
0.00774159
-0.00435921
0.0253911
0.0133871
0.00585324
0.0258564
0.0102993
0.0329276
-0.0109848
0.0187922
0.000208716
0.0413173
-0.0220631
-0.0829593
-0.00284696
-0.0199478
-0.0233259
0.0393918
0.010682
0.0187002
-0.011139
0.0303099
0.00424805
0.00310505
0.0297603
0.0276779
-0.00628189
0.0262957
0.0284959
0.00167074
0.0199111
0.0258452
0.00220893
0.00324916
0.0154838
0.0021684
0.00342582
0.0246645
0.00384047
0.0268969
0.029809
0.00214277
0.0117652
0.0206787
0.00331006
0.00176508
0.0165943
0.00303766
0.00234553
0.0237016
-0.00672022
0.000925708
0.0282143
0.0260823
0.0176653
0.00023293
0.000299375
0.0213545
0.0174879
0.0212341
0.000296801
0.000230202
0.0235826
0.000424551
0.000404544
0.0251094
0.0238979
0.0251826
0.000405394
0.000424161
0.0520937
0.0655684
0.0293735
0.00900825
0.0382933
0.0114391
0.0105629
0.0372068
0.0523849
0.0541262
0.0112551
0.0119102
0.0549734
0.00930222
0.0297603
0.0811422
0.0276498
0.0279647
0.00512417
0.0200944
0.00300604
0.0167478
0.0109982
0.0265031
0.0226963
0.0120185
0.00233377
0.0258742
0.0129179
6.19187e-05
0.0156405
0.0125229
0.0273058
0.0203252
0.00526631
0.0278037
0.0105924
0.0125545
0.0156766
0.000894916
0.0225893
0.0247087
0.00146809
0.0140562
0.00263293
0.0262572
0.0107316
0.0171599
-0.00116587
0.00665171
-3.91232e-06
-0.00999405
-0.000807489
-0.0103753
6.72566e-06
0.00665111
0.0153277
0.0111517
-0.00527822
0.00883974
0.0139018
0.0108629
-0.00511462
0.010961
0.0681667
0.114622
0.00157643
0.0119109
0.0275958
0.0017109
0.00107121
0.0714727
0.027632
0.0718721
0.00117779
0.00166814
0.0635717
0.0124305
0.0018782
0.117244
0.00518784
-0.00454073
0.0427608
0.0425601
0.00493426
0.0395918
0.0409123
-0.00418713
0.0122824
0.0277156
-0.039017
0.0020694
0.0128721
0.00300295
-0.0381773
0.0262592
0.000595216
0.00191026
0.00101215
0.000639211
0.00233648
0.00117344
0.00143177
0.00104206
0.00490121
0.000241262
0.000516926
0.00323815
0.00189323
0.000724584
0.00111317
0.00164841
0.000416938
0.00113169
0.00241368
0.000588715
0.00523534
0.000349299
5.78934e-05
0.00173339
0.0147658
-1.39953e-05
0.00404857
0.0157785
0.0282405
-0.0151726
0.00456191
0.0137885
3.20475e-05
0.000683138
-0.00312403
0.0147097
0.00745825
0.00638828
-0.00418521
0.017308
0.014867
0.0155717
1.79999e-06
0.00387009
0.0288774
0.0180625
-0.0157807
-0.00150826
8.92462e-05
0.0410241
0.0019612
0.0023042
0.00272814
0.0115603
-0.00149659
-0.00043496
0.00118987
0.00043944
0.00270358
0.0250833
3.96533e-05
3.95733e-05
0.0027556
0.0351788
0.003662
-0.000164431
0.0767212
0.00556818
0.0121502
-0.000652816
0.0207764
0.000479717
-0.000170727
0.000104067
0.00933794
0.00226634
0.00159409
0.000844368
0.0227431
0.00373896
0.000162976
6.2113e-05
0.00637076
0.00621697
1.13834e-05
0.000210969
0.00394554
0.020506
1.994e-07
-4.34665e-05
-0.00228174
0.00212233
0.000597196
0.000161429
-1.59707e-05
0.0258602
0.00510976
0.00888554
0.00274578
0.025793
0.00396133
-0.000174335
0.0764714
0.00583349
0.0111383
-0.00083644
0.0201818
-0.000278857
0.00411057
0.000387945
0.0225336
0.00418364
-3.63015e-05
-0.000355691
0.00391627
0.0268296
0.000696895
0.000131151
0.00125333
0.02467
-1.93512e-05
-1.42576e-05
0.00188491
0.0231689
0.0022924
0.000625059
-0.00211449
0.000132241
4.68072e-05
4.62451e-05
0.00343242
4.62621e-05
-0.00353354
0.000799514
-0.000228283
-0.000705827
-0.000153399
-0.000153424
-1.13931e-06
0.00416548
-0.000196778
-7.14457e-05
0.00997838
0.00631767
-2.30204e-05
-0.000129216
-0.0355309
0.000960859
-0.000145753
-0.000335367
0.00246113
0.000529773
-4.16303e-05
4.31101e-05
0.00189415
0.0230694
0.00419875
0.000425732
-0.00177195
9.21267e-05
-0.0034991
0.000938552
-7.56708e-05
-0.00105261
4.89269e-06
0.00257921
0.00755758
0.0146068
0.000496569
0.000501703
0.00184448
-0.00165857
0.000560162
0.00326092
0.00250999
-0.00177604
0.000357707
2.28345e-07
1.27988e-09
-5.61275e-06
0.00106332
0.000422675
0.000660738
-9.04203e-06
0.000611575
-5.58777e-05
0.043247
0.000260448
0.00112825
-0.000107327
-6.54011e-05
0.000995686
0.00155102
-3.44035e-05
1.36951e-06
0.000762758
-4.47306e-05
-9.51406e-09
-9.50116e-09
-4.43847e-05
5.6475e-05
0.0110861
-5.23516e-05
5.58643e-05
0.00572129
-0.00310924
0.00900494
-0.00113053
0.00592184
-0.0031962
0.00877727
-0.00112326
-0.000379586
-1.01746e-05
-6.50634e-06
2.64519e-06
-1.98058e-05
0.000110856
-2.66324e-07
0.000819889
-0.0011902
0.03254
-0.0112882
-0.00351675
-0.000309278
-0.00340768
0.00311649
0.00391494
6.81054e-05
3.25069e-05
0.00333795
0.0204719
-0.000654622
0.00582324
0.0113705
0.00548203
0.00800017
0.0149602
0.000411747
0.0200462
0.00113805
-3.59585e-05
0.00976089
0.00192983
-0.000137357
0.000454902
0.00545053
0.00403247
0.000770931
-0.000156856
0.00407121
-0.0283292
0.0001371
0.000799211
0.00457243
0.0133181
0.000157331
0.0015218
0.0045237
0.0140151
0.00146536
-0.000290323
0.0214931
0.00176668
-0.000139072
-7.16262e-05
0.00208975
0.000222035
0.000798237
0.00273233
-0.000126735
0.0395971
8.61919e-05
6.85367e-05
0.00332663
0.0201134
-0.000487503
-0.000175166
0.00453776
0.00407259
-0.00066828
0.00628165
0.0114699
0.00542365
0.00122707
-2.46745e-05
0.00969973
0.00221594
0.00774109
0.0150612
0.00182006
0.0201471
-5.59854e-05
0.00641203
0.00553668
0.00630089
0.000110223
0.00144375
0.00634452
0.0134316
0.000609752
-0.000285602
0.00390111
-0.0172399
0.000332383
0.00167806
0.00281816
0.0208514
-0.000151289
-5.6744e-05
0.00193958
0.000288954
0.00133163
-2.31848e-06
0.0219757
0.00132592
0.000505763
0.00216499
8.24123e-05
0.0417612
0.00363658
-0.00020235
0.0781709
0.007176
-9.24064e-07
-1.0661e-05
0.00330998
0.0195068
0.000155744
0.00248247
0.0354046
9.09722e-06
-0.00027467
0.000179216
0.00357411
1.65634e-09
-0.000604213
0.00272375
0.0346005
-0.0106066
-1.64504e-05
-7.41084e-06
0.000767594
0.0272224
-0.00571522
0.00837952
7.90932e-05
0.018722
0.000360414
0.00055341
-1.1135e-05
0.00406468
-3.53812e-05
-6.06386e-05
0.0017511
0.0242816
0.000190572
0.000485727
5.57544e-05
-4.91933e-07
0.0119157
-0.000133712
0.0116505
0.00302804
0.00729939
0.00385793
-0.0371986
-0.000226527
1.53719e-05
0.00141172
0.000185104
0.00922899
0.0027769
0.00117823
0.000163615
-0.000753036
-4.0272e-05
-8.45027e-07
0.00874519
0.00882825
0.0320552
0.00287663
0.00135526
0.000228184
0.00309772
-2.33467e-06
0.0788671
0.00727099
-0.000278676
0.000176674
0.0035658
1.43319e-08
-2.87067e-06
-2.64437e-05
0.00329407
0.0193714
0.000202002
-1.84064e-05
0.0366229
-1.084e-05
7.78475e-05
0.0025527
0.0345254
-0.00560344
0.00036708
0.000555029
-9.73116e-06
0.00406804
-3.28974e-05
-2.57176e-05
0.000594029
0.027168
-0.0123864
0.0087607
0.000120459
0.01909
0.000195533
0.000212653
0.00299656
0.0300657
0.00695212
0.00361348
-0.0378965
-1.38277e-06
8.91031e-05
0.000155595
1.11229e-05
3.98833e-05
0.0042279
0.00279869
0.0056403
0.0147048
4.11129e-06
0.00128207
0.000260116
0.00713437
0.0302211
0.00322369
0.00117037
-8.37415e-05
0.00224272
0.00119198
-0.00152524
-0.000972506
0.00127096
-0.00169409
0.00266353
0.0148157
0.00076454
-0.00112716
0.00162779
-0.00503915
-1.67198e-07
8.41755e-09
0.012275
0.0742961
5.69857e-07
-0.000665741
3.92392e-06
2.09708e-08
-0.00257523
-0.00218258
0.00937534
0.0114142
0.00124976
-0.000571166
0.00514003
-0.000109762
1.30374e-06
-1.55031e-08
0.000364174
-5.33613e-06
0.000820453
-0.00227095
-0.00295096
0.00177332
4.79266e-05
-0.00527809
-0.00130739
0.00190234
0.000350035
0.000848612
4.68179e-06
-4.17179e-05
0.0124659
0.0129764
-0.000236543
-0.00023294
0.00268822
0.00264432
-0.000425105
-0.00021906
-0.000223418
6.12569e-08
1.18713e-06
-0.00102086
0.00098236
6.34276e-05
7.28397e-05
2.21107e-05
0.0198258
9.84683e-06
0.000243983
7.30146e-05
-0.00156607
0.00487903
0.00104957
0.00116482
3.96845e-05
0.00369936
0.000445011
-4.4316e-05
2.03758e-05
0.000775933
9.52436e-05
-9.6516e-08
-0.0258445
2.84161e-05
-2.62135e-06
0.000265984
0.00320402
-0.00294461
0.000592408
-9.70641e-06
0.00209848
0.000280876
0.000697283
9.71618e-05
0.000386149
0.000536854
-5.15539e-06
-0.00355148
-9.74869e-05
-2.56107e-10
0.0597401
0.0109007
-0.00105744
-0.00340805
0.00368115
-0.00185727
6.8124e-08
7.15173e-10
0.000352442
-5.92078e-06
-7.89686e-05
-0.000746503
0.00098863
-0.00220702
0.000227922
-0.00429493
-0.000960018
0.000920509
0.00238788
0.00315971
-0.000507109
-0.00023807
0.00453879
1.51925e-06
5.02867e-06
-0.000811506
-0.000780747
0.00471956
0.00156641
0.00320338
0.000150324
0.00349926
2.43504e-06
0.00044517
0.00266148
-0.0033605
0.000404537
0.00174008
0.00162857
0.000629715
2.28019e-05
0.000884396
0.0001933
0.0120883
-3.65851e-05
-2.68237e-05
-7.42101e-06
0.000313978
-9.57367e-08
2.91023e-09
-0.00127523
-0.00173408
0.00166934
0.00142878
-0.000111803
0.000928981
0.00160823
0.000859632
4.93623e-06
-4.29837e-07
2.86357e-09
-8.14914e-09
-6.83891e-09
-9.36066e-09
4.27647e-07
-3.89128e-08
3.06402e-05
0.000172504
-0.00241856
0.000660026
-0.00864282
2.35384e-05
-0.00332643
0.00165729
9.03715e-05
0.000158018
9.03442e-05
9.02401e-05
2.43991e-06
1.48118e-05
-7.02321e-06
-3.79238e-06
0.000582853
0.000372252
-5.72909e-05
-1.20926e-05
0.0394802
0.00421439
0.0113583
0.00075011
0.00335928
0.000654743
-0.000152747
0.000634266
0.000448584
-5.45442e-05
0.000135308
7.51955e-05
-3.78122e-06
0.00104461
-0.000235753
0.000211627
0.00328672
-2.98773e-06
0.000140919
9.42899e-06
-9.69164e-05
0.0120324
1.69623e-06
1.78533e-07
-6.75719e-06
0.000313231
-8.87647e-10
-1.16899e-08
-0.00388306
-0.00169221
0.00154536
0.00215964
-0.000132207
0.00088172
0.00263365
0.00072973
-4.6638e-05
0.000114135
0.000577673
-0.00128598
-0.00868275
3.609e-05
-0.00341738
0.00193638
0.00073265
0.000266378
9.48434e-06
7.99118e-06
0.0249961
0.00461592
0.000659919
0.0118658
-0.00104878
0.00191493
-0.00226922
0.00361676
-0.00613121
0.00116687
-0.00123313
0.00278629
0.000265507
-0.000406728
-0.00132865
0.00439798
0.00121553
0.00060557
0.00158945
-0.000802514
-0.00168813
0.00246233
-0.00272871
0.00347311
0.0011991
-7.53305e-05
0.00125579
-0.000556312
-0.000323072
-0.000950326
0.00133451
0.00619905
-0.00472272
0.00100903
-0.00360336
0.00444556
-2.48949e-05
6.6464e-05
-8.89078e-05
-0.000210479
4.22143e-07
7.51468e-05
-3.09631e-10
-0.000652783
-6.5943e-06
4.94641e-06
-4.32787e-07
1.29371e-09
-6.69088e-06
4.98628e-06
-4.25364e-07
-6.8395e-09
0.000599153
3.47504e-05
0.00320325
0.000108975
5.47689e-05
-0.00173522
0.00106749
0.00471657
0.000786091
0.000165352
0.000634754
0.00293465
0.000400469
-1.93259e-05
0.00344698
0.000488914
0.0164589
0.00672729
0.000151057
-0.000453958
0.00191761
-0.00132242
0.000895974
0.0494107
0.000194325
0.00328735
0.0592916
-0.0201956
0.00571735
0.0151343
-0.000203664
3.44883e-05
0.000277541
-4.95817e-05
6.00099e-05
0.0137042
0.000163648
1.78428e-05
-3.8226e-05
0.00971415
0.000669419
0.00270555
0.000210564
-5.94353e-05
-3.11605e-05
8.3194e-05
0.000538731
0.000728784
7.73564e-06
1.38339e-05
-1.71404e-05
0.0110219
-1.77994e-05
0.000558779
6.27789e-05
0.000494369
-0.000207606
0.00131097
0.000531341
0.000232443
-0.000214446
0.000109145
1.15109e-06
0.0095666
-0.000131398
-0.000103489
-3.45479e-05
0.000239468
-0.000110128
-0.000132998
0.000237528
-3.75848e-05
-5.05705e-09
-1.17728e-05
0.000360666
-2.52203e-08
-1.37881e-05
-9.07242e-08
-6.09425e-08
0.000360742
0.00222264
0.000472074
0.000256312
0.00352991
0.0364906
5.64206e-05
0.00141839
0.00353002
2.61915e-05
0.021374
0.00367496
0.00142129
0.00107383
0.00276016
0.00384148
6.94437e-05
0.00273079
-0.00395554
0.00277733
0.00456427
-0.000106506
-0.00175509
0.0060599
0.00119199
0.000941842
0.00429496
0.000778067
-0.000499522
0.0027037
-0.000123331
0.000295378
-0.000256669
0.00295213
-0.00406728
0.00291843
0.00471731
0.00248116
0.000138413
-0.000103038
-0.00078801
5.77589e-05
0.00450716
0.000299735
0.000253811
-0.000194952
-0.00192856
0.00617066
0.00137053
-0.0249669
1.58437e-06
1.73803e-05
-2.77302e-06
-0.0139733
2.56235e-06
1.60445e-05
-1.19687e-08
0.000293342
-0.00141859
8.10037e-05
-8.91151e-05
5.35304e-05
0.00107372
1.72917e-06
0.000395568
0.00970251
0.00313263
0.000249598
0.00103722
6.3376e-05
0.000537058
4.54655e-05
0.000880382
3.46002e-05
0.00131518
0.000100147
0.000818079
0.00764633
0.00353876
-7.13231e-05
0.00155405
0.000185515
0.01546
0.0110641
0.000131373
0.0154086
0.000376129
0.000102521
0.0113774
0.000113849
0.0015958
-0.0211341
0.00042519
0.00235377
0.000306433
-0.000544537
-0.0198087
0.0098139
0.00601292
0.00377165
0.0130443
0.00371053
0.00417803
0.002752
0.00898419
0.0118923
0.00181791
0.00254737
0.00790719
0.00729896
-0.00530692
0.00542339
0.011816
0.00398083
0.00849124
0.0148552
0.00218464
0.00212059
0.00156045
0.00104198
0.026394
0.00380185
0.0129919
0.0103871
0.00640904
0.00395295
0.00391586
0.00898399
0.00276394
0.00257362
0.00848545
0.00258704
0.00760455
0.00735611
0.0106068
0.00643934
-0.00550029
0.0020233
0.0155209
0.00192928
0.00226251
0.0151429
0.00206387
0.00127466
-0.00976863
-0.018339
0.0120671
0.00407754
0.0176556
0.0581571
0.000252853
0.00361481
-0.000311604
0.0101567
-0.0209686
0.000112166
0.0293755
-0.00619241
0.0173031
-6.19533e-05
0.026513
0.000812143
0.0272547
0.000115702
-5.4023e-05
0.00220396
0.0421124
0.0156264
-0.000841262
-2.70349e-06
0.00888895
0.000331487
-0.000735322
0.00873453
0.00996843
0.0133869
0.00363966
-0.0192926
0.0122691
0.00361428
-0.000308244
0.0039372
0.017472
0.0573223
0.000290045
0.0112728
-0.0212453
-6.01297e-05
0.026115
7.54818e-05
0.0292924
-0.0129559
0.0130335
0.00205662
0.0315692
0.0174094
-0.00208267
0.000773576
2.90344e-05
0.0034093
0.0425111
2.50837e-05
0.00886184
0.000762663
0.00358171
-1.88599e-05
-0.000652533
-0.00193082
0.0102106
0.00428398
0.0219406
0.0048798
-0.0381827
0.000932732
-0.00128784
0.00123493
0.0731196
0.00299714
0.0278583
0.0029845
0.0276469
-1.63177e-06
-4.58742e-07
0.000282447
3.93585e-05
0.0122671
0.00424699
0.0810372
0.00664156
0.0108663
-0.00283981
0.00180038
-5.13723e-06
-0.00108974
0.0182061
0.0228414
0.0012425
-0.000998271
0.000966561
0.00229107
0.000550973
0.0096316
0.00157203
0.00940198
0.00327221
0.000181742
0.000146044
-2.66925e-05
2.45815e-05
0.0186144
0.00293153
0.0330232
0.00414062
0.00204371
-0.00363661
1.83888e-05
0.000556012
0.00486687
0.00229619
0.00625757
0.00412356
0.00014541
6.13087e-05
0.000735493
2.09457e-05
0.00445167
0.0175394
0.00399828
0.0232246
0.000812116
-0.000544979
-0.000226446
-2.19577e-05
0.0017607
0.000251336
0.00172578
0.00239838
9.93641e-05
-3.43759e-06
3.2003e-05
-0.000910444
-0.00041479
0.0437027
0.000772304
0.0130774
-0.000217326
8.44531e-05
0.00236239
-0.000276538
0.00330845
0.0218312
0.00370255
-0.00109293
0.00162296
-0.000512218
0.0438775
0.00291236
0.0116253
0.00468152
0.0808962
0.00662673
0.0124385
-0.00339661
0.00175719
-6.0176e-06
-0.000740471
0.0172904
0.0236761
0.000979381
0.00103822
-0.0015721
0.00310911
-0.000328977
0.0259527
0.00814321
0.0332099
0.00475551
0.00207105
-0.00328084
0.000164244
-0.000269978
0.00281431
0.0241513
0.00256816
0.0277032
5.71872e-05
0.000966295
0.000678554
3.70834e-05
0.00183645
0.0489355
0.000657706
0.0113984
-4.00266e-05
0.000240532
-0.000212215
0.00237717
0.00256482
0.0211914
0.00142978
0.025186
3.76618e-05
1.60609e-06
-5.50693e-05
-5.33164e-09
0.00421915
-9.68927e-05
-0.000314395
2.88539e-05
0.00669093
0.000116984
0.00112735
0.000595391
0.00338998
1.20592e-09
0.00338758
5.90555e-09
2.01141e-09
-1.88138e-07
4.88098e-07
-2.62256e-08
-0.000130261
-0.0003058
0.000388554
-0.000229649
-0.00374161
0.000536856
-0.000161397
0.000600205
-0.000402658
0.00376426
-0.000402683
0.00376469
-0.000225395
-0.000225539
-7.1429e-06
-5.34665e-06
0.0114223
0.00423645
0.00944617
0.00817052
3.19934e-05
5.63378e-05
0.000125177
0.000101677
-0.0347441
0.000564546
-0.0350985
0.000602221
-0.000188002
-0.000145982
1.79245e-05
1.97185e-05
0.00214056
0.000418646
0.00208764
0.000248194
0.000100228
5.11782e-05
6.43417e-06
1.57595e-05
0.00260662
0.0210804
0.00119643
0.0250913
-4.32307e-06
2.36095e-07
-5.33363e-05
-4.25162e-09
0.000158666
-0.000156508
-0.000141355
-1.87966e-05
0.000163665
0.00509646
0.00365228
0.00047382
-0.000186933
-0.000471405
0.000157488
-9.67203e-05
0.000724247
-0.00324706
-0.000158244
0.000502685
0.00809982
0.011803
0.00366512
0.0136338
-0.000115966
7.89836e-05
3.45199e-06
0.000167504
-0.000193527
0.00116126
0.000284475
-0.00159622
-0.000703488
0.00373153
0.00149416
0.00090464
0.00318702
0.00104302
0.00115688
-0.00235921
0.00418145
-0.00125132
0.00118327
0.00226594
3.01495e-07
1.24052e-07
0.000360916
-5.4708e-06
0.00035487
-5.76671e-06
1.70217e-09
1.0976e-07
3.39861e-05
2.7412e-05
0.00107336
-4.8123e-05
0.000105183
0.000904773
0.000536145
0.000907315
0.0135736
0.0412924
0.0136063
0.0134671
0.000451407
0.000548519
0.0428018
0.0132597
-0.000184499
8.84971e-06
0.0016433
0.000808404
-0.000521703
0.00108695
-5.49813e-05
-9.38249e-05
1.26269e-05
0.000146729
0.00170332
0.000691224
0.000990617
0.000740115
-8.04275e-05
4.06397e-06
-6.73901e-05
-0.000112363
-2.20794e-05
-2.17139e-05
-6.70303e-05
-6.73728e-05
-6.5985e-05
-0.000111303
0.0101919
-0.000123278
0.000103859
3.41061e-05
6.62174e-05
1.11764e-05
-7.96721e-05
0.0100436
-0.00268995
-6.48062e-05
0.000134709
0.000469475
-0.000724076
0.00240395
-0.00352869
0.0044273
0.00014088
0.000605624
0.000132937
0.000469216
0.00231746
-0.000991997
-0.00350753
0.00431349
-5.70941e-05
-5.87309e-05
1.28921e-06
-0.00064933
3.83063e-06
-0.00059824
-6.86911e-06
-6.45382e-06
0.00011264
8.36688e-06
0.000807793
-2.79632e-05
-1.86375e-05
0.000796579
0.000122941
-6.59182e-06
0.0246287
-0.0172267
2.79402e-06
-0.000150616
-0.000259213
2.51891e-05
0.026156
-0.0165435
0.00115137
-0.00374219
0.00401937
-0.00932331
-3.33409e-05
-2.82276e-07
3.9579e-07
-1.03944e-06
-0.00449456
-0.00199239
-9.75148e-06
-0.000262024
0.00103024
0.00877537
0.0139483
0.0121528
0.000179134
-8.30108e-05
0.000224459
-0.000149165
0.000156788
0.000481588
0.00388598
-0.0024021
0.00103699
-0.000638338
0.00033095
-0.00138963
-4.31267e-05
0.00267336
0.00325574
0.0141077
0.00106858
0.00120383
0.00145615
0.000661376
0.00426593
0.000614488
0.000422498
0.000264285
0.000200201
7.23513e-05
0.00157015
0.000116838
0.000714484
0.00110478
0.000468955
5.23191e-05
2.55835e-05
9.43531e-10
6.71118e-07
-5.17677e-07
0.00111435
-0.00279794
0.00339458
-0.00795848
-0.00433071
-0.00182479
-7.01214e-05
-0.000282453
-2.36504e-05
-2.57322e-05
0.000131661
-8.93632e-05
0.000580108
0.00838777
0.0149345
0.0147473
-8.70535e-05
0.00122464
0.00311168
-0.00266002
0.000211844
0.0027155
0.00345734
0.0158077
-0.00053161
0.000418175
0.00037091
-0.0408772
0.000835616
0.000512471
0.000265705
0.00125619
-0.000223461
6.01349e-05
0.0020668
0.000351711
0.00409926
0.000988952
0.000722626
-0.000375898
0.000499253
0.000228705
0.00117082
3.82032e-05
0.0235146
-0.00132331
0.00121327
-4.16791e-07
-2.49318e-05
5.34519e-06
-0.000231117
-0.000150666
-0.0189137
-0.00168822
0.000173612
0.00809438
0.00119762
1.55263e-08
-0.000202981
0.00020919
-0.00391347
0.00237079
-0.000582549
0.0133343
-1.72189e-07
-2.71749e-06
-3.62217e-09
1.69941e-07
0.000242528
0.00908497
0.00941574
0.00869533
-1.70087e-05
0.000384206
-0.0275277
-8.87716e-08
0.000347225
0.000140502
-0.000295824
0.000865731
0.00170485
-0.000177483
-0.000231426
0.000623349
-0.000112299
0.000399856
-0.00135518
0.0194477
0.0012487
-6.75071e-06
0.00557408
0.0034054
-7.31833e-06
0.00087683
0.00607401
0.00381741
0.0030894
0.00171253
0.00381338
0.000996877
-0.000188547
0.00101928
-3.94948e-06
0.000356155
0.0369353
0.00295388
0.0473276
0.00227364
0.0240101
-0.000493791
0.00121296
-4.30485e-07
0.00119804
-8.44287e-10
-0.000205799
0.000207101
6.8401e-06
3.66092e-07
-0.000227634
-0.000146986
-0.0202591
-0.0108909
1.23145e-06
0.00522147
-0.00338443
0.00220007
0.00313028
0.0188471
-1.42959e-05
0.000384336
-0.0216974
-2.35028e-11
-9.31534e-07
3.16425e-07
-2.66928e-09
-5.11127e-09
4.70243e-05
0.00891321
0.00750685
0.00852968
0.000170475
-0.000194228
0.000328785
-8.8297e-05
0.00319158
0.000102322
0.00340016
0.0033411
0.00137623
5.35616e-05
0.000592075
0.000117025
8.29811e-05
0.000443424
-0.00163701
0.00634651
4.35292e-05
0.000854706
0.00330473
0.000975182
0.0203307
0.00319844
0.0484963
0.00194843
0.00215237
0.00202363
0.00331756
0.00045136
-7.48719e-05
0.000568221
3.40426e-06
0.000126664
0.000735229
8.03765e-05
-0.000358632
-0.00029171
0.011069
-0.000100674
0.0934582
0.00294634
9.655e-06
-0.000466448
-0.000659392
4.25312e-07
-0.0001508
0.0087376
0.00816097
9.56628e-05
0.0127907
0.00188291
-0.00125679
-0.00299743
-8.64785e-09
-0.000316796
-2.71454e-06
-3.87789e-08
-0.000157624
0.00144975
1.14241e-05
0.000674254
0.000410108
0.00156506
0.00141535
-0.0105045
0.000237918
0.000378803
0.000607904
0.000156847
0.0142823
0.0112723
0.012161
0.0141295
-0.00126515
0.00357527
-0.0020201
-0.00525296
-6.56877e-07
-0.00401896
0.00174394
6.33615e-05
3.97681e-06
-0.000342975
0.00109347
-6.81882e-05
0.0223314
0.000103319
0.000235315
0.0213002
-0.00260448
0.00139368
0.000961719
0.00102859
-0.000431711
0.00350739
0.00358714
-0.000235208
6.69519e-06
0.000784206
0.000763338
3.23652e-05
-0.026448
5.97019e-05
2.46708e-05
-0.0254842
0.00458648
-0.000554881
-0.00468267
0.00328047
0.00378148
0.000554251
8.94824e-05
0.00237039
0.00115267
0.00105392
-0.000487649
6.81376e-06
-0.00441475
0.0828926
-0.000423851
0.00880644
-0.00419383
0.00715508
-0.000710905
-0.00151872
-0.000395748
-3.44086e-10
1.00684e-09
-3.28119e-06
0.000755526
-8.29917e-05
0.0014547
-0.000135613
0.00043821
-0.000162485
-0.01129
0.00064926
0.00357071
-0.00133906
-0.00530146
-0.002053
0.00226525
1.696e-06
1.70381e-05
0.00746388
0.00103395
0.000835519
0.000698761
-0.00143292
0.00026907
0.00333341
0.00333325
0.000146072
0.00279405
-0.00445583
-0.000660941
0.00263472
0.00241526
0.000366188
0.00107221
0.00160143
0.000163977
0.0137844
0.0107547
0.000229301
0.00029244
-5.95568e-05
-1.06629e-05
0.000337326
-0.00203394
-0.00203434
-0.0018293
-0.000672231
0.00115788
1.54334e-05
-5.44755e-05
0.000755615
4.94551e-06
-4.31768e-07
-4.29373e-07
4.95448e-06
-8.68567e-09
-2.24561e-05
-2.16751e-05
-4.86391e-09
-5.40887e-06
0.000296661
-0.000237487
0.000205194
0.00142079
-0.00473771
-0.0017332
-0.000813537
-0.000201865
-0.000156598
-0.000157297
-0.000202155
2.53702e-06
1.60333e-05
1.68275e-05
2.50286e-06
0.00124595
0.000321121
0.000248504
0.000674035
0.0362991
0.00468865
0.00378417
0.0330395
0.00322382
0.00131134
0.00101196
0.00303203
-1.35926e-05
0.000149409
0.000216679
4.17716e-05
-0.000251816
0.00125791
0.00135448
-0.000130682
-1.24828e-06
0.00303414
0.00303816
-3.09758e-06
0.0139354
-2.61962e-05
-0.000216663
0.0107103
-5.75956e-05
0.000291474
0.000336958
-9.237e-06
0.00156926
-0.00137154
-0.000769713
-0.00287435
-5.75891e-05
0.00107222
0.000743418
-0.000100149
-0.000133792
-0.000305296
0.00017113
-7.91751e-06
-0.005242
0.0014016
-0.000489436
-0.00241391
0.000325028
0.000124263
0.00026489
0.000772339
0.0220725
0.0040178
0.00527619
0.028553
0.0110395
0.00256431
-0.00159241
0.00527968
0.0792164
0.0102686
0.0012003
0.0153408
4.69164e-05
0.00108584
0.00106757
0.003276
0.00291656
-0.000533401
-0.00400577
0.00137443
0.0161351
0.0134131
-0.0140409
0.0759305
0.00548521
-0.000806996
0.00245487
0.00835665
-0.000310938
-0.00248136
-0.000406028
3.64231e-05
0.0744841
0.0792711
-0.00651127
-0.00144593
0.000611634
0.00188856
0.00156555
0.000955933
0.00524066
-0.000547076
-0.000774202
0.00192464
-3.74171e-06
-0.000164168
0.00258163
0.00159648
-0.0008657
9.48244e-05
-0.000702957
0.00689953
0.0093589
0.0064605
0.00146034
0.00556237
0.00188275
-0.00378506
0.00172409
0.00417364
0.00502721
0.00752972
0.000253717
-0.0016041
0.00409624
0.00629951
0.00139854
0.000641246
0.0109527
0.00597106
-0.00165633
0.0027922
0.00686244
0.000974956
-0.00412817
0.00219498
0.00415269
-0.00246209
-0.00127756
0.00174201
0.0802141
0.0160631
0.00147756
0.00786233
0.00765796
0.00329236
0.0010597
0.00548695
0.00311109
0.00110692
0.000372783
0.00412104
0.00167619
-0.00175532
-0.00011619
0.00872279
0.00450642
0.00399512
0.0018675
-0.00171061
0.00206812
0.000705832
0.00146322
0.00301029
-0.000534913
0.00622063
-0.000586126
9.35213e-05
0.000374563
0.00111062
0.00135177
-3.84362e-05
0.0036991
0.00262526
-0.0010507
0.000767149
0.014906
0.0764701
-0.0160482
0.0057641
0.0741931
-0.000699702
-0.00384229
0.0795796
0.00118121
0.000679057
0.00172383
-0.00455232
0.00558067
0.00518834
0.00286806
-0.0026172
0.00689328
0.00358608
-9.18529e-05
0.00480455
0.00287511
4.67766e-06
-4.2064e-05
0.00316802
0.000359591
0.000362538
-0.000364359
-0.000608304
0.00729026
0.00519191
-0.000928806
0.00108555
0.00683445
0.00460209
-4.45861e-05
0.00358946
0.00762349
0.00105657
-0.000949296
0.0053827
0.000356251
-0.000662575
-0.000656086
0.000353695
0.00287004
0.00315572
4.25372e-07
6.66509e-07
0.0196094
0.00427163
0.000600612
0.0093049
0.00341
4.93771e-06
4.93148e-06
0.00347665
-5.68823e-06
-5.84287e-06
-4.31127e-07
-4.28324e-07
0.00622402
0.00694843
-5.36682e-06
-7.5503e-06
0.0196395
0.00918636
0.000600389
0.00427503
0.00609981
-5.91584e-06
-5.12096e-06
0.00690837
-5.37412e-06
-3.80332e-07
-4.50177e-07
-5.43043e-06
0.00341098
0.00348186
5.011e-06
4.84378e-06
0.0100179
0.0124723
0.00101055
0.00501879
0.018896
7.23083e-05
0.000137137
0.0166549
0.00118613
0.000132344
0.00394188
0.00368877
0.0057361
0.00613649
0.00304758
0.00029654
0.0338168
-0.0120457
-0.00182896
0.0264516
-0.0346924
0.00325301
0.00513658
-0.0330462
0.000254882
0.00378879
0.00466795
0.00025465
0.0220815
0.0238174
0.00149411
-0.000670865
0.0395527
0.0314165
0.00203576
0.00279964
0.0277542
0.000410011
0.000346565
0.0289275
0.00100775
0.00165028
0.00377021
0.00354008
-0.0349416
-0.0335621
0.00496678
0.00326718
0.0175187
0.0068881
-4.68479e-05
0.0188058
0.00689926
0.00121854
0.00372786
0.00783789
0.00117358
0.00351007
0.00396255
9.80884e-05
0.0255561
0.0239844
0.000929848
0.000494953
0.0130582
0.00746572
0.00600467
0.0167871
0.024846
0.0064365
0.0124552
0.0046315
0.00717519
0.00883743
-0.000549395
0.0131413
0.0317352
0.0241776
0.0079383
0.00415942
0.00790594
0.0124983
0.00266962
-0.0170188
0.00443733
0.0220247
0.0366217
0.00928323
0.0426715
0.0578575
0.0716931
0.000494709
0.0660419
-0.0363266
0.000430187
0.073704
0.00492912
-0.0115862
0.00360626
0.0133091
0.0530457
0.0516614
-0.0273754
-0.0555285
0.0434703
0.000852109
0.0714935
0.0513537
0.00570995
0.0104024
0.0380762
0.0201252
0.0131653
0.016513
0.00463448
0.00721586
0.0316204
0.00417563
0.00680307
0.0238253
0.00704185
0.0119329
0.000195803
0.0104193
0.0275061
0.00602157
0.0112706
0.00678248
0.00455855
0.00369225
0.000233886
0.000193983
0.00223812
0.000183836
0.000213625
0.00294826
0.00155093
0.00269122
0.0150726
0.0129177
0.0015095
0.00508832
0.0108957
0.00133606
-0.0106204
-0.00271818
0.000202527
0.000455974
-0.00393537
-0.00323111
0.00942651
0.00865387
0.000350953
0.0113041
0.0104377
-0.00144164
0.00163689
0.00113151
0.000195199
0.000211909
0.00432196
0.00886788
0.00291702
0.00299818
0.00973186
0.000891862
0.0019595
0.0090913
0.00102133
0.00102216
3.17811e-05
0.000354375
0.000684651
-0.00493619
0.00107022
0.000614664
0.000632513
-3.56725e-05
-0.000193537
0.00698487
0.000640197
0.000583901
0.000577245
0.000593326
0.000721434
0.000282841
0.00108648
0.0016945
0.0108099
0.0114935
0.00110956
0.000584872
0.00443192
0.000108034
2.31888e-05
0.00362144
0.00380178
0.00322317
0.00826893
0.00209214
0.00145571
0.013038
0.0143519
0.00315176
0.00225324
0.00295967
-1.4131e-05
-7.68853e-05
0.00362832
0.00442626
0.000729838
0.000345327
0.00786156
0.000529699
0.000847515
0.00694604
0.000558885
0.00141984
0.000773505
0.000171211
0.00043042
0.000101726
2.50533e-05
0.00044416
-0.00294842
0.000806454
0.00207631
0.00037074
0.000821216
0.000626844
0.00118519
-0.00228052
0.000919599
0.000313322
0.000100689
0.00085726
0.00557091
0.00318787
0.00120782
0.000890936
-0.0143561
0.000334613
-8.5039e-05
-0.00611852
0.00152599
-0.000143464
-0.000235861
0.000887227
0.00160986
-0.000257862
0.0100466
0.0113529
-0.00369763
0.00869427
0.00924007
-0.00235866
0.0167171
-0.000238831
-0.000167274
0.0185812
2.365e-05
4.50107e-07
0.000224325
0.000194126
-3.34108e-05
0.000303204
0.00024343
-1.08352e-05
0.0221802
0.020426
-9.54828e-05
-3.34932e-05
0.0165219
0.0184217
-0.000169402
-0.000242196
0.0220749
-3.21843e-05
-9.53021e-05
0.0203024
-3.30588e-05
-1.08875e-05
0.00024306
0.000302347
2.31141e-05
0.000191889
0.000222311
-3.8422e-08
0.0242187
-5.04843e-05
-1.30378e-05
0.0282302
-0.000326428
-0.000157539
0.000372493
0.000314042
-5.5717e-05
0.000325089
0.000348818
-7.83586e-05
0.0240803
0.0261296
-1.05103e-05
-8.0022e-06
0.0243779
0.0282988
-1.52911e-05
-5.52908e-05
0.0241776
-9.14509e-06
-1.22305e-05
0.0262042
-5.60612e-05
-7.86945e-05
0.000348997
0.000325611
-0.000326551
0.000313051
0.000372468
-0.000157761
0.0286692
0.0413238
0.00431441
0.00640314
0.0051362
0.0484305
0.0185181
0.00477379
0.010756
1.10567e-05
0.0038358
0.0144322
0.000917484
0.00451034
0.00361644
0.000407388
0.0033605
0.0327157
0.0374174
0.00939429
0.00233607
-7.47152e-05
0.00324261
0.00463272
-4.71201e-05
0.00419703
0.00498301
0.00115673
0.00724976
0.00838593
0.0367433
0.0333215
0.0114616
0.0124923
0.0208913
0.0248339
0.0141187
0.0234604
0.0222047
0.0143258
-7.98986e-05
0.00126569
0.00536217
0.00441155
0.00230944
0.00469539
0.00337906
0.000254107
0.0348678
0.00453536
0.0036223
0.0333835
0.000713711
0.000387112
0.00390225
0.00419328
0.0103264
0.0161818
0.0048433
2.25656e-05
0.0132232
0.0132339
0.0149532
0.0363474
0.0194829
0.0318322
-0.00331367
0.0344204
0.0298676
0.000424669
0.00231956
0.0319399
-0.00361427
-0.00238228
0.00563917
0.00322914
-0.00396914
0.00849375
0.0016229
-0.00614257
0.00301948
0.00763098
-0.00144055
0.00395379
0.00738519
-0.00155789
0.00729266
0.0108225
4.5992e-05
-6.3212e-05
0.00393126
-0.00317241
0.0175913
0.011964
-0.00177945
-0.00140994
0.0108335
0.000108947
0.00479161
0.022481
0.000183398
0.00391592
0.0049009
0.00287201
0.0100331
0.000976685
-4.71549e-05
-1.73927e-06
0.0237535
0.0228671
0.00163671
0.00213276
0.00320032
0.00258656
0.00329906
0.000101909
0.000649122
-0.00525279
0.000321222
0.000607824
0.00537593
-0.00482742
-0.00311761
0.00681956
0.00048995
0.00152794
0.003538
0.00339683
0.0178231
0.029834
-0.00320395
0.0326337
-0.00396642
-0.0061718
0.0015031
0.00829422
-0.00371696
0.003315
0.00572054
-0.00251152
0.030317
0.031968
0.00245472
0.000386621
0.00100293
0.000149502
0.0029358
0.00210378
0.00114152
0.00282694
0.00323791
0.0014594
0.00520753
0.00661318
-0.00337265
-0.00485504
0.000698592
0.000335522
0.000143868
-0.00560351
0.0111991
0.0225961
0.00422209
-0.000166927
0.0245969
0.00177793
0.00129934
0.0233129
0.00942986
-0.00177648
-0.000204406
0.000537404
0.00171949
0.0027233
0.00441884
0.00332663
0.00287622
0.0040619
-0.00202343
0.00784623
0.0207002
-0.000733809
-0.000973935
0.0144451
2.24098e-05
-0.000834503
0.00424735
0.000316634
0.0082945
0.0107561
0.00732285
-0.00247547
0.0447779
0.0120757
-0.026249
-0.0103194
0.00396448
-4.59194e-06
1.10784e-06
0.00391449
-6.25681e-06
1.2019e-06
1.40249e-05
8.45651e-06
0.00411864
-0.000831523
-0.0142925
-0.00386706
0.0445211
-0.00755986
-0.0177451
0.0119389
0.00466294
0.00302983
-0.0061049
0.00158363
-3.22021e-06
9.97547e-06
1.65776e-05
7.60794e-06
0.00396499
0.00391637
2.5371e-06
-9.91243e-07
0.0130687
0.0115435
-0.000796099
0.00916694
0.00937152
0.000322592
0.000272079
0.00955073
-0.000495438
-0.000704855
0.000191399
0.000606704
0.00520568
0.0066794
0.00605194
0.0054737
0.0132592
0.0112551
0.00281644
0.0115746
0.00329746
-0.00178193
-0.00171388
0.0024055
-0.000522924
0.000693207
0.000496321
-0.000835026
0.00948627
0.00968327
5.32947e-05
0.000247315
0.0114854
0.0129738
0.031538
0.043566
0.0199199
0.00371211
0.00730047
0.0105706
0.000937052
0.000130047
0.00082374
0.00122115
0.000300329
0.00340647
0.00487967
0.00321616
0.0156377
0.00227372
0.000608201
0.0345003
0.00158183
0.00011845
8.75073e-05
0.00196472
8.70346e-05
0.000174945
0.000857495
0.000889994
0.0373163
0.0437917
0.00215705
0.0021622
0.0164531
0.0352468
0.000464445
0.00198382
0.0363231
0.00227421
0.0027244
0.0440405
-1.60413e-05
0.000773104
0.0010072
0.000444971
0.00146954
0.00187193
9.36709e-05
2.6235e-05
0.0091994
0.04369
0.0330195
0.0123797
9.74847e-05
0.00316019
0.00499816
0.00228684
0.000806596
0.00165632
0.00137897
-4.03023e-06
0.0180639
0.00899229
0.00447679
0.00253978
0.00807123
0.00241044
0.015351
0.0282531
0.00197241
0.0133801
0.0148207
0.00143685
0.0286662
0.0140919
0.0110136
0.0119474
0.0125833
0.0340607
0.0115047
0.00187914
0.00824818
0.028278
0.0157371
0.00275702
0.012688
0.00235525
0.0129142
0.0351011
0.0294117
0.0121951
0.0116819
0.0150143
0.00285163
0.00272953
0.014709
0.0132964
0.00235872
0.00119285
0.00261481
0.00277239
0.00297456
-0.0261428
-0.0367746
0.00133681
-0.0140439
-0.0139483
-0.0172399
-8.11597e-05
0.000166834
0.00113327
0.00105655
0.00113511
0.00265476
0.00267596
0.0029166
0.00129746
0.000811567
0.00175692
0.00185757
0.00166637
-0.0142506
0.000180892
-0.0162243
-0.0138243
0.00123074
-0.000509403
-0.0349733
-0.0255353
