-0.745
0.375
-2.05148
-0.745
0.435
2.19116
-0.755
0.935
-1.9955
-0.555
1.595
1.96328
0.745
0.375
-2.0515
0.745
0.435
2.19115
0.755
0.935
-1.99552
0.555
1.595
1.96328
0.051582
0.19404
0.0780605
0.0521535
0.0515644
0.193984
0.0779871
0.0521619
-0.0160814
0.0201174
0.098507
0.200562
0.102562
0.0246612
-0.0154521
-0.0267926
0.0110379
0.0708359
0.170944
0.060428
-0.0156876
-0.0523189
-0.0292203
0.0128218
0.0671792
0.0732726
0.019977
-0.0516325
-0.0949454
-0.016484
0.0177298
0.0394682
0.013224
-0.0387558
-0.0836372
-0.122637
-0.0266467
0.00702418
0.0862496
0.213654
0.0708857
-0.00261038
-0.0339062
-0.0364505
-0.0463327
-0.0721628
-0.0377366
-0.0712785
-0.111221
-0.0187361
0.0177056
0.0410937
0.00865673
-0.0477493
-0.0930984
-0.131557
-0.0266595
0.0070144
0.0862278
0.213613
0.0708701
-0.00262358
-0.0339216
-0.0364603
-0.0463414
-0.0721763
-0.037748
-0.0712853
-0.111233
-0.0187609
0.0176768
0.0410629
0.00863766
-0.0477622
-0.0931116
-0.131571
-0.0161142
0.0200833
0.0984584
0.200498
0.102521
0.0246291
-0.0154851
-0.0268229
0.0110041
0.0707849
0.170882
0.0603947
-0.0157138
-0.0523487
-0.0292546
0.0127778
0.0670999
0.0732453
0.0199557
-0.0516539
-0.0949722
-0.0165344
0.017673
0.0394099
0.0131838
-0.0387851
-0.083666
-0.122667
0.0263286
0.0874073
0.0999045
0.150192
0.019248
0.113235
0.15754
0.0669585
0.0215117
0.0433854
0.0265748
0.101224
0.150172
0.0635958
0.0669475
0.0433822
0.153367
0.132981
0.142201
0.185107
0.222588
0.0727014
0.333808
0.302923
0.153366
0.13298
0.185095
0.0727463
0.145681
0.145657
0.106275
0.120387
0.254426
0.158164
0.15816
0.175801
0.400983
0.196117
0.196107
0.204453
0.191837
0.122523
0.0281795
0.0864629
0.0811366
0.108382
0.00434426
0.0507009
0.0190653
0.142264
0.05896
0.101195
0.0179955
0.0302897
0.0864757
0.0281762
0.0873797
0.00437799
0.108433
0.050374
0.142333
0.0190854
0.05891
0.0180151
0.101229
0.0302559
0.105792
0.145763
0.117496
0.153574
0.111326
0.160969
0.160457
0.220496
0.0491323
0.133886
0.0746927
0.296214
0.0505159
0.151959
0.0630119
0.306275
0.105371
0.153553
0.145763
0.117641
0.0739907
0.22051
0.160969
0.160458
0.0491386
0.296202
0.133876
0.0747548
0.050513
0.306501
0.151951
0.0630151
0.123597
0.226189
0.102462
0.261825
0.143315
0.121709
0.199935
0.132761
0.146356
0.0690283
0.18221
0.115059
0.161142
0.278231
0.14098
0.129674
0.136172
0.0917353
0.133653
0.186145
0.123625
0.226739
0.14348
0.121888
0.199921
0.13276
0.174886
0.168841
0.140972
0.130291
0.133648
0.186448
0.14074
0.184965
0.146295
0.145607
0.126465
0.158877
0.171198
0.205068
0.194722
0.215002
0.146893
0.405731
0.165809
0.42926
0.354982
0.249155
0.140785
0.184969
0.145953
0.145617
0.17118
0.203359
0.146899
0.40574
0.120083
0.14864
0.130861
0.104896
0.120196
0.104907
0.131421
0.148731
0.0970785
0.0971848
0.142347
0.141441
0.14438
0.131362
0.131346
0.14435
0.216971
0.187028
0.187042
0.21729
0.129019
0.150697
0.150688
0.139676
0.129268
0.13968
0.150684
0.150696
0.16927
0.169263
0.197097
0.197086
0.432334
0.360423
0.360656
0.432375
0.192329
0.136515
0.133242
0.146786
0.190199
0.146781
0.133244
0.136418
0.165355
0.188383
0.141953
0.07077
0.242654
0.127019
0.12743
0.242655
0.0690896
0.0690879
0.0982287
0.098226
0.0237106
0.0387584
0.0455315
0.0866639
0.00322539
0.0275509
0.0126678
0.0760753
0.0425888
0.0562534
0.0137592
0.0236918
0.0391717
0.0237616
0.0452349
-0.0045496
0.0861863
0.0274301
0.0760937
0.0126609
0.0422894
0.0136411
0.0564244
0.023668
0.123499
0.141963
0.105559
0.155567
0.110859
0.16475
0.187349
0.220626
0.0439148
0.108793
0.0756282
0.232272
0.0522585
0.102061
0.0562408
0.269922
0.123976
0.155449
0.141963
0.105552
0.0738347
0.220621
0.164776
0.187344
0.0445139
0.232275
0.108797
0.0756776
0.0522493
0.269924
0.102055
0.0562554
0.0274587
0.0219152
0.0887324
0.157511
0.0871448
0.0871047
0.0953381
0.260423
0.0929593
0.102613
0.141281
0.115733
0.12049
0.132025
0.20368
0.138187
0.00511001
0.00484474
0.115458
0.12837
0.0806248
0.116207
0.151787
0.153975
0.154344
0.154315
0.166368
0.193539
0.0684549
0.0610369
0.116827
0.097871
0.0197874
0.0197961
0.108339
0.0591446
0.0368635
0.047471
0.0915491
0.178633
0.0275164
0.0218932
0.089633
0.157763
0.0950236
0.102655
0.141643
0.116001
0.120484
0.132541
0.203672
0.137592
0.0641239
0.0650596
0.142456
0.189431
0.068408
0.0610839
0.117002
0.0978733
0.0368635
0.0474753
0.0915455
0.177947
0.149567
0.157166
0.127067
0.187455
0.126333
0.142424
0.12631
0.139313
0.148153
0.148548
0.131403
0.150046
0.172809
0.184545
0.178539
0.185022
0.225338
0.227939
0.204163
0.217281
0.0738108
0.0697394
0.110087
0.318537
0.324254
0.324229
0.252292
0.408399
0.305131
0.305149
0.328972
0.276129
0.149566
0.157166
0.127065
0.187444
0.126344
0.142424
0.126301
0.13932
0.172801
0.18454
0.178534
0.184981
0.0738094
0.0697448
0.110107
0.318551
0.134477
0.147137
0.154352
0.156194
0.134487
0.147231
0.154348
0.156186
0.102462
0.116765
0.115759
0.116268
0.151574
0.123997
0.124035
0.0964143
0.248905
0.229033
0.201707
0.248513
0.150528
0.152296
0.164668
0.168005
0.150521
0.152299
0.164661
0.167998
0.183046
0.167707
0.185879
0.183961
0.405339
0.41802
0.381018
0.405333
0.192345
0.202796
0.169865
0.211562
0.19233
0.199146
0.169859
0.211571
0.177243
0.200351
0.202005
0.212678
0.164005
0.188742
0.189439
0.221246
0.131072
0.0842344
0.117149
0.130937
0.102143
0.14137
0.0928947
0.22597
0.120869
0.0987948
0.145246
0.0692826
0.0464742
0.115198
0.10151
0.0658981
0.0734182
0.133205
0.150655
0.158957
0.0901604
0.105583
0.137255
0.10158
0.0987813
0.0604446
0.0883692
0.12106
0.09293
0.225979
0.102196
0.15034
0.121957
0.0996972
0.0506408
0.115171
0.143921
0.0680739
0.100486
0.0741844
0.150659
0.158053
0.073457
0.133183
0.0900747
0.105661
0.0989772
0.0605759
0.137265
0.101614
0.0883728
0.120335
0.144383
0.133426
0.12024
0.176021
0.121973
0.123258
0.15039
0.161413
0.160026
0.157143
0.133045
0.197104
0.155522
0.19281
0.203147
0.190691
0.111196
0.0769828
0.13147
0.136245
0.108595
0.330742
0.214337
0.37753
0.100476
0.234732
0.152256
0.149886
0.109775
0.298279
0.333272
0.274984
0.144375
0.133449
0.148319
0.161412
0.120236
0.175956
0.122014
0.12351
0.155368
0.189971
0.203158
0.193593
0.133042
0.197146
0.155522
0.191391
0.111199
0.083731
0.214334
0.377529
0.131481
0.136251
0.108596
0.330754
0.100487
0.234732
0.333605
0.275001
0.152257
0.149886
0.109772
0.298293
0.117874
0.128072
0.188567
0.185393
0.103586
0.10575
0.243624
0.243597
0.13205
0.148135
0.108706
0.132329
0.177962
0.174701
0.10897
0.128958
0.14468
0.145129
0.0714094
0.07172
0.191325
0.181077
0.140589
0.0888659
0.152822
0.152821
0.197801
0.198564
0.134062
0.133737
0.1412
0.0936278
0.131501
0.132211
0.094842
0.0948398
0.132894
0.142009
0.215297
0.156582
0.117906
0.128111
0.185363
0.1886
0.132199
0.148274
0.108843
0.134422
0.174695
0.176139
0.108968
0.129032
0.185804
0.175268
0.184133
0.167843
0.133914
0.133952
0.093744
0.141721
0.142115
0.132892
0.156943
0.215483
0.134802
0.145756
0.177116
0.191029
0.154744
0.128763
0.138418
0.155615
0.133281
0.13403
0.165903
0.166288
0.161484
0.17641
0.213532
0.179168
0.199718
0.196961
0.215678
0.215571
0.148755
0.143608
0.424207
0.385784
0.158594
0.157687
0.434932
0.434865
0.358441
0.358456
0.246005
0.246006
0.135026
0.145754
0.177117
0.191038
0.128445
0.15466
0.138434
0.155605
0.176404
0.161473
0.211721
0.179158
0.143602
0.14879
0.385794
0.424208
0.102214
0.13116
0.133054
0.10021
0.122714
0.121683
0.152111
0.143455
0.108597
0.11469
0.157916
0.134322
0.0689422
0.0794149
0.141313
0.110313
0.102715
0.100496
0.133022
0.131855
0.0689529
0.110318
0.141311
0.0795105
0.108573
0.134313
0.157912
0.115471
0.122726
0.143528
0.152178
0.121709
0.0874206
0.0957136
0.108327
0.107099
0.0877818
0.107674
0.109046
0.0961091
0.165674
0.138851
0.12441
0.126169
0.165732
0.125978
0.125428
0.13987
0.105129
0.103201
0.14614
0.158635
0.157614
0.243337
0.0960059
0.0871297
0.157405
0.0871245
0.0967137
0.243069
0.105215
0.158637
0.14752
0.103253
0.149699
0.157087
0.212777
0.249643
0.121189
0.175412
0.203825
0.141829
0.121351
0.141816
0.203915
0.17544
0.1497
0.249646
0.212754
0.157119
0.113838
0.123734
0.14458
0.132375
0.137061
0.167218
0.156104
0.130085
0.105383
0.109339
0.172231
0.180475
0.108031
0.149007
0.163135
0.109343
0.113833
0.132389
0.144591
0.123731
0.108068
0.109347
0.163133
0.149003
0.105376
0.180471
0.172229
0.109561
0.137057
0.130083
0.156095
0.167211
0.165794
0.157027
0.175187
0.181738
0.165703
0.1817
0.175125
0.157449
0.20332
0.20785
0.19188
0.192295
0.203255
0.192279
0.190003
0.204276
0.314944
0.323636
0.423158
0.398794
0.285609
0.331835
0.384916
0.308246
0.285591
0.308258
0.384924
0.331852
0.316227
0.398793
0.423095
0.323644
0.170629
0.155909
0.210283
0.206971
0.0944449
0.184474
0.184708
0.143859
0.0861675
0.0899653
0.172342
0.177083
0.101953
0.202977
0.17633
0.0959903
0.169674
0.206015
0.207526
0.152188
0.101952
0.0959876
0.17633
0.202976
0.0861457
0.177072
0.172324
0.0899606
0.0937452
0.137035
0.179511
0.183731
0.158892
0.22026
0.211383
0.153006
0.230674
0.187114
0.211762
0.219812
0.0373223
0.1139
0.175165
0.108053
0.0375842
0.102563
0.177097
0.0603501
0.251917
0.206679
0.2183
0.275566
0.0912898
0.103617
0.159936
0.150091
0.0910799
0.149034
0.160974
0.103787
0.251924
0.275631
0.218491
0.206493
0.102424
0.122465
0.0862464
0.109735
0.102413
0.109046
0.08652
0.122468
0.0613587
0.0598929
0.12267
0.130936
0.0613529
0.130922
0.123274
0.0598943
0.0154193
0.0247522
0.011684
0.0494529
0.00352745
0.0166237
0.00914908
0.037057
0.0222294
0.0286549
0.00969097
0.0191788
0.0250559
0.0153803
0.0119493
0.00353856
0.0494923
0.0161192
0.0377046
0.00921906
0.0221359
0.00969798
0.028458
0.0190423
0.136503
0.140064
0.0909455
0.156599
0.109623
0.16458
0.187559
0.220703
0.0753336
0.0934055
0.0761722
0.181775
0.0503754
0.0771227
0.0541997
0.165624
0.136503
0.156465
0.140063
0.0909324
0.0733341
0.220692
0.166671
0.185472
0.0753416
0.183683
0.0934313
0.0761796
0.0503764
0.165615
0.0771243
0.0541976
0.0270126
0.0248654
0.0620419
0.106421
0.088189
0.0881005
0.0940281
0.219013
0.0965338
0.100437
0.117517
0.115305
0.139277
0.141535
0.203539
0.138453
-0.0613496
-0.061347
0.0954706
0.104335
0.114945
0.112343
0.131692
0.153008
0.156065
0.156054
0.165958
0.212276
0.0693025
0.0641928
0.093527
0.0873339
0.0206837
0.0206871
0.0890961
0.0402365
0.0401513
0.0460102
0.0680496
0.163931
0.0270657
0.0250173
0.0605209
0.107256
0.0967496
0.100493
0.120258
0.115596
0.139254
0.141599
0.203521
0.138436
0.0641536
0.062035
0.126676
0.187866
0.0692154
0.0641684
0.096125
0.0873211
0.0401246
0.0460118
0.0680499
0.163931
0.151467
0.155266
0.108209
0.188716
0.133187
0.137892
0.129554
0.13617
0.146132
0.14442
0.134347
0.145631
0.179188
0.189572
0.182002
0.184681
0.225477
0.222844
0.208881
0.218438
0.073266
0.0714244
0.0914335
0.196586
0.330057
0.330013
0.294212
0.37123
0.304128
0.304138
0.31596
0.289511
0.151466
0.155266
0.108217
0.188688
0.13655
0.13788
0.12955
0.136172
0.179183
0.189557
0.181989
0.184672
0.0732742
0.0714225
0.0914342
0.196591
0.138691
0.146773
0.151727
0.150926
0.13869
0.146814
0.151717
0.15092
0.106451
0.112212
0.110222
0.10913
0.144241
0.122212
0.122274
0.101729
0.251871
0.248843
0.251048
0.25186
0.15439
0.155258
0.161398
0.163747
0.154388
0.155318
0.16139
0.163747
0.181531
0.172123
0.181227
0.178129
0.403246
0.410302
0.391432
0.403241
0.187339
0.210773
0.180649
0.203915
0.187303
0.207781
0.180633
0.203769
0.19228
0.205047
0.203229
0.211502
0.177921
0.190193
0.190728
0.206542
0.12687
0.11789
0.122368
0.127055
0.0259504
0.0285868
0.0694285
0.0832239
0.0690907
0.0866835
0.0921147
0.191012
0.0798922
0.0899781
0.0902969
0.0967882
0.104619
0.105317
0.143121
0.0693045
0.00402013
0.00470769
0.0254681
0.0892779
0.0384342
0.0623623
0.0793199
0.0617618
0.016955
0.0191075
0.056191
0.0826793
0.131395
0.149645
0.150101
0.177318
0.0512882
0.0633573
0.0761307
0.0973153
0.0827501
0.117192
0.138317
0.102711
0.0171053
0.0188846
0.0812619
0.039179
0.0269943
0.0335602
0.0598033
0.116344
0.0690831
0.0866739
0.0921131
0.191071
0.025974
0.0286693
0.0695235
0.0835239
0.0849492
0.0902719
0.0968835
0.0981293
0.00402556
0.00468422
0.028609
0.0892809
0.104622
0.105338
0.142588
0.0670566
0.0383811
0.0588451
0.0786307
0.0642486
0.131595
0.149612
0.150086
0.178687
0.0166689
0.0192378
0.0561751
0.0826832
0.0512164
0.0632157
0.0761073
0.0972958
0.0171313
0.0188979
0.0812533
0.0391782
0.0827546
0.117239
0.138325
0.102732
0.0269959
0.0335651
0.0598132
0.116162
0.177913
0.105259
0.123721
0.13167
0.14386
0.147659
0.10362
0.179423
0.0994052
0.123664
0.116786
0.120377
0.154535
0.151625
0.152729
0.157488
0.110393
0.11585
0.141913
0.157263
0.162873
0.159066
0.11251
0.197117
0.188681
0.165313
0.157989
0.193481
0.220541
0.224959
0.206181
0.203342
0.0399368
0.056197
0.0937728
0.061673
0.121938
0.144202
0.132864
0.135041
0.0752625
0.0742677
0.0916182
0.205027
0.273927
0.312944
0.255626
0.335508
0.0524608
0.04862
0.0756128
0.201325
0.12702
0.172638
0.153025
0.150746
0.0587382
0.0672257
0.0874234
0.17915
0.304497
0.306219
0.319744
0.290664
0.177899
0.105285
0.12387
0.131626
0.154533
0.150724
0.152417
0.157487
0.143859
0.147659
0.103616
0.179423
0.0995436
0.123595
0.116844
0.120606
0.0700319
0.0681521
0.137735
0.1978
0.221245
0.22323
0.206189
0.202417
0.162873
0.159066
0.112509
0.197142
0.18867
0.165329
0.15799
0.192556
0.0398938
0.0561917
0.0937742
0.0616411
0.273924
0.312923
0.255588
0.335529
0.121051
0.144196
0.132857
0.135049
0.0752637
0.0742667
0.0916171
0.205027
0.0524601
0.0485904
0.0756156
0.201326
0.305394
0.306239
0.320014
0.290784
0.12701
0.172626
0.153023
0.150738
0.0587277
0.0672319
0.0874245
0.179132
0.116331
0.130491
0.124205
0.12368
0.201375
0.239174
0.22939
0.223476
0.0985488
0.102495
0.103035
0.103685
0.261666
0.224811
0.253145
0.253021
0.146574
0.143309
0.136133
0.145863
0.11956
0.120789
0.1153
0.126101
0.201984
0.197408
0.190647
0.187412
0.135805
0.132398
0.12467
0.135779
0.130487
0.16219
0.145516
0.146415
0.0587012
0.080866
0.0720584
0.0720401
0.1694
0.194277
0.189134
0.182054
0.114361
0.180478
0.128256
0.10244
0.163727
0.158558
0.157066
0.157066
0.228555
0.247145
0.268288
0.269067
0.129159
0.155101
0.13747
0.139026
0.12956
0.126604
0.137503
0.101285
0.122255
0.150088
0.133943
0.13445
0.0780973
0.103681
0.0933248
0.0933236
0.112701
0.155983
0.132705
0.137921
0.183682
0.187435
0.200721
0.171364
0.116413
0.130511
0.124243
0.123713
0.201396
0.240235
0.223351
0.229706
0.146812
0.143437
0.136297
0.14601
0.11981
0.121047
0.115486
0.126258
0.201958
0.19742
0.187403
0.189714
0.135438
0.132504
0.124557
0.135778
0.158855
0.189482
0.182712
0.175556
0.175164
0.196654
0.170824
0.174094
0.129145
0.155081
0.139063
0.137476
0.129755
0.127892
0.101282
0.137482
0.112698
0.156011
0.137914
0.132702
0.183236
0.188137
0.171696
0.201007
0.120846
0.146667
0.137769
0.143249
0.186193
0.184742
0.181042
0.187997
0.123331
0.159768
0.155329
0.136543
0.142459
0.148834
0.142037
0.150769
0.128521
0.119147
0.127767
0.130918
0.154461
0.163292
0.163794
0.160374
0.174705
0.167995
0.166253
0.177135
0.192308
0.210646
0.217441
0.189171
0.199508
0.190523
0.195907
0.198278
0.216154
0.213848
0.216759
0.214262
0.128375
0.158066
0.147971
0.145559
0.402404
0.407458
0.416057
0.396195
0.209023
0.143821
0.162988
0.160727
0.427993
0.423653
0.432285
0.432249
0.341966
0.368
0.356836
0.356845
0.262642
0.235668
0.247652
0.247653
0.120897
0.146665
0.137906
0.143246
0.186193
0.183337
0.181043
0.188004
0.1233
0.159755
0.135552
0.155127
0.142469
0.148842
0.142053
0.150762
0.174699
0.167962
0.177112
0.166237
0.192084
0.210646
0.216246
0.189133
0.128397
0.158075
0.145555
0.147979
0.402412
0.407459
0.396185
0.41606
0.116974
0.124104
0.119673
0.127941
0.145937
0.141552
0.150309
0.15039
0.119968
0.131514
0.127841
0.129698
0.0884718
0.0965581
0.120529
0.121994
0.11706
0.124644
0.119759
0.128074
0.0885
0.0965751
0.120086
0.12199
0.124034
0.133265
0.127952
0.129696
0.145975
0.141727
0.150424
0.150468
0.0938736
0.0987159
0.0999965
0.102722
0.0939984
0.099271
0.100173
0.102843
0.138663
0.145225
0.13534
0.137559
0.138386
0.148007
0.1357
0.138603
0.14759
0.140585
0.148621
0.144077
0.110294
0.172829
0.0926198
0.146496
0.111206
0.172774
0.0986065
0.146408
0.147588
0.140531
0.148638
0.144084
0.197328
0.226081
0.187687
0.229779
0.183416
0.204055
0.183511
0.18849
0.204056
0.183458
0.188453
0.183526
0.226123
0.197312
0.229688
0.187931
0.111387
0.126139
0.1319
0.13514
0.128929
0.153055
0.148232
0.155805
0.151486
0.130232
0.165399
0.149911
0.137698
0.125818
0.150361
0.141617
0.111585
0.126389
0.132148
0.135123
0.137707
0.125824
0.150361
0.141635
0.151483
0.130234
0.165396
0.14991
0.128934
0.153055
0.14823
0.1558
0.172619
0.165338
0.17319
0.169036
0.165338
0.172618
0.166877
0.173191
0.200137
0.197089
0.196655
0.194072
0.197091
0.200125
0.194061
0.197743
0.421392
0.415157
0.429632
0.43772
0.356952
0.346753
0.373327
0.360164
0.347127
0.356953
0.360185
0.373328
0.415161
0.421461
0.437708
0.42964
0.175821
0.193748
0.191592
0.201884
0.142322
0.121645
0.161794
0.142749
0.135304
0.112173
0.154346
0.133054
0.12368
0.148651
0.144459
0.168342
0.173101
0.191644
0.188928
0.199106
0.123673
0.148644
0.144453
0.16834
0.135305
0.112178
0.154342
0.133055
0.141977
0.119641
0.158626
0.133945
0.130082
0.178019
0.152976
0.195153
0.185683
0.198653
0.185488
0.211683
0.0644576
0.0808106
0.143543
0.157225
0.0603677
0.0701974
0.144488
0.0802196
0.240045
0.258823
0.229519
0.244309
0.112781
0.125211
0.129123
0.141801
0.113204
0.125009
0.129838
0.142187
0.240268
0.258835
0.229519
0.24431
0.0689674
0.0457511
0.0920482
0.0697505
0.045749
0.0678569
0.0697365
0.0920484
0.0819839
0.10032
0.0963607
0.113505
0.100289
0.0819841
0.113487
0.0963563
0.0690534
0.0970377
0.0823059
0.135715
0.0876715
0.084865
0.0952826
0.0964667
0.0222667
0.0737057
0.0646479
0.0348019
0.0535832
0.069018
0.0964441
0.106993
0.0581415
0.0923499
0.0844461
0.061489
0.0747185
0.036068
0.0549481
0.087461
0.0825334
0.135654
0.0695537
0.097035
0.087488
0.0850701
0.0213955
0.0731981
0.0948866
0.0964195
0.0643964
0.0347244
0.0964526
0.10704
0.0536417
0.0690064
0.0581514
0.0923164
0.0747745
0.0361129
0.0847156
0.0615403
0.054951
0.0872536
0.113431
0.173883
0.100003
0.172522
0.106314
0.110182
0.16065
0.160681
0.14414
0.166
0.114943
0.201979
0.138778
0.169023
0.206331
0.157422
0.0937661
0.100053
0.108403
0.107837
0.0918296
0.209094
0.189104
0.276738
0.0771292
0.157212
0.103276
0.100718
0.080356
0.172435
0.277696
0.260622
0.113437
0.173853
0.160635
0.160678
0.100003
0.172521
0.106322
0.110176
0.144311
0.10823
0.206407
0.211446
0.114943
0.202031
0.138773
0.16852
0.0934157
0.100053
0.189103
0.276683
0.108399
0.107852
0.0918753
0.209103
0.0771369
0.157176
0.277701
0.261039
0.103277
0.100712
0.0803643
0.172431
0.0655962
0.10543
0.0579413
0.0943446
0.0946301
0.0847298
0.158429
0.156793
0.093313
0.210112
0.0935903
0.210142
0.0985022
0.0994256
0.255112
0.255113
0.104099
0.107872
0.119034
0.125457
0.133904
0.140161
0.112663
0.121038
0.183899
0.108473
0.178769
0.132455
0.198774
0.192584
0.126155
0.140495
0.0405714
0.0969177
0.0977005
0.0968998
0.114679
0.11512
0.125478
0.125481
0.128114
0.102753
0.138418
0.155425
0.154705
0.150597
0.151187
0.145073
0.158929
0.205591
0.158927
0.205561
0.162595
0.162596
0.176865
0.176894
0.0929042
0.0971052
0.0965117
0.0803498
0.115346
0.114438
0.100354
0.0954716
0.0855509
0.0397499
0.0855219
0.0397476
0.106083
0.106274
0.0595855
0.059587
0.0656932
0.14351
0.0717488
0.183851
0.0907477
0.0937575
0.192656
0.164371
0.0657117
0.105373
0.0578845
0.092177
0.094746
0.084783
0.156833
0.158486
0.10788
0.108483
0.119136
0.125657
0.134381
0.140227
0.113078
0.121239
0.183266
0.10844
0.17881
0.132612
0.192565
0.198321
0.125468
0.140492
0.122039
0.106831
0.135034
0.196234
0.149138
0.141426
0.1861
0.111719
0.0929332
0.0971077
0.098046
0.0803988
0.114438
0.116123
0.0955276
0.100578
0.0657085
0.143476
0.0717423
0.183851
0.0937565
0.090747
0.163444
0.192221
0.105922
0.18407
0.110258
0.192916
0.125317
0.128577
0.184596
0.189867
0.123915
0.129462
0.138288
0.145668
0.123984
0.13033
0.135869
0.144414
0.14296
0.15259
0.141917
0.152992
0.132752
0.136386
0.154949
0.151502
0.169994
0.177661
0.182509
0.182871
0.172499
0.183367
0.192959
0.190316
0.207897
0.222596
0.211924
0.221926
0.204631
0.206851
0.219817
0.216994
0.0914063
0.200894
0.0898785
0.189083
0.109769
0.109721
0.321276
0.313154
0.285104
0.361508
0.284996
0.361489
0.248519
0.247326
0.403952
0.403953
0.318482
0.290328
0.3185
0.290342
0.330472
0.330482
0.275944
0.275951
0.105922
0.184015
0.110259
0.192915
0.125314
0.128575
0.184596
0.189866
0.123934
0.129474
0.13828
0.145665
0.130319
0.123994
0.135884
0.14444
0.169987
0.175908
0.182504
0.182867
0.183365
0.172493
0.191522
0.190282
0.0914082
0.200897
0.0900067
0.189088
0.109725
0.109761
0.313166
0.321297
0.135505
0.137017
0.138902
0.149627
0.159971
0.146213
0.1553
0.16063
0.135547
0.137004
0.138935
0.149707
0.146206
0.159993
0.16062
0.155328
0.106835
0.104928
0.113688
0.118879
0.114244
0.11796
0.118257
0.121545
0.148925
0.150414
0.141177
0.1024
0.102477
0.143178
0.0963518
0.10565
0.24906
0.244306
0.220047
0.220031
0.203486
0.203658
0.244222
0.248895
0.147714
0.153333
0.148464
0.157743
0.160367
0.170399
0.170178
0.166133
0.147743
0.153321
0.148472
0.157748
0.170392
0.16036
0.166531
0.170176
0.179117
0.186525
0.172669
0.169247
0.187024
0.189856
0.179543
0.187907
0.415143
0.3956
0.420688
0.420623
0.382956
0.38296
0.395601
0.415141
0.182478
0.18393
0.208416
0.204306
0.171119
0.172772
0.219522
0.188892
0.183924
0.181088
0.205167
0.201043
0.172759
0.171114
0.217754
0.188956
0.176204
0.177582
0.209259
0.187351
0.209865
0.190024
0.21387
0.21168
0.162068
0.162589
0.203522
0.174248
0.175206
0.203965
0.219756
0.219948
0.11534
0.130376
0.0882343
0.0882158
0.138598
0.120097
0.11523
0.130244
0.103084
0.101328
0.1515
0.154722
0.0903299
0.093954
0.193759
0.239893
0.116131
0.128212
0.0918959
0.103484
0.120619
0.165779
0.0436105
0.0925065
0.0417346
0.0518105
0.108939
0.119418
0.0981845
0.120127
0.0506516
0.0798836
0.0718049
0.0755415
0.129305
0.138151
0.144127
0.154648
0.170962
0.168931
0.0794215
0.100327
0.105244
0.105501
0.114732
0.157176
0.0838145
0.116549
0.0962252
0.101206
0.0607252
0.060209
0.0877757
0.0891575
0.106199
0.135649
0.0905988
0.0940532
0.193764
0.239906
0.103353
0.101385
0.151577
0.154646
0.116965
0.129143
0.0926513
0.104205
0.0412544
0.112871
0.108794
0.119423
0.1197
0.164905
0.0421204
0.0916543
0.0972411
0.116639
0.0502153
0.112759
0.144105
0.154639
0.170964
0.167883
0.0718249
0.0755749
0.12931
0.138134
0.0794097
0.100332
0.105275
0.105524
0.0961809
0.101403
0.0608317
0.0602319
0.114746
0.157182
0.0838433
0.116561
0.0877867
0.0891622
0.105728
0.134684
0.146611
0.146305
0.160277
0.130978
0.116953
0.121816
0.170908
0.178879
0.124348
0.122769
0.105343
0.129401
0.159098
0.144942
0.163577
0.161182
0.165155
0.157478
0.160168
0.154481
0.135016
0.131595
0.20018
0.194692
0.133343
0.160537
0.183383
0.199526
0.203203
0.204394
0.138276
0.202254
0.106697
0.113626
0.115819
0.0769085
0.120515
0.138281
0.124323
0.147292
0.108272
0.108944
0.332613
0.326152
0.186157
0.229277
0.360289
0.394023
0.102453
0.0979596
0.260349
0.220704
0.130677
0.169002
0.126674
0.170228
0.108583
0.109726
0.292068
0.303136
0.331761
0.333146
0.281189
0.275294
0.146607
0.146357
0.160242
0.131054
0.159091
0.142657
0.163575
0.158584
0.116948
0.121812
0.170907
0.178879
0.124392
0.122875
0.105562
0.129363
0.161187
0.154221
0.205404
0.188604
0.203198
0.203461
0.210616
0.217287
0.135013
0.131593
0.200176
0.19469
0.133347
0.160528
0.181978
0.198266
0.10752
0.113714
0.115847
0.0760074
0.186267
0.229274
0.360084
0.393906
0.120504
0.13827
0.124338
0.147289
0.108281
0.108954
0.332644
0.326231
0.102663
0.0979549
0.260338
0.220704
0.331746
0.33317
0.281872
0.275308
0.130701
0.168999
0.126667
0.170227
0.108617
0.109739
0.292052
0.303144
0.12572
0.1138
0.10506
0.136865
0.200919
0.20224
0.196557
0.188323
0.0983268
0.105972
0.107461
0.0990569
0.210312
0.249463
0.249472
0.210308
0.135393
0.131677
0.148716
0.149019
0.11024
0.107861
0.129205
0.130904
0.182096
0.175057
0.17356
0.176073
0.105923
0.109374
0.130206
0.125732
0.12887
0.160148
0.162548
0.128607
0.0511745
0.0794592
0.0800153
0.0507938
0.175135
0.201868
0.189857
0.160443
0.190665
0.123423
0.101998
0.167311
0.151408
0.155743
0.155744
0.151407
0.226777
0.226181
0.226672
0.223993
0.122949
0.146204
0.139837
0.119907
0.138367
0.143389
0.0951203
0.0907608
0.11755
0.145719
0.146688
0.117999
0.0800877
0.108176
0.108098
0.0800881
0.112436
0.15366
0.162636
0.11885
0.212165
0.216788
0.158173
0.154449
0.113765
0.125664
0.136876
0.105891
0.188288
0.196567
0.202251
0.200989
0.131782
0.135782
0.14916
0.148819
0.108245
0.110515
0.129388
0.129349
0.175987
0.17352
0.172776
0.180733
0.108776
0.105979
0.125858
0.130223
0.200209
0.170121
0.153999
0.18355
0.175975
0.205904
0.173783
0.143322
0.119916
0.139841
0.146246
0.122954
0.0906151
0.0955516
0.144626
0.138428
0.118845
0.162616
0.153652
0.112435
0.154123
0.159067
0.21698
0.211976
0.116119
0.140858
0.151437
0.124888
0.176893
0.179406
0.191642
0.191242
0.130178
0.15623
0.144307
0.13064
0.1417
0.135504
0.15235
0.158963
0.135836
0.126764
0.127608
0.136808
0.161465
0.170342
0.170707
0.161868
0.164439
0.158628
0.174363
0.178438
0.211979
0.214832
0.195962
0.178623
0.203776
0.195749
0.193482
0.200596
0.217966
0.213552
0.213673
0.217711
0.129058
0.161847
0.174862
0.127286
0.415999
0.425873
0.386966
0.381878
0.200936
0.128172
0.117417
0.200341
0.429134
0.427616
0.428245
0.429003
0.34514
0.371648
0.371661
0.345157
0.23272
0.260816
0.260823
0.232721
0.140857
0.116322
0.124892
0.151428
0.179406
0.17518
0.189996
0.191641
0.130646
0.144393
0.156113
0.130944
0.13552
0.141703
0.15897
0.152352
0.178434
0.17436
0.158609
0.164432
0.213582
0.209705
0.178632
0.193388
0.127294
0.174842
0.161839
0.129218
0.381863
0.386972
0.425852
0.416089
0.0666602
0.0894669
0.120574
0.0683565
0.107823
0.138278
0.132427
0.101235
0.13969
0.131561
0.127492
0.135779
0.0638195
0.0681894
0.116091
0.120181
0.0920204
0.101359
0.143454
0.150465
0.131936
0.126082
0.138351
0.122766
0.15107
0.146019
0.151382
0.159449
0.117248
0.123079
0.15033
0.147766
0.0941203
0.0935087
0.12037
0.120404
0.0946582
0.125105
0.121537
0.0961384
0.156121
0.156944
0.133354
0.155077
0.133938
0.142282
0.134147
0.127012
0.0423008
0.0555969
0.0816935
0.0669673
0.0594216
0.1125
0.0963562
0.0570623
0.142898
0.150434
0.134279
0.13195
0.094836
0.0867953
0.110313
0.124542
0.0668035
0.0702964
0.120998
0.0869715
0.0638123
0.119996
0.116155
0.0682251
0.139726
0.135904
0.127586
0.13159
0.109862
0.105708
0.132893
0.138591
0.043686
0.0669703
0.0817154
0.0556087
0.0949037
0.124804
0.110341
0.0867968
0.142924
0.131954
0.13419
0.150369
0.0592967
0.0570092
0.0964138
0.112515
0.0941282
0.120411
0.122125
0.0935149
0.133933
0.127019
0.134152
0.142271
0.156113
0.155008
0.133505
0.156935
0.0978508
0.0961481
0.124111
0.125104
0.0920158
0.150581
0.143599
0.101402
0.117809
0.147953
0.15042
0.123206
0.151104
0.159469
0.151466
0.146138
0.136938
0.122753
0.138572
0.126103
0.0784461
0.0871883
0.0936071
0.0902956
0.0951408
0.099406
0.0957781
0.0925598
0.111465
0.116924
0.105302
0.104707
0.111952
0.104219
0.103579
0.114221
0.0785622
0.0911517
0.0940945
0.0873392
0.112405
0.114535
0.104051
0.105202
0.109774
0.104365
0.105532
0.119039
0.0951221
0.0926026
0.0959213
0.0996548
0.172213
0.157703
0.154147
0.161985
0.135724
0.129841
0.140059
0.145176
0.112534
0.122529
0.130912
0.12079
0.122098
0.128677
0.132422
0.122483
0.172221
0.161998
0.154129
0.157711
0.121909
0.122307
0.13233
0.128664
0.114692
0.124075
0.132722
0.124174
0.139402
0.148087
0.141801
0.133409
0.0796927
0.0960463
0.14254
0.141193
0.092238
0.134078
0.141088
0.0979332
0.142255
0.155099
0.147728
0.140577
0.163033
0.154523
0.151655
0.15986
0.138853
0.230276
0.148093
0.0663697
0.290029
0.206427
0.187857
0.270661
0.102098
0.101713
0.108383
0.128055
0.0828339
0.0716139
0.0823635
0.102513
0.138852
0.0667362
0.148094
0.230256
0.0828385
0.102705
0.0837196
0.0716404
0.102234
0.120205
0.108472
0.101786
0.289977
0.270674
0.187859
0.203769
0.0796603
0.141137
0.142547
0.0959722
0.163032
0.15986
0.151655
0.154532
0.143914
0.141008
0.147737
0.155098
0.0921875
0.0978594
0.141103
0.134075
0.0874451
0.0758303
0.196238
0.166317
0.106811
0.200915
0.199249
0.0789464
0.248986
0.216868
0.200808
0.242162
0.214582
0.201809
0.240139
0.255618
0.0615899
0.160646
0.179933
0.0759628
0.209186
0.230521
0.217243
0.194958
0.248348
0.235941
0.19934
0.243463
0.106825
0.0893719
0.186169
0.199659
0.0615904
0.0759495
0.179924
0.160601
0.107297
0.199912
0.18636
0.089551
0.248122
0.244422
0.19933
0.235566
0.209186
0.195116
0.217251
0.229817
0.0873845
0.16631
0.196248
0.0754996
0.214594
0.255623
0.240141
0.202416
0.248828
0.242897
0.200814
0.216871
0.106946
0.0789438
0.199297
0.201674
0.0954568
0.101819
0.108363
0.102342
0.107066
0.11848
0.113753
0.104773
0.151442
0.145237
0.138041
0.143785
0.134757
0.126532
0.132271
0.138953
0.116766
0.135589
0.131142
0.113727
0.1757
0.169465
0.158262
0.162813
0.157338
0.149121
0.153273
0.163262
0.109233
0.111494
0.126908
0.122867
0.0787404
0.0837195
0.130616
0.128
0.0906317
0.128893
0.129832
0.0897202
0.166984
0.173899
0.163605
0.160056
0.186485
0.17083
0.167215
0.18025
0.0918938
0.123644
0.125077
0.0917775
0.141129
0.14765
0.148858
0.145779
0.16076
0.172748
0.151864
0.15407
0.091397
0.0914567
0.126539
0.12801
0.0954538
0.102553
0.108571
0.101816
0.13668
0.138968
0.132243
0.126478
0.151471
0.143791
0.138028
0.14525
0.107072
0.104771
0.113955
0.11863
0.0919111
0.0917847
0.12508
0.122327
0.0914153
0.12801
0.126541
0.0914656
0.160823
0.154084
0.151864
0.170711
0.141118
0.145775
0.148857
0.147659
0.0787377
0.127999
0.130613
0.0837167
0.186483
0.180247
0.167202
0.170819
0.166979
0.160036
0.163604
0.17389
0.0906563
0.0897159
0.129832
0.128887
0.116766
0.113726
0.131146
0.135593
0.109238
0.122871
0.126913
0.111492
0.157333
0.163234
0.153257
0.149116
0.175694
0.162796
0.158258
0.169459
0.16456
0.159056
0.168098
0.175973
0.15054
0.159357
0.165109
0.157256
0.177107
0.180816
0.172968
0.168232
0.186393
0.181747
0.176013
0.182799
0.164439
0.175972
0.168097
0.159054
0.186352
0.182799
0.176012
0.181746
0.173683
0.16481
0.171026
0.179333
0.147065
0.154647
0.162724
0.155938
0.205799
0.206354
0.200144
0.199587
0.209231
0.20003
0.20006
0.207668
0.182576
0.186667
0.193326
0.191466
0.190802
0.195029
0.194365
0.188917
0.205738
0.199548
0.200147
0.206259
0.190816
0.188917
0.194366
0.195017
0.185717
0.194067
0.194492
0.187992
0.211084
0.208032
0.201068
0.202584
0.205093
0.207044
0.400987
0.316837
0.198803
0.411651
0.420872
0.202922
0.412798
0.426515
0.43187
0.417495
0.367297
0.353777
0.426171
0.428275
0.168983
0.318839
0.344364
0.175698
0.317293
0.343652
0.34663
0.319687
0.393554
0.397617
0.373564
0.369902
0.192497
0.185011
0.369529
0.392069
0.168981
0.175702
0.344364
0.319133
0.192486
0.39206
0.369527
0.185022
0.393554
0.369911
0.373578
0.397614
0.317303
0.319708
0.346653
0.343663
0.205126
0.316779
0.400621
0.207052
0.367296
0.428337
0.426531
0.353762
0.412798
0.417487
0.431853
0.426402
0.198798
0.202941
0.420838
0.41168
0.144195
0.144356
0.179231
0.185653
0.13679
0.17618
0.174606
0.140073
0.216704
0.219899
0.199979
0.202952
0.179656
0.192542
0.203237
0.220446
0.059401
0.119442
0.120598
0.071478
0.198038
0.195343
0.165077
0.163353
0.201862
0.195677
0.159473
0.186414
0.130424
0.101325
0.134383
0.166233
0.0523176
0.0573482
0.113482
0.115541
0.0669062
0.112554
0.1123
0.0627536
0.182187
0.185945
0.153846
0.154935
0.195271
0.158536
0.15599
0.189902
0.0756919
0.12572
0.12567
0.0777401
0.189446
0.189848
0.169035
0.171441
0.18483
0.159576
0.166099
0.189703
0.0698752
0.0733027
0.121517
0.115013
0.144096
0.184899
0.1761
0.140608
0.179413
0.218479
0.201149
0.192332
0.214256
0.19807
0.199011
0.218316
0.132806
0.136248
0.173165
0.16583
0.0756874
0.0777356
0.125663
0.125714
0.0698867
0.115005
0.121509
0.0733
0.184834
0.189732
0.166094
0.15957
0.18946
0.17144
0.169035
0.18979
0.0523341
0.115863
0.113475
0.0573466
0.195044
0.189888
0.15596
0.158473
0.182188
0.154897
0.153841
0.185939
0.066903
0.0627549
0.112296
0.112554
0.0592432
0.0709837
0.119249
0.11898
0.12596
0.158202
0.129954
0.0975478
0.198181
0.185322
0.156503
0.190929
0.197897
0.162984
0.162401
0.194657
0.166164
0.144772
0.134168
0.158665
0.221414
0.218288
0.198458
0.203386
0.212427
0.186953
0.193905
0.215314
0.154152
0.1557
0.126764
0.120238
0.106571
0.204499
0.199079
0.219875
0.195946
0.173424
0.181091
0.197003
0.210391
0.212971
0.206033
0.203621
0.218364
0.220212
0.214382
0.21563
0.0215612
0.0237808
0.0582986
0.0468777
0.0959214
0.129678
0.127787
0.0382725
0.191153
0.187292
0.158812
0.161168
0.109711
0.0754897
0.109418
0.149557
0.0226119
0.0471315
0.0549725
0.023707
0.143277
0.109438
0.0872063
0.081627
0.192741
0.162468
0.158347
0.17377
0.0961362
0.028804
0.0693164
0.130348
0.159602
0.189186
0.260535
0.292167
0.173798
0.198029
0.226285
0.193499
0.204891
0.234258
0.231102
0.202111
0.289997
0.290701
0.259799
0.261801
0.0702526
0.0788234
0.110718
0.101978
0.0873875
0.120013
0.115165
0.0835408
0.17613
0.172802
0.143545
0.148005
0.155472
0.130581
0.13983
0.169067
0.070251
0.101708
0.110595
0.0788078
0.155477
0.16868
0.139566
0.130483
0.176658
0.14852
0.144453
0.173672
0.0873819
0.0835525
0.11562
0.120463
0.159603
0.292913
0.26108
0.188343
0.290005
0.261806
0.25981
0.290717
0.205338
0.202559
0.231101
0.234258
0.173797
0.193495
0.226285
0.197606
0.0642984
0.0817744
0.0444234
0.115328
-0.0147486
0.0494142
0.0471215
0.093604
0.118296
0.121603
0.0913109
0.0812415
0.12568
0.0914967
0.0922666
0.125475
0.0641566
0.115196
0.0430151
0.0815154
0.12561
0.124953
0.0914732
0.0914173
0.117956
0.0812637
0.0913066
0.120706
-0.0144709
0.0936112
0.0471202
0.049406
0.0376881
0.040404
0.0834331
0.0846503
0.0400534
0.0791317
0.0810432
0.0394203
0.12677
0.134241
0.110841
0.10595
0.142971
0.117565
0.11539
0.13824
0.03767
0.0845179
0.083435
0.0405233
0.14294
0.138653
0.115385
0.117496
0.12639
0.10593
0.110786
0.134309
0.0400551
0.0394226
0.0810448
0.0791321
