-0.745
0.105
-2.28314
-0.690479
0.165
2.305
-0.738333
0.745
-2.175
-0.695
1.015
2.30636
0.745
0.105
-2.28314
0.690489
0.165
2.305
0.738333
0.745
-2.175
0.695
1.015
2.30636
0.0438387
0.0723463
0.152228
0.125631
0.0449034
0.0728381
0.152215
0.125621
-0.0612506
-0.0115062
0.0339965
0.0505904
-0.000102656
-0.0491117
-0.0863871
-0.0485177
0.0123137
0.0641209
0.0715895
0.00330398
-0.0462423
-0.0802841
-0.0163009
0.0462309
0.150419
0.12714
0.0234474
-0.0249067
-0.0520468
0.118276
0.179682
0.247422
0.231976
0.152774
0.0941051
0.0548337
-0.0716837
-0.0219394
0.0221779
0.0507833
-0.00250461
-0.0545869
-0.0928855
-0.0625604
-0.0539085
-0.08859
-0.0404375
-0.0394495
-0.0634423
0.106103
0.170672
0.248038
0.231852
0.145182
0.0843455
0.0459473
-0.0715139
-0.0216852
0.022958
0.0512663
-0.00234377
-0.0544402
-0.0927091
-0.0624659
-0.0538128
-0.088438
-0.0403799
-0.0393741
-0.063309
0.106228
0.170787
0.248163
0.231982
0.14531
0.0844854
0.0461063
-0.060849
-0.0109304
0.0351456
0.0514577
0.000341573
-0.0487503
-0.0860062
-0.0482365
0.0126588
0.0652465
0.0723947
0.0036426
-0.0459549
-0.0799454
-0.016115
0.0463582
0.150808
0.127511
0.0236751
-0.0246722
-0.0517464
0.118551
0.179948
0.247715
0.232278
0.153066
0.0944103
0.0551673
0.04317
0.00533279
0.0266228
0.0267735
-0.00471076
0.0210273
0.107396
0.153477
0.0406352
0.100207
0.04317
0.0282299
0.0272079
0.0203362
0.153473
0.100205
0.0582022
0.171181
0.0458315
0.211072
0.073649
0.138562
0.45052
0.547739
0.0589887
0.171325
0.21114
0.138558
0.155847
0.157185
0.0294067
0.2172
0.266744
0.195206
0.195316
0.0597489
0.588943
0.207658
0.207689
0.0457368
0.451633
0.181595
0.0273739
0.00655815
0.0187341
0.0356794
-0.00502069
0.0158419
0.0337545
0.0909245
0.115205
0.00146354
0.0258874
0.0997424
0.00662076
0.0273612
0.0177944
-0.00503007
0.0356754
0.0141112
0.0908732
0.0337678
0.115204
0.025878
0.00146322
0.0999279
0.0347823
0.0505631
0.149367
0.0462166
0.0799788
0.0654177
0.193353
0.074185
0.161258
0.186292
0.145418
0.45728
0.106407
0.202707
0.133163
0.583402
0.0378226
0.0463262
0.0519445
0.149509
0.0801512
0.0742349
0.0659983
0.193399
0.161251
0.457242
0.18637
0.145412
0.106406
0.583429
0.202753
0.133155
0.14005
0.236337
0.0220475
0.228499
0.150251
0.0314453
0.20719
0.154102
0.00925815
0.173641
0.186536
0.0423943
0.185063
0.232285
0.174566
0.223884
0.37209
0.16843
0.198427
0.449212
0.140113
0.236336
0.150494
0.0317513
0.207267
0.154157
0.186513
0.0422924
0.174604
0.223883
0.198454
0.449212
0.175589
0.0602308
0.16526
0.182444
0.0376578
0.0527922
0.207278
0.20073
0.0666958
0.0731846
0.210181
0.613407
0.277905
0.565754
0.567545
0.520348
0.175675
0.0603117
0.16536
0.182568
0.207367
0.200765
0.210253
0.613389
0.133998
0.147831
0.178928
0.149061
0.134124
0.149079
0.178986
0.148044
0.0233043
0.023491
0.0396799
0.0394843
0.181953
0.273148
0.273147
0.181939
0.195686
0.202369
0.202346
0.195684
0.164148
0.186488
0.211234
0.19464
0.164247
0.194729
0.211292
0.186553
0.0532282
0.0533232
0.0672671
0.0672018
0.588341
0.599211
0.599194
0.588347
0.192168
0.18702
0.187545
0.201918
0.192196
0.201975
0.187579
0.187004
0.0739963
0.0739815
0.0106404
0.0106721
0.518916
0.366632
0.365068
0.518957
0.156038
0.155936
0.136129
0.136101
0.0152821
0.00448773
0.0086252
0.024455
-0.00653785
0.00944983
0.0232781
0.0669454
0.0679457
0.00175831
0.0173349
0.0646043
0.00453097
0.0152802
0.00844038
-0.00666774
0.0237992
0.0075011
0.0668756
0.0232803
0.0680186
0.017373
0.0017762
0.0646029
0.0387265
0.0466195
0.141474
0.0455542
0.076321
0.0690247
0.170956
0.0735433
0.15542
0.180747
0.148792
0.40611
0.1151
0.168943
0.132786
0.422824
0.0413518
0.0457199
0.0484152
0.141768
0.076587
0.0736198
0.0695028
0.171008
0.155422
0.406112
0.180831
0.148797
0.115094
0.422826
0.168968
0.132784
0.0393309
0.0384795
0.130324
0.173063
0.00582179
0.00584548
0.0156779
0.20572
0.0226789
0.0309143
0.146318
0.0317149
0.0263497
0.0017068
0.131088
0.0942965
-0.00482614
-0.00482828
-3.55719e-05
0.118322
0.0144957
0.021738
0.175674
0.0282661
0.100751
0.100747
0.152819
0.20787
0.137045
0.164152
0.189566
0.226203
0.0333669
0.0333725
0.276831
0.149198
0.103524
0.103122
0.143058
0.436514
0.0394344
0.038479
0.130342
0.173247
0.023036
0.0344197
0.147047
0.0321735
0.0263456
0.00171327
0.130936
0.0944758
0.013564
0.0210658
0.175545
0.0281252
0.137042
0.164146
0.189538
0.226213
0.103475
0.103113
0.143068
0.436573
0.0545851
0.0618102
0.152231
0.0595881
0.164071
0.182065
0.161536
0.176918
0.0466738
0.0474469
0.0417267
0.0493119
0.21315
0.216208
0.212193
0.204254
0.0748298
0.0740962
0.0701695
0.0733886
0.141972
0.135131
0.17914
0.437131
0.458534
0.45853
0.370446
0.516363
0.567974
0.567975
0.556722
0.538428
0.0554737
0.0624936
0.152341
0.0597107
0.164196
0.182166
0.16165
0.177053
0.213215
0.216277
0.212273
0.204299
0.141977
0.135122
0.179198
0.437122
0.149441
0.152889
0.165385
0.16903
0.149789
0.153063
0.169729
0.170376
0.0257282
0.0303466
0.0313911
0.0336288
0.203584
0.22126
0.22126
0.238577
0.251649
0.251278
0.283502
0.251704
0.193901
0.188416
0.201786
0.203363
0.193992
0.188546
0.201886
0.203449
0.0606405
0.0562726
0.0632223
0.0601897
0.603322
0.58508
0.57814
0.603319
0.207664
0.196504
0.21252
0.20992
0.207718
0.196474
0.212543
0.20996
0.0268805
0.0422286
0.042178
0.0651475
0.407221
0.450384
0.450383
0.490454
0.172245
0.183394
0.175698
0.172124
0.124721
0.135518
0.0191233
0.172523
0.132398
0.0240068
0.135749
0.110557
0.00122662
0.135676
0.171356
0.0131499
0.133176
0.152156
0.148835
0.155023
0.157835
0.184372
0.120723
0.0768804
0.267437
0.125162
0.140287
0.34567
0.0191914
0.17253
0.124797
0.135499
0.132957
0.0240314
0.00120511
0.135729
0.135661
0.110571
0.171057
0.0128187
0.148832
0.154962
0.133396
0.152093
0.157671
0.184346
0.266991
0.125174
0.12082
0.0769057
0.140314
0.341194
0.139838
0.039526
0.140557
0.0525287
0.138443
0.15713
0.0434785
0.0497224
0.180769
0.0782931
0.163456
0.0665733
0.191326
0.188689
0.070687
0.0747725
0.183922
0.271522
0.178327
0.191006
0.179959
0.426892
0.370448
0.53205
0.150826
0.502164
0.209757
0.204856
0.176125
0.434793
0.592351
0.556496
0.140322
0.0400691
0.043632
0.0498247
0.140708
0.0527202
0.138606
0.157264
0.175437
0.0783112
0.0707449
0.0747908
0.163527
0.066667
0.191381
0.188724
0.183965
0.271527
0.370414
0.532046
0.178396
0.191076
0.180015
0.426939
0.150838
0.502172
0.592353
0.556497
0.209806
0.204925
0.176163
0.4348
0.137157
0.146725
0.219335
0.248454
0.0221338
0.0242496
0.211992
0.211968
0.143711
0.164903
0.0273754
0.035622
0.19297
0.209794
0.158417
0.14665
0.0062009
0.00622648
0.166579
0.16659
0.188695
0.186342
0.0644069
0.0213253
0.184752
0.184751
0.209401
0.209347
0.191864
0.163339
0.2029
0.243374
0.37047
0.37025
0.148062
0.147577
0.200605
0.194245
0.48647
0.401072
0.137235
0.148006
0.248454
0.219336
0.143795
0.164005
0.0276238
0.0358374
0.209929
0.193001
0.15841
0.146794
0.188659
0.186351
0.0643487
0.0212485
0.163363
0.191915
0.243373
0.202897
0.194287
0.20056
0.401101
0.486474
0.169848
0.181354
0.0567339
0.0637163
0.158218
0.174055
0.179089
0.192719
0.039489
0.0385172
0.0536855
0.0541634
0.207287
0.210736
0.203581
0.214642
0.0671391
0.0675682
0.0724201
0.0724121
0.197064
0.195449
0.610561
0.605929
0.280758
0.280757
0.578821
0.578821
0.585363
0.585362
0.521699
0.521699
0.16994
0.181431
0.0568216
0.0637893
0.174126
0.158356
0.179196
0.192823
0.210826
0.207381
0.203602
0.214665
0.195532
0.19713
0.605929
0.610561
0.115126
0.141618
0.146652
0.127587
0.152449
0.152724
0.168924
0.166159
0.182104
0.19599
0.184241
0.172837
0.110818
0.131223
0.158242
0.17515
0.115099
0.127626
0.146782
0.142571
0.110832
0.175218
0.160364
0.131532
0.182163
0.172924
0.184308
0.196007
0.15265
0.157573
0.169109
0.152851
0.0152796
0.0183005
0.0263982
0.0278609
0.0152377
0.0281056
0.0274934
0.0199856
0.041906
0.0434942
0.0355655
0.0362329
0.0418304
0.0357849
0.0345517
0.0425879
0.142274
0.205361
0.20304
0.1524
0.360904
0.376568
0.242833
0.243645
0.360911
0.243581
0.242832
0.376521
0.142264
0.152399
0.203036
0.205359
0.113531
0.15768
0.235594
0.188935
0.129434
0.171929
0.266112
0.179637
0.129248
0.179626
0.266228
0.171662
0.113536
0.188924
0.235575
0.157679
0.137307
0.146339
0.186356
0.171711
0.168414
0.212932
0.201183
0.158128
0.174424
0.177788
0.208256
0.211831
0.180356
0.187471
0.197907
0.179643
0.137527
0.171828
0.186455
0.146473
0.180417
0.179689
0.198002
0.187582
0.174446
0.211951
0.208334
0.177825
0.168475
0.158217
0.201286
0.213032
0.0490414
0.0501797
0.0571687
0.0560635
0.0492201
0.0562205
0.0575211
0.0508052
0.0701362
0.0706143
0.0636643
0.0631889
0.0700511
0.0630807
0.0641043
0.0713335
0.423695
0.430171
0.598369
0.5262
0.430839
0.575997
0.594404
0.439081
0.430843
0.439088
0.594397
0.575997
0.423688
0.526199
0.598368
0.430178
0.178992
0.182349
0.200016
0.20267
0.127334
0.129425
0.194445
0.172521
0.111028
0.14389
0.211944
0.1366
0.160339
0.218154
0.214149
0.146646
0.179003
0.20272
0.200012
0.182286
0.160364
0.146668
0.214179
0.218128
0.110934
0.136516
0.211985
0.143894
0.127216
0.172312
0.194452
0.128976
0.0748633
0.0733672
0.0642261
0.0517709
0.0748722
0.0516996
0.0641964
0.0729618
0.00285459
-0.000555392
0.0234828
0.0188176
0.00308198
0.0189213
0.0235211
-0.000543707
0.417208
0.472178
0.488475
0.54742
0.200837
0.270869
0.404978
0.390796
0.20099
0.390827
0.404982
0.270841
0.417226
0.54742
0.48848
0.472243
-0.0880245
0.108375
0.176116
0.104055
-0.0880177
0.104004
0.176133
0.10838
0.0796556
0.13748
0.156364
0.0757115
0.0797939
0.0757193
0.156197
0.137474
0.00876644
0.00315044
0.00525837
0.0128027
0.00242209
0.0102178
0.0116535
0.0394793
0.0306512
0.00137424
0.00904679
0.0401004
0.00317973
0.00876247
0.00537033
0.00241326
0.0127994
0.00816441
0.039476
0.011652
0.030656
0.00906261
0.00135236
0.0401005
0.0406986
0.0446458
0.156019
0.0442739
0.074487
0.070828
0.160509
0.0729981
0.153931
0.167885
0.150499
0.28549
0.120347
0.147597
0.130907
0.274196
0.0431165
0.0452065
0.0466506
0.156322
0.0748049
0.0732712
0.071255
0.160717
0.153921
0.285514
0.167916
0.150502
0.120339
0.274198
0.147594
0.130903
0.0454121
0.0408238
0.0983948
0.128874
0.00559644
0.00562368
0.0125841
0.194406
0.0246496
0.0286005
0.145174
0.0304968
0.0253481
0.0132356
0.0836996
0.0670393
-0.00477689
-0.00477753
0.00122467
0.116465
0.0151634
0.0216576
0.172058
0.0247692
0.103955
0.104041
0.130952
0.161703
0.147372
0.158815
0.17153
0.221275
0.0371087
0.0371148
0.128031
0.107971
0.10189
0.101459
0.122339
0.330341
0.045461
0.0408239
0.0984937
0.128966
0.0256322
0.030837
0.145965
0.0308637
0.025337
0.0132151
0.0836762
0.0674514
0.0137994
0.020968
0.171943
0.0246294
0.147081
0.158808
0.171545
0.221205
0.101891
0.101461
0.122336
0.330333
0.0563999
0.0600063
0.156955
0.0587102
0.167387
0.176676
0.166274
0.173841
0.0458502
0.045878
0.0437612
0.0475717
0.212169
0.214094
0.213649
0.206502
0.0735892
0.073602
0.0719065
0.0734902
0.140281
0.136823
0.161288
0.283965
0.455079
0.455076
0.413991
0.483444
0.557728
0.557729
0.551552
0.543178
0.0572384
0.0607413
0.157316
0.0592576
0.167557
0.176808
0.166397
0.173968
0.212233
0.214141
0.213723
0.206533
0.140279
0.136828
0.161317
0.283972
0.152626
0.1543
0.160575
0.162804
0.153466
0.154422
0.164218
0.16513
0.0275668
0.0296068
0.0296821
0.0314445
0.210791
0.220025
0.220025
0.226128
0.259441
0.261964
0.275046
0.259439
0.195046
0.191906
0.198507
0.199211
0.19516
0.19202
0.198611
0.199295
0.0597312
0.0580128
0.0614855
0.0597518
0.595554
0.590873
0.583558
0.595553
0.207643
0.202453
0.211536
0.208852
0.207686
0.202457
0.211564
0.208889
0.0362688
0.0439058
0.0438792
0.0549904
0.429468
0.451053
0.451052
0.471387
0.185875
0.185035
0.17084
0.1774
0.0212648
0.0333945
0.0829739
0.0906842
0.00441723
0.00610167
0.0144363
0.144394
0.0167808
0.0207132
0.131227
0.0240167
0.0260883
0.0373489
0.0873239
0.0869561
-0.00539687
-0.00494392
0.000655466
0.116327
0.0127858
0.0172002
0.167902
0.0149611
0.0305029
0.0361985
0.0902161
0.100322
0.0816998
0.0959191
0.124256
0.125804
0.0984947
0.124997
0.147146
0.169712
0.00162176
0.00099128
0.0841946
0.0404969
0.023797
0.0296253
0.116104
0.0928466
0.081056
0.103328
0.123693
0.254152
0.00443271
0.00618782
0.0144895
0.144103
0.0213172
0.0334066
0.0829525
0.0906834
0.0152481
0.0204421
0.131732
0.0238588
-0.00396881
-0.00497112
0.000623198
0.116353
0.0260983
0.03713
0.0873446
0.0869639
0.0108799
0.0155924
0.167452
0.0145678
0.0817154
0.0959276
0.124253
0.125787
0.030506
0.0362022
0.0903548
0.100066
0.0984934
0.12499
0.147174
0.1697
0.0238453
0.0296123
0.116118
0.0928764
0.00165607
0.000992646
0.0840321
0.0405033
0.0810432
0.103323
0.123695
0.253781
0.0367544
0.0328193
0.135874
0.0384166
0.0485924
0.0527673
0.161609
0.0515688
0.140699
0.156906
0.14396
0.153248
0.0458636
0.0474481
0.0454757
0.0479695
0.0781553
0.0819475
0.174816
0.0802899
0.0672213
0.0636141
0.151771
0.0658711
0.182102
0.204696
0.193745
0.191149
0.0738561
0.0755213
0.0724296
0.0751606
0.15623
0.16604
0.174596
0.265322
0.187529
0.18438
0.182298
0.188533
0.147109
0.143694
0.165459
0.281746
0.453905
0.457707
0.418334
0.494576
0.109764
0.10479
0.128452
0.348117
0.189171
0.209465
0.199884
0.203904
0.132724
0.133933
0.156496
0.285169
0.553248
0.578007
0.589054
0.571177
0.0395872
0.0360729
0.136493
0.0400791
0.0460013
0.0475316
0.045608
0.0480754
0.0501798
0.0537091
0.161975
0.0522328
0.14082
0.15704
0.144113
0.153386
0.0783693
0.0820799
0.174845
0.0804925
0.0739192
0.0755598
0.0724839
0.0751953
0.0677507
0.0642461
0.151837
0.0662705
0.18215
0.204913
0.193795
0.191257
0.156249
0.166035
0.174619
0.265311
0.453798
0.457701
0.418332
0.494543
0.187608
0.184479
0.182372
0.188718
0.147114
0.143695
0.165469
0.281758
0.109751
0.104775
0.128463
0.348117
0.553243
0.578009
0.589055
0.571179
0.189222
0.209523
0.199943
0.203946
0.132661
0.13393
0.156509
0.285172
0.137025
0.146356
0.138631
0.141405
0.217469
0.244084
0.230824
0.242365
0.0202188
0.0238906
0.0212518
0.0212937
0.217186
0.239965
0.220559
0.220559
0.147294
0.151569
0.146944
0.157467
0.0315651
0.0312831
0.0294093
0.0334093
0.190747
0.207542
0.199808
0.210358
0.121697
0.168226
0.159828
0.149597
0.00466157
0.017637
0.00776606
0.00777958
0.12763
0.175931
0.170336
0.170515
0.183218
0.190526
0.187281
0.186439
0.0424905
0.0423105
0.0534032
0.0318328
0.174629
0.194331
0.185326
0.185326
0.222025
0.263482
0.21689
0.216564
0.181747
0.172951
0.185826
0.168833
0.225219
0.222577
0.213405
0.232974
0.355659
0.385063
0.371328
0.371105
0.156707
0.172376
0.158368
0.153329
0.169404
0.210343
0.203596
0.192327
0.448167
0.449818
0.468191
0.425614
0.137055
0.146463
0.138694
0.142039
0.217535
0.244084
0.242364
0.230823
0.147963
0.151791
0.14713
0.157718
0.031945
0.0315125
0.0296867
0.0337046
0.190668
0.207607
0.210424
0.199867
0.122264
0.168349
0.159835
0.149595
0.183138
0.190478
0.187222
0.186414
0.0423627
0.0422345
0.0533232
0.0317433
0.181707
0.173495
0.168863
0.185873
0.225218
0.222577
0.232972
0.213404
0.169433
0.210377
0.192368
0.203394
0.448268
0.449818
0.425619
0.468222
0.163856
0.187196
0.172718
0.17847
0.0598944
0.0615087
0.0584868
0.0619737
0.156787
0.174521
0.162273
0.169688
0.179687
0.18528
0.181292
0.187836
0.0396922
0.035628
0.0378033
0.0377545
0.051052
0.0545324
0.0527928
0.052817
0.209745
0.204733
0.207519
0.209515
0.202491
0.210955
0.195833
0.206432
0.0684326
0.064959
0.0666737
0.0666569
0.0732865
0.0731193
0.0727985
0.072794
0.203988
0.20265
0.209716
0.206729
0.585676
0.609447
0.615555
0.609351
0.324133
0.254723
0.279323
0.279323
0.544299
0.579294
0.572495
0.572495
0.562133
0.572957
0.575089
0.575086
0.529327
0.50949
0.521793
0.521792
0.163955
0.187266
0.172807
0.178553
0.0599961
0.0615703
0.0585709
0.0620505
0.156893
0.174615
0.169786
0.162404
0.179816
0.185404
0.18143
0.187947
0.20983
0.204827
0.209598
0.207612
0.202531
0.211
0.195861
0.206456
0.204047
0.202743
0.206261
0.20978
0.585693
0.609445
0.609346
0.615578
0.131441
0.133362
0.135549
0.140649
0.143801
0.137336
0.159767
0.15255
0.181523
0.174346
0.1891
0.177063
0.144763
0.153534
0.147992
0.158069
0.131564
0.134008
0.13566
0.140811
0.1451
0.153543
0.149546
0.158088
0.181533
0.17441
0.189036
0.177147
0.144149
0.137517
0.15998
0.152717
0.02157
0.0236362
0.0233201
0.0253445
0.0217298
0.02374
0.0234601
0.0255635
0.0398581
0.0416559
0.0377361
0.0395511
0.0394905
0.0414814
0.0375306
0.0394044
0.173087
0.183279
0.183384
0.192408
0.272475
0.321465
0.258024
0.277413
0.27246
0.321471
0.258023
0.277413
0.173088
0.183273
0.183383
0.192408
0.180066
0.184132
0.207522
0.203641
0.203808
0.179768
0.249255
0.203579
0.179718
0.203621
0.203587
0.249181
0.184151
0.180066
0.203642
0.207522
0.152277
0.161005
0.166977
0.172146
0.174921
0.188907
0.184064
0.198064
0.210784
0.192794
0.204736
0.209882
0.19393
0.188794
0.194458
0.19506
0.152401
0.16109
0.167072
0.172262
0.194001
0.188868
0.194545
0.195145
0.210839
0.192864
0.204813
0.209973
0.17499
0.188967
0.184133
0.198131
0.05286
0.0514753
0.0549811
0.054482
0.0515739
0.0530033
0.0545545
0.0550724
0.0690062
0.0669555
0.06856
0.0655284
0.066876
0.0689443
0.0654589
0.0685099
0.562082
0.566214
0.605517
0.583889
0.569562
0.59578
0.60262
0.595504
0.595776
0.569568
0.59551
0.602602
0.566201
0.562098
0.583888
0.605528
0.189896
0.186119
0.188711
0.198233
0.178887
0.178801
0.184424
0.186246
0.177886
0.160805
0.202179
0.196153
0.174649
0.204971
0.197366
0.214494
0.189863
0.186152
0.188699
0.198248
0.174692
0.205032
0.197418
0.214547
0.177756
0.160762
0.20222
0.196193
0.178877
0.178618
0.184482
0.186322
0.0761482
0.0743844
0.0737041
0.074276
0.0761496
0.074386
0.0736676
0.074265
0.00592779
0.00191118
0.0108024
0.010966
0.00593987
0.00207865
0.0108287
0.0110519
0.516779
0.538196
0.50467
0.520307
0.348575
0.365799
0.369627
0.37709
0.347562
0.363595
0.369383
0.377086
0.5168
0.538196
0.504675
0.520307
0.13366
0.154121
0.156517
0.16316
0.154077
0.13368
0.16318
0.156533
0.130722
0.113935
0.141972
0.141626
0.113929
0.130677
0.141547
0.141919
0.0677562
0.0686856
0.0118048
0.102722
0.107436
0.0137422
0.0723438
-0.0688344
0.000425893
-0.0758951
0.122935
0.00631651
0.0639224
0.0878405
0.113408
0.107
0.0990415
0.125448
0.075221
0.0418933
0.109609
0.0779727
0.093986
0.161505
0.0118448
0.102738
0.0677692
0.0686069
0.107456
0.0135838
0.000290451
-0.0759401
0.0722854
-0.0689149
0.122853
0.00595717
0.113387
0.106657
0.063901
0.0878058
0.0991971
0.125457
0.109618
0.0787721
0.0752176
0.0419176
0.0939852
0.161494
0.134759
0.0405978
0.158716
0.047785
0.14687
0.140764
0.0436933
0.0472978
0.184918
0.0755391
0.157105
0.0694425
0.170933
0.172121
0.0717899
0.0742044
0.169152
0.270165
0.181309
0.180476
0.167165
0.283626
0.384172
0.42086
0.137463
0.265505
0.172615
0.164853
0.153956
0.281857
0.428745
0.419863
0.137732
0.0415399
0.043814
0.04747
0.159137
0.0487188
0.147123
0.141321
0.185511
0.0757097
0.0718709
0.074247
0.157165
0.0697723
0.170985
0.172147
0.169182
0.270171
0.384185
0.420741
0.181378
0.180538
0.167206
0.283625
0.137484
0.265498
0.428746
0.419875
0.172654
0.164897
0.153969
0.281857
0.0958294
0.112935
0.0949106
0.12035
0.129067
0.130664
0.168096
0.179038
0.0133079
0.177639
0.0138848
0.177633
0.0178568
0.0178834
0.197551
0.197544
0.140395
0.0277772
0.165275
0.0345753
0.143942
0.153757
0.0297869
0.0336182
0.0809239
0.0782277
0.0908217
0.0401997
0.132175
0.133545
0.10526
0.0787006
0.00100927
0.107299
0.00100529
0.107301
-0.000301284
-0.000298501
0.113536
0.113769
0.168802
0.016943
0.175563
0.029475
0.178831
0.174488
0.0350439
0.0243294
0.128447
0.138222
0.128445
0.138224
0.153001
0.152999
0.206717
0.178142
0.164631
0.195637
0.183016
0.243795
0.192965
0.178884
0.215718
0.234864
0.120742
0.100605
0.120725
0.100597
0.310161
0.309995
0.143363
0.14339
0.12572
0.311655
0.124971
0.339517
0.143864
0.144637
0.454851
0.41358
0.0958411
0.112932
0.0949223
0.120349
0.129097
0.13076
0.179129
0.168321
0.141339
0.0267567
0.156442
0.0364412
0.144783
0.154926
0.0301387
0.0341244
0.0809293
0.0782236
0.0908037
0.0402109
0.133482
0.132093
0.105276
0.0786916
0.16854
0.0167069
0.175555
0.0293469
0.178723
0.174326
0.0349728
0.024532
0.164707
0.195619
0.183037
0.243769
0.178907
0.192984
0.234873
0.215702
0.12572
0.311656
0.124981
0.339499
0.144655
0.143889
0.413655
0.454886
0.163893
0.0551347
0.151294
0.062291
0.149374
0.155254
0.057831
0.0613345
0.158346
0.167851
0.177469
0.184846
0.157537
0.167195
0.174332
0.182327
0.0446232
0.0484267
0.0454878
0.049126
0.0418239
0.0417855
0.0493215
0.0493475
0.215722
0.20785
0.21334
0.217493
0.212672
0.214124
0.202379
0.210142
0.0730777
0.0739191
0.072352
0.0732359
0.070135
0.0701202
0.0731666
0.0731699
0.163391
0.282336
0.159049
0.28427
0.178597
0.17937
0.431717
0.440908
0.421237
0.492345
0.421235
0.492342
0.373476
0.373429
0.521901
0.521901
0.571585
0.559086
0.571585
0.559086
0.565759
0.565759
0.542908
0.542908
0.164371
0.0557469
0.151605
0.0627641
0.14949
0.155348
0.0579707
0.0614499
0.158471
0.167971
0.177563
0.184958
0.167296
0.157668
0.174478
0.182449
0.215803
0.207901
0.213415
0.217557
0.214229
0.212752
0.202428
0.210179
0.163411
0.282362
0.159067
0.284288
0.179423
0.178631
0.440961
0.431708
0.148001
0.152505
0.14976
0.160355
0.177539
0.161786
0.167017
0.177608
0.148096
0.154306
0.149912
0.16053
0.164969
0.177758
0.177593
0.167149
0.0258486
0.0259096
0.0283716
0.0323557
0.0294414
0.033384
0.0338354
0.0337817
0.203518
0.203517
0.212153
0.230744
0.230742
0.212152
0.240705
0.240705
0.246593
0.258837
0.243675
0.243676
0.275079
0.275078
0.258922
0.246592
0.190283
0.197564
0.188062
0.193372
0.201838
0.204595
0.205823
0.200754
0.190378
0.197656
0.18819
0.19346
0.204672
0.201943
0.200845
0.205905
0.0589071
0.0623723
0.056264
0.0562864
0.0632126
0.063194
0.0584513
0.0619269
0.604053
0.599035
0.591745
0.591745
0.584713
0.584709
0.599027
0.604043
0.201115
0.211631
0.198294
0.195557
0.212143
0.213512
0.205585
0.213327
0.211679
0.201145
0.198277
0.195544
0.213539
0.212174
0.205604
0.213363
0.0252178
0.025238
0.0530891
0.0327836
0.0530495
0.032688
0.0646823
0.0646674
0.406155
0.406155
0.469764
0.427742
0.427743
0.469814
0.489521
0.489524
0.178212
0.16279
0.179972
0.180143
0.162183
0.160611
0.178246
0.162844
0.123752
0.126096
0.124565
0.146657
0.0160538
0.0190787
0.15828
0.180737
0.130173
0.139487
0.0218413
0.0259385
0.131871
0.133409
0.107855
0.112296
-0.000926404
0.00107509
-0.0633029
0.104212
0.163384
0.171449
0.00805073
0.0154446
0.125035
0.136544
0.141117
0.174798
0.14747
0.150648
0.145889
0.165495
0.1429
0.17008
0.172029
0.19491
0.115141
0.132834
0.0784173
0.0761662
0.298877
0.307291
0.117249
0.13121
0.136493
0.143387
0.319068
0.365524
0.0160785
0.0191297
0.158294
0.180742
0.124099
0.126145
0.124557
0.146647
0.13093
0.140549
0.0218848
0.0260753
-0.00101302
0.00105924
-0.0323206
0.104221
0.131762
0.133326
0.107866
0.112304
0.163128
0.171187
0.00792602
0.0151735
0.147394
0.150646
0.145946
0.165413
0.12505
0.13656
0.141218
0.175022
0.142934
0.170091
0.172029
0.194923
0.295485
0.30694
0.117317
0.131196
0.115106
0.13268
0.0784678
0.0762733
0.136577
0.143352
0.304834
0.365614
0.137241
0.150011
0.0415867
0.0376332
0.137519
0.143394
0.0507851
0.0542961
0.136949
0.145508
0.146488
0.164621
0.0435485
0.0434263
0.0493618
0.050965
0.177578
0.205323
0.0775446
0.0766455
0.165986
0.161033
0.0683123
0.0648271
0.179823
0.202789
0.181829
0.19874
0.0703594
0.0720107
0.0757812
0.0748989
0.180466
0.193263
0.319836
0.257431
0.181866
0.176183
0.188196
0.189225
0.180143
0.179809
0.425203
0.428609
0.37583
0.373317
0.527889
0.528936
0.155374
0.148718
0.485818
0.4894
0.19098
0.205607
0.182137
0.211991
0.175273
0.176954
0.432936
0.436904
0.561809
0.58623
0.552925
0.551886
0.137765
0.150491
0.0418965
0.0381287
0.0436625
0.0435414
0.0495023
0.051043
0.137671
0.143539
0.0509701
0.0544704
0.137028
0.145653
0.146611
0.164747
0.177594
0.205306
0.0775582
0.0766208
0.0704307
0.072055
0.0757944
0.0749124
0.166047
0.161106
0.0684017
0.0649281
0.17988
0.202845
0.181843
0.198808
0.180547
0.193177
0.319796
0.257396
0.375815
0.373182
0.527873
0.52892
0.181915
0.176271
0.188272
0.189317
0.180205
0.179862
0.425262
0.428603
0.155383
0.148742
0.485817
0.489562
0.561815
0.58623
0.552943
0.551886
0.191213
0.205687
0.182187
0.212041
0.175308
0.17699
0.432938
0.43691
0.143653
0.134355
0.142354
0.154713
0.202247
0.227463
0.256697
0.230494
0.0203195
0.0241023
0.026159
0.0224951
0.223884
0.200351
0.200346
0.223859
0.14262
0.145182
0.170637
0.167067
0.0273024
0.027602
0.035688
0.0354962
0.184427
0.193501
0.211286
0.19266
0.172696
0.131249
0.111404
0.151783
0.00405125
0.0143842
0.0144161
0.0040703
0.116794
0.169085
0.169099
0.116814
0.187322
0.194095
0.187046
0.180365
0.0641763
0.0658809
0.0217918
0.0218518
0.193869
0.175363
0.175362
0.193868
0.195416
0.259116
0.259055
0.195387
0.195206
0.189188
0.160791
0.16826
0.204391
0.203008
0.243378
0.24366
0.353758
0.381389
0.381392
0.353558
0.14263
0.152834
0.151855
0.142657
0.173556
0.212236
0.21495
0.169898
0.485238
0.48748
0.403199
0.400618
0.134424
0.143762
0.15582
0.142961
0.230564
0.257225
0.227452
0.20223
0.145349
0.143608
0.158728
0.170863
0.0278464
0.0274886
0.0356577
0.0360176
0.19267
0.211334
0.193521
0.18447
0.131257
0.172727
0.151837
0.11182
0.194074
0.187275
0.180211
0.187016
0.0658179
0.064133
0.0217814
0.021644
0.168258
0.163324
0.18925
0.195242
0.243657
0.243377
0.203004
0.204382
0.169931
0.214976
0.212271
0.173581
0.400644
0.4032
0.487485
0.48524
0.158038
0.179581
0.193049
0.169688
0.0579988
0.056382
0.0633852
0.0650093
0.148725
0.168264
0.184127
0.168165
0.182703
0.17537
0.190206
0.195294
0.0414916
0.0375057
0.0365165
0.0405525
0.0519326
0.0554302
0.0558423
0.0524843
0.210109
0.204416
0.210081
0.211283
0.201788
0.197461
0.216603
0.213365
0.0688766
0.0654016
0.0658362
0.0693005
0.072814
0.0722029
0.0721841
0.0726872
0.190616
0.203348
0.199313
0.189365
0.575715
0.605114
0.602362
0.577583
0.328626
0.25827
0.258269
0.328628
0.592648
0.55615
0.556149
0.592648
0.58068
0.590008
0.590005
0.580679
0.507161
0.535293
0.535293
0.507167
0.179688
0.158152
0.169772
0.193126
0.0565044
0.0580659
0.0650652
0.0634758
0.168235
0.184198
0.168383
0.148875
0.175482
0.182806
0.195393
0.190315
0.211389
0.210164
0.204507
0.210201
0.1975
0.201799
0.213385
0.216629
0.189431
0.199393
0.203433
0.190665
0.577576
0.602361
0.605113
0.575721
0.0595389
0.128689
0.131384
0.0752805
0.142749
0.144938
0.140485
0.138245
0.151137
0.145017
0.142128
0.148365
0.101116
0.0898834
0.132852
0.135794
0.139664
0.1391
0.134945
0.138685
0.162331
0.152995
0.142965
0.151081
0.161805
0.158914
0.164423
0.171715
0.151375
0.145234
0.154802
0.154879
0.168602
0.169167
0.177587
0.184707
0.177243
0.190009
0.191539
0.182227
0.168045
0.17937
0.18712
0.181867
0.17188
0.18026
0.172106
0.162478
0.0540799
0.0783342
0.146827
0.126313
0.0966441
0.137785
0.144246
0.0931271
0.156615
0.165229
0.156463
0.148458
0.166265
0.158892
0.162402
0.174448
0.0595169
0.07535
0.132207
0.129444
0.101124
0.135838
0.132934
0.0898956
0.151231
0.148559
0.142267
0.145095
0.143617
0.139259
0.141627
0.145767
0.0540221
0.126314
0.146836
0.0783373
0.166205
0.174477
0.162405
0.159103
0.159381
0.149439
0.157919
0.168798
0.0966556
0.0931412
0.144858
0.137952
0.168632
0.184765
0.177636
0.169204
0.171988
0.162571
0.172183
0.180352
0.171766
0.181921
0.18719
0.179451
0.177284
0.182246
0.191585
0.190039
0.142577
0.139557
0.135194
0.139218
0.152521
0.155996
0.155199
0.145867
0.162052
0.171843
0.164612
0.159135
0.162466
0.15122
0.143122
0.153135
0.00956303
0.0120166
0.0216854
0.0217433
0.0129622
0.0197559
0.0215587
0.0136253
0.0277272
0.0292917
0.0253158
0.0239713
0.028567
0.0259012
0.0256247
0.0295825
0.00980331
0.0216222
0.0217855
0.0120559
0.0288099
0.0298948
0.0258007
0.0260888
0.0277952
0.0240252
0.02548
0.0294997
0.0129936
0.0136817
0.0216786
0.0197976
0.043366
0.045608
0.0417603
0.0418773
0.0438342
0.0398136
0.0415463
0.0455365
0.0316894
0.0334913
0.0375819
0.035804
0.0329487
0.0382392
0.0379155
0.0338973
0.0424299
0.040383
0.0415195
0.0454817
0.0324479
0.033499
0.0375669
0.0364827
0.0316167
0.0357527
0.0374278
0.0332699
0.0438011
0.0454372
0.0414154
0.03977
0.0940434
0.156769
0.172572
0.121073
0.20859
0.214791
0.193916
0.182926
0.211978
0.194962
0.193177
0.212794
0.130557
0.126403
0.174361
0.17505
0.279633
0.418196
0.323283
0.266417
0.417861
0.326226
0.325292
0.419876
0.228607
0.232027
0.258401
0.256497
0.234554
0.255449
0.258026
0.234096
0.279643
0.2664
0.323227
0.418192
0.234529
0.234093
0.258004
0.255486
0.228607
0.256496
0.2584
0.232025
0.41786
0.419873
0.325291
0.326226
0.0940235
0.121059
0.172587
0.156756
0.130554
0.175049
0.174383
0.1264
0.211977
0.212793
0.193177
0.194972
0.208598
0.182894
0.193915
0.214798
0.0577748
0.0796731
0.169206
0.136327
0.123977
0.21266
0.191203
0.101908
0.254491
0.232141
0.215539
0.238771
0.186199
0.153442
0.192236
0.209051
0.06543
0.116287
0.169881
0.0964773
0.14371
0.220909
0.187957
0.133029
0.26722
0.250674
0.255187
0.26152
0.124922
0.115613
0.232351
0.223853
0.0652844
0.0962861
0.169781
0.116276
0.124922
0.223977
0.234114
0.115779
0.267219
0.261423
0.255188
0.250707
0.143599
0.133004
0.187918
0.202717
0.0577645
0.14765
0.169225
0.0796963
0.186188
0.209048
0.192239
0.153076
0.254489
0.23876
0.215536
0.232142
0.123976
0.101905
0.191194
0.212644
0.157357
0.160163
0.149383
0.143594
0.160726
0.160947
0.155129
0.163078
0.191652
0.184677
0.175864
0.183534
0.170728
0.160667
0.168397
0.177884
0.159601
0.18227
0.177377
0.154545
0.214689
0.210116
0.200432
0.205378
0.198449
0.190237
0.195675
0.204857
0.154119
0.150827
0.172466
0.166769
0.152478
0.155069
0.190649
0.192105
0.160256
0.201856
0.195158
0.157807
0.201914
0.2071
0.204092
0.203041
0.214964
0.206764
0.205171
0.211814
0.16754
0.187869
0.188568
0.166498
0.179414
0.185103
0.192005
0.186457
0.196414
0.201789
0.196885
0.190631
0.162341
0.16442
0.18907
0.203663
0.15772
0.143715
0.149506
0.160556
0.170879
0.178029
0.168517
0.160796
0.191772
0.183593
0.175974
0.18481
0.161114
0.163393
0.155251
0.161054
0.167571
0.166536
0.188629
0.187953
0.162366
0.203724
0.189146
0.16444
0.1965
0.190732
0.196968
0.201887
0.179541
0.186851
0.192094
0.185219
0.152481
0.192228
0.190699
0.155093
0.215029
0.211889
0.205244
0.206826
0.201994
0.20313
0.204171
0.207184
0.160278
0.15781
0.195247
0.202289
0.159659
0.154628
0.177439
0.182322
0.154461
0.166864
0.17254
0.150799
0.198558
0.204955
0.195744
0.190311
0.214765
0.205451
0.200497
0.210203
0.0460295
0.0476127
0.0511109
0.0497998
0.0475858
0.0510572
0.0527235
0.0492066
0.0579996
0.0597569
0.0562404
0.0545284
0.0569145
0.0533518
0.054621
0.0581429
0.0469626
0.0504758
0.0512528
0.0477518
0.0575041
0.0582549
0.0547538
0.0539898
0.0580211
0.0545517
0.0563102
0.0598213
0.0476128
0.0492873
0.0527988
0.0510823
0.0715143
0.0721684
0.0686932
0.0680215
0.0718658
0.0684042
0.0703075
0.0738029
0.0614821
0.0633177
0.0668126
0.064943
0.061011
0.0645174
0.0652158
0.061736
0.0712132
0.0676569
0.0686178
0.072101
0.0605007
0.0616399
0.0651307
0.0640813
0.0614625
0.0649254
0.0667596
0.063259
0.0718521
0.0737615
0.0702603
0.0683885
0.284564
0.282663
0.552452
0.490944
0.283149
0.582469
0.569597
0.281622
0.597491
0.585997
0.599298
0.610065
0.488544
0.492451
0.561
0.550388
0.280398
0.557812
0.565787
0.283407
0.561331
0.570423
0.590907
0.581742
0.590115
0.605905
0.599063
0.579743
0.283387
0.286913
0.573604
0.581625
0.280381
0.283402
0.56579
0.55782
0.283365
0.581632
0.573614
0.286927
0.590112
0.579739
0.599065
0.605903
0.561331
0.581742
0.590906
0.570422
0.284563
0.490868
0.552548
0.282695
0.488542
0.550387
0.560998
0.492459
0.597491
0.610063
0.599297
0.585997
0.283152
0.281619
0.569607
0.582476
0.177924
0.173114
0.177969
0.182259
0.173597
0.185238
0.189248
0.204791
0.203992
0.20703
0.19615
0.192142
0.207224
0.202112
0.193542
0.197881
0.0733197
0.0735067
0.170644
0.15186
0.0812583
0.187295
0.176908
0.0923104
0.201825
0.18867
0.185591
0.200453
0.171135
0.167815
0.179225
0.181914
0.067469
0.111915
0.156636
0.0795444
0.124049
0.172817
0.169113
0.125562
0.211505
0.21134
0.211212
0.211949
0.0874158
0.0897903
0.186847
0.195049
0.142525
0.185776
0.178408
0.132302
0.212074
0.20827
0.213269
0.210714
0.212592
0.214412
0.216086
0.213997
0.123215
0.126714
0.1718
0.168019
0.177957
0.18229
0.177984
0.173147
0.207285
0.197903
0.193572
0.202165
0.204002
0.192103
0.196147
0.207056
0.17347
0.204741
0.18923
0.185155
0.142531
0.132315
0.178456
0.185829
0.123213
0.16803
0.171837
0.126717
0.212623
0.214037
0.216124
0.214433
0.212117
0.210768
0.213315
0.208294
0.0674535
0.0793936
0.156647
0.111919
0.0873975
0.195348
0.18674
0.08944
0.211543
0.211971
0.211254
0.211398
0.124059
0.125574
0.16914
0.172847
0.0731518
0.1534
0.170526
0.0733616
0.170931
0.181767
0.179007
0.167465
0.201842
0.200492
0.185585
0.188857
0.0812476
0.0923103
0.176941
0.187237
0.0742749
0.0756446
0.0759658
0.0789999
0.0733503
0.0729825
0.0745876
0.0752101
0.0534322
0.0532462
0.0740528
0.0726572
0.0272653
0.0760147
0.0751799
0.0541885
0.0744972
0.0792096
0.0759732
0.0756829
0.0271134
0.054093
0.0751494
0.0759655
0.0533353
0.0726475
0.0740254
0.0531864
0.0733585
0.0752362
0.0745888
0.0729819
0.00645975
0.000932802
0.00342911
0.0102894
0.00110404
0.00434717
0.00595121
0.000714253
0.0345146
0.0316036
0.0127209
0.0160473
0.0208307
0.0156074
0.0113714
0.0319735
0.00664984
0.0106617
0.00356294
0.000563995
0.0206287
0.0321115
0.0115289
0.0159299
0.0345381
0.0160642
0.0127678
0.0316704
0.00110437
0.000736025
0.00595985
0.00435562
0.269654
0.306289
0.535461
0.55646
0.333523
0.467153
0.503134
0.345339
0.470607
0.508393
0.505893
0.468996
0.551563
0.565057
0.538112
0.532289
0.101331
0.116121
0.344085
0.212212
0.124474
0.354815
0.352617
0.117373
0.428668
0.426892
0.379299
0.383598
0.328162
0.288951
0.376834
0.424637
0.101701
0.212318
0.339955
0.116123
0.328204
0.424643
0.376803
0.288723
0.428668
0.383598
0.379296
0.426893
0.124542
0.117336
0.351828
0.354616
0.269652
0.55646
0.535461
0.306277
0.551563
0.532289
0.538068
0.565057
0.470647
0.469047
0.505905
0.508394
0.333517
0.345334
0.503136
0.467206
-0.0702301
0.00536634
0.131366
0.0841847
0.111561
0.122417
0.111303
0.103449
0.181849
0.174534
0.165577
0.172714
0.0781672
0.0901734
0.134436
0.132683
-0.0703088
0.0841678
0.13138
0.00557432
0.078182
0.13279
0.134469
0.0901755
0.182019
0.172891
0.165597
0.174574
0.111786
0.103452
0.111341
0.122664
0.0428113
0.0897622
0.115926
0.0411779
0.104506
0.148557
0.136698
0.0967187
0.168706
0.158517
0.147632
0.171558
0.0472147
0.0402747
0.112516
0.114679
0.0428394
0.0410768
0.11591
0.0897435
0.0470888
0.114246
0.112403
0.0401129
0.16688
0.161167
0.147333
0.158476
0.104506
0.0967305
0.136692
0.148539
