-0.684883
0.145
-2.095
-0.763196
0.245
2.075
-0.745
0.665
-1.91288
-0.695
0.945
1.99582
0.684883
0.145
-2.095
0.763201
0.245
2.075
0.745
0.665
-1.91288
0.695
0.945
1.99577
0.0673428
0.0989671
0.105448
0.0898368
0.0673461
0.0989429
0.105639
0.0898379
-0.031356
0.0145805
0.0769135
0.0985475
0.03184
-0.0202057
-0.0537221
-0.0350534
0.0143899
0.0795923
0.0976795
0.0197344
-0.0319312
-0.062918
-0.0255107
0.0251812
0.105509
0.0972156
0.018666
-0.0318114
-0.0618619
0.0409701
0.0878823
0.135964
0.125368
0.067881
0.0205841
-0.0150305
-0.042223
0.00302854
0.0693358
0.0988969
0.0198107
-0.0321715
-0.0635211
-0.0474509
-0.0456635
-0.0739231
-0.0408186
-0.0456866
-0.0731781
0.0335001
0.0826246
0.135882
0.123801
0.0614059
0.0126468
-0.022494
-0.0422004
0.00304092
0.0693431
0.0988845
0.0198066
-0.0321721
-0.0635188
-0.0474315
-0.0456638
-0.0739209
-0.040793
-0.0456853
-0.0731743
0.0335549
0.082691
0.135953
0.12384
0.0614225
0.0126587
-0.0224827
-0.0312973
0.0146358
0.0769534
0.0985419
0.0318333
-0.0202052
-0.0537156
-0.034993
0.0144595
0.0796588
0.097669
0.0197262
-0.0319312
-0.0629119
-0.0254343
0.0252881
0.105698
0.0972413
0.0186649
-0.0318075
-0.0618525
0.0410795
0.0880095
0.136093
0.125443
0.0679167
0.0206101
-0.0150062
0.0776644
0.00124078
0.0520271
0.0383324
-0.0408669
0.0830484
0.0905418
0.0959593
0.0300429
0.0885215
0.0776644
0.0520271
0.0384072
0.0832178
0.0959639
0.0885029
0.0901865
0.17771
0.0735503
0.187141
0.110924
0.0985428
0.420312
0.563412
0.0901923
0.177724
0.187136
0.0985618
0.191938
0.191951
0.0521086
0.163778
0.258685
0.17935
0.179358
0.0928378
0.598096
0.182916
0.182919
0.088175
0.298763
0.11659
0.0306999
0.00124078
0.0385271
0.0747179
-0.0173627
0.0786197
0.0310381
0.0679077
0.0635135
0.0412792
0.016431
0.047091
0.00124148
0.0383065
0.0386535
-0.0217631
0.0746292
0.078669
0.0677211
0.0308455
0.0635211
0.0163418
0.0413061
0.0471001
0.0633927
0.0787666
0.155334
0.0740935
0.0845541
0.101098
0.157524
0.112929
0.10759
0.174689
0.101735
0.395667
0.0859849
0.178719
0.0945344
0.560803
0.0633715
0.0740938
0.0787724
0.155363
0.0845751
0.112926
0.101033
0.157521
0.107619
0.394983
0.174715
0.101735
0.0859968
0.561309
0.178718
0.094521
0.177566
0.249795
0.0349641
0.146701
0.202396
0.0547966
0.151675
0.10727
0.0601691
0.155374
0.177961
0.0930914
0.145268
0.223641
0.188929
0.159892
0.0852009
0.137243
0.168996
0.272982
0.17757
0.249795
0.202407
0.0547967
0.151594
0.107284
0.177983
0.093116
0.188937
0.160647
0.168975
0.273044
0.156198
0.0942488
0.187961
0.178358
0.0670792
0.0823032
0.179844
0.189851
0.101945
0.0956782
0.178035
0.597537
0.237732
0.569737
0.59086
0.483494
0.156206
0.0942495
0.187981
0.178372
0.179846
0.189846
0.178032
0.597335
0.164501
0.201772
0.179998
0.161991
0.164196
0.161978
0.180013
0.201782
0.0362214
0.0362214
0.0684234
0.0684231
0.13623
0.206727
0.20764
0.136431
0.152172
0.234413
0.234554
0.152171
0.15599
0.155418
0.17849
0.176845
0.156023
0.176857
0.178475
0.155421
0.0841734
0.0841741
0.103962
0.103963
0.551093
0.590903
0.590893
0.550891
0.186302
0.143393
0.142773
0.178317
0.186308
0.178319
0.142739
0.143412
0.0981373
0.0981479
0.0642712
0.0778472
0.459329
0.074929
0.0749778
0.4594
0.180827
0.180796
0.121145
0.1214
0.0129927
0.0176821
0.0283584
0.046781
-0.0126946
0.0369693
0.0188305
0.0384313
0.0325285
0.0277462
0.0055343
0.0256322
0.0176934
0.0231341
0.0284153
-0.00975536
0.0464268
0.0394559
0.0383798
0.0189259
0.0325286
0.00394962
0.0277841
0.0256518
0.0619882
0.0730693
0.159411
0.0679664
0.100736
0.0991713
0.113363
0.110271
0.110279
0.15332
0.103569
0.350394
0.0879523
0.150794
0.0922111
0.380531
0.0619913
0.0679669
0.0730703
0.159437
0.100836
0.110268
0.101323
0.113362
0.110295
0.348486
0.153295
0.103561
0.0879554
0.380529
0.150799
0.0922117
0.0334277
0.0665309
0.13797
0.220111
0.00124043
0.00124113
0.0251078
0.181236
0.046359
0.0576697
0.204543
0.0561407
0.0889003
0.039123
0.120617
0.0931744
-0.0237651
-0.0338524
0.029463
0.141019
0.0873521
0.0859699
0.173869
0.0941109
0.0816295
0.0816174
0.124779
0.228511
0.0835285
0.102602
0.152516
0.149481
0.0246447
0.0246017
0.0583668
0.123657
0.0663328
0.10062
0.135285
0.233516
0.0421748
0.0665277
0.138111
0.220082
0.046359
0.0576697
0.204547
0.0561407
0.0889153
0.0391288
0.120617
0.0932121
0.0875122
0.0858559
0.173904
0.0942171
0.0835661
0.102597
0.152551
0.149528
0.0663897
0.100617
0.135294
0.233533
0.0844736
0.0959178
0.115376
0.0901142
0.177809
0.177448
0.174615
0.178154
0.0725257
0.0725259
0.06935
0.0773283
0.180547
0.191201
0.180603
0.188998
0.111347
0.111345
0.106435
0.110985
0.100163
0.0971256
0.157657
0.395454
0.416465
0.416288
0.328724
0.501524
0.570066
0.569938
0.578493
0.536485
0.0844806
0.0959197
0.115368
0.0901151
0.177831
0.177479
0.174643
0.178165
0.180548
0.191198
0.180628
0.18898
0.100172
0.0971298
0.15747
0.395454
0.193899
0.196375
0.189328
0.194354
0.193927
0.196385
0.189337
0.194371
0.0447046
0.0534526
0.0534526
0.0595934
0.190858
0.163297
0.163336
0.154756
0.259731
0.169343
0.195833
0.259731
0.177887
0.178666
0.179472
0.181823
0.177893
0.178717
0.179471
0.18182
0.0929296
0.0872787
0.097457
0.0929299
0.605371
0.59331
0.596635
0.604938
0.178599
0.179773
0.189208
0.187676
0.178549
0.179782
0.189137
0.187664
0.080236
0.0906333
0.0906454
0.0938718
0.193188
0.293568
0.293481
0.396869
0.114816
0.210168
0.134676
0.114767
0.114227
0.162957
0.0257365
0.174246
0.15081
0.0397314
0.1141
0.15878
0.0724467
0.155269
0.12863
0.0715714
0.101738
0.156816
0.109336
0.198466
0.127808
0.119554
0.119939
0.0989768
0.0462665
0.107992
0.110037
0.0647649
0.0257368
0.174151
0.114555
0.165053
0.150567
0.0397543
0.0310829
0.155424
0.114059
0.158786
0.128819
0.0715848
0.109191
0.197788
0.101739
0.156831
0.127774
0.119573
0.0462718
0.107926
0.119693
0.0989783
0.110092
0.0636047
0.203731
0.0656259
0.137664
0.0790424
0.168967
0.155678
0.0702142
0.0791465
0.181783
0.0974401
0.112332
0.100794
0.154709
0.183069
0.107113
0.112637
0.149379
0.168436
0.169767
0.175947
0.154142
0.396021
0.301178
0.478457
0.151616
0.427822
0.178913
0.177963
0.152646
0.384495
0.577468
0.524812
0.203733
0.0653765
0.0702146
0.0791471
0.13765
0.0790434
0.16883
0.155704
0.181788
0.0974484
0.107111
0.112641
0.112331
0.100787
0.154709
0.183073
0.149347
0.170701
0.30329
0.478201
0.169799
0.175959
0.154141
0.395971
0.151125
0.427322
0.577423
0.524491
0.178919
0.178016
0.152627
0.384474
0.173161
0.176414
0.177382
0.250475
0.0355928
0.0355928
0.149559
0.149559
0.203011
0.202248
0.0466757
0.0616094
0.151404
0.152645
0.20002
0.120646
0.0625207
0.0624184
0.157939
0.158339
0.182767
0.172216
0.0975594
0.0853016
0.140786
0.140718
0.221926
0.221893
0.190949
0.185796
0.151532
0.162585
0.0819916
0.0820774
0.131809
0.131722
0.159461
0.176374
0.369178
0.167157
0.173331
0.176481
0.250159
0.177395
0.203001
0.202241
0.0466757
0.0616095
0.152625
0.151452
0.200037
0.120675
0.18278
0.172237
0.0975772
0.0853207
0.185801
0.191077
0.162034
0.151965
0.176371
0.15942
0.16718
0.369621
0.156332
0.156015
0.0892009
0.09901
0.198733
0.186952
0.178173
0.179649
0.0677513
0.0677512
0.0827293
0.0827296
0.177072
0.183846
0.187724
0.190481
0.102506
0.102506
0.0969077
0.096913
0.178609
0.177464
0.588204
0.596903
0.227627
0.228504
0.573947
0.574214
0.598506
0.598505
0.477909
0.478073
0.156346
0.156022
0.0892015
0.0990099
0.186974
0.19875
0.178194
0.179666
0.183849
0.17706
0.187725
0.190479
0.177467
0.178617
0.596894
0.588624
0.115755
0.203122
0.19842
0.127444
0.163849
0.175814
0.197732
0.203967
0.153329
0.1517
0.191633
0.173175
0.0783396
0.119148
0.18925
0.149289
0.11577
0.12767
0.198426
0.203052
0.0783432
0.14925
0.189257
0.119095
0.153314
0.173205
0.191629
0.15174
0.163893
0.203969
0.197745
0.175603
0.0293397
0.0254222
0.0456901
0.0485775
0.0293503
0.0485868
0.0456901
0.0254222
0.061228
0.0697823
0.0606014
0.0604533
0.0607536
0.0628866
0.0606014
0.0697821
0.0881788
0.138648
0.190459
0.117848
0.267672
0.322603
0.144387
0.158827
0.268306
0.158876
0.171451
0.323413
0.088181
0.11758
0.190443
0.138648
0.142529
0.193524
0.173641
0.178034
0.122788
0.220465
0.196588
0.193218
0.122805
0.193534
0.196588
0.221223
0.142293
0.178033
0.173641
0.193675
0.152311
0.124797
0.177869
0.177987
0.111717
0.176996
0.177411
0.11316
0.151557
0.15342
0.182847
0.185693
0.153914
0.178561
0.180648
0.154072
0.15225
0.178013
0.177881
0.124806
0.153898
0.154061
0.180665
0.178589
0.151542
0.185703
0.182848
0.153425
0.111719
0.113161
0.177432
0.177004
0.073514
0.0776376
0.0878216
0.0845708
0.0735148
0.0845717
0.0878219
0.0776378
0.105541
0.106925
0.0980672
0.0954486
0.105547
0.0954516
0.0980673
0.106926
0.399804
0.395798
0.599548
0.500007
0.381048
0.585741
0.603997
0.38888
0.381062
0.388864
0.60391
0.585754
0.398677
0.499848
0.599314
0.395809
0.140689
0.177857
0.184636
0.18111
0.0937807
0.122513
0.17586
0.168972
0.0947894
0.1247
0.178937
0.123067
0.15046
0.192832
0.191927
0.146744
0.144633
0.181423
0.184639
0.177877
0.150462
0.146749
0.191783
0.192827
0.0946593
0.123051
0.178991
0.124685
0.0939473
0.16902
0.175867
0.122462
0.116406
0.111811
0.0957156
0.0979229
0.116408
0.0979035
0.0957245
0.111813
0.0343831
0.0303129
0.0827781
0.0898531
0.0380568
0.0898272
0.0827686
0.0317514
0.38326
0.329726
0.39047
0.537558
0.0363791
0.0537218
0.186962
0.12993
0.0360536
0.130028
0.18704
0.0536608
0.383296
0.537461
0.390394
0.329777
0.130785
0.144135
0.209554
0.17563
0.129339
0.175647
0.209549
0.144393
0.0877246
0.118144
0.129829
0.104257
0.0877939
0.10445
0.130015
0.118086
0.00701773
0.0170953
0.0216467
0.0237502
-0.00585083
0.0156042
0.00873037
0.0245099
0.0150193
0.0145733
0.0121668
0.0146244
0.0171108
-0.013476
0.0217226
-0.00365623
0.0236127
0.0180661
0.0246593
0.00796066
0.0149378
0.0122261
0.0150759
0.0146871
0.0648273
0.0702248
0.142469
0.0674207
0.0984766
0.099914
0.127436
0.110155
0.111538
0.133442
0.105553
0.255169
0.0890065
0.129379
0.0911393
0.233012
0.0648305
0.0674212
0.0702297
0.142479
0.0984388
0.11015
0.099948
0.127448
0.111588
0.253564
0.133435
0.105679
0.0890026
0.232999
0.129392
0.091155
0.0459109
0.0796579
0.113739
0.184654
0.0012406
0.00124095
0.0176895
0.169215
0.0492066
0.0548482
0.177777
0.0540647
0.0782774
0.0335145
0.0946495
0.0746863
-0.0257213
-0.0412132
-0.0225232
0.132095
0.0851168
0.0825147
0.171824
0.0863652
0.086676
0.0866516
0.109073
0.173827
0.0909614
0.099823
0.126415
0.145997
0.0274382
0.0273884
0.0448419
0.118662
0.0750064
0.0946247
0.112207
0.209876
0.0550417
0.079708
0.113846
0.184671
0.0492066
0.0548482
0.177765
0.0540647
0.0783319
0.0336327
0.094744
0.0747857
0.0852088
0.0817511
0.171865
0.0863969
0.090997
0.0998252
0.12636
0.146051
0.0750144
0.0945352
0.112223
0.20941
0.0873311
0.0930622
0.132341
0.0900397
0.178726
0.177916
0.176458
0.178236
0.0724295
0.0724296
0.0722702
0.0748407
0.186077
0.188884
0.18384
0.188753
0.111135
0.111135
0.108679
0.111118
0.0991519
0.0978039
0.131818
0.244012
0.418607
0.41816
0.374327
0.462163
0.568273
0.56816
0.57227
0.549917
0.0873335
0.0930693
0.13236
0.0900408
0.178757
0.177944
0.176419
0.178272
0.186076
0.18888
0.18384
0.188751
0.0991563
0.0978053
0.131818
0.244024
0.193436
0.195236
0.190895
0.193186
0.193447
0.195247
0.190907
0.193201
0.0484114
0.0527806
0.0527806
0.0558509
0.17961
0.163487
0.163597
0.169572
0.25927
0.244234
0.263934
0.25927
0.17994
0.17892
0.179508
0.180799
0.179952
0.178898
0.179518
0.180795
0.0925998
0.0897743
0.0952171
0.0925999
0.602869
0.595869
0.599298
0.603071
0.181695
0.181825
0.186333
0.184844
0.181694
0.181831
0.186538
0.18484
0.0841916
0.0894041
0.0894102
0.0930631
0.247749
0.297127
0.29703
0.3478
0.115608
0.179184
0.125523
0.115558
0.0290513
0.0302909
0.0834575
0.0855081
0.00136367
0.0012406
0.0180031
0.154835
0.0333065
0.0435405
0.138985
0.038976
0.0607211
0.0819662
0.0998581
0.139106
0.0310856
-0.0176537
0.0705483
0.034557
0.0610855
0.0891293
0.118334
0.0754027
0.0252888
0.0363786
0.0699648
0.112335
0.0466472
0.0755162
0.0906972
0.143865
0.0498026
0.0736708
0.0907698
0.113532
0.037835
0.0429744
0.0945325
0.0803766
0.008884
0.0220048
0.0319929
0.0965892
0.0363823
0.0571206
0.0846687
0.0676944
0.00136443
0.00124131
0.0180043
0.154832
0.0366146
0.0424328
0.0836223
0.0899787
0.0335198
0.0435405
0.13906
0.0390145
-0.0153952
-0.0279873
0.00108518
0.113532
0.0607634
0.0819739
0.0998238
0.139081
0.060966
0.0897511
0.118316
0.0754166
0.0467978
0.0754849
0.0903073
0.143945
0.0253358
0.0363155
0.0699642
0.113251
0.0498185
0.0736793
0.0908049
0.113487
0.00880155
0.0219213
0.0319117
0.0978439
0.0378485
0.042947
0.0944373
0.0804137
0.0363999
0.0571188
0.0846659
0.0673821
0.0661855
0.0605175
0.18326
0.065577
0.07591
0.0816131
0.139207
0.0787311
0.134607
0.168863
0.155296
0.15551
0.0738935
0.0726219
0.0728947
0.0766327
0.0825539
0.0857236
0.179521
0.0906043
0.0996681
0.0987401
0.124047
0.101121
0.136882
0.171738
0.156277
0.158279
0.111154
0.111558
0.109138
0.112367
0.111186
0.105097
0.134334
0.146047
0.164942
0.176525
0.172247
0.175467
0.103195
0.10085
0.132604
0.239965
0.37729
0.409397
0.349915
0.438165
0.0869185
0.0906616
0.12791
0.327284
0.167965
0.191715
0.178675
0.178135
0.0933894
0.0958001
0.130741
0.234143
0.51533
0.567833
0.570726
0.543954
0.0661856
0.0605011
0.183296
0.0655724
0.0738939
0.0726222
0.0728951
0.0766333
0.0759159
0.0816154
0.139214
0.0787322
0.134616
0.168905
0.155319
0.155546
0.0826205
0.0855967
0.179524
0.0906116
0.111153
0.111556
0.109136
0.112367
0.100926
0.0985147
0.124061
0.101111
0.136883
0.171737
0.156275
0.158278
0.111253
0.105098
0.134317
0.146085
0.377693
0.409178
0.350391
0.438097
0.164964
0.176554
0.172275
0.175477
0.103205
0.100965
0.132605
0.239949
0.086934
0.0903811
0.127945
0.327154
0.515326
0.567435
0.570631
0.541304
0.167961
0.191713
0.178664
0.178141
0.0933953
0.0957993
0.130745
0.234127
0.159202
0.184549
0.176805
0.17795
0.237743
0.256276
0.238928
0.253701
0.0300302
0.0410087
0.0352784
0.0352784
0.135381
0.158022
0.148129
0.148129
0.202855
0.198026
0.202698
0.202489
0.0554686
0.0541246
0.050741
0.0582029
0.136243
0.167709
0.154468
0.152186
0.111734
0.11395
0.16667
0.114834
0.0454215
0.0706696
0.0614001
0.0612917
0.148128
0.194146
0.156782
0.156715
0.175914
0.178843
0.180186
0.175019
0.0943205
0.0918623
0.0973652
0.0891818
0.136715
0.19754
0.14338
0.143166
0.246464
0.225223
0.222072
0.222072
0.183973
0.188308
0.190135
0.187457
0.154707
0.162001
0.155718
0.164045
0.071885
0.138611
0.0836803
0.0837843
0.132243
0.138394
0.134721
0.134635
0.153364
0.187937
0.164498
0.17267
0.254584
0.288057
0.320838
0.22043
0.159206
0.184515
0.176377
0.1773
0.237743
0.256276
0.253721
0.238927
0.202861
0.198034
0.202691
0.202497
0.0554687
0.0541246
0.050741
0.058203
0.136321
0.167721
0.152191
0.154474
0.111637
0.113897
0.170864
0.114856
0.175942
0.178859
0.180204
0.17504
0.0943513
0.0918807
0.0973864
0.0892035
0.183995
0.188258
0.187463
0.190147
0.154734
0.162173
0.164695
0.156468
0.15335
0.18784
0.17265
0.164493
0.254595
0.288065
0.220447
0.321302
0.134652
0.168647
0.156272
0.156081
0.0942703
0.0932595
0.0917248
0.0969896
0.188818
0.195326
0.193064
0.186984
0.178059
0.17877
0.179204
0.179199
0.0708067
0.0633361
0.0674153
0.0674152
0.0798156
0.0847904
0.0825162
0.0825164
0.180131
0.17961
0.180222
0.182036
0.185852
0.188528
0.188592
0.190162
0.10419
0.0997009
0.102226
0.102226
0.0965069
0.0947466
0.096293
0.0962956
0.168173
0.182278
0.178364
0.177768
0.543908
0.602988
0.593588
0.599892
0.283229
0.193509
0.232777
0.233709
0.540516
0.583986
0.573384
0.573243
0.584717
0.593811
0.596216
0.596216
0.51354
0.442534
0.481401
0.481324
0.134665
0.16866
0.156273
0.156087
0.0942712
0.09326
0.0917254
0.0969899
0.18894
0.195345
0.187005
0.191994
0.178087
0.17879
0.179225
0.179223
0.180135
0.179608
0.182041
0.180223
0.185852
0.188523
0.188591
0.190157
0.168158
0.182288
0.177773
0.178364
0.543897
0.603644
0.599865
0.59408
0.139705
0.15957
0.168646
0.194526
0.202768
0.194397
0.201982
0.201589
0.168953
0.173585
0.185253
0.185791
0.13356
0.153899
0.169802
0.18182
0.139995
0.159545
0.168662
0.194506
0.133569
0.153969
0.169813
0.18185
0.168925
0.173349
0.185225
0.185878
0.202775
0.194406
0.20198
0.201602
0.0309732
0.0377395
0.0359071
0.0426214
0.0309733
0.0374613
0.0359071
0.0426214
0.0690292
0.0719111
0.0650162
0.0680873
0.0690306
0.0719108
0.065016
0.0680872
0.124648
0.12444
0.139005
0.14589
0.190556
0.253403
0.157658
0.222629
0.191103
0.25585
0.190358
0.223007
0.124346
0.124388
0.13906
0.146001
0.189861
0.139443
0.164713
0.150675
0.180757
0.223417
0.24308
0.221068
0.223438
0.18057
0.221066
0.243071
0.139442
0.190332
0.150719
0.164842
0.134694
0.155837
0.156164
0.1686
0.134624
0.155043
0.155791
0.16801
0.178771
0.168521
0.184814
0.178574
0.176531
0.166153
0.179231
0.17712
0.134723
0.155864
0.156193
0.168623
0.176543
0.166146
0.179251
0.177124
0.178772
0.168511
0.184803
0.178566
0.134628
0.155044
0.155794
0.168015
0.0840847
0.0816599
0.0866864
0.0829424
0.0816604
0.0840854
0.0829428
0.0866872
0.105085
0.103466
0.102786
0.101035
0.103468
0.105087
0.101035
0.102787
0.524465
0.516488
0.573692
0.567229
0.531307
0.584244
0.593769
0.596952
0.584216
0.531298
0.596944
0.593784
0.516563
0.524519
0.567165
0.574724
0.184044
0.181259
0.184332
0.187029
0.129383
0.137357
0.147422
0.158278
0.132632
0.129131
0.154375
0.152949
0.165577
0.177894
0.177326
0.192956
0.184049
0.18126
0.184343
0.187032
0.166704
0.177911
0.177322
0.192953
0.132425
0.129136
0.154365
0.152923
0.12939
0.137334
0.147436
0.158328
0.0982795
0.0985623
0.09782
0.0975225
0.098289
0.0985697
0.0978339
0.0975305
0.049351
0.0681219
0.0632383
0.075371
0.0708073
0.0681458
0.0635455
0.0814316
0.440778
0.494565
0.417255
0.47365
0.060483
0.0696917
0.0799259
0.112855
0.0605772
0.0694517
0.0799455
0.11286
0.440827
0.494607
0.41724
0.473683
0.174678
0.170336
0.191391
0.161487
0.1701
0.174683
0.161498
0.191442
0.116885
0.112983
0.129038
0.122834
0.113083
0.117051
0.123007
0.128981
0.0672082
0.101662
0.0234454
0.120104
0.0899151
0.0293431
0.0759044
0.109171
0.0115536
0.0996066
0.0778892
0.0350155
0.0552734
0.0843159
0.0673737
0.094999
0.0566563
0.0794691
0.0756691
0.0656862
0.0219855
0.0714809
0.0666286
0.0399467
0.0234653
0.120143
0.0674161
0.100802
0.089936
0.0293703
0.0112288
0.0985453
0.0758317
0.109208
0.0780214
0.036129
0.0673454
0.0951804
0.0553007
0.0841446
0.0566533
0.0794444
0.020317
0.0721618
0.0753303
0.06596
0.0666364
0.0398936
0.139588
0.0613689
0.143357
0.0730864
0.164642
0.15873
0.0643612
0.0704433
0.11949
0.117397
0.128749
0.105548
0.112503
0.113792
0.107909
0.113245
0.134454
0.219468
0.153363
0.153759
0.133081
0.239881
0.308988
0.383795
0.129583
0.236344
0.151299
0.150695
0.129932
0.232003
0.379421
0.38198
0.139529
0.0613688
0.0643614
0.070444
0.143369
0.0730869
0.164656
0.158656
0.11949
0.117398
0.107904
0.113244
0.128788
0.105769
0.112504
0.11379
0.134456
0.219492
0.308691
0.383394
0.153364
0.153759
0.133076
0.23986
0.129588
0.236358
0.379421
0.381998
0.15127
0.150693
0.129922
0.232011
0.100685
0.104703
0.0959788
0.162457
0.13358
0.139033
0.192648
0.22264
0.0178463
0.162532
0.0178469
0.162515
0.025265
0.025265
0.179699
0.179703
0.174235
0.0478981
0.179404
0.0598146
0.205248
0.204247
0.0523639
0.0595146
0.110945
0.156178
0.0983561
0.07525
0.123362
0.122219
0.151123
0.0906245
-0.0237484
0.128858
-0.011188
0.130328
0.0299374
0.030639
0.142465
0.142315
0.168488
0.0879273
0.175729
0.0903112
0.175869
0.171446
0.0982501
0.0920374
0.101178
0.16285
0.101019
0.162784
0.12146
0.121241
0.225082
0.225683
0.11271
0.134251
0.131876
0.155706
0.153231
0.154048
0.144236
0.154306
0.039863
0.110601
0.0398348
0.110965
0.0560822
0.056119
0.121209
0.121188
0.0998782
0.106737
0.12447
0.283225
0.129357
0.140625
0.283073
0.181752
0.100908
0.109053
0.0959841
0.162392
0.133739
0.139031
0.22253
0.190882
0.174226
0.0479027
0.179418
0.0598138
0.205226
0.20425
0.0523685
0.0595139
0.110966
0.156109
0.0983079
0.0752826
0.122225
0.123389
0.151285
0.0936321
0.168533
0.0879809
0.175721
0.0903067
0.175896
0.171476
0.0980992
0.0920884
0.112708
0.134248
0.131835
0.155733
0.154043
0.153237
0.154249
0.144245
0.099897
0.106778
0.124474
0.282113
0.140625
0.129455
0.181768
0.282916
0.134695
0.0843789
0.125174
0.0956056
0.120085
0.113638
0.0872137
0.0927187
0.176347
0.177856
0.175295
0.178009
0.175528
0.173912
0.179038
0.178699
0.0725824
0.0750916
0.0725826
0.0750918
0.0695661
0.069566
0.0774829
0.077483
0.1792
0.18047
0.188416
0.192385
0.180804
0.183232
0.186677
0.191129
0.109136
0.111743
0.109135
0.111743
0.10668
0.10668
0.111398
0.111399
0.132176
0.242276
0.131388
0.238511
0.158181
0.157689
0.395515
0.392169
0.369922
0.459952
0.369748
0.459969
0.325531
0.326221
0.501136
0.500693
0.579325
0.553921
0.579343
0.553571
0.5836
0.583607
0.538262
0.53813
0.134723
0.0843801
0.125168
0.0956043
0.120088
0.113634
0.0872147
0.0927176
0.176382
0.177869
0.175324
0.178039
0.17394
0.175553
0.179063
0.178721
0.179188
0.180469
0.188416
0.192381
0.183236
0.180803
0.186676
0.191126
0.13219
0.242265
0.131382
0.238523
0.157243
0.158001
0.392187
0.395476
0.197614
0.192242
0.19743
0.197072
0.190468
0.189388
0.195639
0.193281
0.197622
0.192251
0.197438
0.197083
0.189397
0.190479
0.193297
0.195653
0.0451974
0.0451974
0.0495762
0.0570269
0.0495762
0.0570269
0.0600974
0.0600974
0.191207
0.191188
0.180174
0.168305
0.168169
0.180012
0.141394
0.179681
0.249069
0.264146
0.171492
0.171492
0.195245
0.195245
0.264151
0.249069
0.17804
0.177699
0.179419
0.179728
0.180079
0.181274
0.182356
0.181217
0.178055
0.177701
0.179435
0.180022
0.18128
0.180087
0.181231
0.182362
0.0903756
0.0958521
0.0875501
0.0875503
0.0977621
0.0977621
0.0903759
0.0958522
0.602707
0.606664
0.596369
0.596645
0.601826
0.601718
0.606661
0.602186
0.178149
0.179578
0.181946
0.177821
0.182908
0.188074
0.186778
0.190384
0.179516
0.178424
0.181953
0.177831
0.188075
0.182888
0.186774
0.190258
0.081507
0.0815023
0.0952141
0.0866867
0.0952247
0.0866976
0.0947937
0.0947981
0.190974
0.191083
0.342054
0.241689
0.241799
0.34189
0.394558
0.39451
0.178264
0.122401
0.210048
0.210046
0.132333
0.132509
0.178679
0.122091
0.125822
0.121126
0.148955
0.179833
0.0263085
0.0255793
0.161749
0.176375
0.130049
0.198399
0.034516
0.0448022
0.105154
0.118645
0.146462
0.167817
0.0384597
0.0540503
0.146345
0.151027
0.111372
0.157675
0.0551098
0.0814455
0.0943036
0.10946
0.143834
0.164874
0.0930638
0.113805
0.158895
0.212213
0.103803
0.139373
0.105182
0.129584
0.110613
0.127774
0.0974215
0.0981687
0.0400456
0.0513287
0.0990775
0.115364
0.102416
0.119883
0.051161
0.079197
0.0263135
0.0255795
0.161686
0.176371
0.125884
0.121455
0.148805
0.181044
0.1303
0.198376
0.0345408
0.044816
0.0328336
0.0307144
0.146379
0.150535
0.105153
0.118647
0.146358
0.167822
0.11143
0.157698
0.0547694
0.0814648
0.0930571
0.113622
0.159871
0.210055
0.0943057
0.10943
0.143831
0.164444
0.103858
0.139376
0.10517
0.129603
0.0400447
0.0512705
0.0989632
0.115408
0.11061
0.12776
0.0974615
0.0983326
0.102435
0.119824
0.0499328
0.0791124
0.199907
0.203769
0.0672847
0.0643623
0.145123
0.1302
0.0760302
0.0816184
0.1629
0.172192
0.134566
0.168859
0.0693628
0.0699982
0.0790028
0.0777929
0.177165
0.179832
0.100332
0.0976549
0.112006
0.112769
0.103184
0.0981176
0.134478
0.167867
0.181735
0.184469
0.108576
0.107102
0.115208
0.112224
0.151065
0.149483
0.219658
0.134342
0.163914
0.171854
0.165597
0.177906
0.154167
0.154115
0.395219
0.396782
0.291357
0.31641
0.455827
0.492132
0.147851
0.148284
0.437439
0.375703
0.168385
0.187108
0.167472
0.192884
0.152072
0.15309
0.382663
0.386906
0.523841
0.584043
0.519631
0.533969
0.199912
0.203771
0.0670429
0.0625578
0.0694325
0.0699984
0.0790035
0.0777932
0.145112
0.130202
0.076031
0.0816194
0.162991
0.172178
0.134587
0.168876
0.177761
0.179843
0.100094
0.0976703
0.108573
0.1071
0.115211
0.112227
0.112007
0.11277
0.103178
0.0981124
0.134483
0.16787
0.182151
0.184475
0.151049
0.149463
0.220191
0.136416
0.291973
0.317252
0.456345
0.491419
0.163918
0.171879
0.165614
0.177931
0.154174
0.154117
0.395191
0.396781
0.147685
0.148281
0.437377
0.375604
0.523875
0.583922
0.519643
0.533732
0.168382
0.187104
0.167469
0.192883
0.152048
0.153087
0.382659
0.386886
0.190844
0.150623
0.148958
0.18079
0.215911
0.175493
0.22049
0.227491
0.0305017
0.0418151
0.0418151
0.0305018
0.1616
0.137537
0.137537
0.1616
0.204116
0.199748
0.20021
0.202757
0.0461829
0.0476266
0.0622491
0.0611054
0.137282
0.165088
0.167966
0.137928
0.207587
0.192414
0.111883
0.127537
0.0473877
0.0730203
0.0730126
0.047475
0.150902
0.189183
0.189819
0.151638
0.180311
0.183716
0.174076
0.170551
0.0966375
0.0982451
0.087926
0.0840349
0.196089
0.131327
0.131041
0.196166
0.238726
0.209212
0.209212
0.238957
0.179113
0.192315
0.184096
0.179319
0.1441
0.15434
0.152188
0.16435
0.0678335
0.132255
0.1323
0.0677283
0.127105
0.133255
0.133164
0.127054
0.144302
0.176284
0.190035
0.161391
0.350984
0.384204
0.18076
0.149744
0.150688
0.190849
0.180796
0.148981
0.227656
0.220548
0.175492
0.215957
0.199754
0.204093
0.202762
0.200216
0.0476312
0.0461829
0.0611055
0.0622484
0.137918
0.168142
0.1651
0.137288
0.192421
0.207987
0.127453
0.111932
0.183722
0.180328
0.170596
0.174087
0.0982654
0.0966509
0.0840494
0.0879485
0.179375
0.184101
0.192331
0.179065
0.164381
0.155249
0.15441
0.144101
0.161389
0.190483
0.176283
0.144286
0.149783
0.18079
0.384289
0.350836
0.134743
0.168508
0.168255
0.134682
0.0880925
0.0891668
0.0992869
0.0983673
0.191668
0.198335
0.193173
0.181087
0.177978
0.178191
0.179113
0.180139
0.0713589
0.0641761
0.0641761
0.0713587
0.0801833
0.085275
0.0852752
0.0801835
0.176935
0.177276
0.183316
0.18485
0.185882
0.182886
0.193122
0.189772
0.104716
0.100286
0.100286
0.104716
0.0975346
0.0962833
0.0962902
0.0975383
0.168666
0.183517
0.180615
0.166944
0.5416
0.595829
0.602811
0.538518
0.274872
0.18231
0.185254
0.276199
0.588874
0.539973
0.539958
0.589516
0.592164
0.601269
0.601278
0.592171
0.436385
0.510023
0.510377
0.436502
0.168527
0.134748
0.134688
0.168264
0.0891675
0.088093
0.0983672
0.099286
0.181096
0.193106
0.198348
0.191691
0.178222
0.177997
0.18016
0.179138
0.184854
0.183319
0.177275
0.176942
0.182885
0.185884
0.18977
0.193106
0.166949
0.180628
0.183525
0.16863
0.538497
0.602714
0.596186
0.541599
0.0544596
0.115311
0.14712
0.0755322
0.178474
0.20344
0.19619
0.176355
0.196495
0.189354
0.192007
0.198891
0.107797
0.0922949
0.145091
0.155987
0.141261
0.133161
0.197833
0.180267
0.17715
0.190723
0.194057
0.167601
0.195602
0.198986
0.201327
0.195458
0.178119
0.181377
0.202728
0.202831
0.134019
0.134883
0.163813
0.164397
0.12925
0.181573
0.173712
0.133281
0.192139
0.194037
0.192972
0.191208
0.175961
0.174155
0.177956
0.184242
0.0384305
0.0630795
0.125619
0.0750301
0.115429
0.160937
0.141389
0.077675
0.191649
0.185502
0.177682
0.184039
0.120513
0.101648
0.168618
0.184261
0.0545424
0.0716344
0.147307
0.115394
0.107896
0.156047
0.14529
0.0922527
0.196504
0.198898
0.192012
0.18934
0.178464
0.1764
0.196159
0.203419
0.03854
0.0750252
0.125738
0.0630734
0.120587
0.184263
0.168676
0.101653
0.191659
0.184045
0.177672
0.185507
0.115472
0.0776474
0.141394
0.160923
0.134027
0.164407
0.163826
0.134899
0.17599
0.184151
0.177981
0.174182
0.192154
0.191228
0.193017
0.19404
0.129247
0.133288
0.173704
0.181572
0.141271
0.180241
0.197844
0.133181
0.178118
0.202836
0.202734
0.181411
0.195623
0.195451
0.201349
0.198995
0.177176
0.167633
0.194078
0.190756
0.0216581
0.0194373
0.0318746
0.0341316
0.017768
0.030266
0.0307375
0.0179247
0.0489938
0.0501586
0.0422182
0.0414119
0.0509868
0.0446624
0.0437118
0.0515524
0.0216867
0.0341748
0.0318815
0.0194416
0.0509891
0.0515548
0.0437187
0.0446786
0.0489938
0.0414119
0.0422182
0.0501586
0.0177682
0.0179256
0.0307375
0.030266
0.0645921
0.0723833
0.0718229
0.0672938
0.0724264
0.0710828
0.071635
0.0727388
0.0564389
0.057615
0.0645962
0.0637561
0.0569392
0.0626929
0.0656386
0.0588584
0.064592
0.0672611
0.0717888
0.0723482
0.0569395
0.0588588
0.0656396
0.0626956
0.0564389
0.0637561
0.064596
0.0576149
0.0724263
0.0727386
0.0716348
0.0710827
0.0558116
0.0980016
0.109798
0.0728983
0.140667
0.149355
0.13605
0.124154
0.180623
0.197357
0.149348
0.158474
0.105485
0.0963578
0.128065
0.134218
0.236542
0.336387
0.240335
0.187761
0.372237
0.278744
0.269624
0.363594
0.169018
0.166528
0.176846
0.18843
0.150997
0.15617
0.143058
0.159677
0.235869
0.18782
0.241569
0.337009
0.150923
0.159647
0.145362
0.156217
0.168901
0.187855
0.179503
0.16678
0.372039
0.363561
0.270267
0.280224
0.0558595
0.0731194
0.109793
0.0979804
0.105273
0.134056
0.127884
0.0958861
0.180483
0.158611
0.149403
0.197401
0.140677
0.124161
0.136049
0.149351
0.063852
0.0733346
0.175862
0.145085
0.114933
0.228322
0.203047
0.0965194
0.24671
0.15981
0.163079
0.244169
0.166115
0.158827
0.138652
0.136457
0.0610256
0.105623
0.175405
0.100809
0.169177
0.243382
0.239646
0.154407
0.264039
0.260419
0.209034
0.208649
0.189736
0.122624
0.184642
0.240602
0.061045
0.100746
0.175694
0.105718
0.189764
0.24069
0.185776
0.122676
0.264045
0.208649
0.209033
0.260491
0.169069
0.154587
0.239673
0.243611
0.0619764
0.146896
0.17641
0.0802238
0.166113
0.136456
0.138561
0.158822
0.24671
0.244169
0.163079
0.15981
0.121899
0.101876
0.203325
0.228338
0.145119
0.1416
0.134612
0.134592
0.134455
0.134695
0.134776
0.136481
0.179776
0.179246
0.168527
0.168691
0.178883
0.168886
0.168732
0.179177
0.129281
0.135645
0.13452
0.126672
0.183425
0.180437
0.167938
0.169802
0.180071
0.168451
0.168108
0.180106
0.128731
0.124423
0.134689
0.134662
0.12965
0.130447
0.168331
0.168157
0.131602
0.169884
0.168694
0.131012
0.181064
0.181596
0.184129
0.182941
0.185999
0.189415
0.186133
0.182619
0.133306
0.165297
0.16588
0.13285
0.17836
0.178978
0.178559
0.177241
0.180458
0.181448
0.179953
0.179545
0.132005
0.132372
0.166505
0.168685
0.145132
0.134592
0.134654
0.141611
0.17891
0.179192
0.168755
0.168894
0.17979
0.168707
0.168548
0.179264
0.134469
0.136492
0.134782
0.134707
0.133302
0.132846
0.165893
0.165304
0.132012
0.169155
0.166513
0.132362
0.18047
0.179564
0.179971
0.181475
0.178386
0.177264
0.178582
0.178979
0.129655
0.168159
0.168328
0.130438
0.185999
0.182624
0.186132
0.189412
0.181071
0.182949
0.184102
0.181599
0.131587
0.13101
0.16867
0.170045
0.129639
0.126755
0.134527
0.135648
0.128721
0.134671
0.134694
0.124419
0.180077
0.180107
0.168112
0.168459
0.183421
0.169803
0.167943
0.180437
0.070264
0.0764616
0.0815437
0.0759105
0.0749662
0.0799994
0.0803675
0.0752173
0.0900749
0.090676
0.085517
0.0850327
0.0872092
0.0815525
0.0866251
0.0917185
0.0702646
0.0759113
0.0815443
0.0764622
0.0872104
0.0917193
0.0866258
0.0815536
0.0900751
0.0850328
0.0855173
0.0906764
0.0749663
0.0752176
0.0803679
0.0799996
0.10796
0.11071
0.105387
0.10344
0.108907
0.104453
0.104943
0.109328
0.0955347
0.0961672
0.100576
0.0999935
0.0928276
0.0983518
0.101375
0.0972015
0.107852
0.103335
0.10539
0.110713
0.0928277
0.0972017
0.101377
0.0983577
0.0955346
0.0999937
0.100577
0.096167
0.108908
0.10933
0.104944
0.104453
0.241171
0.238885
0.493312
0.417355
0.243394
0.545263
0.534378
0.241122
0.599696
0.587134
0.583659
0.599181
0.461184
0.452396
0.530968
0.540557
0.231131
0.519804
0.527586
0.233014
0.577257
0.589943
0.590594
0.577437
0.604525
0.60535
0.599857
0.599129
0.241289
0.235983
0.535056
0.541092
0.231134
0.233003
0.527604
0.519823
0.241291
0.541078
0.535044
0.235964
0.604526
0.599134
0.59977
0.605313
0.577267
0.577371
0.590479
0.589947
0.241145
0.41773
0.493291
0.238872
0.46114
0.540599
0.530776
0.452645
0.59994
0.599963
0.583904
0.586984
0.243374
0.241117
0.534371
0.545203
0.135586
0.173739
0.179217
0.13822
0.173873
0.178027
0.182083
0.177741
0.183954
0.187247
0.185123
0.18107
0.187147
0.172537
0.182088
0.183705
0.0562066
0.088257
0.12263
0.0981912
0.109051
0.138959
0.133359
0.105533
0.180286
0.176409
0.159464
0.168858
0.170165
0.156845
0.15898
0.173228
0.0561129
0.0750955
0.12018
0.0893984
0.106546
0.149088
0.138491
0.094529
0.18277
0.167771
0.168097
0.181091
0.101824
0.0991368
0.141516
0.137262
0.129811
0.167641
0.166632
0.129007
0.190587
0.188091
0.192809
0.191994
0.187774
0.187977
0.189733
0.189453
0.118272
0.126196
0.163217
0.157289
0.135758
0.138174
0.179516
0.173965
0.187114
0.183702
0.182091
0.172532
0.183955
0.18107
0.185129
0.187251
0.173888
0.177737
0.182094
0.17805
0.129811
0.12903
0.166629
0.167643
0.118139
0.157264
0.163208
0.126206
0.18777
0.189456
0.189732
0.187974
0.190584
0.192023
0.192817
0.189306
0.056057
0.0893565
0.120204
0.0751066
0.101549
0.137271
0.141521
0.0989944
0.182769
0.181008
0.170455
0.167803
0.106549
0.0944691
0.138467
0.149072
0.0562436
0.0982566
0.122636
0.0882349
0.170202
0.173254
0.158998
0.15687
0.180291
0.168869
0.159459
0.176431
0.10906
0.105531
0.133366
0.138976
0.114406
0.113658
0.0999168
0.0909165
0.11143
0.0970208
0.0980485
0.112055
0.0941386
0.0962896
0.0970517
0.095515
0.0870221
0.0898307
0.0982339
0.0983226
0.114406
0.0909261
0.0999231
0.11366
0.0864621
0.0983481
0.0982486
0.0898244
0.0941439
0.0955184
0.0970621
0.0963055
0.111431
0.112055
0.098054
0.0970226
0.0160072
0.006488
0.0520664
0.0577612
-0.0233436
0.0464046
0.0483708
-0.00336813
0.0854446
0.0879506
0.0741957
0.0718449
0.0869751
0.0850383
0.0785817
0.0911349
0.0121509
0.0578803
0.0524475
0.0378652
0.0869475
0.0911083
0.0785642
0.0850133
0.0854391
0.0718411
0.074184
0.0879343
-0.0232636
0.0499493
0.0485018
0.0464482
0.235036
0.287925
0.485303
0.532075
0.250056
0.303085
0.398591
0.308806
0.345878
0.440256
0.430918
0.336106
0.553227
0.550954
0.505347
0.512814
0.0259183
0.0253496
0.0546549
0.0539591
0.0424127
0.0699048
0.0654738
0.0371655
0.245736
0.235487
0.126017
0.136233
0.161765
0.0811662
0.0968739
0.202475
0.0251721
0.0537344
0.05467
0.0251922
0.161559
0.202504
0.0969047
0.0809754
0.245778
0.136302
0.126059
0.235649
0.0423763
0.0371301
0.0653958
0.0700335
0.235038
0.532081
0.48457
0.28793
0.553058
0.512684
0.505321
0.550066
0.345706
0.336141
0.430976
0.440326
0.249694
0.30871
0.398575
0.303008
0.0676765
0.105336
0.162731
0.126211
0.130659
0.149608
0.156214
0.121392
0.178624
0.177843
0.187489
0.191441
0.133616
0.14839
0.184407
0.159154
0.0673527
0.126028
0.162555
0.106819
0.133808
0.159274
0.184411
0.148355
0.17903
0.192098
0.187595
0.178018
0.131399
0.129167
0.155978
0.149533
0.0520509
0.085856
0.108686
0.0775375
0.115038
0.129779
0.124402
0.106854
0.123699
0.120654
0.130661
0.135995
0.0677738
0.0803003
0.114994
0.104628
0.0508329
0.0776136
0.108795
0.0846184
0.0677793
0.104753
0.115036
0.0802949
0.124138
0.135909
0.130602
0.1207
0.114485
0.10648
0.124339
0.129743
