-0.619403
0.075
-1.735
-0.899682
0.095
1.655
-0.805
0.594661
-1.325
-0.775
0.625
1.85049
0.619407
0.075
-1.735
0.899682
0.095
1.655
0.805
0.594661
-1.325
0.775
0.625
1.85049
0.0122084
0.0211952
-0.0213839
0.0214217
0.0122096
0.0211964
-0.021377
0.0213467
0
0
0
0
0
0
0
0
0
0
0
0
0
0
0
0
0
0
0
0
0
0
0
0
0
0
0
0
0
0
0
0
0
0
0
0
0
0
0
0
0
0
0
0
0
0
0
0
0
0
0
0
0
0
0
0
0
0
0
0
0
0
0
0
0
0
0
0
0
0
0
0
0
0
0
0
0
0
0
0
0
0
0
0
0
0
0
0
0
0
0
0
0
0
0
0
-0.0623137
0.00472438
0.00176926
-0.00325755
0.0337005
0.00726709
-0.057663
0.0665013
-0.0233388
0.0685858
-0.0622903
0.00176955
-0.00333457
0.00725691
0.0664822
0.0686265
4.75524e-06
0.11947
0.00243188
0.0204709
0.00271652
-0.0267722
0.305099
0.0428939
5.82394e-06
0.119474
0.020493
-0.0266708
0.157347
0.157344
0.0034972
0.0691127
0.368208
0.0683676
0.0683656
0.00257159
0.295443
0.066039
0.0660518
0.0135916
0.0405222
0.185787
-0.00630689
0.00232178
0.00132982
-0.00116647
0.0168644
-0.00222358
-0.00624051
0.0034864
0.0520003
-0.00500227
-0.0233881
-0.0149379
0.0023335
-0.00630903
0.00132698
0.0168612
-0.00112639
-0.002205
0.0034623
-0.00630277
0.052039
-0.0233883
-0.00488726
-0.0149287
7.20421e-05
-9.95969e-07
0.0853388
-3.97874e-05
0.00395577
2.57709e-06
-0.00157002
-4.51962e-05
-0.0120165
0.0195556
-0.00725941
0.130563
0.00303198
-0.00835773
-0.00270801
0.148321
6.94531e-05
-3.98044e-05
-3.65398e-06
0.0853358
0.00393734
-4.51523e-05
5.71624e-06
-0.00155318
-0.0121189
0.130585
0.0195485
-0.00726405
0.00309299
0.148362
-0.00832168
-0.0027087
0.109718
0.125205
0.00040075
0.0532897
0.110533
0.00109434
0.0272849
0.0615838
0.000266685
0.156886
0.012914
0.00422156
0.0252224
0.14697
0.0223609
0.0172898
0.00165733
0.0141451
0.0236661
-0.0198139
0.109708
0.125103
0.110531
0.00109419
0.027313
0.0615939
0.0129162
0.00422523
0.0223667
0.0171245
0.0236649
-0.0198212
0.0725672
-4.73291e-05
0.00868389
0.000707008
3.3996e-05
-2.26377e-06
-0.00418734
0.0264865
-3.2202e-08
-2.84537e-05
0.0242494
0.14225
0.031816
0.0224259
-0.0748664
-0.0203204
0.0725688
-4.81191e-05
0.00868267
0.000715923
-0.00417773
0.0264877
0.0242167
0.142219
0.166711
0.102806
0.0163916
0.0863711
0.1667
0.086369
0.0163319
0.102803
0.0017765
0.00176998
0.00117578
0.0011758
0.0173873
0.0877084
0.0877056
0.0126071
0.0882319
0.165331
0.165326
0.0881872
0.0781124
0.000193164
0.0287318
0.0139663
0.0781039
0.0139571
0.0286012
0.000193488
-4.6849e-05
-4.72867e-05
-4.69204e-05
-4.68048e-05
0.156977
0.148799
0.148946
0.156826
0.0239608
0.0181487
0.0601336
0.0357255
0.0239583
0.0357299
0.0602108
0.0181639
0.00275507
0.00275685
0.00833921
0.0083372
0.0137094
-0.00303991
-0.00304033
0.0135978
0.199025
0.198939
0.0924161
0.0926195
-0.0563208
0.00231187
0.00112324
-0.00715054
0.0169213
-0.00282209
0.0298078
0.00678552
0.0120724
-0.0178639
0.0241962
-0.00732269
0.00231759
-0.056799
0.00117113
0.0169197
-0.00698876
-0.00282869
0.00676552
0.029608
0.0121119
0.0255153
-0.018008
-0.00723817
7.07924e-05
-1.71533e-06
0.0665942
3.49784e-05
-1.60671e-05
1.00748e-06
0.048971
6.25292e-05
-0.000861964
0.000451219
-0.00345278
-0.0260632
-0.00230085
0.0360029
-0.000296596
0.0102171
7.1313e-05
3.48956e-05
-2.58577e-06
0.0665651
3.45383e-06
4.95654e-05
3.85408e-06
0.0489653
-0.000865165
-0.0260818
0.000463638
-0.00347138
-0.00229975
0.0102886
0.03603
-0.000258561
-0.0236901
-0.00530929
0.0513315
0.0839012
4.22293e-06
7.59067e-06
0.000280484
0.0644425
0.000189433
-5.02275e-07
0.108152
0.00108959
0.00183206
9.46215e-05
0.0344678
0.0452295
2.78267e-06
1.13821e-06
0.00028865
0.0579679
0.00605858
0.00303564
0.0222348
0.0042512
0.0212741
0.0212908
0.0212362
0.0777125
0.0120519
-0.00509548
0.0225788
0.0219556
-0.00241367
-0.00242221
0.0123697
0.043212
0.0132526
0.0047836
0.0242417
0.0459178
-0.0237138
-0.00532528
0.0560464
0.083933
0.000190446
-5.26357e-07
0.10815
0.00109268
0.00185136
5.61773e-05
0.0344966
0.0453161
0.0060591
0.00349049
0.0222359
0.00425572
0.012023
-0.0050733
0.0225846
0.0220068
0.013249
0.00469702
0.0242406
0.0459287
6.80576e-08
1.36142e-06
0.0429572
4.2074e-05
0.00212719
0.00591613
-0.00160205
-0.000196029
0.000620488
0.00063011
3.44214e-05
-1.49074e-06
0.00479884
-0.00156096
-0.0011828
-0.0273736
0.000724148
0.000723073
-4.16295e-09
-3.47249e-07
0.000660916
-0.0010746
0.00419596
-0.0268851
0.0167321
0.0162212
0.00941391
0.00405157
-0.0257114
-0.0258154
-0.00538336
-0.00315867
-6.23458e-07
-1.52097e-06
0.0429641
4.24828e-05
0.00213407
0.00590027
-0.0016071
-0.000195184
0.00479223
-0.00156244
-0.00120931
-0.0273696
0.000714804
-0.00109952
0.00417074
-0.026976
1.34071e-05
-0.000157711
7.09123e-05
0.0004616
1.30028e-05
-0.000157897
7.07438e-05
0.000457436
9.0599e-05
6.81174e-06
7.63291e-06
-1.55877e-07
-0.00306278
-0.00371548
-0.00363622
0.00485562
0.00887819
-0.0839181
0.042974
0.0088971
-0.0049556
0.000738143
0.000817966
-0.00475504
-0.00488893
0.000756935
0.000818629
-0.00474282
0.000677571
-1.15161e-07
-8.09982e-09
0.000678872
0.0181965
0.00090481
-0.0750767
0.0181975
0.000259406
0.000560761
0.000621927
0.00811051
0.000259088
0.000560676
0.000621964
0.00810903
-7.31267e-06
3.15477e-06
3.14473e-06
-1.41522e-06
-0.0107904
-8.34876e-05
-0.000104057
-0.0148796
-0.0089932
0.00235544
0.0238782
-0.00898649
-0.00800715
0.0306905
0.000279135
0.0221589
0.0375392
0.00108787
0.020105
0.0894212
0.000285661
0.12315
0.00577556
0.00902319
0.0752469
0.0726615
0.00389568
0.0209024
0.0119194
0.0177543
0.0148688
-0.0847028
0.015926
0.0236262
0.0290463
0.0181419
0.000274911
0.0221082
-0.00798647
0.0306766
0.0374813
0.00109217
0.000286714
0.123189
0.0201053
0.0894988
0.00577072
0.00901955
0.0062517
0.0209393
0.0751237
0.0809721
0.0118974
0.0201382
0.015926
0.0237438
0.014813
-0.0846613
0.0289808
0.0181164
0.0958443
0.00113671
0.0546868
3.69241e-05
0.00857064
-0.000368643
0.00064692
-1.88871e-06
0.00853849
0.0013172
0.0642615
5.06031e-05
0.00989521
-0.0272921
1.54919e-07
0.000692656
0.0030299
0.0102843
-0.0018103
-0.000709288
-0.00258052
-0.0362286
0.011115
0.00845599
0.0141117
0.0719969
-0.0221836
-0.0248738
0.0110893
-0.01377
-0.00154839
0.0142685
0.0958434
0.00113735
0.000646621
-1.95987e-06
0.0546962
3.80089e-05
0.00857869
-0.000362899
0.00855265
0.00132539
-3.84368e-07
0.000692383
0.0642552
4.95962e-05
0.00985544
-0.0271745
0.00310452
0.0104076
0.0111142
0.00847226
-0.00178258
-0.000712165
-0.00259847
-0.0361768
0.0141203
0.0720651
-0.00163445
0.0143105
-0.0220103
-0.024803
0.011157
-0.0138617
0.00524477
6.88192e-06
-0.0733956
0.0236505
1.21704e-05
6.0736e-06
0.00858
0.00859664
0.00589556
3.30189e-05
8.65565e-05
-5.9583e-07
0.000628075
-0.00341365
-0.00957438
-0.02157
2.57463e-06
2.46474e-06
0.00420213
0.00425199
0.0152124
0.00012057
-1.499e-06
-7.41166e-06
0.00604289
0.00843385
0.00244208
0.00241496
0.0125929
6.78734e-05
0.00823165
-0.0226483
0.00716436
0.00734587
-0.0183288
-0.0184335
-0.00310478
0.0105444
-0.00338164
-0.000484548
0.0052431
6.69846e-06
0.0237056
-0.0731383
0.00589668
3.28251e-05
8.98512e-05
-5.52906e-07
-0.0034463
0.000628348
-0.00922501
-0.0207309
0.0152081
0.000120937
2.6923e-06
-7.5112e-06
6.76904e-05
0.0126225
-0.0225596
0.0111436
0.00983639
-0.00314453
-0.000492367
-0.00330859
-0.000156109
0.0324811
-3.72936e-07
-8.54477e-08
9.31203e-05
0.011009
0.00135944
0.00532487
7.70341e-06
7.59117e-06
0.000652989
0.000653877
0.0120751
-0.0202521
0.00669552
0.00374862
0.000701601
0.000701564
1.61324e-05
1.02862e-05
0.00115445
-0.00235558
0.0023535
0.00267141
0.0128143
0.0128157
0.0196133
0.0196801
-0.0396619
-0.0401737
-0.00756123
-0.00750098
-0.000162865
0.0325417
-4.37413e-08
-5.04851e-08
0.0110783
9.17281e-05
0.00136423
0.00531762
-0.0201457
0.0120731
0.00669645
0.00387386
-0.00235383
0.00121657
0.00259961
0.00239242
-0.0180746
0.11739
0.00290708
0.0530904
0.0773276
-0.000388158
2.25957e-05
0.101984
-3.06705e-05
0.0169965
0.00669094
0.00320383
0.0588113
0.0917035
7.55021e-05
0.017473
-0.0180675
0.0533891
0.00290724
0.117388
0.0588776
0.0174704
7.54818e-05
0.0914687
1.23866e-05
0.00325855
0.00670556
0.0170397
0.0773205
0.101983
2.23327e-05
-0.000390623
0.00164416
0.000285329
9.61392e-05
0.00117649
0.00164414
0.00117836
9.66574e-05
0.000276861
-0.000304433
0.000353648
7.3051e-06
0.00111501
-0.000304901
0.00111437
6.23409e-06
0.000348811
0.0190102
0.0215288
0.00743166
0.0136625
-0.00821459
0.0248284
0.0056011
0.00637562
-0.00818146
0.00639131
0.00564266
0.0248233
0.0201488
0.0148712
0.00866209
0.0227683
-0.00736864
0.0719149
-0.0650166
0.0552059
0.062801
0.0581132
0.0360521
0.0937755
0.0627894
0.0937796
0.0360866
0.0581159
-0.00718437
0.0549361
-0.0649066
0.07235
0.0603878
0.048764
1.327e-05
0.00156446
0.0570266
0.00700117
0.00271843
0.0536553
0.0240882
0.00636861
-0.0122498
-0.0124538
-0.00311196
0.00551261
0.00124181
-0.000931996
0.0603706
0.0016017
3.14682e-05
0.0487672
-0.00312216
-0.000969808
0.0012339
0.00550712
0.0241449
-0.0124287
-0.0122879
0.00636241
0.0570328
0.053643
0.00272017
0.0069966
3.36084e-05
0.000636884
0.000664182
3.91108e-05
3.41044e-05
4.00519e-05
0.00066668
0.000639997
5.59627e-05
0.000712767
0.000690152
4.5869e-05
5.64223e-05
4.60794e-05
0.000690237
0.000712809
-0.0318418
-0.0322962
0.0190504
0.0247732
-0.00133173
-0.048023
-0.0897959
-0.0238395
-0.00136133
-0.0238994
-0.0898302
-0.0483222
-0.0318135
0.0247981
0.0190832
-0.0322898
0.0344259
0.0245708
0.0125414
-0.0223294
0.0156301
0.0271555
0.000806213
0.009723
0.00513655
0.0326141
-0.00107941
0.0374296
0.0237998
-0.0257921
0.0111561
0.0307152
0.0344336
-0.0223522
0.0125404
0.0246218
0.023825
0.0307116
0.0111567
-0.0257902
0.00500619
0.0375127
-0.00109562
0.0325957
0.0156309
0.00972207
0.000806238
0.027178
-0.000538797
0.00037665
6.17598e-06
0.00279788
-0.00054282
0.00282157
3.76051e-06
0.000369759
0.0107703
0.000289957
-4.55319e-06
0.00662964
0.0107701
0.00663049
-4.69084e-06
0.000289277
0.0403669
0.0659492
-0.0132432
-0.0289553
0.0154468
0.0144519
0.0056141
0.030839
0.0154387
0.0308357
0.00561999
0.0145313
0.0404217
-0.0289555
-0.0132273
0.0660331
0.149926
0.0372986
-0.00523185
0.0591978
0.149902
0.0594205
-0.00515526
0.0373231
0.0287068
0.036473
0.0262631
0.0193886
0.0241202
0.0193278
0.0262046
0.0364204
0.0380478
0.0023103
0.00113116
-0.0122327
0.01682
0.00225305
0.00140539
0.0358792
0.000226717
0.0152699
-0.0575402
0.00293489
0.00231603
0.0386914
0.00110701
0.0168185
-0.0123326
0.00228218
0.0358319
0.00152005
0.000183209
-0.058219
0.0152676
0.00293644
7.69597e-05
-2.99517e-07
0.0168896
-1.59812e-05
-1.63195e-06
6.16597e-06
0.0171744
1.34995e-05
-0.000806701
-3.60998e-05
-0.000249119
0.00176502
-0.000470376
0.00761476
0.000105527
0.00134729
7.40308e-05
-1.5521e-05
-1.77585e-06
0.0169005
3.00255e-06
2.04476e-05
8.70046e-06
0.0171711
-0.000766054
0.00175878
-4.68963e-05
-0.000226316
-0.000422939
0.0013827
0.00767222
0.000156031
0.00100538
-0.000417683
0.0633331
-0.0282866
3.03858e-06
3.06755e-06
0.000289664
0.141581
-4.03631e-07
1.39474e-06
0.107241
0.00108592
0.000483433
-0.000833133
0.0120808
0.0240862
6.62669e-05
6.46114e-05
0.000282941
-0.0202509
-0.00682085
0.00265607
0.0171084
0.00419192
-0.0147183
-0.0146917
0.0202605
0.0520898
0.00235637
-0.000942177
0.0122883
0.0207672
-0.00522314
-0.00521867
0.00285362
0.00509762
0.00391245
0.00271837
0.0235182
0.0233178
0.000960677
-0.000415274
0.0661522
-0.028297
-1.91762e-06
8.9647e-07
0.107237
0.00108417
0.000478976
-0.00077737
0.012044
0.024229
-0.00641456
0.00257705
0.0171136
0.00419539
0.0023135
-0.000825445
0.0125113
0.0207845
0.00387702
0.00274543
0.0234329
0.0233246
1.80966e-06
-1.93868e-06
0.0347245
1.3076e-05
0.00111485
0.000649671
-0.000910799
5.07969e-06
3.26669e-07
2.17417e-06
3.55266e-05
-8.35045e-07
0.00114865
0.000918696
-0.000149395
-0.000454611
1.12445e-05
1.59381e-05
1.19007e-08
-6.81279e-08
0.000200543
-0.00107353
0.00498642
-0.00905516
0.00149516
0.00163129
0.00167038
0.00302745
-0.0113618
-0.0113136
-0.000399058
-0.00163589
1.43903e-06
-4.09178e-07
0.0346871
1.16861e-05
0.00110404
0.000655753
-0.000912326
4.12976e-06
0.00116212
0.000925625
-0.000137138
-0.00045312
0.000134585
-0.0011064
0.00496406
-0.00905416
4.94548e-05
8.38014e-06
5.51907e-06
-7.72654e-05
4.96506e-05
8.35732e-06
5.68584e-06
-7.59421e-05
-3.4223e-07
1.61654e-06
1.31047e-06
2.61462e-07
-0.0163035
-0.000887032
-0.000873974
-0.0008283
0.00133861
-0.00626831
0.00886347
0.00136227
0.000370693
0.000167011
-0.000652087
0.00113807
0.00034019
0.000157052
-0.000643736
0.00114259
8.13691e-07
-7.30995e-09
-4.40486e-09
2.76593e-06
0.00134799
-6.56414e-05
0.0207127
0.00134912
6.3692e-05
-1.04461e-06
-1.033e-06
-0.00360599
6.36146e-05
-1.57696e-06
-1.29393e-06
-0.00360551
-6.76921e-06
3.60634e-05
3.61781e-05
4.06865e-05
0.0104093
0.00615449
0.00616596
-0.0142255
0.0126595
-0.00659702
0.00866084
0.0125059
0.00111213
-0.0251834
0.000513865
0.0179088
-3.38519e-06
1.43554e-06
0.000290061
0.11777
5.58269e-05
-8.20813e-05
0.0850749
0.00109
0.000595804
7.91889e-05
0.0152471
0.0353131
3.36326e-05
2.2218e-09
0.000280312
0.0489294
-0.000215547
-0.00233362
0.00538517
0.00895943
0.0314965
-0.00440254
0.0449206
0.0608795
-0.0122172
0.000821137
0.000946762
0.0107738
0.00386376
0.00367897
0.00796333
0.0443755
-0.00106876
0.00160008
0.00556749
-0.0328947
-0.0248292
-0.00012899
0.00601595
0.00950873
-0.00990866
0.00266023
0.0090508
0.0161399
-3.41006e-06
2.68818e-06
0.000287615
0.118281
0.0013157
-0.0247603
0.000499106
0.0178752
3.2348e-05
-8.25903e-05
0.084996
0.00109157
3.367e-05
2.22143e-09
0.000281709
0.0482538
0.000487773
7.1247e-05
0.0154229
0.035334
-0.000218241
-0.00232921
0.00539203
0.00895621
-0.0122122
0.00082043
0.000979827
0.0107968
0.0301589
-0.00436293
0.0477396
0.0556157
0.00387781
0.00369551
0.00788279
0.0443704
-0.0254939
-0.000126077
0.006026
0.00948856
-0.00108817
0.00164382
0.00551224
-0.0329777
-0.0100962
0.00264402
0.00899227
0.0161486
-2.85099e-06
-4.46065e-07
0.0950629
0.00112443
-1.39077e-07
1.40907e-07
0.026042
1.4296e-05
0.00162372
0.00293158
-0.000279671
-0.000181609
-4.88379e-06
0.000628842
0.000648378
-1.12833e-06
-3.01612e-05
0.000329435
0.00776337
0.0013823
4.83446e-06
3.56601e-07
0.0276619
1.09989e-05
0.028888
0.0023664
-0.000232365
0.00085366
2.10826e-05
0.000706705
-2.39496e-07
0.000692937
0.000501855
-0.00535375
0.00143123
-0.000303719
0.000402545
0.00229784
-0.000163434
1.77912e-05
-0.00109403
-0.000119069
-0.000274496
-0.0039588
0.02981
0.00705914
0.00241398
0.00276004
-0.000514011
0.000684761
0.00644935
0.00926035
0.023333
-0.000963416
0.000370063
-0.000800136
-0.000195468
-0.000109588
0.00874003
-0.00105433
0.0225863
-0.0480934
-0.000725566
0.00863004
-6.75254e-07
1.78423e-06
0.0950616
0.00112523
-4.94526e-06
0.000623937
0.000648383
-1.25589e-06
1.10059e-06
1.6077e-06
0.0260444
1.48918e-05
0.00163964
0.00293439
-0.00278999
-0.000180409
-1.40198e-05
0.000234927
0.00777536
0.00139117
2.77666e-05
0.000707413
-4.81262e-09
0.000692795
-8.9616e-07
6.61761e-07
0.0276603
1.02508e-05
0.0288798
0.00235812
-0.000239704
0.00084561
0.000590215
-0.00529919
0.00146645
-0.000309263
0.0298105
0.00726794
0.00257533
0.0028356
0.000419903
0.00230176
-0.000129783
2.54792e-05
-0.00112428
-0.000168072
-0.000292598
-0.00397053
-0.000460989
0.000650439
0.0064618
0.00925538
0.0224551
-0.0480799
-0.000728717
0.00871395
0.023329
-0.000959376
0.000316275
-0.000823484
-0.000199901
-0.000113909
0.00885295
-0.00103839
0.02856
0.000233344
4.75964e-06
-2.97938e-07
-0.000563618
0.00484066
-0.0374341
0.00469251
3.67924e-05
-3.88315e-05
-3.0278e-06
1.93782e-06
-0.000804568
-0.0578223
0.00336623
0.0033902
8.36168e-05
-0.000154327
8.0212e-05
3.41848e-05
-1.34079e-06
9.32215e-06
-7.54712e-07
5.09824e-07
0.00396323
6.96899e-05
8.49532e-06
1.06325e-05
0.00397725
0.00296026
-0.0138502
0.000508414
-6.69266e-06
-1.91035e-07
3.9515e-05
3.94475e-05
0.0403838
0.00541145
0.000589971
0.000592616
-0.00292246
0.000563518
0.00425888
3.45387e-05
1.72206e-05
1.26415e-06
4.0433e-05
-6.63929e-06
7.76829e-05
0.00323758
0.000417469
0.000417451
0.00426862
0.0105256
1.19917e-05
-0.000233812
-0.000397732
4.32905e-05
0.00038458
8.39038e-05
0.00183877
-0.00869539
0.00314437
-0.0144613
0.000183339
4.7038e-05
-0.002485
-0.00257514
0.0275697
0.015943
0.00172474
0.00177179
3.89346e-06
0.00061704
2.09851e-05
-0.00226226
0.0246421
-0.00497534
-0.000404005
-0.000214272
0.026195
0.000233294
4.34366e-06
-7.41684e-07
-0.000673153
0.00486231
0.00473021
-0.037218
6.68027e-05
-0.000154097
8.53296e-05
3.41277e-05
-3.04504e-06
8.90088e-06
-7.15483e-07
5.49959e-07
0.0039637
6.97021e-05
1.09069e-05
7.8058e-06
0.00402116
0.00301982
-0.0139874
0.000102
-0.00294913
0.000563373
0.00425951
3.46979e-05
1.71736e-05
-2.57942e-08
3.84085e-05
-6.88304e-06
-0.000397886
4.37065e-05
8.39231e-05
0.000384873
0.00193949
-0.00860581
-0.0143522
0.00302006
3.90317e-06
0.000616944
-0.00190668
2.325e-05
0.0247168
-0.00495983
-0.000205153
-0.000407777
0.000698488
-0.00438269
-2.00793e-05
0.000357659
-1.01247e-05
0.000665847
-6.09578e-08
-1.97081e-07
5.2156e-05
0.0001983
6.24111e-05
0.000256311
-3.11837e-05
0.000143342
0.000819696
0.000377754
-5.08206e-07
-1.3634e-07
4.11048e-06
1.20926e-06
-6.43459e-08
-2.9365e-08
-2.87768e-07
1.63984e-06
-0.000586593
-0.000303597
0.000809506
0.00380304
-0.0243462
0.00385255
2.82609e-07
0.000521402
5.67127e-09
-1.0109e-09
7.99146e-06
2.0478e-06
-1.58909e-07
-1.25244e-05
2.60047e-05
2.8882e-05
-0.000696142
-0.00714933
-0.000644485
-0.000469555
0.0242827
0.00890082
0.00085583
0.0010639
0.00245885
0.00188287
0.00108723
0.00108825
0.0121273
0.000145965
0.000915811
0.000912358
-0.00415451
-0.000116938
-0.00682232
-0.00659924
-0.000366931
-0.0002108
5.69688e-05
5.68641e-05
0.000694093
-0.00440531
-2.00866e-05
0.000460785
-1.04768e-05
0.000665756
-6.23611e-08
1.31714e-07
-9.65053e-05
0.000199225
0.000236966
6.31477e-05
-3.85893e-05
0.000129887
0.000816128
0.000388649
-0.000568423
-0.000304321
0.00383588
0.00082153
-0.0243091
0.00385136
3.92151e-07
0.000460684
-0.000695156
-0.00696378
-0.000447503
-0.000643585
0.0243113
0.00888398
0.00109448
0.000855569
-0.00295071
0.00342563
0.00514617
0.00558816
7.77627e-05
0.000271794
-8.04763e-05
-5.25574e-05
0.000554253
-0.00114883
0.00605538
-0.00118043
0.000593195
-0.000152735
8.11589e-06
-0.000170249
-0.00294342
0.0035596
0.00514626
0.00558942
0.000662966
-0.000147249
7.6586e-06
-0.000170463
0.00059636
-0.00110273
0.00602505
-0.00126314
7.63561e-05
0.0002685
-8.04279e-05
-5.33684e-05
3.47981e-05
-4.52876e-06
-3.03085e-06
-4.16612e-05
3.10943e-05
-1.4183e-06
4.86211e-06
-3.84094e-05
-4.04496e-06
-7.21284e-07
-2.82499e-07
1.26064e-05
-3.75422e-06
-8.81241e-07
1.70051e-08
1.27644e-05
0.0022623
-0.0134813
0.00201927
-0.00467823
0.0159179
0.00317155
0.00338427
0.00495538
0.0156995
0.00317338
0.00335767
0.00488519
0.00467606
-0.0110952
0.00441029
-0.00437862
0.00259537
-0.00041691
-0.047896
0.00257763
0.00595639
0.00179268
0.0118328
0.00156089
0.00178291
0.0017048
0.00155479
0.0118054
-0.000398678
0.00268173
0.0025889
-0.0479713
0.00122926
-0.000110758
-6.36806e-05
0.00222757
0.0334941
0.0130345
0.0264512
0.0110708
-0.0214465
0.000881185
-0.0240925
0.000746911
-0.000134192
-0.00101735
0.00326625
-0.00054889
0.0012188
-0.000106254
-6.50195e-05
0.0022411
-0.00012042
-0.0010538
0.00326251
-0.000551263
-0.0210485
0.00106666
-0.0239716
0.000781708
0.0334961
0.0130568
0.0265844
0.0110715
-7.56282e-06
-2.13314e-07
1.00089e-07
0.00064598
-2.13706e-08
-7.81863e-06
0.000645738
-8.8905e-08
1.37477e-07
9.99885e-07
0.000686288
-2.13029e-07
-1.29512e-05
-3.08316e-08
2.04525e-07
0.000686059
0.0140909
0.00051486
0.00055443
0.00874233
0.028465
0.000408252
0.000442523
-0.0531034
0.000239764
0.028406
-0.0529391
0.00037265
0.000958589
0.0141615
0.00881264
0.000642387
-0.000135692
-0.0267706
0.00219989
0.00054436
-0.00415952
1.58258e-05
0.000606057
2.89071e-05
0.00774472
0.00407385
-0.000803576
-0.00328848
0.00109874
0.0224483
0.00377126
1.40669e-05
-0.000125966
-0.0267883
0.00220384
0.000603618
0.00120997
0.0224269
0.00414905
-3.3891e-06
0.00814294
0.00405155
-0.000790792
-0.00333247
-0.00415988
1.60841e-05
0.000606161
2.89636e-05
5.46392e-05
-2.99744e-07
-1.23854e-05
2.4081e-05
5.47632e-05
-1.54596e-07
-1.47026e-05
2.33283e-05
-6.6647e-06
1.88826e-05
2.27568e-07
-2.84147e-07
-6.61624e-06
1.92086e-05
-6.57868e-08
-3.63333e-07
0.038501
-0.00156707
-0.00174352
0.017964
0.000293499
-0.00659295
-0.00308845
2.2444e-05
0.000294659
-0.00655992
-0.00317016
2.81539e-05
0.0385744
-0.00146168
-0.00178402
0.0179649
0.00731286
0.00336574
0.0177419
0.00197838
0.00341027
0.0073358
0.00189638
0.017477
0.00863036
0.0192556
-0.017992
0.014536
0.0190995
0.00958261
0.0145405
-0.0181078
0.000249572
0.00732206
0.000290624
0.0920639
0.074041
0.00110565
0.0109195
0.0177224
0.000281743
0.0858454
0.00646749
0.0115587
0.0095906
0.0314116
0.00255387
0.00193463
0.00300303
0.0496661
-0.00445832
0.00203983
0.000688391
0.0168072
-0.00815667
-0.00921999
0.00028695
0.0919192
0.000295909
0.00699047
0.0744308
0.00108918
0.00028302
0.0858038
0.0108614
0.0175859
0.00646634
0.0115605
0.00252466
0.0019702
0.00971837
0.0315256
0.00298621
0.0496254
0.000217218
0.0140546
-0.00440329
-0.000190043
-0.0081586
-0.00925656
3.17819e-05
2.21199e-05
0.0215921
-5.69439e-06
0.00933471
-0.000126594
7.04706e-05
-9.72827e-07
0.0129006
7.57074e-05
0.0222645
1.0818e-05
0.000162513
-0.000103585
3.89538e-07
1.56715e-05
0.00012057
0.000319447
-0.000474431
-0.000305917
-0.000435179
0.000105447
0.000120014
-2.78581e-05
0.00529382
0.00693785
2.02814e-05
-0.000221282
0.0088512
-0.000502909
0.000415973
-0.000248449
3.69252e-05
-9.02449e-06
7.00132e-05
-1.45124e-06
0.0216018
1.55318e-05
0.00927375
-0.000122586
0.0128972
7.64835e-05
7.00862e-06
-7.56544e-06
0.0222542
1.00594e-05
0.000182919
-9.88824e-05
0.000149492
0.000328202
0.000116164
-2.90478e-05
-0.000476944
-0.000311851
-0.000436475
9.96284e-05
0.00529542
0.00694657
0.000413561
-0.000266153
3.00352e-05
-0.000228843
0.00886381
-0.000491783
0.0397529
0.0355925
0.047349
-0.0323005
0.0247014
0.0252182
0.0069102
0.00135903
0.000290426
0.141849
0.000287219
0.142307
2.0687e-06
6.338e-06
0.000963465
0.00122106
0.113949
0.00106568
0.101107
0.00110447
-3.2136e-05
-9.58392e-06
-1.27543e-06
2.15785e-06
0.0215259
0.0428005
-0.00395028
0.0171052
0.000107486
0.00112691
-0.00479316
0.000526418
0.000281607
-0.00107714
0.000282749
-0.00107478
4.14501e-05
4.13644e-05
0.00795628
0.0083606
0.00647412
0.00442898
0.0149069
0.00170532
0.00289447
-0.00433306
5.37431e-05
-6.69313e-06
0.000744179
0.0213961
0.000732045
0.0214121
0.00305491
0.00305281
-0.000667356
-0.000646912
0.00884065
0.0331596
0.00318604
0.0135073
0.00882384
-0.000215614
0.000253527
-0.00017445
0.0063409
0.011715
0.00630518
0.0117226
0.000244011
0.000204483
6.09579e-05
5.95087e-05
0.0234743
0.024787
0.00702193
0.0143998
8.72115e-05
0.000100112
0.00142939
-0.000677782
0.0392697
0.0354942
0.0475475
-0.0323333
0.022198
0.0227705
0.00137981
0.00700578
0.113306
0.00106575
0.101105
0.0011046
-3.1702e-05
-9.56323e-06
7.19874e-06
1.06735e-06
0.0215459
0.0431419
-0.00402735
0.0171294
0.00107719
8.74928e-05
-0.0049047
0.000541095
0.00647356
0.0044287
0.0147163
0.00154636
0.0028932
-0.00433247
4.41065e-05
-6.64378e-06
0.00884278
0.0331645
0.00318404
0.0135404
-0.000215553
0.00895654
-0.000140279
0.000132359
0.0233764
0.0247695
0.00711823
0.0144102
0.000100461
8.72514e-05
-0.00066901
0.00139363
0.0303754
1.40149e-05
0.0331687
1.19567e-05
-1.97655e-06
-2.20968e-05
5.28403e-07
4.71728e-07
-0.00161123
6.9719e-06
-7.44615e-05
-7.44081e-05
-9.14829e-05
0.00028378
0.00110854
0.000253079
3.57287e-05
-8.86317e-07
3.67128e-05
-8.3754e-07
3.58657e-06
8.34951e-07
-8.41916e-07
2.15708e-06
0.00151453
-0.00011267
-0.0010968
-0.00112939
0.00115214
0.0016485
0.000991217
0.000458992
2.37607e-08
8.84031e-07
4.35006e-07
-6.86234e-08
1.30728e-05
7.66256e-06
1.55799e-05
2.06803e-05
0.00157357
-0.00895814
0.00701599
-0.00344469
-0.000727565
-0.000186732
-2.85631e-05
-0.000889847
0.00207139
0.000831997
0.00232593
0.00108077
0.00154757
0.00154864
0.00410803
0.00410316
-0.00743796
-0.00578399
-0.00727998
-0.00654626
-0.00381536
-0.00368469
-0.000865183
-0.000851972
0.0303903
1.36875e-05
0.0331797
1.19504e-05
-2.46217e-06
-2.18315e-05
-5.75105e-07
-4.88889e-07
-0.00167018
-1.6174e-05
-0.000111067
-6.69461e-05
-0.000127842
-0.00563562
0.00109068
0.000261712
0.00151356
-0.000103388
-0.0010866
-0.00114282
0.00167138
0.00116925
0.000998599
0.00040936
0.00153863
-0.0090228
0.00706754
-0.00344066
-0.000181308
-0.00078592
-0.000848489
6.99205e-06
-0.000134532
3.62057e-06
-8.85225e-05
4.50954e-05
-0.000179099
6.94092e-05
-0.00014404
4.24232e-05
-0.000133919
3.75283e-06
-8.79505e-05
4.51366e-05
6.91959e-05
-0.000178803
4.38291e-05
-0.000142128
1.07361e-06
1.89001e-06
-8.55483e-07
5.18698e-07
-3.56087e-07
6.66424e-07
2.05119e-06
1.89248e-06
0.00354029
0.00344658
-0.00702012
-0.00738117
-0.00740926
-0.00658199
0.000798481
0.000799354
-0.0247445
0.00537465
0.00137001
0.00131244
-0.00476702
-0.00464499
0.00539308
-0.0241555
0.000427603
0.00012958
0.000785288
0.000239155
0.000426613
0.0028263
-0.000500127
9.41615e-05
0.000392486
7.60045e-05
0.000772675
0.000238368
0.00263408
0.00043001
0.000108142
-0.000455772
-3.26676e-08
2.84892e-07
1.76504e-06
6.83068e-07
5.41911e-06
-7.37658e-08
3.40641e-07
-3.65406e-08
-0.000116775
0.0220201
0.000981285
0.000980585
-0.000564009
-0.000563678
0.0220211
-0.000113819
2.95654e-06
3.63304e-06
0.00408485
5.45939e-05
7.45003e-05
-0.00369593
-0.000604855
1.9187e-05
3.66385e-06
2.98155e-06
0.00408436
5.48496e-05
-0.00369569
7.44343e-05
-0.000593496
1.98252e-05
3.77519e-05
3.76765e-05
3.86377e-05
-6.77871e-06
3.97029e-05
-6.78662e-06
3.18595e-05
3.31055e-05
-0.00476997
-0.00477255
-0.00833212
7.41638e-05
7.92255e-05
-0.00833857
5.12216e-05
5.89216e-05
-0.0158766
0.0207193
0.00813259
0.00818352
0.00236834
0.00158854
-0.0159068
0.020733
-8.25839e-05
-0.000360342
-0.000350551
0.000364909
-1.72676e-06
2.29805e-06
0.00718877
0.00533098
-0.00129298
0.044423
3.64437e-05
-3.80413e-05
5.00643e-05
0.000559121
0.00246875
0.0179464
2.34341e-05
3.32938e-08
0.00814245
-0.0137008
-0.00432031
1.69898e-05
-3.075e-06
-8.92177e-07
0.00306581
0.000513616
0.0110607
0.00456093
-0.0153219
0.000654612
-0.0165416
0.00496581
0.00324796
0.000232352
0.0016362
-0.00021278
0.00270807
0.000670585
0.0590742
0.0198508
-0.00263343
0.00010067
-0.000123112
0.00157127
0.000666977
0.00568549
-0.00363281
-2.46825e-05
-8.29926e-08
7.96903e-06
0.00727046
0.00188969
-7.58057e-05
-0.000523357
-0.000490571
0.000193033
-0.00125619
0.0444415
3.63401e-05
-3.75975e-05
2.26008e-05
5.54037e-08
0.00803349
-0.013724
5.20223e-05
0.000556853
0.0025715
0.017868
-0.00432167
1.71322e-05
-4.74614e-06
-3.672e-07
-0.0153198
0.000673573
-0.0165543
0.00492628
0.00311127
0.000702465
0.0068346
0.000445977
0.00322181
0.000237779
0.00163111
-0.000259045
-0.00262223
5.65138e-05
-0.00231461
0.0015714
0.00273974
0.000197279
0.0573287
0.020495
0.000732417
0.00570054
-0.00361437
3.37775e-05
0.0185762
1.33586e-05
0.000861505
3.90758e-07
-3.56309e-05
-3.48206e-05
3.1444e-07
6.67731e-07
0.0198094
-0.00249507
0.00141556
0.00251867
0.000857412
1.46059e-05
-6.31899e-06
0.000636874
3.2703e-05
-0.00947236
0.00101627
-3.33559e-05
0.000103199
-1.31246e-05
3.44512e-07
4.05623e-07
0.0268014
0.00337784
0.0265079
0.00100245
1.77263e-05
0.00069641
0.00106878
1.54347e-05
-0.000644678
-0.00376843
0.00031899
-0.00397558
0.000733477
0.00177307
-0.000103193
0.0028035
-0.000922114
-0.000916681
-0.000226397
-0.000200884
0.0515535
0.00566502
0.0170448
0.00523216
-0.00177303
0.00046205
0.00207414
0.00215605
0.0240112
-0.00224502
0.0108171
1.02305e-05
5.88497e-05
-2.93059e-05
-1.19176e-05
-0.000886368
0.0283065
-0.0416484
0.028065
-0.0295881
0.0185787
1.35419e-05
0.000861423
1.782e-07
0.000857312
1.2116e-05
-6.27697e-06
0.00063513
-3.02097e-05
-3.7647e-05
-4.09272e-07
-3.84919e-07
0.0198125
-0.00256378
0.00141754
0.00245003
2.94114e-05
-0.00984382
0.00102065
-2.87649e-05
1.78137e-05
0.000696609
0.00107265
1.92428e-05
9.94682e-05
-1.90967e-05
4.63827e-08
-2.7284e-07
0.0268098
0.0033871
0.0264448
0.000927838
-0.000637068
-0.00377236
0.000322242
-0.00295954
0.0515021
0.00562167
0.0170558
0.00525871
0.000732509
0.00173398
-9.86993e-05
0.00280217
-0.000913486
-0.000911038
-0.000219152
-0.000201588
-0.00174103
0.000490807
0.00215965
0.00226981
0.028413
-0.0415274
0.0280712
-0.0295684
0.0239543
-0.00229103
0.0130119
-2.36111e-06
5.85695e-05
-1.28685e-05
1.5138e-06
-0.000833558
0.000129666
0.026491
0.000405466
-0.000187986
-0.0251217
0.00487726
0.00375897
0.00264129
3.33773e-05
-3.81081e-05
-3.87336e-05
3.34156e-05
-0.049893
-0.000741866
-0.000660635
-0.0499298
0.000137228
-0.000183434
-9.90696e-05
8.46801e-05
7.00133e-06
-1.07669e-06
-3.06416e-06
1.18277e-05
0.000596806
5.4355e-05
9.08639e-05
0.00477685
0.002189
0.0062124
0.00188473
0.0241197
-6.64939e-06
-2.80067e-07
-2.81329e-07
-6.67357e-06
0.0512482
0.0140752
0.0140518
0.0512592
0.00257314
0.000412592
0.000609618
1.48098e-05
1.15381e-05
2.84083e-05
1.78762e-05
-2.42129e-07
0.000789743
0.000676038
0.000675554
0.000794548
0.00144807
0.0110418
0.0110404
0.00132158
0.00906157
4.31738e-05
3.25769e-06
2.09125e-05
-0.00721067
0.000809081
0.00604844
-0.00779533
0.00760946
0.000334362
0.000206391
0.00760002
0.028023
-0.0192249
-0.0192243
0.0280182
-0.000287046
0.000324965
0.00183528
-0.0026179
0.0326232
0.00186212
-0.00490321
-0.0022907
0.0264213
0.000131653
-0.00018803
0.000524586
0.00270079
0.00371747
0.00480777
-0.0239096
-0.0001824
0.000125174
7.79743e-05
-9.94448e-05
-1.12839e-06
7.51489e-06
1.11959e-05
-3.40778e-06
0.00472943
9.1202e-05
5.41942e-05
0.00064134
0.0102483
0.00222457
0.0237699
0.0015195
0.000415055
0.00254475
1.48162e-05
0.000609613
2.14774e-05
1.02821e-05
1.27124e-08
1.79335e-05
2.0916e-05
3.29316e-06
4.36665e-05
0.00910553
-0.00783961
0.00603599
0.000620742
-0.0074311
-0.00226179
0.00219192
0.00032893
-0.000283036
-0.0024939
-0.00490141
0.00183569
0.0325929
0.0010163
0.000505681
-0.0116225
0.00086318
0.000656694
-8.66218e-06
-1.16251e-05
0.000675733
0.00425862
0.000187411
0.000585289
-0.00448683
0.000384653
-4.81983e-05
-8.78002e-05
0.00043075
-1.463e-06
-1.36154e-07
-1.81542e-07
-3.60727e-07
1.57413e-06
-1.84101e-07
1.14622e-08
-5.45204e-07
0.00128985
-0.0002386
-0.000246366
-0.00123102
-0.004297
-0.0268835
0.0246897
0.00504166
1.83551e-08
-1.17004e-09
-3.78242e-10
-4.89125e-08
3.14608e-06
-1.25139e-05
-1.38171e-05
3.26707e-06
-0.000735455
-0.0167972
0.00367187
-0.000827176
0.0178302
0.00709557
-0.0491838
0.0273498
0.00232397
0.00314295
0.00309407
0.00232229
6.33551e-05
0.0108146
0.0108262
6.06828e-05
-0.00726373
0.00513981
0.00541041
-0.00493487
-0.000172644
-0.00107039
-0.00107815
-0.000170203
0.000518341
0.00102242
0.000837963
-0.0116318
-9.52316e-06
0.000655229
0.00067572
-1.18406e-05
-0.00702743
0.000565294
0.000187314
0.0042577
-6.07698e-05
0.000383492
0.000443116
-0.000107217
-0.0012904
-0.000239964
-0.000231391
0.00128335
-0.0268772
-0.00429605
0.00497965
0.0246345
-0.00082938
0.00325765
-0.0162835
-0.000716402
0.0273616
-0.049545
0.00711203
0.0178462
0.0625045
0.0880229
-0.00375041
0.00178632
0.110535
0.000170775
0.0207744
0.091494
-6.42052e-06
0.00018215
0.00269218
-0.00025361
-0.0311263
0.0220647
0.0174882
0.0301358
0.00545737
0.0141029
0.00940035
0.101642
-0.000219186
0.00395583
0.00232556
0.000773523
-1.05127e-05
-9.1721e-05
4.681e-05
0.000220216
0.104239
0.0980465
5.17051e-05
9.80406e-05
-0.000445307
0.000524379
-0.00015262
0.000145197
0.00635934
0.00531672
0.000725855
-0.00310032
-0.000113778
0.000446139
0.00614044
0.000331924
0.000271148
0.00175523
-0.000878795
-0.00233236
0.00924007
0.0303444
0.00194899
0.0143093
0.0566824
0.0144947
0.000513166
0.0459533
5.83373e-05
9.26841e-05
-0.000181223
0.000232405
0.0116156
0.00907404
4.57675e-05
-7.95838e-05
0.0623218
0.00194899
-0.00377347
0.0881681
-0.019496
0.0288781
0.0174865
0.0219007
-6.54223e-06
-0.000253454
0.00269277
0.000182602
0.110531
0.0911323
0.0196762
0.000155606
0.00930258
0.0144754
0.00196969
0.0304812
0.0116228
-7.96131e-05
4.84436e-05
0.00907713
5.83247e-05
0.000231996
-0.000180919
9.27926e-05
0.0556969
0.0461754
0.000606806
0.0133732
-0.00044302
0.000152499
-0.000111316
0.000581271
0.000259041
-0.00235217
-0.000882747
0.00172788
-0.000112497
0.000331271
0.00614748
0.000435578
0.00629746
-0.00299683
0.000734895
0.00531577
0.00546447
0.101624
0.00939965
0.0141078
0.104236
8.65654e-05
4.96199e-05
0.0980447
-9.83e-06
0.000221447
4.56068e-05
-9.17288e-05
-0.000225373
0.000769405
0.00232442
0.00396064
0.00166016
0.000288944
3.35003e-05
0.00113408
0.000292701
3.64946e-05
3.65583e-05
0.000291687
9.89265e-07
7.94073e-06
-3.68102e-05
-3.98101e-05
0.00107494
0.00103915
-4.09635e-05
-1.49822e-06
0.00164988
0.00112655
3.58813e-05
0.000285798
0.00107408
-2.42441e-06
-3.92281e-05
0.00104015
1.25807e-06
-3.68849e-05
-3.26615e-05
7.98085e-06
0.000293317
0.000291542
4.33402e-05
4.11135e-05
5.94895e-05
0.00121284
0.00042631
0.00156524
3.901e-05
3.34233e-06
1.18165e-05
0.000353755
1.56115e-06
1.02485e-05
1.1872e-05
2.94446e-06
0.0010941
0.00111425
-3.99887e-06
-3.18087e-06
5.98447e-05
0.00156522
0.000426417
0.00121301
0.00109494
-2.12862e-06
-3.75175e-06
0.00111395
2.05317e-06
1.41461e-06
1.22567e-05
1.08368e-05
3.6349e-05
0.000357389
1.31438e-05
5.14179e-07
0.0493993
0.0497047
-0.0142968
-0.0118398
0.0278591
-0.000937592
-0.0121479
0.0409244
-0.0203393
0.00221349
0.00252618
0.00199463
0.00056898
0.00165391
0.00163898
0.00203206
0.000788337
0.0600546
0.0394012
0.000266684
0.00334315
0.00368875
0.00767897
0.00872349
-0.00287753
-0.0136279
0.00919806
0.00332271
0.0156682
0.00461735
0.00339326
-0.00685584
0.000792164
0.000288326
0.0394007
0.0590749
0.0156699
-0.00614045
0.00337558
0.00453959
-0.0028754
0.00327486
0.00910291
-0.0135958
0.00347335
0.00882201
0.00768519
0.00368811
0.0493799
-0.0118506
-0.0130934
0.0496847
0.00069876
0.00202895
0.00284199
0.00166374
-0.0203053
0.00193353
0.00361294
0.00221528
0.0278543
0.0409271
-0.0113981
-0.000991656
0.080649
0.0133212
0.00449997
0.0977179
-0.0231138
-0.0205727
-0.0237107
0.0431554
-0.0040231
-0.0447596
-0.0448232
-0.0278282
0.146941
0.134608
0.00255741
0.00122823
0.0422057
-0.0206651
-0.00170192
0.0479008
0.0339226
0.00207031
0.00496432
0.0162913
0.00246858
0.00973424
0.0147483
0.0079641
-0.0279103
0.00133634
0.010649
0.00480305
0.0421969
0.0458987
-0.00373206
-0.020627
-0.0281124
0.00483037
0.00859956
0.00326014
0.00248003
0.00790815
0.0147483
0.00977203
0.0340317
0.0163351
0.00492281
0.00209175
0.0807514
0.0979761
0.00317959
0.0134465
0.146997
0.00125529
0.00261758
0.134756
-0.00358657
-0.0277401
-0.0448765
-0.0446177
-0.0234757
0.0438607
-0.0234564
-0.0207665
0.019237
0.023807
0.00122806
0.00131703
0.0325181
0.000838647
0.00109821
0.0282146
0.000933264
0.00085658
0.00146731
-0.00158312
0.00105263
0.00214685
0.00256629
0.000994379
0.0197353
0.0279449
0.0302507
0.0249686
0.000852632
0.000592234
0.00793709
0.0036566
-0.000679536
-0.00747995
-0.000937927
0.000215891
0.0337002
0.0304542
0.0171673
0.000769047
0.00810919
0.00902784
0.0127508
0.0240796
0.0053729
-0.00127271
-0.00027037
0.00803511
0.00155065
0.00262103
-0.0216417
-0.0132502
0.000853188
-0.00256496
-0.0156479
0.0015084
-0.000643112
-4.97263e-05
-0.000796058
-0.00149012
0.000374758
0.000415109
0.00309692
0.00243104
0.000859826
0.00177308
0.00314696
0.000554713
0.00326437
-0.000169642
-0.00163808
-0.00115881
0.0192549
0.00133646
0.00122338
0.0238188
0.00105745
0.000991958
0.00256851
0.0021298
0.000918037
-0.00158577
0.00147951
0.000848211
0.0325124
0.0282167
0.00109787
0.000840189
-0.000639943
-0.00149327
-0.000795041
-5.02147e-05
0.00323081
-0.00116191
-0.00163628
-0.000196355
0.0008594
0.00055364
0.0031462
0.00165737
0.000369353
0.00243112
0.00309092
0.00041437
0.00809675
0.0240533
0.0127453
0.00900452
0.000870303
0.00151873
-0.0156677
-0.00262395
0.0015796
-0.0131338
-0.021472
0.00263418
0.00532801
0.00801429
-0.000247154
-0.00126424
0.0197269
0.0249623
0.0302559
0.0279448
0.0337001
0.00075539
0.0171562
0.0304557
-0.000532643
0.000205523
-0.000968609
-0.00748099
0.000861321
0.00365656
0.00794314
0.000601472
-2.13804e-05
-6.58935e-06
-7.21651e-06
1.45847e-05
-1.09289e-06
-6.35868e-07
0.000641363
0.000631959
1.3863e-06
0.000661297
0.000651128
7.08904e-07
1.19094e-05
1.36017e-05
-8.42679e-06
-9.56572e-06
2.10077e-05
1.51338e-05
-7.30613e-06
-7.07289e-06
1.21717e-05
-9.80026e-06
-8.53755e-06
1.43638e-05
1.58664e-06
1.13218e-06
0.000650385
0.000660505
1.32876e-06
0.000628687
0.000640466
1.83375e-06
1.45267e-05
2.31397e-05
1.69038e-05
9.81576e-06
1.4848e-05
1.15335e-05
0.00069152
0.000701873
4.08811e-06
0.000670685
0.00068091
6.70706e-06
1.26749e-05
1.1392e-05
-1.26891e-05
-1.12486e-05
1.33022e-05
1.17951e-05
2.30394e-06
1.8154e-05
1.21716e-05
-1.06682e-05
-1.18677e-05
1.17115e-05
3.63222e-07
5.05357e-07
0.000680991
0.000670559
9.46531e-06
0.00070172
0.00069106
5.8634e-06
0.000781071
-0.00206129
0.0151287
0.0233577
-0.00940173
0.0210256
0.0157018
-0.0067408
0.00103643
0.00112149
0.00778856
0.00769111
0.00335542
0.00704611
0.01707
0.0126831
0.0002033
0.0260121
0.029093
-0.000810617
-0.00782345
-0.00879193
-0.0466411
-0.0449442
0.0184272
0.0225606
-0.0531234
-0.00405831
-0.00682607
-0.00222412
0.0280581
0.0258008
0.000219722
-0.000797441
0.029146
0.0261386
-0.00682435
0.0258193
0.0280546
-0.00221325
0.0184103
-0.0039466
-0.0530131
0.0226633
-0.00773392
-0.0448572
-0.0464853
-0.00861885
0.000777049
0.0233619
0.0151707
-0.00206906
0.00348062
0.0126839
0.0171663
0.00717297
0.0010379
0.00767137
0.00783325
0.00111923
-0.00941757
-0.00676716
0.0157432
0.0210436
0.0159796
0.00990717
0.0127051
0.0268747
0.0205827
0.00346503
0.00556946
0.000408429
0.00431129
0.00203183
-0.000652717
0.00457918
0.000808101
0.00181148
-0.0272597
-0.0245533
0.00885317
0.0134172
-0.00422215
0.00161009
0.0197321
0.00432443
-0.00334172
0.0193373
5.94969e-05
0.000638411
0.000655484
6.72996e-05
0.00727127
0.00594116
3.8144e-05
-0.0021354
0.002456
-0.000457425
0.00726171
0.00338275
0.0270595
-5.95795e-05
0.000740118
0.0174571
7.0252e-05
8.63187e-05
-0.00146323
0.000551512
0.00435485
0.00189823
0.00236256
0.0044096
0.00592563
0.00379223
0.0106677
0.00450763
2.54781e-05
-0.00311145
0.0247042
-0.0016278
-0.00365279
-0.00250669
0.0068387
0.00455972
0.0210583
0.00766708
0.00544403
-0.0012097
0.0159729
0.0268385
0.0126758
0.00991698
0.000816333
-0.0245737
-0.0272888
0.00176031
0.00431086
0.00457959
-0.000649068
0.00203109
0.0204997
0.000299005
0.00555926
0.00345253
0.00594963
0.00449775
0.0106473
0.00348145
0.0206707
-0.00103158
0.00564428
0.00783647
-0.00365263
0.00452971
0.00651278
-0.00232859
2.45338e-05
-0.00164536
0.0246608
-0.00280738
0.00239146
0.00349693
0.00721106
-0.000469027
0.00435768
0.00438609
0.00235137
0.00180689
7.02087e-05
0.000553456
-0.00147667
8.63271e-05
0.0270396
0.0174489
0.000733766
-5.76482e-05
0.00882244
0.00163051
-0.0042225
0.013392
0.0072732
-0.00213475
3.82021e-05
0.00594155
5.92862e-05
6.71056e-05
0.000655472
0.000638494
0.0196836
0.0193399
-0.0033436
0.00432225
4.83574e-05
0.00138886
0.000561763
0.00188751
1.33435e-05
2.102e-05
1.97106e-05
0.000360864
7.51134e-05
4.70599e-05
1.01582e-05
1.63655e-05
0.00298859
0.00153193
2.89634e-05
6.34203e-05
5.27966e-05
0.00189152
0.000563331
0.00139334
0.00290791
5.77846e-05
2.37545e-05
0.00145375
7.58008e-05
1.84272e-05
5.91854e-06
4.21569e-05
1.82402e-05
0.000363472
2.28556e-05
2.46075e-05
0.0120134
0.000303078
1.402e-05
0.0102551
0.000325175
3.37186e-05
-6.46566e-06
0.000282207
3.01203e-05
-6.83151e-06
-2.61645e-07
3.83641e-05
0.00430535
0.00669209
1.80588e-05
1.06077e-05
0.0120118
0.0102584
1.48609e-05
0.000302228
0.00430361
1.08529e-05
1.79933e-05
0.00669295
2.99968e-05
3.83032e-05
-6.1264e-07
-6.82236e-06
0.000324478
0.000281
-6.68094e-06
3.36426e-05
0.00384883
0.00870083
0.0334256
0.024213
0.0202212
0.0291963
0.0363528
0.0124198
-0.0112108
-0.000174099
0.000357283
-0.0016278
-0.00774959
-0.0408511
-0.0155236
-0.000709974
-0.033016
-0.0089947
-0.00422738
0.00390642
0.00478768
-0.000849783
-0.00112855
0.00646808
0.0115085
-0.00505691
-0.00397404
-0.00352804
0.0265549
0.0221314
-0.00858506
0.0152832
-0.0334152
0.00363597
-0.00421947
-0.00932203
0.0265503
0.0151987
-0.00853401
0.0221782
0.011513
-0.00357428
-0.00401765
-0.00504693
0.00477239
0.00645016
-0.00120644
-0.000922487
0.00387421
0.0245217
0.0335271
0.00872397
-0.00765518
-0.000703646
-0.0154061
-0.0407617
-0.0112014
-0.0016172
0.000386061
-0.00017032
0.0202217
0.0124745
0.0363651
0.0291907
0.0450703
0.108029
0.00967923
0.0319916
0.0893341
0.0464504
0.029724
-0.0517897
0.00302885
-0.01286
0.0177204
0.0102581
0.0242971
0.051232
0.0229465
-0.00586981
0.0449439
0.0318685
0.0097635
0.107993
0.0241138
-0.00618336
0.022865
0.0511559
0.00301676
0.0102475
0.0176626
-0.0129408
0.0893357
-0.0461593
0.029756
0.0464397
-0.0532903
-0.0170516
0.0293263
0.050368
0.0054182
0.028117
0.02114
0.0133774
0.0151782
0.0207732
-0.0174925
0.0145606
0.0202235
0.0352649
0.011037
0.00264383
-0.0514862
0.0518408
0.0288411
-0.0152383
0.0199487
0.00281471
0.011195
0.00646255
0.0151743
0.0146573
-0.0173677
0.021003
0.005411
0.0133748
0.0210845
0.0281228
