-0.729193
0.325
-2.295
-0.755
0.465
2.50533
-0.745
0.986003
-2.355
-0.715
1.29388
2.375
0.729193
0.325
-2.295
0.755
0.465
2.50533
0.745
0.986003
-2.355
0.715
1.29388
2.375
0.0212035
0.0768937
0.101755
0.0805813
0.0208973
0.077189
0.101783
0.0817029
-0.0416823
-0.0103451
0.0235212
0.0607096
0.0179375
-0.0239562
-0.0524857
-0.0325466
0.00690148
0.0386141
0.0693789
0.0129594
-0.0289942
-0.0548556
-0.0108216
0.0306925
0.0970992
0.0849406
0.01746
-0.0225836
-0.0451944
0.074449
0.114517
0.155837
0.140348
0.0844974
0.0429681
0.0141295
-0.0486219
-0.0178609
0.0130682
0.0649441
0.011377
-0.0317248
-0.059293
-0.0414328
-0.0388717
-0.0630682
-0.0264031
-0.0346554
-0.0547073
0.0670784
0.109436
0.156933
0.139705
0.0784074
0.035527
0.00734927
-0.048615
-0.0179004
0.0129383
0.0651482
0.011481
-0.0316076
-0.0591347
-0.0414217
-0.0387851
-0.0629164
-0.0263782
-0.0345406
-0.0545312
0.0671803
0.109566
0.157193
0.140136
0.078782
0.0358243
0.0076125
-0.0416481
-0.0103783
0.0235135
0.0611322
0.0182563
-0.0236567
-0.0521412
-0.0325092
0.006883
0.038595
0.0699721
0.0132356
-0.0287231
-0.0545156
-0.0107479
0.0307492
0.0973807
0.086093
0.0179026
-0.0222399
-0.0448056
0.0746688
0.114797
0.156348
0.141133
0.0852157
0.0435628
0.0146599
0.0882299
0.00516642
0.0253586
0.0208171
-0.00850183
0.097485
0.0765055
0.0992579
0.0419744
0.0556737
0.0882455
0.0253103
0.0202288
0.0976225
0.0991673
0.0557682
0.0447018
0.1605
0.0271453
0.176988
0.0864424
0.10036
0.59104
0.554571
0.0447018
0.160501
0.177189
0.0980807
0.140459
0.140442
0.0259513
0.178704
0.224815
0.16881
0.168892
0.0566592
0.608898
0.13832
0.15188
0.0949644
0.491452
0.0314516
0.0662715
0.00516041
0.0141987
0.0830354
-0.0079776
0.0584417
0.0496044
0.0690995
0.0811676
0.0631777
0.0369946
0.0399173
0.00516779
0.066287
0.0135897
-0.00804191
0.0829624
0.0584694
0.0691263
0.0496177
0.0811096
0.0370154
0.0604779
0.0398843
0.0140453
0.0307629
0.138938
0.0314993
0.0863985
0.0612204
0.158853
0.0881672
0.105074
0.150261
0.096721
0.574616
0.0710553
0.150821
0.0868183
0.560344
0.0139033
0.0314678
0.0308953
0.138892
0.0863985
0.0881979
0.0612204
0.159026
0.105086
0.574677
0.150257
0.0967999
0.071393
0.560395
0.150964
0.087304
0.13418
0.21667
0.0151768
0.21581
0.122187
0.028122
0.125765
0.0343376
0.0633159
0.0938022
0.149179
0.103612
0.1578
0.150645
0.141345
0.179818
0.466003
0.0620246
0.126437
0.4822
0.134209
0.216672
0.122186
0.0281149
0.125743
0.0342514
0.149251
0.103632
0.141306
0.179793
0.126481
0.482207
0.148513
0.0595772
0.162801
0.164849
0.0180315
0.0419047
0.173251
0.165541
0.0714196
0.0906385
0.151217
0.616157
0.331705
0.636061
0.581735
0.523048
0.148575
0.0595772
0.162762
0.164869
0.173394
0.165696
0.151083
0.61594
0.110751
0.131854
0.148826
0.133783
0.110753
0.128948
0.148811
0.131834
0.0158784
0.0158749
0.0191072
0.0191331
0.156251
0.30929
0.309293
0.156245
0.175955
0.132542
0.132543
0.176165
0.143658
0.153687
0.151109
0.15085
0.143671
0.150769
0.151122
0.153794
0.0455393
0.0455236
0.074075
0.0740597
0.644466
0.58828
0.588198
0.644358
0.158955
0.113388
0.112467
0.141013
0.159064
0.141108
0.112447
0.113407
0.0949562
0.0949878
0.0683227
0.0683126
0.512476
0.452906
0.452909
0.51255
0.115405
0.115371
0.0605045
0.0605475
0.0293145
0.00515436
0.00806103
0.0516755
-0.00268395
0.0427843
0.0260936
0.043017
0.0663776
0.0256825
0.0228046
0.0319209
0.00516166
0.0296456
0.00799148
-0.00282209
0.0516755
0.0427843
0.0430069
0.0260953
0.0661533
0.022796
0.0258181
0.0319449
0.0182953
0.0255257
0.108278
0.0311386
0.0832767
0.0691959
0.165615
0.0878267
0.103991
0.133224
0.0989712
0.421103
0.0775744
0.127519
0.0835844
0.381454
0.0182678
0.031091
0.0258903
0.108257
0.0832767
0.087873
0.0694797
0.165713
0.104031
0.421127
0.133213
0.0990028
0.0780911
0.380999
0.127651
0.096308
0.0796429
0.0476825
0.131142
0.190931
0.00515971
0.00516716
0.00979083
0.187074
0.019566
0.0307116
0.103229
0.0291267
0.0140532
0.0256704
0.115222
0.024688
-0.00824721
-0.0082872
0.035779
0.0795212
0.0760659
0.0920521
0.130165
0.107667
0.0727966
0.0728348
0.137795
0.105822
0.095689
0.102208
0.123857
0.171885
0.0390419
0.0390524
0.385832
0.066369
0.0477856
0.0635973
0.101477
0.458644
0.0797018
0.0476822
0.131156
0.190933
0.0192829
0.0299769
0.10324
0.029116
0.00972364
0.0252874
0.118447
0.0245917
0.0761047
0.092725
0.130263
0.107698
0.0957293
0.10221
0.123818
0.171864
0.0478237
0.063742
0.101492
0.456861
0.0374939
0.052961
0.1203
0.0589358
0.168888
0.162612
0.165793
0.162831
0.0275391
0.0275231
0.0238158
0.0345251
0.17463
0.167649
0.175207
0.175304
0.0866406
0.0866561
0.0787975
0.0884685
0.0948314
0.0898193
0.131661
0.406849
0.588992
0.588992
0.46687
0.629621
0.559977
0.560011
0.568153
0.538846
0.0369841
0.052961
0.12036
0.0589361
0.168862
0.16257
0.165653
0.162819
0.174811
0.167816
0.17538
0.17548
0.0949816
0.0899441
0.13245
0.405202
0.138868
0.133885
0.145715
0.150494
0.138852
0.133882
0.14569
0.150473
0.0205663
0.0270367
0.0270332
0.0317172
0.169982
0.180242
0.180234
0.183007
0.22056
0.226587
0.115303
0.220897
0.17715
0.166811
0.171207
0.165476
0.177222
0.166862
0.171321
0.165426
0.056819
0.0492839
0.0640413
0.056819
0.615708
0.62248
0.595316
0.615587
0.13476
0.153231
0.143198
0.156771
0.134751
0.153319
0.143253
0.156903
0.0955134
0.0992882
0.0992983
0.092791
0.478727
0.486975
0.486973
0.50725
0.0328205
0.015258
0.0500824
0.0327775
0.101337
0.166692
0.0101391
0.166306
0.085185
0.016411
0.117646
0.108617
0.0387782
0.0801873
0.0915458
0.0701231
0.114158
0.106332
0.134624
0.0887292
0.104913
0.150092
0.112923
0.0537794
0.369798
0.0635694
0.0808027
0.430335
0.0101384
0.166318
0.101848
0.166512
0.0855703
0.0163201
0.0387776
0.0801703
0.117631
0.108591
0.0915366
0.0701318
0.134623
0.0887319
0.114273
0.106404
0.10489
0.150053
0.369793
0.063552
0.112576
0.0534528
0.0807879
0.430308
0.105869
0.018341
0.114181
0.0448094
0.135571
0.141285
0.0247671
0.03851
0.136894
0.096769
0.126581
0.0735528
0.156277
0.160842
0.0813009
0.0909644
0.13302
0.248885
0.149579
0.150571
0.132342
0.413148
0.445965
0.634141
0.119026
0.488543
0.154069
0.14834
0.129934
0.39311
0.574297
0.538306
0.105874
0.0183072
0.0247381
0.0384863
0.114204
0.0448155
0.135545
0.141275
0.136988
0.0967849
0.0813238
0.0909958
0.126642
0.0735607
0.15642
0.160955
0.133007
0.248903
0.445853
0.634088
0.149565
0.150514
0.132275
0.413121
0.119083
0.488409
0.574282
0.538356
0.154148
0.148459
0.131213
0.400037
0.124227
0.136058
0.209045
0.105792
0.0155277
0.0155259
0.209751
0.209295
0.119446
0.130788
0.0220024
0.0333508
0.123045
0.122647
0.0175751
0.0507758
0.0659669
0.0659617
0.0948642
0.0948427
0.151668
0.129372
0.0992734
0.102301
0.156915
0.156911
0.141735
0.141735
0.146803
0.139837
0.17091
0.165112
0.459602
0.459601
0.0612526
0.061274
0.119468
0.133539
0.497338
0.467555
0.1242
0.136046
0.105794
0.20908
0.119484
0.130694
0.0219971
0.0333343
0.122614
0.123023
0.0175105
0.0507113
0.151758
0.129405
0.0992994
0.102314
0.139827
0.14659
0.165044
0.170899
0.133614
0.119477
0.46756
0.497378
0.146085
0.151086
0.0525511
0.066819
0.150887
0.156659
0.173198
0.164079
0.0185692
0.0185822
0.0421837
0.0421757
0.18021
0.166572
0.164777
0.160455
0.0716843
0.0716766
0.0927975
0.0928134
0.151155
0.151164
0.630331
0.602204
0.320332
0.320342
0.644009
0.643949
0.587844
0.5878
0.517915
0.517942
0.146123
0.151171
0.0525433
0.0668267
0.156632
0.15096
0.173224
0.164034
0.166631
0.180312
0.164909
0.160558
0.151103
0.151092
0.602054
0.630169
0.0775046
0.0977293
0.13022
0.117976
0.107288
0.161083
0.144009
0.109226
0.134267
0.130339
0.155709
0.160428
0.0989334
0.12638
0.142139
0.117926
0.077332
0.118005
0.130211
0.0977993
0.0989301
0.117907
0.142119
0.126378
0.134249
0.160401
0.155682
0.130322
0.107289
0.1092
0.144019
0.161138
0.0100221
0.00996499
0.0212844
0.0227715
0.00997711
0.0227204
0.0212818
0.00996465
0.029868
0.0242769
0.0325258
0.0333689
0.0298822
0.0333911
0.0325341
0.0242914
0.124378
0.165099
0.171131
0.136229
0.37764
0.458024
0.173266
0.176624
0.377571
0.176769
0.173292
0.458022
0.124373
0.136229
0.171126
0.165095
0.13918
0.188509
0.246272
0.180043
0.0849056
0.0974326
0.112107
0.103138
0.0848807
0.103063
0.112109
0.0974341
0.139176
0.180021
0.221749
0.188526
0.111243
0.117228
0.175328
0.171069
0.129435
0.182006
0.178955
0.12342
0.129291
0.130638
0.166021
0.167109
0.132893
0.163319
0.164778
0.132006
0.111247
0.171039
0.175383
0.117239
0.132867
0.131848
0.16474
0.163273
0.12963
0.167223
0.166037
0.131681
0.129514
0.123494
0.179049
0.182152
0.0379728
0.0348589
0.0495015
0.0518714
0.0379519
0.0518743
0.0494975
0.0348469
0.0808422
0.0791069
0.0642518
0.0662468
0.0808152
0.0662429
0.064248
0.0790953
0.417247
0.408584
0.629859
0.635333
0.387318
0.57391
0.601776
0.402021
0.393329
0.402012
0.601694
0.573906
0.417249
0.635297
0.629768
0.408709
0.143251
0.133396
0.15673
0.169014
0.09084
0.121636
0.137823
0.105295
0.0740568
0.0911366
0.132186
0.116088
0.127008
0.164924
0.151647
0.111572
0.143281
0.169167
0.15684
0.133463
0.127058
0.111609
0.151729
0.165068
0.0738645
0.115858
0.132202
0.0911338
0.0909342
0.105704
0.137841
0.121588
0.0943517
0.0897166
0.0960325
0.102209
0.0943675
0.102232
0.0960454
0.0897323
0.0392583
0.0372594
0.0989139
0.0976437
0.0392567
0.0976327
0.0989063
0.0372596
0.38467
0.473796
0.502445
0.538971
0.343763
0.377819
0.473289
0.444544
0.343757
0.444512
0.473287
0.377878
0.384358
0.539002
0.502458
0.47374
0.0762547
0.0798048
0.0162746
0.0114323
0.0762403
0.0113737
0.0162423
0.079796
0.0499042
0.0650265
0.0503718
0.0428034
0.0500644
0.043013
0.0504041
0.0650331
0.00108554
0.00514653
0.00475653
0.0262733
0.00117848
0.0265551
0.0146952
0.0186727
0.0425463
0.0179727
0.0116771
0.0279749
0.00515381
0.00123508
0.00475659
0.00102964
0.0262347
0.0265553
0.0189572
0.0147066
0.0425525
0.0116713
0.0174968
0.0279997
0.0199296
0.0230816
0.0846196
0.0309883
0.0805743
0.0728979
0.161927
0.0877068
0.103378
0.121697
0.099956
0.268027
0.081
0.10675
0.0821034
0.232208
0.0197778
0.0309323
0.0231673
0.0845883
0.0807715
0.087765
0.0733831
0.161995
0.103385
0.268096
0.121676
0.0999626
0.0800519
0.231504
0.106983
0.0891607
0.0849931
0.0703382
0.114916
0.167177
0.00516204
0.00516683
0.00693645
0.16691
0.0221226
0.0280519
0.0798112
0.0296635
0.0209154
0.0339633
0.114781
0.0171957
-0.00838309
-0.00840016
0.0180481
0.0397819
0.0890885
0.0945605
0.129234
0.109904
0.074845
0.074843
0.112883
0.11434
0.0976977
0.100713
0.114486
0.152688
0.0400657
0.0400708
0.220765
0.0589003
0.0517291
0.0596642
0.0733239
0.281682
0.0850238
0.0694683
0.114916
0.167171
0.022055
0.0275463
0.0798576
0.0296508
0.0219135
0.0316021
0.114094
0.0170779
0.0908147
0.0953113
0.129326
0.109966
0.0977088
0.10071
0.114468
0.152715
0.0517866
0.0597776
0.0735319
0.281473
0.0411892
0.0488314
0.0957669
0.0586718
0.170413
0.162561
0.161535
0.161542
0.027346
0.027338
0.0267078
0.0308353
0.177134
0.173929
0.176149
0.176173
0.0864721
0.0864798
0.0824864
0.0873823
0.0938725
0.0913128
0.117654
0.251909
0.586443
0.586489
0.534371
0.625092
0.557391
0.557397
0.561362
0.546745
0.0408757
0.0488314
0.0958025
0.0586729
0.170359
0.162523
0.161412
0.161511
0.177322
0.174095
0.176335
0.176362
0.0940538
0.0948005
0.119401
0.252079
0.139696
0.13851
0.143402
0.146717
0.139677
0.138486
0.143386
0.146697
0.0232588
0.026494
0.0264923
0.0288345
0.174342
0.180152
0.180148
0.184997
0.223583
0.228775
0.188514
0.223086
0.177819
0.167801
0.170143
0.170187
0.1779
0.167867
0.170241
0.1702
0.0567408
0.0529733
0.0603521
0.0567408
0.612422
0.615689
0.602107
0.612355
0.150019
0.152598
0.151978
0.154326
0.150073
0.152694
0.151939
0.154445
0.0957437
0.0971267
0.0971317
0.0938775
0.48509
0.489292
0.489285
0.499351
0.0321622
0.0399403
0.0407669
0.0321402
0.0548958
0.072992
0.0920722
0.153201
0.0051598
0.00516006
0.00710806
0.140201
0.0111857
0.0170425
0.0779539
0.0166932
0.0713079
-0.0251956
0.119482
0.10519
-0.0068755
-0.00811695
0.0198932
0.0402453
0.0572227
0.0594116
0.0753334
0.0707798
0.0427371
0.0448221
0.101817
0.0832617
0.0648212
0.0711915
0.107152
0.096206
0.0736324
0.0894931
0.099124
0.111779
0.0303422
0.0295983
0.130073
0.0467917
0.0342325
0.0380182
0.206595
0.0564374
0.0358806
0.0438714
0.0583112
0.261322
0.00516714
0.00516748
0.00710888
0.140224
0.0547992
0.0730613
0.0920855
0.153472
0.0108347
0.0164317
0.0771914
0.0165583
-0.0070838
-0.00816679
0.0198897
0.0402408
0.071254
-0.0234248
0.119389
0.105168
0.0539085
0.0594284
0.0753541
0.070788
0.0647076
0.071189
0.107109
0.0963249
0.0430493
0.0449358
0.102035
0.0833011
0.073403
0.0894878
0.0991217
0.111774
0.0342349
0.0380338
0.206676
0.0564254
0.0305984
0.0292246
0.125813
0.0463092
0.0358915
0.0438542
0.0582984
0.26126
0.0161182
0.0349815
0.0835807
0.0179437
0.0276356
0.0341394
0.0900535
0.044488
0.12699
0.151241
0.13743
0.140113
0.0313203
0.0277401
0.0275839
0.0349995
0.0848373
0.0879498
0.133069
0.0977607
0.06535
0.0570907
0.101719
0.0733705
0.145766
0.168948
0.157574
0.169547
0.088044
0.0868094
0.084921
0.0889673
0.104452
0.103558
0.123425
0.211119
0.141868
0.157222
0.149918
0.150425
0.0975457
0.095872
0.120365
0.259957
0.542855
0.587903
0.51068
0.613179
0.0747751
0.0673107
0.0912026
0.306851
0.140526
0.160684
0.15397
0.149602
0.0851557
0.0882357
0.110141
0.241361
0.522986
0.562581
0.567321
0.549452
0.0160591
0.0344926
0.0835798
0.0179062
0.0312799
0.0277161
0.0275535
0.0349719
0.0280579
0.033851
0.0900591
0.044505
0.126962
0.151209
0.137401
0.140088
0.0848374
0.0880664
0.133108
0.0978028
0.0880828
0.0868326
0.0849478
0.0889985
0.06535
0.0570907
0.101742
0.0733759
0.146265
0.169118
0.157733
0.169679
0.104475
0.103606
0.12344
0.211137
0.542594
0.587895
0.510626
0.613204
0.141845
0.157185
0.149905
0.150389
0.0975995
0.0958214
0.120346
0.2602
0.0751987
0.0676194
0.0913098
0.306169
0.522549
0.562645
0.567338
0.549504
0.140638
0.160834
0.154086
0.149736
0.0856974
0.0887755
0.107249
0.243794
0.132089
0.135444
0.131555
0.135798
0.208924
0.218718
0.219149
0.195323
0.0124835
0.0178701
0.0153523
0.0153514
0.205916
0.221199
0.213429
0.213429
0.114558
0.128465
0.121114
0.128151
0.0286586
0.0275793
0.0250622
0.0307367
0.122557
0.128921
0.124761
0.124323
0.0323053
0.0335768
0.0261522
0.0425566
0.0497892
0.0773584
0.0646369
0.0646343
0.0859586
0.00652022
0.0943335
0.0943227
0.144739
0.153788
0.150428
0.146089
0.105544
0.10145
0.101442
0.103466
0.147796
0.165499
0.157243
0.15724
0.111376
0.12538
0.146584
0.146554
0.126266
0.147446
0.143119
0.139395
0.177316
0.180071
0.175415
0.183577
0.452871
0.472365
0.46288
0.462876
0.0673965
0.0564983
0.0616417
0.0616515
0.116525
0.134398
0.122953
0.129969
0.477109
0.484581
0.489769
0.474878
0.132083
0.135433
0.131546
0.135813
0.208926
0.218719
0.195306
0.219151
0.114599
0.128454
0.121104
0.128138
0.028649
0.027574
0.025056
0.0307249
0.122497
0.128875
0.124294
0.124737
0.032228
0.0335122
0.026078
0.0424812
0.144803
0.153868
0.150509
0.146142
0.105543
0.101465
0.101465
0.103483
0.126247
0.147554
0.139372
0.143091
0.177288
0.18006
0.183544
0.175402
0.11653
0.134449
0.130026
0.122982
0.477105
0.484583
0.474884
0.489793
0.135914
0.160191
0.1473
0.1498
0.05929
0.0568974
0.0560612
0.0631985
0.164628
0.151773
0.165659
0.155071
0.163842
0.165834
0.173155
0.166774
0.0209237
0.0345998
0.0183003
0.0183068
0.0382149
0.0455943
0.0420441
0.0420401
0.174241
0.172243
0.182774
0.172524
0.1678
0.159134
0.165098
0.167668
0.0751086
0.0677305
0.0715519
0.071548
0.0895532
0.0917047
0.0917183
0.0917262
0.142167
0.159751
0.151189
0.151092
0.5529
0.619024
0.623264
0.60918
0.399248
0.264145
0.325828
0.32582
0.633817
0.629271
0.640157
0.640123
0.574944
0.588525
0.584907
0.584877
0.530947
0.515149
0.520561
0.520566
0.135958
0.160258
0.14735
0.149873
0.0592899
0.0568974
0.0560573
0.0632024
0.164595
0.151757
0.155041
0.165621
0.163845
0.165869
0.173172
0.16676
0.174399
0.172372
0.172609
0.182905
0.167971
0.159283
0.165242
0.167898
0.141986
0.159651
0.150965
0.151089
0.557067
0.618848
0.608997
0.62303
0.107072
0.101547
0.117197
0.11371
0.120907
0.133713
0.145752
0.142457
0.140984
0.149212
0.1484
0.154403
0.126113
0.119659
0.134229
0.132687
0.106988
0.100263
0.117164
0.113761
0.126057
0.119669
0.134213
0.13266
0.140967
0.149192
0.148375
0.15437
0.120886
0.13369
0.145704
0.142436
0.0130085
0.0161624
0.015703
0.018939
0.0130064
0.0161148
0.0157004
0.0189346
0.0187016
0.0219227
0.0359437
0.0188383
0.0187314
0.0219502
0.0359649
0.0188577
0.14542
0.156046
0.15657
0.165892
0.285094
0.379752
0.241438
0.314845
0.285101
0.379745
0.241295
0.314823
0.145416
0.156039
0.156565
0.165884
0.183062
0.19132
0.182814
0.179407
0.1253
0.117067
0.10139
0.137541
0.117082
0.125327
0.137594
0.101391
0.191356
0.182919
0.179321
0.182926
0.131402
0.142457
0.144872
0.155891
0.140824
0.15498
0.152372
0.164775
0.151042
0.141351
0.160373
0.151125
0.150715
0.141877
0.158519
0.151155
0.131416
0.142458
0.144897
0.15591
0.150654
0.14183
0.158449
0.151064
0.151086
0.141376
0.160405
0.151097
0.140903
0.155106
0.152469
0.164894
0.0451931
0.0420204
0.049041
0.042323
0.0420007
0.0451878
0.0423111
0.0490292
0.077699
0.0738588
0.0718169
0.0704509
0.0738485
0.07768
0.0704394
0.0718053
0.563273
0.641594
0.637399
0.6479
0.545946
0.581274
0.595227
0.590805
0.581225
0.543003
0.590749
0.595111
0.641526
0.563347
0.647813
0.637264
0.149726
0.159701
0.152901
0.161852
0.115296
0.103518
0.121181
0.11635
0.112659
0.100682
0.119695
0.115961
0.131468
0.145034
0.13714
0.150642
0.149753
0.159842
0.153001
0.161977
0.131516
0.145138
0.137212
0.150742
0.112441
0.100693
0.119675
0.115946
0.115288
0.103512
0.12117
0.116374
0.0959341
0.09296
0.0971047
0.0938768
0.0959375
0.0929915
0.0971335
0.0939006
0.0538243
0.0694899
0.0671476
0.0832453
0.0538199
0.0694808
0.0671401
0.0832327
0.506699
0.525614
0.504907
0.515188
0.440997
0.44813
0.456251
0.460231
0.441002
0.448125
0.456252
0.460235
0.506744
0.525692
0.504964
0.515238
0.112004
0.106429
0.00904991
0.0953947
0.106398
0.111975
0.0953625
0.00900181
0.065669
0.0606304
0.0608727
0.056019
0.0608094
0.0657014
0.0560725
0.0609049
0.0635688
0.108339
0.00705559
0.106069
0.0833296
0.010111
0.0919727
0.0715764
0.0240259
0.0458123
0.0758593
0.041131
0.0804566
0.0589387
0.0930699
0.0697584
0.0886585
0.0815365
0.0698096
0.0378538
0.184268
0.0422199
0.05253
0.256843
0.00703431
0.106072
0.0636814
0.108462
0.0834867
0.0100783
0.0240188
0.0458145
0.0919766
0.0715691
0.0758838
0.0411318
0.0928029
0.0695254
0.0804849
0.0588657
0.0886725
0.0814989
0.184269
0.0421455
0.0695821
0.0377844
0.0524095
0.256729
0.0842341
0.0300234
0.0873166
0.0376908
0.107768
0.109755
0.0321627
0.034546
0.175541
0.0956645
0.104636
0.0806531
0.130804
0.149611
0.0844497
0.0910305
0.123217
0.255068
0.13374
0.133109
0.121041
0.264022
0.407574
0.419211
0.100272
0.231569
0.128409
0.127203
0.110566
0.236519
0.388333
0.383329
0.0842191
0.0300156
0.0321317
0.0345118
0.0873293
0.0377182
0.107763
0.109738
0.17558
0.0957226
0.0844865
0.0910615
0.10468
0.0806983
0.130892
0.149515
0.123197
0.255151
0.407634
0.419225
0.133728
0.133098
0.121022
0.264145
0.100703
0.231591
0.386055
0.382779
0.129243
0.127298
0.106073
0.237971
0.107892
0.166844
0.105995
0.0797449
0.126029
0.131745
0.194101
0.177948
0.00702175
0.15475
0.00702269
0.155062
0.00987793
0.00987777
0.18404
0.18404
0.0731854
0.0231492
0.0912049
0.0350666
0.100847
0.108252
0.025949
0.0312591
0.115853
0.000867559
0.112124
0.0338606
0.121108
0.11684
0.0183566
0.0338392
0.0189866
0.0399607
0.0189843
0.0399592
0.0365145
0.0365147
0.0796629
0.0796586
0.0917466
0.0984004
0.128458
0.103861
0.131803
0.124997
0.104938
0.107403
0.109903
0.105727
0.1099
0.105717
0.137019
0.137018
0.102235
0.102236
0.108303
0.142753
0.120711
0.16649
0.127344
0.121462
0.168677
0.174495
0.211598
0.0576993
0.211647
0.0576948
0.381985
0.381981
0.0657744
0.0657826
0.0657279
0.271084
0.0810545
0.294098
0.0963062
0.106843
0.466274
0.450695
0.107859
0.166858
0.106
0.0795227
0.126004
0.131644
0.177828
0.194108
0.0727851
0.0230822
0.0909286
0.0349479
0.100889
0.108196
0.025918
0.0312426
0.115221
0.000317323
0.111736
0.0337242
0.116674
0.12103
0.0182797
0.0336828
0.0916804
0.0983236
0.128498
0.103989
0.131888
0.12513
0.104965
0.107428
0.108285
0.142754
0.120707
0.166492
0.121445
0.127324
0.174484
0.168654
0.0658188
0.270933
0.0812772
0.293681
0.106858
0.0963104
0.451112
0.46622
0.0929066
0.0515571
0.098737
0.0660193
0.118754
0.121862
0.0554051
0.0625894
0.166181
0.16995
0.16186
0.163015
0.168057
0.158829
0.171401
0.164672
0.0271458
0.0312063
0.0271306
0.0311923
0.0240464
0.0240536
0.0346952
0.0346892
0.183157
0.173923
0.167379
0.166297
0.184913
0.173224
0.169458
0.171004
0.0828044
0.088175
0.082818
0.0881905
0.0789523
0.0789462
0.0890928
0.0891006
0.119391
0.25574
0.113913
0.246152
0.131136
0.131854
0.406633
0.404445
0.527239
0.628526
0.527236
0.628584
0.462626
0.462515
0.632841
0.632823
0.566943
0.549499
0.566958
0.54953
0.571149
0.571137
0.538989
0.538994
0.0928977
0.0515065
0.0987694
0.0660251
0.118798
0.121935
0.0554067
0.0625914
0.166263
0.16995
0.161825
0.162967
0.158792
0.16801
0.171372
0.164645
0.183325
0.174092
0.167519
0.166454
0.173348
0.185074
0.16963
0.171149
0.119333
0.255483
0.111986
0.250308
0.131656
0.131802
0.404556
0.406771
0.135405
0.141876
0.132207
0.140023
0.151737
0.143867
0.149926
0.153596
0.135429
0.141858
0.132208
0.140026
0.143846
0.151713
0.153096
0.149899
0.0209254
0.0209241
0.0241606
0.0297857
0.0241575
0.0297798
0.0321216
0.0321257
0.170563
0.17056
0.176426
0.184358
0.18435
0.176424
0.17823
0.178167
0.227142
0.192066
0.259277
0.258938
0.11268
0.112614
0.192067
0.224126
0.176337
0.178187
0.17548
0.168731
0.180445
0.171793
0.16574
0.16512
0.176394
0.178272
0.175532
0.168731
0.171843
0.180556
0.165057
0.165719
0.0531603
0.0605335
0.0493926
0.0493906
0.0641465
0.0641445
0.0531583
0.0605355
0.622784
0.608742
0.626289
0.626239
0.598665
0.598616
0.60864
0.622677
0.1368
0.133482
0.155008
0.150648
0.139176
0.147492
0.156683
0.154878
0.133495
0.136841
0.155107
0.150712
0.147562
0.139139
0.156802
0.15492
0.097214
0.0972102
0.0976601
0.099605
0.0976717
0.0996138
0.0944121
0.0944185
0.476086
0.47608
0.49471
0.480132
0.48013
0.494715
0.504927
0.504926
0.0247741
0.0416123
0.0161117
0.0161094
0.0502325
0.0502502
0.0247371
0.0415746
0.0968178
0.10946
0.167616
0.172007
0.01009
0.010052
0.159803
0.17292
0.0813518
0.0906912
0.0132165
0.0195899
0.106457
0.121734
0.0972273
0.00192826
0.0393177
0.0380286
0.0821047
0.079952
0.0911348
0.0929103
0.0549925
0.0851329
0.109414
0.120231
0.0931246
0.0976858
0.132756
0.135412
0.10515
0.0935559
0.102565
0.11122
0.13701
0.161066
0.0955561
0.115229
0.0530896
0.0481579
0.363344
0.373827
0.061658
0.0643014
0.0774297
0.0859719
0.411375
0.437405
0.0100671
0.0100515
0.159821
0.172984
0.0967693
0.109496
0.167615
0.172084
0.0811737
0.090779
0.0131483
0.0195188
0.0393182
0.0380283
0.0820877
0.0799358
0.106444
0.121685
0.0972059
0.00189971
0.0911347
0.092924
0.054998
0.0851467
0.13271
0.135412
0.105177
0.0935576
0.109443
0.120295
0.0931119
0.097671
0.102557
0.111184
0.136937
0.160981
0.363318
0.373823
0.061582
0.0642902
0.0952549
0.114455
0.0528712
0.0478855
0.0773262
0.0859629
0.41138
0.437337
0.107007
0.136675
0.0224869
0.0355231
0.112704
0.115704
0.0413814
0.0483305
0.126371
0.146763
0.129215
0.153652
0.0257044
0.0245293
0.0382553
0.0350285
0.144958
0.134962
0.0953194
0.0994783
0.12803
0.125005
0.0771841
0.0698994
0.1433
0.166967
0.155558
0.165419
0.0810993
0.0792544
0.0924595
0.0903405
0.133678
0.132825
0.317285
0.174478
0.141985
0.155779
0.141903
0.157873
0.132627
0.132176
0.415196
0.410871
0.418927
0.453898
0.568183
0.638657
0.123386
0.115307
0.457855
0.480076
0.140485
0.160565
0.139175
0.158027
0.129958
0.130132
0.390376
0.402681
0.533416
0.576692
0.535345
0.538844
0.107005
0.13664
0.0224628
0.0354952
0.0256825
0.0245076
0.0382322
0.0350105
0.112717
0.115721
0.041374
0.048335
0.12632
0.146738
0.129199
0.153642
0.144993
0.135026
0.0953353
0.0994979
0.0811239
0.0792718
0.0924486
0.090364
0.1281
0.12507
0.0772014
0.0699054
0.143403
0.167111
0.155645
0.165794
0.133661
0.132818
0.317262
0.174479
0.418918
0.453893
0.568249
0.638611
0.141958
0.155759
0.141853
0.157819
0.132586
0.132062
0.415141
0.41093
0.123438
0.11535
0.457567
0.480933
0.530363
0.576696
0.53534
0.538901
0.140732
0.160663
0.139236
0.158154
0.130437
0.131002
0.396683
0.403245
0.125874
0.124094
0.134551
0.137666
0.206642
0.21164
0.111101
0.120399
0.012746
0.0184046
0.0184024
0.012745
0.215875
0.199319
0.198241
0.215392
0.109254
0.124909
0.137098
0.123059
0.0216434
0.0224127
0.0334135
0.0329425
0.122344
0.126314
0.127574
0.119382
0.0169211
0.0173736
0.0499863
0.0505889
0.0518767
0.0803843
0.080378
0.0518744
0.0867765
0.00787492
0.00784804
0.086758
0.146146
0.155662
0.13681
0.120108
0.0976529
0.100803
0.0991234
0.100603
0.165715
0.146439
0.146437
0.165711
0.113165
0.109121
0.109122
0.113161
0.138271
0.151668
0.142076
0.125484
0.169167
0.171664
0.16823
0.167875
0.446994
0.466445
0.466444
0.446994
0.0666644
0.0562374
0.0562643
0.0666792
0.109133
0.127457
0.142372
0.124039
0.4919
0.499884
0.470416
0.462794
0.124064
0.125867
0.137651
0.134542
0.120388
0.111091
0.211646
0.206234
0.12494
0.109303
0.122703
0.137048
0.0223844
0.0216394
0.0329301
0.0333938
0.119245
0.127579
0.126318
0.122301
0.017326
0.0168727
0.0505405
0.0498578
0.155723
0.146214
0.120119
0.13681
0.100769
0.0976723
0.100614
0.0991301
0.125473
0.142056
0.151693
0.138328
0.167786
0.168232
0.171659
0.169122
0.124061
0.142405
0.12747
0.109135
0.462762
0.470418
0.499911
0.491921
0.133655
0.158079
0.162585
0.138337
0.0496102
0.0522345
0.0665713
0.0643515
0.155964
0.147893
0.154725
0.158606
0.174263
0.172133
0.163723
0.164433
0.0214231
0.0352718
0.0352824
0.0214368
0.0385246
0.0458426
0.0458367
0.0385147
0.181006
0.179602
0.166298
0.16684
0.158429
0.166856
0.164179
0.156124
0.0753955
0.0679681
0.0679623
0.0753858
0.0912568
0.0944049
0.0944193
0.0912726
0.141786
0.16007
0.159128
0.137935
0.558012
0.633463
0.604913
0.545618
0.388958
0.253548
0.253565
0.388963
0.636934
0.640931
0.640886
0.636858
0.580877
0.59481
0.594747
0.580853
0.51018
0.528443
0.528472
0.5102
0.15812
0.133684
0.138398
0.162678
0.0522322
0.0496042
0.0643573
0.0665769
0.158578
0.154701
0.147873
0.156034
0.172145
0.174303
0.164386
0.163678
0.166926
0.166334
0.179691
0.181129
0.166998
0.15855
0.156123
0.164309
0.137953
0.159035
0.160037
0.141707
0.54557
0.604797
0.633331
0.558183
0.0460076
0.0803099
0.0996371
0.0799402
0.0758975
0.112174
0.103909
0.0762017
0.136652
0.131742
0.119787
0.127064
0.112451
0.100063
0.115861
0.131928
0.0850828
0.126922
0.123649
0.0847159
0.169247
0.166867
0.144604
0.148922
0.145748
0.13434
0.14699
0.154524
0.0867833
0.131324
0.142832
0.120967
0.12266
0.123196
0.141494
0.141917
0.117642
0.129342
0.140782
0.123091
0.149313
0.152799
0.153834
0.153888
0.160723
0.156495
0.155092
0.156941
0.0666976
0.0911034
0.116081
0.0941024
0.109498
0.132861
0.132706
0.103002
0.142646
0.144942
0.136844
0.138039
0.111382
0.103548
0.123026
0.125922
0.0459636
0.0799779
0.099549
0.0798496
0.112425
0.131918
0.115847
0.100079
0.136621
0.12708
0.11979
0.131722
0.0759713
0.0756716
0.103891
0.112206
0.0668044
0.0940946
0.116086
0.0925231
0.111372
0.125912
0.123018
0.103567
0.142628
0.138036
0.136825
0.144881
0.109492
0.102996
0.13269
0.132822
0.122651
0.1419
0.141476
0.123173
0.160682
0.156909
0.155054
0.156463
0.149287
0.153879
0.153806
0.152755
0.117636
0.123169
0.140767
0.129254
0.0850585
0.0847173
0.123629
0.126884
0.0867688
0.120898
0.142796
0.13124
0.145734
0.154483
0.146994
0.134321
0.169196
0.148894
0.144581
0.166823
0.00671621
0.00708264
0.0131257
0.0134018
0.00697912
0.0126148
0.0128772
0.00706492
0.0237097
0.0246114
0.0186718
0.0181374
0.0264063
0.0199197
0.019286
0.0255358
0.00670049
0.0133181
0.0130905
0.00707241
0.0263667
0.0255167
0.0192483
0.0198187
0.0237082
0.0181363
0.0186685
0.0246068
0.00697959
0.00706578
0.0128757
0.0126143
0.0328147
0.0280534
0.0221934
0.0215519
0.0269192
0.0211734
0.021673
0.0273421
0.0293072
0.0302524
0.0356078
0.0349359
0.0322995
0.0360786
0.0357659
0.0310217
0.0328312
0.0215764
0.0222193
0.0280844
0.0323654
0.0310364
0.0357906
0.0361567
0.0293102
0.0349412
0.0356237
0.0302612
0.0269268
0.027365
0.0216936
0.0211803
0.0586721
0.0961001
0.14439
0.105234
0.146505
0.173243
0.164926
0.130604
0.175399
0.165622
0.165779
0.176071
0.111419
0.108538
0.145832
0.147134
0.260938
0.482843
0.351983
0.277533
0.531009
0.394191
0.38435
0.523464
0.184677
0.183995
0.24762
0.259103
0.159827
0.1516
0.211536
0.180709
0.261088
0.277413
0.351984
0.482831
0.159843
0.180681
0.211562
0.149599
0.184674
0.259105
0.247617
0.183985
0.530827
0.523411
0.384333
0.394189
0.0586145
0.105205
0.144385
0.0961001
0.111419
0.147133
0.145828
0.108458
0.175396
0.176062
0.165773
0.16562
0.146484
0.131136
0.164656
0.173206
0.0720807
0.140671
0.185091
0.133337
0.170167
0.212088
0.189195
0.159014
0.232254
0.218982
0.185854
0.221567
0.161085
0.147247
0.195045
0.203286
0.0460734
0.0915628
0.110752
0.075089
0.111018
0.111858
0.115639
0.102244
0.190425
0.193648
0.104658
0.116031
0.152511
0.0742965
0.115905
0.191154
0.0460926
0.0750516
0.110551
0.0915609
0.152208
0.191149
0.115927
0.0743048
0.190425
0.115983
0.104692
0.193623
0.111007
0.102232
0.115422
0.111855
0.0720304
0.13339
0.185147
0.140712
0.161637
0.203282
0.195052
0.147238
0.231876
0.221571
0.185811
0.219124
0.170171
0.159033
0.189171
0.212097
0.085967
0.0886823
0.130307
0.128116
0.094334
0.134784
0.132526
0.0914884
0.176649
0.174311
0.157012
0.159104
0.170839
0.152491
0.154771
0.172171
0.106103
0.144568
0.142062
0.103182
0.185983
0.183843
0.165871
0.168062
0.179267
0.161496
0.16368
0.181638
0.097246
0.10023
0.139579
0.137121
0.108077
0.112715
0.141211
0.140194
0.115319
0.141992
0.141566
0.11158
0.171116
0.172173
0.160187
0.159924
0.173574
0.160646
0.160503
0.172874
0.121381
0.141897
0.141899
0.120762
0.163622
0.165723
0.158199
0.157549
0.169404
0.159426
0.158829
0.167779
0.118919
0.120051
0.140738
0.142052
0.0859628
0.128083
0.13031
0.0886933
0.170799
0.172163
0.154776
0.152472
0.176716
0.159158
0.157045
0.174348
0.0943525
0.0914838
0.132548
0.13482
0.121373
0.120742
0.141857
0.141853
0.118918
0.141908
0.140766
0.120027
0.16941
0.167772
0.158763
0.159334
0.163584
0.157502
0.158137
0.165703
0.106582
0.140469
0.141254
0.106246
0.173719
0.17298
0.160561
0.160767
0.171154
0.159858
0.160185
0.172238
0.116841
0.109106
0.141543
0.141863
0.106151
0.103217
0.142154
0.144682
0.097283
0.137173
0.139649
0.100257
0.179363
0.181764
0.163785
0.161576
0.186159
0.16822
0.166002
0.18399
0.0343398
0.0347882
0.0417224
0.0410895
0.0310207
0.0383697
0.038673
0.0313843
0.0530667
0.0532538
0.0459669
0.0457184
0.0551145
0.0480253
0.0487167
0.055767
0.0343255
0.0411115
0.0417082
0.0347562
0.0550894
0.0557658
0.0487131
0.0480086
0.0530657
0.0457154
0.0459575
0.0532509
0.0310137
0.0313633
0.038658
0.0383647
0.0843309
0.0847553
0.0774906
0.0770375
0.0826523
0.075252
0.0755441
0.082989
0.0604437
0.0606274
0.0680872
0.0678492
0.0623528
0.0696968
0.0702192
0.0629345
0.0842815
0.0770108
0.077475
0.0847245
0.0623493
0.062932
0.0702104
0.0696908
0.0604427
0.0678463
0.0680785
0.0606245
0.0826455
0.0829687
0.0755296
0.0752471
0.266009
0.261976
0.565778
0.570295
0.253111
0.555444
0.560604
0.257777
0.619356
0.633223
0.640681
0.626243
0.627578
0.630203
0.644447
0.637454
0.237198
0.526819
0.54055
0.238878
0.56427
0.578028
0.583748
0.569637
0.605543
0.611969
0.597859
0.591786
0.248138
0.243773
0.550782
0.549268
0.236576
0.240845
0.538077
0.526433
0.249936
0.565791
0.550121
0.245923
0.605486
0.591746
0.597773
0.611823
0.564267
0.569671
0.583722
0.578007
0.266155
0.569776
0.565889
0.262131
0.627575
0.637429
0.644378
0.630224
0.619297
0.626089
0.640572
0.633181
0.253036
0.257642
0.560933
0.555604
0.172299
0.135466
0.151301
0.167634
0.128656
0.14568
0.145766
0.128298
0.154673
0.158659
0.156905
0.154625
0.1763
0.169721
0.163648
0.167223
0.0739822
0.107769
0.104828
0.0749884
0.119637
0.123199
0.121472
0.119289
0.150961
0.150838
0.123914
0.127509
0.129034
0.0770044
0.105917
0.141561
0.0489512
0.0554242
0.0981591
0.092067
0.0695592
0.112875
0.105258
0.0620026
0.144627
0.128942
0.123998
0.130934
0.118444
0.112857
0.117338
0.120595
0.103751
0.139877
0.135595
0.0956518
0.172474
0.171354
0.154807
0.15936
0.155488
0.138229
0.146523
0.160378
0.076973
0.0856759
0.127751
0.120293
0.172358
0.167736
0.151405
0.135506
0.176473
0.167385
0.163732
0.169888
0.154781
0.154703
0.156993
0.158792
0.128762
0.128337
0.145824
0.145748
0.104595
0.0956502
0.13565
0.139966
0.0772798
0.120298
0.127789
0.0858693
0.156411
0.160279
0.146594
0.138281
0.172629
0.159499
0.154921
0.1715
0.0488853
0.0916462
0.0979467
0.0553427
0.117884
0.120499
0.117181
0.112549
0.144667
0.130962
0.123992
0.12894
0.0696762
0.0620848
0.105245
0.112881
0.0741147
0.0750024
0.104816
0.107783
0.129061
0.141609
0.105933
0.076985
0.155372
0.127521
0.123929
0.150892
0.120195
0.119125
0.121454
0.123163
0.0923108
0.0897432
0.0941965
0.0955514
0.0877788
0.0904053
0.0921084
0.0885711
0.0957692
0.0995511
0.0957547
0.093055
0.106895
0.10081
0.0983617
0.103144
0.0923571
0.0955924
0.0941928
0.0897643
0.106968
0.103126
0.0983433
0.100909
0.0957749
0.0930623
0.0957763
0.0995684
0.0877866
0.0885945
0.092132
0.0904132
0.0247096
0.0217868
0.0546953
0.0562893
0.0185229
0.050829
0.0529058
0.019437
0.0976791
0.101549
0.0818148
0.0789243
0.109533
0.0857249
0.0844336
0.10553
0.0247128
0.0562848
0.0546908
0.0217082
0.109504
0.105522
0.0844209
0.0857133
0.0976747
0.0789142
0.0818054
0.101535
0.0185239
0.0194399
0.0528981
0.0508278
0.23173
0.271028
0.521017
0.538542
0.287885
0.484503
0.499299
0.300472
0.497109
0.512744
0.507536
0.492233
0.548203
0.550673
0.527016
0.529775
0.171343
0.205948
0.434577
0.25935
0.216379
0.449939
0.443963
0.207276
0.482689
0.477499
0.463334
0.469483
0.276358
0.265769
0.455488
0.469968
0.171493
0.259289
0.434655
0.205932
0.276199
0.469968
0.455463
0.265678
0.482683
0.469478
0.463335
0.477501
0.216373
0.207298
0.443965
0.450041
0.231837
0.538465
0.521037
0.27057
0.548209
0.52978
0.52707
0.550733
0.497105
0.492247
0.507574
0.512746
0.287606
0.299915
0.499332
0.484512
0.0418583
0.0426783
0.101874
0.0931598
0.0398424
0.0863678
0.0871853
0.0401431
0.0406117
0.0254603
0.00846667
0.00716251
0.00960222
-0.00215591
0.00566685
0.0252121
0.0418138
0.0931552
0.101848
0.042677
0.00926602
0.0251434
0.0056383
-0.00252863
0.0405937
0.00714993
0.00842631
0.0254049
0.0398417
0.04014
0.0871575
0.0863585
0.0298664
0.0541386
0.0637638
0.0433266
0.0583144
0.0670413
0.0661575
0.0570912
0.0411868
0.0420263
0.0561272
0.0563687
0.0255397
0.0401071
0.0554202
0.0410417
0.0298851
0.0435615
0.0638639
0.0541771
0.0256793
0.0411505
0.0555722
0.0404146
0.0412064
0.0563839
0.0561676
0.0420828
0.0583166
0.0570987
0.0661843
0.0670478
