-0.735
0.255
-1.76291
-0.786515
0.305
1.765
-0.694704
0.805
-1.665
-0.762398
0.975
1.775
0.735
0.255
-1.76291
0.786515
0.305
1.765
0.694704
0.805
-1.665
0.762398
0.975
1.775
0.0773404
0.0593942
0.113325
0.0606209
0.077321
0.0594089
0.113338
0.060624
-0.0287049
0.0195311
0.0765692
0.0642662
0.0142672
-0.0207317
-0.0451997
-0.0335977
0.0181092
0.0839838
0.063259
0.00860927
-0.0260912
-0.0491112
-0.0239477
0.0287047
0.110026
0.0698905
0.0104829
-0.0233656
-0.0449724
0.0465646
0.0928931
0.1334
0.109588
0.0563604
0.020149
-0.00591762
-0.0407443
0.00709158
0.0726584
0.0613764
0.00792755
-0.0272779
-0.0510455
-0.0479046
-0.0333333
-0.0556078
-0.0412299
-0.0315475
-0.0520371
0.038914
0.0880246
0.134114
0.107564
0.0508038
0.014117
-0.011368
-0.0407451
0.00708835
0.0726478
0.061384
0.00793101
-0.0272753
-0.0510428
-0.0479045
-0.0333315
-0.0556053
-0.0412288
-0.031546
-0.0520347
0.0389168
0.0880284
0.134119
0.107567
0.0508066
0.0141197
-0.0113653
-0.0287059
0.0195265
0.0765586
0.0642745
0.0142755
-0.0207256
-0.045194
-0.0335971
0.0181086
0.0839724
0.0632694
0.00861701
-0.0260858
-0.0491057
-0.0239445
0.0287103
0.110033
0.0698971
0.0104887
-0.0233609
-0.0449673
0.0465701
0.0929001
0.133408
0.109595
0.0563662
0.0201545
-0.00591217
0.0664774
0.0308929
0.0674071
0.0383812
0.0622968
0.0312998
0.0622521
0.106439
0.0602169
0.0397972
0.0665775
0.0674325
0.0383225
0.0312982
0.106397
0.039797
0.0658057
0.15848
0.102402
0.115085
0.0898821
0.0877168
0.435981
0.577442
0.0658247
0.158461
0.11502
0.0877518
0.18095
0.180956
0.0687103
0.18317
0.277384
0.134403
0.134336
0.0927665
0.596189
0.139782
0.139782
0.0868224
0.48639
0.202622
0.0409799
0.0297914
0.0553275
0.0313874
0.0613211
0.0209498
0.0293204
0.054637
0.0767172
0.0278959
0.051318
0.0373364
0.0298129
0.045103
0.0550977
0.061312
0.0313746
0.0209588
0.0546339
0.0290861
0.0766083
0.0513982
0.0278357
0.0373004
0.0771161
0.0725345
0.135766
0.102026
0.0563451
0.0621656
0.108653
0.0926124
0.117491
0.15446
0.100226
0.416951
0.0506331
0.108535
0.0746586
0.574585
0.0771969
0.102024
0.0725083
0.135713
0.0563568
0.0926139
0.0620862
0.108599
0.117452
0.417002
0.154418
0.100229
0.0506306
0.574642
0.108559
0.0746572
0.178368
0.259039
0.0512812
0.179284
0.16368
0.0729194
0.111161
0.183717
0.0774988
0.194987
0.0920536
0.0870568
0.133104
0.255779
0.201548
0.184332
0.415298
0.137034
0.0858414
0.475327
0.178339
0.259074
0.163675
0.0729231
0.111145
0.183726
0.0919455
0.0870565
0.203078
0.184304
0.085888
0.475323
0.121183
0.0942723
0.177482
0.145824
0.0925038
0.0981532
0.123247
0.105232
0.0931069
0.0884018
0.135189
0.595025
0.278951
0.537557
0.596157
0.539702
0.121125
0.0942744
0.177463
0.145797
0.12319
0.10517
0.135191
0.595034
0.162504
0.16561
0.157936
0.190054
0.162427
0.190069
0.157937
0.165677
0.0511066
0.0511085
0.0946104
0.094609
0.129535
0.257676
0.257674
0.129373
0.0840247
0.201617
0.201627
0.084031
0.128681
0.114627
0.123606
0.144737
0.128628
0.144699
0.123504
0.114568
0.0993395
0.0993397
0.0952569
0.0952551
0.537497
0.59299
0.593006
0.537427
0.102644
0.0786747
0.0823295
0.0945405
0.102714
0.0945596
0.0822494
0.0786968
0.0885182
0.0885191
0.0740409
0.074041
0.525752
0.374897
0.374898
0.525748
0.178369
0.177626
0.113976
0.113967
0.034994
0.0235784
0.0297996
0.0200114
0.0602578
0.00483572
0.0113752
0.0384992
0.0511761
0.0316686
0.0406619
0.0315692
0.0237803
0.0349207
0.0298971
0.060226
0.019289
0.00485655
0.0383079
0.0113695
0.0511926
0.0407809
0.0322785
0.0315436
0.079372
0.0757059
0.11289
0.102082
0.0576011
0.0611049
0.0894912
0.0922595
0.11926
0.137441
0.107012
0.38398
0.0555725
0.0907307
0.065805
0.35123
0.0793789
0.102084
0.0756833
0.112858
0.0576738
0.0922616
0.0610613
0.0894546
0.119239
0.384188
0.137457
0.107012
0.0555752
0.35123
0.090724
0.0658099
0.0631366
0.0669866
0.159754
0.200804
0.030776
0.030785
0.0416283
0.172594
0.0588547
0.0735095
0.17263
0.0750239
0.0418383
0.0167522
0.0956384
0.157745
0.0618585
0.0618502
0.0667719
0.177759
0.0247805
0.0397575
0.0679592
0.0871738
0.0604967
0.0605063
0.101296
0.181405
0.0961487
0.11217
0.14972
0.177126
0.0564368
0.0564565
0.210666
0.119566
0.0368242
0.0452111
0.0664673
0.423545
0.0631169
0.0669989
0.159781
0.200774
0.0588373
0.0739415
0.172636
0.0750296
0.0418387
0.0168357
0.0956211
0.157873
0.0248023
0.0397216
0.0678696
0.0871733
0.096197
0.112288
0.149614
0.1771
0.036819
0.0452048
0.0664764
0.423536
0.0687253
0.0639104
0.0998572
0.0944118
0.151988
0.169765
0.160356
0.15177
0.103045
0.103044
0.0975638
0.103755
0.127538
0.111202
0.119155
0.109801
0.0908637
0.0908644
0.0890918
0.0891304
0.093743
0.0814446
0.115332
0.37969
0.432023
0.432031
0.361964
0.492512
0.583977
0.583983
0.588719
0.559377
0.0687516
0.0638864
0.0998319
0.0944149
0.151962
0.169747
0.160296
0.151768
0.127528
0.11117
0.119093
0.109733
0.0937761
0.0814375
0.115375
0.379653
0.180759
0.17255
0.192179
0.185023
0.18071
0.172621
0.19217
0.18506
0.0607789
0.0708148
0.0708167
0.0808038
0.158656
0.185531
0.185527
0.194735
0.275944
0.26743
0.267254
0.275947
0.138445
0.139351
0.128756
0.142968
0.138333
0.139293
0.128691
0.142953
0.0932849
0.0983593
0.0932379
0.0932858
0.603005
0.578088
0.598666
0.603005
0.118774
0.112941
0.119153
0.115707
0.118764
0.112941
0.119166
0.115702
0.0906009
0.0869395
0.0869394
0.0875691
0.452188
0.483476
0.483476
0.515465
0.198338
0.196837
0.137048
0.198317
0.14219
0.0555807
0.0409788
0.146433
0.165004
0.054292
0.0681662
0.153683
0.0649304
0.165039
0.0557771
0.0730884
0.142183
0.157157
0.096045
0.169235
0.151869
0.12089
0.0626042
0.0977432
0.198474
0.102463
0.0561676
0.298035
0.040987
0.178263
0.142524
0.055808
0.164973
0.0542593
0.0649293
0.164973
0.0681924
0.153672
0.0557593
0.0730896
0.0959142
0.169217
0.142133
0.157346
0.151906
0.120846
0.198466
0.102463
0.0625855
0.0976782
0.0560481
0.298023
0.169081
0.0963562
0.107064
0.0997428
0.13536
0.132537
0.0992588
0.103673
0.085415
0.090177
0.0941611
0.095264
0.111732
0.104602
0.0916645
0.0901367
0.143559
0.210772
0.156621
0.149674
0.125058
0.383822
0.340569
0.481594
0.0800506
0.448433
0.11453
0.101068
0.10374
0.371165
0.585497
0.552805
0.169149
0.0963692
0.099258
0.103672
0.107031
0.0997401
0.135307
0.132485
0.085331
0.0896757
0.0916662
0.0901378
0.0941333
0.0952565
0.111675
0.104557
0.143567
0.209912
0.340568
0.481602
0.156607
0.149617
0.125072
0.383815
0.0799346
0.448423
0.585498
0.552816
0.114537
0.101087
0.103741
0.371163
0.166663
0.18763
0.245989
0.247727
0.0512921
0.051293
0.132645
0.132634
0.166092
0.16884
0.0628963
0.0839596
0.0956395
0.115704
0.195028
0.117943
0.0757699
0.07577
0.182903
0.182894
0.127333
0.0860149
0.0877448
0.0885196
0.132678
0.132676
0.232319
0.232622
0.172577
0.201921
0.15815
0.183442
0.409273
0.409271
0.12595
0.125964
0.0933077
0.0903655
0.502733
0.431044
0.166662
0.187636
0.24772
0.245787
0.166072
0.168872
0.0628991
0.0839631
0.115599
0.0956387
0.19485
0.117889
0.121396
0.0860039
0.0877445
0.0885194
0.20192
0.173101
0.180938
0.158129
0.0903879
0.0932204
0.431034
0.502728
0.124731
0.118019
0.098941
0.0947629
0.173473
0.170515
0.143027
0.157604
0.0935572
0.0935564
0.098839
0.098839
0.133939
0.124898
0.117859
0.100193
0.0946686
0.0946677
0.0884601
0.0884605
0.112562
0.13983
0.582874
0.595169
0.271655
0.271653
0.54595
0.545932
0.602906
0.602904
0.535814
0.535813
0.124676
0.117964
0.0989421
0.0947649
0.17051
0.173479
0.143025
0.157604
0.124867
0.13389
0.117852
0.10015
0.139808
0.111089
0.595234
0.582437
0.135203
0.173094
0.171697
0.155712
0.113959
0.151028
0.176706
0.172358
0.141259
0.143735
0.193798
0.17122
0.108333
0.15821
0.19197
0.1643
0.134941
0.155649
0.17172
0.173082
0.107914
0.164243
0.191969
0.15821
0.141264
0.171219
0.193796
0.143746
0.113917
0.172367
0.176714
0.151002
0.0393707
0.0415281
0.0618376
0.0655383
0.039356
0.0655249
0.061839
0.0415304
0.101621
0.0984109
0.0823835
0.0858957
0.101619
0.0858847
0.0823823
0.0984113
0.0859802
0.15114
0.159722
0.100171
0.3438
0.355019
0.193048
0.207007
0.343376
0.2069
0.192902
0.355016
0.0859393
0.10017
0.159719
0.151113
0.14895
0.151624
0.264672
0.166954
0.138894
0.179916
0.259911
0.197927
0.137949
0.198142
0.259931
0.179883
0.148011
0.166984
0.264675
0.150939
0.110289
0.103374
0.139452
0.14688
0.0917624
0.130803
0.136752
0.0970091
0.0954264
0.109
0.134603
0.117309
0.131189
0.164249
0.150192
0.120056
0.110256
0.146873
0.139452
0.103345
0.13119
0.120061
0.150175
0.164209
0.095419
0.117263
0.134578
0.109156
0.0917298
0.0969798
0.136702
0.130791
0.103772
0.104419
0.099004
0.0979599
0.103769
0.0979601
0.0990045
0.104418
0.0920657
0.0900026
0.0939764
0.0949645
0.0920683
0.0949666
0.0939755
0.0900018
0.389799
0.381746
0.584731
0.490362
0.356537
0.595339
0.605475
0.373112
0.356536
0.37307
0.605476
0.595341
0.389811
0.490377
0.584726
0.381727
0.0871209
0.0750057
0.129666
0.122324
0.0432585
0.0844594
0.103864
0.0611108
0.0515392
0.0595293
0.130668
0.0792135
0.0867042
0.105368
0.0954948
0.065304
0.0870767
0.12232
0.128992
0.0749115
0.0866843
0.0658552
0.0954501
0.105335
0.05163
0.0794257
0.130665
0.0595517
0.043324
0.0610898
0.103863
0.0844689
0.0950052
0.0896337
0.0876572
0.0886378
0.0950057
0.0886381
0.0876567
0.0896343
0.0609362
0.0658506
0.0895599
0.0878672
0.0609362
0.0878668
0.08956
0.0658512
0.358597
0.442253
0.51187
0.561165
0.179821
0.206409
0.445478
0.388205
0.179836
0.389686
0.445496
0.206475
0.358598
0.561178
0.51187
0.442296
0.159329
0.172032
0.192386
0.166738
0.159326
0.166732
0.192482
0.17203
0.0813719
0.112066
0.13178
0.100162
0.0812983
0.100189
0.131691
0.112059
0.0241876
0.0190188
0.0201418
0.0093259
0.058488
0.00307244
0.00597047
0.017545
0.0333906
0.00471213
0.0288307
0.0276453
0.0190618
0.0239776
0.02029
0.0585297
0.00792697
0.00334094
0.0175337
0.00595478
0.0331779
0.0289699
0.00575971
0.027916
0.0781351
0.0765125
0.116111
0.102135
0.0583794
0.0602959
0.0944313
0.0922164
0.116725
0.125525
0.109774
0.253788
0.0579971
0.0754943
0.0632119
0.207373
0.0781369
0.102132
0.0764924
0.116086
0.0584645
0.092219
0.0602851
0.0944877
0.116719
0.253794
0.125526
0.109781
0.0580037
0.207378
0.0754953
0.0632148
0.0644684
0.0672022
0.118311
0.14909
0.0307805
0.0307891
0.037616
0.240144
0.060877
0.0706055
0.141345
0.0707525
0.0449902
0.0277921
0.0735739
0.138887
0.0620979
0.0620843
0.0658843
0.169227
0.0292513
0.033318
0.0559453
0.0791169
0.0614548
0.0614533
0.0823913
0.135722
0.100393
0.110788
0.136079
0.168086
0.0583839
0.0583927
0.139742
0.105697
0.0373078
0.0424928
0.055891
0.253595
0.0645493
0.06721
0.118365
0.149121
0.0607712
0.0707311
0.141378
0.070759
0.0449587
0.0277613
0.0735716
0.138962
0.0292438
0.0332482
0.0559933
0.0790977
0.100409
0.11079
0.136089
0.167833
0.0373025
0.0424869
0.0558917
0.253611
0.0668437
0.0648718
0.103622
0.0946374
0.155653
0.165111
0.159307
0.15509
0.102724
0.102723
0.0999826
0.103078
0.117852
0.11324
0.117108
0.112341
0.0903895
0.0903899
0.0895035
0.0894952
0.0908601
0.0845848
0.101513
0.235939
0.433954
0.433986
0.399915
0.466287
0.581346
0.581347
0.584214
0.568498
0.0668628
0.0648687
0.103622
0.0946408
0.155614
0.16511
0.159259
0.155094
0.117809
0.113171
0.117044
0.112273
0.0909034
0.0845936
0.101489
0.235937
0.180935
0.176956
0.187731
0.183204
0.180942
0.176955
0.187726
0.183264
0.0646652
0.0697625
0.0697635
0.0755528
0.170267
0.18437
0.184368
0.197533
0.277336
0.272411
0.28219
0.277338
0.135133
0.136615
0.131586
0.136837
0.135098
0.136546
0.131516
0.136777
0.0929831
0.0924045
0.0929593
0.0929836
0.600075
0.59063
0.598735
0.600078
0.121048
0.120791
0.138947
0.135632
0.121049
0.120737
0.139124
0.135759
0.0887031
0.086881
0.0868809
0.0871802
0.472328
0.484996
0.484994
0.501467
0.20062
0.225961
0.155166
0.200613
0.0326923
0.0532477
0.102932
0.0731219
0.0268403
0.0305771
0.0366392
0.212451
0.0512799
0.058603
0.140815
0.0549289
0.0246666
0.0381315
0.0592668
0.132016
0.0610184
0.0615981
0.0640906
0.147683
0.015044
0.0221489
0.0394649
0.0548203
0.0204145
0.0612447
0.103247
0.106459
0.0475742
0.0588826
0.0766397
0.127269
0.0664504
0.0874953
0.132671
0.0936158
0.0322245
0.00579675
0.0471406
0.083442
0.0482727
0.0543555
0.117322
0.0931772
0.0344528
0.0377468
0.0516707
0.240697
0.0268687
0.0305923
0.0366766
0.212655
0.043851
0.0571104
0.102555
0.0741933
0.0512646
0.0580944
0.140915
0.0548789
0.0610039
0.0615961
0.064086
0.147691
0.0246776
0.0381267
0.0593098
0.131958
0.0150288
0.0221676
0.0397621
0.0548775
0.0475352
0.0589044
0.0766387
0.127229
0.0203352
0.0611228
0.10326
0.106416
0.0663443
0.0874978
0.132687
0.0938419
0.0483453
0.0544053
0.117469
0.0931857
0.0322219
0.00464171
0.0468483
0.0833961
0.034422
0.0377394
0.0517066
0.240614
0.10156
0.0751348
0.146575
0.0849183
0.0744143
0.0705763
0.110522
0.0999505
0.125688
0.145364
0.135638
0.134213
0.102069
0.103366
0.101472
0.102836
0.056894
0.0666584
0.0861522
0.0889219
0.0616502
0.0630596
0.0985007
0.0954012
0.100853
0.116456
0.11014
0.106717
0.0928587
0.0913378
0.0921384
0.0909464
0.121808
0.11441
0.133878
0.229357
0.148195
0.165088
0.155476
0.151783
0.103625
0.0967757
0.112367
0.242144
0.410489
0.426728
0.380042
0.450555
0.0532177
0.0479252
0.0661872
0.262073
0.098882
0.111087
0.111568
0.104697
0.0686743
0.0782967
0.0891974
0.230281
0.472996
0.582913
0.581068
0.56527
0.101617
0.0751561
0.146594
0.0849382
0.102066
0.103364
0.101471
0.102834
0.0743879
0.0705746
0.110526
0.0999464
0.125597
0.145331
0.135586
0.134161
0.0569139
0.0666416
0.0861628
0.0889245
0.0928606
0.0913389
0.0921399
0.0909477
0.0616141
0.0629846
0.0984483
0.0953892
0.100777
0.116454
0.110087
0.106678
0.121751
0.114388
0.133872
0.229352
0.410415
0.42669
0.380063
0.450552
0.148178
0.165056
0.155448
0.15173
0.103621
0.0967856
0.112368
0.242145
0.0532177
0.0479194
0.066188
0.262075
0.472484
0.582924
0.581068
0.565146
0.098885
0.11109
0.111582
0.104721
0.0686808
0.0782967
0.0891961
0.228152
0.17484
0.177623
0.175881
0.185514
0.236968
0.270817
0.253094
0.263795
0.0473724
0.0551868
0.0512852
0.0512857
0.236237
0.186477
0.157466
0.157547
0.16
0.169552
0.16479
0.166325
0.0739716
0.0718671
0.0678288
0.079236
0.105428
0.116641
0.103146
0.120447
0.17114
0.193563
0.201606
0.142238
0.0717711
0.0833886
0.0766342
0.0766343
0.194368
0.195965
0.190503
0.19054
0.0856695
0.10513
0.0945232
0.0885453
0.0871153
0.0869981
0.087385
0.0877818
0.118437
0.146937
0.132923
0.132922
0.231962
0.265527
0.230802
0.231107
0.176077
0.198292
0.190415
0.202177
0.181428
0.185789
0.170992
0.19787
0.291487
0.418014
0.412431
0.412429
0.134378
0.135923
0.129556
0.129575
0.0807628
0.0972844
0.0846136
0.0881462
0.465578
0.480726
0.489361
0.456961
0.174851
0.177626
0.175893
0.185528
0.236972
0.270823
0.263743
0.253116
0.159952
0.169555
0.16478
0.166316
0.0739763
0.0718699
0.0678323
0.079239
0.105298
0.116622
0.120589
0.103132
0.171158
0.193603
0.201601
0.142207
0.085666
0.10512
0.0945602
0.0885072
0.0871149
0.0869979
0.0873851
0.0877816
0.176087
0.198288
0.202173
0.190364
0.181382
0.185783
0.197863
0.170987
0.0816718
0.0971687
0.0881622
0.084873
0.465602
0.480715
0.456971
0.489367
0.111646
0.129908
0.1228
0.119602
0.0943231
0.0935867
0.0940462
0.0945174
0.161529
0.186597
0.174944
0.17454
0.148943
0.142472
0.145407
0.150952
0.0952649
0.0861024
0.0930305
0.0930301
0.0986726
0.0976356
0.0984961
0.0984961
0.12119
0.12592
0.125615
0.122484
0.107126
0.103286
0.107201
0.102794
0.0931944
0.0935166
0.0942323
0.0942319
0.0887658
0.0880491
0.0884309
0.0884311
0.126418
0.142118
0.114057
0.137457
0.506126
0.602014
0.593215
0.596191
0.321154
0.23547
0.275977
0.275974
0.514942
0.55856
0.54193
0.541928
0.593225
0.597804
0.600224
0.600223
0.549511
0.527876
0.537838
0.537835
0.111577
0.12976
0.122743
0.119545
0.0943257
0.0935881
0.0940479
0.0945194
0.161447
0.186617
0.174421
0.174949
0.148932
0.142429
0.145405
0.150918
0.121148
0.125862
0.122422
0.125578
0.107056
0.103233
0.107191
0.10272
0.126415
0.142099
0.137451
0.113862
0.506109
0.601995
0.59617
0.593216
0.157127
0.154846
0.165509
0.161291
0.157715
0.151203
0.171393
0.169679
0.153177
0.15773
0.157744
0.166725
0.165854
0.170804
0.189542
0.201495
0.157362
0.154846
0.165519
0.161262
0.166028
0.170761
0.189541
0.201496
0.153183
0.157736
0.157763
0.166721
0.15808
0.146337
0.171396
0.169685
0.0469762
0.0526993
0.0512989
0.0561939
0.046979
0.0526839
0.0513004
0.0561963
0.0954898
0.0971649
0.088735
0.0940839
0.0954826
0.097165
0.0887336
0.0940827
0.114446
0.126476
0.131742
0.145191
0.240192
0.29971
0.218932
0.267263
0.240919
0.299717
0.217556
0.267261
0.114229
0.126424
0.131739
0.145188
0.0718287
0.14621
0.137064
0.108084
0.184098
0.163918
0.20092
0.224493
0.163894
0.190751
0.224496
0.200838
0.145804
0.0720636
0.108084
0.137288
0.119381
0.130656
0.126706
0.137693
0.105656
0.113244
0.116327
0.122831
0.117574
0.11249
0.126598
0.128643
0.14721
0.137844
0.154036
0.142297
0.119301
0.130604
0.126652
0.137675
0.147165
0.137833
0.153997
0.142271
0.117543
0.11249
0.126619
0.133739
0.10558
0.113187
0.116269
0.122805
0.0995465
0.100196
0.0989002
0.0991819
0.100196
0.0995452
0.0991819
0.098901
0.0943809
0.0953562
0.0951048
0.0950105
0.095359
0.0943792
0.0950086
0.0951035
0.507273
0.509993
0.570734
0.545903
0.492333
0.589927
0.594192
0.601797
0.589927
0.492295
0.601794
0.594117
0.509916
0.50804
0.546
0.570708
0.0945084
0.102443
0.112314
0.10683
0.0735277
0.0657595
0.0871625
0.0852057
0.0739327
0.0681826
0.101443
0.0917158
0.0882094
0.0975055
0.0921497
0.0974627
0.0945724
0.102401
0.112315
0.106832
0.0882104
0.0975283
0.0921654
0.097457
0.0738441
0.0680985
0.101207
0.0916418
0.0735388
0.0657312
0.08716
0.085198
0.0893527
0.0893272
0.088195
0.0884892
0.0893541
0.0893282
0.0881956
0.0884899
0.0700062
0.0735653
0.0749054
0.0808548
0.0700069
0.0735648
0.0749055
0.0808549
0.517
0.539269
0.514517
0.531732
0.275822
0.358778
0.403125
0.399941
0.275857
0.358805
0.403121
0.400064
0.516999
0.539271
0.514515
0.531728
0.169777
0.174756
0.189677
0.177875
0.174748
0.169689
0.177892
0.189644
0.110517
0.102915
0.121143
0.11606
0.102968
0.11051
0.11606
0.121145
0.0830302
0.0782665
0.0325857
0.155849
0.12736
0.0331811
0.0340864
0.130876
0.0610705
0.140061
0.0287238
0.0508191
0.0703939
0.0937889
0.0663016
0.105579
0.103981
0.0540271
0.0407652
0.0746949
0.106155
0.0779144
0.04702
0.153061
0.0326045
0.155801
0.0829423
0.0777894
0.120902
0.0332411
0.0610369
0.139965
0.0340874
0.130901
0.0286565
0.050976
0.0662401
0.105782
0.0703342
0.0934024
0.10406
0.0541317
0.106124
0.0779701
0.0407418
0.0746883
0.0469553
0.153645
0.118797
0.103796
0.113648
0.103927
0.113316
0.111499
0.101846
0.102915
0.0933088
0.0984523
0.0967839
0.0922906
0.0906473
0.0883034
0.0923048
0.093406
0.130982
0.240705
0.139357
0.134389
0.119064
0.245158
0.373892
0.387303
0.0711162
0.207051
0.0930757
0.0887099
0.0805782
0.21459
0.353884
0.354903
0.118804
0.103796
0.101849
0.102916
0.113633
0.103923
0.113279
0.111466
0.0933362
0.0984524
0.0923046
0.0934073
0.0967892
0.0922847
0.0906146
0.0882651
0.130993
0.240717
0.372584
0.3874
0.139358
0.134388
0.119065
0.245163
0.0711134
0.207052
0.353883
0.354902
0.0930686
0.0887048
0.0805779
0.214598
0.115626
0.068264
0.119326
0.152528
0.158974
0.159044
0.197677
0.204689
0.0374977
0.23416
0.0374999
0.23432
0.0415615
0.0415639
0.170434
0.170435
0.143159
0.0619815
0.142751
0.0792142
0.172835
0.172473
0.0702022
0.0812512
0.0742017
0.147605
0.0577846
0.0828362
0.0918659
0.0894384
0.170684
0.129293
0.0650111
0.16248
0.0650039
0.162579
0.0663111
0.0663115
0.174973
0.17497
0.0464129
0.0761105
0.0620891
0.0719035
0.0681918
0.0635796
0.0878902
0.087518
0.0810054
0.134
0.0810046
0.13384
0.100782
0.100782
0.180906
0.18088
0.139953
0.129278
0.134139
0.197136
0.146532
0.158861
0.164439
0.191527
0.125827
0.100272
0.135294
0.10037
0.208074
0.208066
0.115511
0.115514
0.0533126
0.263145
0.060571
0.251392
0.0640544
0.0585183
0.437191
0.409198
0.115354
0.0684097
0.119373
0.152092
0.159068
0.159042
0.204682
0.197614
0.143209
0.0619793
0.142716
0.0794158
0.172832
0.172481
0.0701984
0.0812585
0.0741877
0.147601
0.0576732
0.0829176
0.0895506
0.0917407
0.170575
0.129293
0.0464148
0.0760924
0.0620577
0.0718864
0.0679876
0.0635572
0.0878903
0.0875158
0.139665
0.129449
0.13415
0.197134
0.158826
0.146534
0.191484
0.164435
0.0532886
0.263058
0.060625
0.251397
0.0584177
0.0641376
0.40919
0.437136
0.106434
0.0980755
0.101192
0.0950106
0.101356
0.0984329
0.0942255
0.094689
0.151429
0.150025
0.170463
0.167181
0.156481
0.167173
0.149304
0.158016
0.100727
0.103732
0.100727
0.103731
0.0979874
0.0979876
0.104087
0.104086
0.129217
0.125279
0.114191
0.108052
0.12174
0.117645
0.111781
0.107831
0.0904326
0.090221
0.0904334
0.0902216
0.0895472
0.0895468
0.089382
0.0893823
0.106895
0.239049
0.0952909
0.230115
0.111936
0.117686
0.380699
0.3764
0.394321
0.463016
0.394334
0.463016
0.358631
0.35863
0.491417
0.491415
0.590774
0.57272
0.590776
0.572718
0.592711
0.592711
0.560364
0.560363
0.1064
0.0980783
0.101135
0.095007
0.10133
0.0984056
0.0942272
0.0946894
0.151403
0.150001
0.170462
0.167182
0.167157
0.156419
0.149299
0.158015
0.129205
0.12527
0.114152
0.108019
0.117588
0.121702
0.111738
0.107762
0.106896
0.239048
0.0952909
0.230118
0.117699
0.112117
0.376361
0.38068
0.178883
0.189
0.17223
0.174867
0.193201
0.19206
0.178712
0.18958
0.178889
0.189002
0.172132
0.174916
0.192053
0.193197
0.189578
0.178712
0.0613083
0.061309
0.0662468
0.0773944
0.0662486
0.0773959
0.0815937
0.0815931
0.159209
0.159208
0.172061
0.199462
0.199459
0.172058
0.204914
0.194028
0.270398
0.280476
0.266506
0.266508
0.260413
0.260415
0.279999
0.270402
0.137657
0.136259
0.139475
0.143643
0.131008
0.130026
0.138781
0.146567
0.137944
0.136213
0.139447
0.143589
0.129955
0.130972
0.14656
0.138764
0.0930286
0.0936299
0.0986816
0.0986819
0.0936071
0.0936067
0.0930294
0.0936309
0.597134
0.605527
0.581085
0.581082
0.602646
0.602646
0.605526
0.597127
0.111875
0.130421
0.116575
0.106831
0.129698
0.105086
0.125185
0.0997809
0.130373
0.111876
0.116615
0.106809
0.104908
0.129567
0.125159
0.100013
0.0900804
0.0900804
0.0872826
0.0882417
0.0872826
0.0882416
0.0876132
0.0876128
0.448985
0.448995
0.497902
0.467877
0.467879
0.497864
0.513679
0.513677
0.220658
0.152562
0.194756
0.194753
0.134427
0.134409
0.220653
0.152577
0.13585
0.151822
0.051121
0.176929
0.0400522
0.0414322
0.200213
0.155737
0.155047
0.164708
0.0483682
0.0591091
0.0581831
0.0763952
0.147312
0.160264
0.0629337
0.0653908
0.176637
0.168979
0.0504703
0.0601318
0.0675323
0.0801702
0.125387
0.153899
0.144298
0.173046
0.091881
0.0987658
0.161187
0.176676
0.139068
0.161105
0.104719
0.135826
0.0622441
0.0662887
0.0875333
0.100395
0.191892
0.203994
0.0945088
0.10761
0.0546511
0.0576254
0.240682
0.350157
0.0401169
0.0414442
0.200224
0.155948
0.132758
0.151962
0.0513303
0.176952
0.15517
0.164686
0.0483445
0.059086
0.0629327
0.06539
0.176786
0.168912
0.0581616
0.0764378
0.14731
0.160249
0.0505115
0.0601116
0.067533
0.080171
0.0918593
0.0985709
0.161175
0.176645
0.125374
0.15387
0.144387
0.17315
0.139264
0.161038
0.104607
0.135811
0.191988
0.204022
0.0945726
0.107616
0.0619544
0.066283
0.087497
0.100454
0.0546449
0.0576209
0.24065
0.350348
0.154265
0.172279
0.100331
0.0905701
0.108795
0.105297
0.100586
0.0989869
0.126059
0.145132
0.123076
0.142118
0.101563
0.098835
0.103748
0.104909
0.0858808
0.108884
0.09163
0.0894723
0.0929592
0.0955769
0.094827
0.0952444
0.103237
0.119776
0.0981496
0.111637
0.0918613
0.0903369
0.0933609
0.0898853
0.142823
0.14383
0.26025
0.186703
0.151313
0.166701
0.142998
0.159811
0.127895
0.122563
0.38475
0.3828
0.33221
0.351374
0.486134
0.484942
0.0840047
0.0765472
0.401965
0.446025
0.103729
0.116694
0.093916
0.103714
0.098074
0.107085
0.367962
0.372309
0.478953
0.594226
0.528197
0.558402
0.154263
0.17229
0.100339
0.0905807
0.101563
0.0988344
0.103746
0.104908
0.108761
0.10527
0.100584
0.0989857
0.12597
0.14504
0.122995
0.142109
0.0858417
0.108887
0.0916313
0.0892962
0.0918609
0.0903382
0.0933617
0.0898862
0.0929261
0.0955456
0.094822
0.0952396
0.10316
0.119743
0.0980699
0.111643
0.142832
0.143833
0.260112
0.182449
0.332319
0.351319
0.486138
0.484943
0.151325
0.16669
0.142983
0.159749
0.127903
0.122566
0.384751
0.382786
0.0838877
0.0765745
0.401974
0.44601
0.478956
0.59423
0.528092
0.558415
0.103727
0.116696
0.0939171
0.103718
0.098073
0.107086
0.367961
0.372263
0.167302
0.162804
0.18386
0.191901
0.185995
0.258479
0.256787
0.229523
0.047341
0.0557223
0.0557235
0.0473424
0.178576
0.237085
0.236932
0.178335
0.15755
0.169993
0.17079
0.158618
0.0623669
0.0642173
0.0849218
0.083171
0.0901175
0.101434
0.128015
0.0984063
0.183908
0.180963
0.108538
0.126353
0.0706671
0.0821217
0.0821218
0.0711853
0.184512
0.187059
0.18713
0.184503
0.089057
0.129497
0.0959396
0.074599
0.087701
0.0881913
0.0881932
0.0890396
0.147264
0.11771
0.117709
0.147262
0.186089
0.218381
0.218457
0.186069
0.153381
0.191802
0.198524
0.191712
0.155667
0.159576
0.188852
0.200315
0.28639
0.412447
0.412445
0.286445
0.121267
0.129342
0.129359
0.121265
0.0729272
0.11445
0.0925028
0.0753052
0.493602
0.508441
0.439335
0.410786
0.162943
0.167271
0.191904
0.183858
0.229506
0.256791
0.258479
0.185915
0.169999
0.157521
0.158631
0.170791
0.064212
0.0623691
0.0831733
0.0849294
0.098305
0.127784
0.101435
0.0901224
0.180928
0.185872
0.126381
0.10857
0.129497
0.0890535
0.0746595
0.0959332
0.0881913
0.0877006
0.0890394
0.0881933
0.192115
0.198539
0.191728
0.153391
0.207178
0.188359
0.15957
0.155623
0.0755398
0.0925174
0.114407
0.0729343
0.410805
0.439373
0.508442
0.493729
0.115231
0.133392
0.126287
0.108638
0.099439
0.0989642
0.0948403
0.0943442
0.157883
0.177592
0.185822
0.172063
0.141581
0.144838
0.160796
0.153684
0.0962149
0.0874187
0.087418
0.096215
0.0993476
0.0983009
0.0983011
0.0993473
0.132452
0.13541
0.130267
0.120333
0.115884
0.119889
0.102674
0.0979396
0.094086
0.0943222
0.0943213
0.0940852
0.0890466
0.0881221
0.0881224
0.0890471
0.112896
0.134994
0.148204
0.132683
0.506945
0.585432
0.604385
0.495753
0.313906
0.231629
0.238232
0.31389
0.567241
0.517325
0.51732
0.567204
0.599911
0.604511
0.60451
0.599913
0.524118
0.548496
0.548495
0.524118
0.133372
0.115158
0.108565
0.126265
0.0989649
0.0994398
0.0943456
0.0948402
0.172062
0.185781
0.177593
0.158069
0.144836
0.141592
0.153666
0.160766
0.120301
0.130255
0.135336
0.132456
0.119882
0.115848
0.0978842
0.102642
0.132629
0.1482
0.134955
0.112702
0.495754
0.604385
0.585398
0.506799
0.069745
0.139294
0.151902
0.0958714
0.141559
0.158713
0.152991
0.139298
0.177903
0.174982
0.165154
0.169729
0.118063
0.110067
0.160779
0.171592
0.117401
0.125948
0.15355
0.139728
0.156406
0.156985
0.153989
0.144858
0.17784
0.170142
0.171477
0.179514
0.141923
0.144115
0.160781
0.159183
0.128653
0.133024
0.152577
0.149795
0.135983
0.161406
0.153424
0.134024
0.188691
0.190056
0.171489
0.197921
0.166091
0.16566
0.167767
0.168386
0.0630937
0.0759069
0.152548
0.125719
0.120391
0.181718
0.175872
0.117309
0.188369
0.198725
0.194865
0.186964
0.136796
0.136732
0.185521
0.187679
0.0696765
0.0956571
0.152053
0.139373
0.117868
0.17168
0.16101
0.109798
0.177906
0.169733
0.165162
0.174991
0.141591
0.139374
0.153015
0.158674
0.0628086
0.125714
0.152474
0.0758745
0.136807
0.187658
0.185527
0.136925
0.188371
0.187021
0.194802
0.198737
0.120396
0.117594
0.176116
0.181715
0.128658
0.149791
0.152603
0.13303
0.166089
0.168354
0.167753
0.165615
0.188688
0.197917
0.170606
0.189856
0.135998
0.134023
0.153429
0.161409
0.117402
0.139742
0.153336
0.125866
0.141917
0.15916
0.160774
0.14412
0.17784
0.179514
0.171478
0.170144
0.15635
0.145326
0.153988
0.156961
0.0273832
0.0346901
0.0476722
0.0496387
0.0375227
0.0473544
0.0473276
0.0372821
0.065456
0.0670377
0.0559905
0.0554541
0.064884
0.0580635
0.0576515
0.0690155
0.0274631
0.0496172
0.0476618
0.0347109
0.0648892
0.0690154
0.0576411
0.0580337
0.0654569
0.0554547
0.0559923
0.0670403
0.037526
0.0373022
0.0473297
0.0473551
0.104603
0.10279
0.098757
0.10001
0.100355
0.0957399
0.0966899
0.101099
0.0764744
0.0783174
0.0880768
0.0867606
0.0761694
0.0818674
0.0896578
0.0802488
0.104604
0.100001
0.098754
0.102792
0.076138
0.0802436
0.0896518
0.0818591
0.0764736
0.0867602
0.0880758
0.0783152
0.100355
0.1011
0.09669
0.09574
0.0365462
0.074403
0.110502
0.0722572
0.150042
0.168412
0.142062
0.110491
0.171174
0.147117
0.146813
0.172254
0.0817394
0.0794983
0.116671
0.118098
0.247433
0.375637
0.285735
0.263612
0.397068
0.317621
0.310033
0.389628
0.198529
0.199482
0.226693
0.243392
0.18251
0.206892
0.200642
0.194789
0.247451
0.26333
0.285844
0.375602
0.1825
0.194779
0.199818
0.206823
0.198527
0.236766
0.230467
0.199478
0.397093
0.389607
0.310016
0.317618
0.036409
0.0722242
0.110488
0.074719
0.0817388
0.118097
0.116668
0.0794954
0.171173
0.17225
0.146809
0.147115
0.14987
0.110568
0.142024
0.168397
0.105273
0.111469
0.0735444
0.191536
0.145789
0.232628
0.121601
0.0938509
0.271959
0.185235
0.15688
0.264871
0.237901
0.226485
0.170214
0.238997
0.0859449
0.118161
0.157545
0.10041
0.13522
0.193559
0.175016
0.131907
0.282065
0.275695
0.210568
0.224075
0.152139
0.12635
0.210751
0.241125
0.0858634
0.10037
0.157343
0.118131
0.152279
0.241122
0.210554
0.126319
0.282063
0.224347
0.210574
0.27559
0.135196
0.131895
0.175314
0.193807
0.1053
0.191567
0.0730612
0.107694
0.237902
0.238998
0.169552
0.226526
0.271961
0.264878
0.155221
0.185219
0.145756
0.0878987
0.125038
0.23267
0.114788
0.11234
0.12138
0.124382
0.104628
0.113198
0.117306
0.108614
0.136748
0.142399
0.135486
0.13142
0.152478
0.143799
0.139719
0.147258
0.0956072
0.102045
0.104452
0.0976385
0.119801
0.123678
0.121372
0.118111
0.133372
0.12811
0.124467
0.128216
0.102407
0.0997998
0.107134
0.110142
0.0779875
0.0834242
0.106189
0.101296
0.0983875
0.114795
0.116377
0.0924738
0.133444
0.126447
0.13119
0.138886
0.115388
0.113699
0.119906
0.120307
0.122331
0.145725
0.140284
0.115713
0.161563
0.154483
0.156925
0.162456
0.140152
0.145249
0.151079
0.147176
0.104519
0.109443
0.135443
0.130573
0.11476
0.124295
0.121299
0.112326
0.152456
0.147253
0.139703
0.143752
0.136739
0.131399
0.135401
0.142375
0.104608
0.108606
0.11723
0.113128
0.122332
0.115713
0.140267
0.145706
0.104528
0.130576
0.135352
0.109444
0.140095
0.147124
0.15106
0.145252
0.161562
0.162411
0.15687
0.154466
0.0779878
0.101294
0.106189
0.0834396
0.11532
0.12025
0.119923
0.113702
0.133377
0.138876
0.131154
0.126415
0.0983885
0.0924777
0.116493
0.114773
0.0956381
0.0976193
0.104376
0.101967
0.10237
0.110071
0.107059
0.0997459
0.133339
0.128182
0.124444
0.128089
0.119762
0.118081
0.121344
0.123641
0.103031
0.102908
0.100401
0.0991183
0.103405
0.0990101
0.0997639
0.104137
0.0927165
0.093397
0.0986899
0.0979683
0.0946973
0.099012
0.0989466
0.0941197
0.103027
0.0991144
0.100399
0.102906
0.0947005
0.0941214
0.0989464
0.0990113
0.0927169
0.0979684
0.0986902
0.0933982
0.103405
0.104136
0.0997635
0.09901
0.0921501
0.0923606
0.0945734
0.0956374
0.0899684
0.0936402
0.0944719
0.0908384
0.0932951
0.0939667
0.0947249
0.0939194
0.0948237
0.0951977
0.0950978
0.0945827
0.0921517
0.0956463
0.094575
0.09236
0.0948238
0.0945815
0.0950992
0.0952055
0.0932946
0.0939189
0.0947236
0.0939652
0.089968
0.0908373
0.0944707
0.0936398
0.246738
0.243641
0.507442
0.447985
0.237489
0.50655
0.507688
0.240619
0.594359
0.562358
0.569479
0.5968
0.46506
0.456785
0.511192
0.515191
0.210985
0.474974
0.488872
0.227853
0.588164
0.597259
0.598751
0.58963
0.602682
0.604539
0.603453
0.60174
0.233036
0.232955
0.492187
0.499175
0.210991
0.227855
0.488852
0.474965
0.233039
0.499167
0.492064
0.232953
0.602681
0.601737
0.603448
0.604523
0.588164
0.589637
0.598754
0.597259
0.246739
0.447952
0.507074
0.243635
0.465063
0.515178
0.5112
0.456794
0.594357
0.596769
0.569422
0.562353
0.237488
0.240616
0.507695
0.506438
0.0942049
0.0948506
0.0960114
0.0998087
0.0584414
0.0861532
0.108531
0.107095
0.140314
0.106425
0.115759
0.108203
0.114842
0.113977
0.109446
0.108902
0.0280023
0.0500483
0.0610112
0.033484
0.0755183
0.0977161
0.0819535
0.0681861
0.114832
0.0987821
0.0933579
0.108774
0.0515011
0.0437939
0.0712043
0.0782039
0.0291398
0.0492676
0.0661549
0.0406674
0.0536606
0.0749114
0.0706357
0.0524898
0.134733
0.127321
0.110942
0.107206
0.0688419
0.0540145
0.0867529
0.108843
0.0732948
0.0964198
0.0910116
0.0687728
0.110455
0.105208
0.100185
0.107276
0.122788
0.0902946
0.0949021
0.100552
0.0581512
0.0634348
0.0854796
0.0762262
0.0942118
0.0997224
0.0959337
0.0948671
0.114608
0.108861
0.10944
0.113972
0.140315
0.108232
0.115712
0.106479
0.0584142
0.107094
0.108667
0.0859269
0.073293
0.0687732
0.0910123
0.0964162
0.0583219
0.0755126
0.0854812
0.0634354
0.122738
0.100479
0.0948914
0.090297
0.110385
0.107284
0.100192
0.105139
0.0286354
0.040596
0.0661339
0.0492112
0.068514
0.108732
0.0868404
0.0540063
0.134495
0.107033
0.110906
0.127364
0.0536445
0.0524458
0.0706344
0.0752362
0.0282398
0.0334859
0.0610019
0.0500029
0.0513814
0.0782246
0.0712144
0.0437857
0.114779
0.108767
0.0933432
0.0987786
0.0755147
0.0681977
0.0819642
0.0977059
0.0974929
0.0927502
0.0913565
0.0905954
0.0898581
0.0889062
0.089187
0.0905839
0.0872314
0.0873338
0.0881586
0.0880856
0.0795707
0.0873724
0.0888355
0.0876376
0.0974934
0.0906021
0.0913576
0.0927515
0.079558
0.0876377
0.0888366
0.0873766
0.0872314
0.0880858
0.0881591
0.0873338
0.0898584
0.0905849
0.0891877
0.0889065
0.0536729
0.0626727
0.0687696
0.0524766
0.0654489
0.0712197
0.0706319
0.0645493
0.0884722
0.0880115
0.0814882
0.0827551
0.0751634
0.0569085
0.0805129
0.0876487
0.0533446
0.0526001
0.0687696
0.0626826
0.0749383
0.0876504
0.0805125
0.0566057
0.0884722
0.0827552
0.0814884
0.0880117
0.065457
0.0645527
0.0706323
0.0712198
0.207085
0.235207
0.528716
0.510219
0.257986
0.48007
0.505704
0.256718
0.499577
0.526035
0.52038
0.494823
0.570895
0.57096
0.54508
0.549015
0.0900632
0.117586
0.264331
0.20937
0.126367
0.289093
0.282641
0.124871
0.470651
0.463817
0.40713
0.415198
0.265781
0.255589
0.389013
0.445382
0.0901323
0.209375
0.264364
0.11788
0.265785
0.44538
0.388995
0.255513
0.470656
0.415215
0.407127
0.463834
0.129618
0.137686
0.282653
0.289089
0.207086
0.510194
0.528781
0.235209
0.570894
0.549013
0.545082
0.570968
0.499576
0.49478
0.520384
0.526034
0.257997
0.256721
0.505644
0.480141
0.11082
0.156272
0.167151
0.124803
0.166359
0.189227
0.179624
0.155288
0.223438
0.213544
0.178421
0.193471
0.151967
0.14014
0.175479
0.186063
0.110786
0.124832
0.167291
0.155911
0.151973
0.186048
0.175462
0.140086
0.223437
0.193471
0.178419
0.21354
0.166356
0.155317
0.179613
0.189223
0.0593338
0.0894958
0.100514
0.079413
0.103092
0.124969
0.116515
0.0974878
0.153925
0.148926
0.123886
0.13267
0.114144
0.086181
0.106521
0.138364
0.0592282
0.0794404
0.100516
0.0892531
0.114084
0.138393
0.106593
0.0861243
0.153923
0.132664
0.123884
0.148881
0.103095
0.097495
0.116488
0.124969
