-0.683299
0.145
-1.845
-0.680234
0.165
1.845
-0.695
0.722063
-1.665
-0.635
0.934847
1.845
0.674013
0.145
-1.845
0.67091
0.165
1.845
0.712389
0.715
-1.645
0.625
0.934946
1.845
0.0624197
0.0603649
0.13572
0.145216
0.0622429
0.0606424
0.117652
0.13582
0
0
0
0
0
0
0
0
0
0
0
0
0
0
0
0
0
0
0
0
0
0
0
0
0
0
0
0
0
0
0
0
0
0
0
0
0
0
0
0
0
0
0
0
0
0
0
0
0
0
0
0
0
0
0
0
0
0
0
0
0
0
0
0
0
0
0
0
0
0
0
0
0
0
0
0
0
0
0
0
0
0
0
0
0
0
0
0
0
0
0
0
0
0
0
0
0.049922
0.0329633
0.000377812
0.0474289
-0.0317477
-0.0144502
0.0813544
0.0448048
0.0690286
0.0526629
0.0436158
0.00021576
0.0473761
-0.0144766
0.0369778
0.0531874
-0.00249033
0.0857301
0.0124596
0.0940496
0.021558
0.00829177
0.360076
0.449127
-0.00241224
0.0778376
0.0946886
0.0148805
0.15774
0.160028
0.00407246
0.114307
0.229022
0.0917258
0.0877603
0.0177496
0.482723
0.187979
0.196357
-0.012556
0.279187
0.115669
-0.0134135
0.0164748
0.0145211
0.0226911
-0.0405682
0.00155082
0.00753307
0.0126956
0.0223304
-0.00643835
0.00777224
0.00884301
0.0164594
-0.0123985
0.0145055
-0.0245504
0.022857
0.00163101
0.0183505
0.012386
0.0159225
0.00774488
-0.00633272
0.00921408
-0.0142768
-0.00260925
0.01183
-0.00294422
-0.0196793
-2.31029e-05
0.0189737
8.93988e-05
0.0149249
0.0365089
-0.00134265
0.153442
0.0119244
0.0427293
-0.00477699
0.226912
-0.0143898
-0.00285927
-0.0027077
0.0132549
-0.0195626
-8.27992e-06
0.000246602
0.017173
0.0115052
0.166343
0.0359559
-0.00505963
0.0123055
0.231342
0.0432804
-0.00770554
0.0632432
0.057022
-0.000156919
-0.0413637
0.0833684
0.00188339
0.0307342
0.0293364
-0.00281425
0.104268
0.0745479
-0.0011398
0.0170525
0.0661859
0.0647939
0.0309363
-0.0544601
0.0220852
0.0202957
0.0909645
0.0631987
0.062586
0.0887138
0.001972
0.0356026
0.0292172
0.0792611
-0.00117955
0.0632962
0.0404807
0.0152692
0.0919022
0.015647
-0.000851987
-0.0271279
0.000115746
-0.0137086
0.000738321
-0.000700787
-0.00683658
2.49654e-06
-0.00721334
0.037861
0.242141
-0.0241482
0.0470196
0.00502365
0.0477594
0.0158226
-0.000888113
-0.0255273
-0.000645742
0.000582707
0.00272947
0.0374589
0.246789
0.113873
0.0561171
0.0188594
0.11022
0.119062
0.105864
0.0134849
0.0684302
0.0066118
0.00665553
-0.00959834
-0.00967349
0.0352637
0.0558406
0.0681914
0.0424471
-0.0176959
0.0762074
0.0773401
-0.0150565
0.0138593
0.0171811
0.0408302
0.0373769
0.0145401
0.0370736
0.0407904
0.0162584
-0.00189833
-0.00187374
-0.000443746
-0.000378006
0.242367
0.242987
0.247449
0.250796
0.0772077
0.107215
0.0586131
0.0378878
0.0839058
0.0345014
0.0564129
0.114396
-0.00237733
-0.0024352
-0.0092976
-0.0138802
0.206939
-0.00395212
-0.00330752
0.209397
0.118938
0.11893
0.0328672
0.0328445
-0.0115669
0.016473
0.0141814
0.00623144
-0.0315187
0.00301467
0.00181577
0.000825302
0.00711054
0.00195321
0.00199586
0.00723777
0.0164506
-0.00920882
0.0142032
-0.0362826
0.00631808
0.00463205
-0.00263872
-9.96201e-05
0.00696436
0.00190056
0.00199763
0.0074262
0.00463873
0.00305049
0.0650579
0.000696685
0.0637174
-0.000167201
0.0706673
0.00749815
0.00493872
0.00311047
-0.000200042
0.123752
-0.00208539
-0.000511191
-8.71524e-05
0.0810726
0.00861016
0.000828766
0.00300128
0.0779759
0.0159391
0.00740352
2.38923e-05
0.0839319
0.00448109
0.134853
0.00645194
-8.40232e-05
-0.00208291
0.0798481
0.000370378
-0.00033836
0.00419793
0.0201594
0.0115042
0.0293969
-2.61284e-06
2.50265e-06
-0.000327062
0.0702517
2.53752e-05
2.42813e-05
0.0835441
0.00184076
0.00394366
-0.00534933
0.0337719
0.0383652
0.0131013
0.00369441
0.00197594
0.0863146
-0.00050721
0.00116656
0.0667431
-0.00841329
0.000754895
-0.000152019
0.00689209
0.0455522
0.00090503
0.00270509
-0.0219909
0.0231522
0.00143674
0.00141527
-0.00586094
0.0189048
0.00995319
0.00306215
0.00316589
0.086353
0.00268059
0.0141006
0.0304192
0.033624
1.01808e-05
2.32456e-05
0.0914933
0.00192855
0.00556607
-0.0043463
0.0292687
0.0378446
0.000915798
0.00154618
0.0711311
-0.00862257
0.00235019
0.00299754
-0.0236498
0.0331934
0.0100898
0.00308422
0.00406596
0.0873754
4.432e-05
2.61708e-05
0.0672075
0.00366829
0.00392957
-0.00126169
-0.0017162
-0.000549533
0.00588198
0.00587827
0.0106992
0.000738321
0.00312898
0.00541179
0.00013465
-0.00818668
0.0053618
0.00535976
2.49654e-06
0.0163268
0.000348484
0.00816133
0.00103609
0.0780786
0.00517761
0.00555816
0.00558127
0.00977765
0.00366753
0.00376115
0.000309236
0.00933433
2.44306e-05
-6.86915e-17
0.0798739
0.00368219
0.00608619
0.0012242
-0.00583881
-0.00166089
0.00206345
0.00276251
-0.000871923
-0.0136871
-0.00371346
0.00490502
-0.00142764
0.0700777
0.00666895
-0.000566123
-0.000326647
0.0183375
0.00652068
-0.0011064
-0.00236285
0.021047
5.15894e-06
6.65267e-07
1.45163e-07
1.50405e-05
0.000436356
0.000688124
0.000152663
-0.02412
0.00735169
0.0285427
0.00964055
0.00718778
0.00290162
-0.000183844
0.000343545
0.000489728
0.00351265
0.00140875
-0.00040037
-0.00035216
0.00525172
0
-1.38778e-17
0.00524811
0.00404884
0.00373715
0.00264133
0.00401752
0.0274332
1.99942e-05
0.0345704
0.0181577
0.0278578
0.000460041
0.0405626
0.0150007
-0.00140944
-5.91211e-07
-5.96977e-07
0.00174485
-0.00190665
0.00197834
0.00195601
0.01322
0.00523307
0.0213117
0.00550019
0.00526296
0.0249858
0.0543019
-0.000311574
0.0462572
0.0778216
0.00152929
0.00742968
0.0224228
-0.010031
0.0781444
0.0580572
-0.0121907
-0.0140445
0.00899531
0.00738848
0.0405214
-0.0259347
0.0166307
0.0400442
0.0191966
-0.00235702
0.00984
0.0111368
0.0139804
-0.000320327
0.0478143
0.0326825
0.0555366
0.0839184
0.00157964
0.00409765
0.072761
0.00274795
0.0219866
0.0627273
-0.0102394
0.00721331
0.049122
-0.0132917
0.0148487
-0.0141315
0.0268275
-0.00226227
0.0098301
0.0399038
0.0192135
0.0109507
0.0146364
0.0796127
0.00217375
0.0672155
0.00321566
-0.0247742
-0.000238602
0.0148033
-2.23696e-07
0.0689384
0.00812434
0.0673046
0.00417695
-6.63524e-06
-0.0313488
3.28768e-06
0.0215678
0.00358151
0.0461801
0.000341478
0.000207025
0.00312921
0.0951187
0.000987426
0.0188977
-0.00320261
0.165187
0.000223834
0.00160253
0.00216311
0.0815841
0.0016306
0.0101101
0.0829683
0.00228896
0.0152353
1.65506e-08
0.0801086
0.00332709
-0.0320958
-1.03862e-06
0.0748264
0.00802493
4.45071e-06
0.0215655
0.0799386
0.00405676
0.000284748
-0.0347567
0.00695103
0.060285
0.000953758
0.0181516
0.00114001
6.55841e-05
0.00474078
0.0905159
-0.00195878
0.167274
0.00161638
0.0102066
0.000117456
0.00229458
0.00282542
0.0780687
-0.000978171
0.00208451
0.0356632
0.0131672
-1.70248e-07
6.81214e-08
0.00780291
0.00775078
-0.000209917
0.0168679
5.01854e-06
1.52121e-05
0.0231223
0.00351231
0.0140086
-0.00213039
-6.58213e-07
-0.00217948
-0.00529291
-0.00528023
0.00255968
0.00337257
0.0017457
0.000818132
0.000559625
0.00012089
-0.0159985
-0.0113163
-0.0335191
0.00434764
-0.000630771
-0.0301903
0.0015341
0.00147332
0.00109421
0.00107078
0.00875409
0.00117679
0.0126334
-0.00124907
-0.00709818
0.0026511
0.0187026
0.0277317
0.000809069
0.00917023
5.20254e-06
1.52378e-05
-0.000681424
0.0223819
0.014002
-0.00208841
0.00200192
0.00349402
0.00174492
-0.00148313
0.00156741
-0.0337815
-0.0283107
-0.000476773
0.00102325
0.00872408
-0.0013218
0.0123023
-0.000118697
-2.68217e-05
2.48253e-17
-3.7238e-17
0.00155292
0.00168831
0.0030929
-0.00139609
9.79684e-07
9.54709e-07
0.00519774
0.00519396
0.00339421
0.00282619
0.0175535
-0.00919021
0.0053031
0.00530664
-1.98981e-06
4.04016e-07
0.000376566
-0.000822365
0.00823421
0.00294361
0.00147928
0.00116488
0.00501971
0.00497452
0.00324345
0.0032503
0.00364703
0.00356061
-2.87025e-07
0.000121681
-6.63121e-08
-1.48952e-16
-0.000224793
0.00309668
0.00526878
-0.000362676
0.000355998
0.00265617
0.0145376
-0.0168856
7.12141e-05
0.000297093
0.00286892
0.00787839
0.0512954
0.0803094
0.00565929
0.0295316
0.0641897
-0.00772991
0.0137551
0.0919506
0.00403924
-0.0108333
0.0204365
-0.000566087
0.0129612
0.000926065
0.00184252
-0.0177294
0.0534062
0.0402702
0.00208798
0.0873186
0.00168043
-0.00565869
0.00181673
0.0224211
0.00765848
-4.77294e-05
0.0236517
-0.011007
0.0749353
0.099358
0.0138351
-0.0119913
0.00628232
-0.000319779
5.41722e-06
0.00169217
0.00628974
0.00176159
5.48578e-06
-0.000324179
0.0147455
0.0129798
1.55914e-05
0.00212334
0.00923962
0.00202225
1.56168e-05
0.0127633
0.0210918
0.0204191
0.000243258
0.0080584
0.0999808
0.00695906
-0.026821
0.00107513
0.114865
0.0124574
-0.0264375
0.00701988
0.0276557
0.00733606
-5.08304e-06
0.030371
0.0363553
0.0434346
0.0410916
0.0650008
0.0224335
0.0450143
0.0120756
0.0498847
0.0305252
0.0583183
0.0131348
0.0434282
0.0377408
0.0656669
0.0312804
0.04576
0.0661375
0.0672133
0.00309054
0.00332509
0.0672784
0.00339204
0.00310279
0.067256
0.000571568
0.00114163
0.00193982
0.00367313
0.00323567
-0.00175469
-0.000402992
0.00185021
0.0790422
0.00572247
0.00441457
0.0799915
0.0059066
0.0014656
-0.000292069
8.73806e-05
0.00119464
0.00107473
0.000211831
0.000140613
0.0799497
0.0799036
0.00297614
0.00242698
0.00195597
0.00553982
0.00522473
0.00344198
0.00207794
0.00350464
0.00522103
0.00553602
0.00434423
0.00533384
0.00527561
0.00386947
0.00442377
0.00392262
0.00527918
0.00533682
0.132829
0.0871255
0.00955139
0.0186632
0.084445
0.00431055
0.00635451
0.0935723
0.081967
0.087632
0.00634544
0.00437853
0.130566
0.0182132
0.00933259
0.0811606
0.0798364
0.0715549
0.0120086
-0.017583
0.0415346
0.0262016
0.0155272
0.0669959
0.0366262
0.0121297
0.0099617
0.0410126
-0.00149974
-0.00126417
0.00997082
-0.000117337
0.0926165
-0.0238638
0.0107075
0.0750643
-0.000393998
0.00108385
0.0196189
-0.00639805
0.0364808
0.0385766
0.0151055
0.0122003
0.0390834
0.071468
0.0157424
0.021777
0.0258955
0.0189641
0.00174488
-0.00893491
0.0257658
-0.00872634
0.0017445
0.018963
-0.00843845
0.00329391
-0.00144704
-0.00974907
-0.0300449
-0.00965287
-0.0002964
0.00759831
0.10337
0.136766
0.0117661
0.0134797
0.0102965
-0.00449555
0.00134949
0.0480224
0.0106274
0.0484876
0.00139887
-0.0044508
0.102466
0.0135463
0.0115606
0.137732
0.0496108
0.0867103
0.0173499
0.0322002
0.0452594
0.0325154
0.0174028
0.0825702
0.0180263
0.0148153
0.00485434
0.0126463
0.0180103
0.0125792
0.00480354
0.014787
-0.0172132
0.0164603
0.0142086
0.00825239
-0.0273572
-0.00370291
0.00110179
-0.00565848
-0.0019206
0.00421776
0.00136223
0.00566784
0.0164379
-0.0177134
0.0142249
-0.0295978
0.00824955
-0.00782648
0.00673747
2.66355e-05
0.00242933
0.0013584
0.00424
0.00576778
0.00974127
4.45775e-05
0.0359897
0.000733027
0.0210249
-0.000167201
0.0396267
0.00327198
-0.0045031
0.00127764
-9.92346e-06
0.019822
0.000557312
-0.00710209
0.000517583
0.00578663
-0.00280604
0.000790546
9.63614e-05
0.0378749
-0.00254913
0.00317188
6.24686e-06
0.0451499
-0.00404909
0.0100045
0.00214172
3.99517e-06
0.000551665
0.00596723
-0.00772736
0.0004529
-0.000684983
0.00294018
-0.000496283
0.0175669
5.34551e-07
4.44814e-07
-0.000310183
0.0449506
9.62077e-06
-4.91688e-07
0.0652654
0.00183751
0.00318651
-0.00333976
0.0239052
0.0100554
0.00105555
0.000285484
0.00188544
0.0578152
0.00069618
-0.000217772
0.0660205
-0.0130684
0.000718111
-0.000285659
0.00415072
0.0219078
0.000479828
-0.00107001
0.00218909
0.0211456
-0.000339892
-0.000354943
0.000380229
0.0095782
0.000146531
0.00139079
0.00115404
0.0791608
5.27306e-05
0.00198087
-0.0146212
0.0232629
9.31857e-06
-4.71848e-07
0.0756154
0.00192537
0.00244031
-0.00371413
0.0239602
0.0105191
-0.000143944
-0.000390511
0.0728913
-0.0151959
0.000313608
0.000489184
0.000664062
0.0300764
0.000300781
0.00124761
0.00123754
0.0803223
2.00906e-07
9.81308e-18
0.0389258
0.00369834
-0.0034415
-0.00147285
0.00111467
-6.24741e-06
0.000738975
0.000738987
-0.00149508
0.000738321
-0.00284269
-0.00112873
-0.00015941
-7.7978e-05
6.82352e-07
6.96162e-07
2.49654e-06
-0.000955225
-0.00129448
0.00255305
0.00132056
0.00333768
-0.000335434
-0.000690272
0.00373079
0.00342775
0.000472816
0.000480365
1.10216e-05
0.0021373
-7.85046e-17
7.85046e-17
0.0438761
0.00363292
-0.00139274
0.00134516
-0.00111784
0.00154984
-0.00363014
-0.00205885
9.13779e-05
7.15694e-05
-0.00510957
-0.000813712
-0.00160205
-0.0012505
2.75197e-05
0.00240765
0.00425013
0.002452
-4.26674e-06
-0.00321654
0.00284283
0.0032848
5.30813e-06
-5.18869e-08
1.27681e-07
-2.89526e-07
0.00154744
0.000135216
-4.04492e-06
-0.0137799
0.00116557
0.00867739
0.00475106
0.000992549
-0.00444293
-0.000104453
-0.00370118
-0.00268421
-0.00354793
9.92307e-05
-0.00701724
-0.0016063
6.33641e-07
-5.55112e-17
2.77556e-17
6.48361e-07
0.000919053
0.00140267
0.0013089
0.00101068
-0.0021185
0.00160681
0.000972896
1.45007e-05
-0.0022211
0.000741535
-0.00260985
-4.44213e-05
-2.1579e-07
-6.52534e-08
-5.9501e-08
-0.000469273
-0.00144489
0.000370539
0.000351876
0.000176622
0.00382782
0.0401099
-0.00637256
0.00409996
0.000413098
-0.000886227
-0.00412365
0.00851217
3.37453e-07
-6.88534e-07
-0.000300942
0.033911
-0.00551333
2.83924e-05
0.0603498
0.00152639
-0.00183708
0.000358432
0.00922649
0.0126819
0.000364795
-0.0129479
0.0047965
0.0741748
-0.00179519
0.00014301
0.064203
-0.00933962
9.37752e-05
-0.000168725
0.0179217
0.00838775
0.0050539
4.23186e-05
0.00593066
0.0175096
0.00157278
-0.00031557
0.00540292
0.000524035
-0.00149643
-0.000991839
0.0351398
0.0110868
3.99416e-05
-0.00017403
0.00278027
0.00714821
-0.00034402
-0.00101216
0.00492824
0.0146612
2.9358e-07
2.66433e-07
-0.00030346
0.0330494
0.000777906
-0.0010061
-0.0100112
0.0110262
-0.00515375
2.16685e-07
0.0713844
0.00157569
0.005763
0.00321765
0.00406957
0.0636378
-0.00110841
0.000606437
0.00922439
0.0124695
-0.0013829
-0.00092828
0.0704102
-0.0136585
0.00976706
4.67029e-05
0.0058107
0.0161875
0.000308597
0.000275475
0.00534111
0.0125752
0.000331556
-8.37821e-05
0.00282957
0.00938591
-9.44011e-05
-0.000227972
0.00278646
0.00719109
-0.00161275
0.00481309
0.0350991
0.0110907
-0.000236767
-0.00101408
0.00519332
0.0153668
0.0486969
7.9767e-06
0.0638416
0.00216689
0.0029144
4.41191e-05
0.0389634
0.00324891
0.0278612
0.00120183
0.000282135
-0.000101984
0.000286252
0.00513996
0.00276284
-2.23696e-07
-0.00512048
0.000266389
0.0666284
-0.0138251
9.81308e-17
2.61708e-05
0.0389572
0.00713054
-0.0304301
0.00349015
-5.47135e-06
0.00105047
-0.00107422
0.00535778
3.28768e-06
0.0043523
0.000950082
0.000292791
-0.00174438
0.041205
0.00164239
-0.000118294
-0.000190566
0.000445995
-0.000189654
0.000118576
0.000743208
0.0095529
0.00167898
0.00142243
0.000355806
0.00105527
-0.0044107
0.000954696
-0.00152006
0.0879269
0.000229551
0.00515135
-0.000333176
1.58931e-05
-0.000680923
-0.00522076
-0.00550692
0.00520822
0.0633978
0.00170632
0.000402508
0.000387061
0.0114735
7.62291e-06
0.0712504
0.0022805
0.000259941
0.00513625
0.00297398
1.65506e-08
0.00300126
2.47859e-05
0.0425308
0.00328331
-0.00121157
0.000608926
0.000231485
-1.04858e-06
0.0184874
0.000382776
0.0763102
-0.0156173
-0.00107759
0.00535574
4.45071e-06
0.00435024
1.76455e-05
-9.81308e-18
0.0444104
0.00400188
-0.0370622
0.00353219
0.000148072
0.000513296
-0.000289154
0.000282231
-0.00109123
0.0555678
0.00121245
0.000985922
0.000462905
0.000497502
0.00408858
-9.25052e-06
0.000436863
-5.01843e-06
-9.97741e-06
0.000132418
0.00291586
0.0102348
-0.004579
0.00106752
-0.00194382
0.0870617
0.0659721
0.0018395
0.000308685
0.000357692
0.000175156
0.00375198
-0.000254046
0.00010113
-0.000810759
-0.00513656
-0.000651852
0.00577345
0.0215815
0.0002088
-0.00258099
0.00262783
0.00158348
0.00147701
0.00424022
0.0106222
-0.00680977
-8.82653e-08
-1.38558e-07
-1.52094e-07
-0.0352188
-0.034883
0.00118953
0.000748557
0.00536589
-0.00361048
0.00334426
-0.000115298
2.06755e-05
4.33614e-08
5.31807e-06
-2.92663e-07
0.00233867
0.0247948
0.012028
-0.00259625
-0.012695
-0.000751442
0.0326242
-0.00824773
-0.00114176
-0.00140412
2.28387e-07
-0.00242278
0.00078053
-2.74387e-07
0.000809558
0.000810737
-0.000136362
-0.00025727
-0.000361435
-0.00213426
0.0036379
6.46919e-08
-0.000467884
-3.21243e-07
0.00136411
0.000102659
0.000434962
-4.5477e-05
0.00140897
-0.00858926
-0.0147813
-0.0155486
-0.0246072
0.00109057
-0.000940805
0.000559195
0.00109986
0.000585942
-0.000829984
-0.0127589
-0.00503985
1.57641e-05
1.54293e-05
-1.09385e-05
0.00287116
0.00033385
0.00119166
0.00120274
0.00239867
-0.0378222
0.000994476
0.00116243
0.000382413
0.000140583
-0.000860987
-0.000605145
0.0123067
8.96677e-05
0.000387485
0.0041123
0.00126084
0.000847917
0.00908308
0.00835416
-0.00184486
-0.00389364
0.00310509
0.00280667
2.08589e-05
1.48615e-07
5.31231e-06
-2.83015e-07
-0.0022037
0.0249481
-0.00364996
0.011203
-0.0122732
-0.000641652
0.0327858
-0.0082366
-0.000473453
-0.00020303
-0.000398098
-0.00209781
0.00372264
6.19922e-08
-0.000470258
-3.28956e-07
-0.0024496
0.00273417
-0.000237175
0.0079793
0.00116877
0.000192915
-0.0146391
-0.000503383
0.00290075
-0.0263922
0.0014942
0.00105945
0.000340711
0.000131512
-0.000575467
-0.00098589
-0.0292487
0.00238318
-5.85142e-07
0.000125477
0.000314131
0.0052479
-8.68887e-17
-6.20634e-17
-0.00370063
0.0122311
-0.00137211
0.00162399
0.000298621
-0.000174592
-0.00399625
-0.00242582
0.0149544
5.14666e-06
2.13901e-07
1.88989e-07
4.16334e-17
-6.93889e-17
6.09441e-07
6.22387e-07
-0.000172947
0.000253858
-0.00355779
-0.00191236
-0.0106725
0.0134435
0.0102468
-0.00270256
-5.55112e-17
-2.77556e-17
6.71214e-07
6.57841e-07
0.0172809
0.004596
-4.11674e-08
5.84597e-08
2.61399e-05
0.00275766
0.000587531
0.000129067
0.071577
0.000504855
0.00137501
0.00150382
0.00121881
-0.00428719
0.00108299
-4.82165e-05
0.00100194
0.000115794
0.00185594
0.0018331
0.000209673
0.000679121
0.000749607
0.000784543
0.00493843
0.00592041
0.000240256
0.000267339
-0.035371
0.00205953
1.04504e-06
0.000118
0.000286283
0.00524427
-2.35247e-09
-2.48253e-17
-0.00430102
0.0108509
-0.000967277
0.00948992
-0.000972579
0.00071009
-0.00210683
3.9478e-05
-0.00036679
0.000251096
-0.00241627
-0.00422798
-0.019626
0.0108975
0.00795312
0.00764992
8.70852e-05
0.00187261
-0.000274329
0.000513395
0.0711048
0.000573195
0.00137458
0.00146757
0.0170801
0.00284032
-0.00303808
0.00367271
0.00124686
-0.0252213
0.00980954
-0.000462926
0.00535027
3.75856e-06
0.00225145
-1.19019e-05
0.0145462
0.0270652
0.00192877
-0.00337813
0.0190071
-0.00392159
-0.000400888
0.00328306
0.0336985
0.0396201
-0.00254594
0.00183725
0.00714475
-0.000606726
0.00208631
0.000127861
-0.00259559
-0.0323153
0.00392996
-0.00234161
-0.00678508
1.37534e-05
-2.07054e-07
-3.12243e-07
-0.00677659
1.38029e-05
3.68696e-08
-5.48192e-08
2.63462e-05
0.0147896
5.46536e-06
-1.89663e-08
2.62422e-05
0.0150022
5.36367e-06
4.81984e-08
0.00113664
2.60729e-05
0.000122915
0.000852558
0.000622372
0.000665208
-0.00234521
0.000241487
0.000907213
0.000847487
-0.0024218
0.000988849
0.00112276
6.04122e-05
0.000200946
0.000599099
-0.036213
-0.0306762
-0.0368727
0.00127488
-0.000388124
0.0124944
-0.0124837
0.0231434
0.00686533
0.00113172
0.0239408
-0.0126984
-0.0315713
-0.0371486
0.00181224
-0.03278
-0.0294307
-0.000118742
-0.000118112
0.00182099
-0.0291364
-1.1639e-06
-5.81733e-05
0.00305572
6.13231e-06
0.000375381
0.00386384
-2.87593e-05
1.27955e-05
5.39175e-05
0.00106105
-4.33683e-05
0.0344943
1.36856e-08
-6.87502e-07
0.00116456
8.99869e-05
0.00113633
0.000310499
-9.97604e-05
-4.50931e-06
0.000358359
0.00254341
-1.19004e-05
-0.0351479
0.000142381
9.70691e-05
0.00257519
0.000300039
4.96507e-17
-1.24127e-16
0.00519402
1.24127e-17
0.000273243
0.00519022
-8.68887e-17
-6.20634e-17
0.000299429
0.00529917
4.96507e-17
0.000328315
3.7238e-17
1.24127e-17
0.00530272
0.0546976
-0.00167254
0.0067523
0.000774596
0.0695868
0.000710608
0.000526457
0.000971256
0.000713787
0.0726325
0.0010941
0.000451816
-0.00159572
0.0608332
0.000962397
0.00630493
-0.00157175
0.0146578
0.000129755
0.00037529
-0.00129381
0.00438016
4.75714e-06
0.00202243
0.000155388
0.0002306
0.00275428
-2.8575e-05
0.00112096
0.00119274
-0.000130098
0.000424455
-0.0021373
0.0201819
-0.000245546
0.000400728
0.00202265
0.00128167
-0.000504724
0.000171368
0.000304262
0.00025058
0.00220959
0.000167273
0.00365488
0.00386525
0.000341288
0.00199019
3.17947e-05
0.0172193
0.00458519
-1.09614e-08
3.08114e-05
0.0172181
0.0045968
3.29074e-08
-0.000585834
0.000618078
-2.07414e-07
-0.00147745
0.00323119
0.000675996
-1.85924e-07
0.000823824
0.00060664
0.00464966
0.0081767
-0.000360658
-0.00364938
0.00110809
-0.000227784
-0.000835382
-0.00358254
0.00107344
-0.000204617
-0.000900728
0.000712419
0.00446016
0.00780344
-0.000264637
0.00733791
0.00147029
0.00017501
-0.0047513
0.00173037
0.0107778
-0.00474093
0.000153646
8.43357e-06
-0.000991754
-0.000630125
0.00368643
-0.000942761
-5.58708e-06
0.0036696
-0.000643828
0.00172696
0.00736887
-0.000282549
0.00671791
0.0233428
0.00142382
0.0154677
-0.00279925
0.00549687
0.0502416
0.0381488
0.000500705
0.0205251
0.00570955
0.00888064
0.0193758
0.00675357
-0.00401766
0.0253325
0.0126788
0.00502835
0.00635985
0.00819976
0.00812603
-0.000286108
0.00662017
-0.00178867
0.0060681
0.0228659
0.0014294
0.0094829
0.0482636
0.0154739
-0.00284034
0.0388132
-0.0290731
0.00510638
0.0237767
0.0142428
0.0113032
0.00262561
0.0039802
0.00507158
0.00642013
0.0254604
0.0126668
0.00842962
0.00838714
0.033988
0.00274702
0.0365763
0.000782839
4.00009e-05
7.59856e-07
-0.00254337
-2.03177e-07
0.0172509
-0.0149808
0.039171
0.00748944
-0.00168264
0.00158431
-0.00141378
-0.00177041
-0.00255868
0.0314484
-3.29989e-05
5.26417e-07
0.0010903
0.00291506
0.000207524
0.0103052
-0.00719358
-2.18419e-05
-0.00018921
1.26326e-05
-0.00702862
0.0050862
0.000490177
-0.00489155
0.03345
0.00357037
8.48621e-05
1.57636e-08
0.0385547
0.000849261
8.87687e-05
9.78062e-06
0.0421364
0.00876766
-0.00138574
-0.00178609
0.0444686
0.00725116
-0.00195441
0.0011027
-0.00200246
0.0238153
0.000141878
0.00392868
-1.68318e-05
3.95708e-06
0.00244329
0.00168337
-0.00586242
-0.000213396
0.000697989
-0.00539513
-0.000238594
1.40677e-05
-0.00540648
0.0058937
-0.011023
0.0103908
0.00513471
0.0194178
0.00378305
0.00345501
0.00209456
0.00665372
-0.000305006
0.0420379
-0.000308085
0.0418414
-1.83547e-07
-1.93083e-07
0.00137996
0.0014056
0.0631086
0.00167445
0.0668246
0.0020003
0.00351893
-0.000217995
7.2141e-06
-2.81429e-07
0.0140777
0.0123886
0.0341313
0.0116975
0.00107434
0.000253499
0.00148984
-0.00219032
0.00223537
0.0586508
0.00185791
0.0591018
0.00014831
0.000432205
0.000478607
0.000467436
0.0651692
-0.0110762
0.0650959
-0.00449579
-0.00056376
-0.00161106
-0.000960901
-0.000629481
0.00538889
0.0178651
0.00537941
0.0189755
0.000653291
-0.000116676
0.00166173
0.00138177
0.00417837
0.0114353
0.000815882
0.0185433
-0.00278349
-0.00315855
-0.000435448
-0.000712437
0.000685562
0.00954293
0.000702351
0.00958673
0.000108517
0.000111835
-0.00088178
-0.00087762
0.00167074
0.0384031
-8.23172e-05
0.0921435
0.00260054
-0.000756211
-0.000143448
-0.000928879
-0.0171858
0.0142681
-0.0125621
0.0285849
0.00300593
-0.000581478
0.00488043
0.00210002
0.073693
0.00174825
0.0762075
0.00210175
0.00379265
-0.000231115
7.54321e-06
-2.83432e-07
0.0132461
0.0110316
0.0334705
0.0116827
0.0004803
0.00101429
0.00154954
-0.000774486
0.0713463
-0.0159101
0.0738332
-0.0136325
-0.000209553
-0.00165865
-0.000542964
-0.000432521
0.00149522
0.0164991
0.000308231
0.027055
-9.34165e-05
-0.00450892
-0.00313739
-0.000551109
0.00183632
0.0390648
-0.00049592
0.0925187
-0.000779454
0.002676
-0.000853757
-0.000120093
0.0389233
0.00345607
0.0389278
0.00394081
-1.58426e-06
1.61365e-16
-4.96507e-17
3.7238e-17
-0.000501227
0.000190429
0.000290429
1.04866e-06
-0.00209212
0.00114118
-0.00299905
-0.0014621
-0.002301
-4.59272e-08
-0.00219327
-9.1801e-08
2.57734e-06
2.44109e-06
5.97341e-07
6.09745e-07
6.56203e-06
-0.000104307
-0.000281603
0.000110661
-0.00369183
-0.00185616
-0.00173503
-0.000810419
2.59535e-06
-0.000974072
2.4029e-06
-0.00097405
6.83508e-07
6.6994e-07
3.39934e-06
3.4325e-06
-0.000384836
0.00957947
-0.00118498
0.00415451
-0.000168985
0.000170667
7.0908e-05
0.00377436
0.00194935
0.00433414
0.00189435
0.00454551
0.000452944
0.000106723
0.000392939
0.000536469
0.000106953
0.000570096
0.000122694
0.000495524
0.00070809
0.000730789
-0.000344856
-0.000288877
0.0431918
0.00344845
0.0440767
0.0038174
5.83105e-07
-3.78496e-08
0
1.24127e-17
-0.000589488
-0.000117212
0.000385302
1.02745e-05
0.00340761
0.000112437
-0.000794738
0.00169474
-2.53647e-06
-0.000230415
-0.0002602
0.000157707
-0.00200461
-0.00392142
-0.00323105
-0.00213776
0.00248769
0.0105883
-0.00156041
0.00412513
0.000131224
-0.000190304
0.0078888
2.29877e-06
-0.00274318
0.00589302
-5.53546e-05
0.00326348
0.0050972
-0.00105253
0.00235181
0.00129311
-0.00369247
0.00406782
0.000749746
0.00330653
2.35881e-06
0.0024841
0.000875002
0.00143378
-9.62462e-08
-1.1646e-07
5.30449e-06
-4.96259e-07
5.50918e-06
-2.91896e-07
1.71888e-07
1.54484e-07
0.000318847
1.79595e-05
0.000150178
-0.0147077
-0.0143874
0.000474612
0.00090258
3.43518e-05
0.00536796
0.00950792
0.00369324
0.00704419
0.00167561
0.000331417
0.0103016
0.0100585
8.09372e-06
0.000124336
-0.00424293
-0.00238768
-0.00436594
-0.0025848
0.000276443
-0.000302405
-1.37803e-05
9.46349e-05
-0.00361744
-0.00145172
-0.00190077
-0.00381558
-0.000404927
0.000178722
-2.77556e-17
-4.16334e-17
6.21541e-07
6.35374e-07
6.59215e-07
6.45741e-07
1.38778e-17
9.71445e-17
0.00199097
0.00198631
0.00093577
0.000993389
0.000855734
0.00087749
0.0018688
0.00198622
0.00171142
0.0196615
-0.000105439
-0.0016642
0.0134472
0.0135921
0.000382767
0.0187237
0.0177817
0.000348564
-0.000196447
-0.00173585
0.0109902
0.0145868
0.000334547
0.0101973
-9.23126e-08
-9.53494e-08
-0.000468642
-3.63065e-07
-0.000469832
-3.67633e-07
-3.07083e-08
-3.06218e-08
0.000219655
0.000409708
0.000514587
-0.000388267
-0.000339309
0.000523724
0.000369841
0.00032121
0.0356224
-0.0071049
0.000823027
0.000802434
0.00207408
0.00205025
0.0356425
-0.0070839
0.000265436
0.00114434
-0.0053312
-0.0225391
1.06906e-05
-2.2497e-07
0.0129945
0.00257579
0.0129425
0.00420215
-0.00662779
3.85343e-06
3.0875e-05
0.000380151
0.00122232
0.000616223
-0.000265051
-0.00244786
0.000143982
0.00442976
0.0126515
-0.000836245
0.00597275
0.00158775
0.00486198
-0.00356203
0.00101627
-0.00894185
6.48116e-05
0.000138344
0.00647574
-0.00303346
0.00100778
0.00129386
0.00114004
0.000967865
0.0001362
0.00223539
-0.000658424
0.00621933
0.000328276
-3.32195e-05
0.000598403
-6.88397e-05
-0.00158184
0.00250264
-0.00105553
-0.00311245
1.12698e-05
-2.33502e-07
0.00948439
0.00229789
-0.000365407
0.0014002
-0.0056311
0.00314184
0.0117537
0.00434353
-0.00661163
3.86462e-06
9.14634e-06
2.10781e-05
0.0103915
0.00310918
6.97872e-05
0.000314698
0.00150543
-0.00255631
0.0175763
-0.000557117
-0.000831068
-0.000887033
0.000764592
0.000176221
-0.00198276
-0.00328169
0.00384739
-0.00688642
0.000342816
-0.0070835
0.00297952
0.00958557
0.00139749
0.000523535
0.000339141
-3.70836e-05
0.000592155
-5.17486e-05
0.000125181
0.00218267
-0.000662668
0.00624621
-0.00147168
0.00257616
-0.0010005
-0.00332924
-0.0159397
0.00369705
0.0198593
5.09742e-06
-9.02693e-08
7.31408e-09
1.73777e-16
-4.96507e-17
-0.00322778
-4.49538e-05
0.00055473
0.00162325
0.00503579
1.47548e-07
0.000293147
0.00516708
0.00311689
0.00102147
0.0218902
-0.00778094
2.38181e-09
0
3.7238e-17
-3.7238e-17
-0.0287718
0.00326632
-0.0299502
0.00073746
0.000335408
0.00533013
0.0049738
3.19322e-07
0.000523341
0.000854485
0.00168287
-0.00512484
0.00434931
0.00013871
0.000848521
0.000216341
0.000104618
-4.98774e-05
-0.00353494
0.000426655
0.00498591
0.00285534
0.0219909
-0.000291331
0.000338934
-0.000213281
0.0499277
0.00794859
3.96824e-05
0.00445742
0.000594006
0.00238437
-3.44358e-06
0.000180058
4.24791e-05
-0.00599502
0.0655951
0.00158967
0.0559967
0.000428037
-0.0143912
0.00467951
0.01794
4.97973e-06
0.00346426
3.0455e-07
0.000266591
0.00516317
6.84938e-06
1.09675e-06
-3.7238e-17
1.24127e-16
0.0331701
-5.53878e-05
0.0345285
0.000854229
-0.00353805
-0.000237765
0.0218907
-0.00785654
0.000305866
0.00532662
0.00497144
3.66999e-07
1.18717e-05
-4.65413e-07
-1.66304e-07
3.7238e-17
-0.0352495
0.00281179
-0.0353626
0.000686586
0.000629542
0.00105717
0.00130937
-0.00414086
0.00434777
0.00262034
0.0284429
-0.000322525
0.00639499
-5.37412e-05
0.00242617
-5.32001e-05
7.63112e-05
-0.000119848
-0.00616039
0.000338486
0.000357026
-0.000277374
0.0496336
0.00747987
0.0688621
0.00165193
0.0579025
0.000503001
0.000132526
0.00303592
0.000758804
0.00105807
-1.64419e-05
0.000278249
-6.75846e-05
-0.00683995
9.44734e-05
0.0143638
0.0313591
-0.00241308
0.00671625
0.000975721
-0.00137193
0.00222421
-0.00680291
-7.76583e-08
-7.60827e-08
-0.00679882
-0.0365482
-0.0322193
-0.0321187
-0.0316416
0.00423434
-0.00335217
-0.00224364
0.00544835
-5.8025e-08
1.59411e-05
2.30989e-05
2.93334e-07
-0.0199643
0.00216347
-0.0130399
0.004132
-0.00108289
0.012963
0.000950257
-4.18918e-06
-0.000992917
-0.00144105
0.000799004
0.0016256
0.00778314
-0.000386117
-0.000384262
0.00989253
-0.00172316
0.000506642
-4.79356e-05
0.00181911
-1.53233e-08
0.00710281
0.00225375
-1.19473e-08
-2.06025e-05
0.00122294
0.00111832
-6.16534e-05
0.00221137
0.0163753
0.0144545
0.000367442
0.00378959
0.00224264
0.0022137
0.0427437
0.000130066
5.47207e-05
-0.000179448
0.000311279
-0.00423131
-6.13253e-05
-0.000119318
-0.00417849
3.71987e-05
0.00105897
0.0010716
3.80388e-05
0.00179411
-0.00809857
-0.0181619
0.00280802
0.00075348
-1.96932e-07
0.000264691
0.000684868
0.00804355
-0.000289819
-0.00246559
0.0193324
0.00220782
-0.00103329
0.000947443
-0.00297858
0.000540887
-0.00365312
0.00301837
-0.00362751
1.58126e-05
2.06779e-08
2.66542e-07
2.37465e-05
0.00391688
-0.00250277
0.0025911
-0.0140959
0.0131709
-0.00107852
3.44085e-05
0.0009551
0.000729001
-0.00109867
0.00138437
-0.000203976
0.00696321
-2.68948e-08
-3.30571e-09
0.00170453
0.0377026
0.00463699
0.00465704
0.0030809
-0.000552152
-0.000194601
6.83533e-05
4.47487e-05
0.00368015
-0.00787444
-0.0117481
0.00202697
0.000754193
0.000215343
2.60947e-05
0.000562628
-0.0292813
0.00215637
0.00270834
-0.0290884
0.00522096
0.000307085
0.000321223
0.00527531
-0.0103312
0.00966058
-0.0251182
-0.000189399
-6.87227e-05
-1.46405e-06
-0.000240698
-1.22088e-06
0.0148793
5.15034e-06
5.1144e-06
0.0149858
-1.38778e-17
-2.77556e-17
2.77556e-17
3.44912e-10
3.96354e-05
-9.70773e-05
1.00471e-05
-4.01532e-07
0.000189309
-0.00486452
0.000526677
-0.0141256
-8.32667e-17
2.9492e-10
-2.77556e-17
-6.93889e-17
0.0172573
0.00459236
0.00459687
0.0172556
3.90445e-05
0.00342433
0.00191336
1.76467e-05
0.0673749
0.000638192
0.00110096
0.0654316
0.000715919
-0.00465867
-0.00406956
0.000624022
0.00269778
-2.54468e-05
-0.000135319
0.00246941
0.000422306
0.000685607
0.000689526
0.000468907
0.0092122
0.00538151
0.00525063
0.00906443
0.00168617
0.0345053
-0.0352405
0.00212221
0.000279796
0.00521728
0.00527172
0.000292822
-0.000234516
-0.0118638
0.00920523
-0.016057
7.7838e-07
3.99094e-05
8.62819e-07
-0.00032415
-1.20757e-05
7.18407e-06
-3.05871e-05
-9.89895e-06
0.00407903
0.000241757
-0.00406659
0.000527432
0.000129797
0.000803319
0.0022624
6.99527e-05
0.0659019
0.00119061
0.000727887
0.0710757
0.00862498
0.0684221
0.0068442
-0.00122827
0.0667197
0.0086454
0.0077085
0.0667818
-7.67718e-05
-0.00332998
-0.00158048
-0.00199513
-0.00528531
-0.00589853
0.01637
0.0168569
0.0339233
-0.0172262
-0.0477148
0.0357896
-0.00304209
-0.00700946
-0.0176891
0.000233412
0.00646952
-0.00197303
0.00459347
0.0135826
0.0656896
0.0680729
0.0113141
0.00529498
-6.95291e-05
-0.00201709
0.00503299
0.00300087
0.00150402
-0.0165766
0.00491398
-0.000434577
0.00685187
0.00223373
-0.00853616
0.0185411
-2.64537e-05
0.000231026
-0.000833253
0.00144225
0.0217302
0.0207568
-0.0150392
0.00697341
0.00444268
0.0270952
0.033919
0.0117214
0.00509683
0.000994338
-0.00104064
0.00264363
0.00399744
0.00570195
0.0478916
0.0384975
0.00672357
-0.0060162
0.00918207
0.080084
-0.0172182
0.0112807
0.0138057
-0.0116789
-0.00506064
-0.00176483
9.34892e-05
-0.00135135
0.0777165
0.073246
-0.000185103
0.0006372
0.0123198
0.00201816
0.0116271
0.0106299
-0.00193977
0.0397777
0.0420953
0.00318458
0.0034336
0.0019129
-0.00122849
0.00330066
-0.0123942
-0.00344864
0.0263757
0.0166096
0.000149325
0.00544985
0.00705758
-0.00148271
0.00231638
0.00144199
-0.000830448
0.000317377
0.00529613
0.0180231
-0.011839
0.00310712
-0.000775317
-0.000143034
0.00589046
-0.0146975
0.0344227
0.0425344
-0.057326
0.0253017
0.0755787
0.000468922
0.00536305
0.0769018
0.00267839
0.0122766
0.00422076
-0.000579841
-0.000810165
8.35839e-05
-0.0241489
-0.0097291
0.00624152
-0.000292199
-0.0067341
-0.00507382
-0.000307587
-0.00680685
-0.0067964
-0.000303211
5.23139e-06
5.29307e-06
-2.13233e-07
-2.00417e-07
0.00176111
0.00160613
1.71542e-05
2.35966e-05
0.00623467
-0.0050283
-0.00671283
-0.000294469
0.00184194
2.36246e-05
1.71322e-05
0.0016656
5.3096e-06
-2.16493e-07
-1.09942e-08
5.36519e-06
-0.000309346
-0.000306015
-0.00679014
-0.00680483
0.00228255
0.004987
0.0164781
0.0204747
-0.00184158
0.0149198
0.0148347
0.000390673
-1.42392e-07
-8.39571e-08
4.96504e-06
5.34233e-06
0.00201329
0.00219601
3.01762e-05
2.20166e-05
-0.00079428
0.0220127
0.0175313
0.00551937
0.00191863
2.15802e-05
2.96672e-05
0.00208836
-2.33288e-07
5.29091e-06
4.92789e-06
-1.2173e-07
-0.00189557
0.000231074
0.0149942
0.0149729
-0.00243428
0.000124877
0.00127462
0.00852642
0.0198166
-0.000156495
0.00102043
0.00500346
0.00111922
0.000451337
0.000456985
-0.000306459
0.00539627
0.00587907
0.00121538
0.00179616
0.0309855
0.00398149
0.00400293
0.0620139
0.00352284
0.00172518
0.0025398
0.00282892
-0.0141974
-0.0143958
-0.00359807
-0.00430095
0.020898
0.0164787
-0.00325426
-0.00674737
0.0110123
0.0750847
0.00464606
0.00347008
0.0293669
-0.00925292
-0.00234098
0.0327995
-0.0143021
-0.00426291
-0.00317753
-0.0144183
0.00288392
0.00260732
0.0030758
0.00094943
0.00777489
0.0111834
0.00160406
0.00800599
0.00459102
0.00106362
0.00119686
0.0057331
0.00100399
1.8302e-05
0.000471615
-0.000169487
0.0275301
0.0124955
0.00075855
-0.000260288
0.00337415
0.00532483
-0.0520459
0.0230257
0.0155319
0.00620639
-0.0547412
0.008005
0.00816564
-0.0344163
-0.0352923
0.00580442
0.0436437
0.040017
-0.0301275
-0.0325133
0.0139447
0.0326154
0.0043916
0.00714772
0.0219254
-0.0208099
0.00558047
0.0176797
0.00827494
0.0136166
0.00999396
-0.0163261
0.024769
0.00589639
-0.0120845
0.00993131
0.0229679
0.0119993
-0.000238237
0.0317826
0.0299504
0.00792157
-0.0105222
0.0142575
0.00769134
-0.0172468
0.00477737
0.0124695
0.0201175
0.0177684
0.00946011
-0.0229891
0.00177689
0.0225564
-0.0548663
0.00695934
0.0437829
-0.0326718
-0.0307796
0.0397306
0.0104736
0.00955823
-0.0301642
-0.0325789
0.0199562
0.0117647
-0.0527897
0.00795642
0.0363018
0.0377274
0.000551841
0.0278964
0.0389246
-0.029265
-0.0293561
0.0389425
-0.00433054
-0.00411681
0.00198835
0.00223144
-0.00319248
0.0014892
0.00174696
-0.00369246
0.0382835
-0.0295951
-0.0288098
0.039131
-0.00359848
-0.00359308
0.00310111
0.00349447
-0.00424045
0.00265404
0.00283726
-0.00390753
0.0389256
0.0389425
-0.0291935
-0.0289345
-0.00703462
-0.00639334
0.000414716
-0.000258847
-9.23695e-05
0.000251409
0.000157424
-0.00669997
-0.00244968
-0.00224056
0.00370602
0.00334516
-0.00178245
0.0047681
0.00415688
-0.00190027
0.00195379
0.00134887
0.00045445
-0.000763882
-0.00146738
-0.00194353
0.000605842
-0.000279393
-0.00269238
0.00262286
0.00148021
-0.002661
-0.00272843
-0.00162843
9.01792e-06
0.0004355
0.0382272
0.0345136
0.0344871
0.0404842
-0.00109245
-0.00143015
0.00100906
0.000728008
-0.0035663
0.00188031
0.001499
-0.00286192
0.0435346
0.0428613
0.0344998
0.0345028
0.00229473
0.00268176
0.00178218
0.00325748
0.000153157
0.000453808
0.000537217
0.0028297
-0.00169348
-0.00100117
0.000388167
0.00106359
0.00152003
-0.000340503
0.00014998
0.00086658
-0.00613705
-0.000202482
0.000522484
-0.00350653
-0.002387
-0.00224158
0.00283955
0.00336655
-0.00165061
0.00231108
0.00221534
-0.0021525
-0.00201702
-0.00156045
0.000204968
0.000250031
0.0438042
0.0444356
-0.0351961
-0.0361559
0.0441903
-0.0351141
-0.0352549
0.0443893
-0.00356228
-0.00397812
0.00231614
0.00233548
-0.00414737
0.0030887
0.00269331
-0.00407617
0.00075774
0.000289488
0.000296593
0.00201587
0.000369729
6.03391e-07
0.00518055
0.00515348
6.27591e-07
0.00523443
0.00520749
6.15491e-07
0.00357721
0.00335249
0.000303562
0.000310608
0.000819965
0.00206629
0.000269917
0.000263282
0.00354069
0.000283039
0.000276519
0.00336588
6.41868e-07
6.28881e-07
0.00520375
0.00523078
0.000369718
0.00514961
0.0051767
6.16066e-07
0.00372701
-0.000381645
0.000302648
0.00709048
3.13937e-06
6.77361e-07
0.0053129
0.00534354
6.53788e-07
0.005258
0.00528545
6.65215e-07
0.00372516
0.00390964
0.000296126
0.000289528
0.00689584
0.00730999
0.000331862
-0.000366291
0.00381957
0.000317677
0.000324769
0.00407241
6.39691e-07
6.51791e-07
0.00528901
0.0052616
3.22194e-06
0.0053466
0.00531642
6.6389e-07
0.0110694
0.00626259
0.0428691
0.0100471
0.00660715
0.069475
0.0684174
0.00983147
0.00272773
0.00229549
0.00504675
0.00257589
0.00343066
0.00283029
-0.000483297
0.00202697
0.00548185
0.0646092
0.0687162
0.00572769
0.000664903
0.000913385
0.0019972
0.00166905
0.00287333
0.00262906
0.00156296
0.00139934
0.0116274
-0.00367711
0.0674104
0.0707907
0.00604935
0.00646283
0.0719012
0.067485
0.0084168
0.0704889
0.0693004
-0.00313656
0.00292553
0.00143983
0.00164022
0.00253738
0.000663946
0.00176774
0.00214261
0.000945409
0.00588332
0.0138649
0.0489291
0.00608081
0.00356141
0.00202993
-0.000446099
0.00334275
0.00276268
0.00273387
0.00473399
0.00223823
0.00424117
0.0107828
0.0734267
0.0701178
0.0293481
0.0491678
0.00808824
-0.031711
0.0666036
-0.00109523
-0.00162909
0.0669845
0.000935832
0.0057413
0.000633505
6.03004e-05
-0.00243579
0.00301053
0.00500714
-0.00547173
0.0394184
0.0120428
0.00671583
0.0625595
0.0213443
-0.00647042
-0.0129091
0.0128301
-0.000716442
-0.00200342
0.00205983
0.0147786
0.063362
0.0653593
0.00433651
-0.00124175
0.0258263
0.00524902
-0.000985686
0.0300451
0.00154852
0.00502796
0.00108128
0.00657628
0.0100167
0.00849782
-0.000472774
-0.0245261
0.0293444
0.036754
0.00348122
0.0064237
-0.00764786
0.000756311
0.0011286
-0.00712139
-0.000942108
-0.005072
0.00195059
0.00382245
0.00984938
-0.023268
-0.00748372
0.0140654
-0.000210834
-0.000589171
0.00139672
0.00289274
0.0426713
-0.0387072
0.00920051
0.0681367
-0.00396899
0.0026878
0.0120707
0.00244395
-0.00128881
0.000194127
0.000702591
0.00693856
0.0734431
0.0741599
-0.0024466
-0.00101296
-0.00840019
-0.00750043
0.00169227
0.000749519
-0.000235673
0.00366669
0.00224426
-0.000939407
0.00396764
0.0193908
-0.0115267
-0.016227
-0.00213672
0.00246743
0.00117686
-0.00941676
0.025904
0.0301302
-0.000832481
0.00561518
0.0294321
0.00409238
0.00341579
0.0365026
0.00658511
-0.0126606
-0.00257609
0.0105122
0.00172405
0.0068551
0.00127487
0.00548188
0.0391643
0.0696469
0.0113153
0.0121014
0.0707129
-0.00163173
0.00368368
0.0714934
-0.00130495
0.0142161
0.00211551
-0.0020919
0.0208633
0.0123506
-0.00742854
-0.0109517
-0.00544947
0.00649397
0.0196914
0.0206144
-0.000961277
0.0172725
0.0172409
0.00168943
-0.000469007
-0.000468288
0.0045888
0.00459436
-0.0129062
-0.00826331
0.00814846
0.00490271
0.00635978
0.0290072
0.0196889
0.00648959
-0.0162317
0.00487232
0.0080936
-0.00130765
-0.000469599
0.00459652
0.00459684
-0.000470085
-0.000961195
0.00168843
0.017235
0.0172717
0.0101235
0.00675406
-0.000343273
-0.0200818
0.00207865
-0.00106691
-0.000789232
0.00299195
-3.66345e-07
-2.99278e-07
-0.00145916
-0.00142269
-0.016534
-0.0147838
-0.000199434
0.00271326
-0.0147109
-0.00427527
0.00473413
0.00543834
-0.0120802
0.00294551
0.00230102
-0.00991191
-3.69733e-07
-0.000302829
0.000811497
-2.95629e-07
0.0029347
-0.00543415
-0.00304558
0.000815508
0.0032679
0.0353006
0.0312637
0.06062
0.0893085
-0.000565359
0.00959165
0.100555
0.000215273
0.00763897
0.0087037
0.00109807
0.00175696
0.00132402
0.00493213
0.00552993
0.0103343
0.00429358
-0.00205405
0.0109166
0.00026171
-0.00372437
-0.00398531
0.00167108
-0.00098241
-0.000235425
-0.00010864
0.000517304
0.0583392
0.0220512
-6.9968e-05
-0.000359258
0.0104644
0.0114676
-0.00197051
0.00432541
0.0590334
-0.000313502
-0.000140401
0.0223591
-0.00104175
0.0006063
-0.000177848
-0.000245854
0.000279079
0.00167943
-0.00393589
-0.00368105
0.00344584
0.0629608
0.0319401
0.0327927
0.00172232
0.0055173
0.0047675
0.00130328
0.000179288
0.00103019
0.00848256
0.00758466
0.0894164
0.0992598
0.00918266
-0.000650046
0.0191578
0.0648743
0.00362341
0.00641275
0.0597763
0.00557843
0.00926338
0.0674508
0.0385231
0.0353493
-0.00296269
0.000781504
0.013161
0.012986
0.0102207
0.0245012
0.0183119
0.00644669
0.0122417
0.0653639
0.0129532
0.0246931
0.0112244
0.0112166
0.0385413
0.000781034
-0.00293645
0.035424
0.0598585
0.0617445
0.0110648
0.00701208
0.0132283
0.00707914
-0.000208705
0.0134539
0.0107992
-0.00012657
-0.00092841
0.00765184
-0.00359714
-0.00827343
0.00244554
0.00232212
0.00586314
0.0106217
0.00512948
-0.0143931
0.0132142
0.0134891
-0.000211766
0.00701245
0.00579688
-0.0145723
0.00514798
0.0108149
-0.00359524
0.00233984
0.00244575
-0.00832907
0.0107678
0.00761668
-0.000939068
-0.000100422
