-0.695
0.275
-1.85378
-0.825
0.275
1.81748
-0.748381
0.985
-1.665
-0.715
1.08992
1.875
0.695
0.275
-1.85378
0.825
0.275
1.81747
0.748385
0.985
-1.665
0.715
1.08992
1.875
0.00292748
0.00275077
0.0693896
0.0302605
0.00292854
0.00275201
0.0693931
0.0302639
-0.029518
-0.0134793
-0.00903454
-0.0105236
-0.0130534
-0.0208029
-0.0296192
-0.0189231
0.00411452
0.011367
0.00137417
-0.00605189
-0.0141908
-0.0221143
0.000577245
0.024743
0.0634973
0.0317529
0.00480426
-0.00244676
-0.00639495
0.0687105
0.0915831
0.11184
0.0929597
0.0615509
0.0454834
0.037166
-0.0330724
-0.0169482
-0.0137438
-0.00990856
-0.00925082
-0.0188515
-0.0291973
-0.0245854
-0.0127985
-0.0222453
-0.0111684
-0.00485697
-0.00827945
0.0635394
0.088233
0.113252
0.0927356
0.0586714
0.0424051
0.0346427
-0.0330717
-0.0169476
-0.0137427
-0.00990737
-0.00925032
-0.0188509
-0.0291965
-0.0245848
-0.0127981
-0.0222446
-0.0111677
-0.00485647
-0.00827863
0.0635409
0.0882348
0.113254
0.0927379
0.058673
0.0424065
0.034644
-0.0295162
-0.0134774
-0.00903179
-0.010521
-0.0130518
-0.0208014
-0.0296174
-0.0189214
0.00411634
0.0113702
0.00137712
-0.00605066
-0.0141895
-0.0221126
0.000579176
0.0247453
0.0635022
0.0317575
0.00480595
-0.00244526
-0.0063931
0.0687137
0.0915867
0.111844
0.092964
0.0615542
0.0454862
0.0371686
0.0797594
0.00502438
0.0030378
0.0412063
0.00548656
0.00276011
0.0692294
0.076769
0.0587974
0.0634546
0.0797587
0.00303779
0.041188
0.00276385
0.0767686
0.0634551
0.00283821
0.169876
0.00535785
0.14887
0.00530487
0.0622119
0.413963
0.460562
0.00283878
0.169866
0.148868
0.0622047
0.171684
0.171679
0.00493975
0.122893
0.288379
0.159376
0.15937
0.00533136
0.483776
0.136354
0.136354
0.00494505
0.345673
0.230563
0.0424112
0.00501457
0.00307295
0.0220713
0.00547873
0.00272067
0.0839732
0.0630188
0.0572994
-0.00239591
0.0479673
0.0467791
0.00502744
0.0424456
0.00307244
0.00548363
0.0220601
0.00272386
0.0630055
0.0839218
0.0573037
0.0479802
-0.00225912
0.0467842
0.00300025
0.00288254
0.150118
0.00412408
0.00280217
0.00279469
0.114901
0.00400333
0.0729125
0.165404
0.0658129
0.392597
0.0577867
0.15376
0.0586264
0.485884
0.00300074
0.00412425
0.00288424
0.150124
0.00280502
0.00400352
0.00279438
0.114907
0.0729396
0.392597
0.16541
0.0658077
0.0577888
0.485884
0.153764
0.0586264
0.184768
0.272316
0.00545564
0.239066
0.159356
0.00516574
0.138514
0.217716
0.00554657
0.231231
0.0985435
0.00514158
0.0973696
0.367208
0.167032
0.125466
0.171595
0.154209
0.150398
0.287664
0.184742
0.272319
0.15939
0.0051657
0.138771
0.217716
0.111239
0.00514225
0.167032
0.125467
0.150404
0.287665
0.132509
0.00406338
0.17099
0.164625
0.00515812
0.0053446
0.154124
0.142361
0.00531811
0.00514701
0.160466
0.510609
0.242487
0.495383
0.472169
0.449565
0.132514
0.00406361
0.170989
0.164617
0.15412
0.142361
0.16047
0.510608
0.165774
0.156461
0.165791
0.170051
0.165806
0.170048
0.165794
0.157801
0.00519877
0.00519876
0.00526855
0.00526848
0.094033
0.224289
0.224258
0.0940191
0.221964
0.354823
0.35479
0.221963
0.141314
0.123705
0.157103
0.162981
0.141319
0.162985
0.157106
0.123711
0.00409375
0.00409383
0.00403353
0.0040333
0.524418
0.498246
0.498246
0.524418
0.12195
0.0894131
0.148729
0.151415
0.119932
0.151422
0.148734
0.105814
0.00524233
0.00524277
0.00524025
0.0052398
0.451544
0.117779
0.117779
0.450908
0.214027
0.214004
0.139975
0.139953
0.02601
0.00498845
0.0028259
0.00854994
0.00544869
0.00270299
0.0289459
0.04266
0.0422562
-0.0220593
0.026512
0.025209
0.00499971
0.0259758
0.0028232
0.00545106
0.0085259
0.00270506
0.0426713
0.0289431
0.042259
0.0265126
-0.0220489
0.0252002
0.00304044
0.00290647
0.152173
0.00353646
0.00282288
0.00277058
0.110323
0.00338497
0.071144
0.139313
0.0675869
0.301221
0.0528681
0.122553
0.0568412
0.335193
0.00303913
0.00353646
0.002906
0.152179
0.00282422
0.00338597
0.00277263
0.110329
0.0711536
0.301212
0.139337
0.0675912
0.0528687
0.335188
0.122528
0.0568267
0.0651951
0.0882352
0.163374
0.194609
0.0050201
0.00502866
0.00558845
0.247131
0.00305364
0.00301943
0.159363
0.00525893
0.0363207
0.0454592
0.1387
0.163036
0.0054895
0.0054944
0.00584733
0.223946
0.0027442
0.00278099
0.104881
0.00522051
0.0692359
0.0692244
0.0846079
0.257388
0.0702086
0.0747211
0.145515
0.117544
0.0563953
0.0564075
0.0948898
0.17238
0.0620619
0.0624902
0.12589
0.223793
0.0652346
0.0882439
0.163381
0.194917
0.00305302
0.00301905
0.159389
0.00525881
0.0363056
0.0454387
0.138717
0.163039
0.00274387
0.00278126
0.104882
0.00522141
0.0702135
0.0747344
0.145516
0.117553
0.0620563
0.0624923
0.125903
0.223796
0.00286028
0.00281488
0.131249
0.00346028
0.155093
0.175174
0.170145
0.16725
0.00535683
0.00535689
0.00529297
0.00535123
0.128453
0.159523
0.151498
0.146371
0.00530351
0.00530358
0.00531149
0.00524799
0.064006
0.0604251
0.131105
0.336847
0.420642
0.420642
0.328151
0.495632
0.473255
0.473255
0.466366
0.455054
0.00286091
0.00281648
0.131254
0.00346071
0.155098
0.175163
0.170134
0.167242
0.128457
0.15952
0.151496
0.14637
0.0640164
0.06041
0.13111
0.336844
0.178257
0.172177
0.170438
0.170975
0.178255
0.172176
0.170071
0.170974
0.00519694
0.00505499
0.00505498
0.00504907
0.110132
0.125946
0.125946
0.156752
0.294115
0.263792
0.384993
0.294115
0.141777
0.162
0.156749
0.167891
0.141781
0.161993
0.156745
0.167883
0.00533011
0.00533798
0.00532474
0.00533015
0.497225
0.48958
0.477973
0.497225
0.136535
0.124322
0.146666
0.138522
0.136534
0.124322
0.146664
0.138514
0.00524582
0.00504637
0.00504666
0.00504603
0.259022
0.321029
0.321028
0.432424
0.233311
0.195583
0.222695
0.233311
0.142259
0.1531
0.00545742
0.23176
0.164338
0.00527824
0.0733072
0.154636
0.00568961
0.20592
0.0968645
0.00526386
0.161801
0.275985
0.0812075
0.244024
0.147254
0.0870138
0.144503
0.0939966
0.0822356
0.136858
0.12653
0.0966379
0.00545923
0.231768
0.142252
0.152879
0.164311
0.00527801
0.00569067
0.205919
0.0732595
0.154594
0.0968645
0.00526496
0.0810344
0.24402
0.161915
0.275942
0.147257
0.0870152
0.0822392
0.136721
0.14453
0.0939433
0.126545
0.0966382
0.156382
0.0053063
0.141711
0.00349811
0.169294
0.145716
0.00534456
0.00410878
0.114536
0.00527718
0.120786
0.00342222
0.119303
0.128932
0.00401812
0.00529141
0.144137
0.159153
0.165708
0.164185
0.13529
0.333898
0.30856
0.472288
0.131461
0.387299
0.155431
0.1529
0.126978
0.334614
0.492065
0.469516
0.156401
0.00530651
0.00534472
0.00410905
0.141717
0.00349859
0.169294
0.145722
0.114537
0.00527784
0.00401857
0.00529167
0.120791
0.00342291
0.119309
0.128115
0.144142
0.158991
0.308546
0.472285
0.165712
0.16419
0.135302
0.333899
0.131477
0.387308
0.492065
0.469516
0.155435
0.152903
0.12698
0.334611
0.184887
0.182498
0.247207
0.364571
0.00532931
0.0053293
0.241808
0.241808
0.163157
0.157729
0.00518151
0.00521716
0.122614
0.150778
0.220222
0.21054
0.00539646
0.00539632
0.232049
0.23205
0.104833
0.0943132
0.00519187
0.00519079
0.0972015
0.097142
0.373841
0.373809
0.166389
0.16841
0.109761
0.139802
0.139525
0.139517
0.154642
0.154641
0.149586
0.150929
0.37003
0.201429
0.184886
0.182496
0.36457
0.247207
0.16322
0.157747
0.00518152
0.0052172
0.150766
0.122633
0.221009
0.210622
0.115335
0.108552
0.00519255
0.0051912
0.16841
0.166391
0.139752
0.109573
0.150936
0.149592
0.201434
0.370045
0.136912
0.128107
0.00407855
0.0040484
0.168771
0.174353
0.148438
0.171532
0.00521576
0.00521572
0.00534347
0.00534352
0.135115
0.163707
0.131216
0.154183
0.00531687
0.00531681
0.00519763
0.00519783
0.158774
0.161705
0.517514
0.504428
0.243739
0.243739
0.509935
0.509934
0.48524
0.48524
0.451334
0.451334
0.136917
0.128113
0.00407876
0.00404851
0.174346
0.16877
0.148442
0.171522
0.163701
0.135119
0.131216
0.154177
0.161709
0.158778
0.504427
0.517514
0.132466
0.161577
0.178359
0.155452
0.203907
0.155736
0.170287
0.157907
0.143345
0.144881
0.169855
0.174896
0.126315
0.167062
0.174571
0.146629
0.132466
0.155467
0.178357
0.161559
0.12651
0.146629
0.17456
0.167062
0.143363
0.174887
0.169852
0.1449
0.204238
0.157931
0.170285
0.15574
0.00512178
0.00552486
0.0051914
0.00526778
0.00512396
0.00526772
0.00519139
0.00552579
0.0034905
0.00532131
0.0051355
0.00528259
0.00348989
0.00528244
0.00513549
0.00532126
0.0707646
0.10232
0.111556
0.0841881
0.233794
0.332163
0.158863
0.12959
0.233789
0.129598
0.158862
0.332163
0.0707577
0.0841874
0.111556
0.102308
0.165384
0.174517
0.268036
0.24851
0.180413
0.261418
0.388106
0.281408
0.18037
0.281402
0.388106
0.261409
0.165393
0.248511
0.268036
0.174514
0.146942
0.13648
0.145108
0.151765
0.115555
0.131784
0.138446
0.126017
0.125091
0.129034
0.165799
0.161615
0.137298
0.173353
0.16971
0.133215
0.146948
0.151769
0.145112
0.136485
0.137312
0.133223
0.169701
0.173343
0.125092
0.161611
0.165792
0.129036
0.11556
0.126022
0.13845
0.131788
0.00351706
0.00535015
0.00533679
0.00347915
0.00351734
0.00347958
0.00533684
0.0053502
0.00340437
0.00531023
0.00532351
0.00344179
0.00340437
0.00344153
0.00532346
0.00531016
0.332482
0.335354
0.50358
0.505154
0.334881
0.479248
0.491233
0.335752
0.33488
0.33575
0.491233
0.479248
0.332485
0.505146
0.50358
0.335352
0.145972
0.109766
0.127306
0.124934
0.0927041
0.112069
0.123221
0.100815
0.122808
0.126209
0.150877
0.147908
0.123156
0.157215
0.150749
0.128667
0.146188
0.124938
0.127306
0.109767
0.12316
0.128683
0.146406
0.157213
0.1226
0.147896
0.150861
0.126224
0.0927033
0.100815
0.123222
0.112092
0.00330073
0.00527263
0.005122
0.00524858
0.00330052
0.00524985
0.00512224
0.00527276
0.00529049
0.00577203
0.00522157
0.00524312
0.00528981
0.00524199
0.00522135
0.0057716
0.338211
0.3058
0.408933
0.462285
0.0625409
0.0943011
0.230781
0.141002
0.0625338
0.140999
0.230801
0.0943141
0.3381
0.462286
0.408895
0.305819
0.144189
0.224208
0.237774
0.163659
0.144188
0.163686
0.237774
0.22421
0.0794689
0.159482
0.224874
0.159929
0.0795638
0.159914
0.224878
0.159512
0.0146839
0.00496494
0.00257684
0.00432713
0.00541953
0.00255627
0.0144196
0.0255167
0.0224496
-0.0105716
0.0134625
0.0139088
0.00497293
0.0146874
0.00257546
0.00541806
0.0043475
0.00256003
0.0255131
0.0143985
0.022422
0.0134633
-0.0108004
0.0141744
0.00302877
0.00291744
0.1338
0.00323387
0.00273231
0.0027628
0.108036
0.00306871
0.0702558
0.104413
0.0684963
0.187168
0.0540263
0.0340823
0.0310341
0.192007
0.00302869
0.00323411
0.00291787
0.133911
0.00273568
0.0030696
0.00276254
0.108041
0.0702625
0.187195
0.104424
0.0684929
0.0540128
0.192003
0.0353684
0.0310236
0.0751984
0.084276
0.128393
0.186408
0.00502224
0.00502652
0.00559518
0.22467
0.00304852
0.00302895
0.160416
0.00529676
0.0389371
0.043429
0.105073
0.114929
0.00548884
0.00549262
0.00593845
0.220837
0.0027506
0.00277265
0.1001
0.0052509
0.0692315
0.0692256
0.0783197
0.218964
0.0761102
0.0756676
0.119426
0.109471
0.0595156
0.0595216
0.0767811
0.241148
0.0627555
0.0641393
0.0946643
0.191534
0.0752352
0.0842818
0.12839
0.186432
0.00304712
0.00302956
0.160407
0.00529659
0.0389078
0.0433815
0.105092
0.114935
0.00275262
0.00277349
0.100101
0.0052519
0.075936
0.0756804
0.11944
0.109475
0.0627541
0.0641245
0.094671
0.191524
0.00284723
0.00282692
0.129716
0.00315019
0.164351
0.174433
0.170003
0.168563
0.00535734
0.00535737
0.00534656
0.00535454
0.140444
0.156276
0.150183
0.147643
0.0053042
0.00530424
0.00530818
0.00525443
0.0631091
0.0613215
0.0969187
0.190064
0.417952
0.417952
0.371053
0.454873
0.466908
0.466909
0.463464
0.457794
0.00284838
0.00282753
0.129713
0.00315072
0.16435
0.174436
0.169993
0.168554
0.140442
0.156276
0.150181
0.147641
0.0631106
0.0613055
0.0968496
0.190064
0.175065
0.171932
0.1716
0.171328
0.175061
0.17193
0.171563
0.171325
0.00506933
0.00499737
0.00499736
0.00499451
0.116512
0.124438
0.124438
0.123047
0.291299
0.276085
0.370667
0.291299
0.152405
0.160687
0.158062
0.165663
0.152405
0.160681
0.158057
0.165664
0.00533074
0.00533467
0.00532805
0.00533076
0.490501
0.486678
0.480875
0.490501
0.136533
0.130188
0.142917
0.137519
0.136533
0.130188
0.142917
0.137519
0.00509544
0.00499574
0.00499587
0.00499551
0.30238
0.332815
0.332814
0.388364
0.231892
0.193167
0.229116
0.231892
0.033838
0.0546146
0.0996
0.130842
0.00500441
0.00501694
0.00552624
0.209552
0.00304128
0.00306329
0.165298
0.00530942
0.014412
0.0293991
0.068763
0.102671
0.00547121
0.00548892
0.00585555
0.202397
0.0027109
0.00273094
0.0906218
0.00526682
0.0434242
0.0919355
0.126427
0.200795
0.05502
0.0676872
0.0747051
0.204666
0.0508676
0.0637513
0.130586
0.079839
-0.0131498
0.022739
0.0809432
0.0528595
0.0394983
0.0532774
0.0655536
0.184851
0.0359637
0.0573744
0.0947883
0.0847343
0.00501725
0.00502979
0.00553125
0.209586
0.0338257
0.0546146
0.0995784
0.13083
0.00304047
0.00306355
0.165282
0.00530909
0.00547614
0.00549383
0.00585689
0.202378
0.0144216
0.0293889
0.0688781
0.10265
0.00271178
0.00273369
0.0906222
0.00526776
0.0550214
0.067669
0.0746836
0.204664
0.0429345
0.0919464
0.126494
0.200691
0.05087
0.063757
0.13059
0.0798347
0.0395209
0.0532941
0.065565
0.184748
-0.0131312
0.0225985
0.0810056
0.052912
0.035965
0.0574379
0.0946917
0.0847167
0.00305054
0.00301076
0.156284
0.00531661
0.00289366
0.00287223
0.133007
0.00319174
0.151146
0.141412
0.150244
0.147917
0.00383301
0.005356
0.00536879
0.00411638
0.00281559
0.00279146
0.110396
0.00528555
0.00278252
0.00280539
0.119327
0.00310925
0.112613
0.112732
0.117102
0.112133
0.00369591
0.00530176
0.00401081
0.00527193
0.0720294
0.0738062
0.115078
0.126251
0.155016
0.172067
0.165557
0.164795
0.066697
0.0649047
0.100621
0.188668
0.356491
0.413885
0.350533
0.43268
0.0554425
0.0601384
0.0978296
0.265421
0.144539
0.158759
0.154595
0.153334
0.0577377
0.0595378
0.0930253
0.188916
0.478447
0.479601
0.488974
0.477718
0.00305154
0.00301009
0.15628
0.00531671
0.00383345
0.00535613
0.00536891
0.00411665
0.00289422
0.00287173
0.133006
0.00319233
0.151151
0.141412
0.150249
0.147923
0.00281458
0.00279459
0.110397
0.00528628
0.00369659
0.00530188
0.00401113
0.00527217
0.00278425
0.00280603
0.119332
0.00310977
0.112619
0.112737
0.117108
0.11214
0.0720463
0.0738328
0.115091
0.126145
0.356499
0.413884
0.350523
0.432677
0.155018
0.172064
0.165563
0.1648
0.066695
0.0649061
0.100618
0.188662
0.0554453
0.0601407
0.0978823
0.265395
0.478422
0.479601
0.488974
0.477718
0.144538
0.158757
0.154599
0.153338
0.0577453
0.0595285
0.0929819
0.188912
0.186489
0.181885
0.185183
0.18212
0.241238
0.289448
0.259769
0.352517
0.00556146
0.00532629
0.00539247
0.00539247
0.261
0.251359
0.240437
0.240437
0.15864
0.172421
0.161301
0.158027
0.00521481
0.00511216
0.0051746
0.00519152
0.139292
0.136294
0.129871
0.146625
0.195808
0.234718
0.219454
0.215347
0.00569695
0.00539618
0.00547154
0.00547148
0.22731
0.234681
0.23174
0.23174
0.109664
0.118069
0.10172
0.0961988
0.0051834
0.00509567
0.00516669
0.00516619
0.0909888
0.103751
0.097265
0.097265
0.295673
0.399318
0.370538
0.370538
0.15796
0.167574
0.166732
0.167721
0.122517
0.12648
0.117619
0.12865
0.127904
0.215258
0.154146
0.15408
0.138242
0.170135
0.154416
0.154416
0.143905
0.152686
0.149992
0.150684
0.255729
0.307489
0.328842
0.245835
0.186529
0.181861
0.185182
0.182117
0.241104
0.289456
0.352517
0.259768
0.158659
0.17242
0.161347
0.158048
0.00521475
0.00511198
0.00517457
0.0051915
0.13928
0.136293
0.146625
0.129868
0.195762
0.234726
0.219455
0.215347
0.109664
0.118069
0.11325
0.109908
0.00518418
0.00509614
0.00516742
0.00516671
0.157963
0.167523
0.16772
0.166733
0.122517
0.12648
0.128656
0.117619
0.143908
0.152688
0.150691
0.149998
0.255734
0.307487
0.245968
0.328825
0.131879
0.127111
0.134711
0.130309
0.0037643
0.00532877
0.0040709
0.00405589
0.170287
0.170623
0.169878
0.173885
0.165938
0.163313
0.158379
0.170048
0.00523939
0.00510359
0.00518694
0.00518692
0.00534791
0.00534129
0.00534404
0.00534406
0.152811
0.155436
0.146431
0.16097
0.144422
0.141025
0.136734
0.147392
0.0053148
0.00532143
0.0053175
0.00531747
0.0051975
0.00509652
0.00517235
0.00517244
0.150685
0.166179
0.15961
0.161076
0.483558
0.503949
0.514062
0.507518
0.285315
0.199582
0.24326
0.24326
0.498276
0.492482
0.502659
0.502658
0.469267
0.475071
0.478705
0.478705
0.452311
0.446813
0.45045
0.45045
0.131885
0.127114
0.134716
0.130314
0.00376453
0.00532884
0.00407111
0.00405606
0.170276
0.170621
0.173884
0.169877
0.165929
0.163305
0.158379
0.17005
0.152808
0.155432
0.16097
0.14643
0.144317
0.141024
0.136734
0.147392
0.150687
0.166175
0.16108
0.159614
0.48356
0.503949
0.507518
0.514061
0.163907
0.164086
0.184596
0.164148
0.156633
0.16904
0.157134
0.167629
0.156635
0.165779
0.166045
0.171803
0.174019
0.160373
0.177646
0.169105
0.163919
0.164062
0.184595
0.164199
0.174011
0.160386
0.177641
0.169106
0.15664
0.165782
0.1661
0.171794
0.156638
0.169048
0.157539
0.167626
0.00536917
0.0052409
0.00526541
0.00519014
0.00537005
0.00524077
0.0052654
0.00519013
0.00529012
0.00532045
0.00524288
0.00524433
0.00529
0.00532034
0.0052428
0.00524439
0.0876312
0.0914442
0.0963453
0.10189
0.197897
0.266603
0.182001
0.238715
0.197876
0.266573
0.181985
0.238607
0.087626
0.0914191
0.0963402
0.101814
0.19414
0.246148
0.234551
0.237945
0.324908
0.282494
0.376625
0.370347
0.282454
0.324877
0.370297
0.376624
0.246169
0.19418
0.237945
0.234549
0.141512
0.143515
0.139113
0.134267
0.122246
0.121504
0.125906
0.119924
0.156267
0.147943
0.162462
0.157938
0.163574
0.152933
0.169159
0.162334
0.141518
0.14352
0.139118
0.134268
0.163579
0.152935
0.169154
0.162338
0.156271
0.147945
0.162458
0.157942
0.122252
0.12151
0.125912
0.119928
0.00379852
0.00410126
0.00408615
0.00534232
0.00410144
0.00379881
0.00534243
0.00408629
0.00402605
0.00373041
0.0053154
0.00404101
0.00373032
0.00402574
0.00404086
0.00531523
0.4792
0.511897
0.520967
0.517209
0.480246
0.495156
0.501337
0.491775
0.495156
0.480243
0.491775
0.501337
0.511876
0.479199
0.517209
0.520966
0.118675
0.125431
0.107458
0.125524
0.0874279
0.103107
0.114668
0.092428
0.146616
0.142768
0.151419
0.149157
0.145167
0.152119
0.151172
0.154443
0.118676
0.123963
0.117526
0.125524
0.145171
0.152122
0.151179
0.154441
0.146632
0.14277
0.151417
0.149163
0.104553
0.103107
0.114666
0.107137
0.00526206
0.00526688
0.00521705
0.00522172
0.00526262
0.00526722
0.00521766
0.00522204
0.00546544
0.00525491
0.00531996
0.00521572
0.00546467
0.00525418
0.00531974
0.00521532
0.419648
0.46131
0.411013
0.452218
0.0988715
0.107608
0.125939
0.155764
0.0988513
0.107551
0.125822
0.155797
0.419655
0.461311
0.411015
0.452219
0.190243
0.209116
0.218548
0.227412
0.209125
0.190246
0.227415
0.218521
0.124159
0.120357
0.15091
0.160488
0.121532
0.124164
0.160385
0.150797
0.0878246
0.107583
0.00534499
0.146811
0.126869
0.00513398
0.0585772
0.0906638
0.00564121
0.140918
0.0858073
0.00527679
0.0828849
0.121256
0.0635292
0.147767
0.120214
0.0636149
0.0662234
0.0328184
0.0450525
0.109796
0.0740554
0.0499438
0.00534927
0.146791
0.0878241
0.107559
0.126862
0.00513531
0.00564217
0.140921
0.058573
0.0906784
0.0858072
0.00527817
0.0635242
0.147696
0.0828784
0.121217
0.120458
0.0636135
0.0450609
0.109565
0.066857
0.0325655
0.0740616
0.0499426
0.104652
0.00327075
0.13325
0.00321266
0.163659
0.149558
0.00355538
0.00352681
0.0993274
0.0030689
0.113681
0.00308917
0.11294
0.112701
0.00339462
0.00329865
0.107334
0.15192
0.141332
0.138302
0.102561
0.187929
0.268991
0.322207
0.0881885
0.191609
0.115681
0.124472
0.0766903
0.189077
0.335034
0.336702
0.104818
0.00327137
0.00355603
0.00352708
0.133337
0.00321336
0.163596
0.149563
0.0991723
0.00306909
0.00339525
0.00329922
0.113687
0.0030899
0.112946
0.112812
0.107346
0.152241
0.268982
0.32221
0.141349
0.13832
0.102579
0.187923
0.0881905
0.191554
0.335024
0.336651
0.123881
0.124466
0.0704524
0.189073
0.11786
0.163898
0.133973
0.204896
0.160803
0.165695
0.184915
0.270242
0.00556233
0.225403
0.0055663
0.225403
0.00555665
0.00555712
0.247821
0.247821
0.162595
0.00530173
0.158393
0.00530651
0.160804
0.15867
0.00526432
0.00527074
0.0923661
0.115197
0.114654
0.115222
0.127379
0.145138
0.163166
0.162182
0.00590105
0.220747
0.00590199
0.220749
0.00580971
0.0058095
0.224109
0.22411
0.0953363
0.00525896
0.105276
0.00526775
0.107206
0.102867
0.00523451
0.0052314
0.0781056
0.221006
0.0781031
0.22102
0.0844005
0.0844002
0.259416
0.259417
0.125383
0.0950118
0.117269
0.122433
0.145189
0.1461
0.109963
0.124312
0.0758637
0.216211
0.0758648
0.216141
0.0961162
0.0960127
0.168853
0.168851
0.094132
0.117662
0.0970556
0.25803
0.126049
0.127277
0.264786
0.18246
0.117852
0.163888
0.133976
0.204938
0.160831
0.165755
0.270244
0.184901
0.162582
0.00530166
0.158387
0.00530657
0.160791
0.158727
0.0052643
0.00527065
0.0924824
0.115221
0.114659
0.115227
0.145137
0.12737
0.16317
0.162137
0.0953365
0.00526009
0.105277
0.00526903
0.107206
0.102868
0.00523568
0.00523223
0.125409
0.0949956
0.117287
0.122424
0.146101
0.145208
0.124305
0.109916
0.0941396
0.117672
0.0970037
0.258015
0.127293
0.126064
0.182488
0.264772
0.129992
0.0031709
0.124972
0.00312974
0.133864
0.128633
0.00346937
0.003451
0.155334
0.153429
0.175104
0.174259
0.164606
0.174187
0.161365
0.17224
0.00536019
0.00535349
0.00536025
0.00535355
0.00530714
0.00530712
0.00535069
0.00535072
0.130119
0.126653
0.160566
0.158379
0.143437
0.158624
0.137338
0.153735
0.00530684
0.00526606
0.00530691
0.00526617
0.00531087
0.00531083
0.00526033
0.00526039
0.0986834
0.189383
0.0949541
0.189475
0.130067
0.132165
0.3361
0.3363
0.376389
0.462922
0.376388
0.462901
0.330529
0.330529
0.501262
0.501262
0.476251
0.467756
0.476251
0.467756
0.472807
0.472807
0.45867
0.45867
0.129981
0.00317157
0.124978
0.00313034
0.13387
0.128639
0.00346985
0.00345115
0.155338
0.153433
0.175094
0.174249
0.174188
0.164608
0.161364
0.172243
0.130122
0.126656
0.160562
0.158376
0.158623
0.143436
0.137335
0.15373
0.0987252
0.189379
0.0949268
0.189476
0.132173
0.13007
0.336298
0.336096
0.178303
0.176525
0.175318
0.171224
0.17016
0.172833
0.170629
0.171091
0.178301
0.176523
0.175316
0.171222
0.172829
0.170157
0.17109
0.170627
0.00519417
0.00519417
0.00512418
0.00509534
0.00512417
0.00509534
0.00509228
0.00509228
0.110852
0.110852
0.118753
0.125754
0.125755
0.118753
0.15791
0.15791
0.281075
0.375144
0.265937
0.265937
0.386549
0.386549
0.375144
0.281075
0.143443
0.140112
0.155394
0.167856
0.149423
0.163317
0.166842
0.168797
0.143447
0.140116
0.155393
0.167857
0.163317
0.149422
0.168789
0.166834
0.00533345
0.00532678
0.00533739
0.00533741
0.00532413
0.0053241
0.00533349
0.00532683
0.500403
0.494229
0.49658
0.49658
0.484603
0.484603
0.494229
0.500402
0.12968
0.142137
0.125841
0.123821
0.146359
0.146738
0.132815
0.144225
0.14213
0.129679
0.12584
0.123821
0.146745
0.146353
0.132815
0.142813
0.00523372
0.00523362
0.00508415
0.00513387
0.00508442
0.00513412
0.00508404
0.00508415
0.242761
0.24271
0.364978
0.275927
0.275934
0.364958
0.42108
0.42104
0.235666
0.230949
0.105888
0.105888
0.223764
0.223764
0.235666
0.230948
0.13689
0.148982
0.177247
0.163787
0.00529183
0.00549239
0.205332
0.24658
0.160981
0.162958
0.00524252
0.00527299
0.0998025
0.0935418
0.148471
0.160362
0.00549209
0.00573217
0.18134
0.219817
0.0947843
0.0987176
0.00527685
0.00525284
0.133007
0.166982
0.209708
0.292484
0.0767609
0.0833598
0.220351
0.258045
0.14862
0.146946
0.0789643
0.0946717
0.136111
0.147965
0.0799316
0.119991
0.0741107
0.0882723
0.112997
0.146789
0.126622
0.126369
0.0798077
0.112574
0.0052937
0.00549378
0.205333
0.246663
0.136909
0.148992
0.177244
0.163831
0.161003
0.162935
0.00524277
0.00527288
0.00549308
0.00573288
0.181344
0.219797
0.099801
0.0935621
0.148458
0.160383
0.0947839
0.0987179
0.00527768
0.005254
0.0767363
0.0833002
0.220337
0.257639
0.133205
0.167001
0.209688
0.292547
0.14862
0.146947
0.0789606
0.0946743
0.0741203
0.0882736
0.112879
0.146773
0.135547
0.147959
0.0799351
0.119977
0.12663
0.126384
0.0798088
0.112575
0.187228
0.157144
0.00529332
0.00529442
0.144326
0.139095
0.00350754
0.00348876
0.187087
0.167854
0.146329
0.137839
0.0053014
0.00533519
0.00381602
0.00534919
0.130278
0.11215
0.00522914
0.00526286
0.118171
0.123402
0.00341362
0.003432
0.11743
0.116331
0.137533
0.130828
0.00371313
0.00530846
0.00523854
0.0052838
0.14211
0.144465
0.197093
0.127696
0.157377
0.172007
0.154007
0.170647
0.136294
0.134262
0.333191
0.334614
0.280412
0.326685
0.432943
0.497348
0.129216
0.130071
0.420199
0.346534
0.146241
0.160611
0.146356
0.156905
0.126035
0.128005
0.334748
0.335186
0.479328
0.485688
0.479169
0.465901
0.187227
0.157167
0.00529344
0.00529451
0.00530154
0.00533527
0.00381615
0.00534928
0.144332
0.139101
0.0035082
0.00348896
0.187086
0.167854
0.146335
0.13784
0.130386
0.112151
0.00522955
0.00526385
0.00371356
0.00530862
0.00523877
0.005284
0.118177
0.123408
0.00341383
0.00343249
0.117435
0.116335
0.137642
0.130828
0.142119
0.144468
0.197092
0.127705
0.280407
0.326687
0.432874
0.497346
0.157382
0.172001
0.154009
0.170643
0.136307
0.134271
0.333191
0.334623
0.129229
0.130074
0.420516
0.346541
0.479325
0.485688
0.479177
0.465901
0.146242
0.160608
0.146362
0.156903
0.126036
0.128008
0.334745
0.335183
0.181794
0.187204
0.185732
0.177162
0.218131
0.263641
0.389663
0.331838
0.00546735
0.00526036
0.00526035
0.00546781
0.254858
0.263069
0.263069
0.254858
0.16165
0.178423
0.169949
0.157664
0.00518804
0.00522708
0.00525239
0.00517855
0.120781
0.122472
0.150661
0.149718
0.233575
0.197834
0.190083
0.223547
0.00558424
0.005309
0.00530882
0.00558396
0.227762
0.235925
0.235924
0.227764
0.114137
0.121534
0.116242
0.106293
0.00515867
0.00522259
0.00521886
0.00520772
0.104356
0.0906821
0.0906588
0.104356
0.301063
0.401068
0.401068
0.301028
0.157324
0.171996
0.170053
0.159266
0.107073
0.111409
0.154079
0.128332
0.110267
0.185189
0.185154
0.110266
0.138325
0.171087
0.171087
0.138325
0.143336
0.151982
0.153484
0.144614
0.337915
0.396285
0.216168
0.172653
0.187199
0.181793
0.17716
0.185722
0.331836
0.389663
0.263646
0.21813
0.178421
0.161647
0.157674
0.169948
0.00522706
0.0051879
0.0051784
0.00525247
0.149711
0.150739
0.122495
0.120737
0.197831
0.233589
0.223267
0.190157
0.121534
0.114144
0.106293
0.116243
0.00522351
0.0051591
0.00520804
0.00521951
0.159265
0.170049
0.171987
0.157328
0.128327
0.154073
0.111401
0.106998
0.144617
0.153485
0.151979
0.143339
0.172654
0.216167
0.396316
0.337934
0.136696
0.130694
0.123518
0.127063
0.00533555
0.00378142
0.00374689
0.00532201
0.168717
0.169349
0.174268
0.174657
0.146774
0.150101
0.172439
0.170616
0.00528237
0.00517563
0.00517561
0.00528233
0.00534681
0.00534013
0.00534018
0.00534686
0.13345
0.136781
0.164749
0.162658
0.129584
0.133351
0.155625
0.152257
0.00531355
0.00532019
0.00532013
0.00531348
0.00523513
0.00515981
0.00516004
0.00523529
0.149315
0.164321
0.167668
0.151808
0.481411
0.51058
0.497862
0.481893
0.288002
0.201319
0.201319
0.288002
0.506757
0.511181
0.511181
0.506757
0.482244
0.488237
0.488236
0.482244
0.449024
0.456811
0.456811
0.449025
0.130696
0.136701
0.127068
0.123521
0.00378175
0.00533563
0.00532212
0.00374739
0.174648
0.17426
0.169348
0.168716
0.150105
0.146778
0.170607
0.17243
0.162653
0.164743
0.136785
0.133453
0.133351
0.129584
0.152514
0.155617
0.151811
0.167664
0.164317
0.149318
0.481892
0.497862
0.510579
0.481411
0.0785882
0.160408
0.162985
0.0935566
0.161903
0.1602
0.162604
0.163946
0.175194
0.182003
0.181591
0.175445
0.125876
0.108904
0.182939
0.187512
0.109022
0.159213
0.178138
0.177454
0.164449
0.169677
0.167761
0.142114
0.171273
0.171178
0.16872
0.169984
0.159448
0.157339
0.157148
0.158183
0.105876
0.111218
0.157065
0.156211
0.118342
0.157647
0.156961
0.116168
0.171346
0.170837
0.171709
0.172282
0.174337
0.172039
0.171977
0.174037
0.0731705
0.092254
0.16295
0.131358
0.131178
0.18755
0.181257
0.136845
0.17414
0.1689
0.176106
0.179689
0.122404
0.128712
0.159815
0.158623
0.0786199
0.093568
0.162963
0.160394
0.12591
0.186763
0.182992
0.108896
0.175192
0.175444
0.18159
0.182001
0.161892
0.163932
0.162588
0.160195
0.0731649
0.13136
0.16294
0.0920885
0.12243
0.158624
0.159813
0.128739
0.174139
0.179686
0.175658
0.168893
0.131196
0.136902
0.181251
0.187542
0.105883
0.156213
0.157069
0.111243
0.174339
0.174036
0.171988
0.172033
0.171344
0.172273
0.1717
0.170835
0.118363
0.116186
0.156965
0.15765
0.109106
0.177454
0.178138
0.159217
0.159442
0.158248
0.157156
0.157334
0.171272
0.169983
0.168719
0.171177
0.164448
0.142114
0.167761
0.169676
0.00497876
0.00543756
0.00530801
0.00526373
0.00557852
0.0055144
0.00541957
0.00554541
0.00509675
0.00515108
0.00522673
0.00529332
0.00530024
0.00530548
0.00523392
0.00522192
0.00498161
0.00526359
0.00530859
0.00544223
0.00530021
0.00522188
0.00523391
0.00530517
0.00509675
0.00529332
0.00522662
0.00515092
0.00558076
0.00554992
0.00542026
0.00551463
0.00329805
0.00534341
0.00530966
0.00532619
0.0053534
0.00526088
0.00530366
0.00536684
0.00504492
0.00514539
0.00521136
0.00513961
0.00530149
0.00531174
0.00527128
0.00523362
0.00329883
0.00532626
0.00530947
0.00534325
0.00530166
0.00523367
0.0052712
0.00531162
0.00504492
0.0051396
0.0052115
0.00514557
0.00535338
0.00536674
0.00530363
0.00526086
0.0472982
0.0713129
0.0841034
0.0699277
0.102282
0.114851
0.099285
0.0874791
0.117645
0.104058
0.103909
0.11894
0.0782143
0.0770507
0.0898525
0.0908328
0.173856
0.318963
0.239374
0.131445
0.374234
0.28689
0.282721
0.370443
0.124399
0.127155
0.196389
0.200548
0.115888
0.128152
0.155665
0.129438
0.173851
0.130942
0.239369
0.318964
0.115876
0.129489
0.155668
0.128161
0.124399
0.200548
0.196388
0.127165
0.374234
0.370302
0.282719
0.28689
0.0472944
0.0699055
0.0840767
0.071302
0.0782133
0.0908326
0.0898009
0.0770472
0.117645
0.11894
0.103849
0.104058
0.102214
0.0874865
0.0992765
0.114809
0.0910493
0.1186
0.21912
0.184245
0.179674
0.229436
0.205863
0.147762
0.278618
0.253118
0.250844
0.276546
0.225037
0.223919
0.2617
0.262035
0.0956723
0.183492
0.255738
0.140143
0.219999
0.298372
0.297817
0.217722
0.372905
0.377382
0.401943
0.400193
0.195802
0.21511
0.343736
0.319939
0.0956479
0.14049
0.255634
0.183468
0.195803
0.319938
0.343734
0.215148
0.372905
0.400193
0.401943
0.377382
0.220001
0.217676
0.297818
0.298372
0.0910548
0.184265
0.219128
0.118597
0.225037
0.262035
0.2617
0.223918
0.278618
0.276547
0.250844
0.253118
0.179682
0.147748
0.205864
0.229493
0.133523
0.133079
0.143921
0.148737
0.129858
0.134288
0.139104
0.132935
0.153901
0.156886
0.13248
0.128908
0.162858
0.139625
0.136053
0.159872
0.110858
0.115021
0.119838
0.116504
0.14194
0.144934
0.118128
0.114534
0.150919
0.125315
0.121721
0.147927
0.127795
0.12215
0.124654
0.129471
0.0371838
0.092095
0.147092
0.14539
0.0958945
0.15
0.14863
0.0939963
0.16449
0.162143
0.163392
0.16525
0.157451
0.159685
0.161536
0.159797
0.103534
0.154512
0.153495
0.101588
0.173336
0.171144
0.169903
0.171391
0.166759
0.166923
0.168413
0.168952
0.0978117
0.0996643
0.152371
0.151246
0.133622
0.148743
0.143926
0.133078
0.162857
0.159871
0.136054
0.139626
0.153901
0.128911
0.132482
0.156886
0.129853
0.132797
0.13911
0.134293
0.103559
0.101598
0.153497
0.154514
0.0977636
0.151248
0.152373
0.0996245
0.16676
0.168954
0.168409
0.166919
0.173339
0.171387
0.169899
0.171147
0.0371505
0.145391
0.147094
0.0920567
0.15745
0.159797
0.161532
0.159682
0.16449
0.165246
0.163388
0.162143
0.0958815
0.0939545
0.148633
0.150003
0.110864
0.116509
0.119843
0.115027
0.127799
0.129476
0.12466
0.122155
0.150918
0.147927
0.121724
0.125317
0.141939
0.114537
0.118131
0.144933
0.00322363
0.00382459
0.00380731
0.00320251
0.00535401
0.00534736
0.00534574
0.00535259
0.00533406
0.00533216
0.00533893
0.00534071
0.0031608
0.00318074
0.00378992
0.00377295
0.00322407
0.00320253
0.00380763
0.00382478
0.00316089
0.00377304
0.00379043
0.0031813
0.00533409
0.00534074
0.00533903
0.00533223
0.00535404
0.00535271
0.00534584
0.00534739
0.00307934
0.00370515
0.00372196
0.00309968
0.00530755
0.00531418
0.005312
0.00530525
0.00532744
0.00532548
0.00531876
0.00532081
0.00314015
0.00311979
0.00373901
0.00375607
0.00307927
0.00309839
0.00372175
0.00370451
0.00313926
0.00375568
0.00373875
0.00311976
0.00532742
0.00532079
0.00531863
0.00532539
0.00530752
0.00530511
0.00531183
0.00531415
0.18757
0.188298
0.468544
0.394857
0.189724
0.482484
0.48032
0.189034
0.49354
0.49962
0.513894
0.507264
0.459682
0.455672
0.517995
0.504728
0.190541
0.47887
0.479787
0.189
0.469858
0.475756
0.488732
0.482644
0.487552
0.500906
0.494819
0.481654
0.189765
0.189193
0.481067
0.48272
0.190539
0.188998
0.479783
0.478866
0.189766
0.482723
0.481062
0.18919
0.487552
0.481654
0.494818
0.500905
0.469858
0.482644
0.488731
0.475756
0.18756
0.394854
0.468289
0.188295
0.45968
0.504728
0.517995
0.455653
0.49354
0.507264
0.513894
0.499619
0.189721
0.189034
0.480317
0.482485
0.101699
0.119633
0.128108
0.114832
0.10262
0.111795
0.116465
0.107836
0.131553
0.135223
0.123708
0.119812
0.138891
0.110822
0.128157
0.138542
0.0521956
0.0660175
0.101455
0.0882146
0.0995217
0.127464
0.113849
0.081971
0.13
0.117183
0.115206
0.129178
0.0977294
0.0929177
0.104513
0.108004
0.0616666
0.0856935
0.141063
0.0724985
0.0943982
0.143621
0.143052
0.0945724
0.14286
0.140378
0.151309
0.152331
0.10999
0.0955505
0.149804
0.14619
0.0861633
0.145536
0.145828
0.0928583
0.155039
0.152013
0.155608
0.157804
0.143351
0.153082
0.154039
0.146452
0.0958128
0.0984475
0.144931
0.14426
0.101588
0.11489
0.128163
0.119688
0.138889
0.138542
0.128158
0.110827
0.131553
0.119812
0.123708
0.135223
0.10262
0.107836
0.116466
0.111796
0.0746098
0.0929176
0.14583
0.145542
0.0957847
0.144263
0.144935
0.0984504
0.143344
0.146452
0.154037
0.153082
0.155039
0.157802
0.155606
0.152015
0.0615272
0.0729206
0.141073
0.0856979
0.110007
0.14619
0.149809
0.0955943
0.142859
0.152329
0.151769
0.140374
0.0944053
0.0945774
0.143055
0.143624
0.0522318
0.0882147
0.101454
0.0660169
0.09773
0.108005
0.104513
0.0929184
0.13
0.129177
0.115205
0.117184
0.099497
0.0823022
0.113868
0.127462
0.00302117
0.00524154
0.00525034
0.00526287
0.00526026
0.00521633
0.00525276
0.00527078
0.00503985
0.00512713
0.00519017
0.00512819
0.00525927
0.00527669
0.00524229
0.00520296
0.00302263
0.00526356
0.00525066
0.00524197
0.00526048
0.00520388
0.00524306
0.00527766
0.00503998
0.0051283
0.00519057
0.0051276
0.00526031
0.00527094
0.00525302
0.00521641
0.00522847
0.0057518
0.00537404
0.00527288
0.00592025
0.00564063
0.00552642
0.00588091
0.0051148
0.0051521
0.00526398
0.00535262
0.00525598
0.00526424
0.0052372
0.00520181
0.00522765
0.00527194
0.00537316
0.00575081
0.00525499
0.00520118
0.0052364
0.00526289
0.00511468
0.00535253
0.00526372
0.0051517
0.00591978
0.00587979
0.00552596
0.00564049
0.190943
0.225913
0.459046
0.481406
0.232364
0.296814
0.378773
0.261721
0.376946
0.447919
0.440343
0.351859
0.462775
0.472737
0.459061
0.454561
0.032509
0.0571163
0.0914287
0.0673721
0.0786032
0.115931
0.104555
0.0718458
0.287758
0.261847
0.170505
0.197893
0.149926
0.101179
0.132287
0.214219
0.0325195
0.0673648
0.0914388
0.0571063
0.149565
0.214201
0.131938
0.10118
0.287748
0.197821
0.17051
0.26183
0.078634
0.0718465
0.104538
0.115888
0.190915
0.48141
0.459049
0.225871
0.462775
0.454561
0.459061
0.472737
0.376926
0.351873
0.440373
0.447919
0.232383
0.261697
0.37878
0.296802
0.0869991
0.178204
0.184833
0.0956943
0.220828
0.227649
0.222889
0.216376
-0.0409643
0.231609
0.231443
0.235393
0.11544
0.109242
0.195215
0.196843
0.0870339
0.095658
0.184844
0.178208
0.115446
0.196819
0.195217
0.109185
-0.0409643
0.235394
0.231437
0.231621
0.22083
0.216379
0.222892
0.22765
0.0488063
0.161624
0.103806
0.0403393
0.229153
0.138246
0.134905
0.200457
0.229987
0.231909
0.167466
0.170592
0.11534
0.0822344
0.145335
0.19381
0.0489602
0.0402782
0.103204
0.162082
0.115362
0.193808
0.145264
0.0821187
0.229987
0.170592
0.167467
0.231908
0.230127
0.200306
0.134906
0.138245
