-0.698829
0.145
-1.965
-0.605
0.225
2.04839
-0.714284
0.525
-1.835
-0.425
0.815
2.01365
0.698832
0.145
-1.965
0.605
0.225
2.04839
0.71429
0.525
-1.835
0.425
0.815
2.01365
0.0915253
0.140224
0.216412
0.189421
0.0915253
0.143736
0.216409
0.18948
-0.079666
0.000430145
0.0893375
0.119776
0.0219547
-0.0629973
-0.123198
-0.0708272
0.0217871
0.119125
0.139491
0.0166765
-0.068595
-0.123933
-0.0344724
0.0603747
0.216562
0.194635
0.0362326
-0.0474076
-0.0955404
0.138313
0.229998
0.330635
0.312781
0.197063
0.106103
0.0420271
-0.0971876
-0.0176193
0.0729392
0.120145
0.0111267
-0.0767658
-0.136408
-0.0927324
-0.0857264
-0.139773
-0.0677152
-0.0714321
-0.1146
0.121446
0.217509
0.330839
0.311906
0.185559
0.0912962
0.0283393
-0.0970739
-0.0175406
0.0733807
0.122522
0.0120437
-0.0760488
-0.13563
-0.0926654
-0.0852494
-0.139088
-0.0676605
-0.071068
-0.11401
0.121613
0.217673
0.331067
0.312264
0.186022
0.0918316
0.0289423
-0.0793616
0.000723978
0.090381
0.123118
0.0242619
-0.0612887
-0.121561
-0.0706188
0.0219211
0.119733
0.142971
0.0186509
-0.0671708
-0.122441
-0.034299
0.0604695
0.216797
0.195927
0.0375266
-0.0462728
-0.0942382
0.138689
0.230382
0.331169
0.313597
0.198092
0.107246
0.0432711
0.0242172
0.00439933
0.0545554
0.0815617
0.0443562
0.131263
0.12813
0.210658
0.0166076
0.15228
0.0242621
0.0545928
0.0815658
0.1294
0.210655
0.152298
0.102291
0.217025
0.064645
0.332025
0.125834
0.20777
0.426412
0.527954
0.10229
0.216768
0.3321
0.207793
0.185194
0.191407
0.0411834
0.278776
0.150689
0.255241
0.255173
0.0858839
0.633492
0.373844
0.374113
0.111357
0.252995
0.131431
-0.00308036
0.00405819
0.0331385
0.0424885
0.040293
0.101143
0.00504253
0.0905268
0.14091
-0.00578558
0.0136602
0.0567597
0.00406613
-0.00310868
0.0331436
0.0402633
0.0424245
0.101102
0.090406
0.00478762
0.14092
0.0135496
-0.00664
0.0567973
0.127347
0.0808806
0.179928
0.0652803
0.174827
0.111662
0.310665
0.11946
0.218468
0.247382
0.214411
0.399142
0.176877
0.329533
0.19787
0.522041
0.127352
0.0652817
0.0808806
0.17998
0.174832
0.122937
0.111662
0.311117
0.218483
0.399298
0.247218
0.214416
0.177005
0.521862
0.329965
0.197858
0.146946
0.171562
0.022456
0.183696
0.175135
0.0422448
0.296012
0.129706
0.0837701
0.0852581
0.342149
0.120183
0.227949
0.290899
0.209591
0.269434
0.106647
0.0459259
0.389309
0.250995
0.147308
0.171592
0.184756
0.0422652
0.296097
0.129678
0.341746
0.119911
0.210093
0.269593
0.389594
0.251043
0.214972
0.0855685
0.214615
0.23607
0.0831605
0.0764172
0.275
0.368464
0.0968237
0.131891
0.289687
0.62698
0.301714
0.575914
0.600443
0.399729
0.215524
0.0855669
0.218789
0.235929
0.275869
0.368642
0.289703
0.627112
0.133335
0.19965
0.238296
0.151229
0.131032
0.151173
0.239775
0.207642
0.022562
0.022565
0.0834061
0.0834014
0.202902
0.30865
0.308782
0.202676
0.146008
0.226763
0.226903
0.146508
0.19772
0.231002
0.314394
0.269854
0.197857
0.269738
0.314814
0.23141
0.0762307
0.0762299
0.0997346
0.0995535
0.547134
0.597818
0.597897
0.54714
0.339577
0.248239
0.274598
0.402687
0.339902
0.403085
0.273839
0.248197
0.136175
0.136297
0.0856506
0.0857872
0.392882
0.105206
0.105628
0.392921
0.0788043
0.0790566
0.0407463
0.0406445
-0.00121419
0.00366636
0.0235003
0.0379059
0.0336182
0.0687181
0.00304003
0.0543669
0.0865525
-0.0640877
0.0131293
0.0109925
0.00367257
-0.0012591
0.0235301
0.0336234
0.0380149
0.0687412
0.0542516
0.00280058
0.0865536
0.0132102
-0.0642902
0.0112073
0.131808
0.0960696
0.178279
0.0644626
0.170376
0.123926
0.282315
0.118265
0.215706
0.247606
0.216893
0.338827
0.183389
0.281755
0.195599
0.426069
0.131812
0.0644704
0.0960696
0.178206
0.17038
0.121867
0.123926
0.28231
0.215693
0.338786
0.24786
0.216889
0.182906
0.426113
0.282072
0.195691
0.0122699
0.0238501
0.103545
0.0218479
0.00426771
0.00427396
0.0153286
0.208596
0.0446114
0.122888
0.165546
0.0425739
0.0653805
0.034804
0.227441
0.116738
0.0445188
0.044533
0.0644852
-0.0312095
0.123906
0.166817
0.308937
0.119249
0.115782
0.116002
0.188533
0.238635
0.182214
0.217709
0.220436
0.274861
0.0164445
0.0140764
0.0485349
-0.00142448
0.113585
0.173437
0.318621
0.23433
0.0122596
0.0239208
0.101231
0.021901
0.0446766
0.122892
0.165486
0.0426058
0.0654151
0.0341603
0.227222
0.116775
0.12367
0.166817
0.305502
0.118845
0.182237
0.217712
0.220763
0.274836
0.113588
0.17329
0.318961
0.234356
0.105152
0.114231
0.220589
0.083503
0.199558
0.234474
0.22587
0.226533
0.064487
0.0644877
0.0905479
0.070799
0.325101
0.335341
0.285485
0.366699
0.12294
0.125339
0.109039
0.134759
0.211357
0.202989
0.274231
0.46223
0.41958
0.420178
0.341789
0.501381
0.531892
0.531643
0.568092
0.467537
0.105152
0.11423
0.220548
0.0835041
0.199237
0.234282
0.229837
0.226348
0.325625
0.335981
0.286546
0.367162
0.211366
0.202999
0.274359
0.462233
0.174556
0.181413
0.195019
0.199589
0.178644
0.185944
0.19606
0.204925
0.0340945
0.041742
0.0417519
0.0757658
0.257165
0.27738
0.277575
0.301445
0.151945
0.134948
0.279699
0.151959
0.234205
0.245617
0.264939
0.277383
0.234179
0.245517
0.264908
0.277295
0.086154
0.0820373
0.0932802
0.0861543
0.638487
0.627302
0.622773
0.639176
0.35312
0.359147
0.396022
0.371705
0.353369
0.359208
0.396224
0.371732
0.102215
0.11577
0.115634
0.125357
0.173153
0.254176
0.254173
0.328847
0.133552
0.0741359
0.0976674
0.133558
0.0871411
0.082632
0.0152057
0.150064
0.125814
0.0232643
0.174619
0.0787273
0.0650527
0.0868803
0.215974
0.090525
0.100531
0.139815
0.155962
0.198506
0.150192
0.248763
0.200023
0.0236153
0.0624192
-0.00806669
0.201633
0.106112
0.0152101
0.15028
0.0862466
0.0819087
0.125548
0.0232669
0.0649807
0.086619
0.174821
0.0787296
0.215956
0.0903841
0.156908
0.199082
0.100244
0.13979
0.150227
0.248796
0.0624781
-0.00822128
0.198302
0.022685
0.201958
0.106307
0.194159
0.0913761
0.198586
0.0728387
0.208991
0.188842
0.0898152
0.0714821
0.312804
0.137542
0.242542
0.0943579
0.25039
0.33357
0.108195
0.136056
0.240909
0.288442
0.239438
0.258822
0.262191
0.461328
0.316911
0.476687
0.349168
0.365714
0.314864
0.376979
0.27872
0.450578
0.564337
0.461237
0.194281
0.0914133
0.0898189
0.0714838
0.198575
0.0728439
0.212926
0.188917
0.329372
0.137604
0.108467
0.136465
0.242507
0.0944484
0.251604
0.333257
0.241059
0.288446
0.319404
0.476628
0.239311
0.258688
0.262234
0.461816
0.349605
0.365826
0.564384
0.461226
0.315648
0.377228
0.278954
0.450583
0.136177
0.151153
0.147566
0.215262
0.0225366
0.0225383
0.169352
0.170565
0.157129
0.187657
0.0346647
0.0763065
0.276269
0.28535
0.0749702
0.0938523
0.0847104
0.0847786
0.0818049
0.0830764
0.342133
0.322718
0.131912
0.107416
0.221017
0.221088
0.273683
0.27384
0.224142
0.183489
0.240236
0.288982
0.107388
0.107358
0.0452877
0.0451704
0.343984
0.412193
0.324936
0.169343
0.135967
0.151655
0.215372
0.147618
0.16541
0.197832
0.0346703
0.0763122
0.285478
0.276191
0.0753326
0.093829
0.342223
0.322549
0.131837
0.107211
0.183587
0.22513
0.289071
0.240227
0.412631
0.344148
0.169351
0.32496
0.206402
0.222256
0.0823584
0.091225
0.210595
0.2225
0.2169
0.256011
0.083333
0.0833308
0.0753601
0.0753613
0.251851
0.297993
0.355066
0.389114
0.0976808
0.0975861
0.134033
0.134094
0.299004
0.279953
0.609734
0.619954
0.30111
0.301242
0.571402
0.571825
0.607204
0.606851
0.399505
0.399506
0.20677
0.223429
0.0823574
0.0913142
0.226672
0.213338
0.216618
0.255871
0.298602
0.252659
0.355431
0.389419
0.279893
0.299115
0.61992
0.609712
0.0883314
0.151186
0.167898
0.0962425
0.206974
0.220296
0.196081
0.179937
0.243615
0.234835
0.208228
0.233975
0.10066
0.10017
0.176965
0.198047
0.0873746
0.0936068
0.172515
0.151097
0.10069
0.198072
0.177959
0.111536
0.243365
0.237604
0.211083
0.235485
0.208701
0.179956
0.199699
0.224009
0.0151115
0.015298
0.0344097
0.0351869
0.0151149
0.0351957
0.0344122
0.0152995
0.0807653
0.09023
0.0760913
0.0804048
0.0807706
0.0804409
0.076089
0.0902282
0.173463
0.264551
0.253451
0.177877
0.2886
0.335197
0.298722
0.274992
0.29175
0.275006
0.298719
0.335332
0.173349
0.17804
0.253476
0.264497
-0.079872
0.0090638
0.136423
0.191853
0.139022
0.235014
0.261707
0.141617
0.138951
0.141901
0.261941
0.235862
-0.0798405
0.191891
0.136386
0.00901647
0.188784
0.209987
0.225404
0.208229
0.256107
0.267071
0.243079
0.231399
0.279059
0.277092
0.287726
0.30671
0.255257
0.245292
0.266669
0.269017
0.188713
0.207928
0.225345
0.210013
0.255278
0.269082
0.266553
0.245054
0.279337
0.306055
0.287669
0.277289
0.256234
0.231356
0.243118
0.26795
0.0684316
0.0699229
0.0807565
0.0776658
0.0684397
0.077668
0.0807565
0.0699243
0.108148
0.108171
0.0919156
0.0889751
0.107828
0.0889291
0.091869
0.10795
0.4083
0.457724
0.628096
0.496335
0.440419
0.57366
0.629279
0.457428
0.440405
0.45743
0.629371
0.573145
0.408308
0.496815
0.628351
0.457793
0.360647
0.310831
0.357428
0.354292
0.139584
0.180731
0.342103
0.297422
0.0713465
0.277442
0.35286
0.211233
0.29875
0.382453
0.393197
0.358919
0.363329
0.354773
0.357641
0.319848
0.299132
0.359225
0.393451
0.382694
0.0716361
0.209523
0.353197
0.277402
0.139642
0.294892
0.34211
0.18072
0.126303
0.135407
0.128634
0.130917
0.126273
0.130744
0.128597
0.135612
0.0639546
0.0647331
0.104713
0.108688
0.063994
0.108896
0.104815
0.0647688
0.400734
0.302192
0.329727
0.469994
0.064017
0.053601
0.173715
0.157296
0.0639871
0.157258
0.173715
0.0535979
0.400634
0.469986
0.329725
0.30221
0.0715849
0.0985447
0.0742645
0.103054
0.0715758
0.103002
0.0749961
0.0988846
-0.0240985
-0.0050167
0.0983678
0.0788313
-0.0241258
0.0788649
0.0983919
-0.00499262
0.00388265
0.00267249
0.0186348
0.00345127
0.0258806
0.0409366
0.00135909
0.0255182
0.0510403
-0.034241
0.0129808
0.0109815
0.00304152
0.00376735
0.0186713
0.0258404
0.0032695
0.0408986
0.0253182
0.00167857
0.0510805
0.01304
-0.0348027
0.0109648
0.0893565
0.0858803
0.173637
0.0998026
0.161951
0.133505
0.21545
0.127208
0.216168
0.236906
0.217133
0.288383
0.186333
0.233241
0.192748
0.317015
0.0893566
0.0995771
0.0858805
0.169158
0.167628
0.128541
0.133505
0.228186
0.21614
0.288376
0.236889
0.217141
0.186315
0.31703
0.233404
0.192779
0.0187776
0.0261093
0.0754505
1.20558e-05
0.00435606
0.00435817
0.0117387
0.20668
0.0494615
0.110102
0.163779
0.053571
0.0755244
0.069556
0.185648
0.103128
0.0443663
0.0443562
0.0545464
0.0352268
0.12932
0.13183
0.282829
0.123288
0.122916
0.123089
0.160861
0.189452
0.199665
0.215722
0.225144
0.27338
0.0166464
0.0142199
0.0244829
0.0324908
0.136282
0.165575
0.188807
0.227152
0.018909
0.0260466
0.0728915
4.43171e-05
0.0494788
0.110103
0.163609
0.0536334
0.0754906
0.0695653
0.185412
0.10304
0.129136
0.12812
0.283249
0.122798
0.199681
0.215805
0.225206
0.273382
0.136311
0.165581
0.188843
0.227075
0.0999446
0.111962
0.207581
0.108658
0.208311
0.225956
0.211859
0.221793
0.0648379
0.064838
0.0623999
0.0679897
0.330943
0.334516
0.298715
0.357786
0.123361
0.125586
0.118908
0.136077
0.209811
0.205407
0.245717
0.333524
0.424931
0.424752
0.383935
0.464093
0.531087
0.530854
0.54948
0.501457
0.0999445
0.111962
0.20392
0.102
0.208179
0.225769
0.211631
0.221558
0.331409
0.334402
0.299926
0.358351
0.209801
0.20541
0.245787
0.3335
0.179336
0.186699
0.188768
0.192169
0.185171
0.187521
0.191242
0.198237
0.0376366
0.0414779
0.0414818
0.0675742
0.269225
0.277948
0.278611
0.290845
0.152183
0.14275
0.268842
0.152184
0.245236
0.250389
0.260097
0.267063
0.245164
0.250308
0.260041
0.267061
0.0869055
0.0848474
0.0904693
0.0869064
0.637088
0.633447
0.629295
0.637264
0.376389
0.365887
0.384934
0.373425
0.376625
0.366052
0.38517
0.373476
0.107516
0.113563
0.113495
0.112778
0.213251
0.25372
0.253719
0.290928
0.132633
0.113278
0.120727
0.132615
-0.00815143
0.00476734
0.0538556
0.0540609
0.00388187
0.00415763
0.0115016
0.15268
0.0283619
0.0378586
0.123263
0.0320992
0.0325721
0.0542528
0.111228
0.0665684
0.038029
0.0435187
0.0544652
0.0769059
0.0874493
0.112969
0.193552
0.0975667
0.00380252
0.00807472
0.0578397
0.0872172
0.0742058
0.104718
0.127431
0.146115
0.117929
0.161428
0.147428
0.242339
-0.0380494
0.0184979
0.134342
0.0106874
0.0133551
0.0139407
0.0384941
0.0231126
0.0244265
0.0894407
0.110033
0.0883412
0.00388925
0.00416454
0.0115054
0.152628
-0.00813383
0.00486096
0.0554274
0.0526443
0.0283677
0.0379056
0.122789
0.0321188
0.0381176
0.0435285
0.0539693
0.0768848
0.0325896
0.0541368
0.111199
0.0665639
0.0873004
0.107672
0.193526
0.0975891
0.0731957
0.104707
0.127502
0.146214
0.00409102
0.00777215
0.0575539
0.0872255
0.117917
0.161422
0.147632
0.242382
0.013298
0.0138399
0.0375643
0.022725
-0.0400262
0.0172914
0.13175
0.0111768
0.0241419
0.0895339
0.109958
0.0882585
0.129577
0.125118
0.180578
0.125014
0.0983396
0.102883
0.193675
0.102777
0.187257
0.190316
0.180403
0.184385
0.0653686
0.0641326
0.0614478
0.0687641
0.1726
0.177053
0.323387
0.145349
0.121077
0.116502
0.228522
0.110921
0.301764
0.319077
0.272952
0.328115
0.121067
0.122519
0.116594
0.13588
0.216793
0.21917
0.235717
0.279907
0.249442
0.241785
0.239867
0.253119
0.215837
0.212873
0.24446
0.314488
0.375817
0.412236
0.357826
0.437884
0.177226
0.17029
0.244766
0.337659
0.316023
0.337884
0.322323
0.347996
0.196503
0.200373
0.24171
0.331893
0.504853
0.529775
0.54493
0.49473
0.129581
0.125123
0.186124
0.125892
0.0653704
0.0641335
0.0614502
0.0687651
0.0983395
0.102882
0.188218
0.107935
0.187259
0.190352
0.180858
0.184448
0.172605
0.177059
0.325556
0.144816
0.123121
0.125091
0.116909
0.136433
0.121077
0.116502
0.221845
0.114386
0.302426
0.319531
0.273462
0.328677
0.216795
0.219113
0.235731
0.279931
0.375087
0.412379
0.358087
0.437903
0.24936
0.241595
0.239716
0.252967
0.215873
0.212879
0.244487
0.3145
0.179631
0.172895
0.244968
0.33757
0.50578
0.529672
0.5449
0.494661
0.316387
0.337432
0.322715
0.348078
0.196588
0.200407
0.241853
0.331912
0.125968
0.162741
0.141342
0.149195
0.139895
0.15387
0.156561
0.191942
0.0188962
0.026014
0.0225112
0.0225111
0.209216
0.127024
0.179009
0.178952
0.167077
0.179242
0.168238
0.181541
0.0424523
0.0419933
0.0384573
0.0682993
0.26422
0.326319
0.287504
0.296068
0.124751
0.13177
0.123901
0.118064
0.0741286
0.0934078
0.0842403
0.0842744
0.0913823
0.0796986
0.0837172
0.0842365
0.326166
0.352391
0.342832
0.337808
0.12239
0.117977
0.120469
0.11453
0.209168
0.243621
0.224949
0.224738
0.277089
0.287677
0.285443
0.28552
0.215209
0.199278
0.2169
0.198942
0.263653
0.273567
0.256498
0.278985
0.0829547
0.151252
0.106961
0.106897
0.0171723
0.0738602
0.0457993
0.04547
0.374111
0.398597
0.367216
0.40681
0.243208
0.252609
0.287965
0.210337
0.124445
0.165864
0.141298
0.153879
0.139835
0.153836
0.191762
0.158303
0.167218
0.187077
0.177347
0.191863
0.0424778
0.0420083
0.0384633
0.0683069
0.264408
0.326544
0.296181
0.287498
0.12474
0.131924
0.120749
0.118019
0.325923
0.352348
0.342749
0.337681
0.122049
0.117772
0.120295
0.114292
0.21568
0.200625
0.199218
0.217638
0.263755
0.274201
0.279379
0.2565
0.374366
0.398863
0.407002
0.367412
0.243204
0.252623
0.210364
0.288011
0.232525
0.224362
0.210849
0.218389
0.0867373
0.0854037
0.0829562
0.0907366
0.221999
0.207074
0.214232
0.219887
0.231301
0.240849
0.226663
0.246396
0.0868568
0.0794634
0.0832736
0.0832742
0.073608
0.0792275
0.0758901
0.0758905
0.279337
0.269625
0.263522
0.287433
0.367623
0.369864
0.362175
0.379837
0.0995726
0.0960924
0.0982892
0.0982419
0.133326
0.130456
0.132962
0.132992
0.287861
0.285514
0.294472
0.284886
0.589018
0.637046
0.622323
0.625824
0.300282
0.311844
0.30269
0.302388
0.538583
0.611539
0.57588
0.576053
0.585906
0.61258
0.604859
0.604841
0.433717
0.365681
0.399719
0.399719
0.23261
0.224239
0.211239
0.21947
0.0867373
0.085404
0.0829547
0.0907813
0.225734
0.211826
0.222247
0.218942
0.231139
0.24069
0.226582
0.246329
0.280267
0.270446
0.288255
0.26441
0.368054
0.369959
0.362559
0.380191
0.28804
0.285417
0.284849
0.294527
0.588958
0.637292
0.625797
0.622363
0.111056
0.12824
0.130857
0.149188
0.195157
0.206056
0.193475
0.205054
0.243726
0.240146
0.231303
0.232545
0.129185
0.151315
0.151608
0.168217
0.110781
0.128216
0.130615
0.155772
0.131123
0.151256
0.152296
0.168473
0.245097
0.240742
0.232543
0.234279
0.196344
0.211985
0.203206
0.210009
0.018887
0.0229581
0.0225476
0.0263693
0.0188904
0.0229607
0.0225499
0.0263735
0.087311
0.0866151
0.0798594
0.0833688
0.0873063
0.0866108
0.079854
0.0833654
0.182068
0.193523
0.212008
0.223611
0.298917
0.29234
0.298838
0.313415
0.298936
0.306048
0.299203
0.313405
0.181931
0.193498
0.212473
0.223612
0.102769
0.159103
0.141822
0.178664
0.192449
0.224343
0.222391
0.254104
0.224271
0.193059
0.254433
0.2224
0.159057
0.109597
0.176321
0.141874
0.209263
0.193298
0.201954
0.20765
0.255327
0.238447
0.225846
0.241505
0.320156
0.301087
0.309391
0.303217
0.264418
0.269257
0.264025
0.274991
0.209322
0.193388
0.2023
0.207692
0.264298
0.269315
0.263887
0.274893
0.320564
0.301271
0.309213
0.303361
0.255546
0.239601
0.227132
0.241463
0.0752151
0.0742006
0.0777362
0.074829
0.074202
0.0752147
0.0748289
0.0777347
0.0999574
0.0956787
0.0949634
0.0941898
0.0955429
0.0997313
0.0940551
0.0948253
0.519043
0.512291
0.582012
0.563223
0.564628
0.583088
0.610438
0.60668
0.583111
0.564649
0.606714
0.610483
0.512341
0.519044
0.564117
0.58182
0.324315
0.340392
0.340845
0.341522
0.211327
0.240888
0.26327
0.284927
0.240846
0.258286
0.27999
0.305296
0.393892
0.393866
0.406287
0.398388
0.324689
0.340797
0.341052
0.341782
0.394256
0.394299
0.406573
0.398644
0.239036
0.258346
0.278957
0.305442
0.211271
0.240595
0.263257
0.284864
0.140108
0.136116
0.135876
0.135104
0.1402
0.136382
0.135899
0.135195
0.0753165
0.0887863
0.0851805
0.0969578
0.0754208
0.0888919
0.0852828
0.0971283
0.380808
0.426458
0.36082
0.396218
0.0777188
0.105187
0.10668
0.150645
0.0782082
0.104986
0.107037
0.150463
0.380814
0.426538
0.360809
0.396254
0.0863368
0.0886781
0.0768877
0.079947
0.088416
0.0863397
0.0811915
0.0771952
0.0123309
0.0321622
0.0436248
0.0671177
0.0327125
0.0126951
0.0672463
0.0435086
0.0547632
0.0541898
0.0112466
0.0480724
0.0914689
0.0222664
0.0692995
0.0624985
0.0518563
0.0563915
0.116601
0.0672257
0.0598833
0.0860506
0.100182
0.104969
0.0934869
0.163638
-0.00465065
-0.0409056
0.0227369
0.00992932
0.0119041
0.0217651
0.0112493
0.0480808
0.0546946
0.0542363
0.0904696
0.0226789
0.0518207
0.0563891
0.069166
0.0624725
0.116611
0.0671902
0.100181
0.104883
0.0599904
0.0848507
0.0934727
0.163618
0.0237774
0.0103247
-0.00449821
-0.040951
0.0112522
0.0217965
0.202942
0.131127
0.181832
0.102203
0.175665
0.183357
0.0586315
0.0666573
0.273272
0.130653
0.242074
0.119051
0.264842
0.341396
0.114996
0.129375
0.234071
0.279694
0.2426
0.251907
0.242131
0.317223
0.30174
0.373452
0.236211
0.29506
0.281274
0.290091
0.236965
0.325942
0.434245
0.412984
0.192608
0.132589
0.0586367
0.0666646
0.177576
0.101996
0.17579
0.183296
0.27302
0.13065
0.116106
0.129038
0.237493
0.120515
0.264997
0.344114
0.234066
0.279615
0.301726
0.373474
0.242546
0.251918
0.242113
0.317261
0.236383
0.29505
0.434232
0.412922
0.281618
0.290481
0.237106
0.32591
0.0684374
-0.0182419
0.0665269
0.101341
0.101381
0.118849
0.015225
0.0558001
0.0116566
0.1895
0.0116578
0.189386
0.0153298
0.0153297
0.203795
0.203948
0.151291
0.0439223
0.167507
0.118473
0.160552
0.17271
0.0388856
0.0705616
0.147907
0.0888209
0.157753
0.055162
0.21241
0.223072
0.11174
0.10312
0.0549121
0.0882413
0.0548956
0.0882286
0.0646091
0.064627
0.00291241
-0.00614042
0.269983
0.114169
0.30602
0.138409
0.310131
0.308645
0.121274
0.116943
0.149939
0.181177
0.150005
0.180309
0.183939
0.184051
0.240586
0.242405
0.194451
0.26196
0.236304
0.27976
0.227698
0.209326
0.269823
0.272235
0.0426488
0.0291866
0.0419835
0.0282267
0.0764821
0.0762694
-0.00331482
-0.0033662
0.155231
0.153793
0.227056
0.288008
0.298711
0.346221
0.268312
0.195822
0.0657852
-0.0182834
0.0665342
0.101364
0.0989278
0.104774
0.0564187
0.0152475
0.151156
0.0442042
0.174217
0.11848
0.160436
0.172695
0.0388969
0.0705623
0.147907
0.0887423
0.157268
0.0542366
0.223213
0.212344
0.111686
0.103133
0.272393
0.114021
0.325349
0.138125
0.315198
0.303853
0.12099
0.116628
0.194421
0.261957
0.236279
0.279759
0.209504
0.228199
0.272215
0.269805
0.155353
0.154637
0.227298
0.288041
0.346287
0.299066
0.195907
0.268329
0.199011
0.105657
0.215874
0.110167
0.215317
0.226341
0.082337
0.0881951
0.197721
0.203893
0.227324
0.239911
0.223512
0.230694
0.217407
0.23613
0.0619373
0.067205
0.0619387
0.0672055
0.0904141
0.0904148
0.0703636
0.070364
0.291345
0.345031
0.316512
0.362629
0.277517
0.296782
0.3604
0.376719
0.117491
0.135979
0.118229
0.136255
0.108604
0.108494
0.135083
0.135185
0.245492
0.325168
0.244598
0.335314
0.276135
0.272023
0.460867
0.459741
0.377023
0.458474
0.377501
0.45866
0.339922
0.339853
0.500914
0.501202
0.554123
0.503932
0.554029
0.504155
0.571916
0.571952
0.4693
0.46928
0.195217
0.108852
0.212369
0.117081
0.215239
0.226305
0.08234
0.0882207
0.197389
0.203583
0.227138
0.239736
0.234262
0.228334
0.217331
0.23597
0.292189
0.345566
0.315805
0.363064
0.297633
0.278531
0.360877
0.377139
0.245547
0.325162
0.244712
0.335282
0.27214
0.276288
0.45973
0.460887
0.172877
0.172866
0.174631
0.188642
0.20186
0.186525
0.200808
0.204415
0.172397
0.1758
0.179444
0.192826
0.187158
0.203592
0.206823
0.20443
0.0342682
0.0342683
0.0380761
0.067984
0.0380787
0.0679872
0.0759568
0.0759573
0.255397
0.255511
0.267141
0.288095
0.28822
0.267256
0.300607
0.300601
0.143749
0.251497
0.136159
0.136089
0.273775
0.273853
0.251208
0.14377
0.229757
0.238643
0.235887
0.25676
0.25452
0.27723
0.282518
0.272027
0.229713
0.238649
0.235809
0.256673
0.277264
0.254512
0.271909
0.282441
0.0834547
0.0890114
0.0813972
0.0813978
0.0925968
0.0925726
0.0834549
0.0890348
0.636962
0.635461
0.629397
0.629547
0.627066
0.627153
0.6355
0.63717
0.348046
0.355856
0.35838
0.360411
0.380555
0.394779
0.364409
0.382961
0.356063
0.348136
0.358517
0.360464
0.395007
0.380814
0.364683
0.383256
0.103464
0.103515
0.116623
0.111023
0.116536
0.110904
0.126995
0.126977
0.173505
0.173504
0.291975
0.214067
0.214066
0.291973
0.329648
0.329647
0.11923
0.122229
0.0738283
0.0745856
0.0980531
0.0981314
0.119178
0.122224
0.084325
0.145067
0.0871531
0.0057841
0.0151914
0.0152499
-0.114127
0.175354
0.108297
0.14011
0.0191891
0.026977
0.165713
0.162473
0.0717985
0.0910514
0.0654538
0.0649111
0.0776358
0.0932747
0.175754
0.256758
0.0772612
0.101635
0.101278
0.0997554
0.140292
0.135928
0.149655
0.168121
0.17468
0.223343
0.124721
0.175075
0.228435
0.257016
0.158331
0.207046
-0.00402452
0.051515
0.0634823
0.0518991
-0.0168394
-0.00596877
0.140316
0.245601
0.0666379
0.141701
0.0151951
0.015252
-0.114121
0.175439
0.0833574
0.125713
0.0870981
0.00596341
0.107905
0.140126
0.0191922
0.0269831
0.06536
0.064857
0.0776419
0.0933115
0.165658
0.162272
0.0716584
0.0910515
0.175733
0.256696
0.0772047
0.101471
0.149666
0.168219
0.173298
0.223349
0.101333
0.0995699
0.1402
0.135874
0.124709
0.175112
0.228485
0.256983
0.0550197
0.0518844
-0.0169239
-0.00604879
0.156964
0.204839
-0.00402432
0.0515014
0.140427
0.246069
0.0668059
0.141544
0.205125
0.187167
0.091078
0.0859376
0.193489
0.204306
0.0710486
0.0762759
0.209768
0.214724
0.198286
0.199309
0.0902312
0.090021
0.0702911
0.0695195
0.32996
0.311987
0.134157
0.135498
0.24812
0.237139
0.0975882
0.0938503
0.271117
0.256901
0.336721
0.343181
0.107244
0.107338
0.135772
0.135732
0.242061
0.241846
0.294903
0.28156
0.2434
0.23393
0.259374
0.253123
0.258861
0.265649
0.442565
0.453623
0.295994
0.328736
0.452655
0.488963
0.323578
0.356253
0.411509
0.335423
0.307278
0.313463
0.352128
0.3831
0.279054
0.277911
0.445678
0.45447
0.540115
0.572636
0.454826
0.467177
0.205448
0.187211
0.0911003
0.0859705
0.0902327
0.0900236
0.070292
0.06952
0.193448
0.204303
0.0710536
0.0762793
0.210349
0.218679
0.198331
0.199427
0.345884
0.32846
0.134152
0.135442
0.107539
0.107586
0.135943
0.136038
0.248085
0.237107
0.0977931
0.0939205
0.271518
0.258268
0.351354
0.34366
0.241924
0.242611
0.295177
0.281537
0.300013
0.329909
0.452356
0.489411
0.243178
0.2338
0.259355
0.252959
0.258897
0.265713
0.44246
0.454578
0.324177
0.356681
0.411803
0.335417
0.540658
0.572611
0.454828
0.467147
0.30758
0.314138
0.353089
0.383452
0.279314
0.278127
0.445684
0.454486
0.156897
0.132206
0.129068
0.163119
0.111584
0.136342
0.243058
0.177098
0.0189205
0.0262183
0.0262206
0.0189219
0.128254
0.194477
0.194473
0.128295
0.151763
0.163238
0.192141
0.181242
0.034536
0.0349586
0.0783144
0.0761969
0.242318
0.308911
0.318026
0.251318
0.0747401
0.11066
0.0869087
0.0963831
0.0747225
0.0951826
0.0952681
0.0747745
0.0949587
0.0775438
0.0791502
0.0951682
0.325063
0.346959
0.332648
0.312013
0.130273
0.134982
0.110017
0.106116
0.238693
0.20056
0.200649
0.238703
0.26599
0.269049
0.269338
0.266071
0.229722
0.216065
0.180351
0.19308
0.232973
0.247039
0.294894
0.282618
0.0827188
0.154809
0.154818
0.0831738
0.0164592
0.0727144
0.0728272
0.0200586
0.325834
0.345461
0.403426
0.398305
0.313657
0.327258
0.171699
0.164231
0.119025
0.16142
0.16481
0.128993
0.178032
0.243106
0.136229
0.111316
0.172139
0.15133
0.182117
0.198401
0.034965
0.0345396
0.0762009
0.078321
0.249833
0.318275
0.308871
0.242353
0.110644
0.0754292
0.0963541
0.0868244
0.346851
0.325058
0.311248
0.333034
0.134858
0.130217
0.105962
0.109793
0.193101
0.179838
0.218051
0.230646
0.282632
0.295083
0.247153
0.232936
0.398606
0.403639
0.345716
0.326011
0.164176
0.171991
0.327297
0.313652
0.220842
0.215733
0.232456
0.244122
0.0801927
0.0809757
0.0925127
0.0910972
0.217447
0.203416
0.215365
0.228407
0.221137
0.212565
0.250635
0.261328
0.0867841
0.0797123
0.0797101
0.086782
0.0726414
0.0780586
0.0780585
0.0726427
0.258294
0.246812
0.292558
0.30235
0.356213
0.35501
0.388019
0.391083
0.0985204
0.0947995
0.0947279
0.0983635
0.134721
0.133166
0.133178
0.134854
0.29502
0.295759
0.274853
0.279493
0.572613
0.624028
0.629218
0.580858
0.293025
0.308815
0.308801
0.313033
0.606388
0.533451
0.53461
0.606392
0.591917
0.61945
0.6191
0.59164
0.366231
0.43435
0.434348
0.366224
0.215826
0.220948
0.244279
0.232523
0.0809751
0.0801927
0.0911667
0.0925812
0.231008
0.218862
0.206543
0.219362
0.212273
0.220961
0.261201
0.250481
0.302994
0.293139
0.247558
0.259158
0.355433
0.356502
0.391363
0.388357
0.279597
0.274743
0.295685
0.295233
0.580692
0.629193
0.62406
0.57278
0.0616559
0.108853
0.10783
0.0489187
0.160182
0.161375
0.141461
0.138523
0.180162
0.159609
0.154509
0.173074
0.0727402
0.0636096
0.110893
0.127904
0.171841
0.185404
0.204695
0.189498
0.204535
0.22071
0.211527
0.190172
0.193869
0.185671
0.198608
0.207507
0.161172
0.173274
0.188198
0.174077
0.234696
0.234594
0.242201
0.243769
0.232295
0.222513
0.236828
0.236875
0.196563
0.212247
0.224951
0.207177
0.219282
0.234001
0.237827
0.226648
0.0591644
0.0596117
0.127498
0.12151
0.108053
0.130366
0.130062
0.0592148
0.18084
0.189831
0.166674
0.160725
0.214106
0.171025
0.174975
0.204095
0.0616695
0.0502776
0.107491
0.108552
0.0701294
0.141376
0.110491
0.061308
0.179719
0.18162
0.163908
0.16171
0.159953
0.138556
0.141466
0.160919
0.0591801
0.121508
0.12752
0.0597169
0.214034
0.204303
0.17499
0.171022
0.183463
0.165591
0.167332
0.190088
0.0933784
0.0598221
0.129548
0.130176
0.234645
0.243602
0.241985
0.234588
0.219008
0.22918
0.239245
0.233821
0.199016
0.209383
0.226507
0.214593
0.232387
0.236883
0.237974
0.223211
0.169006
0.195008
0.205365
0.185344
0.165665
0.17481
0.18925
0.18014
0.196296
0.211365
0.204211
0.192691
0.204369
0.190161
0.215381
0.224623
0.0177455
0.0114033
0.0190775
0.0271843
0.0117138
0.0189237
0.018902
0.0115763
0.0378719
0.0382656
0.0262925
0.0261306
0.0487038
0.036596
0.0267229
0.0387091
0.0171977
0.0274571
0.0190807
0.0114062
0.0489019
0.0387163
0.0267274
0.0369587
0.0378722
0.0261308
0.0262955
0.0382696
0.0117135
0.0115785
0.0189038
0.0189235
0.0919439
0.0615022
0.088784
0.126646
0.062176
0.0868464
0.0866988
0.061694
0.0678051
0.0681484
0.0797851
0.0796154
0.100371
0.122251
0.0828075
0.0693809
0.102484
0.12515
0.0887795
0.0615006
0.100364
0.0693716
0.0828016
0.121454
0.0678056
0.079616
0.0797814
0.0681428
0.0621757
0.0616923
0.0866957
0.086847
0.0955277
0.217298
0.177782
0.114421
0.267929
0.249049
0.214999
0.252057
0.268193
0.241262
0.231376
0.262473
0.156134
0.139678
0.191913
0.205559
0.269502
0.3357
0.299032
0.277771
0.382193
0.297905
0.288693
0.370266
0.289643
0.284383
0.305671
0.311466
0.277692
0.280588
0.28997
0.273176
0.269009
0.278021
0.304114
0.335516
0.277658
0.273429
0.289948
0.280569
0.289707
0.311481
0.305776
0.284688
0.382016
0.370321
0.289439
0.29792
0.0953552
0.114436
0.177744
0.217274
0.156147
0.205145
0.192312
0.139733
0.268433
0.262576
0.231437
0.241365
0.267926
0.252048
0.214922
0.249007
0.0570467
0.0491067
0.121432
-0.0813633
-0.010733
0.128141
0.0920994
-0.0170269
0.144126
0.128116
0.142127
0.145609
0.201644
0.173425
0.179717
0.204286
0.0777354
0.127419
0.191669
0.0869141
0.193265
0.275146
0.24986
0.162393
0.263208
0.23077
0.250111
0.281527
0.0273992
0.0846084
0.187847
0.157562
0.0778403
0.0870105
0.191803
0.129308
0.0274486
0.157526
0.187219
0.0843014
0.263251
0.281458
0.250324
0.230751
0.193206
0.161512
0.249864
0.275149
0.057085
-0.0639829
0.121366
0.0490691
0.201516
0.204153
0.179701
0.173348
0.144127
0.145546
0.141119
0.128119
-0.010725
-0.012338
0.0919217
0.126475
0.177736
0.188008
0.203774
0.192798
0.20325
0.226698
0.215012
0.197189
0.240501
0.231273
0.211705
0.220036
0.212859
0.194902
0.203598
0.222056
0.252552
0.281453
0.262543
0.232899
0.296167
0.268475
0.24793
0.285995
0.249878
0.228453
0.23657
0.259085
0.211725
0.223585
0.249524
0.238323
0.23595
0.239406
0.304178
0.311752
0.245464
0.291459
0.298245
0.243141
0.272139
0.282051
0.300608
0.290636
0.309421
0.322344
0.310398
0.291897
0.239723
0.254566
0.26433
0.243487
0.231066
0.241201
0.258571
0.247473
0.261935
0.280232
0.269439
0.251585
0.245669
0.245257
0.274126
0.284344
0.173368
0.192837
0.203826
0.183223
0.212754
0.221946
0.203623
0.194982
0.240447
0.219889
0.211759
0.231171
0.199553
0.19166
0.21511
0.226773
0.239721
0.243512
0.264359
0.254506
0.245719
0.284472
0.27464
0.245297
0.261871
0.25153
0.269314
0.280125
0.23091
0.247293
0.258425
0.241109
0.236126
0.312092
0.304451
0.239549
0.308861
0.292681
0.311006
0.323016
0.272149
0.290551
0.301147
0.282118
0.245571
0.243264
0.298461
0.291629
0.251103
0.22594
0.262878
0.281953
0.208143
0.238442
0.249708
0.217145
0.249838
0.259106
0.237495
0.228384
0.297051
0.286713
0.248976
0.270289
0.101021
0.0678286
0.072753
0.0920752
0.0676
0.0731267
0.0721736
0.0668256
0.0841508
0.0827976
0.0775111
0.0786439
0.108533
0.105447
0.078096
0.0838558
0.100498
0.0929365
0.0727532
0.0678302
0.100964
0.0838555
0.0780949
0.111385
0.0841515
0.0786444
0.077511
0.0827978
0.0676005
0.0668262
0.072175
0.0731271
0.125075
0.116205
0.0988023
0.116405
0.118568
0.0990461
0.0979191
0.117815
0.0897515
0.0882852
0.0920902
0.0954433
0.1181
0.117197
0.0928685
0.0896592
0.124694
0.113769
0.0985875
0.115831
0.109857
0.0896246
0.0927668
0.111515
0.0897389
0.0954075
0.0919865
0.0882503
0.117974
0.116973
0.0977253
0.0989676
0.314111
0.316525
0.488051
0.414286
0.33002
0.584784
0.549935
0.320011
0.636654
0.611849
0.598271
0.634383
0.46321
0.451069
0.525845
0.538245
0.321421
0.524906
0.554078
0.329215
0.553079
0.589991
0.59137
0.552764
0.633242
0.634953
0.619293
0.617003
0.334467
0.334161
0.573934
0.585434
0.321458
0.329192
0.554379
0.525209
0.334463
0.585293
0.573913
0.334154
0.63334
0.616985
0.619337
0.634882
0.553019
0.552666
0.591345
0.59001
0.31363
0.413809
0.487899
0.316537
0.463118
0.538584
0.526754
0.451283
0.6368
0.634502
0.599169
0.611751
0.330014
0.32003
0.549929
0.584839
0.270882
0.329973
0.327153
0.324648
0.304301
0.325533
0.324968
0.314329
0.365255
0.363251
0.344022
0.34998
0.350655
0.337989
0.342256
0.361667
0.076339
0.10945
0.205245
0.154203
0.170142
0.25496
0.22756
0.129516
0.367875
0.352929
0.297116
0.318579
0.286049
0.232514
0.276403
0.326918
-0.00477467
0.0667391
0.215053
0.0826059
0.176032
0.350725
0.297084
0.140078
0.381224
0.325697
0.312418
0.374398
0.180253
0.153458
0.24726
0.261462
0.235312
0.334589
0.377265
0.237894
0.363679
0.378804
0.396307
0.357688
0.384103
0.405448
0.400828
0.381334
0.214972
0.239299
0.399186
0.390554
0.270411
0.334605
0.33189
0.332546
0.351177
0.362097
0.342666
0.338535
0.365475
0.349945
0.343895
0.36358
0.323479
0.325163
0.325074
0.325409
0.235538
0.238198
0.377701
0.335176
0.215173
0.390653
0.39951
0.239559
0.384369
0.381658
0.401062
0.405639
0.364268
0.357998
0.397077
0.379193
-0.00483858
0.0801058
0.215236
0.0667947
0.180355
0.261584
0.245749
0.151251
0.38148
0.37463
0.312628
0.325972
0.17615
0.139966
0.29726
0.350862
0.0763669
0.154189
0.205122
0.109291
0.286124
0.326721
0.276388
0.232459
0.36802
0.318676
0.297104
0.352891
0.170259
0.129509
0.227526
0.255023
0.132339
0.13558
0.137941
0.143018
0.136028
0.134023
0.135419
0.135929
0.114701
0.118546
0.134521
0.131811
0.126853
0.143184
0.139377
0.123107
0.150243
0.139564
0.138073
0.136058
0.126559
0.122874
0.139362
0.144491
0.114657
0.131817
0.134539
0.118415
0.136166
0.136344
0.135618
0.13409
0.0503806
0.0540157
0.0771241
0.0822257
0.0546318
0.0744256
0.0750195
0.0540648
0.10921
0.112598
0.0960703
0.0942951
0.121353
0.107232
0.0998443
0.116652
0.0504205
0.0822838
0.0772044
0.0540527
0.121675
0.116934
0.100009
0.10676
0.10927
0.0943379
0.0961982
0.112777
0.05464
0.0543281
0.0750975
0.0744515
0.305458
0.315986
0.416562
0.48556
0.259308
0.278041
0.348916
0.315052
0.291854
0.366135
0.36357
0.289832
0.503581
0.501214
0.431589
0.434402
0.014007
0.0355699
0.0740524
0.0519216
0.037303
0.083031
0.0809266
0.0405099
0.213693
0.21243
0.153239
0.153301
0.193999
0.125906
0.1463
0.20451
0.0139903
0.0519195
0.0741165
0.0353877
0.194039
0.204408
0.14648
0.125951
0.213691
0.153286
0.153043
0.212451
0.037251
0.0394087
0.0809902
0.0836655
0.30543
0.485617
0.416626
0.316055
0.503555
0.434402
0.431579
0.501486
0.291854
0.289876
0.36357
0.366134
0.259328
0.315006
0.348885
0.278027
0.0396749
0.0679556
0.0799461
0.059505
-0.00199238
0.089364
0.0896122
0.0835487
0.11581
0.121044
0.0773029
0.0787349
0.0977177
0.077776
0.0986083
0.120017
0.0396643
0.0591118
0.0798516
0.067942
0.0976698
0.119873
0.0986077
0.0777294
0.115748
0.0794
0.0786685
0.12065
-0.00198957
0.0835094
0.0898085
0.0895254
-0.00531835
0.0168104
0.00391621
-0.0165488
0.0305554
0.0218503
0.0153615
0.0255156
0.121523
0.120075
0.0702561
0.0733392
0.0892088
0.0367739
0.0598335
0.112044
-0.00485219
-0.016622
0.00391515
0.0169225
0.0893154
0.112115
0.0599908
0.0372942
0.121539
0.0735468
0.0704484
0.120087
0.0308011
0.0262803
0.0157478
0.0166035
