-0.803766
0.245
-1.875
-0.706872
0.335
1.995
-0.787232
0.885
-1.885
-0.655
1.35285
1.765
0.803766
0.245
-1.875
0.706867
0.335
1.995
0.787237
0.885
-1.885
0.655
1.35285
1.765
-0.00610948
0.00335908
0.0406887
0.0290949
-0.00611121
0.00328847
0.0408081
0.0290788
-0.0210386
-0.013293
-0.0140073
-0.00882498
-0.00986711
-0.016369
-0.0232559
-0.012099
0.000585878
0.0007883
0.00192475
-0.00432358
-0.0112015
-0.0172742
0.00207238
0.0153876
0.038519
0.0278914
0.00518838
-0.00123428
-0.00415961
0.0483312
0.0623071
0.0780302
0.0715456
0.0512551
0.0387671
0.0319876
-0.0223063
-0.0144304
-0.0179649
-0.00800858
-0.00707036
-0.0151125
-0.0231563
-0.0146477
-0.010526
-0.0176884
-0.00491084
-0.00375898
-0.00598675
0.0448873
0.0597806
0.0786255
0.0718948
0.0494843
0.036505
0.0300422
-0.0222951
-0.0144251
-0.0179704
-0.00805512
-0.00708803
-0.0151253
-0.023169
-0.0146373
-0.0105345
-0.0176996
-0.00489633
-0.00376532
-0.00599592
0.0449169
0.0598171
0.0786623
0.0719069
0.0494821
0.0364999
0.0300362
-0.0210095
-0.0132664
-0.0140051
-0.00888634
-0.0099104
-0.0163989
-0.0232818
-0.0120666
0.000625281
0.00081339
0.00185651
-0.00436193
-0.0112268
-0.017298
0.00211545
0.0154514
0.0386267
0.0278707
0.00516213
-0.00125387
-0.00417921
0.0483894
0.0623755
0.078094
0.0715678
0.051251
0.0387572
0.0319759
0.0181288
0.0213512
0.0201133
0.0939002
0.0453706
0.00615275
0.0660006
0.0267923
0.0982954
0.0319313
0.0181266
0.0201138
0.0939176
0.00610037
0.0267944
0.0319372
-0.00686245
0.0899241
0.0234402
0.124331
0.0320485
0.0323625
0.247169
0.349274
-0.00686449
0.0899478
0.124317
0.0323538
0.053568
0.0535662
0.04443
0.0793714
0.160091
0.107522
0.107512
0.0302279
0.414817
0.126743
0.126735
0.0346599
0.263411
0.143204
0.00327148
0.0182595
0.00507498
0.0386596
0.0456438
0.00280348
0.0252759
0.0660126
0.0135202
0.0788335
0.0898654
0.0163788
0.0182548
0.00327425
0.00507287
0.0456416
0.0388221
0.00279532
0.0659886
0.0252688
0.0135162
0.0898669
0.0788341
0.0163776
0.0422343
-0.00673608
0.0775769
0.0241233
0.00265648
0.00103624
0.126914
0.0343634
0.0356554
0.081091
0.0286318
0.252664
0.0471081
0.100473
0.0313045
0.356279
0.0407177
0.0241304
-0.00675406
0.0775906
0.0017259
0.0343563
0.0010301
0.126915
0.0355811
0.25247
0.0811156
0.0286211
0.0471023
0.356277
0.10046
0.0313088
0.0350008
0.162869
0.0436002
0.209345
0.0455811
0.059869
0.133499
0.146776
0.0439425
0.088383
0.117679
0.0354757
0.0862745
0.125874
0.0572596
0.0784667
0.231103
0.145419
0.0979766
0.259334
0.0349903
0.162869
0.0455917
0.059827
0.133497
0.146779
0.117638
0.0386906
0.0572616
0.0802162
0.0979784
0.259335
0.0988124
0.0302724
0.0764783
0.0989935
0.0344136
0.0246638
0.115899
0.129494
0.0312842
0.0349463
0.0908234
0.423712
0.0710372
0.420513
0.385784
0.309652
0.0988191
0.0302763
0.0764961
0.0990049
0.115895
0.129546
0.0908246
0.423707
0.0260899
0.0682841
0.0751396
0.035077
0.0261282
0.0358382
0.0738167
0.0682825
0.0541613
0.0541007
0.0354878
0.0354896
0.0815168
0.0710127
0.0714719
0.0835134
0.210176
0.124405
0.124402
0.210241
0.0882041
0.109789
0.0958718
0.0859097
0.0882116
0.0859202
0.0958659
0.109791
0.0255592
0.02556
0.0324295
0.0324324
0.432956
0.394025
0.394026
0.432955
0.117593
0.123266
0.0941285
0.104807
0.117578
0.104799
0.0941342
0.123178
0.034857
0.0379995
0.0457536
0.0420559
0.304362
0.219033
0.219027
0.304363
0.0915614
0.0915699
0.150506
0.150505
-0.0434328
0.0112762
0.00422046
0.0760089
0.0353613
-0.000835669
0.0188753
0.0410401
0.00679419
0.0479128
0.0634567
0.00857238
0.0124701
-0.0434337
0.00420057
0.035608
0.0760089
-0.00110005
0.0433886
0.0188674
0.00679833
0.0634798
0.0477501
0.00857123
-0.0114181
-0.0108425
0.0256387
0.0148487
0.00233288
0.00499852
0.114514
0.0282654
0.0422287
0.0652665
0.0266869
0.234322
0.0276558
0.0591204
0.030096
0.27065
-0.0114275
0.0149469
-0.010852
0.0256569
0.00220911
0.028262
0.00503782
0.11456
0.0395909
0.234246
0.0652772
0.0267006
0.0276566
0.270647
0.0591168
0.0300932
0.0287601
0.027739
0.0318094
0.139056
0.0213584
0.0213576
0.0452366
0.150484
0.0143435
0.0275466
0.0155238
0.0459596
0.0701456
0.0949609
0.136758
0.134389
0.0456431
0.0453705
0.0454487
0.066039
0.00558197
0.00283423
0.0945696
0.0256277
0.0660066
0.0659946
0.085517
0.129796
0.0202534
0.033175
0.0442161
0.057035
0.0983263
0.0983388
0.214954
0.12699
0.0241876
0.0397128
0.0749032
0.247741
0.0287599
0.0277397
0.0318076
0.139075
0.0143502
0.0272792
0.0155305
0.0459027
0.0701618
0.0951706
0.13676
0.134291
0.00551233
0.00288812
0.0946079
0.0256138
0.0202507
0.0331841
0.0442215
0.0575842
0.02415
0.0397549
0.0748494
0.247743
-0.00220922
-0.00277889
0.0456965
0.0210374
0.0797991
0.0898808
0.0839013
0.0947757
0.0274056
0.0266358
0.0211267
0.0218733
0.121088
0.118655
0.120114
0.128041
0.0368466
0.0357518
0.0336982
0.0331793
0.0309252
0.0531751
0.0515142
0.296943
0.253031
0.252963
0.096727
0.366194
0.358095
0.358095
0.367664
0.330293
-0.00224331
-0.00278387
0.0457243
0.0210759
0.0798181
0.0898974
0.0839222
0.0947906
0.121079
0.11863
0.120106
0.128033
0.0309358
0.0531836
0.0515124
0.296953
0.0430552
0.0493609
0.0546811
0.0660509
0.0430535
0.0493883
0.05474
0.0660583
0.0425469
0.0475617
0.0470354
0.0454849
0.0831634
0.0798411
0.0797969
0.075686
0.161542
0.230072
0.139951
0.161542
0.100044
0.103252
0.111651
0.0939294
0.10005
0.103249
0.111651
0.0939742
0.0344081
0.0274482
0.0285224
0.033545
0.425192
0.428224
0.401542
0.425191
0.130256
0.116959
0.117288
0.128588
0.130258
0.116968
0.117285
0.128574
0.0393029
0.0383799
0.0365395
0.0363561
0.247256
0.264684
0.264684
0.286596
0.139961
0.110786
0.149827
0.139965
0.0184854
0.17973
0.0521695
0.173999
-0.0059544
0.0395431
0.115994
0.0770116
0.0439177
0.155401
0.0929204
0.02876
0.032455
0.131056
0.0820456
0.130862
0.0300951
0.0576746
0.0964438
0.132955
0.204558
0.130485
0.0638326
0.204185
0.0521253
0.173997
0.0184933
0.179781
-0.00594335
0.0394511
0.0468592
0.155402
0.115999
0.0770328
0.0929214
0.0289125
0.0841286
0.130862
0.0324568
0.131056
0.0300874
0.0583595
0.20456
0.130485
0.0964281
0.132987
0.0638296
0.20418
0.0455228
0.0294274
0.0356501
0.0178345
0.0724949
0.0828632
0.0221448
0.0231902
0.0871723
0.0241407
0.0560417
0.024933
0.115297
0.116047
0.0348443
0.033693
0.0584046
0.0492544
0.0781349
0.083547
0.05558
0.299912
0.102715
0.375779
0.085195
0.293033
0.0982457
0.102727
0.0552672
0.28296
0.375171
0.331343
0.045461
0.0286469
0.0221534
0.0231913
0.0356503
0.0178273
0.0725065
0.0828822
0.087334
0.0240503
0.0348394
0.0362576
0.0560519
0.0249212
0.115278
0.116036
0.0584035
0.0497225
0.102686
0.37577
0.0781531
0.0835653
0.0555554
0.299957
0.0851912
0.293035
0.37517
0.331341
0.098242
0.102715
0.0552639
0.282975
0.0374384
0.0356877
0.231803
0.134416
0.0476833
0.0471519
0.209761
0.209761
0.035576
0.0559269
0.056986
0.0624153
0.128553
0.117941
0.119211
0.157966
0.0438151
0.046636
0.0901959
0.0901977
0.115678
0.122092
0.0369009
0.0387768
0.0849103
0.084911
0.124888
0.124887
0.0661821
0.0472399
0.0803338
0.0754409
0.228284
0.228284
0.148009
0.148009
0.0961005
0.102545
0.281895
0.239205
0.0374217
0.0356883
0.134417
0.231803
0.0355975
0.0559389
0.0569217
0.0623944
0.117933
0.128581
0.119225
0.158026
0.115644
0.121991
0.0399886
0.0425597
0.0472399
0.0661933
0.0763597
0.0820884
0.102536
0.096101
0.239206
0.281895
0.0935065
0.104299
0.0279204
0.0297227
0.0668125
0.0782811
0.089894
0.0981808
0.0372358
0.0378969
0.0289487
0.0280635
0.110417
0.113
0.119455
0.123466
0.034656
0.0356162
0.0378523
0.0368276
0.0933154
0.0883872
0.439559
0.410218
0.0712717
0.0712748
0.43355
0.433552
0.395604
0.395603
0.310289
0.310288
0.0935124
0.104303
0.027921
0.0297219
0.0781259
0.0668447
0.0899046
0.098197
0.11299
0.110416
0.119447
0.12345
0.0883934
0.0933291
0.410216
0.439565
-0.0123932
0.00496499
0.042514
0.0345951
0.083806
0.0739177
0.0574089
0.0299463
0.0637693
0.0512988
0.068857
0.0847546
0.024033
0.0348269
0.0431482
0.0371558
-0.012331
0.0345963
0.0424686
0.00492814
0.0240408
0.0371585
0.0431651
0.034845
0.0638388
0.084769
0.0688616
0.0513001
0.083823
0.0299565
0.0574319
0.0750929
0.0372979
0.0481473
0.0476055
0.0427471
0.0372864
0.0426156
0.0470728
0.0476159
0.0108758
0.0238069
0.0473058
0.049554
0.0108015
0.0496724
0.0478246
0.0244228
0.0559945
0.0577788
0.0826421
0.0848405
0.0787591
0.0997111
0.0760371
0.0538634
0.0786811
0.0543897
0.0760388
0.099711
0.0566461
0.0848399
0.0826428
0.0582619
0.119389
0.204853
0.230938
0.151248
0.112947
0.130327
0.134261
0.140647
0.112994
0.140644
0.134261
0.130327
0.119442
0.151248
0.230938
0.204864
0.0306642
0.0406588
0.0949801
0.0848492
0.0611433
0.115792
0.105234
0.0508944
0.057195
0.0746206
0.110008
0.115859
0.0658729
0.0940566
0.102307
0.0496963
0.0306609
0.0848623
0.0949822
0.0406866
0.0658663
0.0496921
0.102315
0.0940682
0.0571924
0.115846
0.109995
0.0746244
0.061163
0.0508904
0.105237
0.115787
0.0164658
0.0262788
0.0316903
0.0193473
0.0164673
0.0193883
0.0308119
0.0253884
0.0268969
0.0371333
0.0318401
0.0192927
0.0268653
0.0193082
0.0327926
0.037924
0.322219
0.298419
0.439865
0.375638
0.276887
0.37698
0.411636
0.302638
0.276898
0.302636
0.411635
0.376979
0.322305
0.375576
0.439866
0.298444
0.0757223
0.0885613
0.117188
0.120941
0.0917539
0.130699
0.12611
0.0969516
0.0603133
0.0695051
0.117639
0.120458
0.0601928
0.124639
0.121289
0.0811178
0.0756833
0.121038
0.117184
0.0887281
0.0601846
0.0810196
0.121282
0.124618
0.0603188
0.120443
0.117635
0.069459
0.0917742
0.0970461
0.126107
0.13073
0.0254372
0.0363695
0.039761
0.0248693
0.0250934
0.0248202
0.0381465
0.0355282
0.0306188
0.0460271
0.0402143
0.0268293
0.0305328
0.0268801
0.0425273
0.0470992
0.279511
0.270387
0.287551
0.335022
0.185297
0.212951
0.246483
0.225863
0.185304
0.225861
0.246483
0.212951
0.279514
0.335021
0.287551
0.270386
0.132359
0.0673674
0.114885
0.106573
0.132367
0.106591
0.114893
0.0673653
0.106426
0.128754
0.153898
0.142981
0.106426
0.142983
0.153898
0.128754
-0.0468227
0.00650557
0.00136913
0.0417508
0.0260611
-0.000778266
0.00974646
0.0282394
0.00342586
0.0241913
0.0426656
0.00426362
0.00870529
-0.0468236
0.00120159
0.0262287
0.0417037
-0.000874813
0.0327009
0.0096708
0.00342455
0.0426651
0.0241977
0.00422689
-0.0093449
-0.00817906
0.10354
0.00440824
0.00107797
0.0101829
0.103577
0.0186817
0.0481474
0.0392973
0.0257405
0.19599
0.028239
0.0481664
0.0295072
0.157506
-0.0093521
0.00439322
-0.00781473
0.103541
0.00106405
0.0187242
0.0103661
0.103574
0.0481283
0.19566
0.0398953
0.0257385
0.0282411
0.157507
0.048161
0.029509
0.0128812
0.0229239
0.0232978
0.119951
0.0213582
0.021351
0.0576542
0.122174
0.0171592
0.021181
-0.0057022
0.0422545
0.0829938
0.0965068
0.138457
0.12193
0.0453711
0.0453701
0.0477562
0.133366
0.00869392
0.00416584
0.0513693
0.0222439
0.0660036
0.0659976
0.0851967
0.108174
0.0235332
0.0300305
0.0364795
0.0538325
0.0982926
0.0982982
0.194058
0.114166
0.0280511
0.0358168
0.0535542
0.191126
0.0128796
0.0229208
0.0246518
0.119972
0.0171634
0.021201
-0.00566714
0.0421315
0.0829529
0.096335
0.138477
0.121932
0.00863637
0.00414539
0.0513498
0.0221403
0.0235338
0.0300366
0.0364807
0.0548577
0.0280585
0.0358084
0.0535419
0.19113
-1.15945e-05
-0.0046398
0.109743
0.0102753
0.0848972
0.0902441
0.0869507
0.0922824
0.0259703
0.0250859
0.0220257
0.0248216
0.126383
0.123805
0.122222
0.126233
0.0344132
0.0335111
0.0352478
0.0323529
0.0317324
0.0325778
0.0422285
0.173628
0.250163
0.250097
0.173838
0.314203
0.353685
0.353684
0.358469
0.339791
-4.00278e-05
-0.00464252
0.109758
0.010171
0.0849171
0.0902617
0.0869731
0.0922944
0.126375
0.123797
0.122212
0.126222
0.0317555
0.0325792
0.0422529
0.17363
0.0495434
0.0501969
0.0562306
0.0583161
0.0495442
0.0501975
0.0562353
0.0583215
0.0445394
0.0456615
0.0451374
0.0451216
0.0811817
0.0796062
0.0796066
0.0778546
0.160879
0.160991
0.145135
0.160891
0.105486
0.105366
0.109541
0.107078
0.105501
0.105372
0.109545
0.107082
0.0323735
0.0288429
0.0271336
0.0315031
0.420005
0.421526
0.408302
0.420005
0.128536
0.124676
0.125776
0.128038
0.128531
0.124674
0.125765
0.127984
0.0369767
0.0359505
0.0351547
0.0340041
0.255333
0.264047
0.264047
0.275069
0.136573
0.122153
0.143392
0.136566
-0.0161595
0.0160542
0.0131945
0.155223
0.0154576
0.0214964
0.0385326
0.135595
0.0018044
0.00558346
-0.0192843
0.0293731
0.0965647
0.0537076
0.109414
0.0622078
0.0444859
0.0456435
0.0464687
0.134613
0.00127216
0.00252215
0.0410128
0.0206905
0.02276
0.02751
0.0290099
0.111949
0.0507122
0.0660096
0.0823729
0.109121
0.010147
0.0168908
0.0224349
0.0530018
0.0677572
0.0899137
0.0976248
0.119685
0.0766759
0.0983231
0.181624
0.112879
0.0124684
0.0202874
0.0400927
0.16607
0.0155264
0.0213468
0.0302715
0.136115
-0.0161608
0.0160568
0.0132095
0.155261
0.00177898
0.00558419
-0.0192792
0.0292326
0.0444822
0.0456414
0.049395
0.134613
0.0965144
0.0537337
0.109484
0.0622269
0.00105058
0.00249922
0.0409748
0.020545
0.0531285
0.0659916
0.0844843
0.109123
0.0227491
0.0275042
0.0290093
0.111926
0.0101439
0.0168869
0.0224358
0.0542309
0.0766717
0.098342
0.181609
0.112879
0.0677577
0.0899154
0.0976089
0.119768
0.0124377
0.0202918
0.0400977
0.166034
-0.0134642
0.0393752
0.0166388
0.0257349
-0.00880201
-0.00463288
0.107467
0.01068
0.0646649
0.0903181
0.0753299
0.0802023
0.0187862
0.0295968
0.0230348
0.0255325
0.00181444
0.000974102
0.0557473
0.017227
0.00300796
-0.000886616
0.124923
0.0148181
0.12877
0.124479
0.118027
0.12187
0.032472
0.0391012
0.03637
0.0331662
0.0364791
0.0360364
0.0496358
0.0467583
0.0734145
0.0885344
0.0795961
0.0823277
0.0278063
0.0295958
0.0380695
0.17343
0.2452
0.255942
0.18027
0.321814
0.0270379
0.0435405
0.0676958
0.219962
0.0693799
0.109769
0.099275
0.101576
0.0308769
0.0526161
0.0455334
0.166844
0.349939
0.357741
0.365725
0.34386
-0.0134764
0.0376248
0.0185201
0.0247352
0.0187863
0.0294278
0.0230447
0.0255355
-0.00881286
-0.00466688
0.107476
0.0106594
0.0646785
0.0903346
0.0753425
0.0802204
0.00171764
0.000839845
0.0560852
0.017156
0.032464
0.0382218
0.0363642
0.0357554
0.0030247
-0.000894019
0.124923
0.0148217
0.128748
0.12447
0.118024
0.121782
0.0364853
0.0357808
0.0496321
0.0475554
0.245173
0.255874
0.180266
0.321814
0.073431
0.0885431
0.0796146
0.0823401
0.0278195
0.0295945
0.0380926
0.173413
0.0270369
0.0435526
0.0675882
0.219962
0.349935
0.357785
0.365724
0.343858
0.069376
0.109763
0.0992564
0.101567
0.0309002
0.052599
0.0455337
0.166838
0.0318359
0.0391621
0.031355
0.0359751
0.155706
0.162205
0.163362
0.155035
0.0444215
0.0430936
0.0466142
0.0460833
0.19902
0.21967
0.209553
0.209553
0.0457018
0.052543
0.0419377
0.0487417
0.0508916
0.0492538
0.0584303
0.0615551
0.135187
0.131851
0.132592
0.128632
0.146997
0.143376
0.132932
0.154253
0.0431462
0.0415933
0.0434704
0.0443298
0.0774958
0.105284
0.0893395
0.0893423
0.109405
0.114495
0.116375
0.120677
0.0333176
0.0397886
0.0345279
0.037123
0.0858373
0.0850616
0.0855924
0.0855927
0.146574
0.168548
0.125376
0.125376
0.0516387
0.0555179
0.0616901
0.0509752
0.0593381
0.080132
0.079321
0.0774396
0.223028
0.239179
0.229694
0.229694
0.139791
0.149778
0.146688
0.146688
0.0871048
0.108598
0.0970445
0.10023
0.255096
0.26352
0.270659
0.249274
0.0318289
0.0391539
0.0313508
0.0359761
0.155704
0.162205
0.155035
0.163362
0.0456945
0.0525613
0.0419486
0.0487589
0.0509846
0.0489358
0.0583763
0.0615232
0.135186
0.131837
0.128635
0.132376
0.146999
0.143378
0.132947
0.154256
0.109398
0.114495
0.116345
0.120748
0.0333078
0.0390277
0.0377756
0.0403166
0.0516346
0.0555146
0.050972
0.0616825
0.0599388
0.0800709
0.0786449
0.0811166
0.0871129
0.108595
0.1002
0.0970483
0.255099
0.263521
0.249275
0.270659
0.084839
0.109501
0.0961621
0.101556
0.0238142
0.0362221
0.0291034
0.0283587
0.0808519
0.0722615
0.0716969
0.0790296
0.0968843
0.101104
0.095181
0.0986404
0.020236
0.0457731
0.0354953
0.0361548
0.0232732
0.0260552
0.0268591
0.0259668
0.118007
0.113791
0.115876
0.115489
0.129874
0.129013
0.125034
0.130632
0.032668
0.0299022
0.0325328
0.033416
0.0340623
0.0358275
0.0362173
0.0354301
0.0817282
0.0993831
0.0920863
0.0896259
0.413322
0.42476
0.432027
0.417051
0.0492678
0.0735032
0.0711542
0.0711558
0.400374
0.429275
0.42702
0.427021
0.376859
0.394725
0.39069
0.39069
0.320794
0.298124
0.30997
0.30997
0.0848452
0.109291
0.0961673
0.101561
0.0238022
0.0356069
0.0291038
0.0283588
0.0808712
0.071312
0.0790474
0.0717113
0.0968973
0.101113
0.0951949
0.09865
0.118
0.113789
0.115481
0.115877
0.129867
0.129027
0.125034
0.130631
0.0817218
0.0993639
0.0896285
0.0920856
0.41331
0.424757
0.417049
0.432027
0.0209546
0.0274101
0.0324802
0.0305747
0.0680673
0.0696598
0.0643634
0.0768623
0.0665039
0.076594
0.0697467
0.0768693
0.0359566
0.0373152
0.0361826
0.0431658
0.0209762
0.0274107
0.0324548
0.0305991
0.0359533
0.037316
0.036148
0.0431651
0.0659292
0.0765985
0.0697545
0.0770057
0.0674882
0.0696704
0.0657142
0.076255
0.053229
0.044168
0.048254
0.0556997
0.0531733
0.0438854
0.048217
0.0556362
0.0356979
0.0212704
0.0632054
0.0389801
0.0357167
0.0212642
0.063181
0.0386249
0.0813646
0.06138
0.084287
0.0811026
0.0511039
0.0526039
0.0733818
0.0714438
0.0517815
0.0524622
0.0740524
0.0714499
0.0838182
0.0620547
0.084288
0.0829953
0.198229
0.199551
0.220958
0.209968
0.147813
0.121277
0.157096
0.124899
0.121264
0.147817
0.124893
0.15708
0.199551
0.198245
0.210033
0.221022
0.0747522
0.0855333
0.090853
0.101349
0.0954669
0.112545
0.107042
0.105019
0.0971159
0.070605
0.104414
0.0945885
0.0847013
0.0776809
0.0939303
0.0871492
0.0747614
0.0855428
0.09086
0.101359
0.0847234
0.0776837
0.0939322
0.0871591
0.0971097
0.0706448
0.104411
0.0945837
0.0954679
0.112536
0.107044
0.105028
0.0229423
0.0243799
0.0267389
0.0306292
0.0243808
0.0229418
0.0301786
0.0267396
0.0337857
0.0301433
0.0368587
0.0310749
0.0301457
0.0337896
0.0310767
0.0377355
0.418782
0.411831
0.441598
0.433611
0.385018
0.384501
0.403166
0.395112
0.384498
0.385007
0.395111
0.403161
0.411834
0.418756
0.433617
0.441588
0.107069
0.115522
0.118549
0.1157
0.122907
0.110779
0.119423
0.121107
0.0952917
0.0812671
0.10702
0.095129
0.0949227
0.103766
0.104824
0.114411
0.107034
0.11551
0.118509
0.115681
0.0949174
0.103759
0.104804
0.114408
0.0952909
0.081264
0.107016
0.0951317
0.122891
0.110771
0.119417
0.120838
0.0329897
0.0342744
0.0358764
0.0391586
0.0329197
0.0374391
0.0389929
0.0385477
0.0443439
0.0351532
0.046105
0.0441237
0.0413858
0.0351597
0.0471066
0.0403902
0.300843
0.318819
0.293132
0.308957
0.211796
0.213021
0.225159
0.229115
0.211795
0.213021
0.22516
0.229113
0.300843
0.318816
0.293132
0.308956
0.0908484
0.167849
0.105458
0.0909534
0.16785
0.0908777
0.0909813
0.105476
0.144649
0.145456
0.149258
0.157038
0.145433
0.144648
0.157036
0.149256
-0.0258487
0.107209
0.0283036
0.0969589
-0.0180442
0.0303826
0.0981282
0.120106
0.0335405
0.107849
0.0399971
0.021275
0.021836
0.0958674
0.0558981
0.0902388
0.0157928
0.0499657
0.0596589
0.0916736
0.158855
0.0864502
0.0344578
0.154622
0.026701
0.0972707
-0.025903
0.10721
-0.0180939
0.0306383
0.0338548
0.107868
0.098151
0.120119
0.0400147
0.0214234
0.0568132
0.0939592
0.021852
0.0958406
0.0157918
0.0512095
0.158896
0.0864501
0.0594758
0.0917175
0.0344522
0.15466
0.068245
0.0029602
0.0991572
0.00793667
0.0720676
0.0281498
0.0114993
0.0157055
0.0500481
0.0193739
0.132786
0.0156947
0.158557
0.0736564
0.0252344
0.0260908
0.0554962
0.0716595
0.0646641
0.0659411
0.036273
0.17325
0.162231
0.296743
0.0477067
0.150826
0.0582682
0.0595874
0.0473731
0.162969
0.274182
0.26651
0.0682323
0.00294078
0.0115642
0.0157531
0.0991479
0.00782975
0.0720902
0.0281472
0.0500369
0.0191433
0.0252521
0.0258773
0.132786
0.015677
0.158667
0.0736542
0.0555469
0.0714843
0.162215
0.296693
0.0646953
0.065956
0.036285
0.173287
0.0477052
0.150826
0.274181
0.266512
0.0582659
0.0595794
0.0473803
0.16297
0.0324051
0.183496
0.0319807
0.122195
0.0279586
0.0319319
0.139645
0.140021
0.074986
0.122556
0.0701785
0.122625
0.0472024
0.0466706
0.150866
0.150866
-0.0145869
0.0383338
0.00669863
0.0463284
0.0102823
0.0188116
0.0443565
0.0477076
0.131621
0.0928931
0.12284
0.130864
0.13486
0.131002
0.120399
0.140732
0.0492898
0.133993
0.0486383
0.133967
0.0453203
0.0462439
0.0669346
0.0669332
0.0625149
0.0197005
0.0539573
0.0172893
0.0922166
0.0944455
0.0253203
0.0265424
0.0848589
0.108758
0.0848577
0.108759
0.0851787
0.0851784
0.130061
0.130061
0.0296185
0.0540692
0.0431626
0.0513894
0.0477519
0.0406821
0.0573992
0.0561325
0.194666
0.115048
0.194666
0.115048
0.213952
0.213953
0.127872
0.127872
0.0468234
0.178583
0.0609734
0.20547
0.0723219
0.078533
0.25913
0.236728
0.0323159
0.183522
0.0319677
0.12218
0.0279046
0.0319313
0.140033
0.139579
-0.014592
0.0381567
0.00648343
0.0461835
0.0102921
0.0188224
0.0442608
0.0476367
0.131732
0.0928996
0.122864
0.130901
0.130981
0.13487
0.120419
0.140722
0.0625048
0.019556
0.0539489
0.0172089
0.092334
0.0945001
0.0253479
0.0263975
0.0296175
0.0551091
0.0431609
0.0522808
0.0406982
0.0477517
0.0566092
0.0579662
0.0468218
0.178607
0.0609729
0.205441
0.0785176
0.072313
0.236725
0.259123
0.115627
0.00936462
0.117371
0.0160334
0.0431637
0.0483044
0.0176344
0.021894
0.0768772
0.0823243
0.0873155
0.091971
0.0789023
0.0853607
0.0900392
0.0944422
0.0252954
0.0294692
0.0246842
0.0279345
0.0221585
0.0227742
0.0241268
0.0232289
0.11837
0.125968
0.117305
0.119862
0.121142
0.11969
0.124051
0.108282
0.0399836
0.0356949
0.0389881
0.0348995
0.0353161
0.0362027
0.034646
0.0339306
0.0399629
0.173516
0.0663513
0.191704
0.0524449
0.0505359
0.29736
0.292927
0.178198
0.32177
0.178196
0.321767
0.098219
0.098219
0.370939
0.370938
0.367537
0.346566
0.367537
0.346566
0.372322
0.372321
0.332657
0.332657
0.115633
0.00933411
0.117365
0.0160241
0.0432055
0.0483101
0.0176314
0.0219015
0.0768481
0.082343
0.0873311
0.0919853
0.0853764
0.0789195
0.090056
0.0944557
0.118364
0.125957
0.117288
0.119849
0.119681
0.121139
0.124775
0.108274
0.039964
0.173538
0.0663455
0.191392
0.0505334
0.0524416
0.292932
0.297345
0.0386035
0.0460203
0.0469532
0.0512921
0.0592413
0.0496174
0.0627855
0.0683342
0.0385977
0.0460295
0.0469244
0.0513744
0.049577
0.0593641
0.0684007
0.0627856
0.0461195
0.0455857
0.0475835
0.0477887
0.0470563
0.0472707
0.0456265
0.0461445
0.0829028
0.0829031
0.0812264
0.078265
0.0782667
0.0811659
0.0758616
0.0758627
0.162393
0.150339
0.230505
0.230505
0.134186
0.134371
0.150339
0.162393
0.0975155
0.102643
0.100346
0.102846
0.11067
0.111268
0.108528
0.086211
0.0975227
0.102647
0.100347
0.102844
0.111267
0.110674
0.0862118
0.108534
0.0330637
0.0309698
0.0296242
0.0287391
0.0297399
0.0306308
0.0321887
0.0301117
0.432574
0.418538
0.434129
0.434129
0.40656
0.406559
0.418537
0.432574
0.130058
0.127215
0.11702
0.119081
0.117467
0.119289
0.123955
0.129521
0.127183
0.130047
0.117018
0.119076
0.119286
0.117463
0.123967
0.12958
0.0393152
0.0401343
0.037505
0.0404495
0.0358768
0.0383739
0.0375706
0.0368231
0.246869
0.246869
0.276183
0.255583
0.255583
0.276184
0.287074
0.287074
0.127331
0.148812
0.112736
0.112727
0.151861
0.15186
0.127318
0.148813
0.0177505
0.0266511
0.167427
0.192295
0.0424741
0.0485201
0.133522
0.151625
-0.0109042
-0.00354965
0.0384901
0.0413025
0.110328
0.120453
0.148489
0.0915835
0.0406226
0.0477024
0.149269
0.154963
0.0923392
0.0933845
0.0305711
0.0278628
0.029788
0.0338542
0.126231
0.135987
0.0608881
0.0845629
0.128564
0.130592
0.0270962
0.0336159
0.0568474
0.0580791
0.0815319
0.109303
0.123759
0.14105
0.196209
0.210042
0.119136
0.129636
0.0621004
0.0666524
0.194731
0.215036
0.0421738
0.0485587
0.133528
0.151625
0.0178071
0.0266057
0.167467
0.192326
-0.0108399
-0.00354666
0.0384381
0.0411704
0.0406194
0.0468182
0.149274
0.154963
0.110366
0.120474
0.1485
0.0916027
0.0923681
0.093338
0.0307738
0.0279194
0.061597
0.084562
0.128369
0.130593
0.0297916
0.0338552
0.126215
0.135968
0.0270927
0.033612
0.0575139
0.0586444
0.196207
0.209978
0.11914
0.129637
0.0815268
0.109303
0.123762
0.141052
0.0620991
0.0666517
0.194736
0.215033
0.0184413
0.0413551
0.0140887
0.0510771
0.0331549
0.0381558
0.0145364
0.0156756
0.0631553
0.0841728
0.0697085
0.0958328
0.0189936
0.0256515
0.0206534
0.0278274
0.0819132
0.084469
0.0251213
0.0230763
0.0585855
0.0534657
0.0221389
0.0200704
0.100685
0.112205
0.10681
0.114078
0.0285304
0.0407135
0.0323948
0.0378719
0.0620696
0.0548517
0.0450336
0.0514944
0.0709469
0.0839041
0.0755501
0.0912509
0.0617548
0.0517286
0.303566
0.298946
0.0915759
0.10126
0.36721
0.37798
0.0620746
0.083894
0.310626
0.281746
0.0674562
0.107113
0.0708438
0.112107
0.0562429
0.0619933
0.28001
0.307871
0.367516
0.37654
0.335773
0.33423
0.0184641
0.0413602
0.0139895
0.0509035
0.0190056
0.0254596
0.0206536
0.0274678
0.0331478
0.0381678
0.0145171
0.015655
0.0631892
0.0841851
0.0697234
0.0958481
0.0819854
0.0846683
0.0248905
0.0229863
0.0285255
0.039782
0.0322357
0.0372537
0.0586055
0.0534766
0.0221227
0.0200395
0.100684
0.112398
0.106799
0.114094
0.0620987
0.0548522
0.0278797
0.0519307
0.0915291
0.101231
0.367108
0.377928
0.0709887
0.0839182
0.0755615
0.0912557
0.0617118
0.0517305
0.302884
0.298923
0.0620674
0.0838994
0.310632
0.281749
0.367543
0.376542
0.33577
0.334229
0.0674482
0.107111
0.0708422
0.1121
0.0562372
0.061964
0.280012
0.307867
0.0400251
0.035151
0.0328707
0.0401101
0.223048
0.23137
0.134339
0.157088
0.0480251
0.0477364
0.047205
0.0474953
0.220313
0.199286
0.199286
0.220378
0.037575
0.0416972
0.062961
0.0519735
0.0485915
0.0467309
0.0513543
0.0510177
0.129605
0.127471
0.117771
0.11922
0.117072
0.12022
0.155158
0.155939
0.0434023
0.041968
0.0445474
0.0449376
0.0790533
0.102433
0.102411
0.0790628
0.106883
0.113994
0.117958
0.111911
0.0410854
0.0311183
0.0360143
0.04347
0.0840448
0.084842
0.084842
0.0840455
0.134128
0.157438
0.157445
0.134122
0.0587819
0.0678345
0.0479093
0.0446351
0.060566
0.0824387
0.0762674
0.0559516
0.220617
0.237383
0.237383
0.220618
0.142412
0.153449
0.153449
0.142411
0.0841615
0.107867
0.112632
0.09189
0.278053
0.286304
0.244338
0.234043
0.0351543
0.0399576
0.0401292
0.0328733
0.157164
0.134339
0.23137
0.223048
0.0416975
0.0375224
0.0516967
0.0629788
0.0466585
0.0485544
0.0489969
0.0515211
0.11921
0.11777
0.127472
0.12965
0.120244
0.117101
0.15594
0.15581
0.113994
0.106868
0.111907
0.11795
0.0310189
0.0404286
0.0426069
0.0360083
0.044632
0.0479102
0.0678358
0.0587808
0.0565085
0.0762702
0.0824397
0.061147
0.091889
0.112626
0.107859
0.084158
0.234044
0.244339
0.286304
0.278053
0.0797956
0.105903
0.109865
0.0901545
0.0334418
0.0223584
0.0272754
0.0347463
0.0714564
0.0648414
0.0735286
0.0821933
0.0924219
0.0873699
0.096099
0.100167
0.0229376
0.0472691
0.0477886
0.0235581
0.027622
0.0303186
0.0294367
0.0267334
0.113068
0.107826
0.111431
0.114436
0.119613
0.120067
0.122395
0.123286
0.0360637
0.0332471
0.0342035
0.0370275
0.0371118
0.038805
0.0377086
0.0362181
0.0842435
0.101788
0.096561
0.0799041
0.426115
0.439923
0.411234
0.400307
0.0508759
0.073796
0.0737978
0.0508787
0.44164
0.411603
0.411602
0.441636
0.386423
0.404675
0.404673
0.386422
0.29892
0.323477
0.323477
0.29892
0.105848
0.0798036
0.0901592
0.109832
0.0223548
0.0329041
0.0339187
0.0272746
0.0822068
0.0735392
0.0650281
0.0710041
0.0873814
0.0924553
0.100174
0.0961193
0.114426
0.111424
0.107827
0.113065
0.120057
0.119604
0.12328
0.122363
0.0799029
0.0965576
0.101758
0.0842389
0.400301
0.411231
0.439943
0.426099
-0.0254822
-0.022491
0.020749
0.0022313
-0.0103039
0.0438895
0.0302559
-0.0182483
0.045854
0.0350659
0.0371604
0.0489997
0.0258231
0.0234982
0.0286567
0.0272586
0.0700979
0.0649711
0.060599
0.114771
0.081896
0.0759084
0.0811016
0.0872447
0.0550844
0.0561521
0.0724987
0.0713042
-0.00308868
0.0195445
0.0603143
0.0452915
0.0564218
0.0530334
0.0693502
0.0721755
0.0397947
0.0551778
0.0623616
0.0463992
0.061121
0.0744971
0.0725386
0.0624303
0.087812
0.0863239
0.0812961
0.0829094
0.0128808
0.0264716
0.0335894
0.0191145
0.0275185
0.0323971
0.03498
0.0307032
0.0526879
0.0527313
0.0439973
0.0408987
0.0331456
0.0260193
0.0411762
0.0481555
-0.0255066
0.00220837
0.021042
-0.0224733
0.0258194
0.02731
0.0286478
0.0234364
0.0458525
0.0490049
0.0371777
0.0350694
-0.0103193
-0.0182428
0.0302574
0.0438923
0.0128773
0.0191245
0.0335977
0.0264709
0.0331444
0.0481519
0.0411754
0.0260144
0.0526743
0.0408933
0.0439976
0.0527288
0.0275171
0.0307035
0.0349776
0.0323976
0.0564367
0.0722044
0.06939
0.0529858
0.0878286
0.0829244
0.08132
0.0863429
0.0610964
0.0626121
0.0725674
0.0745061
0.0398099
0.0463961
0.0623661
0.0551859
0.0700871
0.11483
0.060587
0.0649838
-0.00310858
0.0451956
0.0601991
0.0191674
0.0550755
0.0713061
0.0723756
0.0561565
0.0819146
0.0872586
0.0811142
0.0759242
0.0220883
0.0359101
0.0433817
0.0324726
0.0663082
0.0470201
0.0485056
0.076102
0.0458904
0.0489487
0.0485136
0.046461
0.0402752
0.0366045
0.0455758
0.0495665
0.0193099
0.0324949
0.0430505
0.0258999
0.0401483
0.0495865
0.0453975
0.0362969
0.0453659
0.0459296
0.0484761
0.0487486
0.0617717
0.0784803
0.0484973
0.0464899
0.00320095
0.0183628
0.0196757
0.00623948
0.0230489
0.0212763
0.0246033
0.0263238
0.0454873
0.0490648
0.0488586
0.0456926
0.0443327
0.0480515
0.0523669
0.0504701
0.00322124
0.0063311
0.019718
0.0183593
0.0444646
0.0503306
0.0522906
0.048207
0.0460053
0.046211
0.0510529
0.0509102
0.02366
0.0264368
0.0248747
0.0218964
0.0488448
0.051463
0.0611523
0.0610569
0.0539481
0.059954
0.0611788
0.0541349
0.0812347
0.0845532
0.0835947
0.0812742
0.0850278
0.084752
0.0844655
0.0853366
0.150496
0.170744
0.0492848
0.0435394
0.176018
0.0500718
0.0517462
0.180405
0.0780598
0.0785253
0.0739978
0.0736501
0.0536182
0.0491206
0.0533151
0.0580291
0.15044
0.044238
0.0493024
0.170727
0.0544656
0.0585524
0.0538238
0.0499334
0.0780607
0.0736499
0.0740024
0.0785277
0.176017
0.180401
0.0517503
0.0500733
0.0501589
0.0619151
0.0618549
0.0527219
0.0850272
0.0853366
0.0844054
0.0847502
0.0811737
0.0812142
0.0835957
0.0845535
0.0549915
0.0551949
0.0617633
0.0605541
0.0622679
0.140821
0.185999
0.101502
0.119828
0.155355
0.210512
0.169375
0.161909
0.219991
0.220635
0.162878
0.122365
0.122906
0.199418
0.199153
0.0701212
0.105835
0.143617
0.106717
0.108548
0.140554
0.127703
0.108939
0.147993
0.152687
0.157256
0.157623
0.121009
0.117292
0.152759
0.156668
0.0771713
0.106706
0.143619
0.10973
0.121041
0.156652
0.152791
0.117651
0.148142
0.15813
0.157258
0.152687
0.10855
0.108941
0.127693
0.14055
0.062126
0.10139
0.185999
0.140753
0.122434
0.199153
0.199418
0.123134
0.161876
0.162877
0.2207
0.219991
0.119402
0.169372
0.210654
0.155488
0.102428
0.103321
0.0722333
0.0671863
0.120813
0.0823173
0.0772739
0.111548
0.10291
0.0977518
0.104106
0.105207
0.0874682
0.0930757
0.0985898
0.0926101
0.127221
0.1264
0.0980758
0.128853
0.123774
0.118509
0.108135
0.113241
0.108067
0.113353
0.106507
0.113273
0.113629
0.121143
0.0928107
0.0874978
0.0479342
0.0464179
0.0673813
0.0683487
0.043535
0.0823682
0.0752234
0.0657702
0.109154
0.113381
0.103069
0.100473
0.121804
0.108464
0.105763
0.117581
0.0360345
0.0744947
0.0766018
0.0370918
0.0923431
0.0965412
0.0925936
0.0899104
0.104977
0.0982376
0.0952433
0.10074
0.0409747
0.0389535
0.0788268
0.0809086
0.0952967
0.0672022
0.0722445
0.103343
0.0874865
0.0926253
0.0986038
0.0930921
0.102919
0.105046
0.104114
0.0977641
0.120822
0.11155
0.0772833
0.0823244
0.036039
0.0370922
0.076623
0.0745099
0.0409725
0.0809128
0.0788268
0.0389463
0.10498
0.100747
0.0952446
0.0982426
0.0923585
0.0899185
0.0925938
0.0965527
0.0479294
0.0683435
0.067382
0.0464181
0.121798
0.117578
0.105761
0.108461
0.109155
0.100466
0.103066
0.113375
0.0435343
0.0652066
0.0751972
0.0822458
0.127213
0.128853
0.0980745
0.126389
0.11362
0.0875036
0.0928135
0.12114
0.108073
0.113275
0.106476
0.113326
0.12377
0.113216
0.108421
0.118508
0.00498492
0.0195102
0.0218723
0.00934973
0.0267775
0.0254994
0.02924
0.0300721
0.031009
0.0348501
0.0320348
0.0282407
0.00985931
0.00875149
0.0241728
0.023082
0.00492806
0.0092819
0.0218722
0.0195102
0.00982085
0.0230681
0.0241723
0.00873762
0.0301279
0.0273521
0.0315404
0.0342693
0.026009
0.0298223
0.028827
0.0246035
0.0178069
0.0308837
0.0276183
0.0151614
0.0368055
0.0339306
0.0383219
0.0412851
0.0283339
0.0325187
0.0353878
0.0311354
0.0147009
0.0172812
0.0287062
0.0260633
0.017764
0.0151055
0.0276252
0.0308895
0.0147259
0.0260632
0.0287078
0.0172852
0.029227
0.0320224
0.0362402
0.0332869
0.0377055
0.0422177
0.0392265
0.0348101
0.17512
0.173298
0.399678
0.315424
0.173446
0.419728
0.427182
0.173521
0.42705
0.435469
0.441707
0.432452
0.317986
0.325651
0.412517
0.405988
0.160349
0.358784
0.376256
0.165168
0.363003
0.381641
0.385901
0.367089
0.41342
0.418081
0.404266
0.399702
0.170946
0.192489
0.393728
0.40678
0.16035
0.165168
0.376278
0.358783
0.170987
0.406772
0.393705
0.192472
0.41342
0.399701
0.404263
0.418079
0.363003
0.367136
0.3859
0.38164
0.17514
0.315339
0.399676
0.173307
0.317984
0.405988
0.412514
0.325648
0.42705
0.432455
0.44171
0.435469
0.173426
0.173536
0.427141
0.419732
0.0493215
0.0552781
0.106165
0.111635
0.0544127
0.108628
0.105596
0.0516471
0.12426
0.126129
0.116124
0.114223
0.128413
0.12412
0.115768
0.124259
0.0429489
0.113445
0.110573
0.0405604
0.135934
0.133697
0.119948
0.120695
0.128796
0.116647
0.118947
0.131383
0.0529935
0.0415769
0.110743
0.107972
0.0322245
0.0372727
0.0813981
0.0821259
0.050167
0.0856531
0.0827235
0.0434795
0.126656
0.127908
0.10747
0.108209
0.132755
0.110942
0.108179
0.129732
0.0481356
0.0700804
0.0722484
0.0474111
0.125702
0.115842
0.113247
0.110947
0.127542
0.110613
0.114659
0.13073
0.0572712
0.0647011
0.0942879
0.0894985
0.0491874
0.11164
0.106152
0.0552489
0.128408
0.124284
0.115794
0.124108
0.124266
0.114216
0.11611
0.12613
0.0543983
0.0516318
0.105575
0.108603
0.0481413
0.0474115
0.0722451
0.0700769
0.0572822
0.0894988
0.0942837
0.0646943
0.127528
0.130732
0.114656
0.110604
0.125694
0.110943
0.113245
0.116259
0.0321994
0.0820821
0.0813862
0.0372721
0.132755
0.129719
0.10818
0.110827
0.126653
0.1082
0.107469
0.127917
0.0501534
0.0434587
0.0827207
0.085565
0.0429752
0.0405679
0.110584
0.113519
0.0524845
0.10798
0.110725
0.0415759
0.128784
0.131388
0.118942
0.116643
0.135949
0.120728
0.119957
0.133705
0.0169927
0.0314457
0.0327008
0.0186139
0.0339215
0.0354317
0.0385168
0.0373073
0.035285
0.0389066
0.0401207
0.0371086
0.0207392
0.0155628
0.0302371
0.0323925
0.0168495
0.0184773
0.0325871
0.0313624
0.0206621
0.03237
0.0301953
0.0153989
0.0344944
0.036315
0.0394987
0.0381802
0.0332407
0.0366656
0.0379022
0.0346798
0.0233549
0.0441088
0.0380422
0.0205476
0.0477841
0.0428519
0.0445269
0.0491171
0.0372301
0.0408133
0.0443056
0.041362
0.0241722
0.0206435
0.0341716
0.0346545
0.0229989
0.0205935
0.0380489
0.0440967
0.024204
0.0346628
0.0341856
0.020902
0.0380372
0.0422114
0.0452611
0.0416251
0.0487371
0.0500595
0.0453726
0.0437643
0.153619
0.205412
0.320022
0.34219
0.198307
0.266591
0.289463
0.212724
0.275626
0.298522
0.297632
0.274967
0.343179
0.345994
0.322482
0.322136
0.129343
0.172097
0.204626
0.160484
0.194362
0.221823
0.217712
0.191592
0.255458
0.253929
0.234748
0.238281
0.184863
0.172339
0.223529
0.244564
0.129278
0.160478
0.204626
0.172097
0.184869
0.244565
0.22353
0.172345
0.255458
0.238281
0.234749
0.25393
0.194362
0.191474
0.217712
0.221823
0.153619
0.342189
0.320019
0.205376
0.343179
0.322136
0.322481
0.345991
0.275626
0.274968
0.297632
0.298522
0.198347
0.212701
0.289463
0.266595
0.0917065
0.124501
0.164568
0.13478
0.133679
0.0784217
0.167201
0.134311
0.124548
0.130162
0.104013
0.100947
0.107331
0.0769198
0.105696
0.133668
0.0917444
0.134796
0.164574
0.124511
0.107337
0.133672
0.105713
0.0768735
0.124555
0.100852
0.104043
0.13016
0.133666
0.134299
0.167201
0.0784388
0.0691961
0.0996511
0.136939
0.11002
0.114608
0.141101
0.14369
0.1155
0.146092
0.151535
0.155243
0.151641
0.128372
0.128644
0.15363
0.153504
0.0691672
0.109859
0.136933
0.0996659
0.128333
0.153502
0.153628
0.12856
0.146093
0.151597
0.155242
0.151533
0.114607
0.1155
0.143689
0.1411
