-0.852755
0.225
-1.805
-0.877723
0.225
1.855
-0.825
0.735
-1.80125
-0.775
0.795
1.83074
0.852756
0.225
-1.805
0.877723
0.225
1.855
0.825
0.735
-1.80125
0.775
0.795
1.83074
-0.0213472
-0.00965174
-0.0404535
0.000466259
-0.0213474
-0.00964992
-0.0404476
0.000463648
0
0
0
0
0
0
0
0
0
0
0
0
0
0
0
0
0
0
0
0
0
0
0
0
0
0
0
0
0
0
0
0
0
0
0
0
0
0
0
0
0
0
0
0
0
0
0
0
0
0
0
0
0
0
0
0
0
0
0
0
0
0
0
0
0
0
0
0
0
0
0
0
0
0
0
0
0
0
0
0
0
0
0
0
0
0
0
0
0
0
0
0
0
0
0
0
0.0378421
0.00549979
0.00925055
0.0556215
-0.00868804
0.00336845
0.127784
0.11418
0.0781488
0.104462
0.0380013
0.00925525
0.0554864
0.00164235
0.114179
0.104448
0.0163268
-0.0148658
0.0179254
-0.00987084
0.00932775
0.0336072
0.741552
0.801871
0.0163272
-0.0148854
-0.00986524
0.033607
0.0697197
0.0697181
0.0102838
0.393749
0.319116
0.00506187
0.00507201
0.0136462
0.844626
0.0712637
0.0712637
0.000861116
0.586404
0.235456
0.00679793
0.00275548
-0.0234547
0.0100209
-0.00663631
-0.00385262
0.0157841
0.0455052
0.0468655
0.0214799
0.0303816
0.0686198
0.00277027
0.00683808
-0.0231132
-0.00667049
0.0100824
-0.00396081
0.0455161
0.0156172
0.046869
0.0303761
0.0215266
0.0686431
0.0132581
0.00621435
-0.0249162
0.00771977
0.00732983
0.00610797
-0.020765
0.00269484
-0.0905274
8.23948e-05
0.000617235
0.356459
-0.0920606
-0.00153696
0.0250061
0.391419
0.0131758
0.00772094
0.00621425
-0.0249034
0.00818773
0.00269593
0.00610651
-0.0207675
-0.0908898
0.356491
8.92248e-05
0.000626277
-0.0923838
0.391428
-0.00153622
0.025021
0.0130912
0.101434
-0.000442031
0.0932509
0.0171014
0.00199899
0.0161151
0.11607
0.000575239
0.128434
0.0143744
0.00383713
0.0410095
0.00939317
0.00720483
0.0974116
0.0420729
0.0432664
0.0183303
0.202333
0.0130337
0.101408
0.0171019
0.00199891
0.0161635
0.116129
0.014977
0.00444674
0.00720438
0.0974879
0.0183357
0.202342
-0.019703
-0.00127725
0.0379936
0.000262063
-0.000140272
7.17541e-06
0.0118215
0.0111087
2.7803e-05
0.00183838
7.92256e-05
0.408916
0.0353894
0.021134
0.0158848
0.0264167
-0.019705
-0.0012741
0.0376988
0.000266229
0.0118137
0.011539
5.32739e-05
0.408918
0.0209344
0.0448419
0.00138896
0.0293394
0.0209047
0.0293107
0.000800566
0.0449034
0.00156431
0.00156442
0.00543462
0.00543554
0.123578
0.257666
0.257667
0.123573
0.160854
0.092672
0.0926413
0.160905
-0.0220308
-0.00773447
0.0166532
0.000358192
-0.0220242
0.00036316
0.0166547
-0.00773624
0.00317706
0.0031783
0.000732358
0.000730226
0.408006
0.421186
0.421177
0.407988
0.0247268
0.0210984
0.047222
-0.0360674
0.0250706
-0.0360614
0.047249
0.021424
0.00413054
0.00443686
-0.00194068
-0.00222339
0.322708
0.121231
0.121224
0.322714
0.142491
0.14279
0.0944026
0.0943697
-0.0153935
0.0027557
-0.0141366
-0.000659136
0.0110848
-0.00420212
0.00335527
0.0344632
0.0137897
0.00381004
0.0253487
0.0231347
0.00276213
-0.0147839
-0.0141854
0.0110967
-0.000673388
-0.00395913
0.0345526
0.00342525
0.0135046
0.0254147
0.00382377
0.023014
-0.0187525
-0.00234643
-0.0248401
0.0105558
-0.0176458
0.0020157
-0.0220719
0.00627371
-0.00436964
-1.66879e-05
0.000312665
0.0980571
-0.000530289
6.33544e-05
0.00370544
0.0819946
-0.0187088
0.0105568
-0.0023466
-0.024837
-0.0176423
0.00627356
0.00201685
-0.0220681
-0.0041849
0.098055
-1.82646e-05
0.000309709
-0.000359466
0.0820045
6.67855e-05
0.00370172
0.000264154
0.00035651
0.0130193
0.0760246
-3.76026e-06
4.59276e-06
-0.000438593
0.0839955
0.0118219
-0.0194506
0.00161475
0.00350107
0.00151291
0.0024796
0.0152609
0.0619099
0.00067653
0.000682473
0.00057454
0.102586
0.000157364
-0.000208912
0.0107522
0.00397479
0.00269357
0.00269084
0.0213606
0.00964119
0.00358122
0.0262827
0.0057821
0.00659165
0.0027964
0.0028118
0.0137409
0.00582248
0.0122388
0.0126083
0.0161944
0.0899637
0.000103673
0.000646227
0.0129614
0.0765037
0.0116498
-0.0181403
0.00162076
0.00349955
0.00151526
0.00140338
0.0153106
0.061984
3.19621e-07
-0.00077978
0.0113603
0.00458511
0.00358086
0.0264533
0.00578146
0.00656365
0.0122332
0.0127287
0.016213
0.0900061
-0.00415406
0.000430566
0.0093482
0.00201993
0.000405994
2.47778e-05
-0.0512181
0.00013031
0.00104167
0.00104163
-0.000244479
3.94536e-07
0.000983572
-0.00056641
0.00204832
-0.037081
0.0011664
0.0011659
9.60517e-06
-0.000319449
3.34315e-06
0.00376873
8.22382e-05
0.07497
0.0126281
0.0126009
0.00712452
0.00557274
0.0137849
0.013782
0.00498683
0.00733135
-0.00415317
0.000429998
0.00934445
0.00201977
0.000409749
3.33157e-05
-0.0510646
0.00014174
0.000989333
-0.000567223
0.00204963
-0.0372092
-5.0492e-06
0.00376032
9.5372e-05
0.0749747
-4.55524e-05
0.00174231
0.00139379
0.00599191
-4.54964e-05
0.00174108
0.00139398
0.00614406
1.0592e-06
-3.04122e-05
-3.08732e-05
-1.69947e-05
-0.00394179
0.00734054
0.0073012
0.0109263
0.01514
0.00319123
0.0413826
0.0150209
0.00050225
-0.000155133
0.00280186
-3.36602e-05
0.000501782
-0.000164226
0.00279111
-4.41862e-05
0.00112822
6.26566e-06
1.01738e-05
0.0011269
0.0122733
0.0052556
0.00281575
0.0122719
-0.000181816
3.37754e-06
4.8295e-06
0.0138513
-0.000182138
3.31872e-06
4.78114e-06
0.0136341
-3.57895e-07
-0.00235948
-0.00236454
-0.00156602
0.0118362
0.0162438
0.0165684
0.00722924
-0.00900382
0.0350941
0.00492865
-0.00900935
0.0103595
0.0790504
-0.000405471
0.103525
0.00831528
0.0114863
0.00982266
0.0699095
0.000530357
0.0889047
0.00916236
0.00842732
0.0175857
0.0687238
0.00438214
0.0143431
0.00372927
0.0558344
0.0293512
0.0563817
-0.00218995
0.00515985
0.0146133
0.0296446
-0.000410541
0.103004
0.0103164
0.0790408
0.00814687
0.011365
0.000525588
0.0886931
0.00982456
0.0697664
0.00950521
0.00878171
0.00626408
0.014355
0.0176298
0.0686624
0.00372753
0.0557802
-0.00309994
0.00516054
0.0293591
0.0565783
0.0146114
0.0296371
0.0179189
0.00243674
-0.0245954
0.00385179
-0.0530027
-2.22518e-06
0.000872796
-4.51686e-05
0.0106866
0.00279062
0.0189833
0.00175785
0.00210757
-0.0441968
3.3568e-06
0.000959935
0.00679079
0.247923
-0.0359446
0.000149545
7.98156e-05
0.0816858
0.00811465
0.00714047
-0.0188597
0.315151
0.00479608
-0.0167887
4.80721e-05
0.0678041
0.00752279
0.00598409
0.0177145
0.00246529
0.00087306
-4.64299e-05
-0.0245902
0.00385195
-0.0530382
-1.20653e-06
0.0107121
0.00278761
3.74249e-06
0.000959142
0.0189856
0.00175821
0.00210488
-0.0442156
0.00672443
0.248156
0.00809271
0.00714221
-0.035654
0.000147438
7.71735e-05
0.0816905
-0.0187201
0.315362
0.00756471
0.00595908
0.00479873
-0.0167883
4.88813e-05
0.0678245
0.00311569
0.00228029
-0.00866413
0.0371724
-2.38494e-05
-2.38862e-05
-0.00343338
-0.00334671
-6.51999e-05
0.00195769
1.10788e-06
-1.81082e-05
3.60402e-06
-1.29531e-06
0.00937414
0.0310089
0.000236277
0.000234523
0.010195
0.0100552
0.00565328
-0.000131232
1.20131e-07
-0.00231096
0.00443036
0.00443039
0.00669266
0.00669525
0.0272297
-0.000269612
0.00624226
0.00599718
0.0239169
0.0239128
0.0066832
0.00668971
-0.000284697
0.0423836
0.00868184
0.0106455
0.00311541
0.0022806
0.0376512
-0.00867551
-6.78715e-05
0.00192815
1.11624e-06
-1.76592e-05
-1.26067e-06
3.53367e-06
0.00923425
0.0309976
0.00562988
-0.000131305
-5.67409e-07
-0.00231613
-0.000269615
0.0275256
0.00594945
0.00620363
0.0422225
-0.000284773
0.0106574
0.0086775
-6.41573e-05
0.00333919
-9.61613e-08
5.93427e-06
0.00076544
0.00207007
0.000661421
-6.15971e-05
-4.1046e-05
-4.13444e-05
0.00110234
0.00110164
0.000558609
-1.82186e-05
0.00243088
0.0077493
0.00113751
0.00113843
-8.56357e-05
-8.32355e-05
0.00287227
-7.29757e-06
0.00566849
0.00369965
0.00865145
0.00864849
0.0121182
0.0121219
0.0125824
0.0125869
0.00966069
0.0096771
-6.72856e-05
0.00333856
-3.01094e-07
5.59368e-06
0.00255756
0.000851871
0.000660902
-6.04312e-05
-1.57129e-05
0.000558567
0.00268207
0.00751913
2.58917e-06
0.00288515
0.00369558
0.00557532
0.00374085
0.00481116
0.00240735
0.0153437
-0.0797764
-0.0521098
0.00486598
0.00395202
-0.0255045
0.0449909
0.01738
-0.043638
0.0262133
0.0185288
0.00161031
0.00443965
0.00360121
0.015293
0.00240672
0.00472981
0.0262457
0.00443848
0.00161065
0.0185152
-0.0252239
-0.0434104
0.0176041
0.0452463
-0.0797771
0.00403784
0.00492718
-0.0520438
0.00698752
-0.000442439
-2.6059e-05
0.00749594
0.00692421
0.00743439
-2.63045e-05
-0.000444964
0.0068084
0.000274557
-5.13672e-05
0.00295478
0.00678728
0.00294098
-5.15169e-05
0.000274152
0.0747294
0.0497646
0.00556104
0.0279581
0.105127
0.0178474
0.0187109
0.126246
0.104999
0.126379
0.0186873
0.0178333
0.0747617
0.0278639
0.00554086
0.0497438
0.114951
0.0805843
0.00897091
0.0796703
0.0720625
0.0162012
0.0520346
0.0960914
0.0720547
0.096067
0.0520601
0.0161882
0.115114
0.0796537
0.00894252
0.0804978
-0.0246336
-0.022816
0.000308758
0.000538507
0.000223114
0.00250516
0.00353235
0.0223028
0.00456539
0.0031343
0.00264183
0.0031928
0.000203425
0.000152291
-0.000152242
0.000127888
-0.02463
0.000545023
0.000304163
-0.022815
0.000198629
0.000130212
-0.000148557
0.000153513
0.00455703
0.0031932
0.00265175
0.00314369
0.000223184
0.022305
0.00352371
0.00250956
0.00720541
0.00107236
0.00111539
0.00293559
0.00720467
0.00293607
0.00111437
0.00107206
0.00402281
0.00115419
0.00113624
0.0018993
0.0040225
0.00189937
0.00113736
0.0011549
0.0922379
0.0801186
0.0175831
0.0180722
0.0768512
0.0187822
0.0154422
0.0732449
0.0768271
0.0732443
0.0154425
0.0187852
0.0921947
0.0181067
0.0175894
0.0801405
-0.0726855
0.0145435
0.00975976
-0.0399527
0.0123553
0.012548
-0.000154321
0.00998006
0.0368424
0.0133705
-0.00022873
0.0223075
-0.0112198
-0.0279904
0.0291594
0.0416902
-0.0726982
-0.040064
0.00964
0.0148358
-0.0111265
0.041779
0.0290489
-0.0280882
0.0368376
0.0223355
-0.000229044
0.0133704
0.0125282
0.0104553
-0.000154512
0.0125742
0.00434417
0.000242086
-0.00278983
0.00337928
0.00434402
0.00368496
-0.00279125
0.000241529
0.00857949
0.000927335
-0.00106576
0.00668408
0.00839668
0.00620172
-0.00106286
0.000924323
0.103527
0.221816
0.0204481
0.0194353
0.0627333
0.0068904
0.0313378
0.0236441
0.0627268
0.0236544
0.0313855
0.00691584
0.10361
0.0194193
0.0204496
0.221956
0.114215
0.105361
0.032463
0.0652223
0.11432
0.0651942
0.03244
0.105299
0.0430024
0.0112317
0.0043363
0.0793138
0.0430218
0.0792715
0.00434117
0.0112342
-0.0107346
0.00274058
-0.0141148
-0.00407467
0.00279319
-0.00442973
0.00162922
0.0175902
-0.000210601
0.000258722
0.0139009
0.00574623
0.00274704
-0.00954784
-0.0141882
0.00279058
-0.00309733
-0.0041444
0.0190308
0.00157412
0.00186839
0.0138852
0.000260376
0.00580237
-3.26169e-05
-6.32728e-05
0.0245248
0.0093348
0.00142988
0.000512135
0.0297839
0.0047358
-0.000147096
-1.48421e-05
-1.78378e-05
0.0171717
-0.000429371
6.40411e-05
8.38953e-05
0.0186098
-3.21625e-05
0.00933429
-6.32408e-05
0.0245224
0.00142832
0.00473776
0.000511919
0.0297824
-0.000152702
0.0171434
-1.56178e-05
-1.61889e-05
-0.000425888
0.0185995
6.54968e-05
9.80694e-05
4.01452e-05
0.000470907
0.0073416
0.044042
-6.90587e-06
1.44019e-06
-0.000434606
0.0875647
-0.019238
0.00944075
-0.00461276
0.00270689
0.00191082
1.85979e-05
0.0143163
0.0328961
0.000136517
0.000136398
0.000573703
0.0933207
4.39802e-07
-3.42502e-07
0.00853942
0.00275079
0.00301335
0.0030034
0.0151429
-0.00359161
0.00619333
0.00932169
0.00520089
0.0251694
0.000922932
0.000922927
-0.0276423
0.00533298
0.00530945
0.00808831
0.00485959
-0.0652803
-2.90841e-05
0.000289521
0.00728227
0.0436967
-0.0193483
0.00883115
-0.00462112
0.00270469
0.00191928
0.000130694
0.0143696
0.0328125
3.89727e-07
-0.000255504
0.00921906
0.00336184
0.00626224
0.00932509
0.00529421
0.0251845
0.00530319
0.00829191
0.00486202
-0.0652627
-0.00109003
0.000417652
0.0182414
0.000603686
2.28779e-05
0.000107705
8.06695e-06
-0.00013896
-2.38611e-06
-2.46382e-06
-0.000197533
-6.63759e-08
0.000717402
1.96687e-05
0.00075867
0.000163673
2.21541e-06
2.17421e-06
7.79235e-06
-0.000291254
4.83853e-05
-0.000214324
0.000107402
0.0160917
0.00314036
0.00310504
0.00131086
0.000580864
0.00344208
0.00344118
0.0018628
-1.42917e-05
-0.0010903
0.000417089
0.0182448
0.000604508
2.80169e-05
0.00011628
1.86016e-05
-0.00012676
0.00071959
2.00302e-05
0.000818123
0.000116874
5.00908e-05
-0.00018932
0.000106606
0.0160814
-5.2256e-05
7.46022e-06
-0.00117812
7.00916e-05
-5.22536e-05
7.46224e-06
-0.00117809
7.042e-05
8.60757e-07
-7.94022e-06
-7.87744e-06
-5.02535e-07
-0.0109348
0.00506395
0.00506371
0.000489107
0.00361461
0.0107085
0.010669
0.00366616
7.48274e-05
0.000199734
-0.000256775
-1.46636e-06
7.89691e-05
0.000197604
-0.000258534
6.17117e-06
2.29211e-06
6.33708e-06
6.06689e-06
2.41489e-06
0.00270991
0.00019734
0.00054382
0.00272613
-0.000168169
1.8625e-06
1.56105e-06
0.00012111
-0.000168205
1.81259e-06
1.50412e-06
0.000120824
-1.08176e-07
1.98186e-05
2.08159e-05
-1.301e-07
0.00433142
0.00439704
0.00423409
0.00414554
0
0.0259995
0.00131867
-4.44089e-16
0.000303121
0.000254645
0.00709154
0.0503909
7.1448e-07
4.82337e-07
-0.00040137
0.0507834
-2.37983e-05
-0.0103517
0.00371521
0.0107472
0.00127818
-0.000285816
0.00927065
0.0325398
0.00824356
0.000168806
0.000527023
0.0819594
-2.00426e-07
9.75906e-05
0.0052968
0.00385556
0.00043987
0.000308179
0.0106104
0.0380655
-0.000154572
-0.0013686
0.00959942
0.00640328
0.0021366
-0.000587492
0.00371993
0.0341285
0.00339701
0.00245911
0.0105879
0.0298295
0.000302554
0.000708247
0.00778995
0.00356367
0.0012004
0.00187604
0.00474898
0.0351208
7.13291e-07
4.86148e-07
-0.000406608
0.0509512
0.000316286
0.000167104
0.00704418
0.0502718
7.15775e-07
-0.0103237
0.00350113
0.0106253
0.00825785
0.000170555
0.000524599
0.0820475
0.00133201
-0.000271181
0.00927332
0.0325532
-1.91989e-07
3.44466e-07
0.00564722
0.00419966
-0.000158592
-0.00136758
0.00862696
0.0063161
0.000760001
0.000233774
0.0106384
0.0382121
0.00227864
-0.000591151
0.00371819
0.0341527
0.000292732
0.000723556
0.00827092
0.0035892
0.00340587
0.00124155
0.0106
0.0297491
0.00124753
0.00186926
0.00472938
0.0351532
-0.0172276
-0.00585972
0.0173352
0.00157665
-0.00294198
-0.00305807
0.0280943
0.00250844
-2.26668e-07
0.000383749
0.000984348
-9.95818e-05
0.00112191
0.0010501
0.000922682
-4.59931e-05
-0.0195129
-0.000207598
0.010688
0.00161297
0.00182144
2.01427e-06
0.017588
0.000273296
-4.84808e-05
0.000253051
0.000612454
6.32214e-05
0.00142594
0.0011769
1.03011e-06
0.000990265
-0.0041648
0.0133666
-6.27504e-05
0.103465
8.68039e-06
-2.78058e-05
0.000442216
0.000454081
-4.3065e-05
5.74726e-05
8.05944e-05
0.0160096
0.0487376
0.00402613
0.000673656
0.000527282
-0.000403629
-0.00670062
-0.000565781
0.195695
-6.33747e-06
-0.000518764
0.00061598
0.000635212
0.0036523
0.00255945
8.52038e-05
0.015082
0.044894
0.00386613
0.0036145
0.00186591
-0.0173252
-0.00570105
0.0173682
0.00160443
0.00112579
0.00105132
0.000922752
-4.63269e-05
-0.0029408
-0.00305705
0.0280873
0.00250747
-1.71559e-07
0.000384294
0.000976101
-9.84311e-05
-0.0195038
9.89382e-05
0.0107438
0.00161188
0.00149811
0.00117622
1.37127e-06
0.000990032
0.00182042
2.01615e-06
0.0175858
0.000274783
-4.64046e-05
0.000251939
0.000615345
7.03128e-05
-0.00397939
0.0136217
-0.000715629
0.120588
0.0487724
0.00402699
0.000640133
0.000491829
8.26151e-06
-2.7802e-05
0.000444629
0.00045292
-3.96753e-05
6.5207e-05
7.79294e-05
0.0159953
-0.000225717
-0.00640652
-0.000567092
0.196238
0.044883
0.00385496
0.00356602
0.00187399
-6.20176e-06
-0.000516839
0.000613826
0.000636176
0.00371276
0.00255461
9.11461e-05
0.015112
1.37729e-05
-2.90251e-05
2.15286e-05
-0.00215097
0.00314223
-0.00170332
0.00529006
0.00644678
-5.28742e-07
9.30719e-07
-6.12502e-06
-6.16012e-06
0.00598877
-0.00847829
0.0034932
0.00343003
0.0026245
-0.000972275
3.09056e-07
4.6496e-05
0.000745198
-4.48302e-06
9.05398e-07
-5.58709e-07
0.000136117
-0.000170518
2.04501e-06
-1.33837e-07
0.00521349
0.0234007
0.000107742
0.0029708
1.57743e-07
-2.27699e-07
6.14115e-05
5.97373e-05
0.00364149
0.00923926
0.00321671
0.00321753
-0.00159746
5.76751e-08
8.5398e-05
-0.00011649
0.00119894
-0.00238275
-3.60828e-07
-0.00231065
0.000212566
0.000634615
0.00196155
0.00196521
0.00268646
-0.0302189
0.00195676
0.00195561
1.31494e-06
-1.0284e-05
0.000162025
-0.000234175
0.0459132
-0.000555505
0.000212904
-0.00169472
0.000601291
0.00510094
0.00566049
0.00566478
0.000454719
0.00027038
0.001913
0.00187193
0.00106061
1.05542e-06
-0.000229676
0.00120159
0.0349301
0.00486399
0.00241195
0.00326357
1.36701e-05
-2.8983e-05
2.13343e-05
-0.00215104
0.00288269
-0.00167909
0.00624282
0.00528985
0.0026057
-0.000970117
4.33952e-06
4.61209e-05
0.000744792
-4.10346e-06
9.16e-07
-3.40417e-07
0.000136083
-0.000170633
-5.44986e-07
2.00054e-06
0.00517399
0.0228323
0.000104456
0.00297091
-0.00159605
-6.51701e-08
8.58157e-05
-0.000116617
0.00119903
-0.00238777
-3.47951e-07
-0.00231211
1.32413e-06
-1.03053e-05
-0.00023411
0.00016245
0.0458113
-0.000616613
-0.00173744
0.000226576
0.00105409
8.89929e-07
0.00128111
-0.000229667
0.0349343
0.00470809
0.00326333
0.0024412
-0.0144747
0.000446386
-5.28429e-05
1.81077e-06
0.00131693
0.00113533
1.04857e-07
9.59976e-08
-0.0129335
0.00593503
0.000699122
0.000165968
-0.000189193
0.000159519
7.6329e-05
2.87373e-05
-2.93178e-05
-1.53923e-05
-1.17145e-05
-7.78458e-06
-1.304e-08
1.12251e-07
-3.20959e-06
-3.01042e-06
0.0013678
0.000699559
0.000158515
5.40719e-06
-0.0364955
0.0130554
0.00149366
0.000587655
1.27686e-06
5.50695e-07
-4.36868e-06
-4.41888e-06
-2.69988e-05
-0.00156605
-1.7874e-05
-2.02668e-05
-1.84962e-05
8.23991e-08
0.000109306
0.00020763
0.0415203
0.00398034
0.000307816
0.00109323
0.00148692
0.00118007
0.00275893
0.00276025
0.000708887
0.000333878
0.002917
0.00291815
0.00321575
0.000639672
0.00273698
0.00273678
0.000799587
0.00286736
0.00241691
0.00240965
-0.0144719
0.000448293
-5.39636e-05
1.18202e-06
0.00139172
0.0011339
6.74355e-09
-7.35877e-08
-0.0128162
0.0061045
0.000298789
0.000953056
-0.000195847
0.000161161
7.64606e-05
3.05293e-05
0.00138952
0.000701769
6.11816e-06
0.000158477
-0.0366611
0.0128383
0.00114072
0.000377442
-8.36042e-06
-8.19671e-06
0.000217974
0.000119774
0.0415142
0.00398246
0.00110034
0.000115747
-8.18652e-05
0.00211676
-0.00288864
0.000153049
0.000200304
-0.0067155
0.00172189
0.000279197
0.00318112
-0.0343771
0.0181504
0.000461344
0.000975578
2.90172e-06
-1.18038e-05
-0.000230163
-8.17666e-05
0.00212446
-0.00288973
0.00015389
0.000968726
2.88152e-06
-1.19373e-05
-0.000230183
0.00382738
-0.0340139
0.0191444
0.000736368
0.00014923
-0.00674076
0.00169388
-0.0001202
-5.36787e-07
0.000691172
-3.16093e-06
9.76088e-07
-5.42629e-07
0.000749022
-3.0482e-06
9.7833e-07
0.000783369
-3.08889e-05
-1.61508e-05
-9.17309e-06
0.000772662
-3.09682e-05
-1.63815e-05
-7.12264e-06
0.00562896
-0.0140281
0.000504998
0.00118814
0.00378032
0.000970904
0.00263985
0.00274766
0.00365443
0.000973171
0.00262865
0.00277091
0.00456133
-0.014002
0.00051546
0.00119994
-0.0248768
0.00271757
-0.00156554
-0.0130289
0.00262187
0.0080694
-0.0117294
0.000730993
0.00808886
0.00263343
0.000726433
-0.0120183
0.00295164
-0.0252721
-0.0129514
-0.0011817
-7.18414e-07
1.28352e-05
1.81909e-06
0.000583658
-0.0177184
0.00136833
0.000667639
0.000399167
0.000832606
-2.15461e-05
-2.00066e-05
0.00105277
0.000398215
-8.12969e-06
-6.32744e-05
0.000377917
-2.17302e-06
1.29571e-05
2.82959e-06
0.000583766
0.00039654
-8.13736e-06
-6.30779e-05
0.000357591
0.000850726
-2.56017e-05
-1.82291e-05
0.00104923
-0.0177177
0.00136921
0.000667637
0.000400569
0.00120384
7.40008e-08
-3.68559e-07
0.00111251
1.01806e-07
0.00134013
0.00111297
-3.19884e-07
2.04594e-06
0.00145673
0.00115288
9.57416e-07
0.00139259
2.02903e-06
7.84238e-07
0.00115394
0.0434064
0.000224828
0.000402932
0.00364375
0.038855
0.00303647
0.000779292
0.00437347
0.00301926
0.0388426
0.00437767
0.000769032
0.000201629
0.0434447
0.00365972
0.00034328
1.8959e-05
-0.0196143
0.00513434
0.00182744
9.02077e-05
-0.00237837
-1.46469e-08
-0.000117078
0.000187103
5.10063e-06
-1.31686e-06
-0.000240086
-0.00307703
-0.0182208
0.0156135
0.00630961
6.66664e-06
-0.0201598
0.00510869
0.00157607
-0.0030299
-0.0180276
0.0155935
0.00647556
0.000186923
3.52512e-06
-1.31828e-06
-0.000240191
9.02414e-05
-0.00237741
-1.13189e-07
-0.00011722
0.00113043
-2.90872e-05
5.38454e-07
-1.51015e-05
0.00115189
-2.96593e-05
-2.00792e-08
-1.53205e-05
1.83347e-07
0.00455655
3.14922e-05
-2.65058e-07
1.80632e-07
0.0045454
3.28025e-05
-2.63459e-07
0.00338688
0.000269691
0.00124608
0.00262126
-0.0201524
-0.0234946
0.00668626
0.00297625
-0.0196627
-0.023475
0.00669729
0.00297769
0.00354804
0.000278787
0.00125603
0.00262879
-0.00468102
0.00293609
0.00911759
0.00101189
0.00284598
-0.00489587
0.000871769
0.00897546
0.00140341
-1.14859e-05
0.000991843
0.0223542
4.47036e-05
0.00142797
0.022218
0.000967286
0.00894147
0.0468515
0.000275878
0.0582817
0.00165307
0.0114737
0.00807468
0.0313342
0.000265534
0.05174
0.00412531
0.00453227
0.0068615
0.0294971
0.00793627
0.00563478
0.00292689
0.03045
0.0136949
0.0200429
0.0110896
0.00255939
0.0052506
0.0341636
0.000271359
0.0582215
0.0086046
0.0463648
0.00157949
0.01143
0.000266934
0.0521925
0.00808153
0.0312577
0.00420987
0.00461855
0.00826797
0.00595561
0.00684498
0.0303082
0.00305714
0.0336722
0.0110672
0.00253898
0.0135701
0.0202373
0.00537305
0.0344523
-0.0314789
0.0153343
0.0276028
0.00684773
0.000468746
-7.17098e-05
1.9986e-06
8.51254e-07
0.0188144
0.0119177
0.0247859
0.00171032
-0.00781774
0.000316405
2.57163e-06
3.33151e-06
5.00743e-06
0.0123768
0.000271445
0.000300419
1.807e-06
0.0162382
0.000769628
-7.825e-07
-0.000370596
0.0152116
7.60252e-05
-0.000523958
0.000100006
0.017793
0.000855653
0.000586399
-0.0314628
0.0153321
8.00202e-07
8.02727e-07
0.0276
0.00684825
0.000464656
-7.17502e-05
0.0186665
0.0119172
2.74293e-06
4.11155e-06
0.0247849
0.00171129
-0.00782402
0.000318058
-1.08019e-05
0.0124813
0.00086265
-3.32681e-05
0.000270918
0.000299311
-1.18768e-06
0.0162459
-0.000368989
0.0152063
0.000883871
0.000581985
7.96897e-05
-0.000505881
8.63318e-05
0.0178035
0.00798825
0.0471648
0.00932434
0.0457252
2.57463e-05
-0.00231061
-0.000169539
0.00165867
-0.000425155
0.0847559
-0.000430635
0.0847246
-5.30225e-06
-5.34089e-06
0.00310273
0.00309857
-0.00614777
0.00254698
0.00632551
0.00900625
0.000710143
-0.000736515
1.586e-06
-7.69055e-07
0.0112562
0.030213
0.0175136
0.0324878
2.75581e-06
-1.08978e-06
0.000128797
0.00221173
0.000564336
0.091118
0.000565939
0.0911161
8.14594e-05
7.94344e-05
0.00300259
0.00300259
0.00695762
0.00324786
0.0106611
0.00225405
2.80007e-05
6.60334e-06
-2.57154e-07
5.27654e-07
0.00550869
0.00661225
0.00546179
0.00624218
0.00148742
0.00153371
0.00222061
0.00222575
0.000976328
0.036608
0.00777517
-0.0703824
0.00171374
-0.000302407
0.00219888
-0.0246837
-0.010036
0.00510114
-0.0100493
0.00509438
0.00071513
0.000628686
0.00142728
0.00142631
0.00876282
0.01593
0.00384334
-0.0704908
-0.00147827
0.00686091
0.00532403
0.00306331
0.00799436
0.0471394
0.00921189
0.0456609
2.54819e-05
-0.00230992
0.00153803
-0.000234774
-0.00618705
0.00254602
0.00565766
0.00855602
0.000713667
-0.000675647
1.81921e-06
-7.53616e-07
0.0112852
0.030244
0.0179549
0.0331455
-1.02382e-06
2.34054e-06
0.000124916
0.00218714
0.00750883
0.00378096
0.0111818
0.00276246
2.82395e-05
6.33893e-06
-2.62018e-07
5.34968e-07
0.000977516
0.0366195
0.00777409
-0.0703135
-0.000291192
0.00169202
-0.0246513
0.00217881
0.00875414
0.0159271
0.00388999
-0.0702868
0.00683113
-0.00148424
0.00306688
0.00533943
0.0326059
0.0032015
0.0169178
0.000273544
0.00041875
6.08628e-05
-7.10691e-08
-2.93809e-07
0.000342926
-0.000149499
0.00036932
0.000175018
-1.77531e-07
0.000344606
1.17209e-05
4.1354e-05
-0.000179959
-9.90985e-08
-0.000179874
-6.6049e-08
-1.03748e-05
-1.02344e-05
-2.78747e-06
-2.74536e-06
0.000763691
7.60461e-05
0.000966956
0.00126769
0.000227206
-2.72822e-05
0.000689571
-0.000412324
6.67242e-07
-0.000271201
6.27538e-07
-0.000271181
-4.66892e-06
-4.67329e-06
-1.91433e-05
-1.91931e-05
6.68647e-05
0.016016
0.000126963
0.0163911
2.16942e-05
9.1178e-05
-0.000439092
0.00031548
0.000552632
0.000376895
0.00055104
0.000326338
0.00304693
0.00300804
0.00303982
0.00302559
0.00228447
-0.000135119
0.00228346
-0.000123985
0.00288564
0.0028847
0.00292569
0.00293177
0.032602
0.00320053
0.0169158
0.000275245
0.000418865
6.02908e-05
-1.67063e-07
-3.74379e-07
0.000341368
-0.000152343
0.0003692
0.000178626
0.000368255
-7.52226e-07
1.17213e-05
4.21341e-05
0.000760231
7.11515e-05
0.000967698
0.00126339
-2.87514e-05
0.000227853
0.000651651
-0.000192629
7.05955e-05
0.0160099
0.00012508
0.0163166
8.82645e-05
1.78163e-05
0.000225863
-0.000346389
1.39181e-05
-0.00158971
-3.16045e-05
5.5121e-05
0.000141452
-0.000198495
1.66194e-07
-0.00052466
1.38736e-05
-0.00158985
-3.15448e-05
5.56748e-05
-0.000198435
0.000141917
-0.000524657
1.76055e-07
-7.03385e-06
-7.01154e-06
8.72441e-07
-5.20345e-07
8.72518e-07
-5.08753e-07
-8.78975e-06
-8.72514e-06
0.00218303
0.00200495
-0.00615726
0.00130656
0.00129828
-0.00575567
0.0038808
0.00387923
0.01055
0.00841648
0.00353894
0.00353948
0.00344911
0.00343295
0.00845158
0.0106523
0.000275092
-0.000373154
6.73926e-05
1.43615e-05
9.64462e-05
3.73515e-06
-2.3814e-05
0.000222406
0.000273864
-0.000372741
6.39582e-05
1.57503e-05
7.43773e-06
9.54283e-05
0.000229367
-1.79198e-05
1.77963e-07
-1.12539e-07
-3.54643e-06
-3.36551e-06
-4.05836e-06
-4.15492e-06
2.02137e-07
-8.88366e-08
0.000226064
0.000626689
0.00291137
0.00291253
0.00272136
0.00272188
0.000625293
0.000222022
1.56127e-06
1.78401e-06
0.000102247
-0.000142834
-0.000200031
0.000143383
3.23866e-06
1.88144e-06
1.80788e-06
1.54883e-06
0.000101811
-0.000142894
0.000143582
-0.000199975
3.3903e-06
1.77686e-06
4.14404e-05
3.97833e-05
-1.33624e-07
-1.08895e-07
-1.37604e-07
-3.41247e-07
-5.42383e-08
-6.75741e-08
0.00505793
0.00503477
0.00431039
0.00480552
0.00472323
0.00422641
0.0032428
0.00324128
0.022737
0.00130339
0.00321773
0.00319311
-1.9315e-09
-1.9315e-09
0.0227141
0.00130342
0.00244111
-0.0036963
0.00182792
0.000124248
0.000654309
-2.57407e-06
-0.0368067
-0.0230442
-0.000593357
4.99724e-05
-6.79043e-07
1.74362e-06
-0.00247514
8.78608e-07
0.00106557
-0.000569156
0.00505639
8.47795e-05
-0.000420917
0.000791198
-2.68724e-05
2.90317e-05
-4.74476e-07
5.82712e-07
0.0019789
0.000735061
0.00511848
0.00307871
0.00059289
0.0102136
0.00393422
0.000750524
0.00133031
-0.000270119
0.00530071
0.00417374
0.00345789
-2.63214e-06
0.00397452
0.0153921
-0.00159039
-0.0108194
0.00223574
0.00113024
0.00448073
-0.0020762
0.0114846
-0.0156901
0.000702399
-2.50867e-06
-0.0366343
-0.0227947
0.00247806
-0.00369734
0.00131098
5.75529e-05
-0.00051413
4.8749e-05
-9.61295e-07
1.12191e-06
0.00507067
8.32679e-05
-0.000188338
0.000832299
-0.00247423
8.59641e-07
0.000946018
-0.000593036
-2.66808e-05
2.87756e-05
-4.48681e-07
5.81998e-07
0.00163612
0.00927756
0.0038895
0.000738848
0.00196335
0.000443961
0.00508272
0.00312693
0.00132147
-0.000270024
0.0052338
0.00420674
-0.00106564
-0.0133769
0.00229282
0.00124531
0.00333381
-2.33345e-06
0.00409635
0.015199
0.00437476
-0.00207795
0.0114972
-0.0156845
-0.00647993
-0.00493983
0.00100873
-2.49773e-05
-3.2543e-07
0.000363661
1.44032e-07
-1.63911e-07
0.000256608
-1.75296e-07
-2.69791e-05
0.000463481
0.00183335
-9.42514e-06
0.00117904
0.0011012
-0.0196706
0.00361517
0.00100065
-2.47776e-06
0.00486811
0.00136039
3.81928e-06
1.36061e-06
-0.0086032
0.000332785
0.000447114
-2.44495e-06
0.00141011
0.00116518
0.00213905
-1.38721e-05
-0.0221225
0.0134501
0.045142
0.00738579
-5.3534e-05
2.1333e-06
-5.76639e-06
-1.63372e-05
0.000242358
0.000134941
6.27703e-05
-0.000172221
0.0985611
0.00351815
0.0446097
0.00361173
-0.000336396
0.0165049
0.0638904
0.00408942
0.000285514
-3.07424e-05
-4.00888e-05
2.28538e-07
0.00165054
0.00112131
0.00322224
0.00199021
0.0416961
0.00377907
0.117038
0.0038532
-0.00637179
-0.00483587
0.00100808
-2.47436e-05
0.00183574
-8.00285e-06
0.00125616
0.00110285
-1.88271e-06
0.000361792
1.78687e-07
-5.28273e-08
0.000252352
-5.12786e-07
-2.72021e-05
0.000463671
-0.0182258
0.00359099
0.0010027
-4.42272e-07
0.0014846
0.00116414
0.00216489
-1.43493e-05
0.00486689
0.00136079
3.9254e-06
1.45125e-06
-0.00860292
0.000332449
0.000444905
-5.96355e-06
-0.0218131
0.0140519
0.0453731
0.0072751
0.0986806
0.0034986
0.0440387
0.00354229
-5.34692e-05
-8.98028e-07
-4.61466e-06
-2.00143e-05
0.000243581
0.000140901
9.67297e-05
-0.000182776
-0.000332753
0.0165441
0.0639954
0.0041818
0.0415954
0.00376424
0.117219
0.00385544
0.000380781
-3.06588e-05
-4.15155e-05
-3.66458e-06
0.00165909
0.00111597
0.00321968
0.00199336
-8.57022e-06
-6.47155e-07
0.000140886
-0.000195821
-0.00249231
0.0013106
0.00117052
0.00448997
-5.55111e-07
9.42873e-07
9.4367e-07
-5.32487e-07
-0.00861527
0.00636639
0.00629885
-0.00865799
0.0020952
-0.00146467
-0.000440876
0.00378348
-3.82129e-06
0.000694251
0.000754935
-5.03966e-06
0.000113167
-0.00014428
-0.0002057
0.000158433
0.0012031
0.00594934
0.00399833
0.0275896
1.65491e-07
-2.39706e-07
-2.39027e-07
9.57687e-07
0.00340799
0.00919792
0.00911288
0.00340624
-0.00104026
3.60047e-07
-3.15072e-07
-0.00192555
0.00186318
0.00116563
0.00402799
-1.97052e-05
0.000454946
0.000399027
0.000442985
0.000447699
0.00515841
-0.0263529
-0.0263777
0.00513887
0.00149091
-7.88626e-06
-1.033e-05
2.07702e-06
0.00294683
-0.000129267
0.00327769
0.0193402
0.00751114
0.00474624
0.00476768
0.00744528
0.00083862
0.00160407
0.00159747
0.000794164
0.00137532
3.10898e-07
0.0010363
0.00318403
0.0157205
0.00349917
0.00563851
0.0328699
-7.92349e-07
-8.47972e-06
-0.000195727
0.000140619
0.00475192
0.00101938
0.00128385
-0.00231446
-0.00146165
0.00208777
0.00380177
-0.000429368
0.00073053
-3.57552e-06
-4.29704e-06
0.000760199
0.000158583
-0.000205711
-0.000144372
0.000113049
0.00591039
0.00117867
-0.00627831
0.00401242
2.65306e-07
-0.00103949
-0.00192426
-3.19938e-07
0.00117461
0.00186368
-2.162e-05
0.00403618
2.05026e-06
-1.03362e-05
-7.86007e-06
0.00151998
0.0193107
0.00328001
-0.000128504
0.00282765
0.00323173
0.00111528
3.13519e-07
0.00137539
0.0330243
0.00561694
0.00350516
0.0156944
0.000343106
0.000697242
0.000571268
-0.0185074
0.00112394
0.00127433
0.001356
0.00114402
-0.00970341
0.00327511
0.0149455
-0.036795
4.58288e-06
-0.000352463
9.57749e-05
0.000288788
-2.79284e-05
-1.37725e-05
-1.40039e-05
-2.80884e-05
-4.74505e-08
1.14828e-07
1.06024e-07
2.06675e-08
0.00153125
0.000505423
0.000815068
0.000941184
0.0078852
-0.0304858
-0.0315069
0.0201771
1.28823e-06
5.5455e-07
5.54495e-07
1.28737e-06
-2.58711e-05
0.00187976
0.0018787
-2.74385e-05
-1.4625e-05
-7.53832e-05
-1.97501e-05
-4.75544e-06
0.0422456
0.00391543
0.00420947
0.0407108
0.000846119
0.00129554
0.00128752
0.000814545
0.000116772
0.000336497
0.000322368
0.000117915
0.00317093
0.000670402
0.000671136
0.00316378
0.00240472
0.000516468
0.000513681
0.00243219
0.000690303
0.000341131
-0.0185069
0.000568791
0.00140368
0.00112368
0.00114293
0.00142552
-0.0368064
0.014926
0.00329448
-0.00969277
-0.000354099
5.53692e-06
0.000279494
9.84242e-05
0.00100381
0.000808971
0.000507021
0.00156512
-0.0308345
0.00763783
0.0201867
-0.0307175
-4.65472e-06
-1.97416e-05
-7.89788e-05
-1.18431e-05
0.0407178
0.00421272
0.00395871
0.0421861
-0.000316043
0.00303693
0.00235804
0.0102711
-0.00501664
0.00253325
0.0017776
-0.00191016
-3.15781e-05
-1.64762e-06
-0.00225088
-0.00119589
0.00768158
0.00411325
-0.00336963
3.12132e-05
0.0294884
0.00123522
-0.00604472
-0.00957863
0.000175313
-0.0108548
-0.00816931
0.000710956
6.63875e-05
-0.000656211
0.00232079
0.00442422
-0.000609539
0.00050878
0.00330996
0.00241522
4.54128e-05
-0.0127473
-0.0282502
0.000273528
0.0135926
0.000939442
0.0164754
0.0180245
-0.000772352
0.0104362
0.0192602
0.000142399
0.000311941
0.000445296
-0.0378215
-0.0191715
0.00961252
0.0103611
0.00115973
0.00742648
0.00712666
-0.00221085
0.000549452
0.0100919
-0.00144962
-0.000226097
-0.000223521
-0.001911
0.000891837
0.00030211
-0.000247747
-0.000250166
-0.00057686
0.00980317
0.00253136
0.00290274
0.00765455
3.0801e-05
-0.00337037
0.00409412
-3.15668e-05
-0.00119265
-0.0022508
-1.64435e-06
-0.00504514
-0.00198679
0.00177585
0.00251496
0.0097583
0.00755899
0.00115186
0.0103603
0.000890856
-0.000250147
-0.000247698
0.000300576
-0.00144963
-0.00191109
-0.000223453
-0.000226024
0.00703854
0.0100658
0.000545914
-0.00221062
4.60734e-05
0.000274534
-0.0279138
-0.0125143
0.000317593
-0.0190411
-0.0377199
0.000446462
-0.000772003
0.000142847
0.0196075
0.0105033
0.0134382
0.0182725
0.0167465
0.000928717
0.0294942
-0.00947015
-0.00600127
0.00122417
-0.000302852
0.00234491
0.00337439
0.000428284
6.69482e-05
0.00451051
0.00232403
-0.000647002
0.000179627
0.000711525
-0.00817574
-0.0107842
0.00697864
0.000594164
0.000657865
0.0111097
-0.000434792
-6.24319e-06
-3.40286e-06
-0.00041743
-6.62285e-06
-3.26505e-06
-2.53315e-06
-5.64477e-06
0.00262828
0.0066485
0.000670271
0.000721017
0.00695395
0.0110269
0.000708517
0.000628744
0.0026267
0.00073899
0.000724798
0.00658682
-6.58026e-06
-5.64099e-06
-2.35032e-06
-2.94385e-06
-0.00043756
-0.000422676
-3.31353e-06
-6.28009e-06
0.0135595
0.00229872
0.00126256
0.00740439
-0.000199539
-3.8624e-05
-3.70796e-05
0.000363068
-8.83782e-06
-4.71699e-06
-2.22678e-05
-2.38358e-05
0.00562983
0.00505588
0.000748045
0.000751764
0.0135604
0.00739239
0.0012585
0.00229147
0.00585588
0.000749322
0.000739624
0.00526681
-8.8369e-06
-2.38231e-05
-2.35365e-05
-5.31024e-06
-0.000199448
0.00036146
-3.85767e-05
-3.85385e-05
0.0313953
0.0367198
-0.00120245
0.0137586
0.0339728
0.0325125
-0.0169023
0.0386652
-0.00581997
0.00282893
0.000523428
-0.00146562
0.00584277
0.00127367
0.00620897
0.00211756
0.0123681
0.0922412
0.0548599
0.101801
0.00416527
0.00434588
0.00391041
0.00373798
0.00490849
0.0034056
0.00467446
0.00444363
-0.0187804
-0.0118385
0.0154176
0.0197937
0.0124374
0.102527
0.0549343
0.0922556
-0.0188275
0.0200447
0.0153182
-0.0112836
0.00492187
0.00418545
0.00468399
0.00340925
0.00411358
0.0037066
0.00390281
0.00434652
0.0324658
0.0130973
-0.00101643
0.0389563
0.00596477
0.00214111
0.00575715
0.000935428
-0.00575677
-0.00150513
0.000530779
0.00282949
0.0339864
0.0386765
-0.0170798
0.0324523
0.0684754
0.0482247
-0.0242194
0.049201
0.0441703
0.00417064
-0.0226459
0.0494285
0.0142784
-0.00501235
-0.0143207
0.00529446
0.0891135
0.0683621
-0.0116777
0.00946255
0.0298615
0.00694636
0.0111697
0.0389639
-0.00506116
0.00572021
0.00714953
0.00692063
0.0132272
0.00722238
-0.0190287
-0.027706
0.0453303
0.0470065
-0.000432008
0.00956655
0.0317867
0.0392144
0.011229
0.00687373
0.0450149
0.00939234
-0.000607624
0.0468128
0.0132452
-0.0277193
-0.0193296
0.00710119
-0.00505456
0.00691075
0.00717884
0.0057225
0.0682095
0.0492409
-0.0247143
0.0479695
0.0891089
0.00942827
-0.0116058
0.0684443
0.0143048
0.00529587
-0.0143717
-0.00504341
0.044012
0.0493535
-0.022617
0.00411886
0.0265075
0.0277731
6.65608e-06
-8.58249e-05
0.0254307
-0.00701965
0.000184512
0.0305659
0.000313445
0.000140331
0.000408733
0.000713017
-0.000241117
0.000277534
0.000535714
-0.000251055
0.0286412
-0.00354685
-0.0119286
0.0223902
0.00118785
0.00165319
0.0019668
0.00111164
-0.000217822
0.000525345
0.000897862
0.00072025
0.017584
0.0177687
-0.0175095
-0.0165393
0.000103855
0.00245751
0.00122466
0.000340721
4.27043e-05
7.09756e-05
0.00108502
0.00207778
-0.000165315
0.00073917
0.000872265
7.42445e-05
0.00089527
0.000733901
0.00077822
0.00112909
0.000177833
0.000416988
0.000360253
0.000141932
0.000170233
-3.25523e-05
0.000202344
0.000263113
0.000273321
0.000167305
0.000312055
0.00027986
0.000133794
0.000132185
0.000244373
0.000149309
0.0265056
-8.52733e-05
5.85605e-06
0.0277694
-0.000233681
-0.000258951
0.000532764
0.00026158
0.00031176
0.000712141
0.000410715
0.000141426
0.0254298
0.0305592
0.000183233
-0.00701998
0.000174988
0.000144764
0.000361067
0.000415518
0.000132561
0.000152802
0.000245043
0.000138464
0.000277576
0.00028194
0.000292662
0.000174414
0.000178465
0.000263657
0.000203413
-3.16807e-05
0.000106534
0.000341465
0.00121228
0.00248805
0.000898349
0.00115606
0.000822801
0.000731745
-0.000160589
8.02584e-05
0.000867403
0.000738004
4.56579e-05
0.00207597
0.00108025
7.40665e-05
0.0286396
0.0223891
-0.0119264
-0.00354448
0.0175848
-0.0165378
-0.0175089
0.0177662
-0.000220209
0.000721952
0.000897817
0.000512179
0.00118482
0.00111087
0.00196792
0.00171675
0.00809307
0.00115074
0.00118555
0.00467849
-2.65307e-06
-3.01948e-06
0.00110677
0.00107507
-4.47566e-07
0.00112981
0.00111827
-3.27398e-06
0.00190253
0.00285484
0.00123895
0.00127911
0.00809286
0.0046786
0.00129837
0.00119104
0.00190247
0.0013752
0.00137251
0.00285399
-2.96361e-07
-3.06851e-06
0.00111849
0.00112903
-2.67088e-06
0.00107673
0.00110795
-2.88315e-06
0.00322743
0.00149864
0.00147429
0.000997245
-5.88361e-07
-3.23819e-06
0.00115981
0.00117076
-9.11381e-07
0.00113833
0.00114846
-3.66155e-06
0.000440032
0.000276773
0.00144268
0.00140873
0.00322589
0.000995962
0.00140488
0.00142032
0.000438812
0.0013367
0.0013757
0.000274911
-1.03139e-06
-3.73497e-06
0.00114954
0.00113952
-5.69324e-07
0.00117172
0.00116086
-3.26589e-06
0.0166414
0.0162667
0.0443835
0.0473378
0.0163119
0.0421093
0.0432185
0.01623
0.00299045
0.00306329
0.00384182
0.00423715
0.00385634
0.00414496
0.00364428
0.00349761
0.0185193
0.045615
0.0413518
0.020298
0.00514876
0.00602785
0.00727941
0.00645148
0.00332894
0.00486966
0.00500147
0.00337008
0.0166175
0.0168207
0.040585
0.0415485
0.0184985
0.0202902
0.0413736
0.0455092
0.0165194
0.0415068
0.0405748
0.016854
0.00332954
0.00337024
0.00500329
0.00487047
0.00514738
0.00642285
0.00727196
0.00602568
0.0166326
0.0474121
0.0444031
0.0162666
0.00381392
0.0034887
0.00365277
0.00412559
0.00298972
0.00425971
0.00385932
0.00303321
0.0162934
0.0162137
0.0431699
0.0420033
0.037331
-0.0144754
-0.017986
0.000386393
0.00960373
-0.00128269
0.0037135
0.0134491
0.000113917
0.0104737
0.00651241
9.42962e-05
0.000885215
7.04971e-05
-0.0245591
-0.0361506
0.00651548
0.00640204
-0.00244405
0.00461745
0.0127919
0.000127039
0.000102135
0.0102686
-0.000153955
-0.000129913
-0.000130939
-0.000155763
0.00766092
0.00626485
-0.00213579
-0.00176733
0.0138205
0.00741438
0.00381393
0.0131232
0.0104201
0.000968858
0.000428572
0.00863807
-0.000183015
-0.000187697
-0.000223353
-0.000214376
0.0171644
0.0158983
0.000170559
0.000146867
-0.000637382
6.38083e-05
-0.00948012
-0.000675465
0.000723872
-0.0340982
-0.0249561
0.000952525
0.000134031
0.000673312
0.0207528
0.018697
0.0129685
0.00716267
0.0161487
0.0069084
0.0373305
0.000395505
-0.0176805
-0.0147232
0.000859257
-0.0362804
-0.0248146
7.20056e-05
0.000113222
9.41668e-05
0.00637496
0.0102401
0.0101985
0.0137038
0.00368941
-0.00128073
-0.000630217
-0.000614867
-0.00944252
8.2682e-05
0.012977
0.00674439
0.0162019
0.00733499
0.000133774
0.0185915
0.0207983
0.000713375
0.000696359
0.000950762
-0.0243763
-0.0338321
0.0138559
0.0131514
0.00381452
0.00744067
0.0175676
0.00014652
0.000170494
0.0165306
-0.000182985
-0.0002143
-0.000223361
-0.000187888
0.0103686
0.00865495
0.000427717
0.000964577
0.00656464
0.00483353
-0.00244311
0.00640889
0.00831056
-0.00176614
-0.00213483
0.00671541
-0.000154021
-0.000155882
-0.000131061
-0.000130037
0.0128309
0.0102851
0.000101997
0.000126856
0.00895204
0.0026059
0.00157538
0.00618987
-0.000299983
-4.59839e-05
-4.17254e-05
0.00034602
9.75124e-06
-0.00216232
0.000924651
0.00183725
0.00250216
0.00193105
0.00114561
0.00118467
0.00894992
0.00619221
0.00160039
0.00264114
0.00306189
0.00118656
0.00116238
0.00218715
1.02431e-05
0.00183671
0.000923786
-0.00216336
-0.000300013
0.000345366
-4.32315e-05
-4.6806e-05
0.00356207
0.00572456
0.00481324
0.00440873
0.00066136
7.15949e-05
5.75555e-05
0.000654327
3.10189e-05
-0.00120604
4.68225e-06
5.1052e-05
0.00357192
0.00399089
0.00429694
0.00261812
0.00351769
0.00419354
0.00480053
0.00571042
0.00299985
0.00261399
0.00428727
0.00355229
2.96944e-05
4.95299e-05
6.29397e-06
-0.00120134
0.000659
0.000652806
5.89657e-05
6.98917e-05
0.0148796
0.131945
0.0661476
0.104255
-0.109032
0.0263245
0.0103195
0.0660733
0.00797041
0.00566266
0.00503567
0.00767769
0.00314154
0.00417408
0.00352695
0.00361482
0.0384884
0.00958746
-0.00907053
0.0448513
-0.0195432
0.0103862
0.00184906
0.00242928
0.00894408
0.0100204
0.0109094
0.0101845
-0.0178235
0.0331822
0.00874397
0.0350288
0.0368147
0.0456954
-0.00880487
0.00991512
-0.0178584
0.0350611
0.0090231
0.0331496
0.00890362
0.0101755
0.0108822
0.00991134
-0.0195291
0.00273312
0.00202305
0.0103946
0.0149
0.1042
0.0661787
0.132386
0.00314487
0.00361401
0.00350936
0.00417818
0.00788729
0.00759742
0.00505768
0.00565744
-0.109072
0.0666207
0.00998746
0.0257547
0.0601285
0.0740502
0.00085252
0.0352458
0.0949826
0.00674276
0.0041957
0.0871565
0.0276083
0.0125835
0.0103422
0.0124524
0.0316987
0.030193
0.00945312
0.00632635
0.0601052
0.0352048
0.000756194
0.0740632
0.0317205
0.00631449
0.00934879
0.0301588
0.0275961
0.0124407
0.0102404
0.0125704
0.0949873
0.0872019
0.0041515
0.00674319
0.0210756
0.00426737
0.00260852
0.0289726
0.00656023
0.00227466
0.00220262
0.00541046
0.00131105
0.0125212
0.00296856
0.000699614
0.0335808
0.0412289
0.0228511
0.00718739
0.021076
0.0290063
0.00265195
0.00425988
0.0334311
0.00716259
0.0231359
0.0405813
0.00131103
0.000699058
0.0182852
0.028539
0.00656367
0.00541997
0.00220425
0.00227369
