-0.715
0.085
-1.9931
-0.653794
0.175
2.115
-0.705
0.645
-2.08455
-0.72358
1.035
2.085
0.715
0.085
-1.9931
0.653789
0.175
2.115
0.705
0.645
-2.08454
0.736817
1.035
2.085
0.0320949
0.0730101
0.0734806
0.0272959
0.0315883
0.0730314
0.0702755
0.0216841
0
0
0
0
0
0
0
0
0
0
0
0
0
0
0
0
0
0
0
0
0
0
0
0
0
0
0
0
0
0
0
0
0
0
0
0
0
0
0
0
0
0
0
0
0
0
0
0
0
0
0
0
0
0
0
0
0
0
0
0
0
0
0
0
0
0
0
0
0
0
0
0
0
0
0
0
0
0
0
0
0
0
0
0
0
0
0
0
0
0
0
0
0
0
0
0
0.0314386
0.00305535
0.0038304
-0.088637
-0.0937862
0.0448755
0.0911013
0.0395543
-0.0899895
-0.0283449
0.0314311
0.0039277
-0.0924745
0.0448657
0.0398629
-0.0336531
-0.000536071
0.0925268
0.00175832
0.118279
0.00247837
-0.000267955
0.148085
0.301865
-0.000244143
0.0915916
0.116039
-0.000223564
0.14395
0.143578
0.00523717
0.123112
0.10186
0.0959261
0.094169
0.00205597
0.363761
0.171031
0.166526
0.0329064
0.0900906
0.0664668
-0.00224432
0.00352038
0.000252095
-0.00860144
-0.123344
-0.00109999
0.00918208
0.0271175
0.0109219
-0.111364
-0.0736419
-0.0744303
0.00353735
-0.00226925
0.000252295
-0.123399
-0.00781536
-0.000991163
0.0271037
0.00928065
0.0106728
-0.075613
-0.114337
-0.0740884
-0.00342896
-2.54893e-05
0.075557
0.00207636
-0.00205156
-0.000278629
0.076326
0.00218268
0.00228021
0.0365661
0.00104074
0.0451919
0.0165559
0.0470391
-0.00587851
0.141711
-0.00333018
0.00227727
-6.17195e-05
0.075601
-0.002062
0.00217435
-0.000172855
0.0755727
0.0029093
0.0461028
0.0355069
0.00092314
0.0149782
0.1433
0.0443516
-0.00529681
0.0551632
0.00100696
-0.00028485
0.125616
0.0593212
0.002523
0.0298796
0.0491595
-0.0114746
0.0529234
0.0390571
0.00149235
0.0210029
-0.0390842
0.0578454
0.036835
-0.02772
-0.0132665
0.0169938
0.0407391
0.0551332
0.00101211
0.0593349
0.00257803
0.0281127
0.0499275
0.0392969
0.0014917
0.0571638
0.0372398
0.0151117
0.0432643
0.0574233
0.00227223
0.0039927
-6.19814e-05
-0.00355773
-1.79533e-06
-0.0104364
0.0292631
-5.65307e-05
-0.00131956
0.0520372
0.179875
-0.0370513
0.0324574
0.0165332
0.0103744
0.0571425
0.00225293
0.0041655
-7.91303e-05
-0.0106046
0.0291693
0.0501727
0.181223
0.0859606
0.0734213
0.017308
0.093138
0.0859702
0.0929204
0.0164107
0.0734797
0.00225427
0.00228175
-0.000891568
-0.00100851
0.0270982
0.0161613
0.0169013
0.0272463
0.115635
-0.0290295
-0.0251436
0.115648
0.0662636
0.0464161
0.051374
0.0453443
0.0661547
0.0437744
0.0490876
0.0460607
0.00217107
0.00226191
0.00211933
0.00213314
0.149427
0.179727
0.181119
0.150602
0.0560185
0.0220541
0.0311967
0.0746958
0.0560212
0.0753568
0.0261827
0.0213239
0.000252777
0.000248892
0.0269238
0.0269149
0.0929169
-0.0283506
-0.0274441
0.0948076
-0.0948618
-0.0946061
-0.00818642
-0.0165787
-0.0222488
0.00251697
0.000189903
0.0135214
-0.0175175
-0.023248
-0.0142937
0.0109416
0.00660253
-0.12677
-0.10733
-0.0901662
0.00252526
-0.022238
0.000190145
-0.00755428
0.0115121
-0.0233011
0.010925
-0.0100311
0.00657267
-0.11168
-0.129483
-0.097177
-0.000130614
-2.00752e-05
0.0613688
0.000803555
-0.00352024
-0.000166138
0.0823442
0.00096126
8.77919e-05
0.0159284
0.00100504
0.0304341
0.00678059
0.0248944
-0.0026815
0.0853473
-0.000203161
0.0010045
-5.71494e-05
0.0616802
-0.00353671
0.000952687
-0.000165239
0.0826686
0.00013283
0.0313048
0.0157219
0.00109826
0.00735376
0.0809334
0.0238032
-0.00600153
0.0075611
0.00353781
0.0044494
0.0340066
-0.00920829
-0.00915302
-0.000302349
0.0915958
1.2001e-05
0.00349783
0.0620588
0.00175869
-0.0152771
0.0204189
0.0436174
0.0297555
0.0382421
0.0382466
-0.0086793
0.0871451
0.0142476
7.38226e-06
0.0584999
0.000883906
0.00224991
0.00224891
0.0121133
-0.0266719
0.00549576
0.000396184
0.0577865
0.0271085
0.00757806
0.00718346
-0.00074219
0.00367635
0.00626076
0.00119537
0.0114944
0.0358122
0.00757868
0.00349755
0.00452107
0.0340108
1.19177e-05
0.00349696
0.0620864
0.00181402
-0.0155664
0.0208139
0.0420583
0.0297135
0.0141805
6.83347e-06
0.0583879
0.000883304
0.00556425
0.00025767
0.0571573
0.0269508
0.00583988
0.000682609
0.0105034
0.0383126
-3.38912e-06
-0.000105335
0.0531831
0.0010302
0.0341478
0.0033982
-0.0188542
-0.000329696
0.000967778
0.000968048
1.30357e-06
-1.53103e-08
0.00979442
-0.000684966
-0.00964122
0.0201039
0.000953255
0.000953129
-5.32783e-05
0.00261327
0.000283732
0.00107653
0.024429
0.0775975
0.00355375
0.00355993
-0.0547727
0.00741488
0.00537058
0.0053547
0.00469989
0.00549966
-3.61021e-06
-4.71701e-07
0.0533399
0.00101093
0.0341759
0.00343527
-0.0189742
-0.000318125
0.0100371
-0.000713972
-0.00982057
0.0201465
0.000458766
0.000221525
0.0237188
0.0736529
0.000499887
-0.00172241
0.00284332
0.01139
0.000390616
-0.00183299
0.00281056
0.0112404
3.4574e-06
0.000638123
0.000638548
0.0035587
0.00275485
0.00139619
0.00139604
0.00767653
0.0079269
0.0439441
0.0267978
0.00792665
0.0313692
7.33895e-05
0.00028101
0.00300697
0.0313521
7.75861e-05
0.000284115
0.00299852
0.000959056
-1.76443e-06
-5.37484e-08
0.000959203
0.00432323
0.0164644
0.00440764
0.00435887
-0.0239939
0.0210291
0.0146984
-0.000219054
-0.0240742
0.020213
0.0161354
0.000619579
0.0165291
0.00022984
0.000229508
7.5218e-07
-0.00745104
0.00237024
0.00230158
0.00191538
0.00509088
0.0039635
0.0119238
0.00496186
0.0229139
0.0235307
-0.000278
-0.040225
0.0583955
0.00153298
0.0158025
-0.0863319
-0.0677479
0.188757
0.0295278
0.00233531
-0.0221846
-0.0284413
0.0238909
-0.0310801
-0.0141812
0.0386053
0.0632537
0.024706
0.0048877
0.00553112
0.0215893
0.00828913
-0.000283992
-0.0111288
0.022967
0.0235375
0.0584188
0.00156057
-0.0677305
0.189111
0.0145845
-0.0864607
0.0294075
0.00226015
0.0239158
-0.0320945
-0.0223146
-0.0303652
-0.0141791
0.0388606
0.00525538
0.00726697
0.0602622
0.019314
0.0173773
0.00902767
0.0580247
0.00117114
0.0573882
0.000925199
0.00514576
1.74905e-05
0.000196061
-1.44504e-05
0.0596974
-1.23327e-05
0.0471475
0.00104823
-0.0192574
0.00391116
-8.87004e-05
0.00291385
0.02697
0.0274715
-0.000560437
1.24667e-05
0.0211358
0.107702
-0.0560828
0.00598705
-0.00230295
0.0754705
0.00108507
-0.0200394
0.0288038
0.0790771
0.00548554
0.00593383
0.0581157
0.00125353
0.00019564
-1.4793e-05
0.0576486
0.00103049
0.00504735
1.41623e-05
0.0596662
-1.26187e-05
-8.88568e-05
0.00291372
0.0472921
0.000992436
-0.019091
0.00413618
0.026487
0.0279581
-0.0564831
0.00596349
-0.000532715
-6.4377e-05
0.0207534
0.106092
-0.00380236
0.0782825
0.00550363
0.00598986
0.000928646
-0.0210131
0.0275998
0.074104
-0.00168097
0.00263817
0.0617951
0.0892531
0.000709407
0.000709581
0.00919704
0.00926035
0.00122391
0.00157396
5.3176e-06
0.00339437
0.00648949
0.0069806
0.0807019
0.0103915
-0.0305392
-0.0304766
-0.0529637
-0.052721
0.00170956
0.00448537
1.13253e-06
0.00504782
-0.00271554
-0.00270932
0.00612246
0.00619605
0.0264255
0.00492324
0.01006
0.0054798
0.00183913
0.00160967
0.00109714
0.00533978
0.00207071
0.014609
0.000667908
-0.00595417
-0.00176219
0.00256229
0.0872711
0.0617881
0.00122733
0.00159394
5.31846e-06
0.00339437
0.00683739
0.00651079
0.0807928
0.0062885
0.0015074
0.00457462
1.33033e-06
0.00504345
0.00486998
0.0264317
0.00545207
0.0100921
0.0160953
0.00203828
-0.00593095
0.00062916
-0.000315988
-0.000340455
-4.4479e-05
-1.47152e-07
0.0141548
-0.0147624
0.0340344
0.00297325
0.000887616
0.000886926
0.000963379
0.000963682
0.0291557
0.00257338
0.00820826
0.0123388
0.000955198
0.000955189
0.000335425
0.000335248
2.86538e-05
0.000922685
0.0178856
0.00605551
0.000868658
0.000870526
0.00341288
0.00338088
0.00528008
0.00540119
0.0039852
0.00381977
-0.000315847
-0.00030847
-4.44902e-05
-1.08738e-07
-0.0148972
0.0140178
0.0340209
0.00303283
0.00255847
0.0290615
0.0085691
0.0106962
0.000958923
-1.7604e-05
0.00616138
0.0178667
0.0527571
0.0611404
0.000136788
0.0195449
0.0769514
0.023935
0.00519167
0.0632193
0.0216668
0.0217555
0.0198695
-0.00571046
0.00349916
-0.0158279
0.0030677
0.0615156
0.0530439
0.0196775
0.000122195
0.0611828
0.00334171
0.061309
0.00298208
-0.0165287
0.0213415
-0.00581321
0.0198143
0.0218899
0.077271
0.0634089
0.00511774
0.0238689
0.00135775
0.000450699
0.000678973
0.00165096
0.00136855
0.00169242
0.000679266
0.000447734
0.000970946
0.000950421
0.00407934
0.00487526
0.000785458
0.00480636
0.00407878
0.000949814
0.0381633
0.0348656
0.00867792
0.0183017
0.00469183
-0.0519601
0.00804006
0.0313052
0.00588523
0.0315609
0.00794924
-0.0520017
0.0380652
0.0183143
0.0086784
0.0349946
0.0159683
0.0658931
0.0588614
0.0908025
-0.0471241
-0.0192402
0.0683383
0.0795237
-0.0481317
0.0783773
0.0673614
-0.0202024
0.015961
0.0926247
0.0587415
0.0659032
0.0593726
0.0552332
0.031933
0.0339216
0.0358997
0.0144913
0.0303309
0.0502375
0.0289673
0.0265668
0.00279162
-0.00229682
0.018636
0.00330245
0.0031704
0.023165
0.0596579
0.0339619
0.0319132
0.0554042
0.0184735
0.0225851
0.00321639
0.00332793
0.02788
-0.00236038
0.00278056
0.0256166
0.0361719
0.0504275
0.0302809
0.0143761
0.000864271
0.000965538
0.000959006
0.000974364
0.00101744
0.0010174
0.000959188
0.000965723
0.000873706
0.000886934
0.000957105
0.00100155
0.000906061
0.00103908
0.000957025
0.000886996
0.0785357
0.0952367
0.0209396
0.00994795
0.0852379
0.0110834
0.00974115
0.078719
0.080533
0.0742464
0.00983483
0.0111298
0.0796076
0.00994493
0.0209411
0.0916918
0.0788077
0.0597092
0.0126799
0.0196479
0.0312721
0.0358396
0.00371281
0.0515917
0.0121449
0.0173875
-0.00470709
0.0624242
0.0120598
0.0245684
0.027092
0.00651641
0.0788695
0.0193104
0.0126056
0.0596368
0.0104115
0.00520654
0.0261221
0.0248714
0.00509802
0.0600026
-0.00494742
0.0146684
0.0306716
0.0515361
0.00410241
0.0345725
0.000612312
0.00323542
0.000283579
0.00043723
0.000606828
0.000437012
0.00028351
0.0032352
0.0167482
-0.00750707
0.00116442
0.00725672
0.01601
0.0072617
0.00116662
-0.00751572
0.085226
0.0555393
0.00444094
0.00975396
-0.0200346
0.00403668
-0.0051905
0.0169407
-0.020138
0.0188761
-0.00534443
0.00401182
0.0818261
0.00993139
0.00418071
0.0583779
0.0131404
0.134966
0.047284
0.0618694
0.0134427
0.0615537
0.0472281
0.135093
-0.0462351
0.00819157
0.0116838
0.0365699
-0.0415805
0.0388002
0.0137913
0.0106121
-0.0242105
0.00251216
-0.00560939
-0.000658869
-0.119383
-0.00011903
0.00716324
0.00685342
0.00316951
0
-0.126646
-0.190179
0.0025164
-0.0242048
-0.00698909
-0.124391
-0.000811843
-9.51286e-05
0.00689952
0.00420626
0.00320727
-0.132647
0
-0.195055
2.5991e-09
-1.99913e-05
0.0500948
0.000857122
-0.00322977
-4.26618e-05
0.0498409
0.00108901
-0.000824088
0.00665902
0.00090637
0.0283868
0.00240606
0.0110608
-0.00272595
-0.00907299
5.48908e-07
0.00105647
-5.72141e-05
0.0504468
-0.00326779
0.00108114
-5.14381e-05
0.0495522
-0.000680028
0.0306441
0.00608662
0.00104457
0.00227695
-0.0109183
0.0117717
-0.00157505
0.00310951
-0.00257594
0.00184066
0.0360575
-0.003864
-0.00384942
-0.00620773
0.0788852
-1.16733e-06
-6.81991e-07
0.0631519
0.00181487
-0.00278551
0.00793472
0.027983
0.0036882
-2.55932e-06
-2.55478e-06
0.000725225
0.117525
-0.0336414
-1.31553e-06
0.0438029
0.00096806
0.000302469
0.000299931
0.00779038
0.100973
0.00159633
0.000338585
0.00575233
0.00450656
0.000213214
0.000498042
0.0038758
0.0098791
0.00210181
0.000987621
0.00253142
0.0227476
0.00310743
-0.00258056
0.00198349
0.0360483
-1.15647e-06
-6.66397e-07
0.0632283
0.00186926
-0.00276696
0.007551
0.0271767
0.00357045
-0.033082
-1.81766e-06
0.0437988
0.000967749
0.00164157
0.000322622
0.00660974
0.00487766
0.00208275
0.000562761
0.00216605
0.0225638
-2.42588e-07
-3.1385e-06
0.0567684
0.00112069
-0.0209483
-0.000143055
-0.000691245
-0.000578119
0.000552494
0.000552459
1.72785e-06
-1.14702e-08
-0.00162698
0.000141957
0.00967144
0.00622747
0.000603756
0.00060357
-6.10103e-06
-0.000281445
0.000379542
0.000222789
0.0103443
-0.00833243
0.000298856
0.000232746
-0.000576687
0.00196638
0.00106682
0.00111656
0.00139814
0.001519
-2.31167e-07
4.02532e-08
0.0567332
0.00110037
-0.0194291
-0.000212216
-0.000695265
-0.000578572
-0.00160238
0.000184132
0.00976718
0.0061174
0.000267703
-4.42043e-05
0.0116697
-0.00909493
-0.000115715
0.000247909
-0.000889156
0.00027506
-0.000244876
0.000232367
-0.000933535
0.000226737
-3.25622e-07
0.000559894
0.000559641
-1.73039e-07
0.000433408
-2.68336e-05
-3.81734e-05
-2.23537e-05
0.00210343
-0.0400604
0.0934907
0.00210341
-0.0115767
6.30854e-05
1.124e-05
0.000569683
-0.010324
6.59764e-05
1.16664e-05
0.000509611
0.000529974
-8.63129e-08
-8.16006e-10
0.000529631
0.000459004
0.00254812
0.000867904
0.000441958
0.0149987
9.28746e-05
0.0101143
-0.00228366
0.0153234
-0.000384219
0.00843665
-0.00270398
0.0108908
0.00034734
0.000347236
-2.15752e-06
-0.00212068
0.000150148
3.54412e-05
0.00109812
0.000584779
-0.00272862
0.0176188
0.000680505
0.000992243
0.00214788
-0.005482
0.0116907
-1.81407e-07
-0.00526524
-0.00246183
-0.238307
1.36605e-05
1.36314e-05
0.0606512
0.00157442
-0.0313071
-0.0813523
0.012993
-0.0692728
0.0404682
0.0382367
0.00054338
0.022076
-0.0100838
0.00715814
0.0512882
-0.134344
-0.0134142
0.00429108
0.00763669
-0.0419726
0.00128795
0.00152342
0.0099107
0.0804035
0.000658498
-0.00114685
0.00274717
0.00638523
0.000463162
-0.00522581
0.0490841
0.0017899
0.007019
-7.23099e-05
0.00884851
0.00648176
0.00582259
0.00224563
0.0134374
0.00632212
-1.68605e-07
-0.00524253
-0.00574284
-0.252867
0.00161187
0.00212901
-0.00538293
0.0117286
1.36932e-05
1.3513e-05
0.0606756
0.00160151
0.0368636
0.0382412
0.000562079
0.0219845
-0.0292888
-0.0810961
0.0121907
-0.0695837
-0.0099219
0.00708129
0.0512866
-0.134196
0.00128652
0.00147328
0.00991547
0.0801514
-0.00623651
0.00410711
0.00761583
-0.0420509
0.000686529
-0.00111273
0.00264772
0.00658753
0.0063062
-4.31776e-05
0.00927803
0.0033795
-0.00281882
-0.0050384
0.0499127
0.00198791
0.00792067
0.00284107
0.00983927
0.00721954
-0.000130677
-0.00349656
0.060853
0.00119818
-2.18501e-07
-9.03322e-07
0.0583386
0.000996587
-0.00793954
0.008671
0.000359005
-4.73692e-05
5.09213e-05
0.000251437
0.000196579
-1.01787e-06
-0.000300395
4.16855e-07
0.0533574
0.000653311
-1.60516e-06
-2.93129e-08
0.0522315
0.00115551
0.00323146
0.00116762
0.0127727
-0.000411555
0.000120925
0.00023523
2.77408e-05
-0.000120125
0.00100982
1.60458e-05
0.00354809
0.00775973
0.00791525
-1.89142e-05
7.94045e-06
-4.47486e-05
-1.62425e-05
-0.000177403
0.0105688
-0.00154862
0.000379104
0.00301394
-0.00420156
0.000178654
0.00200034
1.60041e-05
0.00275342
0.0331974
0.00337264
-0.00243301
3.74357e-05
0.000665952
0.000664194
-9.68402e-05
0.0078851
0.000179585
0.0220459
0.00226259
0.00126204
0.00284316
-0.000203821
-0.00349588
0.0609256
0.00128003
5.06692e-05
0.000251527
0.000196178
-8.33851e-07
-1.47791e-07
-5.32783e-07
0.0582567
0.00109972
-0.00784671
0.00873144
0.000409664
-4.57988e-05
-0.000301756
4.20887e-07
0.0534596
0.000653274
0.000121025
0.000235242
-7.69497e-06
-0.000121491
-1.55446e-06
-3.41361e-08
0.0521602
0.0010999
0.00374654
0.00147788
0.0128079
-0.000151443
0.000801657
7.38604e-05
0.00279762
0.00783831
0.000333457
0.0030715
-0.00408591
0.000117452
0.0076676
-2.63334e-05
-2.0232e-06
2.10976e-05
0.00819783
-0.000195003
0.0105876
-0.00307035
0.00270466
-4.31859e-05
0.00296362
0.0299764
0.0250053
0.00223186
0.00128897
0.00282937
0.00386665
-0.00251483
-0.000358127
0.000429829
0.000210984
9.35419e-05
0.00933759
-0.000909851
0.0179177
-0.00241025
-0.00350255
0.0026384
0.070386
0.00294515
-0.0492597
0.0600959
4.00008e-06
3.98003e-06
0.000487662
0.000487575
-0.0325677
0.011356
0.00202515
0.00199175
0.00176956
-0.00231703
-0.000387828
-0.000107043
5.55005e-05
-6.3857e-06
-5.30927e-07
-3.08442e-07
0.0017943
0.00015455
0.00154537
0.000613098
0.00468142
-4.38706e-05
-0.00428487
0.0188769
-0.00980052
-0.00019392
0.000170423
0.000141397
-0.00524075
-0.042138
-0.0548088
-0.0570506
0.00378914
-0.00334238
-0.00085229
0.0161874
8.05074e-05
0.000163389
-2.41177e-06
0.00312646
0.000807714
0.00102628
-0.00577503
-0.0057867
0.00109017
-0.023418
0.000647528
-0.000421084
0.000765394
0.00011325
1.13896e-05
-1.35633e-05
0.00136376
0.000898282
-0.000567526
0.000801234
-0.0026981
-0.00109957
0.000327974
0.000368231
-0.000799335
-0.0122953
0.000205939
0.000128666
0.00213075
-0.0125149
0.000531543
-0.009895
0.000750438
0.000190181
-2.69856e-05
-0.000558291
0.0176282
-0.00237501
-0.00355286
0.00262925
0.0703867
0.00294515
0.0601166
-0.0492585
0.00178449
-0.00228371
-0.000397592
-0.000106001
5.53968e-05
-6.13315e-06
-5.30821e-07
-3.12762e-07
0.00183521
0.000195299
0.000598822
0.00152247
0.00496544
5.45029e-05
-0.00431247
0.01875
0.00314621
-0.00390604
-0.00107324
0.0154807
8.05671e-05
0.000163298
-2.21869e-06
0.00312666
0.000543443
0.000112073
-1.35329e-05
1.52425e-05
0.00161353
0.000886562
0.000800892
-0.000578443
0.00245391
-0.0131649
-0.0090133
0.000305675
0.000801297
6.37488e-05
-0.000516108
-0.000109994
-0.0119937
0.00542941
-0.000146593
-5.04268e-05
8.13731e-05
0.000253262
-2.77768e-05
1.41196e-07
-0.0183056
0.0106084
0.00254227
0.00338538
0.000118561
-7.10679e-05
-0.0128602
0.000678138
-4.3278e-07
-0.00355799
0.000433842
0.000434257
-1.11294e-08
-3.57123e-09
0.000500124
0.000499679
0.000267764
0.000268179
-0.0121482
0.000996671
0.00111805
0.00106007
-0.00283188
0.00026072
-7.14943e-07
-3.69626e-08
0.000559852
0.000560132
0.00289876
-6.34849e-07
0.000336662
0.000336628
0.0053364
0.000200977
5.03044e-06
4.78357e-05
0.0451986
0.00238499
0.00409865
0.00132895
0.0025133
0.000274368
0.000247319
0.000216819
0.0010808
0.000302206
-0.000164169
-0.000217986
0.00167092
0.00105135
0.000454228
0.00044026
0.00032002
0.000904714
0.000240443
0.000249237
-0.011756
0.00547502
7.17377e-05
-6.97332e-05
8.12353e-05
0.000253357
-2.797e-05
7.95367e-08
-0.0184331
0.0105256
0.00344548
0.00245742
0.000113989
-7.07534e-05
-0.0117784
0.000640057
0.00027893
0.000270891
0.000930519
-0.0102828
0.0010536
0.00150004
-0.0029895
-0.000997982
0.00577734
0.000201999
2.96442e-05
2.43414e-05
0.0475022
0.00229989
0.00129829
0.0041425
0.0152699
-0.00304358
-0.00281216
-0.00219345
-0.00223223
-0.000525857
0.00211289
-5.28879e-05
0.00192155
-0.000416491
-0.000252288
0.000538031
-0.0269324
-0.00484998
0.00363196
0.000296084
0.0152447
-0.00300057
-0.00275884
-0.00219103
-0.0268619
-0.00450444
0.00362901
0.000234759
0.00168679
-0.000456705
0.000526756
0.000563402
-0.00210889
-0.000459005
0.00214232
-6.66821e-05
5.92455e-06
4.00264e-05
4.28491e-06
6.01041e-06
5.9357e-06
3.99705e-05
4.39771e-06
6.02517e-06
2.31457e-05
-5.37085e-07
-0.00339343
4.33905e-05
2.32273e-05
-5.48919e-07
-0.00339343
4.29968e-05
-0.0214656
0.0111205
0.00257799
0.00173694
0.00039838
0.0117461
0.002137
0.00031326
0.000328873
0.0119784
0.00215517
0.000304914
-0.0214873
0.0111923
0.00251417
0.0017771
0.00173143
0.0284001
0.00103681
0.00304757
0.00184474
0.000578185
-0.0474337
0.00239395
-0.00182167
-0.000128565
-0.000551451
-0.0493516
0.0139124
0.00172951
0.0032191
0.000862567
-0.011501
1.46732e-05
1.09385e-06
0.00571381
-0.0141162
6.2605e-05
3.18583e-05
0.00298202
5.98208e-05
0.00445563
0.00036289
-5.46792e-08
-8.74443e-05
0.00571043
0.000608954
0.000574492
-0.0113659
1.52056e-05
1.27377e-06
0.00577114
6.75456e-05
0.00611339
0.000627183
0.000701208
-3.44971e-06
0.00500751
0.000300138
1.35791e-05
-0.0138726
9.90088e-05
3.66871e-05
0.00304384
6.34133e-05
-1.41679e-05
-1.40512e-05
0.00025246
-1.40922e-05
6.31504e-05
0.00025257
-1.42544e-05
-1.08672e-06
9.94278e-05
0.000253794
8.02653e-08
9.94183e-05
-1.20446e-06
4.27711e-08
0.000253728
0.00792308
-0.00120192
0.00169052
0.00179564
0.0412794
0.00143981
0.00238065
0.00293598
0.00133368
0.0441909
0.00260083
0.00236953
-0.00125065
0.00924386
0.00172697
0.00165514
-0.00153449
0.00153257
-0.000131565
-3.6388e-05
-2.89935e-05
-0.00106218
0.0032885
-0.0096232
0.000291262
3.59139e-05
0.00348215
5.23523e-05
-0.0130334
-0.00610769
0.00945947
0.0138157
-0.00168116
0.00145359
-0.000204748
-0.00015344
-0.0142186
-0.00486236
0.00952835
0.0122243
0.00027689
8.60252e-05
0.00333999
0.000129058
3.86547e-05
-0.00114761
0.00315781
-0.00981139
0.000662584
0.0030396
-6.92227e-07
3.51301e-05
0.000662609
0.00303946
-6.87057e-07
3.50446e-05
-0.000800574
0.000859113
-0.0330415
-1.97783e-05
-0.000742878
0.00104231
-0.033066
-1.52584e-05
0.000149079
0.000171805
0.00063532
0.000948984
-0.00126618
0.000109914
0.000186883
-0.00359664
-0.00124177
0.000354274
0.000333757
-0.00358647
0.000177741
7.38793e-05
0.000634978
0.00102946
0.00864065
0.0671276
0.0150545
-0.000498879
0.0674349
0.00463477
-0.000552306
0.0138705
-0.000583302
0.00649924
-0.00415928
-0.0090684
0.00980077
0.000553192
-0.00687175
0.000185054
-0.00716689
0.0106291
-0.00257469
0.00300035
0.0352397
0.00146324
-0.0131113
-0.144261
0.0297893
-0.195158
0.02872
-0.11504
0.017355
-0.0300407
0.00580443
-0.0385362
0.0056585
0.00430557
0.00491857
0.00106774
0.017686
-0.000132845
0.00210809
0.0092747
-0.00565551
0.00305517
-0.00731557
0.010731
0.0350663
0.00147666
0.0220444
-0.235359
-0.0114199
-0.143325
0.0286446
-0.115415
0.00593544
-0.0385953
0.0157615
-0.0319167
0.00567662
0.00451778
0.0184952
-0.000289024
0.00508452
0.000668623
0.00332134
0.0120814
0.0163829
0.00103279
0.0541388
0.000935049
0.000751681
1.16267e-06
2.13112e-05
-2.44434e-07
0.0241934
0.00104515
0.0504017
0.00113204
0.0191645
-0.0212424
2.1613e-05
-0.00144404
0.00517411
0.0136595
-6.93781e-05
-4.52399e-05
0.00848005
0.0310501
-0.0338544
0.000619815
0.00465821
-0.00970909
0.000259947
0.00040102
0.00400087
0.00301952
0.00120942
0.000514152
0.0164412
0.00125102
2.11967e-05
-2.23926e-07
0.0543282
0.00110068
0.000736621
-1.17037e-07
0.0232882
0.0010429
-5.03485e-08
-0.00144379
0.0503335
0.0011
0.0191376
-0.0203715
0.00458573
0.0142654
-0.0341529
0.000489554
-7.6468e-05
-2.94707e-05
0.00791205
0.0276029
0.0044082
-0.0111326
0.000546686
0.000629347
0.000210058
0.000415111
0.00624363
0.00324537
-0.00191466
0.0127316
0.00649492
0.015941
0.00539574
-0.00523918
-0.020007
-0.0222236
-0.00254248
0.0798929
-0.00253253
0.079816
-0.00188568
-0.00187995
0.0045227
0.00360376
0.062943
0.00169296
0.0664871
0.00193576
0.00045126
0.000931773
-5.07167e-07
-2.7819e-07
0.0253874
0.00327138
0.0431213
0.00375492
0.00218814
0.0014554
-0.00455675
0.0171759
0.000858007
0.115425
0.000867192
0.115366
0.000136503
0.000136498
0.0002267
0.000344908
0.0380245
0.000385206
0.0497459
0.000808801
-0.00231999
0.0136538
-2.50595e-06
-0.000747535
0.00889156
0.0916832
0.00892388
0.0918657
-0.000217057
-0.000231219
0.000694106
0.000690569
0.00234879
0.00505896
0.00561663
0.00614173
0.0139474
0.00203242
0.000919434
0.00164918
0.00426784
0.00801037
0.00436569
0.00801389
-0.000247229
-0.000224506
0.0003141
-0.000134531
0.00534487
0.0137828
0.00159666
0.0340401
0.000567572
0.000228955
-0.000203763
-0.000399946
-0.00194701
0.0127203
0.00693588
0.0159151
0.00528644
-0.00501627
-0.0220818
-0.0194534
0.0629842
0.00173373
0.0665136
0.00200381
0.00046777
0.000857805
-5.0734e-07
-2.79632e-07
0.0248192
0.00299755
0.0414827
0.00328235
0.001489
0.00217009
-0.00419176
0.0162647
0.037984
0.000381122
0.0496958
0.000808954
-0.00232392
0.0136109
-2.28274e-06
-0.00169769
0.00293199
0.00533629
0.0049069
0.00635834
0.00190575
0.0146213
0.00171372
0.00098734
0.00361737
0.0138154
0.00212223
0.0321618
0.000234666
0.000604453
-0.00050067
-0.000113633
0.0591771
0.00105913
0.0544998
0.00117973
-5.2567e-05
0.000156916
-1.43684e-07
1.1501e-07
0.000226599
-0.000236639
0.000293576
0.000133452
-0.014989
-0.000139717
-0.0145645
0.000383223
2.29737e-05
3.66746e-05
2.31107e-05
3.74002e-05
0.000468889
0.000469384
0.000485257
0.000484611
-0.00211339
0.000466588
-0.00264959
-0.025072
-0.015139
0.00110175
0.00441321
-0.00152866
-6.25521e-05
-0.000424477
-5.58334e-05
-0.000425121
0.000575273
0.000575504
0.000720856
0.000720721
0.0113996
-0.00596783
0.00842814
-0.0131367
-4.38139e-05
0.000346225
0.000251858
-0.000187097
-0.00157171
0.00146427
-0.00157071
0.00144775
0.000162306
8.97403e-05
0.000408674
0.000357031
0.00129324
0.0020088
0.00128409
0.00187723
0.00127127
0.001333
0.00123929
0.00133634
0.0592179
0.00110059
0.0543936
0.00110026
-3.71233e-05
0.000180023
-2.44264e-07
1.14913e-07
0.000233132
-0.000236545
0.000294678
0.000106038
-0.000149943
-0.0134798
-0.0125824
0.000336219
-0.00197843
0.000167008
-0.00271697
-0.0243534
0.00101924
-0.0131329
0.00455049
-0.00212011
0.0118261
-0.00665734
0.0103392
-0.0134518
0.000352831
-6.91514e-06
-0.000216326
0.000275838
0.00103111
0.00245968
5.14258e-05
5.00535e-05
4.28414e-05
0.00172438
-0.000527323
-0.000504638
0.00100205
0.00251256
0.000179502
5.81079e-05
0.00163933
4.28571e-05
-0.000547468
-0.000504323
0.000524652
0.000524478
-5.21748e-07
-2.9962e-07
-5.18555e-07
-3.00334e-07
0.000595264
0.0005956
0.000416811
0.000409714
-0.000162135
0.000289309
0.000327158
-0.000172585
0.000243223
0.000197819
-0.0441035
0.0757866
0.00240711
0.00230539
0.00669902
0.00658799
0.0757574
-0.0440452
-0.000187443
0.000173442
-0.0148304
0.000761527
-0.0150458
0.0006663
2.13248e-06
9.46621e-05
-0.000185811
0.000174723
-0.0128219
0.000691919
0.000591904
-0.0126589
0.000115451
1.85976e-06
-3.89764e-06
-1.72518e-05
0.000514937
0.000514523
0.000544756
0.000545076
-3.77244e-06
-1.71782e-05
0.00214295
0.000948452
0.000933941
0.000911959
0.000456507
0.000419116
0.000961107
0.00214584
-0.00370721
0.0010828
-0.00335719
0.014385
-0.0171631
0.00978166
-0.000136866
0.00553928
0.00105708
-0.00448684
-0.0037952
0.0144997
0.00889025
-0.0179955
-0.000551759
0.00511142
3.25318e-05
3.25333e-05
-2.36447e-06
0.0119024
-2.17739e-06
0.0119025
0.000342157
0.000342126
0.000224423
0.00023816
0.000861845
-0.00248908
-0.00246421
0.000714767
0.000647371
0.00063763
-0.00269412
0.0191257
0.000179737
0.000286041
-0.0003162
-0.000430556
-0.00278519
0.0189989
0.00080631
0.000208229
-1.55083e-05
0.00413297
3.18871e-05
9.80991e-06
0.0258777
0.0630276
0.014871
0.000694577
5.76453e-06
5.78792e-06
0.00226684
0.000926129
0.135534
0.0121866
0.0594802
0.0305662
0.057767
-0.00267215
0.0042626
0.010493
-0.0135604
0.00255692
0.000168795
-0.000335652
0.000253879
0.0401753
0.000931005
0.000129494
0.00308988
0.00277648
-0.000771321
0.00883712
0.00110132
0.000581912
0.00451641
0.00364738
0.00102391
-0.00226893
0.000701455
0.000145003
0.00901042
-0.000935827
0.00203722
7.83045e-05
-0.00118011
-0.00399229
3.18607e-05
9.85206e-06
0.0114088
0.0493794
0.000651466
0.000117981
-2.53004e-05
0.00415753
0.014729
0.000674203
5.76476e-06
5.80266e-06
0.0561957
0.0305652
0.0579317
-0.00263206
0.00240572
0.00118239
0.136097
0.0114471
0.00430563
0.0161999
-0.0138974
0.00256446
0.00105322
0.000118226
0.0026415
0.00327222
0.000165439
-0.000194852
0.000234953
0.0406064
-0.000787061
0.00931577
0.00118342
-0.000343116
0.000761536
0.000307919
0.00768667
-0.00390702
0.00456849
0.00351936
0.000621978
-0.00225283
0.00220302
5.16949e-05
-0.00106743
-0.00390916
-0.00146024
0.00635342
0.000425572
-0.00334063
-3.69296e-06
0.000109632
-2.37832e-07
-2.73258e-07
-0.00970723
0.0018926
-0.00972424
0.00710702
0.000456958
3.77588e-05
6.12372e-05
0.000258232
0.000131958
-0.000276203
0.00266084
-6.58789e-07
-0.000139662
-6.81303e-05
-1.3233e-06
3.40205e-08
-0.0152977
0.00289369
0.000444275
-0.00514525
0.000108516
0.000253434
0.00196667
-7.32968e-06
0.000156509
-0.00262445
0.000129348
0.00247021
0.00770108
0.000417548
0.00698058
0.000542325
0.000148484
2.44767e-05
0.00892156
0.00268107
0.00136182
0.000270897
0.00205773
0.0022638
-0.000421837
0.000770564
0.013003
0.000331531
0.00445769
0.0002816
0.00363286
-0.00719943
-1.12782e-05
-8.02024e-06
0.000225221
0.000124671
0.0322567
0.00263676
0.0178297
0.00238768
-0.00146624
0.00632885
0.000425344
-0.00334064
0.000456592
3.82189e-05
6.11573e-05
0.000259127
-4.31845e-06
0.000137899
-2.38098e-07
-3.41797e-07
-0.00961961
0.00198822
-0.0096149
0.00712643
-5.17827e-05
-0.000273138
0.00266056
-6.50279e-07
0.000108591
0.000253537
0.00196644
-7.33603e-06
-0.000181681
-8.27615e-05
-1.24786e-06
4.51574e-08
-0.015076
0.00294375
0.000497499
-0.00526252
0.000106499
-0.0029634
-0.000103922
0.00250383
0.00208924
0.000527678
0.0020241
0.00230911
0.00720304
0.000470252
0.00702042
0.0006403
0.000272045
-7.69012e-07
0.00998996
0.00168806
-0.00086071
0.000822867
0.014431
0.00043027
0.0351082
0.00251064
0.0205568
0.00228553
0.00510376
0.000247831
0.00386076
-0.00587382
3.25636e-05
-5.95703e-06
-0.000135665
7.87422e-05
-0.0011601
0.0115194
0.000247001
-0.00192118
0.00224862
0.00133661
0.0141249
0.00474071
5.84824e-06
5.89211e-06
5.89574e-06
5.848e-06
0.0069251
-0.0310084
-0.0319318
0.00692917
0.0027356
-0.00355496
-0.000747563
0.00330301
-1.09263e-06
4.78568e-05
6.31631e-05
-1.16438e-05
7.0833e-05
-0.00557028
0.00216863
-1.14475e-05
0.000730117
0.00632465
0.0029153
-0.000692617
-0.00820644
-8.56787e-05
-0.000114709
-0.00823886
0.0630594
0.0130948
0.0134291
0.0630332
-0.000102872
-0.000378497
0.00543685
0.0107583
9.938e-05
0.000371391
0.000402618
0.00879518
0.00282719
-0.0185575
-0.0185547
0.00281479
-0.000750714
-0.034672
-0.0356876
-0.00175906
0.0178346
-7.75587e-05
0.00240612
-0.000484379
0.000255202
0.00111912
0.00080124
0.00063673
-0.00167483
-0.00223955
-0.00233273
-0.00166187
0.000194953
-0.00983076
-0.00993469
-0.000272049
0.000638036
0.00336825
0.0217997
-0.0104325
0.000306312
0.000404699
0.000209389
1.51007e-05
0.00871927
-0.00112221
-0.00191143
0.000602725
0.00485118
0.014155
0.00115278
0.00224075
-0.00373853
0.00271098
0.0032516
-0.000742972
4.77769e-05
-9.09153e-07
-1.13182e-05
6.303e-05
1.15775e-05
0.00220608
-0.00586829
-4.08062e-05
0.00638005
0.000821478
-0.00056253
0.00429648
-0.000344468
-0.000407675
0.010952
0.00522686
0.000371424
9.92837e-05
0.00912589
0.00043173
-0.000608441
0.00241129
-7.48205e-05
0.0182261
0.000859549
0.000779896
0.00110203
0.000320914
-0.0114713
0.0200627
0.00327961
0.000912192
-3.64268e-06
0.000306849
0.000426077
0.000226307
-0.0117859
0.00542633
0.00395241
-0.0128551
0.000271703
9.32199e-05
9.04052e-05
0.000253486
0.000126923
0.000777649
0.0255359
-0.000624334
0.000109702
5.96392e-05
-1.83468e-05
4.30968e-05
-5.32773e-07
-0.00331541
-0.00331541
-5.44804e-07
2.30785e-05
9.63047e-06
9.76349e-06
2.33034e-05
-0.000931127
0.000185483
-2.66446e-07
0.000124201
-0.000222243
0.00292156
0.00482769
9.6018e-05
-4.51929e-05
-3.07575e-05
-3.08149e-05
-4.52259e-05
0.00302024
-6.77684e-07
-6.77245e-07
0.00302014
0.00494166
0.000629362
7.90424e-05
0.00539194
0.0348807
0.00226386
0.00247839
0.0457439
0.00690316
0.000936293
0.000984568
0.00695544
0.00244854
-2.93405e-05
-5.51426e-05
0.00245025
0.0010489
0.00125329
0.00125281
0.00108382
0.00028945
0.000765365
0.000766894
0.000271744
0.00549892
-0.0115643
-0.012655
0.00398012
9.30346e-05
0.000271802
0.000253566
9.03388e-05
-0.000623646
0.0257014
0.000773338
0.00012716
9.2784e-05
0.000106818
4.23881e-05
-1.4642e-05
0.000102851
-4.14059e-07
0.000155062
-0.000913868
0.00196444
-0.0004148
9.77879e-05
0.00423121
0.00583413
5.97542e-05
0.000630003
0.00546585
0.0477563
0.00231324
0.00219857
0.037105
0.00229907
0.0664586
0.00911553
-0.00617681
0.0624644
0.00270063
-0.000460688
0.0636767
0.0013072
-0.00248816
-0.00508766
-0.00330834
0.00204553
-0.00134385
0.0132701
0.0157654
0.0242304
-0.00758317
-0.00714622
0.0611434
-0.0175542
-0.0289674
0.000641374
0.00560927
-0.000108744
-0.00165428
0.000424069
0.00409182
0.0646304
0.0720966
0.00698089
0.00243124
0.00666867
0.00459037
0.00504361
0.0076195
-0.00362136
0.0131738
-0.0170915
0.00425771
-0.00073931
0.0182356
0.0252589
5.68595e-05
-0.000127594
0.000111869
0.000431748
-0.00954492
0.0167781
0.0125171
-0.0128029
0.00525258
0.0022582
0.0208712
-0.0219505
0.00805903
0.000702897
0.0014123
0.0014906
0.000921414
0.016418
-0.00689795
0.018251
-0.00104448
0.00210884
-0.00629203
0.00895837
0.0664092
0.00199312
0.0157281
0.0132368
-0.00132186
0.00132445
-0.00330579
-0.00508133
-0.00253768
0.0625236
0.0637094
-0.000504902
0.00271021
0.015909
0.00522511
-0.0128017
0.0116662
0.0175168
-0.00112663
0.0180841
-0.00685587
0.000710549
0.000942817
0.00147389
0.00140939
0.00258367
0.00817737
-0.0216265
0.0208777
0.00618778
0.00711121
0.00464809
0.00390891
-0.000173125
-0.00961732
0.000518612
0.000131023
-0.000758933
5.83713e-05
0.0253669
0.0181628
-0.00383575
0.00347948
-0.0175021
0.0129289
0.0243436
0.0612573
-0.00710082
-0.00749624
0.0646822
0.00241671
0.00697474
0.0721619
-0.000108499
0.0040635
0.000445802
-0.00166572
-0.0155624
0.00568702
0.00069956
-0.0284098
-0.00122811
-0.00248047
4.18771e-05
0.00152459
-0.00448536
0.000473329
1.29028e-05
-0.00380841
0.000541754
-4.26089e-06
7.50021e-06
0.000512107
0.00175341
0.00163947
4.99477e-05
5.11487e-05
-0.00436318
0.00154484
4.18393e-05
-0.00577583
0.00180099
5.10569e-05
4.98945e-05
0.00167341
0.000541545
0.00051198
7.65774e-06
-4.04074e-06
-0.00446618
-0.00379248
1.29857e-05
0.000473283
0.00133189
0.000576955
0.000239333
0.00162533
0.000498903
0.00045082
4.02716e-05
0.00014527
0.000577127
-9.02748e-06
-0.00330847
-0.00302026
0.00193626
-0.00169369
-0.0033477
5.89009e-05
0.00109755
0.00150665
0.000239544
0.000577599
0.00187504
5.90243e-05
-0.00334757
-0.00176858
0.000577421
-0.00301988
-0.00330883
-9.31455e-06
0.000498972
0.000144912
3.98325e-05
0.000451269
0.00899369
0.00707114
0.00663668
0.00898519
0.00535716
0.00116532
0.0059405
0.00582708
0.00049144
0.000751151
0.00388022
0.000837886
0.0084771
0.0106585
-0.0185915
-0.0200622
-0.0108733
-0.0144872
0.00630549
0.00913233
2.66023e-05
0.00608174
0.00964219
-3.95931e-05
7.29531e-05
0.00109092
0.00195084
0.0008808
0.00619166
0.00801622
0.00335259
0.00198583
-0.0101418
0.00949368
0.00633285
-0.0144871
0.00645979
0.00216439
0.00345974
0.00817993
8.21391e-05
0.000876688
0.00197634
0.0011095
2.28804e-05
4.07584e-05
0.00979539
0.00605176
0.00909587
0.00905209
0.00672885
0.00730478
0.00847635
-0.0200264
-0.0186019
0.0106828
0.000477017
0.000801562
0.00385631
0.000733942
0.00564792
0.0060618
0.00605712
0.00136738
-0.000125003
0.0114627
0.0138624
0.0228096
0.0255577
0.0363349
0.00652109
0.0166461
-0.0396401
0.011479
0.00566876
-0.0445493
0.0833117
-0.267075
0.000962247
-0.0304333
-0.0567727
0.0492999
0.00430539
-0.0335038
0.0988653
0.000898239
0.00439742
0.0867445
0.0866321
0.0706293
-0.0381279
-0.0234327
0.0271662
0.0306693
-0.0169141
0.0424485
-0.0576736
-0.0343403
0.00306872
0.0490999
0.0271056
0.0424457
-0.0183237
0.0306716
0.0866238
-0.0240436
-0.0395883
0.0706409
0.0994241
0.0865523
0.00268363
0.000352643
0.000180822
0.015598
0.00655949
0.0114771
0.0828375
-0.0309053
-0.00668117
-0.274824
-0.0395771
-0.0445198
0.0056663
0.0114914
0.0255431
0.0166904
0.00652463
0.0363297
0.0521064
0.0562388
-0.0106108
-0.00883195
0.0579008
-0.0118792
-0.0118226
0.0580057
-0.0137704
-0.0120639
0.00558118
0.00544469
-0.0152869
0.00772685
0.0064101
-0.0185741
0.0493138
0.017912
-0.0146082
0.0510376
0.00565491
-0.0130052
0.00248682
0.00499393
-0.0123999
0.00499432
0.00336282
-0.0116549
0.0556347
0.0533572
-0.0134169
-0.012424
0.00633
-0.00158939
0.00447335
0.00406529
0.00936562
0.00515113
0.00470011
0.00815799
0.000615596
0.000831863
0.000531179
0.000416203
-0.00548789
-0.00128189
0.000416959
0.000936421
0.00740828
0.00809309
0.00652443
0.0101292
0.000122441
0.000532685
0.000963459
0.000224295
0.000741499
0.00017904
0.000419414
0.00080853
0.0116729
0.0116243
0.0054422
0.00572187
0.0523876
-0.00873086
-0.0104953
0.056259
-0.0141048
-0.0160947
0.00644947
0.00774575
-0.0129009
0.00551957
0.00565177
-0.010441
0.0579035
0.0578336
-0.0116186
-0.0116496
0.00698125
0.00946654
0.00659351
0.00764325
0.0125922
0.00620414
0.00581354
0.0114605
0.000675733
0.000748602
0.000412128
0.000169403
6.38487e-05
0.000269132
0.000959404
0.000491648
0.00878176
0.00465393
0.00507092
-0.0022348
-0.00576871
0.000860305
0.000372368
-0.00132619
0.000547772
0.000425583
0.000494111
0.000768269
0.0109455
0.00979243
0.00521686
0.00564003
0.0493144
0.0509687
-0.0144615
0.0181458
0.0555639
-0.0122051
-0.0131947
0.0532655
-0.0102779
-0.0103005
0.00340495
0.0050304
0.00579627
0.00530196
0.00254865
-0.0110809
0.000895857
5.28075e-05
6.22512e-05
0.000965608
0.000477725
0.000492612
0.000255238
0.000255189
0.00052233
0.000262335
0.000261976
0.000507453
0.00108973
0.00102856
7.81928e-05
8.71838e-05
0.00107834
0.00109997
6.20683e-05
5.27098e-05
0.00110024
8.6881e-05
7.7836e-05
0.00110079
0.000521973
0.000507044
0.000262121
0.000262467
0.000477061
0.000255449
0.000255521
0.000491934
0.0010949
0.00011152
0.000102825
0.00109865
0.000594762
0.000566699
0.000252797
0.000249811
0.000537238
0.000253498
0.000253669
0.000552302
0.00110042
0.00110011
9.49505e-05
8.58896e-05
0.00112986
0.00114229
0.000102688
0.000140109
0.00115031
8.60226e-05
9.4957e-05
0.00116764
0.000537569
0.000552607
0.000253596
0.000253393
0.00058838
0.000243037
0.000252734
0.000566954
0.0401366
0.0124451
0.00476635
0.00135545
-0.00718742
0.0449395
0.0219469
-0.00333369
0.00265439
0.00246623
0.00443712
0.00477242
0.0019695
0.00375685
0.00229968
0.00105353
-0.00119961
0.0286163
0.0372159
0.00192731
0.00234543
0.0019273
0.0042782
0.00369055
0.001323
0.0035374
0.00418346
0.00161792
-0.00795764
-0.0101335
0.0458239
0.0461976
-0.00162325
0.00168043
0.0398907
0.0314764
-0.00837517
0.0485555
0.0481111
-0.0108531
0.00131051
0.00160215
0.00390125
0.00343448
0.00241178
0.00358262
0.00370813
0.00190953
0.0384838
0.00138551
0.00553971
0.0102091
0.00185486
0.000995621
0.00220931
0.00376134
0.00262937
0.00474101
0.00437012
0.00246316
-0.0078753
-0.00427287
0.023608
0.0470734
0.0244223
0.0584951
-0.000349781
-0.00444684
0.0449658
0.000193882
-0.00151122
0.0513298
-0.00466843
-0.00156895
-0.00114566
-0.00525291
0.0071759
-0.00379489
-0.00392865
0.000458301
-0.00881199
0.000892042
0.0017814
0.0363944
0.0265915
0.00281516
0.00263648
-0.10204
0.0214436
0.019071
-0.00477247
-0.000536999
-0.030662
0.0470409
-0.0176232
0.0199299
-0.140099
0.0194454
0.00232232
0.0317311
0.0046026
0.00189014
-0.000505798
0.00966396
-0.00937491
0.00235905
0.0040011
-0.00700328
0.0354277
0.0548083
0.00380085
0.00229748
0.00838229
0.00409733
-0.00710854
0.00514248
-0.00243347
6.24638e-05
0.0221199
-0.0144621
0.00573404
0.0165295
0.0179194
0.00329581
0.00209064
0.00311786
-0.00816543
-0.00430146
0.0230182
-0.00428222
-0.000171282
0.0584913
0.00728035
0.00147993
-0.00369765
-0.00379438
-0.00470555
-0.00507867
-0.00109193
-0.001839
0.0450968
0.0514182
-0.00162499
-0.000345986
0.00819535
0.00513538
-0.00768954
0.00448771
0.0019896
-0.00459821
-0.00859998
0.00346142
0.00506734
0.00309298
0.0162561
0.0175435
-0.00193705
-0.0147919
0.0210717
-0.00140315
-0.141417
0.0321869
0.00237984
0.017157
0.0341439
0.00226514
0.0036651
0.0534978
-0.00883123
-0.0074225
0.00385791
0.00230314
0.00349644
0.0069931
-0.000404583
0.00217829
-0.00801706
0.0363225
0.00177865
0.00105896
-0.0295661
0.0197735
-0.0176238
0.0470045
0.021533
-0.000686644
-0.00512054
0.0208057
0.0260016
-0.0976699
0.00253298
0.00275967
-0.00135273
0.00104765
0.00435308
0.00216085
0.00035589
0.00369238
0.0030205
-0.000277571
0.00034244
0.000128978
6.65623e-05
0.000338732
0.000885925
0.000730401
0.000516295
0.000223538
-0.00136585
0.00215969
0.00435282
0.00104618
0.000886075
0.000223777
0.000516332
0.000730463
0.000342504
0.000338699
6.64655e-05
0.000129076
0.000355375
-0.000278561
0.00302027
0.00369225
-0.106507
0.0772482
-0.054645
-0.123264
0.000937783
-0.00913898
-0.00824084
0.031188
0.0117231
0.00769006
-0.0213555
-0.000102209
-0.00912308
0.00500053
0.00107387
0.00344331
-0.104365
-0.123065
-0.054987
0.0792175
-0.00906663
0.00344727
0.0010724
0.0049874
0.011723
-0.000116721
-0.0207557
0.00768994
0.000933202
0.0311725
-0.00825926
-0.00915413
-0.00946883
0.0108373
0.00922868
0.0220255
0.029312
-0.000218576
0.00040737
0.0346679
0.00158079
0.00113506
0.000792097
0.000891326
0.00260476
0.00396142
0.0019225
0.00109872
-0.104258
0.0134073
-0.000576204
0.00755907
0.00460338
-0.00194005
-0.00121857
0.00638871
-0.00214511
-0.0009041
-0.00310099
-0.00172577
0.018881
0.00878329
-0.00373785
0.000444112
-0.112484
0.00959854
-0.000398174
0.0142102
0.0182959
0.000445829
-0.00368013
0.00901743
-0.0022078
-0.00163718
-0.00307363
-0.000797487
0.00467485
0.00688828
-0.0010453
-0.0018124
-0.0106028
0.0246492
0.0104759
0.00835817
0.00258633
0.00123902
0.00192606
0.00401539
0.00154897
0.000852926
0.000841893
0.00114022
0.0294058
0.0312543
0.000349464
-0.000262053
0.0586794
-0.115872
0.110996
0.0484466
0.118792
0.029084
0.0660098
0.0909726
-0.00250145
-0.00325422
0.0140787
-0.0145798
-0.000324885
-0.0302587
0.0315279
0.000922054
-0.250966
0.0500936
0.113001
-0.130015
-0.000413002
0.00123204
0.0182137
-0.0307552
-0.00237399
-0.0145472
0.0142624
-0.00323622
0.118792
0.0918451
0.0660064
0.0290993
-0.0753435
0.0109141
0.00890207
0.00314993
0.00912641
-9.13231e-05
-0.00333794
0.00699357
0.0186289
0.0190654
-0.00901444
-0.0108004
0.015794
-0.0016947
0.00192062
0.0219739
-0.0743512
0.00324434
0.0112746
0.0131664
0.0166556
0.0216833
0.00269008
-0.00164506
0.0186002
-0.0109191
-0.00705405
0.0190677
0.00882787
0.00829001
0.000339066
-0.000294666
