-0.735
0.285
-2.23464
-0.768481
0.375
2.305
-0.755
0.807438
-2.115
-0.775
1.04525
2.215
0.734656
0.285
-2.235
0.76848
0.375
2.305
0.755
0.807438
-2.115
0.775
1.04525
2.215
0.0789291
0.0947643
0.124205
0.110495
0.0791751
0.0936925
0.124218
0.110512
-0.0384429
0.0153118
0.0828037
0.0926778
0.0227925
-0.0316156
-0.0685582
-0.0412376
0.0168204
0.0916651
0.0975384
0.0148112
-0.0394266
-0.0736286
-0.0281444
0.0307531
0.126724
0.116114
0.0213577
-0.0321632
-0.063783
0.0574302
0.113005
0.17307
0.165054
0.098903
0.0444973
0.00451865
-0.0507547
0.00260245
0.0749571
0.090461
0.0127848
-0.042405
-0.0781725
-0.0557364
-0.0519346
-0.084587
-0.0467242
-0.0470285
-0.0758528
0.0478927
0.105919
0.172509
0.163847
0.0919892
0.035676
-0.00379473
-0.0507507
0.00263637
0.0749903
0.0897725
0.0125139
-0.0426103
-0.0783897
-0.0557346
-0.0520713
-0.0847787
-0.0467261
-0.0471305
-0.0760157
0.0478735
0.105901
0.172476
0.163774
0.0918766
0.0355383
-0.00395215
-0.0384444
0.0153532
0.0827271
0.0917605
0.0221228
-0.0321012
-0.0690126
-0.0412351
0.0168624
0.0917331
0.0965648
0.014228
-0.039834
-0.0740439
-0.0281504
0.0307615
0.126762
0.115804
0.0209864
-0.0324816
-0.0641408
0.0573841
0.112957
0.172986
0.164882
0.0986501
0.0442035
0.00419488
0.077507
-0.049677
0.0780704
0.0572666
0.0629924
0.0941402
0.110056
0.114849
0.115751
0.0861223
0.0776208
0.0788408
0.0570242
0.0942278
0.114864
0.0861146
0.0877216
0.167514
0.0656238
0.161718
0.0905857
0.118474
0.491457
0.648399
0.0875754
0.167668
0.161638
0.118477
0.159517
0.159626
0.05862
0.209153
0.274811
0.166268
0.166304
0.0763239
0.67638
0.143791
0.14374
0.0705557
0.59292
0.118276
0.0569215
0.0191429
0.0748059
0.0443868
0.06941
0.062564
0.0340435
0.0907518
0.0893459
0.0179542
0.0971183
0.0647639
0.0191568
0.0569076
0.0760859
0.0607516
0.0443408
0.062763
0.0905622
0.0337944
0.0893415
0.0972216
0.0179234
0.0647376
0.0841546
0.0794251
0.155941
0.0603133
0.0866141
0.10099
0.154906
0.0879687
0.123721
0.166983
0.121734
0.462323
0.100804
0.158794
0.114426
0.646646
0.0841654
0.0602963
0.0788785
0.156135
0.0866713
0.0807325
0.10099
0.154898
0.123707
0.462358
0.167067
0.121736
0.100801
0.646664
0.158732
0.114409
0.155741
0.253246
0.0383617
0.237988
0.170267
0.0632599
0.122635
0.11709
0.0695011
0.176654
0.138519
0.0846009
0.183049
0.225771
0.16607
0.199806
0.525575
0.121086
0.126582
0.587698
0.155918
0.25343
0.170603
0.063369
0.12262
0.117056
0.136849
0.0778406
0.166154
0.199799
0.126555
0.587663
0.158004
0.0678291
0.167819
0.166943
0.0716288
0.0646843
0.164494
0.153795
0.0780583
0.0725859
0.164082
0.662452
0.303235
0.633544
0.664633
0.622108
0.158121
0.0658381
0.167977
0.167037
0.16447
0.15375
0.164094
0.662286
0.159552
0.171526
0.162113
0.140334
0.159858
0.140491
0.162065
0.171812
0.0443307
0.0444312
0.0732316
0.0731618
0.16499
0.280336
0.280223
0.164985
0.177767
0.201645
0.201043
0.177689
0.157042
0.157159
0.161873
0.165642
0.157198
0.165685
0.161843
0.157217
0.0628513
0.0628018
0.0720745
0.0748677
0.616291
0.658415
0.658451
0.616259
0.147518
0.114189
0.0998474
0.143805
0.146873
0.143768
0.0998205
0.114108
0.08216
0.076468
0.0687217
0.0751106
0.61684
0.495143
0.495261
0.616754
0.158597
0.158597
0.142023
0.142474
0.0355247
0.0191277
0.0528363
0.0291872
0.0483742
0.0482888
0.0212903
0.0558487
0.0628439
0.019052
0.0739902
0.0479253
0.0191408
0.0355157
0.052965
0.0477514
0.0291694
0.0483501
0.0557272
0.0212171
0.0629038
0.073859
0.0190636
0.047906
0.0760567
0.080512
0.160937
0.0584163
0.0887271
0.104293
0.151625
0.0815056
0.124933
0.15599
0.123028
0.391787
0.107092
0.147132
0.112574
0.391683
0.0761213
0.0583551
0.0752258
0.161275
0.088686
0.0815349
0.102809
0.151441
0.124942
0.391767
0.156037
0.123041
0.107095
0.391682
0.147105
0.112577
0.0706831
0.0784616
0.138877
0.201201
-0.023223
-0.0236327
-0.0293189
0.210775
0.0762238
0.0812216
0.163271
0.0655162
0.0533398
0.0132273
0.102382
0.0885957
0.0639797
0.0619087
0.0689161
0.154718
0.0799464
0.0901355
0.129793
0.0798078
0.10524
0.105274
0.15611
0.224919
0.106204
0.119926
0.149269
0.172764
0.105415
0.105405
0.326072
0.179308
0.0765166
0.0940468
0.115062
0.453143
0.0706966
0.0790192
0.13914
0.201139
0.0761471
0.0815182
0.163707
0.0656746
0.0533512
0.0132211
0.102328
0.0867355
0.0799418
0.0903446
0.129818
0.0794951
0.10622
0.119924
0.149269
0.172795
0.0765231
0.0940488
0.115024
0.453156
0.0841206
0.0955105
0.150906
0.0661557
0.170893
0.169783
0.164078
0.167268
0.0649833
0.064994
0.0591376
0.065782
0.166565
0.163076
0.163171
0.156434
0.0894707
0.0891036
0.0865329
0.0735421
0.120231
0.116358
0.153047
0.412015
0.488778
0.488735
0.399621
0.569776
0.661997
0.662067
0.657017
0.635738
0.0840787
0.096232
0.151035
0.0660519
0.171081
0.169904
0.164232
0.167391
0.166495
0.163009
0.163121
0.156314
0.120215
0.116372
0.152714
0.412007
0.162358
0.166637
0.16152
0.163163
0.162535
0.166888
0.16164
0.163321
0.048469
0.0614423
0.0614987
0.0651209
0.212472
0.20826
0.208236
0.20667
0.273906
0.259603
0.231513
0.27391
0.170544
0.166618
0.165615
0.16803
0.170616
0.166685
0.165626
0.168054
0.07579
0.0723849
0.0802598
0.0756051
0.689976
0.661606
0.671732
0.689869
0.13536
0.14381
0.143577
0.149223
0.13512
0.143795
0.143636
0.14916
0.0743469
0.0739581
0.0739453
0.0715427
0.583714
0.593951
0.594065
0.608382
0.118736
0.186434
0.116214
0.118827
0.127645
0.131102
0.0260648
0.148682
0.157181
0.0526028
0.0947119
0.134045
0.0757448
0.13853
0.100418
0.0734053
0.108927
0.150409
0.138585
0.19113
0.125488
0.144049
0.0775802
0.108046
0.31198
0.152807
0.0897786
0.413141
0.0262073
0.148575
0.127878
0.131125
0.157687
0.0528046
0.0683231
0.135392
0.0946963
0.134034
0.100118
0.0712594
0.138605
0.191307
0.109118
0.150222
0.125546
0.143924
0.312105
0.152776
0.0775561
0.10806
0.0897565
0.412962
0.165733
0.0742075
0.152915
0.059656
0.153842
0.156526
0.0597542
0.0603027
0.134536
0.0788055
0.151576
0.0728179
0.156081
0.154561
0.084256
0.0806601
0.154227
0.236889
0.164681
0.166449
0.154343
0.40891
0.374375
0.542293
0.133463
0.473483
0.160448
0.152912
0.15021
0.401577
0.652881
0.662531
0.166005
0.0742426
0.0597994
0.0556747
0.153051
0.0595682
0.154057
0.156704
0.134562
0.0779172
0.0790386
0.0751278
0.151676
0.0725808
0.156116
0.154494
0.154113
0.23696
0.374407
0.542353
0.164765
0.166511
0.154357
0.408936
0.13344
0.473464
0.652855
0.662559
0.160401
0.152864
0.15019
0.401602
0.158031
0.154191
0.237586
0.245616
0.0415946
0.0416229
0.2369
0.236929
0.169506
0.170821
0.0536526
0.0682076
0.121985
0.107326
0.170015
0.129661
0.0689025
0.0689014
0.172615
0.17258
0.143183
0.128428
0.0833683
0.0848631
0.178111
0.177976
0.221316
0.220987
0.166388
0.159211
0.185297
0.199681
0.523542
0.523516
0.114038
0.114044
0.115658
0.137345
0.602676
0.57468
0.158477
0.15432
0.245592
0.237465
0.169826
0.171134
0.0537342
0.0682969
0.107284
0.12196
0.170004
0.12964
0.141562
0.128609
0.0771271
0.0775988
0.15929
0.166482
0.19955
0.185235
0.137292
0.115609
0.574669
0.602664
0.157601
0.15797
0.0666534
0.074153
0.16978
0.163729
0.170823
0.168946
0.0730726
0.0730356
0.0678219
0.0678093
0.169066
0.166049
0.154934
0.153328
0.0773146
0.0774799
0.0742979
0.0742469
0.16307
0.164866
0.648772
0.662364
0.299252
0.299168
0.640804
0.640958
0.678532
0.678523
0.622988
0.623115
0.157735
0.158054
0.0665729
0.073996
0.163852
0.170001
0.17095
0.169022
0.166028
0.169072
0.154867
0.153271
0.164897
0.163063
0.662543
0.648737
0.114056
0.162558
0.167691
0.135275
0.187872
0.167552
0.168042
0.1647
0.15742
0.151144
0.164969
0.166637
0.0951698
0.136483
0.160314
0.146179
0.114289
0.135528
0.167939
0.163029
0.0951822
0.146283
0.160429
0.136581
0.157476
0.166761
0.165088
0.151205
0.188126
0.165043
0.16828
0.167744
0.0340296
-0.00530544
0.051496
0.0590329
0.0341375
0.0592153
0.0515383
-0.00630021
0.0448834
0.0595446
0.0672822
0.0699615
0.044969
0.0698693
0.0672353
0.0595207
0.110902
0.163091
0.20834
0.151218
0.320975
0.396315
0.216805
0.192867
0.319085
0.193208
0.222197
0.396157
0.110965
0.151275
0.208266
0.16322
0.100774
0.186728
0.258615
0.210158
0.130842
0.219008
0.235234
0.197635
0.130921
0.197467
0.235351
0.219009
0.100718
0.210292
0.258578
0.186699
0.156323
0.151586
0.170749
0.170888
0.151946
0.167885
0.170064
0.150663
0.148809
0.15143
0.167226
0.164656
0.155185
0.169383
0.168498
0.153344
0.156539
0.171041
0.170848
0.151712
0.155221
0.153405
0.168548
0.169481
0.148793
0.164615
0.167222
0.151425
0.151907
0.150768
0.170106
0.167858
0.062454
0.0650943
0.0717802
0.0629098
0.0589746
0.06281
0.0717069
0.0651142
0.0793671
0.0859188
0.0795794
0.0692973
0.0788379
0.0695345
0.0797525
0.0861767
0.405891
0.411329
0.671639
0.569847
0.39683
0.670848
0.685444
0.409605
0.396826
0.409591
0.68544
0.670849
0.405909
0.569803
0.671653
0.411334
0.146348
0.132441
0.149432
0.160725
0.0822976
0.100501
0.132947
0.121134
0.0695328
0.103845
0.123727
0.0845252
0.145604
0.15712
0.149125
0.124642
0.146344
0.160403
0.149392
0.132467
0.145596
0.12462
0.149078
0.157055
0.0694914
0.0845577
0.123688
0.103835
0.0820994
0.121212
0.132919
0.100519
0.0642446
0.0742808
0.0741
0.081436
0.0652768
0.0797186
0.074068
0.0740378
0.065219
0.0684316
0.0757321
0.0793786
0.0658897
0.0801466
0.0757292
0.0690536
0.404966
0.463591
0.609355
0.643381
0.275129
0.327393
0.579158
0.448791
0.275163
0.448171
0.57842
0.327454
0.404956
0.643385
0.609369
0.463568
0.114708
0.147239
0.18328
0.145026
0.114315
0.144967
0.183284
0.146801
0.115524
0.172982
0.111423
0.0976447
0.115577
0.0976533
0.111433
0.173017
0.0201179
0.0191233
0.0353292
0.0187882
0.0374803
0.0360743
0.012346
0.0380888
0.0412109
0.0159518
0.0485934
0.0387252
0.0191359
0.0202131
0.0354399
0.0364295
0.0185785
0.0361831
0.0382022
0.0124087
0.0412357
0.0487344
0.0158864
0.0386978
0.0775316
0.0806744
0.156448
0.0610594
0.0934525
0.100735
0.167453
0.0891624
0.124732
0.144529
0.123558
0.262443
0.108841
0.132506
0.111498
0.245347
0.0776862
0.0614796
0.0806156
0.156547
0.0925334
0.0886818
0.0984028
0.167369
0.124753
0.26251
0.144564
0.123577
0.108839
0.24535
0.132486
0.111491
0.0752291
0.0784002
0.118291
0.156873
-0.0497054
-0.0497106
-0.0389276
0.187581
0.0770284
0.0796461
0.152774
0.0669091
0.0572456
0.0129737
0.0888946
0.12987
0.0634977
0.062461
0.0664609
0.134671
0.0912012
0.0942148
0.11656
0.0899376
0.108845
0.108841
0.137575
0.186755
0.11145
0.117695
0.139569
0.163653
0.11061
0.109278
0.220949
0.152162
0.0816657
0.090262
0.105171
0.27041
0.0752434
0.0787606
0.118424
0.156954
0.0774962
0.0801796
0.153027
0.0671177
0.0570782
0.013271
0.0887629
0.12987
0.0911557
0.0942754
0.116591
0.0898794
0.11147
0.117692
0.139587
0.163495
0.0816718
0.0902389
0.105163
0.270447
0.0862444
0.0924249
0.148823
0.0722672
0.173298
0.169438
0.165789
0.16743
0.0653036
0.0653089
0.0624026
0.0677069
0.165577
0.162899
0.162446
0.159083
0.0895325
0.0893162
0.0880784
0.0791022
0.119437
0.117482
0.139353
0.257912
0.492707
0.492687
0.446484
0.532491
0.65584
0.655872
0.652638
0.641983
0.0860119
0.0925521
0.148963
0.0722173
0.17347
0.169571
0.165943
0.16757
0.165411
0.16282
0.162382
0.159006
0.119433
0.117486
0.139358
0.257905
0.16117
0.162569
0.160789
0.161227
0.161335
0.162772
0.160932
0.161387
0.0535454
0.0600311
0.0600593
0.0618713
0.211892
0.209598
0.209587
0.219219
0.276052
0.267866
0.277963
0.276095
0.171181
0.166453
0.164918
0.167808
0.171205
0.166506
0.164958
0.167835
0.071505
0.0700516
0.0736286
0.0714491
0.683852
0.672641
0.674367
0.683811
0.141252
0.141294
0.144015
0.146605
0.141187
0.141278
0.14397
0.146548
0.0723458
0.072261
0.0722633
0.0710509
0.58942
0.593958
0.593957
0.600715
0.11889
0.130335
0.113703
0.118928
0.047599
0.0645518
0.10672
0.125613
0.0172398
0.01914
0.021764
0.154192
0.0680433
0.0750483
0.138652
0.0566335
0.0373708
0.0491967
0.0809624
0.112723
0.0614331
0.0644401
0.073499
0.116359
0.0562606
0.0706424
0.0885762
0.0801129
0.0287293
0.0604441
0.0852301
0.106575
0.0650498
0.099384
0.120347
0.158919
0.0776301
0.0989081
0.113343
0.132578
0.0183285
0.0162325
0.0628244
0.0796534
0.0885676
0.104997
0.207658
0.13518
0.0578593
0.0709199
0.0822524
0.254251
0.0172535
0.0173471
0.02143
0.154817
0.0476113
0.0645892
0.106915
0.125545
0.0696361
0.0756402
0.139519
0.0569223
0.0537835
0.0613398
0.0659575
0.116366
0.037386
0.0491735
0.0809375
0.112578
0.056352
0.0701756
0.0886288
0.078078
0.0650855
0.0994233
0.120354
0.159067
0.0290925
0.0603654
0.0852879
0.106453
0.0776211
0.0989112
0.113383
0.132412
0.0885159
0.104781
0.207663
0.134871
0.0183338
0.0162152
0.0627706
0.079564
0.057817
0.0709015
0.0822023
0.25428
0.0853431
0.0825178
0.162137
0.0724744
0.0775146
0.0821667
0.151194
0.0638074
0.142113
0.165615
0.155061
0.156244
0.0591545
0.0656082
0.0619263
0.0617468
0.087986
0.0931718
0.125023
0.0854459
0.1036
0.0968921
0.154978
0.0806691
0.14228
0.162966
0.15546
0.157334
0.0820137
0.0912111
0.0860814
0.0892957
0.12463
0.121792
0.145807
0.203684
0.162525
0.169241
0.165879
0.166765
0.122514
0.120972
0.14214
0.25613
0.432936
0.479634
0.417911
0.502901
0.104123
0.0974838
0.121871
0.287259
0.153489
0.161827
0.159638
0.156026
0.113567
0.115394
0.136063
0.251761
0.529549
0.664104
0.649784
0.671053
0.0853682
0.0825749
0.162427
0.0726251
0.0591013
0.0655951
0.0619587
0.0624248
0.0769277
0.081983
0.151356
0.0637712
0.142318
0.165801
0.155265
0.156433
0.0879858
0.0940904
0.125078
0.0851571
0.0832035
0.0907021
0.0793891
0.0799888
0.101189
0.096893
0.15509
0.0803602
0.142304
0.162934
0.155471
0.15725
0.124847
0.121801
0.145844
0.195627
0.434247
0.47973
0.418558
0.50295
0.162593
0.169348
0.165964
0.166838
0.122533
0.120956
0.14215
0.256133
0.104138
0.0974732
0.121795
0.287208
0.529549
0.664197
0.649804
0.671014
0.153434
0.161759
0.159584
0.15597
0.113556
0.115406
0.136045
0.251767
0.150354
0.156782
0.156621
0.153984
0.231701
0.266994
0.246138
0.256443
-0.0197223
0.0434421
0.0399781
0.0399922
0.225007
0.249807
0.239039
0.238918
0.171183
0.169183
0.16991
0.170566
0.0645181
0.0571435
0.0584569
0.0657346
0.113304
0.130943
0.12336
0.110997
0.103593
0.126085
0.112791
0.122744
0.0704964
0.0718993
0.0692144
0.0692141
0.167408
0.182754
0.175733
0.175706
0.135504
0.141604
0.141358
0.135897
0.0801866
0.076922
0.0839859
0.0846566
0.171567
0.18285
0.181607
0.181439
0.224747
0.222721
0.225247
0.22522
0.166852
0.162635
0.166523
0.165015
0.188375
0.204873
0.192739
0.207959
0.424084
0.574817
0.524902
0.52479
0.182095
0.11857
0.118649
0.118652
0.121364
0.132375
0.121793
0.131488
0.592334
0.59244
0.595229
0.581456
0.150535
0.156975
0.156825
0.155495
0.231797
0.267065
0.257142
0.24615
0.171426
0.169479
0.170238
0.170893
0.0645198
0.0572207
0.0585536
0.0658338
0.113254
0.130887
0.110949
0.123365
0.103561
0.126066
0.112856
0.122712
0.135605
0.141635
0.139202
0.136079
0.0801824
0.0769212
0.0774855
0.0776134
0.166916
0.162731
0.1651
0.166606
0.188537
0.204854
0.207934
0.19275
0.121351
0.132296
0.13142
0.121751
0.592198
0.59227
0.581442
0.595266
0.144944
0.166377
0.157817
0.158154
0.0699621
0.0743051
0.0685498
0.0723035
0.162132
0.164939
0.167863
0.167938
0.167104
0.166782
0.172325
0.168699
0.0748585
0.0683687
0.0723506
0.0723322
0.0628945
0.0704159
0.0680861
0.068086
0.163863
0.165106
0.16885
0.16584
0.155131
0.151702
0.153436
0.153695
0.0849992
0.0764978
0.0776656
0.0777537
0.0730621
0.0720325
0.0734445
0.0734258
0.158982
0.166992
0.163622
0.164498
0.555854
0.691034
0.65083
0.663285
0.35185
0.254555
0.302556
0.302489
0.606614
0.644961
0.639577
0.639633
0.660828
0.668446
0.672198
0.672193
0.628933
0.615283
0.622882
0.622882
0.14507
0.166471
0.157942
0.158254
0.0698203
0.0742163
0.0684584
0.0721691
0.16218
0.165097
0.168077
0.168038
0.167212
0.166863
0.172427
0.168784
0.163827
0.1651
0.165818
0.168781
0.155016
0.151633
0.153364
0.153628
0.159032
0.167011
0.164529
0.163128
0.555854
0.691156
0.663526
0.650687
0.142869
0.161794
0.158896
0.16039
0.173499
0.171638
0.170974
0.171394
0.166992
0.162922
0.161284
0.163741
0.12589
0.134101
0.14959
0.152944
0.143139
0.162106
0.153284
0.160702
0.125934
0.134169
0.149207
0.153032
0.167041
0.162915
0.161137
0.163841
0.173777
0.171909
0.171274
0.171648
0.0283365
0.0482046
0.0336403
0.0489093
0.0280607
0.0482281
0.0339847
0.0489795
0.0739801
0.075356
0.0707583
0.0665872
0.0740893
0.0752989
0.0706787
0.0666343
0.152872
0.152328
0.172511
0.176222
0.262421
0.32822
0.234203
0.293115
0.261542
0.328216
0.233517
0.293095
0.153032
0.152164
0.172391
0.176093
0.158145
0.163083
0.196212
0.196134
0.181755
0.20075
0.21748
0.212874
0.200738
0.181513
0.212894
0.219433
0.162991
0.157882
0.195991
0.196136
0.143487
0.156782
0.157328
0.166069
0.144704
0.156603
0.157662
0.165264
0.161211
0.156566
0.164877
0.162497
0.166006
0.16078
0.168167
0.165268
0.143637
0.15695
0.157473
0.166217
0.166058
0.160811
0.168226
0.165306
0.16117
0.156544
0.164848
0.16248
0.144788
0.156699
0.157731
0.165293
0.0621345
0.0609502
0.0647528
0.0670546
0.0609162
0.0619939
0.0669847
0.0646878
0.0767417
0.0739536
0.0788049
0.0699224
0.0734459
0.0824411
0.0737666
0.0790468
0.557478
0.579324
0.640159
0.634061
0.542961
0.655802
0.660625
0.680653
0.655767
0.54297
0.680733
0.660648
0.579315
0.557903
0.634212
0.640185
0.142182
0.150821
0.145716
0.151217
0.105599
0.108536
0.118713
0.121236
0.0894832
0.095718
0.104095
0.108406
0.139298
0.148567
0.140257
0.150389
0.142187
0.150585
0.144924
0.151149
0.139653
0.14852
0.140218
0.150273
0.0894559
0.0956914
0.104051
0.108359
0.105567
0.108327
0.118619
0.120692
0.0774937
0.0814085
0.0827333
0.076454
0.0774291
0.0757934
0.0767667
0.0763952
0.0706777
0.0694872
0.0697935
0.0731372
0.077927
0.0694432
0.0697896
0.0799638
0.61972
0.650818
0.609837
0.621251
0.40617
0.467978
0.515409
0.562046
0.406387
0.467971
0.515359
0.562182
0.61971
0.650813
0.609605
0.621426
0.148176
0.146905
0.165232
0.166936
0.146477
0.148175
0.166898
0.165239
0.149992
0.126872
0.109161
0.136299
0.126823
0.150051
0.136346
0.109329
0.0913501
0.10041
0.0259273
0.104189
0.100882
0.0376371
0.0693608
0.0928496
0.0632444
0.0984013
0.0740939
0.070849
0.0704961
0.0898302
0.0888145
0.110221
0.0845216
0.103348
0.0573293
0.0865328
0.17773
0.106832
0.0650859
0.208762
0.0259891
0.103511
0.0915356
0.0996639
0.101119
0.037706
0.0628438
0.098331
0.0694122
0.0926514
0.0740694
0.0705982
0.0888076
0.110304
0.0706112
0.0895049
0.0845783
0.103343
0.177824
0.106801
0.0573243
0.0867423
0.0650286
0.208688
0.149887
0.0474106
0.153424
0.063629
0.174124
0.158522
0.0488817
0.0621743
0.129611
0.0781153
0.161026
0.086993
0.152415
0.17946
0.0804151
0.0681881
0.146166
0.243396
0.156811
0.155639
0.143349
0.254786
0.356526
0.408523
0.129317
0.252861
0.148111
0.146272
0.13443
0.248684
0.394308
0.39885
0.148624
0.0474328
0.0488024
0.0621433
0.153473
0.0610899
0.174502
0.158791
0.12971
0.0786333
0.0804436
0.0690097
0.161075
0.0875857
0.152296
0.179463
0.146211
0.243363
0.356813
0.408599
0.156868
0.155682
0.143356
0.254831
0.129296
0.252776
0.394314
0.398855
0.148086
0.146243
0.134413
0.248685
0.114905
0.144402
0.117344
0.156165
0.137641
0.13858
0.194739
0.205543
-0.0131583
0.180241
-0.0131736
0.180975
-0.0261558
-0.0261534
0.211641
0.211641
0.145312
0.0615575
0.157729
0.0717103
0.162805
0.163929
0.0622748
0.0676941
0.0867518
0.124303
0.0651952
0.0696184
0.101967
0.08779
0.138093
0.0918806
0.0666506
0.127565
0.0660416
0.127475
0.0686861
0.0689975
0.149323
0.149059
0.10779
0.0868462
0.12007
0.0868994
0.130842
0.127611
0.0790193
0.082199
0.133405
0.185837
0.133442
0.185866
0.154597
0.154503
0.225339
0.225205
0.128375
0.152274
0.14383
0.174474
0.14922
0.151926
0.169554
0.17631
0.22205
0.150487
0.221967
0.150519
0.328936
0.328957
0.178121
0.178152
0.0952059
0.264636
0.113822
0.279145
0.109894
0.119983
0.458427
0.451197
0.115062
0.144309
0.117431
0.156503
0.13786
0.139091
0.205473
0.194664
0.145516
0.0616366
0.15804
0.0717202
0.163258
0.164331
0.0624464
0.0678189
0.0867056
0.124157
0.0651943
0.0697187
0.0877709
0.102017
0.139176
0.0918372
0.107804
0.086605
0.120102
0.0864483
0.13086
0.127665
0.0786441
0.0803406
0.128513
0.152295
0.143834
0.174704
0.151969
0.149248
0.176799
0.169563
0.0951871
0.264619
0.113801
0.279161
0.119963
0.10986
0.45119
0.458398
0.149863
0.0680958
0.149871
0.0764164
0.151277
0.150661
0.0651083
0.068536
0.169195
0.170926
0.168232
0.169585
0.170156
0.165949
0.17283
0.169041
0.0622738
0.0670466
0.0622912
0.0670545
0.0593411
0.0593291
0.0654382
0.0654484
0.167241
0.162915
0.163877
0.160187
0.167334
0.164462
0.158934
0.155029
0.0878121
0.0793853
0.0875012
0.0792302
0.086172
0.0863242
0.0739151
0.0737975
0.140829
0.257455
0.137648
0.254758
0.151767
0.154126
0.411625
0.409037
0.443075
0.530414
0.442862
0.530408
0.400032
0.399863
0.572603
0.572602
0.666362
0.652599
0.666399
0.652645
0.664553
0.664552
0.639936
0.639938
0.150025
0.0679685
0.15004
0.0763263
0.151406
0.150779
0.0648913
0.0682736
0.169382
0.171063
0.168355
0.169695
0.166085
0.170334
0.172982
0.169146
0.16719
0.162824
0.163822
0.160122
0.16441
0.167218
0.15883
0.155039
0.140831
0.257454
0.137632
0.25476
0.154061
0.151954
0.409017
0.41163
0.164397
0.161029
0.167214
0.167392
0.163275
0.160899
0.1647
0.164158
0.164607
0.161325
0.167464
0.167636
0.161017
0.163394
0.164298
0.164889
0.0499829
0.0500041
0.0564705
0.0643397
0.0565199
0.0643914
0.0662015
0.0661781
0.21218
0.212192
0.209745
0.217626
0.217628
0.209726
0.218684
0.207364
0.26705
0.278084
0.260654
0.2606
0.236227
0.236245
0.278194
0.267022
0.170648
0.170453
0.171999
0.168254
0.17032
0.167023
0.168016
0.168285
0.170731
0.170507
0.172077
0.168309
0.167022
0.170316
0.168326
0.168028
0.069369
0.0729761
0.0679151
0.0678872
0.0750253
0.0750972
0.0692656
0.072822
0.684805
0.688093
0.668214
0.668281
0.679254
0.679248
0.688076
0.685084
0.134224
0.127126
0.146634
0.141599
0.12954
0.146777
0.147321
0.149186
0.127043
0.13421
0.146604
0.14158
0.146734
0.129481
0.147271
0.149131
0.0750537
0.0750523
0.0740308
0.0747328
0.0740084
0.0747327
0.0728246
0.0728164
0.577748
0.577782
0.601722
0.588859
0.588985
0.601834
0.609302
0.609302
0.126667
0.110261
0.186015
0.186027
0.11498
0.114985
0.126701
0.110257
0.122287
0.131953
0.115333
0.177434
0.0307258
0.0206717
0.127067
0.165492
0.131056
0.157223
0.0434706
0.0558503
0.0892426
0.0981122
0.126098
0.140489
0.0673768
0.0702573
0.125216
0.142966
0.0926169
0.111444
0.0705165
0.0757
0.103452
0.114968
0.142815
0.176529
0.117875
0.146015
0.161593
0.208274
0.112667
0.132893
0.128688
0.154598
0.0743966
0.0812735
0.113175
0.10326
0.299439
0.321963
0.136378
0.164218
0.080305
0.0971133
0.352168
0.456116
0.030732
0.0203359
0.126923
0.16543
0.122614
0.132131
0.115209
0.177325
0.132203
0.157712
0.0436272
0.0560381
0.0664644
0.0693268
0.12449
0.142204
0.0890113
0.0979786
0.125841
0.140474
0.0922709
0.111727
0.0701693
0.0755537
0.117694
0.146068
0.161733
0.208328
0.103513
0.115446
0.142917
0.176267
0.112725
0.133146
0.128851
0.154802
0.299528
0.322031
0.136377
0.16423
0.0743533
0.0812402
0.113153
0.103253
0.0802622
0.0970888
0.352276
0.456004
0.172376
0.165608
0.0644899
0.0720232
0.154468
0.151949
0.0586784
0.061798
0.155475
0.162469
0.1428
0.165875
0.0561179
0.056906
0.0590293
0.0668043
0.142658
0.132147
0.0738151
0.0800931
0.151796
0.150786
0.0782597
0.0715109
0.143594
0.16417
0.153204
0.157199
0.0800811
0.0879752
0.0723643
0.0759776
0.154953
0.152887
0.281851
0.193208
0.16226
0.166485
0.161641
0.16872
0.154822
0.153898
0.407019
0.410371
0.357048
0.387971
0.512189
0.560741
0.138931
0.129013
0.440782
0.468647
0.155157
0.163456
0.129527
0.155753
0.149613
0.150911
0.39911
0.403835
0.536553
0.672742
0.587789
0.643769
0.172825
0.165918
0.0644348
0.0720909
0.0560514
0.0568672
0.0584158
0.0683202
0.154651
0.152065
0.0585333
0.0615975
0.156056
0.162676
0.142972
0.166042
0.14269
0.132193
0.0751431
0.0787913
0.0793824
0.0876022
0.0726392
0.0756248
0.151811
0.150882
0.0782557
0.0714463
0.143662
0.164167
0.153258
0.157107
0.155094
0.152936
0.281758
0.193123
0.356862
0.388049
0.512271
0.560784
0.162328
0.166591
0.161687
0.168804
0.154847
0.153926
0.407028
0.410385
0.138902
0.128983
0.440767
0.46863
0.536549
0.672801
0.587762
0.643797
0.155118
0.163409
0.129825
0.155692
0.149604
0.150903
0.399119
0.40383
0.159414
0.149501
0.149535
0.155159
0.216652
0.251285
0.229177
0.225838
0.00334321
0.0465718
0.0466071
0.00254822
0.248771
0.225002
0.224981
0.248792
0.170792
0.169105
0.170139
0.173095
0.0460393
0.0563312
0.0693121
0.0618856
0.112117
0.130023
0.116143
0.0968822
0.177998
0.159569
0.115554
0.113811
0.0708156
0.0722911
0.0722894
0.0710225
0.159124
0.178988
0.179
0.158902
0.139891
0.146194
0.132237
0.12401
0.0766622
0.0788159
0.0794492
0.077667
0.177397
0.166135
0.16618
0.177392
0.219988
0.220149
0.220114
0.219675
0.15669
0.166225
0.159708
0.164436
0.173819
0.193123
0.207934
0.20984
0.423895
0.57187
0.571895
0.424154
0.171526
0.11268
0.112693
0.171435
0.11034
0.120613
0.149036
0.130908
0.607134
0.607522
0.575856
0.578035
0.14614
0.159659
0.155288
0.149348
0.225747
0.229157
0.251229
0.216687
0.169333
0.171051
0.173427
0.170414
0.0563367
0.0462571
0.0619008
0.0692641
0.0968146
0.116117
0.129983
0.112099
0.159548
0.177991
0.113708
0.115541
0.14616
0.13996
0.12409
0.132254
0.0787799
0.0766305
0.0776767
0.079152
0.164502
0.159816
0.166328
0.156744
0.209927
0.206625
0.193101
0.17377
0.130874
0.148996
0.120525
0.110321
0.577838
0.575809
0.607524
0.607092
0.144248
0.166266
0.166142
0.145262
0.0708417
0.0660517
0.0758312
0.0781703
0.168095
0.16849
0.166072
0.165003
0.170789
0.17084
0.169172
0.168721
0.075784
0.0701714
0.0701293
0.0757534
0.0621945
0.0657664
0.0657257
0.0621925
0.168476
0.169633
0.166684
0.165398
0.15221
0.157472
0.151638
0.151311
0.0843482
0.075749
0.0759096
0.0845531
0.0742874
0.0741671
0.0741256
0.0741405
0.157788
0.16608
0.167586
0.15994
0.55427
0.667079
0.687317
0.551946
0.348231
0.251562
0.251555
0.348002
0.656386
0.607704
0.607741
0.65634
0.674683
0.682257
0.682251
0.674677
0.616135
0.633351
0.633363
0.616266
0.166388
0.144394
0.145366
0.166204
0.0659108
0.0707193
0.0779449
0.0746275
0.165113
0.166193
0.16872
0.168605
0.170981
0.170901
0.168784
0.169261
0.16537
0.166672
0.169656
0.168469
0.157392
0.15216
0.151259
0.151569
0.159891
0.167625
0.166072
0.157779
0.552068
0.687332
0.666865
0.554282
0.0780426
0.12081
0.137564
0.100809
0.15041
0.170983
0.162249
0.140381
0.16351
0.157985
0.160272
0.169204
0.117113
0.111351
0.14713
0.150515
0.153
0.141805
0.17678
0.181788
0.17192
0.168449
0.170935
0.163984
0.163689
0.169706
0.170399
0.165795
0.155248
0.160439
0.173158
0.172397
0.145607
0.145184
0.160797
0.162426
0.141518
0.165025
0.158604
0.144878
0.162509
0.165913
0.164369
0.16446
0.167708
0.167915
0.165094
0.164221
0.0608964
0.078795
0.120524
0.101566
0.117974
0.150692
0.131344
0.101167
0.16099
0.161138
0.154042
0.155893
0.132773
0.121104
0.15458
0.165725
0.078209
0.101022
0.137924
0.121572
0.117271
0.15071
0.144732
0.111535
0.163718
0.169441
0.160499
0.158197
0.150636
0.140925
0.162533
0.171231
0.0609058
0.101615
0.120571
0.078893
0.132784
0.16579
0.154238
0.121137
0.161138
0.156506
0.154152
0.161241
0.11819
0.101342
0.131523
0.150737
0.145643
0.162492
0.160881
0.145367
0.167841
0.164335
0.165215
0.168023
0.162648
0.164559
0.164472
0.166053
0.14149
0.144866
0.158667
0.165148
0.152535
0.182058
0.177002
0.141997
0.155546
0.172628
0.173465
0.160763
0.163891
0.165934
0.170663
0.169991
0.172101
0.164181
0.171175
0.168634
0.0263654
0.0224562
0.0396457
0.0472817
-0.0355186
-0.017364
0.0279323
0.0183918
0.055008
0.0507473
0.0383813
0.0450065
0.0640942
0.0590965
0.0523033
0.0604251
0.0264004
0.0474621
0.0396668
0.0224548
0.0642335
0.0604304
0.0523234
0.0592788
0.0550327
0.0450242
0.038675
0.0508337
-0.0355487
0.0176506
0.0278073
-0.0173572
0.0505622
0.0598392
0.0737922
0.0722189
0.0623469
0.0753212
0.0686771
0.0590012
0.0631313
0.0595616
0.0642381
0.0692701
0.0694197
0.0703704
0.0716337
0.0668929
0.0505347
0.0722258
0.0739063
0.0599146
0.0693131
0.066916
0.0717059
0.0703556
0.0631055
0.069249
0.064254
0.0595154
0.0623382
0.0590331
0.0687239
0.0753059
0.0785443
0.12003
0.137031
0.0947707
0.158609
0.181762
0.164523
0.143378
0.211995
0.180798
0.183739
0.199081
0.136477
0.127933
0.160499
0.169983
0.252131
0.394974
0.309277
0.231092
0.447117
0.351682
0.340686
0.433843
0.219598
0.214012
0.245243
0.254371
0.168402
0.186195
0.22293
0.196894
0.249007
0.232114
0.309687
0.396407
0.168554
0.196693
0.21702
0.185837
0.219596
0.25437
0.24506
0.213988
0.447001
0.434039
0.340757
0.351546
0.0785625
0.094721
0.136956
0.12003
0.136483
0.169991
0.16059
0.127932
0.211995
0.199133
0.183911
0.180802
0.158636
0.143298
0.164538
0.181791
0.0829371
0.114772
0.142134
0.119137
0.15137
0.224812
0.175842
0.135767
0.269
0.250837
0.24104
0.259958
0.064155
0.151983
0.180144
0.226033
0.074453
0.130961
0.173847
0.0999674
0.188413
0.224208
0.211314
0.179722
0.279318
0.271177
0.212203
0.22275
0.161334
0.134637
0.204765
0.235951
0.0744873
0.0999514
0.173801
0.130554
0.161292
0.235927
0.205189
0.134268
0.279383
0.222712
0.212144
0.271241
0.18844
0.179831
0.21108
0.224191
0.082832
0.119095
0.14202
0.114722
0.0658462
0.226082
0.180087
0.151162
0.268978
0.259861
0.240899
0.250787
0.151439
0.135663
0.175669
0.225221
0.155015
0.152251
0.143159
0.142443
0.149337
0.144622
0.143868
0.150367
0.171625
0.172156
0.166188
0.166329
0.172996
0.165763
0.165948
0.172606
0.165478
0.142946
0.144188
0.157431
0.166412
0.168049
0.164745
0.163562
0.170498
0.166418
0.165779
0.169696
0.148477
0.152416
0.145077
0.145261
0.133471
0.135315
0.155911
0.154338
0.138512
0.157874
0.157199
0.136851
0.167752
0.166482
0.165517
0.166803
0.163689
0.162656
0.16421
0.165186
0.14392
0.162049
0.161241
0.142801
0.169238
0.168872
0.168461
0.168975
0.168049
0.167317
0.167874
0.16848
0.14014
0.141481
0.160322
0.133417
0.155127
0.14263
0.14332
0.15237
0.173175
0.172726
0.166106
0.165939
0.171672
0.166437
0.166326
0.172249
0.149487
0.150526
0.144019
0.144756
0.143942
0.142813
0.161266
0.162131
0.14014
0.133385
0.160352
0.141488
0.168095
0.168551
0.167922
0.16735
0.169358
0.169072
0.168533
0.168967
0.133454
0.15429
0.155881
0.135302
0.163623
0.165149
0.164173
0.162598
0.167763
0.166475
0.165498
0.166475
0.138439
0.136852
0.157182
0.157952
0.165417
0.157514
0.144265
0.142994
0.148639
0.145381
0.145171
0.15255
0.170506
0.169647
0.165824
0.166485
0.166257
0.163542
0.164757
0.167971
0.0645869
0.0612145
0.0602776
0.0621452
0.0673767
0.0625445
0.0638812
0.0674036
0.0697103
0.0724872
0.0689486
0.0661201
0.0701899
0.0658862
0.0640935
0.0680031
0.0640781
0.0636178
0.0601524
0.0617766
0.0700725
0.0678693
0.0639528
0.0658489
0.0696684
0.0661061
0.0688524
0.0724676
0.0673807
0.0672791
0.0650322
0.0625458
0.0877651
0.080585
0.0781887
0.0860662
0.087734
0.0846217
0.0859325
0.0891433
0.0732384
0.0759882
0.0773619
0.0761046
0.0739892
0.0784235
0.07105
0.072072
0.0884753
0.0866366
0.0788725
0.0807982
0.0740603
0.073846
0.0719621
0.0784299
0.0733023
0.0761846
0.0775435
0.0762392
0.0879183
0.0895843
0.0862268
0.0847419
0.252564
0.255234
0.544537
0.473655
0.257545
0.554949
0.552757
0.256736
0.679788
0.65188
0.653536
0.684536
0.534128
0.521199
0.598784
0.610629
0.247043
0.533085
0.539856
0.250291
0.660112
0.668377
0.676612
0.668449
0.681866
0.689992
0.684277
0.675977
0.256087
0.253306
0.546265
0.55257
0.247041
0.250298
0.539856
0.533083
0.256076
0.552578
0.546291
0.25331
0.681855
0.67597
0.684289
0.69
0.660143
0.668451
0.676891
0.668371
0.252773
0.473362
0.544689
0.25525
0.534061
0.61064
0.59882
0.521185
0.67987
0.684075
0.653775
0.651873
0.257557
0.256732
0.553165
0.554964
0.184501
0.127746
0.149174
0.159712
0.118136
0.138016
0.138887
0.122518
0.144195
0.15041
0.148697
0.14382
0.162416
0.163376
0.154266
0.15616
0.0608635
0.0754374
0.100105
0.082531
0.0883125
0.113533
0.109414
0.0842629
0.140195
0.139414
0.126353
0.13177
0.114115
0.101469
0.116407
0.13361
0.0532817
0.0742052
0.085804
0.0613845
0.100615
0.116146
0.103434
0.0892049
0.132661
0.119932
0.113029
0.126458
0.0696048
0.064298
0.0936194
0.0996449
0.131188
0.15169
0.125946
0.1257
0.160293
0.153658
0.151504
0.158971
0.146703
0.142735
0.150962
0.151518
0.109581
0.117884
0.13525
0.126282
0.184595
0.15946
0.149157
0.127841
0.162187
0.156083
0.154197
0.163287
0.144152
0.143826
0.148646
0.150349
0.118165
0.122564
0.138885
0.138094
0.131166
0.125689
0.126227
0.151644
0.109564
0.126259
0.135223
0.117863
0.146653
0.151457
0.150902
0.142446
0.160216
0.158911
0.151449
0.153579
0.0532599
0.0613492
0.0857841
0.0741617
0.0696489
0.0995865
0.0935707
0.064284
0.132541
0.126408
0.112973
0.119922
0.100606
0.089169
0.103402
0.116126
0.0609706
0.0824979
0.0997873
0.0754329
0.114123
0.133684
0.116467
0.101505
0.140175
0.131734
0.126238
0.139419
0.0883666
0.0842528
0.109239
0.113535
0.0866015
0.0784799
0.0752626
0.0819118
0.0792414
0.073678
0.0762129
0.0807804
0.0725445
0.0767937
0.0765288
0.0731027
0.088337
0.0855654
0.0781255
0.0795039
0.0782542
0.0821707
0.075044
0.0789086
0.0881792
0.0794827
0.0780751
0.0851865
0.0725416
0.0730892
0.0764817
0.0767775
0.079075
0.0806609
0.0760082
0.0736098
0.0644222
0.0640578
0.0701106
0.0757534
0.0662626
0.0706986
0.0717133
0.0669236
0.0735527
0.0772017
0.0737101
0.0721084
0.0875278
0.0813829
0.0741779
0.079684
0.0646316
0.076167
0.0704787
0.0650089
0.0878356
0.0796914
0.0740286
0.0815028
0.0735508
0.0721077
0.0737027
0.0771917
0.0665673
0.0681589
0.0721764
0.0707731
0.249517
0.269556
0.59792
0.566308
0.274952
0.599886
0.613528
0.283338
0.601698
0.616112
0.614314
0.600054
0.647806
0.653671
0.632924
0.631434
0.139346
0.197056
0.389068
0.262374
0.223469
0.426354
0.417595
0.216936
0.589701
0.58654
0.568303
0.573912
0.267705
0.260672
0.540856
0.586504
0.140487
0.26199
0.389405
0.197065
0.26772
0.586362
0.540841
0.260669
0.589701
0.573926
0.568366
0.586482
0.22351
0.2169
0.417819
0.426414
0.249512
0.566294
0.597898
0.269473
0.647827
0.631439
0.632905
0.65392
0.601698
0.600053
0.614491
0.616112
0.274983
0.283364
0.613393
0.599792
0.0775969
0.106981
0.140941
0.10436
0.12948
0.161706
0.154319
0.123355
0.12977
0.12175
0.173451
0.182009
0.128284
0.119188
0.15471
0.098363
0.0774272
0.104147
0.140576
0.106744
0.128222
0.0983178
0.154703
0.11918
0.129756
0.182011
0.173459
0.121764
0.129462
0.123317
0.153969
0.161596
0.0818146
0.124242
0.133054
0.0828438
0.153191
0.178975
0.159722
0.144199
0.113072
0.120505
0.110607
0.11673
0.066931
0.0748093
0.121506
0.109285
0.0820722
0.0828537
0.133072
0.124243
0.0664938
0.109308
0.121497
0.0748386
0.113077
0.116733
0.110736
0.12044
0.153185
0.144338
0.160014
0.178953
