-0.858559
0.355
-1.605
-0.775
0.455
1.90099
-0.699527
0.635
-1.795
-0.543393
1.455
1.635
0.858559
0.355
-1.605
0.775
0.455
1.9026
0.700066
0.635
-1.795
0.545
1.45542
1.635
-0.0326391
0.0641127
0.125141
0.108844
-0.0305661
0.0640272
0.125472
0.109412
0
0
0
0
0
0
0
0
0
0
0
0
0
0
0
0
0
0
0
0
0
0
0
0
0
0
0
0
0
0
0
0
0
0
0
0
0
0
0
0
0
0
0
0
0
0
0
0
0
0
0
0
0
0
0
0
0
0
0
0
0
0
0
0
0
0
0
0
0
0
0
0
0
0
0
0
0
0
0
0
0
0
0
0
0
0
0
0
0
0
0
0
0
0
0
0
-0.00597838
0.0245861
0.0449638
0.117023
0.0237963
0.0519567
0.093326
0.0757319
0.0434959
0.0344923
-0.00627003
0.0439096
0.12458
0.0519869
0.0764346
0.0345775
-0.0307261
0.0689739
0.128683
0.0694844
0.113971
0.0132366
0.228228
0.300888
-0.029647
0.069904
0.0705181
0.013572
0.111485
0.110703
0.0669933
0.151637
0.253155
0.068479
0.0695465
0.11133
0.407915
0.123532
0.124653
0.141242
0.198358
0.158008
0.0184429
0.0112995
0.00254073
0.0497711
0.00735854
0.0242409
-0.00538035
0.0360931
0.046105
0.0103953
0.0107132
0.0172032
0.0113002
0.0185695
0.00251714
0.00364751
0.0460197
0.0243822
0.0351802
-0.00537993
0.0452429
0.0128766
0.0066785
0.0172365
-0.0357102
0.000948705
0.0286671
0.0747029
0.00376941
-0.0310558
0.014989
0.0373089
0.000967222
0.0249981
0.00924515
0.0800604
-0.00775317
-0.00646612
0.000444135
0.15418
-0.0346071
0.0738841
0.000929843
0.0296175
0.00374224
0.0373376
-0.0299478
0.00804815
0.000737249
0.0799453
0.0252551
0.00975247
-0.00777154
0.153823
-0.0014267
0.000425521
0.0514279
0.116345
0.00161628
0.140545
0.00485788
0.0171345
0.0303551
0.0266179
0.0823134
-0.00189478
0.055422
0.0287956
0.0794085
0.0578397
0.05622
0.0468497
0.0287033
0.0219425
0.00383602
0.080182
0.0514012
0.116489
0.00479586
0.0171466
0.0281929
0.0235034
0.0544634
0.0287948
0.0555508
0.0465132
0.00494968
0.0800299
0.0325107
0.0655691
-0.0198842
-0.00147218
0.00954297
0.00330731
0.000265571
-0.0014915
-0.00303594
-0.00718444
0.00823121
0.201001
-0.0959273
0.0820653
0.00820551
0.00231497
0.033948
0.0647465
-0.0189028
-0.00163699
0.000399192
-0.00232209
0.00820193
0.200642
0.037224
-0.0152016
0.017468
0.102171
0.0372114
0.101686
0.0181121
-0.0141848
0.0145323
0.0145378
0.0487662
0.0491213
0.115847
-0.0208034
-0.0210993
0.11569
0.187937
0.12098
0.121217
0.188346
0.0318183
0.0192642
0.00376231
0.0186852
0.0328164
0.0187633
0.003933
0.0217196
0.0706917
0.0698686
0.0477939
0.0481904
0.212494
0.185633
0.185309
0.21229
0.0561295
0.056007
0.0368849
0.000666111
0.0552124
0.000611794
0.0357749
0.0551851
0.0274922
0.0275044
0.0865007
0.0865032
0.111685
0.0745771
0.0744868
0.11138
0.0458152
0.0374933
0.0369898
0.0389166
-0.00555765
0.00775776
0.00318053
0.00737729
0.000917912
-0.0091423
0.00736196
-0.0174444
-0.00658348
0.000365413
0.00321399
0.0240898
0.00778183
-0.00468552
0.00315556
0.00166661
0.00713188
-0.00806318
-0.017903
0.00754804
-0.00683304
0.00377542
0.000341042
0.023937
0.000353482
-3.74077e-05
0.0100611
0.103809
0.00649538
-0.0296576
0.00196327
0.0547718
-0.0131966
0.0129786
0.0132907
0.036322
-0.00108956
0.008663
0.00829847
0.098331
0.000445625
0.102989
-4.66227e-05
0.0115812
0.0064718
0.0558318
-0.0285654
0.00486709
-0.0133547
0.0365913
0.0132333
0.0136451
-0.0010608
0.098174
0.00612292
0.00822788
-0.010883
0.00719516
0.0488837
0.0587649
0.000232747
0.000233873
0.00254637
0.131967
-0.000174366
0.0402912
0.00951084
0.0194055
-0.0267637
0.0123662
0.0311255
0.0256616
0.00192657
0.000944684
0.0781449
0.000963101
0.0126709
0.000251787
0.0158979
0.0491198
-0.0080463
-0.00763946
0.0606961
-0.0128493
0.00883193
0.00108423
0.00709459
0.0340161
0.00204716
0.0019403
0.0205819
0.0106774
0.00158591
-0.0051895
0.00380433
0.0732028
-0.0105291
0.00711693
0.0496438
0.0591978
-0.000181349
0.0392304
0.00955815
0.0194345
-0.022312
0.00835257
0.0288793
0.0304118
0.0126349
0.000295898
0.0158952
0.0491186
0.00833615
0.00112968
0.00614753
0.0338509
0.00155016
-0.00527964
0.00318808
0.0729702
0.000479151
-0.000418763
0.00607283
0.0971724
-0.00167476
0.00207738
0.00172767
-0.0014492
0.0057381
0.00573992
-0.00290896
0.00112914
0.00143752
0.0157949
0.000631184
-0.00517891
0.0117997
0.0118028
-0.00208331
-0.00718581
0.00131304
-0.000343046
-0.00743901
0.0757846
0.00961476
0.00970249
-0.0235826
0.00907875
0.00404644
0.00404602
0.00252802
-0.000672694
0.000489543
-0.000422353
0.00847935
0.0963464
-0.0020603
0.00193789
0.00135734
-0.00138956
0.00540354
0.0131472
0.00065007
-0.00491437
0.00131411
-0.000290652
-0.00753878
0.0761976
-0.00134919
0.000814781
3.03234e-05
0.0209745
-0.00135005
0.000848852
3.1584e-05
0.0199292
0.000885077
0.000216641
0.000215661
-0.00772975
0.00625135
0.000667707
0.000667934
-0.00528876
0.0060131
-0.0244027
-0.0428294
-0.0293888
0.00194432
0.000133666
0.000172186
0.00674097
0.00159976
4.82663e-05
0.000218029
0.00665824
0.00299662
-0.00320929
-0.00308799
0.00299882
0.00405404
0.0178341
-0.000734627
0.00403999
-0.00302429
0.0156713
0.0185082
0.00226774
-0.0029461
0.0141989
0.0171992
0.00196394
0.000378441
0.0117235
0.0117274
-3.65529e-07
0.000477433
0.00139429
0.00146199
0.000857632
0.0019191
0.00628573
0.0129067
0.00195717
0.0281071
0.0333126
0.00279369
0.113649
0.0112954
0.0152738
0.0286653
0.00253209
-0.00603634
-0.0211419
0.00997434
0.0425962
0.026389
0.0460351
0.0543748
0.0393215
0.00512386
0.0358117
0.0342853
0.0172987
0.021574
0.0104864
0.00442409
0.0485216
0.0028
0.113493
0.0280624
0.0335229
0.0113067
0.0153072
-0.00479901
0.0109416
0.0292615
0.00524014
0.00645189
0.0423352
0.0555668
0.0408264
0.0265591
0.046324
0.0054296
0.0362273
0.0205656
0.00925617
0.0336975
0.0165236
0.00440996
0.0483387
0.00227811
0.0811104
0.00718851
0.102393
0.00127858
-9.26617e-05
-0.0047559
-0.00220302
0.016894
0.0484832
0.00684587
0.0958591
-0.00585095
-0.0226881
-0.000857367
-0.00362644
0.0132974
0.0201312
0.000676069
7.98341e-05
-0.00645911
0.0935338
-0.0372751
0.0130206
0.00220299
0.107059
0.00311325
5.77789e-05
0.00375037
0.0752485
0.0019081
0.000319612
0.00262619
0.0804269
-0.00475303
-0.00220493
0.00937852
0.101585
0.00414775
-5.06349e-05
0.0169108
0.0481822
-0.0008584
-0.00362657
0.00947622
0.094855
-0.00097369
-0.0233859
0.0136741
0.0200791
-0.0405692
0.0131095
0.000692322
0.000231109
-0.00967729
0.0934025
0.00218582
0.106544
0.00191121
0.00032208
-0.000612639
-0.00287157
0.00370856
0.0755426
0.00234298
0.00234414
-0.0172231
-0.041821
5.86126e-05
5.86539e-05
0.000311163
-0.000283292
-0.00178019
0.0276672
0.000856
-0.00731519
0.00202696
0.0175004
-0.011683
0.0149091
0.0135295
0.0136149
-0.00914191
-0.0112168
0.0002342
0.0193418
5.26461e-06
-0.000115013
0.00205071
0.00206671
0.00658181
0.00649324
-0.00112324
0.000296097
0.00496905
-0.00338839
0.0011443
0.00121018
0.00248692
0.00242788
0.00180254
-0.00275898
0.000694096
0.00087121
0.00234151
0.00234126
-0.0417873
-0.0175518
-0.0017553
0.0267352
0.000857678
-0.00731882
0.0178975
0.00222043
-0.0121601
0.0152207
0.000232739
0.0187302
5.47097e-06
-0.000115713
0.000296458
-0.00223903
-0.00337175
0.00498654
-0.00279657
0.00158539
0.000861836
0.000648124
0.000680362
-0.00842928
-0.00276545
-0.00362759
0.00289109
0.00455806
0.000831126
0.00635596
0.000698746
0.000699566
0.00288451
0.00288678
0.00372774
0.00960253
-0.00953278
0.0111943
0.00630992
0.00630738
0.00996463
0.00996838
-0.000817809
-0.000272894
0.0197912
5.5627e-05
0.000604468
0.000597646
0.0118725
0.011861
0.00349167
0.00347422
0.00184471
0.00184484
0.00102696
-0.00458743
-0.00276544
-0.00362781
0.00445329
0.00281233
0.000670932
0.00640686
0.00950192
0.0024025
-0.0167762
0.0116283
-0.000331264
-0.00130605
4.06945e-05
0.0197516
0.0258634
0.0109895
0.00150437
0.0382698
0.0190158
0.000721035
0.0238016
0.0372553
0.015077
0.00589264
0.0249611
0.00600434
0.0149333
0.0550508
0.00139631
0.0395069
0.0258389
0.0381039
0.00151656
0.0110294
0.0146265
0.038809
0.00139602
0.0551171
0.0154408
0.00588776
0.0239863
0.00660398
0.0200789
0.0365022
0.0228121
0.000344023
0.0116396
0.00265899
0.0010242
0.0136301
0.0116818
0.0136564
0.00102433
0.00266365
0.137647
-0.00312034
-0.00723713
0.0277501
0.138702
0.0278708
-0.00723597
-0.00312133
0.0861215
0.0408809
0.00718417
0.0603394
-0.0261991
-0.02263
-0.00381648
0.0267882
-0.0277971
0.0266786
-0.003821
-0.0225468
0.0867748
0.0606176
0.00716475
0.0410529
0.0859608
0.0507876
-0.0204585
0.129224
0.0764085
0.0158551
-0.0273049
0.0500985
0.0765933
0.0502858
-0.0376969
0.017505
0.0858997
0.129162
-0.0207089
0.051517
0.0091332
0.0058408
0.00137613
-0.000447833
-0.00167201
0.00239501
0.00301258
0.00631071
0.00609409
-0.00343202
0.0138941
0.0122466
0.0024243
0.00384121
0.00666149
-0.0110639
0.0117782
-0.000743273
0.00112568
0.00931016
0.0024969
-0.0112627
0.00661042
0.00371479
0.00463095
0.0112044
0.0134686
-0.00344819
0.0021214
0.00829887
0.00256914
0.00369575
0.101135
0.00203967
0.0002466
0.0949647
0.10032
0.0941513
0.000248837
0.00204119
0.0691092
0.00986129
0.00195716
0.0970478
0.0719164
0.0978802
0.00195483
0.00985857
0.0689671
0.0895101
0.0248664
0.0208773
0.0900854
0.00543055
0.00346672
0.0754026
0.0906696
0.075692
0.00338573
0.00542371
0.0690035
0.0208086
0.024866
0.0907012
0.0298447
0.0163894
0.0222801
-0.00878221
0.0190192
0.0303807
-0.00843455
0.0299694
0.0335934
0.0049175
0.0181002
0.045803
0.00521761
0.00886417
0.0172537
-0.00320372
0.0325735
-0.0108778
0.0214419
0.0163968
0.00383422
-0.00351817
0.0177952
0.00787775
0.0328025
0.0446381
0.0176223
0.00463011
0.0198793
0.0296477
-0.0102748
0.0297314
0.0571169
0.0036963
0.0108437
0.0488055
0.0531781
0.0485996
0.0108475
0.00369969
0.0557821
0.0867793
0.0127741
0.0527166
0.0534518
0.0527127
0.0127702
0.0860474
0.0948031
0.0904203
0.00244438
0.0025897
0.049279
0.0219325
0.00185935
0.0616931
0.0485791
0.0615522
0.00192803
0.0213788
0.0981246
0.00258188
0.00242006
0.090066
-0.00973064
0.0147053
-0.000692885
0.00622476
0.0128113
0.0136234
0.00069406
-0.00343001
0.0185994
0.0125325
0.0160311
0.0336195
0.0198752
0.0350272
0.0157707
0.0129343
-0.00768135
0.0080589
0.00356826
-0.00308559
0.026087
0.012404
0.000714505
0.00697905
-0.0242429
-0.000752873
-0.000316708
0.0103706
0.00801184
-0.00757664
0.00353375
0.0259153
-0.00311324
0.013823
0.00742924
0.000733296
-0.0239677
-0.00164985
-0.000635887
0.010241
-0.000931731
-0.00015389
0.00533755
0.0802709
2.31152e-05
0.0300477
0.000138758
0.0680971
-0.00639769
0.00258657
0.00992631
0.01281
-0.000333578
-0.00053451
-0.00146662
-0.00274943
-0.00097915
0.0786118
-0.000162301
0.00319275
0.000417948
0.0679954
0.0289878
0.000150473
-0.00606289
0.012755
0.00243649
0.0102201
-0.000351345
-0.00250139
-0.000526409
-0.0014077
-0.00255036
0.000152027
0.0326932
0.0155178
3.3259e-05
3.44556e-05
0.0025785
0.12601
-6.30748e-05
-0.000494389
0.00857052
0.0173444
0.00182312
0.00304333
0.0301868
0.00576781
0.000726225
0.000298414
-0.0452121
0.0211863
-0.0004696
0.000157565
0.0183148
0.00306501
-0.000490844
0.000797716
0.052963
0.00557279
0.000498031
0.00194178
0.00437404
0.0181185
0.000255325
-0.000113205
0.0208021
0.00458632
0.000159476
-0.00578767
0.000684428
0.0536489
-0.00264182
2.31256e-05
0.0323245
0.0158689
-6.9723e-05
-0.000508236
0.00855135
0.0175278
0.00158761
0.0074438
0.0275247
0.00538016
-0.000475467
0.000181053
0.0183202
0.00296704
-0.000221472
0.0021605
0.00329183
0.017895
0.000126474
-0.0057823
0.000680113
0.0536443
0.000113788
-4.30295e-06
0.0065481
0.0771004
0.00150824
-0.000292266
0.00298359
-0.000461698
-0.00342117
-0.00342337
-0.00367965
0.00575128
-0.00132635
-0.000573865
-0.000276847
0.000475107
0.000629901
0.000629851
0.0011556
-0.00718174
0.000436027
-1.09619e-05
0.00314395
0.00199867
0.00224703
0.00221358
0.00195901
0.00047759
0.000411844
0.000407069
0.0011359
-0.0010481
0.000110697
8.20338e-06
0.00416417
0.0759493
0.00169224
-0.000368749
0.00283744
-0.0004535
-0.00137516
-0.000505377
-0.000348962
0.000454273
0.000455525
1.12329e-06
0.00327526
0.00198762
0.00193611
-0.00134449
1.48545e-06
2.746e-06
0.00193681
-0.00134407
2.28125e-06
3.77903e-06
6.84009e-05
1.45118e-05
1.49624e-05
-1.09187e-05
0.00213448
9.38609e-05
9.1243e-05
-0.000308858
-7.9816e-05
0.0183967
0.0182014
0.0176109
0.000499702
-6.70051e-05
-5.03393e-05
0.00322846
0.000598878
-2.20607e-05
-9.17276e-05
0.00304048
-0.000513334
-0.000513903
-0.000960302
-0.000513327
0.000961378
0.00234953
-2.09939e-05
0.00096184
-0.00408254
-0.0126024
0.00456478
0.00195623
-0.00385505
-0.016243
0.00440905
0.00212866
-1.13279e-06
-5.55112e-17
5.55112e-17
-2.53483e-07
-6.12033e-06
0.000388683
0.00045991
5.44926e-05
0.000465828
0.00527589
0.00796591
0.000455014
0.00697745
0.007264
0.0156616
-0.0113792
0.000148999
0.000149255
0.0028026
0.108202
-8.24543e-05
-3.81328e-05
0.00380994
0.0129124
0.00376811
-0.0387274
0.0200412
0.0309046
0.000388383
0.00045358
0.00420243
-0.00343804
-0.0214528
0.00820491
0.0144198
0.00709074
0.000446794
-0.00015282
0.0132726
0.0120921
0.00611556
-0.00865975
0.0502973
-0.0335718
0.00404759
0.00434581
-0.000375593
0.0232588
0.000591048
-0.00326753
0.0183428
0.0138273
0.00108473
0.000633427
0.0223964
0.00498601
-0.00652102
0.00083428
0.0017911
0.0403727
0.000153819
0.000151511
0.00280373
0.108322
0.00623282
0.00626117
0.0157562
-0.0116221
-8.0067e-05
-3.41275e-05
0.00381723
0.0129264
0.000508801
1.45767e-05
0.00523496
0.00523115
0.0034978
-0.0428056
0.020485
0.0299801
-0.0218835
0.00815963
0.0151772
0.0173171
0.00700203
-0.00821938
0.0506716
-0.0333198
0.00108439
0.000192326
0.0129741
0.0124683
0.0047749
0.00431264
-7.84602e-05
0.023693
0.0025174
0.00165265
0.0212673
0.00360213
0.000655532
-0.00308526
0.0187655
0.0130511
-0.00648405
0.000698575
0.00171077
0.0402572
-0.0027469
0.0106483
0.00379166
0.0945178
0.00011296
5.46704e-05
0.000932122
-0.0163879
-0.0124484
-0.00479094
0.0021318
-1.76008e-05
-0.0155624
-0.00458137
-0.00433322
0.00198087
1.36353e-05
0.000597472
0.0236544
0.00984299
7.09411e-05
-0.000265694
0.00209027
-0.0202578
-0.00081081
-0.00387199
-0.00684731
0.0017824
-0.00174448
0.0116742
0.00100901
-0.00354984
0.00217037
-0.000585589
0.00760636
0.00941555
0.0013246
0.0019197
0.000246068
-7.28806e-05
-0.00235989
0.000173712
-0.00217334
0.00508166
0.00642418
0.00294625
-0.00087648
0.000289734
-0.000638362
0.000242256
0.000108615
0.0706008
0.00243383
0.0116431
0.00457648
-0.00273823
0.00579875
5.02811e-05
2.65958e-05
9.52199e-05
0.0216189
0.000680436
0.00075918
0.000308052
-0.00383277
0.00522122
0.00202564
0.093726
-0.0155671
-0.00457775
-0.00549366
-0.0025273
0.000113936
5.9838e-05
0.00537655
-0.0175924
-0.0139816
-0.00549697
0.000925997
-3.33462e-05
5.99049e-05
0.000623891
0.0237959
0.0102826
-0.00225907
0.0116762
0.00100969
-0.00354902
7.28291e-05
-0.000269384
-0.000810728
-0.0213781
0.00225732
-0.000394164
-0.00243356
-0.00104012
0.00217816
-0.000907166
0.00795887
0.00929693
0.0063601
0.00295229
0.000891679
0.000337884
0.00146296
0.0019454
0.000109608
-0.000137585
-0.00239801
0.00014931
-0.000740261
0.00552611
-0.000598048
0.00028308
0.000112455
0.0701365
0.0213492
0.000682979
0.000759922
0.000311395
-0.00015774
0.00892538
0.00152661
-0.00496525
0.00581411
4.46232e-05
-5.56605e-06
0.000119015
0.00195872
5.97414e-05
-0.00069196
-0.00220763
0.0103244
0.00256105
0.0105694
-0.0202546
2.9815e-05
0.000964755
1.94203e-05
2.0015e-05
0.00348772
-0.00914691
0.00100005
0.00104667
0.00242717
0.00283772
-0.000565262
0.00262631
-0.00208375
0.000179614
6.25417e-05
-0.0021818
-0.000807205
-0.000587802
-0.00208968
0.00612436
-0.00156704
0.000495617
0.00500377
0.00890441
-0.00373728
0.000366844
-2.22045e-16
5.55112e-17
1.86708e-05
-0.0813029
0.000237029
5.91696e-05
0.000462031
0.00715343
4.11213e-05
0.00014647
-0.00344245
0.0116868
2.05713e-06
1.75286e-06
0.00233832
0.00146167
0.000451588
0.00044785
0.0315665
0.00117532
0.000615416
0.000785413
0.0164096
2.08669e-05
0.0112481
5.39833e-05
0.000143005
0.000122655
0.00150529
9.91968e-05
0.000180312
8.34739e-05
0.000262591
0.000333381
0.00132899
-0.00380001
0.000371714
0.000387853
0.00207169
-0.00158037
0.00104809
0.00669459
0.00114573
0.00032662
3.43133e-05
4.3291e-06
0.00156073
5.75022e-05
-0.000697993
-0.0022092
0.0102328
0.020248
-0.0201921
0.0107153
0.00247174
0.0028729
-0.00052559
0.00266198
-0.00208165
0.000178352
6.24568e-05
-0.00026912
-0.000735833
-0.000522736
0.00787028
-0.00211846
-0.00206578
0.00048747
0.00552724
0.0110012
0.000459429
0.0074084
4.08245e-05
0.000148582
-0.00344285
0.0117092
2.05217e-06
2.81592e-06
0.0164235
2.11693e-05
5.42546e-05
0.0112567
-3.32895e-05
0.000123432
9.93599e-05
0.00148042
0.00150425
-0.0025113
0.00656624
0.000930557
0.00114865
0.000326896
1.5689e-05
2.95978e-05
-0.00589464
-0.00357415
-0.00051496
0.00414072
-0.0149087
0.00351973
-0.00302048
-0.00161552
-0.000102676
0.0205212
0.000158393
0.0024542
0.000238732
0.000179301
0.00308463
0.00226778
-0.00127561
0.00837043
1.78479e-05
1.81607e-05
0.00214877
0.00154245
0.00208706
0.00208697
-4.25523e-05
-0.000282778
-0.0016081
0.0014572
-0.00171282
-0.000230202
0.00310386
0.013601
-0.00201946
0.00308686
0.000770602
0.000770711
8.46396e-07
-3.92044e-08
-1.39111e-10
5.55112e-17
-0.00318376
0.00314536
-3.89997e-05
0.000587036
0.0452639
0.00129789
0.00541433
-9.5158e-05
-0.0201433
-0.00171397
0.000482009
0.000498131
0.00341049
0.0085072
0.00226265
0.00229155
0.000413311
-0.000102945
0.000986574
0.000988267
0.000453693
8.31413e-05
0.000552769
0.000552041
-0.00884807
-0.00430748
-0.000412717
0.00352358
-0.0149086
0.00351755
-0.00302101
-0.00161581
-3.84962e-05
0.0194746
0.00256756
0.0002555
0.00017399
0.000165391
0.00333397
0.0021079
-3.9192e-05
-0.000163078
0.00140527
-0.00150721
-0.000875617
-2.57194e-05
0.00439335
0.0144497
-0.00404987
0.00329111
0.000506304
5.25938e-05
0.0450646
0.001304
-0.00013771
0.00539583
-0.000438257
0.00172788
-0.00571987
0.000932278
0.000498134
0.00375275
0.0226501
0.000725053
0.00136703
0.00271898
-0.00817681
-0.00016314
0.0162873
0.0191136
7.45984e-06
9.88303e-05
-0.000439206
0.00172778
-0.00572128
0.000960984
0.0160033
0.0184238
8.44145e-06
9.90415e-05
0.00140413
0.00326308
-0.00708575
-5.11653e-05
0.000404468
0.00209749
0.0213203
0.000602718
2.61697e-05
-0.00133247
7.74169e-06
-9.82629e-05
2.40731e-05
-0.00132488
8.40054e-06
-6.30051e-05
0.0106426
-0.0012256
0.0079037
0.000653074
0.0106853
-0.00122344
0.00790495
0.000654773
0.00387387
0.00464046
0.000454409
0.00177567
0.00570893
-0.014743
-0.000802028
-0.00044504
0.00545047
0.00598631
-0.000995679
-0.000430351
0.00353703
0.00471756
0.000377768
0.00179724
0.0187801
0.00173108
0.00742249
-0.00107573
0.00793093
0.00963231
-0.0215659
0.00298229
0.00891287
0.00781515
0.00288713
-0.0216155
0.00148383
0.018588
-0.00129384
0.00750294
-0.00960113
-6.37921e-05
0.000248055
-0.0049811
-0.00555883
0.000435357
0.00452927
-0.00181833
-0.000289818
-0.00274815
0.00460386
-0.000674496
0.000248301
0.00274249
0.000930742
3.71299e-05
-0.0121752
-3.39504e-05
-1.91639e-05
-0.00558776
0.000328467
0.00436697
0.000947322
3.14972e-05
0.000352911
-0.00198721
0.00443312
-0.00101105
-0.00317533
0.000753004
0.00283408
-0.00254553
-0.016781
-1.39033e-07
0.000511289
0.00294361
-3.10178e-07
-0.0167854
0.00291604
-0.00276551
-0.0014702
-0.0113826
0.00705305
0.00202368
-0.0114661
-0.00147039
0.00202392
0.00707882
0.0124867
0.00533537
0.00805976
0.00535555
0.0370588
0.000644325
2.33139e-05
0.00101618
0.000611495
0.0368632
0.000997216
3.80026e-08
0.00534306
0.012503
0.00535436
0.00791326
0.00178102
0.0216378
9.02761e-05
0.0200709
-0.000122861
-0.00539007
0.00154689
0.000770885
-0.00451413
0.000765985
-0.00935157
0.000334499
0.00238147
0.00569192
-0.000350985
0.00563279
0.00178675
0.0233185
9.0229e-05
0.0234262
0.00235315
0.00578678
0.000311433
0.00560378
-0.00416315
0.000757884
-0.00482418
0.000333435
-2.70253e-05
-0.00371248
0.00145132
-0.000671393
-0.00347883
7.41636e-06
3.61286e-06
0.00991837
-0.00331693
7.48316e-06
3.60798e-06
0.0099404
0.00446644
0.00456503
0.0135276
-2.48913e-05
0.00534423
0.00446183
0.0135025
-1.69097e-05
0.000830791
-0.000105302
4.16223e-05
0.000441644
0.000934886
0.000746335
0.000430123
0.000239012
0.000936383
0.000726483
0.000427643
0.000236272
0.000931696
-0.000105418
3.10951e-05
0.000443674
-0.0011393
0.0180292
-0.0932761
-0.00972214
0.00123199
0.000321367
-0.00949959
-0.0881466
0.00107657
0.000886725
0.000390579
-0.00479137
0.000668719
0.00101733
-0.00437365
0.00038721
0.0129669
-0.0103933
0.00434832
0.0499948
0.00326593
0.0078257
0.0191081
0.0460864
0.00603652
-0.000150694
0.00293323
0.00422032
0.0268628
0.0118502
0.0551652
0.0446668
-0.00707327
0.0282855
0.0132532
0.01022
0.0258233
0.00462651
0.00331894
0.0299668
0.00442833
0.0499674
0.0125648
-0.0102984
0.00324552
0.00793982
0.00554107
0.00883109
0.0194542
0.0351062
0.0030142
0.00417424
0.0558585
0.0467444
0.0260946
0.0118671
-0.00638766
0.0286833
0.0248787
0.00325577
0.0137363
0.00967115
0.00392609
0.0296903
-0.00503777
0.0351913
0.00651037
-0.0170088
0.0017907
0.000553981
-0.000767197
-0.00165936
0.013171
0.0117947
-0.00185321
-0.0139131
6.17056e-05
-0.0194497
0.00210279
-0.00355108
0.0103388
0.0145648
0.000254847
0.000459846
-0.00101484
0.0340933
0.000578193
0.000602829
2.18445e-05
-0.00312535
0.000615671
0.000664073
-0.00224268
0.00201064
0.00351605
0.00163121
-0.000463202
0.0338401
-0.00290951
-0.00632876
0.00411685
-0.0182284
0.00128483
-0.000224824
0.0128429
0.0136984
-0.000208345
-0.00587158
-0.00372131
-0.0139023
0.00102533
-0.0303163
0.0107702
0.0153163
0.00134512
0.000589223
0.000239914
0.00058899
-0.000879623
0.0340225
1.22196e-05
-0.00478276
0.00297395
-0.000602363
0.000701902
0.000666672
-0.00210306
0.00188551
0.0269317
0.0088408
-0.00635387
0.00843737
0.00511356
-0.000549565
0.000177433
-0.0050763
0.00257987
0.120843
0.00257728
0.120888
2.24896e-05
2.28631e-05
0.00122324
0.00123667
0.00590826
0.0124452
0.00891858
0.0168903
-4.21105e-05
0.00218521
0.0023322
-0.000693988
0.0232474
0.0016503
0.0276286
0.0175661
0.00147963
0.00634392
0.00209619
0.0127352
-0.0453416
0.0141676
-0.0449247
0.0200293
5.55112e-17
-1.11022e-16
-0.00766704
-0.000383753
0.0160657
0.0118166
0.0215488
0.00512948
-5.39868e-06
-0.000109486
1.2518e-06
0.000422341
0.0552849
-0.00451166
0.0553313
-0.00519468
0.000730091
0.000754807
-0.0149789
-0.0150024
-0.00533917
0.0149683
0.00452327
0.0170604
0.000653098
0.00297691
0.00134354
0.00154815
0.0211147
0.00485236
0.0207211
0.00435865
3.07871e-05
5.85516e-05
0.000504983
0.000519841
0.0010597
0.0470884
0.000165105
0.0631039
3.67195e-05
0.00384938
8.35514e-05
3.93481e-05
0.0274176
0.00887556
-0.00637318
0.00879504
0.00477674
-0.00101839
-0.00511946
-4.75666e-05
0.00589385
0.0124664
0.00884849
0.0168104
-5.82758e-05
0.00214087
0.00232232
0.000199353
0.0194867
0.00195558
0.0278573
0.0175339
0.00624601
0.00170583
0.00225486
0.0159229
0.0160624
0.00947155
0.0215089
0.00537638
-5.66495e-06
-0.000112467
1.25921e-06
6.64708e-05
-0.00528726
0.015458
0.00464734
0.0147678
0.00283781
-0.00074122
0.00157363
0.00131961
0.00104379
0.0470493
0.000213662
0.0630656
0.0040274
4.97322e-05
1.52385e-05
0.00046411
0.00453746
-0.0108373
0.000112279
-0.0102031
-0.00299145
0.000359782
0.00524146
0.00495805
-1.75813e-05
-4.74685e-06
-0.000290394
-0.00139726
0.000880547
0.00069199
0.00304668
0.000744891
-0.00709747
-0.00391894
-0.00711114
-0.00394463
1.55394e-05
1.53203e-05
0.00221817
0.0022179
7.6338e-06
-0.000702625
-0.000140866
-0.00303132
-0.00158139
3.59176e-05
-0.000392056
0.00114846
8.61166e-05
-0.00718199
8.62981e-05
-0.00718142
-0.00106146
-0.00106159
1.11022e-16
4.6733e-08
0.00290764
0.00234514
0.00265415
0.00171233
9.39327e-06
3.50721e-05
0.000909565
-0.000995016
0.00105354
0.000332784
0.00101343
0.000260624
0.00181118
0.00179472
0.00239121
0.00245038
0.000640736
0.000275959
0.000621883
0.000271726
0.000902437
0.000907442
0.000453054
0.000453603
0.00149255
-0.0120436
0.00515822
-0.0113334
0.000118526
0.000385103
0.00524861
0.00496956
-3.65945e-05
-1.0866e-06
-0.000284797
-0.00137308
0.000941157
0.000950839
0.00325556
0.000705514
-0.000214679
0.00139306
-0.000193782
-0.00296608
-0.000239643
-0.00160593
0.00215407
0.00128194
0.00281177
0.00186664
0.00263099
0.00177999
7.15732e-05
-5.43232e-05
-0.001066
0.000433108
-0.000583145
0.00191071
-0.000526429
-1.36279e-05
8.63381e-05
3.09957e-05
0.000807802
7.9285e-05
-0.000580857
0.00190999
-0.000523617
-6.10429e-06
3.09501e-05
8.53186e-05
7.85529e-05
0.00080849
1.68438e-05
1.7423e-05
6.81597e-05
-0.000430345
6.74726e-05
0.00050783
1.22791e-05
1.22459e-05
0.000311652
0.000322327
0.00193881
-0.000103336
-9.5179e-05
0.00195369
0.000121945
0.000127029
0.0200117
0.0141162
0.00372486
0.00383146
-0.00254697
0.00265084
0.011194
0.00261707
-1.04221e-05
-2.98545e-06
0.00314213
0.00388272
-0.00102405
-0.000606834
-0.00169345
-6.43753e-05
-9.34744e-06
-1.05171e-06
0.00297998
0.00381016
-0.000667528
-0.000972605
-3.21237e-05
-0.00107118
9.391e-09
-1.73084e-07
6.55082e-07
6.60831e-07
-0.000445702
-0.000445706
1.20045e-08
-1.79313e-07
0.00339679
2.88563e-05
0.00171147
0.00172172
0.000930612
0.00076318
6.62581e-05
0.00340397
0.0023656
0.00686917
0.0029998
-6.71979e-05
3.50672e-05
0.00173149
-0.0134992
0.000685261
0.0069678
0.00354941
0.00323783
-0.000609831
0.00206283
0.000293145
-0.0138928
0.000885033
-1.11022e-16
0
-2.54332e-07
-1.09867e-06
-2.54244e-07
-1.10243e-06
-1.60992e-09
0
0.000306451
0.000379428
0.000153489
1.24582e-05
1.66217e-05
0.000159152
0.000497635
0.000503351
0.0051902
0.00824992
0.000536262
0.000536296
0.000347236
0.000414023
0.00534067
0.00816552
-0.00255712
-0.00150823
0.00104355
0.00165214
0.0012602
-6.76618e-05
0.0223473
0.00402543
4.28961e-05
0.000323037
0.00221111
-0.000369539
0.00417282
-0.00617587
0.0119203
-0.0895673
0.0322649
0.0499931
0.000273542
-0.015159
-0.0107257
0.0115969
-0.0352926
0.00664283
0.0162378
0.00783211
0.00700521
0.00040007
0.00102019
0.000915008
0.0156332
0.00434443
0.0038774
0.0112207
0.000653882
0.00133391
9.95913e-05
-0.00223099
0.000820213
-0.00421791
0.000715271
0.000373275
0.00111592
0.000570284
-0.00497432
0.000459352
0.000979506
0.000276538
0.00124699
-6.59821e-05
0.0227674
0.00412652
-0.00258801
-0.00143764
0.00107895
0.00148772
4.35549e-05
0.00031622
0.00219938
-0.000201835
0.0315199
0.0501104
0.000481033
0.0129477
0.00422375
-0.00564507
0.00143777
-0.0946073
-0.00856622
0.012976
-0.0366697
0.00614261
0.000553566
0.000537874
0.014891
0.00397213
0.0164487
0.00769611
0.00691862
0.000266542
0.00413858
0.0108014
0.000555668
0.00135801
0.000718341
0.000386933
0.00138319
0.000652855
0.000947346
-0.00183258
0.000793523
-0.00482461
-0.00453037
0.000502692
0.00103503
0.000246005
-0.00198788
0.0130336
0.0101694
-0.00431064
0.000239491
0.00074669
-0.00409723
0.00309466
-0.0108176
0.0016148
-0.0118946
-0.00493549
-0.0040067
0.000674767
-0.0126015
0.00253351
0.00255453
2.63523e-06
-0.000312573
8.68557e-07
0.00114636
0.000351104
0.00778236
0.010008
-0.00605861
-4.17257e-05
0.0127982
-0.000545019
-0.00426032
0.0101563
0.000148416
0.00897764
0.000258322
0.000208778
0.000606397
-0.00190522
0.00140802
0.00039123
0.00260749
0.00188417
-0.00141024
-0.00451499
0.00309307
0.0119734
-9.86405e-05
0.00220985
0.0128583
0.00393721
-0.000729514
0.000445138
0.013899
1.44834e-05
-0.00610833
0.00717116
0.00380277
0.00913238
0.00518053
-0.00142382
-0.00452224
-0.000137935
0.029405
0.000818347
0.0244083
0.000883884
-0.00111835
0.0116662
0.0101323
-0.00446632
-0.00401203
0.000674371
-0.0126036
0.00252959
0.000481511
-0.000441544
-0.00409905
0.000711535
-0.0131305
0.00122387
-0.0140047
-0.00559016
0.00209137
2.52579e-06
-0.0017687
-5.39384e-05
-0.00305814
0.0101396
0.00155772
0.00898533
0.000250414
-4.05783e-05
0.00898148
0.0101012
-0.00795629
-0.000872018
0.0155802
-0.00102072
0.000223059
0.000198401
0.00127156
-0.0020768
0.00327689
0.003877
0.0128769
0.00394409
0.00144185
0.000470611
0.00254592
0.00184498
-0.000829454
-0.00307292
0.00278114
0.0103675
-0.00068993
0.000453549
0.012247
-0.000125065
0.0288917
0.000815714
0.0229996
0.000888117
-0.00560852
0.00753289
0.00401785
0.00909906
0.00529242
-0.00129013
-0.00427966
-0.000154383
0.000248942
0.00203101
0.00396515
7.09839e-05
0.0237136
-0.00195643
-0.00322365
0.0228136
2.89224e-05
0.000983578
0.000983173
2.64644e-05
-0.00367634
0.00478141
0.0050236
-0.00351306
0.00363381
0.00300763
0.000160668
-0.00384098
0.000109291
-0.00145292
-0.000199553
0.000259585
0.00233481
-8.79238e-05
0.00079944
0.00242664
0.000542926
0.00155667
0.000971329
0.000392726
-0.00487923
0.000133884
8.90723e-05
-0.00767434
-0.00780125
-0.0821303
-0.0817108
-0.000112227
0.0011109
0.00434008
0.0118734
-0.000236423
0.0107998
-0.00345864
-0.00298074
0.0126251
0.00149018
0.00330399
0.00328549
0.00150406
0.0204635
-0.025087
-0.0199661
0.0196973
-0.00222668
0.00915735
2.02389e-06
0.00881258
0.00387864
0.000361171
7.38363e-06
-0.004676
0.000619013
0.000101847
0.000102169
0.000653715
0.00126216
-0.00426582
-0.00401948
0.00128586
0.000646666
-0.00691106
0.00670742
0.000259766
0.00115935
0.000369059
0.000312555
0.000922671
0.00209005
0.000251086
7.16489e-05
0.00385688
0.0227358
0.00179102
-0.00168031
0.0237882
0.00301485
0.00363199
-0.00388407
0.000160822
-0.00145876
0.000108516
0.000260331
-0.000315741
0.00258993
0.00103147
0.00105912
0.00235589
0.00886702
-0.00343242
0.000333635
0.000767096
0.00438752
0.00110744
-0.000244825
0.0119763
-0.00335088
0.0108219
0.0126334
-0.00299673
0.00883683
2.09712e-06
0.00924171
-0.00277839
-0.00488111
1.39931e-05
0.00011269
0.00375609
3.88081e-05
0.00594163
-0.00283738
0.000467658
0.000915496
0.000317715
0.000364987
0.00116513
-0.00857801
-0.00453388
0.00102916
0.00112717
0.00310957
-0.0139889
-0.0140067
0.00556134
-4.08071e-05
0.0214235
0.00692094
-0.000716906
-8.97e-07
3.47753e-06
-0.000317134
0.000270657
-0.00127303
0.008327
0.00832734
-0.00127257
0.00215678
0.00156779
-0.00116769
0.00215648
-0.000217886
-0.00048463
-0.00315633
-0.00023396
0.0126193
-0.00177156
-0.000597735
-0.000167814
-0.0023077
0.00430525
0.00430547
-0.00230751
8.41136e-07
-4.24996e-08
-3.76582e-08
9.10657e-07
-0.00900484
0.00174323
0.00146878
-0.000734688
0.0435726
0.00198004
0.00121521
0.0426843
-0.0153054
-0.000669684
-0.000675562
-0.0048592
0.00555678
0.00382952
0.00386098
0.00557012
0.00045115
-0.000152108
-0.000116647
0.000456037
0.000131761
-0.000182979
-0.000178938
0.000125402
-0.00519421
-0.0113984
-0.00300542
-0.00154938
-0.0139929
0.00310469
0.00556071
-0.0140061
-0.000642588
0.0060417
0.0204465
-5.96554e-05
-1.57179e-05
3.06482e-07
0.00024118
-0.000295514
-0.0003137
-0.00281403
-0.000472106
-1.88073e-05
0.00554845
0.0163588
-6.27495e-05
-0.000639114
-0.001631
0.00153915
0.00202203
-0.00908323
0.0425853
0.00121299
0.00199359
0.0430873
0.0160453
0.00325576
-0.000315501
0.0140905
0.00727577
0.00302937
0.00270178
0.00483388
-0.000902021
-0.000868651
0.000485146
0.0029457
0.0339147
0.0192916
-0.0053843
0.00331942
-0.000578219
-0.0119517
-0.00465393
-0.00766601
0.00130976
0.000177281
0.00617945
-0.003702
0.00024313
0.00128296
0.0232121
0.0214628
0.00942134
0.00950046
0.017086
0.000204361
0.00554098
0.0120601
0.00177966
0.00239849
0.0039877
0.00563954
-0.000584716
0.00566748
4.60121e-05
0.0176437
-0.0116477
0.00762705
0.00187574
0.00115298
0.00015941
0.00256096
0.00238407
0.0201104
0.0140556
0.00744147
0.0188996
0.00158427
0.0148957
0.00415947
0.000985263
5.76243e-05
9.25157e-05
0.00217513
0.00156258
0.0021563
0.0175322
0.0156789
0.0158072
0.0138731
-0.00035533
0.00326806
0.0337743
0.00314977
-0.00535947
0.0192198
-0.000900475
0.00296693
0.000424209
-0.000867838
0.00725958
0.00482837
0.00269933
0.00305616
0.00315339
0.007411
0.013976
0.0197387
0.0012633
0.0156953
0.0174518
0.0023236
0.000985651
0.00217439
9.3037e-05
5.77791e-05
0.0181419
0.00388598
0.0147755
0.00134595
0.00498073
0.00236567
0.00190408
0.0126265
0.00185945
0.00270394
0.000357485
0.00116482
4.59142e-05
0.00767843
-0.010992
0.0167819
0.00443117
0.00600307
-0.000100531
0.00489725
0.0027861
-0.0059701
-0.00575344
-0.0138901
0.00938709
0.00026714
0.0166806
0.00809616
0.000198599
0.0204552
0.0222406
0.00127905
0.00123796
-0.00496402
0.00865093
0.000270805
0.0111093
0.0025011
-1.89908e-06
0.00576499
0.0026029
5.06936e-05
-1.74926e-07
0.00259981
8.4389e-05
0.000212136
0.00104684
0.000994733
0.00997426
0.0123277
-0.00133437
-0.000650991
0.0111361
0.00625125
-4.44264e-07
0.00253822
0.01029
-0.000656422
-0.00119393
0.0123981
8.46607e-05
0.000994833
0.00104934
0.000210333
0.00260201
0.00259865
-2.13032e-06
5.02271e-05
0.0474552
-0.00938237
0.00139582
0.0839458
-0.00538313
-0.00125742
-0.000599205
-0.00563095
0.000479851
-3.45444e-05
0.00875337
0.0083716
0.0176871
0.0417943
0.00186086
-0.00173023
-0.0139089
0.0847292
0.00142014
-0.00748504
0.0172023
-0.0031834
0.00194178
0.042182
-0.000213544
0.00837155
0.00875711
-0.00196928
-0.00537691
-0.00441935
-0.000597912
-0.00125718
0.00349689
0.0358064
0.00460684
0.0605408
0.0178732
0.0035157
0.00566086
0.0180007
0.00225933
0.00181211
0.00209803
0.00203671
0.0538867
0.0537812
0.00428115
0.00342827
-0.0080783
0.00357549
0.00131421
0.0100372
0.00354678
-0.0157957
-0.00305014
0.00358707
-0.000129812
7.93174e-05
-0.000226236
-0.0010627
0.020466
0.0126364
-0.0031807
-0.00203784
-0.00748071
0.0104628
0.0231981
0.00485524
0.0171233
-0.00226176
-0.00307869
0.0120312
-0.000128934
-0.00106321
-0.000264324
8.41922e-05
0.00350589
0.0044805
-0.0130624
-0.01858
0.00809174
0.060779
0.0045631
0.0359395
0.0539505
0.00341322
0.00410767
0.053871
0.00226337
0.00204431
0.00211289
0.0018162
0.0180595
0.0185148
0.00564776
0.00323991
0.0273779
-0.0110187
0.0223675
0.101668
0.013864
0.0168006
0.0223621
0.000399581
0.0193931
-0.00613382
-0.00442688
0.0140806
0.124444
0.119021
0.00689646
0.00557206
0.0369919
-0.016746
0.019417
0.0167373
0.00397414
0.0271431
0.0166149
-0.0180135
0.0160792
-0.0207442
-0.0234148
-0.0113321
0.0076823
0.0114869
0.0114481
0.0124529
0.0371777
0.0168472
0.0189889
-0.0159885
0.00802451
0.0124617
0.0113023
0.0117115
0.0275084
-0.00874938
-0.0209181
-0.00943717
0.00367162
-0.0183368
0.0158712
0.02676
0.0272116
0.102253
0.0223416
-0.0114955
0.124496
0.00569397
0.00690737
0.119193
0.0282762
0.0230264
-0.00424629
-0.00596418
0.0139694
1.35376e-05
0.0221514
0.0166819
0.00598297
0.00699163
-0.011103
-0.0122402
0.00570685
-0.00791592
-0.00944625
0.00278423
0.00222083
0.00315661
-0.00474523
-0.00402981
0.00226453
-0.00488035
-0.00495393
0.0030841
0.0161773
-0.0125727
-0.00573848
0.000166389
-0.0013066
-0.00171674
-0.000909462
-0.00194456
-4.18253e-05
-0.00127078
-0.000401334
-0.00169969
0.00676061
0.00101255
0.000254644
-0.00259586
-0.000517506
0.00517272
0.00211216
-0.00117456
0.00303009
-0.0104349
-0.00828485
0.00126521
0.00122309
0.000530413
0.00359242
0.00238219
-0.000270207
0.00922399
0.00484309
0.00115276
0.00284071
0.00192863
0.00314993
-0.00647308
-0.000946908
0.00149502
0.00158047
0.00165434
0.00368329
0.00216528
0.00117118
0.00352635
0.0034643
0.00026667
0.00143078
-0.00200714
0.00369023
-0.0140638
-0.0130871
0.0049189
0.00247281
0.00330755
-0.00557114
-0.00552231
0.00224632
-0.00480813
-0.00529576
0.00343693
0.00297594
-2.78439e-05
-0.0100993
-0.0104599
0.00278032
-0.00405563
0.00383062
0.001904
0.00366222
-0.0027417
0.00227381
0.00114159
0.0035315
0.00337447
0.0012007
0.00237287
-0.00105526
0.00159848
0.00155108
0.00156822
-0.000457466
-0.00114105
0.00233534
0.00516653
-0.000366967
0.000977586
0.0048552
0.0080226
0.00126816
0.00262683
0.00355655
0.0004302
0.0030035
0.00120061
-0.00848874
-0.0106636
0.0147984
-0.00222984
-0.00813696
-0.0109202
0.00463559
-0.0059367
-0.00301983
-0.00138839
7.36222e-05
-0.00197717
-0.00214485
-0.00292685
-0.00137139
-0.000623195
-0.00168121
-0.00167067
-0.0182929
-0.0145485
-0.0127258
-0.0167219
-0.00219288
0.00215277
0.0027386
-0.00155795
-0.00025633
0.00331465
0.0046135
0.00155604
0.07666
-0.0136281
-0.0149872
-0.0144488
-0.0194967
-0.0179257
-0.0127289
-0.0177052
-0.0114841
-0.0144508
-0.0173023
-0.0148375
-0.000256324
-0.00115665
0.00182457
0.00331288
-0.00220558
-0.00159417
0.00272273
0.00215263
0.0819839
-0.000904688
-0.00918765
-0.0176069
0.000622601
-0.00216358
0.00482443
0.0139482
-0.000479696
0.00453895
0.0090084
0.00369606
-0.0118749
-0.0225672
-0.0107394
-0.0144538
0.0809354
-0.0170471
-0.00983066
-0.00124876
-0.0107472
-0.0144541
-0.0107813
-0.0214083
-0.0004797
0.00369617
0.00901902
0.00454037
0.000622498
0.0139558
0.00486078
-0.00216349
0.0306993
0.0328728
0.0134536
0.013695
0.00340807
0.0485534
0.0303262
0.00401474
0.00410479
0.00954114
0.0089516
0.00575447
0.00278714
0.0031163
0.00866635
0.0058349
0.00076627
0.0273824
0.0336532
0.00664539
0.0017448
0.00139219
0.00152154
0.00140905
0.00095424
0.00133998
0.000952544
0.000810273
0.00190815
0.00114149
0.0399493
0.0447168
0.000788266
0.0065572
0.0334328
0.0272927
0.00177611
0.0446156
0.0397909
0.001068
0.000975627
0.000831191
0.000958331
0.00134759
0.00173874
0.00141406
0.00150764
0.00139608
0.0303531
0.0134087
0.0135704
0.0331369
0.00278801
0.00585999
0.00865895
0.00318676
0.00410951
0.00576987
0.00881995
0.00958257
0.00318162
0.00389089
0.0303215
0.0481955
-0.00745768
0.015117
0.0150528
-0.00673652
0.0198316
0.000801311
0.0014947
0.0228003
-0.014706
-0.0100824
0.0124641
0.00578966
-0.000669282
-0.00297711
-0.0046682
0.00367127
0.0165122
0.0243524
-0.00111208
-0.00978142
0.0317074
-0.000785978
-0.00120718
0.000961235
-0.00629208
0.0166047
-0.00579054
0.000600604
0.0158014
0.0189769
0.0102939
0.000152223
0.0164388
-0.0035718
-0.004086
0.017161
0.0009901
0.00143225
0.00115537
0.00185112
0.00512404
0.00883758
-0.00736005
-0.00675328
0.034257
0.0160361
-0.00479823
0.00946846
9.44256e-05
0.00350952
0.00323029
-0.00064678
-0.000633245
-9.28493e-05
0.00712886
0.0103157
0.00546407
0.00504514
0.00574633
0.015851
-0.00225353
0.000294558
0.00149597
0.00650756
-0.00940944
-0.0119076
0.0157613
0.0147635
0.000508783
0.00273021
-0.000908808
-0.00179842
-0.0165163
0.00594126
0.0141686
-0.00913887
0.0198525
0.0227721
0.00149184
0.000796901
0.000109258
-0.000615718
0.00319285
0.00240183
-0.00356754
0.00612551
0.00134766
0.000362292
0.00491552
0.0160298
0.00544691
0.00387441
-0.000606583
0.0093077
0.00709345
0.000555563
0.0167371
0.0175155
-0.00360931
-0.0033345
0.0333535
0.00907384
-0.0071939
0.0162475
0.00490755
-0.00254321
-0.00150816
0.00885068
0.000968657
0.00183896
0.00106864
0.00104588
0.0174632
-0.00826996
1.3668e-05
0.0246287
0.015798
0.000147062
0.0103567
0.0188595
-0.0074449
0.00113192
-0.00460496
0.0168794
0.0281548
-0.00264599
-0.00152268
-0.000671498
0.012771
-0.0039532
-0.00165888
0.0326811
-0.00718186
8.43766e-07
0.0094276
0.00307999
-2.53907e-07
0.0112431
0.010359
-4.0852e-08
0.0054778
0.00649655
-0.00346707
-0.00344854
0.0138182
0.0329726
-0.000874524
-0.00347627
0.00543852
-0.00339488
-0.00333196
0.00682454
-2.53863e-07
-3.84313e-08
0.0103811
0.0112653
-0.00718158
0.00310285
0.00944564
8.78527e-07
0.0279784
-0.00229332
-0.0128609
-0.0163534
-0.0449368
-0.00430825
0.0235987
-0.0195734
-1.11761e-06
0.0121687
0.0131006
0.000250364
0.00267357
0.018375
0.000757649
-0.00321512
0.0281938
-0.0164478
-0.0118974
-0.00232683
0.00869434
-0.00320706
0.000714049
0.0206845
-1.11573e-06
0.000228023
0.0130711
0.012164
-0.0450738
-0.0200706
0.0235514
-0.00709227
-0.00461371
0.0330067
0.0125091
0.0236409
0.0591536
0.00123903
0.00104792
0.0669763
0.000511179
0.000623972
0.000471081
0.000454648
-0.000327713
0.00108878
0.000529963
0.000764235
0.0425601
0.0245678
0.00170189
0.035162
0.0212728
0.00067958
0.00121146
0.0216661
0.000330881
0.000353834
0.000504335
0.000376959
0.0510723
0.0439196
0.00104652
0.00104388
0.0413801
0.0351057
0.00170687
0.0237547
0.0505013
0.00103724
0.00102263
0.04386
0.000406215
0.000448731
0.000505343
0.000359462
0.0210714
0.0210071
0.00123493
0.000737124
-0.0052771
0.0222642
0.0119042
0.0304748
-0.000331032
0.000760548
0.000557919
0.00109229
0.000550226
0.00045385
0.000462994
0.000620669
0.0590398
0.0670848
0.00109851
0.00124274
0.0104495
-0.001584
0.0141135
0.0420067
0.0198488
-0.00365876
0.0201228
-0.0044272
0.00566116
0.00568987
-0.0866283
-0.0803178
0.00385474
-0.0227949
-0.0970731
0.00436033
-0.00205766
0.0361926
0.00179714
0.0113722
0.00386808
0.00790708
-0.0965815
-0.0261857
0.00577288
-0.0811607
-0.0868272
0.00665046
0.0222568
0.0125155
-0.00617975
-0.000197612
0.0076942
0.00513558
0.00202455
0.0121312
0.00500077
0.0017631
0.00168077
0.0047913
0.00838612
0.00871615
-0.00417152
-0.00372631
0.0216967
0.0115532
-0.00391672
0.00862376
0.00878271
0.0127999
0.00176226
0.00619495
0.0179816
0.00918423
-0.00372514
0.0122323
0.00844128
-0.00350929
-0.00380693
0.00876225
0.00531275
0.00574286
0.00156884
0.00174841
