-0.75462
0.235
-2.315
-0.74635
0.325
2.385
-0.797785
0.715
-2.245
-0.726766
0.865
2.285
0.754605
0.235
-2.315
0.746355
0.325
2.385
0.79779
0.715
-2.245
0.726762
0.865
2.285
0.0449615
0.0852006
0.0989174
0.108692
0.0449695
0.0845196
0.0989195
0.108693
-0.0380573
0.000795786
0.0484312
0.0744676
0.0179851
-0.03107
-0.0645251
-0.034676
0.00946955
0.0599122
0.0844056
0.0127545
-0.0363865
-0.0669854
-0.0187451
0.0262782
0.102441
0.109929
0.0219292
-0.026502
-0.0537855
0.0606051
0.105557
0.159622
0.160627
0.103699
0.054071
0.0181042
-0.0462311
-0.00768034
0.0392225
0.0746777
0.0100163
-0.0403499
-0.072991
-0.0445759
-0.0476811
-0.0769368
-0.0336174
-0.0409877
-0.0651939
0.0523785
0.0990305
0.158869
0.160422
0.0977779
0.0459517
0.0103994
-0.0462514
-0.00769338
0.0391429
0.0742187
0.00983924
-0.0404877
-0.0731398
-0.0445877
-0.0477727
-0.0770679
-0.033627
-0.0410571
-0.0653063
0.0523488
0.0990017
0.15883
0.160358
0.097693
0.0458517
0.0102859
-0.0381118
0.000744399
0.0482391
0.0738258
0.0175407
-0.031398
-0.0648382
-0.034713
0.0094473
0.0598054
0.0837381
0.0123738
-0.0366598
-0.0672706
-0.0187757
0.0262624
0.102404
0.109693
0.0216828
-0.0267182
-0.0540333
0.0605376
0.105489
0.159527
0.16048
0.103509
0.0538571
0.01787
0.071191
0.00526737
0.0241527
0.048549
0.00410842
0.0876772
0.101513
0.0772454
0.0932706
0.0895566
0.0711948
0.0241567
0.048546
0.0893407
0.0772569
0.0895545
0.0657655
0.144881
0.0476072
0.164295
0.08921
0.103839
0.44758
0.623929
0.0656066
0.14489
0.164126
0.103852
0.120491
0.120494
0.0261341
0.18454
0.236614
0.158034
0.157997
0.0683806
0.649914
0.142377
0.142321
0.0916908
0.187822
0.173484
0.0578468
0.00525634
0.0136036
0.0307636
0.00330181
0.0524779
0.0338164
0.0764909
0.0561906
0.0176123
0.0664372
0.0648308
0.00526253
0.0578399
0.0136031
0.00327883
0.0307172
0.0524062
0.076417
0.0336747
0.0561992
0.0664621
0.0176118
0.0647581
0.0345865
0.055275
0.118001
0.0463158
0.0865097
0.0760185
0.157126
0.087945
0.0908829
0.128712
0.10144
0.40716
0.10579
0.157243
0.107701
0.60019
0.0346117
0.0463168
0.0554059
0.118009
0.0863266
0.0878645
0.0759493
0.157006
0.0908787
0.407157
0.128732
0.101456
0.105752
0.600189
0.157189
0.107739
0.111598
0.208752
0.0161211
0.217738
0.125148
0.0263708
0.116154
0.154628
0.051088
0.158122
0.142057
0.0983175
0.166524
0.189932
0.122317
0.177509
0.167459
0.0922562
0.136423
0.175827
0.11168
0.208779
0.12513
0.0263715
0.116128
0.154634
0.142001
0.0985612
0.122304
0.177506
0.136388
0.175831
0.127987
0.067163
0.135466
0.151358
0.0368738
0.0579939
0.166536
0.160117
0.0787674
0.0904614
0.14184
0.626403
0.178121
0.636637
0.638132
0.505777
0.127969
0.0671472
0.135467
0.151343
0.166469
0.160056
0.14181
0.626258
0.113474
0.13788
0.121006
0.102135
0.113525
0.102145
0.12101
0.137887
0.0158502
0.0158505
0.03699
0.036989
0.147488
0.181962
0.181966
0.147489
0.187165
0.131868
0.131877
0.187184
0.122814
0.135757
0.149448
0.135055
0.122808
0.135049
0.149394
0.135717
0.0567395
0.0567319
0.077471
0.0775139
0.593866
0.619472
0.619467
0.593867
0.15282
0.106509
0.101894
0.153411
0.152784
0.153621
0.101886
0.106589
0.0937988
0.0938708
0.0542965
0.0541747
0.466442
0.148249
0.148244
0.466495
0.13596
0.135949
0.0793171
0.0793168
0.0352556
0.00524695
0.00809291
0.0152221
0.00164802
0.0269411
0.0229774
0.0415939
0.0365661
0.0169231
0.0435952
0.0405012
0.00525305
0.0352485
0.00809336
0.00163069
0.0151639
0.0238056
0.0415998
0.0231488
0.0365644
0.0435751
0.0167715
0.0404985
0.0397462
0.0501257
0.106393
0.0456925
0.0869521
0.0811572
0.141013
0.0873829
0.0962044
0.118913
0.100182
0.339485
0.108398
0.142886
0.108429
0.379229
0.0397753
0.0456942
0.0502469
0.1064
0.0862349
0.0872718
0.0811573
0.141329
0.0962126
0.339743
0.118928
0.10018
0.108395
0.379225
0.142838
0.108431
0.0682695
0.0728102
0.102568
0.177603
0.00526216
0.00526844
0.0110144
0.187346
0.018905
0.0294137
0.111491
0.0264849
0.0469107
0.0130588
0.0931427
0.127612
0.00386294
0.00384364
0.0301461
0.144477
0.0718312
0.0873381
0.131153
0.101627
0.0936309
0.0935669
0.144427
0.158387
0.0674226
0.0844899
0.111503
0.159435
0.0834708
0.0834665
0.15043
0.103599
0.0783689
0.0983175
0.128184
0.166676
0.0682807
0.0729173
0.102585
0.177649
0.0189076
0.0294184
0.111471
0.0264859
0.0468298
0.0130041
0.0931835
0.127599
0.0718248
0.0881656
0.130455
0.101992
0.067396
0.0844992
0.111466
0.159461
0.078359
0.0983073
0.128163
0.166696
0.0604747
0.0709526
0.121663
0.0665987
0.128074
0.134568
0.139764
0.148058
0.047607
0.0476074
0.0422282
0.0528005
0.159835
0.162142
0.170063
0.168764
0.0892735
0.0892374
0.0839608
0.0898513
0.102417
0.105971
0.12795
0.378783
0.43722
0.437224
0.317864
0.555736
0.626021
0.626021
0.632242
0.600718
0.0604592
0.0708252
0.121656
0.0665747
0.128076
0.134573
0.139771
0.148063
0.159662
0.162057
0.169993
0.16866
0.10241
0.105977
0.127933
0.378773
0.120142
0.11978
0.123817
0.127198
0.120151
0.119789
0.123818
0.127068
0.0211396
0.0262543
0.0262546
0.0315204
0.181804
0.183622
0.183622
0.190991
0.227633
0.234143
0.177495
0.227686
0.140559
0.154685
0.162403
0.147809
0.140538
0.154662
0.162353
0.147767
0.0684467
0.0631873
0.073574
0.0684386
0.653331
0.646417
0.646024
0.653326
0.132485
0.139099
0.142987
0.151507
0.132446
0.139214
0.14286
0.151447
0.0711143
0.0950041
0.095126
0.0910768
0.177634
0.182104
0.182107
0.349422
0.167634
0.173901
0.0914329
0.167633
0.0937196
0.155818
0.0108724
0.145669
0.0987951
0.0159344
0.075941
0.107148
0.0320497
0.12082
0.0870572
0.0569855
0.0852562
0.088579
0.121196
0.136017
0.088896
0.128
0.0771457
0.0576312
0.131743
0.0814084
0.0926726
0.138066
0.0108736
0.143971
0.0938387
0.155793
0.0991378
0.0159345
0.0316976
0.120817
0.0759849
0.107147
0.0870585
0.0570359
0.121189
0.135916
0.085222
0.088564
0.0889331
0.128018
0.131764
0.0814054
0.0770498
0.0570766
0.0926451
0.138051
0.121324
0.0370461
0.114226
0.0561365
0.11433
0.120361
0.0422842
0.0515276
0.14153
0.0954736
0.12583
0.0770006
0.139235
0.171394
0.0826894
0.0915831
0.113922
0.178133
0.124026
0.131723
0.122975
0.368189
0.279241
0.511554
0.144308
0.408107
0.153343
0.157603
0.135462
0.37856
0.615246
0.576887
0.121327
0.0370505
0.0422851
0.0515244
0.114218
0.0561465
0.114343
0.120361
0.141525
0.0954829
0.0826329
0.0915829
0.125824
0.076972
0.139183
0.17128
0.113923
0.178126
0.279248
0.511554
0.124025
0.131726
0.122972
0.368168
0.144075
0.408166
0.615248
0.576852
0.15329
0.157545
0.135436
0.378565
0.109319
0.108808
0.204442
0.175758
0.0159875
0.0159877
0.20841
0.208431
0.127488
0.126132
0.0211219
0.0316963
0.10986
0.111805
0.153276
0.0748285
0.0526914
0.0526305
0.150467
0.150465
0.148312
0.12826
0.0960588
0.075971
0.161042
0.161042
0.154067
0.154037
0.115462
0.116035
0.167249
0.183568
0.158721
0.158716
0.0912433
0.0912457
0.120994
0.143914
0.316934
0.161985
0.109375
0.108762
0.175606
0.204444
0.127497
0.126049
0.0211224
0.0316971
0.111777
0.109903
0.153279
0.0749092
0.148256
0.128352
0.0962166
0.0761515
0.116035
0.11544
0.183556
0.167245
0.143877
0.120969
0.161987
0.316934
0.125268
0.132273
0.0619512
0.0723385
0.133842
0.127422
0.134327
0.141155
0.0369335
0.0369329
0.0580269
0.058023
0.150066
0.154997
0.15478
0.163258
0.0788082
0.07883
0.0921303
0.0921663
0.145569
0.138397
0.620836
0.623137
0.180081
0.180085
0.638315
0.638541
0.641539
0.641539
0.491167
0.491168
0.125257
0.132235
0.0619395
0.0723092
0.12744
0.133849
0.134309
0.141142
0.154934
0.150023
0.15476
0.163205
0.138383
0.145547
0.623169
0.62079
0.0686736
0.108885
0.118891
0.0959545
0.104151
0.123046
0.124909
0.116263
0.117481
0.108979
0.129227
0.130162
0.0699686
0.0963093
0.120775
0.111965
0.068701
0.095887
0.118896
0.108872
0.0699921
0.11202
0.120774
0.096309
0.11749
0.130171
0.12923
0.108976
0.104167
0.116243
0.124909
0.123056
0.0105252
0.0109455
0.0211327
0.0212206
0.0105259
0.0212211
0.021133
0.0109461
0.0403004
0.0422581
0.0316105
0.0317844
0.0402999
0.0317818
0.03161
0.0422577
0.097936
0.145052
0.17792
0.138236
0.240789
0.308127
0.189634
0.169463
0.240801
0.169478
0.189633
0.308119
0.0979339
0.138232
0.177907
0.145062
0.108399
0.173046
0.225303
0.161946
0.0787438
0.158977
0.159861
0.16296
0.0787466
0.162833
0.159867
0.158872
0.108153
0.162263
0.225309
0.173042
0.110304
0.117981
0.137444
0.131207
0.127564
0.155051
0.145217
0.123909
0.139483
0.131583
0.151384
0.158607
0.120896
0.137834
0.144585
0.125106
0.110303
0.131192
0.137433
0.117965
0.120901
0.12509
0.144556
0.137831
0.139453
0.158535
0.15133
0.131561
0.127542
0.123906
0.145183
0.154995
0.0509144
0.0528169
0.0632368
0.0613677
0.0509204
0.0613605
0.0632308
0.0528152
0.0820785
0.0839949
0.0736234
0.0717735
0.0821455
0.0717997
0.0736384
0.0840238
0.362714
0.373487
0.648755
0.54793
0.378904
0.635391
0.647435
0.378396
0.378905
0.378384
0.647432
0.635391
0.362723
0.547869
0.648752
0.373502
0.150081
0.133958
0.147047
0.1636
0.0574805
0.0865577
0.127833
0.109055
0.065654
0.111189
0.129471
0.0871912
0.146341
0.173279
0.153812
0.138063
0.150075
0.163535
0.147081
0.133716
0.146302
0.138038
0.153752
0.17323
0.0656461
0.0871412
0.129439
0.111179
0.0574954
0.109084
0.127899
0.0865758
0.0912223
0.0907175
0.0935678
0.0985509
0.0912239
0.0987383
0.0936468
0.0907175
0.0329291
0.0309207
0.0736323
0.0792384
0.0333164
0.0790332
0.0735422
0.0308913
0.380517
0.270598
0.338456
0.596376
0.114566
0.14411
0.170566
0.1525
0.114573
0.152509
0.170568
0.14411
0.380533
0.596369
0.338492
0.270627
0.0903212
0.136029
0.167077
0.125539
0.0903305
0.125537
0.167075
0.136027
0.0540084
0.0959144
0.0851816
0.0504618
0.0540684
0.0504885
0.0851731
0.0959148
0.0194791
0.00523491
0.00542806
0.0081191
0.001652
0.0118976
0.0128322
0.0219904
0.0246655
0.0083635
0.028533
0.0265264
0.00524096
0.0194621
0.00542834
0.00163604
0.00806815
0.0143778
0.0219525
0.0128228
0.0247095
0.0285078
0.00836452
0.02662
0.042354
0.0475721
0.0958306
0.0453787
0.0860054
0.083785
0.129387
0.0871048
0.0974964
0.111137
0.0993763
0.209593
0.108795
0.129477
0.108561
0.227358
0.0423844
0.0453804
0.047626
0.0958388
0.0851818
0.0869784
0.083785
0.129375
0.0974695
0.209598
0.11115
0.0993244
0.108802
0.227353
0.129462
0.108558
0.0699418
0.0725384
0.0902193
0.157246
0.00526366
0.00526827
0.00849995
0.158245
0.021527
0.0268042
0.100939
0.0265379
0.0521739
0.0359588
0.074774
0.110806
0.00385817
0.0038485
0.0172593
0.138387
0.0787758
0.0875231
0.124693
0.103284
0.0975635
0.0975401
0.125487
0.162713
0.072956
0.0808624
0.0982816
0.151906
0.0883735
0.0883671
0.141234
0.109032
0.0839618
0.0945086
0.118491
0.153135
0.0699492
0.0725674
0.0902224
0.157272
0.0215305
0.0268098
0.100962
0.026539
0.0521348
0.0370108
0.0748821
0.110808
0.0786771
0.0887519
0.125871
0.10371
0.0729748
0.0808694
0.0982751
0.151906
0.0839659
0.0945073
0.118458
0.153243
0.0631337
0.0683287
0.106459
0.066317
0.135944
0.147681
0.142326
0.146426
0.0476073
0.0476075
0.0449177
0.0502039
0.162302
0.164762
0.172139
0.172125
0.0892418
0.0892238
0.0865575
0.0895439
0.102915
0.10496
0.118376
0.223814
0.443154
0.443155
0.383445
0.501708
0.626508
0.626504
0.629296
0.615011
0.0630185
0.0681948
0.106456
0.0662889
0.135955
0.147683
0.142335
0.14643
0.162039
0.164619
0.172072
0.172033
0.102917
0.104964
0.118372
0.223838
0.120303
0.120591
0.121955
0.123341
0.120296
0.12063
0.121965
0.123328
0.023636
0.0261944
0.0261946
0.0288368
0.18447
0.184141
0.184141
0.187717
0.234102
0.237212
0.219389
0.234119
0.152012
0.156354
0.160154
0.155404
0.152008
0.156325
0.160111
0.155282
0.0684138
0.065784
0.0709773
0.0684097
0.653267
0.651269
0.648993
0.653264
0.138817
0.136955
0.143136
0.148416
0.138772
0.136965
0.142919
0.148366
0.0811366
0.0933474
0.0934084
0.091394
0.182768
0.18556
0.185623
0.265522
0.170746
0.181792
0.106981
0.170744
0.0476848
0.0651458
0.0811194
0.134194
0.00525176
0.00525919
0.00842272
0.125708
0.010843
0.0162578
0.0797347
0.0159721
0.0222143
0.0386488
0.0573201
0.089541
0.00282312
0.00333062
0.017937
0.113998
0.041666
0.064823
0.0722294
0.0583928
0.029069
0.0519771
0.0669756
0.0663633
0.0546714
0.0858299
0.101911
0.122177
0.0481355
0.0617446
0.0751005
0.118957
0.0120471
0.0116914
0.0667546
0.0419571
0.0555933
0.0760543
0.123269
0.0761982
0.0528236
0.072633
0.0859054
0.127936
0.0052579
0.00526542
0.00842436
0.128195
0.0477551
0.0651581
0.0812052
0.134196
0.0108437
0.016259
0.0797593
0.015973
0.0027563
0.00329235
0.0179642
0.113993
0.022221
0.0386552
0.0573395
0.0895156
0.0414089
0.0648386
0.0722307
0.0584074
0.0546375
0.0858042
0.1019
0.121977
0.0291873
0.0522186
0.0669367
0.0662459
0.0481028
0.0617555
0.0751275
0.118909
0.0555578
0.0760907
0.123219
0.0762404
0.0121167
0.0116935
0.0665653
0.0417571
0.052823
0.0726084
0.0857929
0.127914
0.037123
0.0320149
0.115729
0.037072
0.0526794
0.0578283
0.101923
0.0558341
0.118377
0.123582
0.11645
0.119147
0.0460049
0.0476055
0.0449441
0.0489217
0.0878946
0.0869851
0.137054
0.0963123
0.0785515
0.0734856
0.109922
0.0767457
0.148774
0.157754
0.140974
0.173051
0.0876662
0.0893048
0.0852771
0.0904728
0.0941616
0.087662
0.106388
0.165625
0.125729
0.131643
0.126325
0.130096
0.100796
0.101931
0.114047
0.217146
0.381848
0.422434
0.343927
0.462913
0.107903
0.102109
0.130663
0.262223
0.152384
0.159864
0.155293
0.157234
0.10826
0.10694
0.124946
0.224939
0.517248
0.623864
0.608872
0.590883
0.0371497
0.0320188
0.115734
0.037078
0.0460062
0.0476062
0.0449451
0.0489206
0.0527967
0.0579548
0.101923
0.055853
0.118399
0.123587
0.116458
0.119151
0.087284
0.0868606
0.137088
0.0962905
0.0875703
0.0892516
0.0852139
0.0904366
0.0785295
0.0733872
0.109932
0.0767241
0.148653
0.157633
0.140914
0.172971
0.0941591
0.0876668
0.106386
0.165615
0.381839
0.422437
0.343908
0.462908
0.12573
0.131652
0.126331
0.1301
0.100775
0.101936
0.114048
0.217148
0.107899
0.102106
0.130643
0.262233
0.517254
0.623864
0.608873
0.59089
0.152323
0.159799
0.155254
0.157187
0.108279
0.106949
0.124946
0.224932
0.106672
0.114802
0.108289
0.109621
0.194978
0.217001
0.207465
0.207983
0.0135677
0.0186333
0.0160544
0.0160545
0.204514
0.228003
0.214339
0.214524
0.118934
0.117165
0.126185
0.125216
0.0264281
0.0263126
0.0237455
0.0290432
0.104861
0.126065
0.113881
0.114929
0.143973
0.161809
0.161941
0.10572
0.0402498
0.0610947
0.0518896
0.0518591
0.150567
0.166014
0.154504
0.154516
0.142953
0.140534
0.149095
0.135286
0.0999742
0.0966608
0.0971984
0.0868782
0.15894
0.174102
0.163893
0.163893
0.183762
0.175817
0.160099
0.159942
0.129281
0.123012
0.125801
0.119125
0.172018
0.182131
0.174703
0.180681
0.15897
0.172661
0.163247
0.163246
0.0929649
0.0917058
0.0879142
0.0879173
0.13232
0.14051
0.128746
0.142478
0.172321
0.179221
0.231479
0.168942
0.106682
0.114805
0.108596
0.109618
0.194979
0.217023
0.20777
0.208084
0.118944
0.117166
0.126183
0.125177
0.0264289
0.0263131
0.0237461
0.0290438
0.104845
0.126032
0.114913
0.113889
0.143974
0.161817
0.16194
0.105743
0.143251
0.14069
0.148992
0.135347
0.100279
0.0968436
0.0973991
0.0870898
0.129273
0.123012
0.119122
0.125801
0.172015
0.182119
0.180682
0.174709
0.132289
0.140462
0.142381
0.12872
0.172344
0.179242
0.168946
0.231479
0.128099
0.134804
0.126588
0.130078
0.0668825
0.0684789
0.0645571
0.0697506
0.137349
0.132079
0.129297
0.137073
0.149697
0.153026
0.143919
0.151409
0.0395332
0.0341997
0.0369039
0.0369036
0.0553972
0.0605906
0.0580106
0.0580086
0.168345
0.16465
0.16279
0.160131
0.162715
0.154272
0.154837
0.162114
0.0813641
0.0761707
0.0787879
0.0787988
0.0901501
0.0907632
0.0912959
0.0913139
0.137229
0.144883
0.143645
0.139977
0.517349
0.650558
0.623735
0.624945
0.248434
0.194133
0.177697
0.177693
0.607797
0.641567
0.639574
0.639574
0.635187
0.643102
0.641459
0.64146
0.569279
0.427981
0.499429
0.499442
0.128068
0.134782
0.126571
0.130053
0.0668624
0.0684666
0.0645434
0.0697281
0.137354
0.132092
0.137082
0.130652
0.149689
0.153004
0.143942
0.151373
0.168277
0.164593
0.159989
0.162831
0.162644
0.154234
0.154799
0.162053
0.137198
0.144851
0.13996
0.143619
0.517338
0.65055
0.624961
0.623725
0.0979157
0.104844
0.106007
0.119481
0.135137
0.112476
0.123558
0.129378
0.118188
0.121979
0.120556
0.12412
0.0963151
0.097445
0.107462
0.108835
0.0979278
0.104823
0.106061
0.119486
0.0963112
0.0973779
0.107502
0.108834
0.118189
0.121986
0.120569
0.124142
0.135148
0.112489
0.123736
0.12927
0.0133605
0.0158924
0.0159189
0.0184884
0.0133612
0.0158926
0.0159192
0.0184887
0.0370208
0.0396199
0.0343461
0.0369617
0.0370183
0.0396189
0.0343456
0.0369609
0.138926
0.139474
0.155772
0.157429
0.182191
0.205894
0.186329
0.181386
0.182196
0.205893
0.186323
0.181389
0.138921
0.139448
0.155772
0.157417
0.173771
0.173624
0.197694
0.19808
0.103066
0.136067
0.124059
0.147604
0.13595
0.10302
0.147567
0.124195
0.173657
0.173775
0.198091
0.197695
0.124557
0.121587
0.12404
0.128919
0.132359
0.137496
0.134019
0.143988
0.15139
0.144705
0.152336
0.147508
0.133348
0.131916
0.138172
0.136711
0.124569
0.121585
0.124033
0.128915
0.133347
0.131908
0.138167
0.1367
0.15133
0.144673
0.152295
0.14748
0.13229
0.137449
0.133985
0.14394
0.0564392
0.0541336
0.0593453
0.0580423
0.0541281
0.0564403
0.0580364
0.0593357
0.080052
0.0772233
0.078828
0.0748901
0.0772591
0.0801017
0.0749262
0.0788608
0.501331
0.556618
0.617204
0.626748
0.515926
0.617375
0.621388
0.639398
0.617383
0.515946
0.639398
0.621393
0.556613
0.501339
0.62666
0.617217
0.161351
0.156723
0.147628
0.155507
0.09127
0.0978963
0.108101
0.120818
0.0891933
0.0972621
0.107389
0.112542
0.149536
0.152477
0.153215
0.161149
0.161363
0.156797
0.147593
0.155515
0.149514
0.15244
0.153134
0.161112
0.0892356
0.0972391
0.107377
0.112522
0.0913411
0.0979314
0.10823
0.120943
0.0946381
0.0926847
0.0949229
0.0929646
0.0946787
0.0927206
0.0950378
0.0930186
0.0426434
0.055666
0.053494
0.0652187
0.0425531
0.0555799
0.0534027
0.0650665
0.441026
0.528659
0.395714
0.479684
0.139975
0.144575
0.153716
0.155159
0.139975
0.144551
0.153716
0.155159
0.441014
0.528675
0.395827
0.479679
0.125119
0.127646
0.144603
0.143994
0.127644
0.125121
0.143997
0.144598
0.0813166
0.0661997
0.0869083
0.0775611
0.066195
0.0813477
0.0775926
0.0869148
0.0582624
0.0844491
0.00824361
0.0765143
0.0503303
0.0105359
0.0384691
0.0718387
0.0184263
0.0829021
0.0431521
0.0340547
0.0538264
0.0565135
0.0782641
0.068873
0.0571043
0.0872274
0.0548935
0.0430245
0.100955
0.0504672
0.0560702
0.102435
0.00824497
0.0772622
0.0582723
0.0844191
0.0503342
0.0105364
0.0184367
0.0828972
0.0384687
0.0718353
0.0431456
0.0331961
0.0782592
0.0689516
0.0538458
0.056579
0.057158
0.0872231
0.100931
0.0504661
0.0547162
0.043058
0.0560683
0.102442
0.0963626
0.0400709
0.0993255
0.050607
0.105271
0.108342
0.0429975
0.0483034
0.136687
0.0918865
0.110254
0.0819328
0.129879
0.151899
0.084718
0.0893305
0.109853
0.191816
0.118168
0.119864
0.112666
0.213397
0.298723
0.359518
0.130862
0.233458
0.141318
0.144498
0.127275
0.225847
0.379058
0.379745
0.0963645
0.0400714
0.0429986
0.0483073
0.0993337
0.0506229
0.105279
0.108345
0.136678
0.0918874
0.0846318
0.0892795
0.110244
0.0818997
0.130024
0.151242
0.109859
0.191694
0.2987
0.359244
0.118178
0.119869
0.112656
0.213396
0.130838
0.233466
0.379052
0.379748
0.141276
0.144457
0.127255
0.225837
0.0858115
0.152944
0.0870512
0.145767
0.0998146
0.101424
0.177269
0.176919
0.00846357
0.12946
0.00846496
0.127643
0.0109802
0.0109805
0.166198
0.166201
0.0913876
0.0212695
0.107286
0.0318278
0.109405
0.115611
0.0238519
0.029143
0.071755
0.109147
0.0685159
0.0348912
0.0912401
0.0901471
0.134312
0.085036
0.0176112
0.129563
0.017624
0.129559
0.0305332
0.0305185
0.140458
0.140457
0.0947066
0.0808216
0.133335
0.0998345
0.135433
0.117
0.100099
0.0898616
0.118619
0.153796
0.118497
0.153891
0.141555
0.141554
0.157509
0.157513
0.089244
0.136351
0.103431
0.158976
0.1083
0.118141
0.153396
0.164348
0.135217
0.0922415
0.135213
0.0922433
0.147736
0.147735
0.0992811
0.099253
0.102853
0.141838
0.126527
0.208068
0.119839
0.133959
0.190023
0.15965
0.0857832
0.152947
0.0870597
0.145973
0.0998319
0.101402
0.176928
0.177271
0.0913907
0.0212702
0.10731
0.0318299
0.109387
0.115204
0.0238527
0.0291448
0.0717623
0.10914
0.0685095
0.0348804
0.0901071
0.0912463
0.134191
0.0849805
0.0947662
0.0809223
0.13391
0.10005
0.135059
0.117004
0.100376
0.0901448
0.0892416
0.136322
0.103368
0.158947
0.118114
0.108299
0.164337
0.153412
0.102844
0.141841
0.126515
0.208022
0.133925
0.119829
0.159645
0.190024
0.104235
0.061071
0.108664
0.0715377
0.119823
0.122957
0.0639832
0.069199
0.125425
0.129688
0.132505
0.136173
0.128899
0.142431
0.139824
0.149873
0.0449323
0.050212
0.0449328
0.0502113
0.0422434
0.0422431
0.0528089
0.0528081
0.157912
0.1655
0.160411
0.161625
0.167457
0.161962
0.163596
0.171309
0.0866207
0.0900087
0.0865882
0.0899906
0.0839779
0.0839924
0.0902845
0.0902845
0.115604
0.220924
0.121905
0.224095
0.129648
0.118919
0.376116
0.378262
0.372834
0.492805
0.372711
0.492751
0.313178
0.313168
0.55371
0.553659
0.632303
0.615263
0.632302
0.615262
0.63541
0.63541
0.599864
0.599864
0.104237
0.0610659
0.108667
0.0715117
0.119813
0.12295
0.0639676
0.069174
0.125431
0.129692
0.13251
0.136177
0.142432
0.128908
0.139832
0.149824
0.157851
0.165412
0.160335
0.161557
0.161756
0.167418
0.163526
0.171241
0.1156
0.220913
0.121896
0.224094
0.118935
0.129632
0.378248
0.376137
0.11731
0.11815
0.119261
0.122251
0.126695
0.122268
0.127612
0.128875
0.117304
0.118174
0.119267
0.122246
0.122265
0.126696
0.128888
0.127617
0.0211365
0.0211366
0.0236927
0.0289417
0.023693
0.0289421
0.0315657
0.0315655
0.179952
0.179949
0.182435
0.186585
0.186585
0.182437
0.190403
0.190403
0.228115
0.213649
0.231369
0.23137
0.169846
0.17001
0.213732
0.228116
0.139003
0.142794
0.148049
0.154173
0.157384
0.157503
0.149487
0.146088
0.138987
0.142766
0.148071
0.154084
0.157355
0.157421
0.146053
0.149446
0.0658418
0.0710425
0.0632122
0.0632092
0.0735988
0.0736063
0.0658347
0.071031
0.653467
0.650369
0.649642
0.64964
0.647363
0.648876
0.650364
0.653462
0.130533
0.131315
0.145643
0.135354
0.13637
0.149385
0.146077
0.152855
0.131281
0.130546
0.145704
0.135412
0.1493
0.136336
0.146068
0.152801
0.0723738
0.0723282
0.0942962
0.0840072
0.0943966
0.0841137
0.0923223
0.0923618
0.174405
0.174404
0.252025
0.176353
0.176359
0.252034
0.344595
0.344644
0.175419
0.112576
0.17073
0.170737
0.0876905
0.087685
0.175415
0.112555
0.0824367
0.089209
0.142165
0.16673
0.0106986
0.0109089
0.126582
0.150808
0.0825791
0.103874
0.0132285
0.0185794
0.0673962
0.0818298
0.0983782
0.11613
0.0326828
0.0316759
0.10949
0.129224
0.072574
0.100943
0.0450571
0.0680032
0.0788636
0.091699
0.0851056
0.0980086
0.107631
0.13057
0.0989673
0.158608
0.0808074
0.10033
0.117719
0.136575
0.0711154
0.0831724
0.0538257
0.0519388
0.12523
0.138323
0.0681644
0.0923869
0.0790916
0.102526
0.127548
0.145405
0.0106996
0.0109098
0.126578
0.150811
0.082379
0.0892286
0.142213
0.166729
0.0826123
0.103857
0.0132288
0.0185797
0.0323133
0.031309
0.109486
0.129222
0.0674358
0.081815
0.0983771
0.11613
0.0725873
0.101026
0.0446336
0.0681322
0.107706
0.130535
0.0990206
0.15863
0.0788477
0.0917018
0.0850963
0.0959243
0.080866
0.100342
0.117726
0.136587
0.125234
0.138314
0.0681402
0.0923835
0.0710968
0.0831291
0.0536444
0.0518926
0.0790921
0.10252
0.127515
0.145399
0.102418
0.113511
0.039599
0.0344173
0.112265
0.11614
0.0535254
0.0587522
0.115373
0.118686
0.121462
0.126193
0.0422364
0.0422709
0.051222
0.0528239
0.148083
0.133403
0.0943545
0.0970064
0.126768
0.124879
0.0795731
0.0744002
0.133913
0.14798
0.16107
0.169616
0.0824195
0.0840528
0.0924174
0.0911503
0.115685
0.112649
0.172267
0.173945
0.121838
0.127105
0.128946
0.13484
0.121941
0.124028
0.365471
0.370903
0.26485
0.296219
0.477402
0.533272
0.146698
0.141556
0.414592
0.349723
0.148461
0.156105
0.154141
0.162352
0.137399
0.13352
0.37872
0.378477
0.515776
0.633537
0.536517
0.591444
0.102424
0.11359
0.0396014
0.03442
0.0422372
0.0422716
0.0512233
0.0528213
0.11226
0.116125
0.0535335
0.0587534
0.115397
0.118686
0.121472
0.126192
0.148073
0.133305
0.0943598
0.0971048
0.0823577
0.0840096
0.0924179
0.0911502
0.126752
0.124874
0.0795252
0.0743728
0.133816
0.14793
0.161044
0.169514
0.115714
0.112649
0.172175
0.173914
0.264845
0.296233
0.477408
0.533258
0.121841
0.127111
0.128953
0.134838
0.121939
0.124022
0.365496
0.37089
0.14666
0.14152
0.414611
0.349872
0.515743
0.633537
0.536516
0.591448
0.148411
0.156048
0.154098
0.162302
0.137362
0.133493
0.378736
0.378472
0.113193
0.102414
0.102478
0.1131
0.190731
0.215313
0.150887
0.175369
0.0134662
0.0185628
0.0185631
0.0134665
0.218728
0.195076
0.195094
0.218735
0.116758
0.115997
0.122346
0.126019
0.0211274
0.0211715
0.0317396
0.0316532
0.0981868
0.120762
0.122128
0.0994477
0.160957
0.14242
0.0641853
0.0804747
0.0414455
0.063156
0.0630799
0.0414004
0.142518
0.158759
0.158765
0.142517
0.152175
0.148081
0.130111
0.119833
0.0948133
0.0973069
0.077502
0.0747566
0.169476
0.153273
0.15327
0.169477
0.164145
0.154072
0.154105
0.164138
0.112594
0.118365
0.11843
0.119256
0.159754
0.174384
0.187964
0.17867
0.151488
0.164762
0.164761
0.151489
0.0955512
0.0881511
0.0881529
0.0952605
0.116284
0.125323
0.153155
0.140691
0.296187
0.327834
0.166268
0.158212
0.102264
0.113196
0.113128
0.102461
0.175322
0.150888
0.215314
0.190732
0.116005
0.116773
0.126085
0.122349
0.021172
0.0211277
0.0316538
0.0317412
0.099405
0.122095
0.120824
0.0982148
0.142329
0.16095
0.0804793
0.0642045
0.148162
0.152339
0.119935
0.130285
0.0974795
0.0949317
0.0748917
0.0776946
0.119256
0.118429
0.118353
0.112583
0.178657
0.187949
0.174374
0.159726
0.140647
0.15321
0.125275
0.116262
0.158216
0.166267
0.327822
0.296176
0.126829
0.131857
0.139303
0.130208
0.0632606
0.0616608
0.0720708
0.0736698
0.121776
0.12665
0.129926
0.128117
0.135887
0.132817
0.139495
0.142818
0.039578
0.0342745
0.0342741
0.0395776
0.0554219
0.0606318
0.0606269
0.0554191
0.152558
0.147639
0.15314
0.156785
0.14838
0.156531
0.167118
0.158634
0.0814016
0.0762158
0.0762342
0.0814269
0.0914176
0.0928432
0.0929007
0.0914356
0.140869
0.1486
0.141541
0.134682
0.50908
0.645373
0.645152
0.516855
0.234618
0.192632
0.192633
0.234581
0.644057
0.59874
0.598774
0.644055
0.63845
0.644472
0.644471
0.63845
0.416342
0.556923
0.556919
0.416385
0.131845
0.126821
0.130159
0.139262
0.0616514
0.0632515
0.0736473
0.0720429
0.128125
0.129935
0.126635
0.121787
0.132803
0.135878
0.142803
0.139487
0.156719
0.153087
0.147602
0.152508
0.156488
0.148387
0.158511
0.167079
0.134665
0.141522
0.148554
0.140839
0.516862
0.645155
0.645364
0.509107
0.0418176
0.0692748
0.0953076
0.0717989
0.0986654
0.1177
0.110284
0.0858741
0.118142
0.112054
0.110239
0.116465
0.0880298
0.0812248
0.0967125
0.101475
0.0975671
0.116901
0.111464
0.091332
0.132411
0.126076
0.117811
0.120909
0.124673
0.119492
0.123059
0.130043
0.106546
0.104923
0.124252
0.12316
0.110659
0.10788
0.119443
0.123706
0.100383
0.113256
0.117562
0.104985
0.125581
0.132082
0.125459
0.126105
0.145043
0.129451
0.12502
0.139913
0.0426639
0.06093
0.0908573
0.0659061
0.0909147
0.102989
0.10099
0.0759235
0.120114
0.120702
0.111555
0.111854
0.0946582
0.0837519
0.112284
0.122812
0.0417738
0.0717245
0.0953241
0.0692828
0.0880326
0.101482
0.0967298
0.0811944
0.118171
0.11646
0.110246
0.112003
0.0986841
0.0858784
0.110292
0.117713
0.0427814
0.0659165
0.0908668
0.0609655
0.0946669
0.122797
0.112358
0.0837605
0.12012
0.111883
0.111556
0.120701
0.0911308
0.0759153
0.10139
0.102991
0.110667
0.123724
0.119448
0.10788
0.145031
0.139889
0.125028
0.129456
0.125585
0.126105
0.125445
0.132066
0.10032
0.104971
0.117585
0.113231
0.0975796
0.0913485
0.111475
0.116924
0.10672
0.123368
0.123964
0.104908
0.124695
0.130048
0.12345
0.1195
0.132427
0.120913
0.117809
0.12609
0.00786013
0.00833293
0.0132946
0.0132525
0.00848197
0.0135172
0.0134134
0.00844309
0.0236646
0.0237192
0.0185257
0.0185984
0.0239029
0.0186226
0.0185341
0.0237989
0.00786095
0.0132527
0.0132951
0.00833443
0.0239038
0.0237996
0.0185344
0.0186229
0.0236648
0.0185985
0.018526
0.0237196
0.00848271
0.00844461
0.0134139
0.0135174
0.0427338
0.0449207
0.0396113
0.0396501
0.0449255
0.0395559
0.0395989
0.0449389
0.0288897
0.028993
0.0343103
0.0342374
0.0291936
0.0344565
0.0343836
0.0290946
0.0427333
0.0396447
0.0396096
0.0449197
0.0291924
0.0290934
0.0343822
0.0344532
0.0288896
0.0342372
0.0343096
0.0289925
0.0449252
0.0449382
0.0395982
0.0395556
0.0677361
0.105779
0.128697
0.0860371
0.145473
0.169248
0.14934
0.12795
0.183528
0.171906
0.165072
0.180554
0.122392
0.11032
0.14741
0.156203
0.201959
0.326092
0.191337
0.17095
0.379171
0.241258
0.223132
0.359025
0.187188
0.185102
0.190888
0.193518
0.155558
0.16247
0.181699
0.175509
0.202066
0.170939
0.191315
0.326067
0.155558
0.175511
0.181702
0.162475
0.187188
0.193518
0.190888
0.185102
0.378982
0.359031
0.223077
0.241264
0.0677191
0.0860481
0.128695
0.105788
0.12226
0.156201
0.1474
0.110308
0.183528
0.18056
0.165092
0.171907
0.145465
0.127951
0.149291
0.169251
0.0540701
0.118275
0.159908
0.0923731
0.156217
0.194521
0.184089
0.145315
0.234725
0.224994
0.208594
0.21834
0.131878
0.116513
0.184535
0.201057
0.0434484
0.0869782
0.102021
0.0625335
0.159822
0.160606
0.162162
0.142477
0.217567
0.205458
0.146318
0.165213
0.156432
0.0804106
0.107214
0.194474
0.0434552
0.0625163
0.102008
0.0870009
0.156508
0.194462
0.107163
0.0804228
0.21763
0.165213
0.146297
0.205697
0.159832
0.142539
0.162141
0.160402
0.0540079
0.0923668
0.159917
0.118273
0.131907
0.201262
0.184549
0.116546
0.234725
0.218341
0.208595
0.224994
0.156704
0.145314
0.184087
0.194522
0.0975498
0.100855
0.123009
0.119926
0.105343
0.127466
0.126102
0.103136
0.149991
0.146051
0.13039
0.133329
0.137912
0.12489
0.127511
0.141824
0.119386
0.134467
0.133516
0.110102
0.169684
0.165389
0.146211
0.1503
0.15465
0.13695
0.141645
0.160095
0.107562
0.109527
0.131332
0.129085
0.1284
0.126191
0.146613
0.150455
0.12
0.138948
0.142785
0.123418
0.156384
0.158897
0.150497
0.14671
0.163212
0.15798
0.154224
0.160821
0.111904
0.127285
0.130521
0.113342
0.149311
0.15051
0.136505
0.133181
0.154788
0.143212
0.139844
0.152645
0.116801
0.114789
0.133307
0.133563
0.0975526
0.119939
0.12302
0.100863
0.137922
0.141841
0.127508
0.124888
0.150009
0.133313
0.130382
0.146049
0.105342
0.103124
0.126104
0.127447
0.111927
0.113347
0.130519
0.127302
0.116797
0.133488
0.133304
0.114784
0.154695
0.152598
0.139833
0.143187
0.149311
0.133185
0.136501
0.150465
0.128379
0.150409
0.146575
0.126176
0.163011
0.160629
0.154172
0.157919
0.156248
0.146677
0.15046
0.158762
0.119996
0.123399
0.142754
0.138922
0.117528
0.110097
0.133454
0.134368
0.107562
0.129044
0.131273
0.10955
0.154698
0.160126
0.141601
0.136921
0.169659
0.150243
0.146161
0.165354
0.0479929
0.0486135
0.0538306
0.0532205
0.0502081
0.0554097
0.0554331
0.0502147
0.065813
0.0658698
0.0606514
0.0606114
0.063694
0.0584526
0.05905
0.0642716
0.0480017
0.053238
0.0538318
0.0486148
0.0636774
0.0642569
0.0590458
0.0584594
0.0658095
0.0606089
0.060644
0.0658591
0.0502078
0.0502137
0.0554288
0.0554084
0.0843915
0.0849249
0.0797905
0.0793119
0.0865729
0.0813829
0.0814188
0.0866022
0.0710043
0.071057
0.0762377
0.0761934
0.0689001
0.0741179
0.0746331
0.0694526
0.0844693
0.0793392
0.0798393
0.0849997
0.068927
0.0694765
0.074665
0.0741417
0.0710101
0.0762026
0.0762653
0.0710744
0.0865892
0.0866509
0.0814568
0.0813956
0.211501
0.215271
0.497542
0.436189
0.222515
0.513207
0.504978
0.219036
0.654684
0.644583
0.64125
0.649378
0.497923
0.480228
0.584489
0.607515
0.226289
0.516021
0.515826
0.225398
0.632385
0.638435
0.636467
0.630177
0.650315
0.647818
0.64229
0.644411
0.22337
0.224554
0.516345
0.517177
0.226274
0.225391
0.515838
0.516003
0.223379
0.517179
0.51636
0.224557
0.65174
0.646012
0.642291
0.647817
0.632385
0.630185
0.636467
0.638435
0.211487
0.436133
0.497163
0.215278
0.497893
0.607485
0.584465
0.480223
0.65468
0.649376
0.641231
0.644582
0.22252
0.219036
0.504952
0.513212
0.137103
0.132809
0.151906
0.161646
0.132839
0.151677
0.152494
0.132926
0.143219
0.148854
0.149197
0.14691
0.166304
0.173109
0.158236
0.157492
0.0270151
0.0488631
0.0827821
0.057646
0.075477
0.102558
0.0948167
0.0644514
0.1369
0.137837
0.121416
0.124097
0.102202
0.0865509
0.112286
0.127754
0.0443527
0.0712954
0.0838869
0.0551417
0.111061
0.124672
0.107532
0.0950246
0.137798
0.124734
0.117664
0.132906
0.0717555
0.0644747
0.0952808
0.102781
0.130477
0.142605
0.150572
0.131953
0.163939
0.165333
0.163811
0.159674
0.149435
0.146548
0.158542
0.156571
0.123625
0.12866
0.147175
0.138281
0.137132
0.161582
0.151908
0.132732
0.166217
0.157431
0.158254
0.173024
0.143232
0.14703
0.149243
0.148836
0.13379
0.132714
0.152583
0.151881
0.130465
0.13194
0.150551
0.142566
0.123632
0.138256
0.147136
0.128645
0.149387
0.156486
0.158367
0.146465
0.164272
0.159612
0.163768
0.165274
0.0444814
0.0551662
0.0838826
0.0712667
0.0717426
0.102765
0.0952463
0.0643664
0.137751
0.132861
0.117616
0.124702
0.111038
0.0947537
0.107523
0.124662
0.0269418
0.0576064
0.082813
0.0488611
0.102203
0.127866
0.112409
0.0865742
0.136878
0.124116
0.121533
0.138052
0.0754962
0.0644692
0.0948714
0.102567
0.0896337
0.0909073
0.0935215
0.0948522
0.0897763
0.0907839
0.0920511
0.0902407
0.0928451
0.0957473
0.0938831
0.0918032
0.101569
0.0980675
0.0959666
0.0986508
0.0896081
0.0947893
0.093542
0.0908627
0.10189
0.0988894
0.0960732
0.0981642
0.0928953
0.091832
0.0939693
0.0958979
0.0897673
0.0902136
0.0920781
0.0907929
0.0185006
0.0182005
0.0436385
0.0454558
0.0174415
0.0408474
0.0420443
0.0177942
0.0826251
0.0856025
0.0641873
0.0621253
0.0918446
0.06966
0.0666753
0.0887181
0.018725
0.0461327
0.0435747
0.0181817
0.091582
0.088472
0.0665347
0.0696012
0.0825718
0.0620872
0.0640732
0.0854427
0.0174352
0.0177742
0.0419766
0.0408249
0.232124
0.250101
0.499936
0.542465
0.159384
0.215477
0.374114
0.238924
0.260394
0.423238
0.406621
0.241795
0.616528
0.613202
0.547454
0.564285
0.0864765
0.114724
0.134669
0.115579
0.139016
0.156113
0.145712
0.130539
0.179772
0.172541
0.160058
0.168944
0.147838
0.135361
0.151666
0.16529
0.0864558
0.11556
0.134672
0.114626
0.147854
0.165297
0.151659
0.135359
0.179772
0.168944
0.160057
0.172541
0.139011
0.130533
0.145716
0.156112
0.232121
0.542297
0.49998
0.250117
0.616525
0.564496
0.547476
0.613204
0.260394
0.241798
0.40664
0.423409
0.159398
0.238961
0.374128
0.215535
0.0635475
0.102594
0.11656
0.080152
0.134181
0.146748
0.135864
0.122597
0.178836
0.169416
0.152484
0.162621
0.117766
0.0992904
0.133691
0.151136
0.0635434
0.080152
0.116556
0.102589
0.117762
0.15107
0.133578
0.099276
0.178838
0.162635
0.152482
0.169413
0.134179
0.122592
0.135862
0.146747
0.0381984
0.0633992
0.0675898
0.0399756
0.0971876
0.0884395
0.0914448
0.0865318
0.11016
0.109792
0.0833319
0.0876108
0.0707933
0.0365051
0.0657367
0.0981546
0.0382932
0.0401819
0.0675946
0.0633986
0.0707087
0.0981238
0.0657182
0.0364538
0.11016
0.0876119
0.083339
0.109989
0.097141
0.0865348
0.0914558
0.0884429
