-0.729496
0.215
-2.135
-0.701536
0.345
2.245
-0.785
0.783258
-2.055
-0.703428
0.995
2.135
0.729541
0.215
-2.135
0.701551
0.345
2.245
0.785
0.783239
-2.055
0.703429
0.995
2.135
0.0879133
0.127692
0.111911
0.0883031
0.0879221
0.128226
0.112456
0.0884277
0
0
0
0
0
0
0
0
0
0
0
0
0
0
0
0
0
0
0
0
0
0
0
0
0
0
0
0
0
0
0
0
0
0
0
0
0
0
0
0
0
0
0
0
0
0
0
0
0
0
0
0
0
0
0
0
0
0
0
0
0
0
0
0
0
0
0
0
0
0
0
0
0
0
0
0
0
0
0
0
0
0
0
0
0
0
0
0
0
0
0
0
0
0
0
0
0.0308505
0.0558799
0.0395307
0.0709416
0.0550731
0.0443161
0.115046
0.0485794
0.0906368
0.0545019
0.0316992
0.0389814
0.0710532
0.0444597
0.0479603
0.0530497
-0.00496791
0.0854102
0.0237066
0.0895152
0.0308538
0.00331477
0.344155
0.449455
-0.00509087
0.0855841
0.0897036
0.00302986
0.095129
0.0937087
0.0338927
0.121971
0.309094
0.0841616
0.0839751
0.0242199
0.46416
0.145644
0.145523
0.0556058
0.239238
0.200416
0.00962382
0.0241915
0.0245305
0.0242408
0.0229313
0.0345182
0.00272245
0.0131829
0.0318898
-0.0082736
0.0255619
0.00725727
0.025281
0.00947231
0.024724
0.0229088
0.0242561
0.0342505
0.0139777
0.00235779
0.0323686
0.0257895
-0.00860314
0.00823931
0.000290114
2.99733e-05
0.0235787
0.0117082
-0.00654674
-0.00736215
0.02253
0.0163386
0.00446955
0.0154768
-0.000141957
0.126653
0.0212393
0.0434324
9.14108e-05
0.176179
0.000813398
0.0117039
2.76764e-05
0.023904
-0.00722844
0.0161284
-0.00744487
0.0224304
0.00410984
0.126439
0.0147165
0.000263751
0.0217283
0.176802
0.043093
0.000126742
0.0368214
0.0686055
0.00241221
0.103589
0.0310772
0.0029664
0.0380239
0.0471815
0.00462415
0.0490735
0.0371944
0.0121866
0.0432292
0.0852696
0.0305237
0.0219723
-0.0516213
0.00084602
0.0497799
0.0654284
0.0371234
0.0682326
0.0318959
0.00315903
0.0374532
0.0471046
0.036694
0.0120414
0.0304099
0.0223624
0.0505442
0.0657887
0.0278234
0.0148179
-0.00413315
-0.00484093
-7.36284e-05
-0.00324703
-0.00168138
0.000346421
-6.05148e-05
0.00447408
0.0299975
0.217945
-0.0612077
0.0453968
-0.00579783
0.00997018
0.0282857
0.0147575
-0.00383086
-0.00528777
-0.00150046
4.95165e-05
0.0297942
0.217918
0.061073
0.0473789
0.0184573
0.057364
0.0613425
0.0576726
0.017323
0.0476406
0.0137572
0.0138538
0.00743065
0.00733513
0.0370493
-0.00769312
-0.00625243
0.0379023
0.112773
0.07861
0.0783897
0.112534
0.0256784
0.024787
0.0366939
0.0229561
0.0261296
0.0222158
0.0357719
0.0248943
0.0102144
0.0101776
0.0154408
0.0155758
0.231275
0.209632
0.209714
0.231211
0.0334262
0.0642609
0.0657635
0.0523293
0.0328373
0.0528114
0.065413
0.0638771
0.0183279
0.018161
0.0209232
0.0209959
0.142742
-0.000473853
-0.000280934
0.143105
0.0913552
0.0913599
0.0318149
0.031802
-0.00885945
0.0105031
0.0251067
0.0140088
0.0670102
0.00934499
0.00522271
0.00974631
0.0152224
0.0017164
0.0135296
0.00212613
0.0103469
-0.00908394
0.0260977
0.0748458
0.0138913
0.00930697
0.0094434
0.00525808
0.0158594
0.0134179
0.00189759
0.00216055
-0.00191121
1.43274e-05
0.0183626
0.0117643
-0.00965702
-0.00777308
0.00337513
0.0161809
0.00197222
0.012395
-0.000109097
0.0695844
0.00221813
0.0211905
0.000384134
0.0709831
-0.0020169
0.011759
2.71669e-06
0.0182117
-0.0096261
0.0159713
-0.00820218
0.00329287
0.0019426
0.0694531
0.0122715
6.05658e-05
0.00203478
0.0706311
0.01989
0.00042489
0.00386124
0.00147461
0.0311767
0.0393092
0.00239717
0.00080134
0.00228323
0.0342292
-0.000817892
0.00150618
0.0280282
0.0029527
0.00244078
-0.00248181
0.0131395
0.0254746
0.000762449
0.00078005
-0.00296682
0.0695585
0.00521808
0.00157313
0.0240711
0.0015551
0.0184784
0.018209
0.0268311
0.103826
0.00391472
0.000266361
0.0159948
0.0137638
0.0039154
0.0038404
0.00221615
0.0207815
0.00252077
0.00367717
0.0204587
0.0509323
0.00358243
0.000824236
0.0306862
0.0389274
-0.000982924
0.000880857
0.028293
0.00314546
0.00239155
-0.00232596
0.0134947
0.0254744
0.00555
0.00157747
0.0240826
0.00141248
0.00392419
-0.000277366
0.017659
0.0136355
0.00307409
0.00412365
0.0186538
0.0521262
8.17817e-06
0.00102512
0.0153996
0.0146056
-0.00292409
-0.00334447
0.000590476
-0.000140094
0.000691069
0.000690913
-5.39851e-05
0.00318961
0.00368555
0.00565534
-0.000326015
-0.00180619
0.000906101
0.000906834
0.000365097
0.00216426
0.000383548
0.00138095
0.0189098
0.0402771
0.0136029
0.0133594
0.00521978
0.0251177
-0.00854488
-0.00888954
-0.0130181
-0.00674899
3.40334e-05
0.000996452
0.015129
0.0145462
-0.00357872
-0.00323274
0.00054775
-0.000102562
0.00360294
0.00556206
-0.000460962
-0.00212636
0.000139579
0.00130076
0.018933
0.0401996
0.00103456
-0.000358681
0.000178133
0.003915
0.0013592
0.000241602
-0.00153253
0.00470148
2.61198e-06
1.6793e-06
1.24855e-06
-1.47661e-05
0.00450171
0.0076839
0.00752118
-0.0594496
0.00966442
0.0137463
-0.0337462
0.00964247
0.00289642
-0.00243334
-0.00129456
0.0023993
0.00248252
0.000613265
-0.00130348
0.00248174
0.00021083
-6.01577e-05
-5.59574e-05
0.000211476
0.00906478
0.00290044
0.00198642
0.00905622
0.00779809
-0.001023
0.00209411
0.00229054
0.00782095
-0.000793268
0.00184611
0.00229107
0.00382365
-1.77207e-06
-1.35401e-06
-5.8011e-06
-0.0137781
0.00874047
0.0087569
0.00591772
0.00557292
-0.0359719
-0.0266613
0.00556682
0.0362629
-0.0330005
0.00361215
0.00265596
0.0281928
0.00386298
0.0130163
0.0243197
-0.000662481
0.0492115
0.0130175
0.00650246
0.0337061
0.0274622
0.0092548
0.0963401
0.0264597
0.0103599
0.0267745
0.0141295
0.00125427
0.0161254
0.0248361
0.0136783
0.00322694
0.00213274
0.0360695
-0.0320396
0.0282208
0.00389128
-0.000653318
0.0491537
0.0123628
0.0243147
0.0127858
0.00652466
0.00900037
0.096102
0.0331935
0.0274111
0.0259723
0.00959758
0.00121038
0.0160223
0.0271615
0.014179
0.024959
0.0128396
0.050765
0.00725794
0.0166173
0.0119164
-0.0114705
-1.22289e-07
0.000636071
0.00238465
0.0265705
0.00543652
0.0124915
0.0183045
-0.000858454
0.0162296
0.000463609
0.00261798
0.00966823
-0.0129739
-0.00095771
0.000137774
0.0156445
0.0392633
0.0035078
0.0146925
0.0179075
0.118791
-0.000697951
-0.00257298
0.0210517
0.0495891
0.00446158
0.0150174
0.0506743
0.00716872
0.000636083
0.00238777
0.0164768
0.0118861
-0.0112558
-1.87505e-06
0.0269124
0.00551202
0.000464168
0.00261862
0.0120402
0.018203
-0.00119404
0.0161992
0.00959232
-0.0123622
0.00305155
0.0139188
-0.000234038
9.54929e-05
0.0155023
0.0389575
0.0181982
0.119237
0.00411728
0.0146797
-0.00090521
-0.000155341
0.0210191
0.0494063
-0.000191412
-0.000812182
0.0110139
-0.0543731
1.79925e-06
1.32059e-06
0.0104109
0.0103812
0.00171458
-0.00640624
2.74787e-06
-1.45436e-05
0.00315732
0.00537859
0.00231572
-0.028619
-2.39033e-06
-3.30021e-06
-0.00214857
-0.0015325
-0.00167706
0.0101061
-5.82443e-06
0.00387622
0.0185964
0.0183299
-0.0257461
-0.0257214
-0.000568179
-0.00293283
0.00325157
-0.00278585
0.00295294
0.00287799
0.00580874
0.00581412
0.00547942
0.00327256
0.0077086
-0.0233595
-0.000250787
-0.000839648
-0.0542829
0.0111955
0.0016986
-0.00642404
2.66324e-06
-1.4923e-05
0.00591254
0.00352863
0.0023365
-0.0286711
-0.00162678
0.0105113
-5.73901e-06
0.00387639
-0.00252844
0.000738059
-0.003008
0.00323488
0.00268891
0.00434462
-0.0234078
0.00720692
-4.44232e-05
0.000682404
7.97567e-05
0.000225927
-0.00188425
0.00212573
0.00276232
0.00195769
9.58527e-07
1.45164e-06
0.000251017
0.000253138
0.00406625
0.00452251
0.00287505
0.00269282
0.000651469
0.000650619
-8.35411e-07
-6.65532e-07
4.31409e-05
-1.83162e-05
0.00438029
0.00202043
0.0102794
0.00966502
0.00995257
0.0101418
0.00847215
0.0082942
0.00709247
0.0070836
-7.14599e-06
0.000592711
8.09738e-05
0.000226517
0.00265027
-0.00179745
0.00199954
0.00240207
0.00490117
0.00405409
0.00312443
0.0035667
-1.23691e-05
0.00035152
0.00236068
0.00429866
0.0539372
0.030464
0.000732997
0.0327816
0.0136802
-0.00741396
-0.000624415
0.0281218
0.0131712
0.010643
0.00235864
-0.00116254
0.0329057
0.0338618
-0.000376883
0.0217092
0.0519833
0.0323762
0.000984499
0.0306352
0.0335476
0.0219119
0.000158666
0.0332803
0.0135531
-0.000634454
0.00341127
0.0109883
0.0136369
0.0281714
-0.000175896
-0.00743771
0.0147439
0.00294901
4.41416e-06
0.00341045
0.0145654
0.00352085
3.92329e-06
0.00275664
0.0105737
0.000291976
-1.37197e-05
0.00514215
0.0106393
0.00509099
-1.31309e-05
0.000292276
0.0199234
0.0141697
0.0170465
0.0410861
0.0293168
0.0171403
-0.0284852
0.0106252
0.0294625
0.01036
-0.0286986
0.0168377
0.0194625
0.0407797
0.0169782
0.0137846
-0.0210696
0.0451889
0.0229106
0.0275271
0.0632591
0.112601
-0.0659781
0.0109219
0.0637436
0.0103465
-0.0659453
0.112459
-0.0211887
0.0273811
0.0229452
0.0450195
0.017491
0.0158128
0.00294443
-8.08981e-05
0.00605421
0.00348068
0.00343565
0.0159386
0.0203385
0.0211487
0.0032697
0.00514605
0.0140584
-0.000556579
0.00215639
0.0172665
0.0173859
-0.00086188
0.00224199
0.0155559
0.0139151
0.0172074
0.00245662
-0.000307965
0.0203289
0.00521194
0.00348452
0.021217
0.00570917
0.0157639
0.00336561
0.00331108
0.0147693
0.00366033
0.000230661
0.0132607
0.0147546
0.0132157
0.000232054
0.00366151
0.0170806
0.000775641
0.000496838
0.0163809
0.0172366
0.0164606
0.000495772
0.000774629
0.0726612
0.0398392
0.0126254
0.0367323
0.0606986
0.00361589
0.0107447
0.0555935
0.0604068
0.0551363
0.0106953
0.00331489
0.0709628
0.0365959
0.0126392
0.0395356
0.0265669
0.0253811
0.000289152
0.00722147
0.0272103
0.0162915
0.0114275
0.0306978
0.0379416
0.0244159
0.0135583
0.0254473
0.0239187
0.00462451
0.001788
0.0211896
0.0266953
0.00704282
0.000514293
0.0255132
0.0241826
0.0223465
0.00169953
0.0053645
0.0378386
0.0252293
0.0138658
0.023986
0.0273607
0.0307479
0.0118034
0.0161856
-0.0122062
0.00239051
-7.13871e-06
6.11393e-05
-0.012227
2.34238e-05
-6.77327e-06
0.00239099
0.013742
-0.00181091
0.00384846
0.0114367
0.0137264
0.0114978
0.00384783
-0.00181595
0.0822312
0.100679
0.0147743
0.0104608
0.0116055
0.00443373
-0.00912576
-0.00164147
0.0115641
-0.00122743
-0.00906525
0.00441094
0.0826721
0.0102653
0.014809
0.100968
0.0569499
0.0644642
-0.0173899
0.0260738
0.0569303
0.0261424
-0.0183602
0.0645239
0.0228473
0.0238532
-0.0217476
0.00650803
0.0228022
0.00641623
-0.0217508
0.0239001
-0.00402382
0.00821617
0.00652797
0.00372496
-0.00974976
0.00738581
0.00128275
0.00738006
0.00857205
0.00351475
0.00675004
0.00120148
0.0071414
-0.00585843
0.00594119
-0.0144788
0.00368167
0.00753454
0.0072751
0.00120336
0.00837543
0.00676764
0.00339095
0.00145284
-0.000486295
2.18826e-06
0.0053586
0.0117687
0.0207607
0.00107239
0.00462875
0.016229
-8.29526e-05
0.00586746
0.000113809
-0.00099125
-0.00412888
0.00944204
-0.000562756
-0.00535864
-0.000513823
0.011765
6.68705e-06
0.00537742
0.0174856
0.016021
-0.000573977
0.00415657
-1.68227e-05
-0.00160264
0.00621321
7.22253e-05
-0.00403772
-0.0051411
0.0106852
-0.00046513
0.00257881
0.000988593
0.0129245
0.028542
4.51447e-08
1.8145e-06
0.00203472
0.132178
0.00150828
0.00183646
0.0553926
0.00295438
-0.00021104
0.0116581
0.00713891
0.0147889
-2.21605e-06
2.19938e-05
-0.000495828
0.049862
0.00394817
0.00105319
0.020971
0.00527727
-0.00348388
-0.00274393
-0.0186615
0.0349937
0.000407495
-0.000123082
0.00413958
0.0159597
9.32183e-05
0.000117732
0.000680372
0.0380436
0.00123756
0.000834173
0.0138516
0.0239002
0.00174309
0.000686884
0.0125522
0.027567
0.00148543
0.00205659
0.0564658
0.003147
-0.000118272
0.0117432
0.00676477
0.0148853
0.00317765
0.000930473
0.0205767
0.00513622
0.000532377
0.000169963
0.00415811
0.0160498
0.0012902
0.00177334
0.0122245
0.0240608
5.51267e-06
7.29213e-05
0.00589291
0.0146146
-0.00481006
-0.0049477
0.00118947
0.000261945
1.46781e-08
-3.33239e-08
-4.82136e-05
-1.33626e-08
0.000606323
0.000555856
-0.000323007
0.00161491
0.000224833
0.000226316
0.000222813
0.00290946
1.90588e-05
-2.33713e-05
0.0109239
-0.0116707
0.000562189
0.000694302
0.00144244
0.00397759
-0.0154138
-0.0155024
-0.0150315
-0.0169125
6.02834e-06
6.68448e-05
0.0058327
0.0145555
-0.00480044
-0.00481579
0.000988569
3.41628e-05
0.00092113
0.000880198
-0.000561909
0.00161979
-1.53109e-05
-1.73318e-05
0.011508
-0.0116927
-0.00082977
0.00122123
0.00214074
0.000867035
-0.000302189
0.00149859
0.00213691
0.00148853
-3.72334e-07
4.32905e-08
-3.19956e-08
9.44277e-06
0.000600913
-0.000204174
0.000359101
0.0113471
0.000509104
0.00882814
-0.0363558
0.000172266
-0.000285737
0.00281927
-0.000284764
-0.000172618
3.16101e-06
0.00134752
-0.000316912
-0.000177407
-5.99699e-05
-5.99491e-05
-5.98006e-05
-5.99329e-05
0.00109188
0.000207853
0.000178452
0.00109668
0.00415228
-0.00206507
-0.00298164
5.24591e-05
0.00427064
-0.00208931
-0.00256885
6.68829e-05
-4.15663e-05
-9.08083e-08
-1.03495e-08
-0.000736257
0.00251223
0.000173161
3.69004e-05
0.000595117
0.00178451
-0.0296794
-0.0371646
0.00178395
0.00391989
0.000201587
0.0113579
-0.0352796
-0.0031787
0.000457468
0.00336915
0.0963724
0.000223518
0.000275184
0.0603371
0.00383343
0.00259595
0.000377153
0.00952095
0.016378
-0.0273534
0.000517885
-0.000701774
0.0423536
-7.80854e-05
0.0165683
0.0116814
0.00655402
0.000955533
-0.00784759
0.0109346
0.00699633
-0.0104446
-0.000563738
0.00285749
0.0245005
0.002137
0.00160061
0.00482465
0.017214
8.1288e-05
-0.00535252
0.0252587
0.00664701
0.000600227
0.0006842
0.000277233
0.0278056
0.000394623
0.000968856
0.0167017
0.00641738
-0.00392259
0.000833583
0.00298254
0.0959501
0.00388691
0.000282795
0.0115449
-0.0359501
-0.000722032
0.000532046
0.0605342
0.00386132
-0.0311437
0.000507245
-0.000692855
0.0424679
0.00251655
0.000367012
0.00872635
0.0162212
0.000578473
0.0115966
0.0117793
0.00657587
-0.0106353
-0.00101551
0.00239073
0.023203
0.00102275
-0.00789717
0.0098707
0.00706962
0.00192922
0.00142445
0.00476959
0.0170212
0.000802939
0.000745518
0.000257862
0.0278284
0.000331233
-0.005058
0.0254421
0.00675744
0.000465791
0.000944298
0.0163663
0.00710829
-0.00200138
0.00316103
-0.0109039
0.00725939
-6.16568e-06
8.99659e-06
0.00572961
0.0118257
-0.00377869
9.23755e-05
0.000341312
-3.16613e-06
-0.000614429
0.000690197
0.000641833
-0.000293423
0.00297297
-0.00123743
0.0166072
0.00273397
-0.00031617
-1.00706e-05
0.00558579
0.0183323
-0.00468733
0.00207016
-0.000141042
0.00806113
0.000596821
0.000684537
0.000291724
0.00336567
0.000621358
2.06579e-05
0.00365227
0.0337468
0.0019296
0.00113796
-1.79679e-05
5.03936e-05
-0.000106056
4.40101e-05
0.00781369
-0.0169876
0.00423957
0.00113926
0.00304943
-0.000220144
0.00247429
0.00151602
0.0110153
0.0129526
0.00312463
5.65585e-05
-0.000744931
0.000768485
0.000220869
4.44076e-05
0.0136646
-0.0079771
0.0478029
0.0023587
0.0014835
7.30218e-05
-0.00209049
0.00290219
0.00734854
0.00716989
-0.00061358
0.000690498
0.000641833
-0.000293309
-7.3218e-06
3.91301e-06
0.00574039
0.0117939
-0.00397607
0.00104601
0.000141052
-7.46934e-06
0.00226779
-0.001118
0.0166188
0.00281471
0.000596803
0.000683445
0.000292799
0.00336553
-0.000173901
1.04847e-05
0.00573706
0.0182314
-0.00493698
0.00179253
2.27226e-05
0.00812321
0.000703254
0.000484913
0.00433519
0.034109
0.00425341
0.00138767
0.00298457
0.00088729
0.00198298
0.00106235
-6.01035e-06
6.71445e-05
-8.92759e-06
2.71834e-05
0.00891809
-0.0175263
0.00245252
0.00172689
0.0111935
0.0122328
0.0475271
0.00199707
0.00136323
0.000123388
0.0038376
0.000102061
-0.000689104
-0.000123672
0.000233952
7.96623e-05
0.0138273
-0.00768076
0.00459703
0.00141053
-6.55821e-05
0.000390284
0.00265332
6.32976e-05
0.00729732
-0.0201882
6.02408e-05
4.13012e-06
4.98684e-08
-4.68377e-08
-0.0199583
0.00216582
0.000534057
0.000505126
0.000111388
-0.000948167
-0.000305849
0.00389414
-7.7316e-07
4.27017e-07
-3.44698e-07
9.40555e-06
0.00123678
0.00606503
0.000933129
0.00186573
0.00199289
0.00187663
-0.000119878
-0.0348289
0.00171432
-0.00447701
4.67019e-08
-1.23393e-07
0.0190911
-0.00647956
-0.00219908
-0.00241759
0.00265536
0.00278212
-0.000786063
0.00446767
-0.000521975
-4.50568e-07
-0.000736165
-5.18429e-05
0.00186215
0.00138245
-0.000133242
0.000380488
0.00568387
0.00175068
-0.024001
-0.0240053
0.00215823
-0.000654486
0.00560244
-0.0037214
0.00170842
0.000871642
8.45029e-05
-0.00560394
1.70695e-05
-0.0185989
-0.000245271
-0.000284892
-0.000514153
0.00112638
0.000127937
0.000110591
0.000913598
0.00229529
0.00192351
0.00171979
0.000387536
0.00171132
0.000614477
0.000549012
0.00472815
0.00118135
1.2783e-05
0.000410118
0.00271932
0.000630099
-0.0249728
0.00730164
6.75752e-05
-0.00087424
-0.00030208
0.00392794
-8.17079e-07
6.14172e-07
-3.14466e-07
9.44983e-06
0.00146677
0.00637862
0.00214787
0.00110348
0.00199828
0.00177429
-5.76933e-05
-0.0347463
0.00263949
0.00292381
-0.000709712
0.00458115
-6.17006e-06
-6.6563e-07
-0.000736228
-5.20634e-05
0.00292544
-0.00128104
-0.00326938
0.00595037
0.00168916
0.000771312
-0.00586918
0.000540897
0.00124765
0.00223883
0.00175448
0.0025538
0.000114471
0.00124713
7.04943e-05
-0.000860922
-0.00290582
0.00148791
-4.61034e-05
0.000111028
5.6931e-05
0.000271255
-2.31076e-07
4.72243e-05
-0.00428479
0.00348111
-0.00115599
0.000881746
-0.000313661
-0.00115617
-0.000123956
-3.69047e-06
-5.67816e-06
1.47541e-05
-7.26386e-08
7.55284e-08
-0.00318788
-8.18593e-08
-4.97081e-08
-3.9729e-08
-2.43998e-06
5.64199e-05
0.00105445
0.000834871
0.00541624
-1.42807e-05
0.00170611
0.00210056
-0.000184513
-1.6347e-07
-0.000144022
-0.000143799
0.0010404
0.000714452
-4.72903e-08
-7.86691e-09
0.00274618
0.000779406
-4.1575e-05
7.30645e-06
0.0489109
0.00383974
8.74169e-05
-8.16211e-05
0.000226546
-0.00483475
0.000124944
0.000168157
0.00527762
0.00278728
0.00123186
0.00115804
-9.77838e-05
0.00180865
0.000896444
0.000940037
0.00173029
6.84401e-05
6.35356e-06
7.62156e-05
-0.00287821
0.00159774
-2.61185e-06
7.10885e-05
5.62328e-05
0.000271766
-2.41311e-07
4.69028e-05
-0.00413175
0.00361087
0.00102543
-0.0011637
-0.000407321
-0.00261623
0.000449398
0.000202752
3.49722e-05
8.75061e-05
0.00101729
0.00107237
0.00526262
-0.000460415
0.00170728
0.00154565
0.00282004
0.000695446
2.44862e-06
4.61625e-05
0.0488423
0.0038397
7.36842e-05
6.87481e-05
0.00444018
0.000180966
-0.00321252
0.00175843
-1.55874e-05
-0.0112115
0.0105654
-0.000324801
0.00125156
-0.00120809
-9.46313e-05
0.000692875
0.00221203
0.000987077
-0.00224135
0.000165871
0.00445584
0.000213652
-0.00316125
0.00175056
0.00240772
0.00085002
-0.00230222
0.000122357
0.00190422
0.000112329
-1.76657e-05
0.00130126
1.76766e-05
-0.0113024
0.0106053
-0.000338282
5.58716e-05
-1.31709e-06
1.54778e-08
4.13223e-06
5.61934e-05
-1.33663e-06
5.1471e-07
4.05956e-06
-7.05497e-07
-6.59917e-06
2.08687e-05
5.00167e-07
-6.53468e-07
-4.75587e-06
1.51712e-05
3.54442e-07
0.00197656
-0.00358399
-0.00911797
0.00074338
0.00917923
0.000638703
-0.0373465
0.00310542
0.0108558
-0.000150144
-0.0366219
0.00248042
0.00195095
-0.00324402
-0.00844288
0.000773357
0.014484
-0.0175767
0.00173098
0.00085178
0.013347
0.0203071
0.0166386
-0.00390556
0.0206531
0.0137641
-0.00390408
0.0166739
-0.0171986
0.0140506
0.000710076
0.00166403
-0.00322965
3.06502e-06
2.93435e-06
0.000603525
-0.00446184
-7.08196e-05
6.80641e-08
0.00191653
3.78052e-05
0.00251085
0.000659068
0.000173573
4.40308e-05
0.00252462
0.000951302
-2.81825e-06
-0.00338493
4.34812e-08
-8.37365e-07
0.00126438
-1.92684e-05
0.00275138
0.000959242
-1.3952e-05
2.40863e-05
0.00202653
8.18551e-05
1.35638e-05
-0.00450417
1.61266e-06
6.21735e-05
0.00168426
9.0277e-05
-0.00251562
8.02444e-05
0.000251174
-0.00251547
9.14455e-05
0.000253268
8.13893e-05
0.000172652
0.000330638
0.000510124
0.000172391
0.000330659
0.000172931
0.000172948
0.000510826
0.0466577
0.00777222
0.00238868
0.00429045
0.048567
-1.75749e-05
0.00214785
0.00318004
5.65817e-05
0.0486431
0.00304087
0.00200615
0.00813131
0.0464991
0.00433723
0.00243934
0.00224741
-0.00361976
-0.000248832
0.000431127
0.00100366
0.00523521
0.00129309
-0.00196238
0.000554832
0.00163573
0.00146671
0.00164627
0.000483395
-0.00027337
0.000684172
0.00175258
0.00236831
-0.0036331
-0.000360876
0.000477085
0.00160228
-0.00054101
-0.000212379
0.000954286
0.000699687
0.000828112
0.00133142
0.00208171
0.000976271
0.00547798
0.00142733
-0.00188152
-0.00932673
0.00104092
0.000714446
-2.22351e-07
-0.00913823
0.00103883
0.000714368
-3.1774e-07
0.00201068
2.5629e-06
-1.02855e-06
-0.00450359
0.00201064
2.57315e-06
1.67246e-07
-0.00450361
0.00140719
0.000285167
0.000993025
0.000698705
0.000160357
0.00111193
0.000972672
-0.0253361
0.000117366
0.000912339
0.00101107
-0.0240795
0.00063559
-0.000384121
0.0013304
0.000710061
0.00112532
0.00748181
0.000326863
0.0102686
0.00746676
0.00121087
0.0099772
0.00035435
0.000290138
0.00112347
0.000296076
0.00184893
0.000995855
0.000248981
0.00180285
0.000341698
0.0132341
-0.0217411
0.00892724
0.0721819
0.0284477
0.000647322
0.010106
0.0170389
-0.00134628
-0.00200121
0.00851509
0.0104038
0.00942388
0.0094555
0.00187285
0.0233095
0.00211574
0.0185346
0.0228253
0.00725738
-0.000285007
0.0180181
0.0184976
0.0042769
0.00880844
0.072468
0.014088
-0.0217768
0.0336661
0.000287411
-0.00418376
-0.00781409
0.00993201
0.0169699
0.00859592
0.0104281
0.0021368
0.0228331
0.00918598
0.00923072
0.00342671
0.0182975
-0.000478022
0.0180363
0.0231358
0.0072224
0.0176815
0.00459773
0.00493881
0.0124164
0.00554719
0.0132217
-2.22005e-06
1.06957e-05
-0.00034657
-0.000619584
0.00970609
0.00658753
0.00539571
0.0203506
-0.000224513
0.0253761
0.000482941
0.0228576
0.00505108
0.00935031
-2.37875e-05
2.90514e-05
0.00678107
-0.0225327
0.000754986
0.0123176
0.0100599
-0.0151624
-0.000804799
0.00135713
0.011761
-0.00699015
0.000183111
-0.00209888
0.00484533
0.0124034
-0.000345592
-0.000618904
0.00555826
0.0132099
-2.89003e-07
1.50683e-05
0.00828925
0.00648731
0.000485316
0.0228474
0.00524717
0.0207267
0.000173429
0.026864
0.00511631
0.00920288
0.000696697
0.0129466
-2.35375e-05
1.35987e-05
0.00750742
-0.0224339
0.00968442
-0.0153085
0.000171719
-0.00213134
-0.000138301
0.0014878
0.0118577
-0.00667687
0.0112499
0.0243408
0.0143131
0.00550227
-0.000562987
0.00161384
0.00660949
-0.0243689
0.00185334
0.117937
0.00222504
0.118354
1.11332e-07
-5.4926e-08
0.000346928
0.000437889
0.061555
0.0036905
0.0582876
0.00456723
-0.000224153
0.00452904
-3.12357e-07
9.34504e-06
0.00837085
0.0157212
0.0193507
0.00634908
0.000201882
0.00192327
-0.0001895
0.00699889
-0.00182052
0.0477945
-0.00189047
0.0461755
-3.6099e-07
-4.05721e-07
-5.66807e-05
0.000170404
0.0271251
0.00861254
0.0163806
0.00517041
-0.000246758
0.00263645
0.00197111
0.00047303
0.0128544
0.023455
0.0127769
0.0231314
0.000134849
0.000149142
0.00332144
0.00319902
0.0104975
0.0180122
0.00505966
0.0137212
-0.000798528
0.000241844
-0.000456203
0.000231948
0.000397383
0.0334371
0.0004898
0.033497
-7.13657e-05
-7.96696e-05
0.00049554
0.00048425
0.0151304
0.0279528
0.0107779
0.0132976
0.000278878
0.000826139
0.00451355
0.00166659
0.0112194
0.0241452
0.0146007
0.00554303
-0.000420172
-0.000188074
-0.0242844
0.00656568
0.0624147
0.00385041
0.0577143
0.00483951
-0.000206506
0.00459197
-4.03978e-07
9.4011e-06
0.00839813
0.0157377
0.0200546
0.00622558
0.00235546
-1.82853e-05
-0.000177241
0.00687859
0.0271116
0.0084328
0.0162055
0.0051291
-0.000301787
0.00261093
0.00196534
0.000464689
0.0106516
0.0181022
0.00280589
0.0136871
-0.000276163
6.48064e-05
0.000333116
-0.000443647
0.015436
0.0282484
0.0112712
0.0137636
0.000870323
0.00212959
0.00221487
0.00493671
0.00588687
0.0132168
0.00568114
0.0160707
-1.83246e-05
0.00056759
-9.71565e-05
5.60119e-05
-0.000197593
-2.46696e-08
2.88425e-05
0.00012632
-0.00244694
-0.00237173
-0.0023425
-0.0022819
-4.81788e-05
-1.33315e-08
-4.82293e-05
-1.33809e-08
-3.16697e-08
2.09611e-08
7.4785e-09
-3.29625e-08
-0.0001403
-0.00241043
2.32191e-05
-0.000986477
0.000888851
0.000431073
0.000757487
0.00284441
-0.000413716
0.0026835
-0.000413979
0.0026833
-0.000369632
-0.000369389
-2.82229e-08
5.37635e-09
0.00916702
-0.0145104
0.012716
-0.000290793
4.38474e-05
6.59522e-06
8.38102e-05
-0.0051209
0.0026503
0.00316155
0.00268095
0.00338783
3.63592e-05
0.000436253
0.00144492
0.00138638
0.00154158
-0.000358925
0.00159396
-0.000360587
0.000546652
0.000582166
0.000186995
0.000147677
0.00589758
0.013161
0.00551682
0.0160029
-2.14167e-05
0.000712973
-9.85914e-05
5.57285e-05
-0.000366056
-1.34602e-05
1.52674e-05
0.000111497
-0.00216705
-0.00262806
-0.00215512
-0.00218308
-7.10713e-05
-0.00233506
-4.81787e-05
6.24912e-05
0.000751712
0.00104162
0.000748669
0.00258566
0.0101915
-0.014655
0.0131556
-6.3e-05
7.75448e-06
0.000111323
-0.00491285
6.52269e-05
0.00175206
0.00259331
2.30588e-05
0.000680266
0.00154481
-0.0013708
-0.00155397
0.000757781
0.0020152
0.00275695
-5.35148e-06
0.000780616
2.9864e-05
0.00287934
0.000747593
-0.00163638
5.29671e-08
-3.13578e-08
-3.74605e-07
9.42942e-06
-3.66625e-07
9.45132e-06
-3.08449e-08
3.56537e-08
-0.000149317
0.000220013
0.000333144
0.0011815
0.00107921
0.000521476
0.00136983
0.0201886
0.00840155
-0.0412833
0.000504723
0.000499244
-0.0241757
-0.0241329
-0.0414858
0.00844252
3.93558e-08
0.000269009
0.000956085
0.00114061
0.00108882
0.00106446
4.83142e-05
-1.48247e-05
9.77323e-07
0.000244129
-9.10625e-05
-0.000305273
0.00102099
0.00128436
4.70411e-06
-1.83596e-05
-4.8693e-08
-0.000102311
-6.02534e-08
-3.65619e-08
-0.000102682
-0.000102509
-9.58592e-09
-0.000102574
0.000121244
0.00014253
0.00111948
0.0010962
0.00099881
0.00101093
0.000125942
0.000123487
-0.00226972
-0.00117089
-0.00058641
0.00372712
0.00147782
-0.000464323
-0.000887204
-0.00116052
-0.00116205
-0.00218284
-0.000609271
0.0038778
-0.000506686
0.00140033
-0.000891382
0.000103144
-1.21439e-08
-1.12448e-07
-0.000736234
-4.64804e-05
-0.000736261
-4.66517e-05
-7.03321e-08
-9.11384e-09
5.08637e-06
2.58926e-05
0.000158587
0.00177961
0.00194481
0.000192735
2.50692e-05
4.55472e-05
-0.0181337
-0.0370509
-0.00584267
-0.00544937
-0.000190298
-0.000201844
-0.0177853
-0.0370306
0.000989883
-0.00197943
-0.0135461
0.0323437
-1.69912e-06
1.45436e-07
0.0435698
-0.000376913
0.00193008
0.00129409
5.29305e-05
4.35732e-06
0.0031254
0.000481347
0.00680436
6.95007e-05
0.000228208
4.1045e-07
0.00190044
0.00131803
-2.00076e-05
0.00837348
0.00173421
-0.00273768
0.00214351
0.002283
0.00332273
-0.00482489
-0.0062896
-0.0120686
0.00138523
0.00440109
0.00302904
0.000132391
0.00133469
0.000272035
0.00197367
0.00113982
0.000332695
-0.0049096
0.00130362
0.000951503
0.00169119
0.00036377
0.000647138
0.00095478
2.47471e-05
-0.00141898
-1.1128e-06
4.8433e-07
0.0433934
-0.000465557
0.00223333
-0.00186326
-0.0139795
0.0318994
0.0028874
0.00119537
5.31889e-05
4.18753e-06
-0.000122782
-3.48667e-07
0.0018443
0.00118341
0.00359469
0.000505615
0.00638473
0.000127284
0.00109672
0.00862395
0.00173418
-0.00344795
-0.00596449
-0.0120816
0.00108784
0.00471719
0.00216662
0.00266173
0.00294401
-0.00467055
0.00264635
0.000300781
0.0014614
-6.70271e-05
0.00130298
0.00095208
0.00151521
0.000380684
0.00160581
0.00141607
0.000344276
-0.00477927
0.000602442
0.000405053
-0.000376101
-0.00111934
-0.0224424
0.00792484
0.00115452
1.54436e-05
-7.41782e-07
-1.71678e-06
-0.00285611
-0.000244379
-0.00339957
5.65968e-05
-0.00351099
0.000411795
0.00115862
3.14524e-07
-0.000403377
0.000998294
0.00314456
0.000685644
0.00969966
0.0112511
2.35813e-05
1.96004e-05
0.000343851
0.000201321
-0.00587777
0.0019995
0.012019
-0.00182825
0.000229269
0.000388446
-0.00603684
-1.11151e-07
-4.13675e-05
-6.99279e-05
-0.00384558
0.0197095
0.00149685
0.00125517
0.00220694
0.00103128
1.29576e-05
2.99608e-07
-0.00248904
2.64101e-05
0.00648412
0.00109689
0.0303105
0.00793803
-0.000203914
0.000715934
0.0174675
0.00231385
0.00282802
0.000692408
0.00326678
0.00187981
2.42069e-05
0.00026165
4.80058e-05
0.00577972
0.0501792
0.00260739
0.0397946
0.000369893
-0.022501
0.00666695
0.00115168
2.07176e-05
0.00115843
4.65907e-07
-0.000403606
0.000998503
8.78161e-06
-4.62184e-06
-0.00285743
-0.000246671
-0.00366685
0.000222113
-0.00370474
0.00113221
0.00280764
0.000672313
0.00901981
0.0112511
0.000229501
0.000387476
-0.00609701
-1.71867e-07
-4.41648e-05
-6.9643e-05
0.000343776
0.000200936
-0.00585736
0.00193476
0.011694
-0.00186516
0.000547056
-0.00264668
-0.00438587
0.0194236
0.00686452
0.00146123
0.0311568
0.00830559
0.0014905
0.00120313
0.00234389
0.00107282
-1.12875e-05
2.67161e-06
-0.00165513
1.47599e-05
-0.000291473
0.000596817
0.0174456
0.00224883
0.0503179
0.00251057
0.0396134
0.000338226
0.00209175
0.00014564
0.00198546
0.000622231
-2.38584e-05
1.93966e-05
3.58608e-05
0.00599715
0.00155023
0.00485204
0.00361877
0.00130506
0.00265298
0.000262376
0.000841322
0.0260477
5.83367e-05
4.17738e-06
4.10785e-06
5.80885e-05
0.00213523
-0.0204317
-0.0204373
0.00213627
-0.000486107
-0.00188143
-3.96954e-05
-0.000419169
2.21285e-07
-1.01735e-06
-7.0919e-07
3.88488e-07
0.000822248
0.00178856
0.00418942
0.000821318
0.0166034
0.00116359
-0.0055352
4.38424e-05
0.00186287
-0.00449051
-0.00449048
0.00186309
0.0167845
-0.00045403
-0.00322758
0.0166057
0.00354589
0.00294041
0.000330334
0.00192493
-3.34415e-07
-0.00245946
-0.000956098
-1.76999e-07
0.00171863
0.00202244
0.00200297
0.00174272
-0.0160097
0.0429443
0.0428799
-0.016049
0.00206519
-0.000788333
0.00124078
0.00301769
-0.000278521
-0.00506942
0.00193613
-0.00027242
3.53432e-05
-0.0196647
-0.019508
2.41569e-05
0.000145041
0.00162361
0.00158391
0.000156819
0.00172767
0.00417511
0.000923278
0.00170409
-0.0035747
0.00112425
0.00211424
0.00226478
0.00490375
0.00154501
0.00130093
0.00381422
0.0262839
0.000830574
0.000619844
0.00303054
-0.00181073
-0.000503789
-0.000434474
-6.23083e-05
-1.03295e-06
5.96531e-07
5.51759e-07
-7.49766e-07
0.0010633
0.00400579
0.00183904
0.00071936
0.00112981
0.0171296
0.00030702
-0.00542521
0.00295339
0.00366678
0.00197992
0.000247217
-0.00248477
-4.91813e-07
-7.30178e-07
0.000419249
0.00300788
0.00126292
-0.000740987
0.00177116
-0.000658695
0.00108475
-0.00278666
-0.000334645
0.00278616
0.00096665
0.00465422
0.00239709
0.00227774
0.00186674
0.00120774
-0.00327494
-0.00295979
0.000932029
0.00162855
-0.00339793
0.000225321
-8.19386e-05
8.45934e-05
0.000115999
-0.00411784
0.00840148
0.00046204
0.000801157
7.5899e-05
1.98673e-08
1.33293e-06
-4.33604e-06
-6.11091e-06
1.68377e-05
1.49262e-05
-5.23612e-06
-0.00318763
-6.50873e-08
-9.17693e-08
-0.00318767
-1.05736e-05
0.00018553
-9.65433e-05
6.31365e-06
-1.24445e-05
0.000690145
0.00121229
0.000394057
-0.000329407
-0.000246905
-0.000246309
-0.000328694
0.00104066
0.000714466
0.000714436
0.00103959
0.00239594
0.000636923
0.000921689
0.0027156
0.0455931
0.00390293
0.00367178
0.0436331
0.000200712
-0.0169653
-0.00535184
0.000359014
0.0027742
0.00544397
0.00545388
0.0027017
-2.04526e-05
0.00183498
0.00191424
-1.2299e-05
-2.46616e-05
0.00147601
0.00142994
-5.673e-06
0.00140781
-0.00300682
-0.00340787
0.00153538
-8.36624e-05
0.000226101
0.000115928
8.44398e-05
0.000957009
0.000596204
0.00840918
-0.00410948
-4.27117e-06
-1.14144e-07
9.20882e-06
-2.20578e-06
5.28771e-06
1.99141e-05
0.000164358
9.20943e-06
0.000685328
-2.31968e-05
0.000150108
-0.00248141
0.00287495
0.000812167
0.000485575
0.00236919
0.0436871
0.00348327
0.00392391
0.0456868
0.0234039
0.0637347
0.00484864
0.011778
0.058381
-0.000166744
0.00162934
0.06499
0.00135431
0.00241128
-0.000995844
-0.00129036
0.0123883
0.0114171
0.000410484
0.00130201
0.00524448
-0.00311677
-0.0198084
-0.00485799
-0.00354445
-0.00309543
-0.00744757
1.38426e-05
0.00310217
0.00287677
0.00951368
0.00521264
0.0690747
0.0462167
0.011688
0.00405109
0.00565351
0.00489884
0.000518121
0.00166785
0.0035434
0.00436558
0.000635976
0.00372636
0.00319033
0.00197145
0.00240391
0.00223113
-0.00359513
0.00122661
0.00217464
-0.000419042
0.0110048
0.012991
0.00481187
0.0063181
0.0139478
0.00176599
0.0013335
0.0131982
0.00114844
-0.00128343
0.00014355
0.00336544
0.00853749
0.010356
0.00301468
0.00270972
0.0239677
0.0122135
0.00533191
0.0643394
0.0120994
0.00136419
0.000474087
0.0114954
0.00181075
-0.00123055
-0.000936206
0.00262539
0.0593571
0.0655203
0.00162585
-0.000187335
0.0110956
0.00592476
0.00474411
0.012952
0.00860265
0.00269137
0.00309285
0.0103391
0.00226
0.00350443
-9.3044e-06
-0.000356603
0.0133231
0.0133968
0.00150239
0.00185168
0.0058337
0.00162524
0.00134557
0.00519772
-0.00349387
-0.00015362
0.002814
0.00119846
0.00416119
0.00245982
0.00205395
0.00210475
0.00348433
0.00391311
0.000232582
0.00525782
0.00520574
-0.00541977
-0.0199327
-0.00356688
0.0702865
0.00406063
0.011703
0.0459182
0.00340892
0.00527802
0.00953388
0.0029416
-0.00396753
0.000229025
-0.0075917
-0.0031435
0.00930267
0.00613169
5.25934e-05
0.00398092
0.00194409
5.93522e-05
5.70888e-05
0.00261089
-3.18098e-07
-2.13557e-08
4.29765e-06
4.19556e-06
0.00332467
0.00376305
2.96806e-06
-1.23569e-06
0.00891116
0.00382717
5.2877e-05
0.00587747
0.00350218
-1.24141e-06
2.82953e-06
0.00385955
-3.97464e-07
4.07737e-06
4.67e-06
2.44707e-07
0.00212984
0.00260418
5.75706e-05
5.91284e-05
0.0133269
0.00137872
0.000572012
0.00925294
-4.8254e-05
-5.92532e-06
-5.87389e-06
0.000297251
9.41556e-06
1.00366e-05
2.13405e-05
1.46419e-05
0.00400267
0.00602535
2.00635e-05
8.63594e-06
0.0133353
0.00930545
0.000574413
0.00137858
0.00377012
8.63173e-06
1.4628e-05
0.00592888
9.47573e-06
1.48722e-05
1.54192e-05
9.82657e-06
-4.81789e-05
0.000297109
-4.63904e-06
-5.43358e-06
0.0189629
0.0183553
-0.00317737
-0.00502926
0.0165313
0.00070225
-0.00173061
0.0168566
0.000492743
0.00137206
-0.00490105
-0.00201014
-0.0179522
-0.00311708
-0.00936194
0.00190588
0.00830199
0.00449391
0.00799925
-0.0068339
0.00240289
0.000342695
0.00272303
0.00434458
0.00651366
-0.00177254
-0.00500569
-0.0103144
0.0149289
0.018718
0.00117673
-0.000633861
0.00783365
-0.00765066
0.00772741
0.00641538
0.0150994
-0.000809154
-0.0106931
0.0191266
0.00644853
-0.0119573
-0.0235089
-0.00206692
0.00225576
0.00428863
0.0023791
0.000782898
0.018668
-0.00503935
-0.00282595
0.0178908
-0.0177459
0.00192215
-0.00955876
-0.00339616
0.000760314
0.000515851
-0.00350984
0.00168068
0.0165909
0.0165911
-0.00119704
0.000836213
0.038739
-0.0453203
0.0287301
0.0896674
0.0309538
0.0101535
0.0200123
0.0375137
0.00889598
0.00267351
0.00266298
0.00815008
0.125525
0.108032
-0.0190824
-0.0197184
0.0319252
0.00761126
0.014734
0.0110308
0.035539
-0.0280488
-0.0148575
0.0300394
-0.0603082
-0.0319088
0.0369419
0.0200523
-0.00591349
-0.000726618
0.0136109
-0.00824273
0.0319014
0.010793
0.0145621
0.00705965
-0.00673831
-0.00821448
0.0135773
-0.000516199
-0.0612725
0.0198336
0.0369045
-0.0320319
0.0352714
0.0294811
-0.0146551
-0.0280182
0.0388538
0.0897933
0.0283132
-0.046262
0.125748
-0.0196154
-0.0186454
0.108035
0.00919714
0.00835511
0.00261232
0.00266305
0.030642
0.0371797
0.0197488
0.00971594
0.00545303
0.00564882
-0.00337029
-0.00365088
0.00588532
-0.0029329
-0.00310244
0.00580361
0.000328136
0.000435925
0.000769436
0.00129103
-0.00351638
0.000373222
0.000506813
-0.00123349
0.0070902
-0.00537687
-0.0052112
0.00531002
0.000648729
0.000973358
0.00195953
0.00216967
0.00057826
0.00183803
0.00186818
0.0011781
0.00592589
0.00562255
-0.00391053
-0.00290155
0.0106779
0.0133309
0.00286022
0.00151398
0.011757
0.00262794
0.00245231
0.0130065
0.000534264
0.00100946
0.000648366
0.000677359
0.000440154
-2.20945e-05
0.000761598
0.000587126
0.00632839
0.00211263
0.00237205
0.00722639
-0.00342741
-0.00114345
0.000993562
0.00118204
0.000485714
0.000888685
0.000932843
0.000567157
0.0100501
0.00844376
0.00269133
0.00270375
0.00547452
-0.00384245
-0.00354325
0.00565
-0.00352253
-0.000861714
0.00119841
0.00102961
-5.78816e-05
0.00159617
0.00133878
0.000204688
0.00586514
0.00582295
-0.00319942
-0.00293497
0.00679835
0.00822204
0.00255967
0.00219003
0.0109514
0.00281367
0.00288385
0.0097063
-0.000241899
-5.12044e-05
0.000878014
0.000761395
-0.00337625
0.00119213
0.00101197
-0.000994598
0.0110581
0.0016325
0.00204908
0.0134812
0.000380577
0.00088269
0.000115045
-0.000258244
0.000439811
0.00065282
0.000188192
0.00115077
0.0121976
0.0131844
0.002029
0.00272322
0.00203544
0.00545204
-0.00521498
-0.00541725
0.00579978
-0.00286695
-0.00395992
0.00563173
0.000774475
0.00126547
0.00167917
0.00171661
0.00082816
0.0019898
0.00183016
0.00105947
0.0124947
-0.00050892
-0.00267014
0.00925773
-2.2694e-09
-0.0031878
-0.00256236
0.000844233
-3.00628e-05
0.000248145
0.000238197
-1.33268e-07
0.0139159
0.0125211
4.50841e-05
-1.29033e-05
0.0124869
0.00923273
-0.00267082
-0.000508577
0.013858
-1.41588e-05
4.55412e-05
0.0124773
-2.99953e-05
-1.23561e-07
0.000239591
0.000248798
-4.65149e-08
0.000844487
-0.00256147
-0.00318781
0.01819
0.000409391
0.000279784
0.0192976
-0.000300481
-0.000256971
0.000448652
0.000533041
-8.12017e-05
0.00019393
0.000416381
-0.000123535
0.0152793
0.0171168
0.000207
7.05842e-05
0.0182864
0.0193415
0.000280044
0.000408297
0.0153429
7.09988e-05
0.000207711
0.0172014
-8.11114e-05
-0.000123298
0.000417343
0.000193775
-0.000300414
0.000533554
0.000449696
-0.000256684
-0.0130331
-0.0195795
0.0506429
0.0162358
-0.0127805
0.0463481
0.047604
-0.0159554
0.00131936
0.00395175
0.00704784
0.00404194
0.00486872
0.00510047
0.0117625
0.0067007
-0.00613314
0.0503604
0.0495607
-0.00746397
-0.00608595
0.000794258
0.0028462
0.00377683
0.00119937
0.00395576
0.00530848
0.00278957
-0.0131336
0.00412646
0.0471155
0.0465176
-0.00587009
-0.00713553
0.0497301
0.0503609
-0.0130872
0.046587
0.0471879
0.00422002
0.00120505
0.00283185
0.00523754
0.00384802
-0.00607377
0.00362967
0.00269031
0.000812631
-0.0124012
0.0169038
0.0501757
-0.0198159
0.00496615
0.00670551
0.0119594
0.00544155
0.00130191
0.00405459
0.00704056
0.00390285
-0.0128372
-0.0162598
0.0475873
0.0464306
0.0308726
0.0185609
0.00273201
0.0256262
0.0183717
0.00376382
0.00269017
0.0164356
-0.00150311
0.000442273
0.00135358
0.00379519
0.000157467
-0.00457649
-0.00215224
0.00313249
0.0161809
0.0129263
0.00526584
0.0099537
0.00788718
0.00145679
0.0020377
0.00899116
0.000307251
0.00415611
0.00482751
0.0040874
0.0257939
0.0294171
0.0069974
0.00569109
0.0303781
0.0186718
0.0037115
0.0251005
0.0147834
0.00233987
0.00318604
0.0172748
0.000169396
0.00656037
0.0044132
0.00734531
0.0145725
0.0241667
0.00194028
0.00238
0.0041669
0.00210589
0.00214592
0.013891
0.00139454
0.00343266
0.00336857
0.000348788
-0.00200709
0.00167928
0.00139357
0.000803635
0.0148215
0.0124828
0.00192404
0.00406439
0.0283996
0.025456
0.00264973
0.0177966
0.000105582
0.00319454
-0.00210838
-0.00425569
-0.00151087
0.00383008
0.00141981
0.000437155
0.0180197
0.0163674
0.00276959
0.00385792
0.0047685
0.0141894
0.00244229
0.00189353
0.0128051
0.00452466
0.00310227
0.0124338
-0.000870416
0.000203181
0.00082441
0.0016907
0.00195951
0.000493783
0.00228126
0.00244324
0.0306024
0.0252387
0.00361904
0.0174033
0.0145689
0.00269983
0.00129148
0.024372
0.000285971
0.00767674
0.00328493
0.0068444
0.0145681
0.0165532
0.00312058
0.00281798
0.0161357
0.0108496
0.00538714
0.013138
0.025252
0.00588195
0.00626915
0.0292585
0.000341659
0.00427956
0.0045756
0.00417317
0.00754945
0.00826969
0.00224646
0.00149565
0.0382229
0.0105169
-0.00630134
0.00544636
0.00279641
0.00104052
0.00104058
0.00302435
-0.000736327
-0.000736601
0.000714182
0.000714402
0.00678541
0.00239852
-0.00392826
-0.00244332
0.0380322
0.00532297
-0.00634893
0.0105064
0.00668677
-0.0018361
-0.00348706
0.00236286
-0.000736269
0.000714436
0.000714008
-0.000736833
0.00279638
0.00302405
0.00103893
0.00103999
0.0038781
-0.0109288
0.00187464
0.0102787
-0.00116852
0.00178861
0.00193641
-0.0013179
-4.4227e-05
-5.00078e-05
-0.00449778
-0.00448364
0.00650937
0.0134328
-0.0040117
0.0001625
0.0054319
0.0102553
0.00187459
-0.00934488
0.00667888
0.000155023
-0.00401158
0.0146607
-4.4233e-05
-0.00448381
-0.00449704
-4.93058e-05
-0.00109306
-0.00132015
0.00193733
0.00178862
-0.00973905
0.00322533
0.0221218
0.0486986
0.021424
-0.00118124
0.000965788
0.0194538
0.000606466
-7.92413e-05
0.00120019
0.00174406
-0.00820122
0.000967737
0.00182902
0.0016478
0.00390567
0.000910741
0.00169235
0.00561839
0.000539977
-0.000179923
0.00115749
0.00121594
0.00223149
0.00275644
-0.0206478
-0.01924
0.0316758
0.0085414
-0.0113524
0.00139459
0.00441104
0.00599912
0.00131321
0.00106872
0.0320311
0.00118341
-0.0113002
0.0089403
0.00222017
-0.0192592
-0.0189009
0.00249729
0.00075733
0.00122913
0.00111293
-0.000316437
-0.00970263
0.0484287
0.0220846
0.00161374
-0.00831346
0.00163144
0.000642213
0.000728197
0.000341387
0.000659911
0.0014103
0.000197028
0.0222275
0.0197389
0.000738738
-0.00123731
0.014401
0.0229561
0.00825407
0.0221065
0.0491802
0.0179791
0.0133174
0.0467409
-0.0307559
0.00936163
0.0138392
-0.00875041
0.0153041
0.0165501
0.00123846
0.00146529
0.0124072
0.0221775
0.00821864
0.0207082
0.0153567
0.00144359
0.00145981
0.0163871
-0.0307038
-0.00868418
0.0140336
0.00970558
0.0468774
0.0468023
0.0130187
0.0181326
0.0176991
0.0246638
0.0010357
0.00666657
0.0367781
-7.38157e-05
0.000541869
0.0312725
-0.0375825
-0.0365939
0.00199396
0.00152404
0.0181113
0.000840085
-0.000383495
0.0105693
0.0175658
0.00663356
0.00154083
0.0239694
0.0180896
0.0105663
-0.000973706
0.000689398
-0.0375965
0.00150842
0.00206475
-0.0367065
0.0367666
0.0308973
0.000424585
-7.67537e-05
