-0.875
0.325
-2.69201
-0.705
0.345
2.51828
-0.85256
0.695
-2.645
-0.764317
0.665
2.455
0.875
0.325
-2.69201
0.705
0.345
2.51828
0.852566
0.695
-2.645
0.764311
0.665
2.455
0.00130009
0.0102664
-0.0555478
0.069979
0.0014188
0.0103063
-0.0555428
0.0699375
0.0110349
0.00364098
0.00545227
0.00923248
-0.00522821
-0.0164983
-0.0240719
0.00644227
-0.00684841
-0.00129005
0.020132
-0.00246675
-0.0142636
-0.0211283
-0.0047025
-0.0209984
-0.0325844
0.0539285
0.0126303
-0.00219033
-0.00795791
-0.0352535
-0.0421429
-0.0201304
0.0398722
0.0538082
0.0406123
0.0283427
0.0154173
0.00881706
0.00638097
0.00408178
-0.00611753
-0.0184061
-0.0266278
0.0124002
-0.0165599
-0.0241847
0.00452005
-0.00804793
-0.0118375
-0.0346561
-0.0444717
-0.0249354
0.043315
0.0564099
0.0403937
0.0272832
0.0154351
0.00884467
0.00646497
0.00412394
-0.00610472
-0.0183952
-0.0266152
0.0124102
-0.0165531
-0.0241744
0.00452597
-0.00804422
-0.0118299
-0.0346451
-0.0444622
-0.0249294
0.0433142
0.0564102
0.0403978
0.0272905
0.0110766
0.00370261
0.00557068
0.00930633
-0.00519391
-0.0164717
-0.0240448
0.00647174
-0.00681014
-0.00117282
0.0201933
-0.00244181
-0.0142436
-0.0211054
-0.00468338
-0.0209835
-0.0325479
0.053926
0.012638
-0.00217832
-0.00794058
-0.0352292
-0.0421211
-0.0201141
0.0398777
0.0538136
0.0406232
0.0283588
-0.0241366
0.0513566
0.043723
-0.0151509
0.102106
0.0808858
0.0720715
0.0301275
0.129186
0.0966484
-0.0241421
0.0437241
-0.0152179
0.0808112
0.030122
0.0966496
0.0467938
0.0108377
0.0913639
0.0816574
0.100397
0.0695781
0.427491
0.530532
0.0498072
0.0106733
0.0816851
0.0702734
0.0202651
0.0194522
0.0882174
0.102665
0.0743105
-0.0861413
-0.0859775
0.0958891
0.529347
0.0965759
0.0966177
0.0867746
0.214272
0.231523
-0.0344317
0.0341776
0.0518348
-0.0516931
0.10096
0.0247553
-0.0122967
-0.0950664
0.0192934
0.0142702
0.0812288
0.081292
0.0328188
-0.0347808
0.00646447
0.100954
-0.0516249
0.024808
-0.09507
-0.0123102
0.0190018
0.0812805
0.0141894
0.0813045
0.00785933
0.0447739
0.00881301
0.0950627
0.0484194
0.00924119
0.0477336
0.104054
0.0304581
0.00853591
0.0605735
0.440654
0.0913827
0.0912127
0.0233866
0.492317
0.0077205
0.0950748
0.0485247
0.00884448
0.0569195
0.104058
0.0093948
0.0477204
0.0304813
0.440661
0.00852386
0.0609454
0.0913806
0.492309
0.0912083
0.0233728
0.0361396
0.0174871
0.0940448
0.0709525
0.0324366
0.0945202
0.0823134
0.191819
0.0938435
0.295121
0.12658
0.09786
0.10317
0.09644
0.0216377
0.11113
0.196625
0.257627
0.105832
0.221556
0.0052872
0.0174644
0.0305106
0.0945203
0.0823007
0.191814
0.126578
0.0978996
0.0215849
0.111249
0.105835
0.221555
-0.0842385
0.103835
0.0175371
-0.0956352
0.089651
0.093639
0.0638389
0.0918042
0.0981412
0.101109
-0.0922954
0.534856
0.111428
0.511705
0.539895
0.404775
-0.0839228
0.104148
0.0175618
-0.0956118
0.0638302
0.0918101
-0.0922228
0.534887
0.0399419
0.0144783
0.0233726
0.0176638
0.00806139
0.00895576
0.0233771
0.0144873
0.0934515
0.093383
0.0928066
0.0927978
0.00460331
0.115657
0.115771
0.00464241
0.0506279
-0.0608019
-0.0608024
0.0486806
-0.0827388
0.0419085
0.0766374
-0.106198
-0.0825699
-0.106146
0.0766562
0.0419788
0.0994656
0.0996278
0.104104
0.103945
0.519209
0.541119
0.541138
0.519227
0.109146
0.0550007
0.108092
0.0985792
0.109267
0.0981148
0.108091
0.0549394
0.106654
0.106651
0.0916809
0.0916868
0.36464
0.19565
0.19565
0.364785
0.249265
0.249283
0.209373
0.209354
-0.00687826
0.0498543
0.0149175
0.0175568
0.022666
0.0317311
-0.00639664
0.0334914
0.0153035
0.0168915
0.020346
0.0605754
0.023582
-0.00780383
0.0150414
0.023731
0.0175023
0.0317793
0.0333928
-0.00640305
0.0153221
0.0203791
0.0168561
0.0606241
0.0114044
-0.0437484
0.00771591
0.0968586
0.0104145
0.0096865
0.0293018
0.105678
0.00545098
-0.0164221
0.0559372
0.246559
0.082944
0.0894938
0.0506821
0.278379
0.0113991
0.096471
-0.0436075
0.00776343
0.0105116
0.105685
0.00983065
0.029328
0.00548958
0.246566
-0.0163978
0.0558487
0.0829201
0.278397
0.0894885
0.0506313
-0.0301445
-0.0182433
-0.000920154
0.0201136
0.041954
0.0423479
0.0967545
0.113487
0.0500933
0.00663588
0.0387461
0.0976701
-0.0332956
0.00127222
0.0835959
0.11215
0.101844
0.101836
0.0991563
0.206951
0.0177591
0.0699548
0.125669
0.102563
0.0601311
0.0601786
0.103223
0.102845
0.0249602
0.0353477
0.0258916
0.0899022
0.118487
0.118548
0.163464
0.214464
0.0925243
0.0958535
0.108581
0.220843
-0.0301488
-0.0182481
0.000231069
0.0201258
0.0161177
0.00630554
0.0372118
0.0970635
-0.0332839
0.00127628
0.0836372
0.112122
0.0178509
0.0698938
0.124043
0.102579
0.0248401
0.035343
0.0258662
0.0898994
0.0925181
0.0958615
0.108584
0.220842
0.0462551
0.0482102
-0.0818296
0.107656
0.0101234
0.0134978
0.0178115
-0.0325914
0.0939331
0.0939393
0.0905055
0.0925022
0.0661835
0.0919219
0.0726967
0.0799104
0.102964
0.102966
0.0992676
0.100817
0.0650907
0.073782
-0.094496
0.258949
0.440947
0.440948
0.193589
0.487472
0.528847
0.528848
0.542617
0.479959
0.0485547
0.0508758
-0.0812977
0.108135
0.00990799
0.0134962
0.0178202
-0.0325607
0.0661755
0.0919188
0.0727479
0.0799203
0.0660183
0.073874
-0.0943922
0.258811
0.0334422
0.0261219
0.0129149
0.010968
0.0113977
0.0244548
0.0121609
0.0109402
0.0911083
0.0913689
0.091369
0.0887912
0.102971
0.106923
0.106983
0.107103
0.0564001
0.072683
0.0852787
0.0564054
-0.083342
-0.0928907
-0.0786908
-0.0894742
-0.0831927
-0.0927713
-0.0783298
-0.0894025
0.100604
0.0947621
0.0970148
0.100761
0.546338
0.523502
0.535192
0.546372
0.0808942
0.0925446
0.105913
0.0940741
0.0808852
0.0925551
0.105905
0.0941068
0.0884821
0.0923126
0.0923331
0.101535
0.211695
0.21958
0.219579
0.323168
0.238469
0.231109
0.24407
0.23847
0.00303674
0.0125197
0.0939255
0.0592636
0.046359
0.0975758
0.0531251
0.154318
0.0974347
0.189116
0.0414711
0.0874819
0.00615961
0.0557016
-0.0441971
-0.0846927
0.0173573
0.110601
0.110984
0.1369
0.154519
0.168908
0.109525
0.197468
0.0937266
0.059081
0.00299207
0.0125891
0.00733017
0.0908015
0.0974266
0.189121
0.0530651
0.154356
0.0415434
0.0874888
-0.0441977
-0.0846909
0.00622591
0.0557016
0.0128655
0.110347
0.154554
0.1689
0.110974
0.136812
0.109542
0.197515
0.0113136
0.0921985
-0.0781716
0.1044
0.0150745
-0.0313299
0.0946466
0.0972647
0.119061
0.106305
0.0258327
0.104673
0.0448556
0.0463854
0.103999
0.10616
0.030491
0.123608
0.0258389
-0.0716209
-0.1003
0.247587
0.209136
0.493721
0.0993648
0.289643
0.0872182
0.0951973
0.0534631
0.27515
0.527426
0.435821
0.011299
0.0921825
0.0946572
0.0973522
-0.0772808
0.104523
0.015087
-0.0312417
0.11991
0.107528
0.104081
0.10616
0.0258999
0.104768
0.0448864
0.0463579
0.0304953
0.12378
0.20911
0.493777
0.025849
-0.0714974
-0.10023
0.247511
0.0993657
0.289616
0.527474
0.435836
0.087232
0.0951947
0.0534302
0.275133
0.0380598
0.0184345
0.017933
0.00382969
0.0937444
0.0937276
-0.142514
0.0746698
0.039337
0.014592
0.0939806
0.093516
0.0682693
0.101931
0.176259
0.219098
0.0928703
0.0928739
0.283557
0.283587
0.118155
0.0497781
0.109854
0.093039
0.102833
0.102889
0.0764918
0.0765097
0.0224821
0.0237049
0.106437
0.11345
0.196138
0.196138
0.248102
0.248182
0.108395
0.101201
0.273501
0.214285
0.00668497
0.00559789
0.00388867
0.0179315
0.0163519
0.0146157
0.0939282
0.0935205
0.101928
0.0682533
0.176259
0.219051
0.118208
0.0497637
0.109847
0.0930297
0.015067
0.0224848
0.113567
0.106485
0.101203
0.108396
0.214284
0.273534
-0.0954273
-0.0640832
0.101649
0.10389
0.0160667
0.0196528
-0.0875675
-0.10086
0.0912289
0.0912245
0.0972814
0.0973633
0.0559906
0.0796826
0.0884128
0.0980074
0.101864
0.101784
0.103881
0.10388
-0.0885513
-0.102633
0.528789
0.538858
0.113566
0.113623
0.528583
0.528601
0.552736
0.552754
0.39644
0.396449
-0.0951711
-0.0640399
0.101887
0.104127
0.0196763
0.0160312
-0.0849327
-0.100517
0.0797004
0.0560286
0.0884507
0.0980038
-0.10257
-0.0883427
0.538882
0.528812
0.0211621
0.0445442
0.0364109
0.00352465
0.0137532
0.0164996
0.0128029
0.0130737
0.0302018
0.0281875
0.015103
0.0219347
0.0109561
0.00175069
0.0241374
0.0235099
0.0148267
0.00350362
0.0138823
0.0178396
0.0109398
0.0187111
0.0117012
0.00184549
0.0303098
0.0219775
0.0151093
0.0281885
0.0137984
0.0130631
0.0127643
0.0164798
0.0935067
0.095338
0.0925445
0.0976257
0.0903017
0.0939632
0.0925184
0.0952383
0.105604
0.0925815
0.091156
0.0947857
0.108055
0.0947936
0.0911537
0.0925762
0.0846042
0.113709
0.104929
0.0915841
0.139557
0.201354
0.110301
0.0828336
0.139186
0.0828347
0.11036
0.20133
0.084578
0.0916113
0.10499
0.113646
0.060335
0.0154725
0.0651247
0.0938221
0.0532949
0.0769288
0.0661295
0.0349964
0.0531941
0.0362495
0.0659645
0.0769439
0.050798
0.0937222
0.0652012
0.0154441
-0.0315019
-0.0916701
-0.0913104
-0.0305848
0.0276837
0.0632284
-0.0653787
-0.062376
0.0759928
-0.0931334
-0.0798971
0.0858041
-0.103072
-0.0429181
-0.0978981
-0.101141
-0.0310905
-0.0305831
-0.0912519
-0.0906532
-0.103041
-0.101047
-0.0973953
-0.0427879
0.0760057
0.0858114
-0.0797256
-0.0928448
0.0277197
-0.0620536
-0.0651811
0.0632213
0.100595
0.0956073
0.0989408
0.106024
0.100477
0.106509
0.0990606
0.0956513
0.105226
0.102415
0.101313
0.106448
0.105175
0.106163
0.101194
0.102374
0.249411
0.25327
0.540436
0.502631
0.276762
0.554113
0.551196
0.267045
0.276765
0.266968
0.551221
0.554121
0.249375
0.50264
0.540462
0.253164
0.0282162
0.126262
0.0903281
0.0629663
0.0442116
0.0678824
0.0652574
0.0342109
0.10267
0.109143
0.103886
0.101531
0.096543
0.0956624
0.102064
0.100537
0.0284999
0.0629536
0.0903798
0.126238
0.0965867
0.100539
0.102057
0.0956605
0.102668
0.101548
0.103883
0.109146
0.0442197
0.0342322
0.0652362
0.0679004
0.119146
0.103488
0.105695
0.107726
0.119147
0.108264
0.105691
0.103489
0.0874838
0.0984694
0.0907881
0.0933319
0.087469
0.0933438
0.0907959
0.0984771
0.281298
0.226283
0.313391
0.473429
0.123612
0.161182
0.213091
0.214588
0.123694
0.214587
0.213091
0.161184
0.281327
0.473499
0.31339
0.226297
0.174052
0.195333
0.225395
0.0923429
0.174022
0.0923432
0.225491
0.195464
0.0749577
0.206569
0.267265
0.13655
0.0749594
0.136592
0.267734
0.207001
0.00271441
0.0215609
0.0114524
0.0118637
0.013934
0.0104568
-0.00367119
0.0360407
0.0120109
0.00979242
0.00169293
0.040942
0.0216659
0.00280855
0.0128681
0.0129562
0.011856
0.0104182
0.0359096
-0.00349632
0.0119367
0.00162205
0.00980093
0.040967
0.0108308
-0.0192802
0.00506694
0.0910667
0.0101877
0.00998626
0.0204713
0.106557
-0.0184765
-0.034297
-0.102953
0.0770126
0.077077
0.0817061
0.0614831
0.139909
0.0109503
0.0910754
-0.0189564
0.00507942
0.0102751
0.100293
0.0100574
0.0205964
-0.0183629
0.0770148
-0.034274
-0.102647
0.0770589
0.13991
0.0817047
0.0614227
-0.0271571
-0.0211952
-0.00167235
0.0183908
0.0502513
0.0502141
0.0980874
0.0995431
0.0543498
0.0313495
0.0415026
0.0950055
-0.0241759
-0.00629195
0.0549164
0.0549042
0.102026
0.10202
0.101626
0.201466
0.0832694
0.072581
0.0636103
0.103856
0.0704054
0.0703984
0.103363
0.0924067
0.0275617
0.0327605
0.0280201
0.152731
0.126668
0.12669
0.146882
0.192883
0.0952328
0.0969446
0.107222
0.172218
-0.027225
-0.0212019
-0.00166357
0.0184492
0.0212428
0.0312629
0.0415178
0.0945917
-0.0241535
-0.00632101
0.0548811
0.0592244
0.0832522
0.0725029
0.0720729
0.100468
0.0274501
0.0327554
0.0280022
0.152736
0.0952351
0.0969638
0.107271
0.172219
0.0468046
0.0477694
-0.0806632
0.0975225
0.0104924
0.0121545
0.0198477
-0.00846763
0.0926493
0.0926524
0.0909354
0.0919338
0.0751343
0.0872108
0.077175
0.081876
0.101679
0.10168
0.0998308
0.100605
0.0673431
0.0715996
-0.0956782
0.0524343
0.434311
0.434311
0.322133
0.468807
0.532663
0.532664
0.543326
0.508141
0.0490861
0.0506286
-0.0799947
0.0971864
0.0103094
0.0122513
0.0198536
-0.00842166
0.0751239
0.087201
0.0772181
0.0818626
0.0683706
0.0720234
-0.0955468
0.0522881
0.0281035
0.0231852
0.0203519
0.00735957
0.0148503
0.021955
0.0195242
0.00732724
0.0896569
0.0897933
0.0897933
0.0886048
0.102859
0.10478
0.10481
0.104941
0.0708665
0.0736346
0.0797887
0.0700696
-0.0841604
-0.0891597
-0.0825937
-0.0879782
-0.084015
-0.0888862
-0.0824414
-0.0877703
0.098246
0.0953253
0.0964516
0.0983249
0.537761
0.526425
0.53227
0.537778
0.0972003
0.0934807
0.100754
0.0954117
0.0972705
0.0934673
0.100766
0.0954159
0.0893988
0.0895424
0.089553
0.10175
0.213848
0.214435
0.214436
0.271694
0.232928
0.231243
0.24027
0.232927
-0.0374605
-0.0322028
-0.00705981
0.00640618
0.0524557
0.0243985
0.0941594
0.0567795
0.0474403
0.0456808
0.0494518
0.0952274
0.00724545
-0.0425485
0.0268989
0.0544787
0.0730963
0.101522
0.100159
0.129028
0.0282619
0.0212495
0.0344676
0.0850064
-0.00928472
-0.015268
0.00615827
0.0611289
0.0148892
-0.0238431
-0.0644376
-0.0970047
0.0144027
0.0222925
0.0171157
0.125367
0.0164012
0.00849002
0.0836523
0.0475296
0.0528638
0.103616
0.122749
0.136558
0.0725203
0.0877226
0.0996012
0.130123
0.0252714
0.0244421
0.0938608
0.0564921
-0.0378547
-0.0323039
-0.00712689
0.00632301
0.0472358
0.0109741
0.00703922
0.0872047
0.073097
0.101516
0.100148
0.129028
0.00728047
-0.0425003
0.0269881
0.0569817
0.0282981
0.0213145
0.0345451
0.0837404
0.0149107
-0.0235846
-0.0644383
-0.0970012
-0.00930231
-0.0152791
0.00616089
0.0611265
0.0143961
0.022091
0.0170956
0.125286
0.0529141
0.103687
0.122757
0.136514
0.0163716
0.00849328
0.0836282
0.0474992
0.0725232
0.0877305
0.0995999
0.130126
0.00856355
0.00674703
0.00983085
0.0916982
-0.0695367
0.0459915
-0.0747074
0.0990027
0.00836571
0.00967872
0.0173377
-0.0112582
0.0959296
0.0952168
0.0955737
0.0961637
0.0471268
0.0673613
0.103521
0.102615
0.00946451
-0.00738058
0.0179996
0.104748
0.0383213
0.0574883
0.0463371
0.0471246
0.104991
0.10425
0.104026
0.105847
0.0209972
0.0351042
0.0340503
0.113364
-0.00221509
0.0143474
0.0270512
-0.0276663
0.0583716
0.0628313
-0.0974501
0.049568
0.364597
0.447669
0.343364
0.47576
0.0875975
0.0941048
0.0993602
0.176043
0.090352
0.0917237
0.0892154
0.0932162
0.038105
0.0759004
0.0392333
0.0661499
0.453642
0.516829
0.511557
0.466134
0.00868103
0.00725881
0.00979924
0.0916553
0.0959449
0.0952261
0.0955852
0.0962135
-0.0693798
0.0484526
-0.0742399
0.0989349
0.0083956
0.00947161
0.0173555
-0.0111987
0.0548517
0.0673193
0.0834065
0.105576
0.104996
0.104253
0.104069
0.10585
0.00961381
-0.00719412
0.0180842
0.104787
0.0383219
0.0574649
0.0463479
0.04709
0.0210078
0.0351637
0.0340544
0.113777
0.364621
0.44767
0.343335
0.475808
-0.00213888
0.0143214
0.0270641
-0.0276279
0.05839
0.0634856
-0.0973609
0.0493881
0.0875934
0.0941063
0.0993496
0.175986
0.453628
0.516895
0.511567
0.46613
0.0903472
0.0917205
0.0892201
0.0932127
0.0380912
0.0755412
0.0392298
0.0661236
0.0236651
0.030435
0.0371175
0.0219385
0.0177779
0.026785
0.0190652
0.0141101
0.0955132
0.0925597
0.093893
0.0938847
0.10243
0.0717713
-0.169718
-0.169906
0.0354497
0.0294077
0.0432255
0.0109541
0.0960942
0.0929444
0.0942576
0.0941186
0.0828987
0.0816064
0.0751923
0.0920947
0.159629
0.220424
0.182891
0.206034
0.0965247
0.0911628
0.0933776
0.0933793
0.281336
0.25594
0.288637
0.288636
0.133934
0.106894
0.122715
0.126788
0.10064
0.0950851
0.111455
0.097121
0.103258
0.10307
0.102986
0.103016
0.101903
0.0909765
0.0923256
0.092325
0.0237572
0.0190983
0.0220351
0.0250539
0.0929036
0.109027
0.108993
0.112346
0.180045
0.209653
0.196381
0.196381
0.236046
0.27919
0.253225
0.25529
0.108639
0.106219
0.108546
0.103531
0.221709
0.220791
0.225402
0.218283
0.0238505
0.00826262
0.00595571
0.0107284
0.0175232
0.0267011
0.0140944
0.0190634
0.0325896
0.027835
0.0205833
0.0109683
0.0960944
0.0929445
0.0942051
0.0941209
0.0829688
0.0815922
0.0921084
0.0752134
0.15964
0.220396
0.18292
0.205989
0.133893
0.106924
0.122732
0.126776
0.100685
0.0951151
0.111446
0.0971467
0.0237074
0.0190894
0.0178866
0.0220368
0.092823
0.109118
0.112465
0.109095
0.108642
0.106222
0.103534
0.108548
0.221708
0.22079
0.218283
0.225421
-0.0834528
-0.082588
-0.0896956
-0.0820388
0.105737
0.102961
0.102743
0.103863
0.016852
0.0145756
0.0168497
0.0188782
-0.0603394
-0.09592
-0.0949076
-0.0983176
0.0900793
0.0892211
0.09044
0.0904378
0.0930706
0.0942016
0.0954603
0.0955012
0.0682172
0.022185
0.0598823
0.0720632
0.0869214
0.0929707
0.0897355
0.0962946
0.0987044
0.097578
0.100003
0.0999626
0.101173
0.101322
0.102495
0.102495
-0.0933985
-0.0910639
-0.0902937
-0.0972583
0.439834
0.554834
0.531822
0.536856
0.113704
0.10927
0.112484
0.112512
0.500464
0.52058
0.520138
0.520147
0.541147
0.538114
0.546493
0.546504
0.445543
0.367298
0.403018
0.403015
-0.083015
-0.0824446
-0.0894171
-0.0817528
0.106069
0.103198
0.103019
0.104138
0.0168621
0.0145526
0.0190076
0.0168194
-0.0602502
-0.0958057
-0.0958245
-0.098073
0.0682777
0.0224579
0.0720682
0.0599152
0.0851047
0.0929692
0.0897234
0.0963287
-0.0933063
-0.0910064
-0.0972183
-0.0902289
0.43972
0.554885
0.536884
0.531849
0.0342529
0.043163
0.0389989
0.0352018
0.0128603
0.0139954
0.0150061
0.0152813
0.0269318
0.0246182
0.0229279
0.0208826
0.0133519
0.0175085
0.018055
0.0207265
0.0342247
0.00766657
0.00745462
0.0121217
0.0133494
0.0109103
0.00727456
0.0120166
0.0269363
0.0246264
0.0229316
0.0208972
0.0128589
0.0140051
0.0150138
0.0152143
0.0937965
0.0955248
0.0936019
0.0937036
0.093697
0.0921182
0.0935527
0.0936514
0.0924709
0.0937328
0.0931635
0.0920176
0.0925118
0.0937232
0.0931569
0.0920111
-0.0237538
5.81757e-05
0.102474
0.0934642
0.119706
0.123591
0.114558
0.114612
0.119834
0.123712
0.114673
0.114697
-0.0238091
-0.000930022
0.102529
0.0936679
0.0140841
0.0306814
0.0356913
0.0206429
0.0330017
-0.0726372
-0.0180458
0.0328821
-0.0726366
0.0329697
0.0337113
-0.0180431
0.048311
0.0140051
0.0119515
0.0341863
-0.0805187
-0.0558454
-0.101196
-0.0810328
0.0339423
0.0434546
0.0185088
0.0517407
0.0848103
0.0660194
0.081282
-0.0120189
-0.10559
-0.103276
-0.103387
-0.104905
-0.0801757
-0.0557055
-0.100978
-0.0809286
-0.105548
-0.103213
-0.103035
-0.104848
0.0846336
0.0660212
0.0813061
-0.0120083
0.0339978
0.0434977
0.0187012
0.0517144
0.1019
0.0983657
0.100559
0.0991024
0.0984909
0.102217
0.0992253
0.10076
0.104092
0.104535
0.103725
0.104115
0.104408
0.103972
0.103918
0.103605
0.427181
0.507785
0.525756
0.537023
0.452072
0.537479
0.540859
0.558782
0.537488
0.452047
0.558808
0.54088
0.507803
0.427122
0.537049
0.525775
0.117402
0.104626
0.113568
0.0941545
0.0541593
0.0483435
0.0619239
0.0522114
0.109538
0.108897
0.109317
0.108244
0.0992613
0.0971775
0.0988557
0.097279
0.11825
0.104793
0.113656
0.0943496
0.0992613
0.0971759
0.0988561
0.0972789
0.109533
0.108899
0.109313
0.108244
0.0541426
0.0482687
0.0618609
0.0521969
0.108248
0.106678
0.108253
0.105267
0.108869
0.106555
0.108249
0.105266
0.0945622
0.0898066
0.0923181
0.0923468
0.0945725
0.0898079
0.0923233
0.09236
0.334788
0.401487
0.322571
0.384807
0.177276
0.197756
0.195894
0.209093
0.177279
0.197757
0.195894
0.209092
0.334462
0.401458
0.32246
0.384748
0.210489
0.271273
0.171315
0.27436
0.271056
0.210557
0.274358
0.171696
0.189442
0.179471
0.232209
0.226595
0.179415
0.189428
0.226602
0.232183
0.0186665
0.0530711
0.0962816
0.0644726
0.0202459
0.0832895
0.0950335
0.112942
0.0834055
0.153126
0.111718
0.0847745
0.0103614
0.0617636
0.0660811
0.0461946
0.0141469
0.0978368
0.0792809
0.0237503
0.0757873
0.0470788
0.0875897
0.0914512
0.0910653
0.0519154
0.012158
0.0455395
0.0185758
0.0846814
0.0835619
0.152783
0.0950258
0.112941
0.112343
0.084863
0.0660037
0.0460129
0.0102181
0.0617846
0.0141568
0.0978922
0.0757881
0.0470583
0.0791892
0.0237379
0.087611
0.0914465
0.0126083
0.0895879
-0.0372676
0.0918266
0.0174056
-0.0117505
0.102459
0.0987558
0.0196342
0.105048
0.0191006
0.105714
0.0286448
0.0287088
0.105427
0.112414
0.0197156
0.0617091
0.0146601
-0.0637218
-0.0961295
0.0585112
0.199383
0.250313
0.0938364
0.161066
0.0840137
0.0930443
0.0645906
0.106881
0.277569
0.279837
0.0128029
0.0895735
0.100529
0.0984831
-0.0371507
0.0930011
0.0173608
-0.0116321
0.0197754
0.105067
0.105455
0.112417
0.0191896
0.105726
0.0285755
0.0287601
0.019774
0.0608554
0.199394
0.250303
0.0146987
-0.0636135
-0.0961284
0.0585067
0.0938355
0.161076
0.277581
0.27986
0.0840204
0.0930638
0.0645798
0.106958
-0.00441886
0.0124704
0.00198913
0.0467966
0.00336119
-0.000345786
0.0178093
0.0245672
0.0960044
0.0882073
0.0960123
0.088391
0.0960463
0.0959959
0.109771
0.109721
0.0474177
0.0949841
0.00972918
0.0905777
0.0478928
0.024014
0.0976615
0.0963305
0.0395451
0.0328528
0.071486
0.0783416
0.0757573
0.0925069
0.102229
0.124363
0.101145
0.183595
0.101135
0.183594
0.0988454
0.0988479
0.204167
0.204166
0.0274336
0.0881824
0.0637958
0.0957702
0.128826
0.13381
0.108403
0.099536
0.0956168
0.0786433
0.0956317
0.0786824
0.0974919
0.097518
0.0978989
0.097898
0.0226073
0.141741
0.0317802
0.14493
0.0270336
0.0230576
0.107977
0.0721168
0.144365
0.183446
0.144315
0.182571
0.162322
0.162323
0.212386
0.213578
0.106258
0.156923
0.104248
0.178281
0.108862
0.102782
0.22361
0.216801
-0.00439508
0.0124425
0.00198881
0.0463847
0.00336774
5.7216e-05
0.0245669
0.0177935
0.0173031
0.0894191
0.00968089
0.0907119
0.0231638
0.0239025
0.0954925
0.0957166
0.0394849
0.0396239
0.0714568
0.0798371
0.0925813
0.0757669
0.102266
0.124367
0.0274749
0.0845391
0.0597588
0.10779
0.128796
0.133832
0.108647
0.0995695
0.0226859
0.141749
0.0317784
0.144931
0.0232495
0.0270329
0.070939
0.107942
0.106269
0.156902
0.104252
0.17828
0.102785
0.108866
0.216812
0.22362
-0.0895938
0.0988294
-0.059498
0.10295
-0.0865457
-0.0799645
0.106872
0.10693
0.0186556
-0.00960757
0.0235192
-0.0107194
0.0171848
0.0198936
-0.0315409
-0.0349371
0.0932546
0.0947702
0.0932604
0.0947953
0.0915436
0.0915409
0.0940548
0.0940768
0.0647457
0.0643344
0.0888639
0.0937972
0.0683665
0.0796385
0.0713852
0.0899391
0.102669
0.103226
0.102691
0.103228
0.100841
0.100821
0.102153
0.102153
-0.0999372
0.0357596
-0.0926752
0.040092
-0.0936661
-0.0978155
0.25611
0.262998
0.332746
0.483112
0.332751
0.483117
0.19748
0.197484
0.49508
0.495085
0.545158
0.503577
0.545168
0.50366
0.54851
0.548513
0.479843
0.480042
-0.0892111
0.0967013
-0.0589086
0.102736
-0.0860137
-0.0795092
0.107343
0.107307
0.0186275
-0.0096045
0.0235729
-0.0107533
0.0199845
0.0171652
-0.0314766
-0.0347815
0.0647443
0.0643217
0.0888659
0.0937949
0.0796333
0.0683779
0.0713798
0.0898077
-0.0997862
0.0353576
-0.0923843
0.0405796
-0.0977634
-0.0935762
0.262889
0.255989
0.0349479
0.0260169
0.039667
0.00919603
0.0135168
0.0249938
0.0119135
0.0124722
0.012598
0.0168233
0.0175686
0.00915126
0.0144898
0.0135204
0.0126118
0.0118784
0.0918265
0.0918134
0.0919574
0.0913618
0.0919311
0.091363
0.0899737
0.0899726
0.103936
0.103966
0.105976
0.108669
0.108728
0.106036
0.108689
0.108718
0.0636638
0.0609787
0.0755698
0.0755633
0.081699
0.0816622
0.0601584
0.0638371
-0.0869498
-0.0786423
-0.0919318
-0.0957196
-0.0708053
-0.0795581
-0.0848821
-0.0935922
-0.0866271
-0.0785448
-0.0919025
-0.0948442
-0.0792745
-0.0704396
-0.0934288
-0.0848425
0.0997722
0.100899
0.0968515
0.0969114
0.0991637
0.0991043
0.0999109
0.101037
0.543387
0.548767
0.531914
0.531927
0.543086
0.543099
0.548796
0.543417
0.0729744
0.0923515
0.091531
0.0921547
0.104867
0.104013
0.0920149
0.0998907
0.0923726
0.0729597
0.0915665
0.0921368
0.104011
0.10489
0.0920029
0.0999559
0.0896412
0.0896437
0.106602
0.0932951
0.106598
0.0933127
0.103615
0.103613
0.212355
0.212355
0.26032
0.216865
0.216871
0.260273
0.321356
0.321344
0.230793
0.253789
0.230914
0.230972
0.243979
0.244027
0.230866
0.253834
0.00484377
0.00344915
0.0441771
0.0143328
0.0937428
0.0946307
0.0632805
0.0651244
0.03985
0.0410298
0.0956457
0.09759
0.0491148
0.0603194
0.183718
0.0847171
0.0925882
0.0980348
0.213976
0.196751
0.0425007
0.0380607
0.0874748
0.0903986
0.00856667
0.00395343
0.053848
0.050168
0.0222571
0.0817604
0.0280441
0.014342
0.0117087
0.0205115
0.105841
0.115532
0.109008
0.110485
0.108429
0.148702
0.14254
0.160007
0.132539
0.191063
0.106747
0.109423
0.164173
0.210776
0.0919325
0.0944815
0.0541791
0.064989
0.00317647
0.00341756
0.0129643
0.0143092
0.034633
0.0124857
0.0906893
0.0923835
0.0925778
0.098027
0.21365
0.196697
0.0491087
0.0602811
0.183697
0.0848124
0.0425603
0.0380948
0.087479
0.090398
0.022245
0.0820739
0.0280031
0.0154146
0.00858012
0.00403421
0.0552477
0.0504073
0.0116832
0.0158031
0.105831
0.115596
0.142531
0.160015
0.13253
0.191052
0.109002
0.11049
0.108456
0.148675
0.106757
0.109426
0.164296
0.210778
0.0119265
0.0121773
0.101226
0.093496
-0.05151
-0.0963161
0.10255
0.105256
0.014533
0.015796
-0.0315
-0.0299336
0.102428
0.0936113
0.0989147
0.0971597
0.112265
0.123085
0.115841
0.107018
0.0268197
0.00929223
0.104924
0.105425
0.0363666
0.0545914
0.0376808
0.0547464
0.104699
0.103927
0.113899
0.104824
0.0330591
0.0293399
0.127237
0.0972827
0.030755
0.0241817
-0.0927881
-0.0549516
-0.102266
-0.100698
0.24851
0.250428
0.197301
0.205245
0.42459
0.510944
0.0979534
0.10167
0.319878
0.241681
0.0842535
0.08668
0.0958695
0.0956953
0.0660063
-0.0444533
0.275953
0.271092
0.454944
0.550078
0.406133
0.459306
0.0119234
0.012167
0.100494
0.0934841
0.102077
0.0936192
0.099081
0.0972258
-0.0509256
-0.0958742
0.102507
0.105557
0.0145463
0.0157361
-0.0313502
-0.0299253
0.112734
0.123386
0.116278
0.107906
0.104765
0.103989
0.1139
0.104825
0.026864
0.00939241
0.104997
0.105614
0.0363962
0.0545853
0.0376668
0.0547158
0.0330793
0.0293426
0.127357
0.0966903
0.195733
0.205221
0.424561
0.51096
0.0307781
0.0241885
-0.0936566
-0.0549228
-0.102212
-0.100616
0.248455
0.250338
0.0979773
0.100732
0.320372
0.241289
0.454932
0.550088
0.406157
0.459326
0.0841951
0.0866908
0.0958918
0.0956936
0.0660015
-0.0444811
0.275946
0.271048
0.0328194
0.0337134
0.0136952
0.0212957
0.0166951
0.0211916
0.0356703
0.0234048
0.094655
0.0931318
0.0931057
0.0946052
-0.252236
0.0732948
0.0725644
0.0692351
0.0419417
0.0378727
0.0137014
0.0142654
0.0932624
0.0958101
0.0941486
0.0923348
0.0681213
0.0667672
0.102895
0.101751
0.205807
0.14002
0.184622
0.247934
0.0956921
0.0918259
0.0918331
0.0956954
0.287089
0.2207
0.221082
0.287088
0.126329
0.0989423
0.0581957
0.0418486
0.107774
0.112038
0.0935381
0.0919304
0.103879
0.0973559
0.0973438
0.103939
0.076706
0.070768
0.0710558
0.0767252
0.0253347
0.0195793
0.0239277
0.0236059
0.0262436
0.105883
0.111876
0.116369
0.17866
0.209369
0.209369
0.178661
0.227764
0.267795
0.267792
0.227818
0.108769
0.109227
0.10179
0.100875
0.237706
0.297366
0.213752
0.215112
0.0336931
0.0102016
0.00865373
0.0136962
0.0234809
0.035651
-0.0443041
0.0166856
0.0151685
0.0170613
0.0142663
0.0136283
0.0940845
0.0932231
0.0923381
0.0941469
0.101742
0.1029
0.0667408
0.0681338
0.140031
0.205878
0.24794
0.18458
0.0991536
0.126642
0.0418455
0.0581297
0.112341
0.107769
0.0919161
0.0935135
0.0168892
0.0133835
0.0195807
0.0253366
0.116511
0.111964
0.105971
0.0262391
0.100877
0.101792
0.109227
0.108772
0.215093
0.213752
0.297521
0.237471
-0.0932783
-0.0914753
-0.0634631
-0.0632058
0.10103
0.103786
0.10512
0.103283
0.0154821
0.0163799
0.0169008
0.0213763
-0.0957913
-0.0564998
-0.0974548
-0.100145
0.0919061
0.0911924
0.0911891
0.0919013
0.0964443
0.0981121
0.098213
0.0965073
0.0600631
0.0217971
0.0190338
0.0827429
0.0898569
0.0868995
0.0975277
0.100066
0.10214
0.101588
0.101489
0.102079
0.103926
0.104788
0.104785
0.103864
-0.0908534
-0.0842851
-0.0999249
-0.10223
0.433507
0.548997
0.559245
0.44594
0.118671
0.111938
0.111996
0.118731
0.537485
0.516484
0.516497
0.537507
0.553368
0.553624
0.553645
0.553381
0.358335
0.436707
0.436715
0.358403
-0.091382
-0.0929236
-0.062954
-0.063205
0.104141
0.10121
0.103461
0.105346
0.0214066
0.0169121
0.0162671
0.0154459
-0.0565239
-0.0956287
-0.0997859
-0.0990077
0.0827554
0.0185653
0.0217176
0.0600909
0.0869446
0.0898944
0.100061
0.0975259
-0.102139
-0.0998696
-0.0841005
-0.0905848
0.445874
0.559283
0.549035
0.433421
0.0197478
0.0417534
0.0370613
-0.00448944
0.0502953
0.0455668
0.0381118
0.0440797
0.0378828
0.0316263
0.0340058
0.0414501
-0.00304658
-0.00579503
0.0339781
0.0334554
0.0148645
0.0167651
0.0129255
0.0107435
0.0192656
0.0162127
0.0147473
0.0180005
0.0083102
0.0100848
0.01585
0.0155163
0.0268022
0.00977855
0.0135688
0.0116439
-7.34698e-05
0.0313424
0.0288446
0.0255488
0.0299029
0.0245342
0.026134
0.032916
0.00963537
0.0156866
0.0199218
0.0195923
0.021667
0.0255374
0.0235449
0.0191287
0.0130057
0.00829151
0.00949295
0.0143286
-1.07499e-05
0.0139768
0.0135327
0.00407386
0.025387
0.0250183
0.0210183
0.0243621
0.0253162
0.0202672
0.0206173
0.0227145
0.0188456
-0.00546773
0.0344385
0.0357058
-0.00304146
0.0334464
0.0339453
-0.00580704
0.0160175
0.0191131
0.0112236
0.00918333
0.0238996
0.0121142
0.012279
0.0218432
0.0129064
0.0142952
0.00947916
0.00824338
0.0253513
0.0206129
0.0139099
0.0191744
0.0140284
0.0138757
0.0103352
0.0161642
0.000148504
0.00407879
0.0135405
0.0140486
-1.28086e-05
0.0256202
0.0288583
0.0313511
0.0217859
0.0192241
0.0234188
0.025545
0.00979457
0.019594
0.0199341
0.0158259
0.0299
0.0329172
0.0261371
0.0245348
0.0148385
0.0107235
0.0129311
0.0167847
0.026596
0.0116471
0.0135705
0.00973551
0.00826972
0.0154867
0.0157809
0.0100115
0.019251
0.0179473
0.0146825
0.0161891
0.0785849
0.0952486
0.09474
0.0927069
0.097046
0.0950842
0.0942256
0.0950817
0.0908072
0.0931073
0.0934175
0.0928459
0.0947199
0.0954988
0.0956577
0.0959625
0.0768307
0.0872728
0.0921738
0.0923193
0.0921528
0.0950674
0.0931017
0.0887338
0.0907941
0.0928328
0.0933784
0.093068
0.09705
0.0949364
0.0941509
0.0950593
0.0909047
0.0998978
0.0972797
0.0948527
0.092098
0.0909928
0.0928194
0.0944227
0.089984
0.0927418
0.0921779
0.0902069
0.0931054
0.0915038
0.0933139
0.0952193
0.0909
0.0943764
0.0974575
0.100077
0.0933051
0.0952201
0.0933527
0.0920813
0.0899834
0.0902052
0.0921729
0.0927401
0.0920951
0.0944141
0.0928122
0.0909904
0.0722163
0.114076
0.03402
0.0153105
0.147815
0.0399933
0.0128094
0.134434
0.104403
0.10346
0.10423
0.10751
0.0996112
0.0456981
0.0940182
0.100257
0.0742466
0.292584
0.125424
0.0885973
0.327516
0.116174
0.121131
0.338047
0.106791
0.110509
0.113248
0.11059
0.151283
0.131544
0.118036
0.114628
0.0742407
0.0885598
0.125544
0.292546
0.151292
0.114752
0.118182
0.131534
0.106821
0.110619
0.113335
0.110598
0.327523
0.338053
0.121222
0.116204
0.0721387
0.0153134
0.0341385
0.114076
0.0996234
0.100287
0.0940599
0.0459064
0.104433
0.107601
0.104301
0.103491
0.148589
0.134426
0.0127962
0.0399937
0.054345
0.0242537
0.060379
0.0648666
0.0155909
0.0182349
0.0152233
0.0094477
0.0753507
0.0765197
0.0230825
0.0220928
0.100101
0.0639084
0.037986
0.0944046
0.0614514
0.0313965
0.0305553
0.0623437
0.0921395
0.0951864
0.0241888
-0.00482606
0.0763262
0.0318217
0.036658
0.0870878
0.0353792
0.0561917
0.0273588
0.0190472
0.0615313
0.0623346
0.030509
0.031355
0.0356761
0.0190358
0.0273384
0.0559522
0.0763276
0.0870872
0.0384512
0.0316155
0.0920955
-0.00278559
0.0251428
0.0951857
0.0492045
0.0542148
0.0148809
0.00739989
0.100091
0.0942772
0.0374221
0.0637616
0.0753459
-0.0523709
0.0131988
0.076481
0.0155773
0.00936754
0.0152481
0.018226
-0.0148662
-0.0542551
-0.0537259
-0.0115653
-0.0852849
-0.0885544
-0.0987891
-0.0941459
-0.0873857
-0.0957605
-0.0958648
-0.0865409
-0.00898073
-0.0102048
-0.0559237
-0.0570386
0.0196754
0.0375148
0.0350741
0.0185266
0.072671
0.0641184
0.0531596
0.0561177
-0.0798758
-0.0782821
0.0189656
0.0206951
-0.0775039
0.00279608
0.0164517
-0.0809028
0.0742174
0.0530358
0.0767481
0.0877311
-0.0940185
-0.0919827
-0.0274951
-0.0607602
-0.0838991
0.0235881
0.00480395
-0.0875533
0.0834251
0.0892029
0.0839822
0.0758511
-0.0939731
-0.0429233
-0.10354
-0.0967324
-0.00916291
-0.0747829
-0.102065
-0.0162872
-0.091685
-0.0952683
-0.102328
-0.0979694
-0.098293
-0.0986461
-0.102801
-0.0975388
-0.0147902
-0.0114774
-0.0534627
-0.0538835
-0.00897292
-0.0570555
-0.0559439
-0.0102141
-0.0872468
-0.0864164
-0.0956526
-0.0957459
-0.0843304
-0.0931275
-0.0982917
-0.088128
-0.0938225
-0.096699
-0.103492
-0.0428604
-0.0982122
-0.0974711
-0.102732
-0.0985268
-0.0912512
-0.0977111
-0.102302
-0.0952629
-0.00926309
-0.0163435
-0.102012
-0.074046
0.074158
0.0877334
0.0767258
0.0530112
0.0834171
0.075851
0.0839996
0.0892067
-0.083692
-0.0874989
0.00499153
0.0237791
-0.0939293
-0.0608042
-0.0275099
-0.0919054
0.0197592
0.0186225
0.0351099
0.0375308
-0.0768991
-0.0805458
0.0165861
0.00298265
-0.0797462
0.0209716
0.0190005
-0.0781538
0.0726524
0.0560981
0.0531627
0.0641423
0.0920106
0.0974222
0.100407
0.0972479
0.093352
0.0947575
0.0981311
0.0961883
0.0975488
0.101996
0.100067
0.0961569
0.097104
0.099148
0.102844
0.104751
0.092086
0.0972952
0.100649
0.097513
0.0967883
0.105105
0.10318
0.0975437
0.0976181
0.0962073
0.100218
0.102204
0.0933646
0.096226
0.0982255
0.094789
0.102145
0.10488
0.10465
0.105269
0.101261
0.100422
0.103857
0.104121
0.0987443
0.103329
0.103593
0.0995831
0.0988369
0.105379
0.104957
0.10568
0.106135
0.105242
0.104553
0.104845
0.101026
0.105444
0.104764
0.1055
0.0986752
0.0995335
0.103444
0.103122
0.10125
0.104088
0.103766
0.100392
0.0678229
0.057581
0.425886
0.413025
0.055092
0.436671
0.430344
0.0428054
0.534837
0.52899
0.545985
0.551915
0.47595
0.490685
0.52486
0.508463
0.125434
0.456206
0.453505
0.0867856
0.546713
0.547502
0.559142
0.535901
0.540423
0.557039
0.561404
0.545749
0.0361564
0.0528282
0.449005
0.442893
0.12548
0.0871651
0.453485
0.456261
0.0359452
0.442802
0.448955
0.0525825
0.540438
0.545759
0.561435
0.557084
0.546715
0.535905
0.559057
0.547508
0.0678319
0.412987
0.425842
0.0575069
0.475952
0.50847
0.524881
0.490693
0.534852
0.55196
0.546017
0.529001
0.0542954
0.0425076
0.430272
0.43657
0.0196384
0.110471
0.110184
0.0382178
0.0619134
0.130611
0.122043
0.0799042
0.0928575
0.0912317
0.0975403
0.102508
0.0730923
0.0557846
0.0919951
0.0881414
0.0887951
0.0885362
0.0487051
0.0370872
0.0472306
0.0754718
0.0613568
0.0318704
0.0937815
0.10123
0.0602639
0.0741061
0.0709091
0.0309587
0.0447864
0.135163
0.0675002
0.0948471
0.108953
0.0838073
0.107142
0.108704
0.108833
0.103421
0.0972967
0.092223
0.109463
0.10899
0.0631926
0.0799378
0.110136
0.0923771
0.0883474
0.0931259
0.0975656
0.0965642
0.0887563
0.0881009
0.0976697
0.0937203
0.101664
0.104018
0.0995475
0.0981035
0.105977
0.10185
0.0985717
0.103163
0.019787
0.0382039
0.110685
0.11019
0.0730783
0.08816
0.0923236
0.0557586
0.0928416
0.102638
0.0976748
0.0912196
0.0615799
0.0639056
0.122523
0.130758
0.0883396
0.0965639
0.0975768
0.0931346
0.106036
0.103166
0.0985727
0.101853
0.101747
0.0981519
0.0995482
0.10402
0.088749
0.0937179
0.0976687
0.0880894
0.0674647
0.0836547
0.108951
0.0948506
0.0631702
0.092377
0.110129
0.0799119
0.0996322
0.108992
0.109462
0.0922402
0.107158
0.103407
0.108835
0.108707
0.0887916
0.0371762
0.0486866
0.0885212
0.0709423
0.135152
0.0447866
0.0310102
0.0937699
0.0740928
0.0602125
0.101402
0.0471829
0.031892
0.0612319
0.075488
0.105123
0.110354
0.111362
0.111549
0.101916
0.10255
0.105302
0.104537
0.104176
0.109029
0.10652
0.103055
0.100006
0.104154
0.110142
0.113933
0.10513
0.103553
0.111517
0.110357
0.102668
0.114078
0.110604
0.107268
0.104174
0.103053
0.106517
0.109022
0.101917
0.104539
0.10521
0.102519
0.0801189
0.0919581
0.0911873
0.0847158
0.101416
0.0961354
0.0951858
0.100732
0.0913626
0.0952433
0.0921165
0.0915094
0.0950458
0.0844682
0.0916518
0.098724
0.0799106
0.084882
0.091199
0.0918926
0.0978032
0.0986896
0.0916639
0.0865818
0.0913547
0.0915112
0.092123
0.0952234
0.101419
0.100742
0.0951928
0.0961372
0.148946
0.172351
0.373094
0.43417
0.176826
0.22499
0.289247
0.178432
0.269752
0.365405
0.344699
0.242969
0.509164
0.49009
0.421897
0.444535
0.0672432
0.102087
0.174429
0.112988
0.145855
0.179353
0.177968
0.137587
0.215307
0.217871
0.209232
0.209513
0.165533
0.144749
0.210706
0.218532
0.0672418
0.112923
0.17478
0.102071
0.165513
0.218533
0.210704
0.144728
0.215307
0.209513
0.209232
0.217872
0.145858
0.137485
0.17797
0.179353
0.148623
0.433823
0.373091
0.172345
0.509216
0.444534
0.421824
0.490093
0.269761
0.242752
0.344653
0.365554
0.176821
0.178444
0.289568
0.224994
0.0937024
0.0893509
0.237245
0.110545
0.1966
0.283403
0.287215
0.16307
0.231903
0.214276
0.199858
0.240498
0.0439739
0.0247408
0.131027
0.149608
0.0935492
0.110611
0.237146
0.0888604
0.0492949
0.149449
0.131498
0.0323815
0.231948
0.240518
0.199749
0.214341
0.196551
0.163062
0.287028
0.28334
0.0113406
0.0968382
0.159275
0.0352895
0.191575
0.232046
0.211624
0.169606
0.240725
0.234129
0.250294
0.274424
0.0696042
0.0905998
0.195592
0.172339
0.0113565
0.0355042
0.15926
0.0968205
0.0668554
0.172368
0.195586
0.0901093
0.240817
0.275056
0.251532
0.234177
0.191599
0.169591
0.211571
0.234383
