-0.705
0.195
-1.77389
-0.442085
0.205
2.055
-0.748418
0.625
-1.615
-0.590912
0.845
1.925
0.705
0.195
-1.77389
0.442085
0.205
2.055
0.748416
0.625
-1.615
0.590912
0.845
1.925
0.0631671
0.0615696
0.104763
0.0869216
0.063167
0.0615718
0.104731
0.0869139
0
0
0
0
0
0
0
0
0
0
0
0
0
0
0
0
0
0
0
0
0
0
0
0
0
0
0
0
0
0
0
0
0
0
0
0
0
0
0
0
0
0
0
0
0
0
0
0
0
0
0
0
0
0
0
0
0
0
0
0
0
0
0
0
0
0
0
0
0
0
0
0
0
0
0
0
0
0
0
0
0
0
0
0
0
0
0
0
0
0
0
0
0
0
0
0
0.064844
0.0190943
0.00596139
0.0501814
-0.0297058
-0.0223957
0.183815
0.0332882
0.0565289
0.0265214
0.0649132
0.00598233
0.0501817
-0.0226482
0.0332969
0.0265278
0.00344697
0.12296
-0.0136994
0.218486
-0.0123533
0.00975564
0.223716
0.475097
0.00344543
0.122964
0.218502
0.00978196
0.123939
0.123943
-0.00725611
0.194333
0.387439
0.189448
0.189462
-0.0131081
0.464644
0.318083
0.318085
-0.0200388
0.431861
0.0814681
-0.00228528
0.00950106
0.00780796
-0.0137088
-0.0227462
-0.00597727
0.00761536
0.0581289
0.0624794
-0.0342448
0.0201685
0.0314204
0.00951486
-0.0023476
0.00779432
-0.0227814
-0.0137091
-0.00584664
0.0579604
0.00752395
0.0625004
0.0202514
-0.0342455
0.0311564
0.0115506
-1.18599e-05
0.0511313
-0.00866403
-0.00934929
-0.00163979
0.122935
-0.01852
-0.00553198
0.0492616
0.00574604
0.0734875
0.00103041
0.0640434
-0.00683604
0.226844
0.0115399
-0.00849299
-1.26012e-05
0.0511345
-0.0104781
-0.0185346
-0.0016505
0.122802
-0.00553999
0.0758062
0.0492509
0.0057684
0.00105283
0.226855
0.0640175
-0.00681679
0.0291024
0.0751948
-0.00362524
0.090517
0.0644449
0.000874969
0.12151
0.01314
0.00609247
-0.0144236
0.162291
-0.00227287
0.0263291
0.0765813
0.0307854
0.0504192
0.0660577
-0.0248281
0.110475
0.188836
0.0290468
0.075307
0.0644382
0.000867508
0.121448
0.0131186
0.162395
-0.00218979
0.030788
0.0504172
0.110499
0.188832
0.0855934
-0.01361
-0.0209044
0.0061048
0.00142922
-0.000109174
0.00375899
0.0190598
-0.000150022
-0.00432626
0.0563276
0.209407
-0.0395451
0.0169944
0.0137942
0.00981581
0.0855833
-0.013362
-0.0208873
0.00609277
0.00375056
0.019052
0.0563139
0.209405
0.0695179
0.0632866
0.0177001
0.0549003
0.0695616
0.0549082
0.0177113
0.0632811
7.75184e-05
7.37177e-05
0.0073513
0.00735515
0.0753794
0.0365224
0.0365321
0.0753645
0.124132
0.106192
0.106499
0.124083
0.0723083
0.0993214
0.064333
0.0557527
0.0723087
0.0557589
0.0643149
0.0993175
-0.00909259
-0.00905472
-0.0191269
-0.0190954
0.152697
0.234691
0.234694
0.152705
0.155279
0.220775
0.105268
0.0951254
0.15535
0.0951427
0.105184
0.221006
-0.00894438
-0.0114467
-0.000307586
-0.000345661
0.213503
0.174602
0.174672
0.213502
-0.018714
-0.0186767
-0.0113557
-0.0113562
-0.00646666
0.00830959
0.00876451
-0.0492269
-0.0264179
-0.00182245
-0.000811476
0.0149173
0.0152428
0.0110299
0.0121024
0.0144377
0.00851677
-0.00640271
0.00868458
-0.0264397
-0.0491915
-0.0016646
0.0150294
-0.000736619
0.0151483
0.0121942
0.0109858
0.014555
2.9699e-06
-2.38981e-05
0.0750519
-0.0127001
0.0104761
0.000501201
0.0944742
0.00122665
-0.00020869
0.0118876
0.00204244
0.0213895
0.00102752
0.0157557
0.00087768
0.0673068
3.0775e-06
-0.0127828
-2.38599e-05
0.0750684
0.0111062
0.00123384
-4.01407e-05
0.094537
-0.000185758
0.0202486
0.0118711
0.00204667
0.00105073
0.067289
0.0157673
0.000891508
0.00433179
0.010779
0.0269319
0.0428089
3.06113e-06
5.45879e-06
-0.0011786
0.137062
0.00116804
-0.00803335
0.0579895
-0.000682043
0.0211427
-0.0510212
0.057436
0.0061696
0.00045744
0.000447394
0.0139839
0.0126491
0.0132044
-0.0188333
0.152732
0.00994474
0.0020658
0.00213664
0.00929629
0.0596675
0.0140522
-0.00528896
0.0271327
0.043388
0.0018387
0.00185398
0.00661077
0.0292791
0.00269828
-0.00188769
0.0254445
0.168456
0.00437363
0.0114374
0.0269157
0.0427621
0.00115989
-0.00801353
0.0579832
-0.000644527
0.0211268
-0.0510348
0.0574389
0.00617809
0.00801077
-0.01927
0.152938
0.0100366
0.0139394
-0.00526771
0.0270796
0.0434057
0.00274274
-0.00188634
0.0254306
0.168427
1.97524e-05
-0.00212442
0.0942934
-0.00950654
0.00350507
0.00414019
-0.00780428
0.00291075
0.000270517
0.000193874
-0.00347494
-3.84958e-05
0.00192251
0.00957457
-0.00206868
0.00944182
0.00511026
0.00511617
6.48167e-05
-0.00364979
0.00291237
0.000969713
0.0155628
0.0601788
0.0130695
0.0119886
-0.0326783
0.000463112
0.00965982
0.00965653
0.00252146
0.00301659
1.9881e-05
-0.0021312
0.0942926
-0.00963314
0.00350376
0.00415246
-0.0078121
0.00291668
0.00197475
0.00964212
-0.00207093
0.0094346
0.00297078
0.000971416
0.0155696
0.0601843
0.000348996
0.00318296
1.63244e-05
0.00807607
0.000365364
0.00317239
1.82027e-05
0.0079994
0.00251554
-0.00327668
-0.00327693
-0.00495516
0.00401326
-0.000582257
-0.000578075
0.00141898
0.0302836
-0.0175597
-0.0223745
0.0302228
0.00296367
0.000947716
0.00116346
0.0106613
0.00296268
0.000948372
0.00116317
0.0106573
0.00212287
-8.414e-05
-7.1794e-05
0.00201198
0.0124766
0.0148528
0.0055852
0.0124813
0.0243315
0.00638324
0.00225291
0.000271437
0.0243615
0.00642957
0.0022404
0.000271627
0.00241688
2.82867e-05
3.07672e-05
-0.00489055
0.0348033
0.00242672
0.00242353
0.00369241
0.00188888
-0.00972669
-0.0436872
0.00192176
0.040991
0.0108052
-0.000195529
0.0787315
0.0446563
0.00216493
0.0893534
0.0210197
0.0166876
0.00498602
0.142445
0.00921243
0.031725
0.0329184
0.0114865
0.0458087
0.019725
0.0182023
0.0575723
0.00431955
0.00564168
0.0200342
0.0171574
0.114703
-0.000200427
0.0788157
0.0409596
0.0109448
0.044564
0.00216876
0.0167012
0.00501881
0.0892689
0.0210414
0.14367
0.00921376
0.0115536
0.0460575
0.0317316
0.0328098
0.0197075
0.0181821
0.0055582
0.0200036
0.0576782
0.00431975
0.0173163
0.114813
0.0650642
-0.00112081
0.081183
-0.0128321
-0.00648493
-0.0010045
0.00369164
2.64726e-05
0.132564
0.0110314
0.0994941
-0.000353321
-0.00876044
0.00526829
-0.000382064
0.00137048
0.0190863
0.0471363
0.000750058
-0.00049545
0.0133786
0.083639
-0.0394734
0.000927979
0.0237722
0.18531
0.00287994
-0.0128544
0.0199536
0.0632909
0.00213013
0.00336116
0.0651185
-0.000573275
0.00361507
9.07761e-05
0.0811631
-0.0128577
-0.0064803
-0.00102058
0.133285
0.00907099
-0.000422052
0.00262306
0.0995164
-0.000566138
-0.0086974
0.00529068
0.0179302
0.0471212
-0.0404048
-0.000234642
0.000837887
-0.000417594
0.0133749
0.0828686
0.0237724
0.185315
0.00211586
0.00336129
0.0028593
-0.0128655
0.0199492
0.063283
0.00771435
0.00264371
0.00254258
0.0214505
-0.0015288
-0.00152895
-0.00307584
-0.00305075
0.000972621
0.0077329
0.00347808
-0.00708965
0.0141571
-7.30737e-05
-0.00607008
-0.0442597
6.12974e-06
3.28921e-06
0.00542521
0.00533827
-0.000822028
0.0138797
-0.00475149
0.00240643
-0.00290031
-0.00288841
-0.0133313
-0.014065
-0.00778393
8.65801e-05
0.00310487
3.43802e-05
0.00312938
0.00309285
0.00331708
0.00331311
0.0237033
0.00995994
0.00472721
0.0317903
0.00773328
0.00265049
0.021315
0.00263656
0.000934455
0.00773637
0.00347811
-0.00708974
-0.000104506
0.0140475
-0.00644177
-0.0442335
-0.000827794
0.0148601
-0.00348941
0.00240978
7.759e-05
-0.00786658
3.22769e-05
0.00309939
0.00994987
0.0237109
0.0317789
0.004746
0.00145868
0.00150545
-0.00712496
-0.00188563
0.0013835
-0.000422967
0.00315251
0.00874017
-0.00613958
-0.00613924
0.000289481
0.00027244
0.00448627
0.0118383
0.00748107
0.00972197
0.00504806
0.00503419
0.000162985
-0.00117221
0.00131345
0.000857643
0.00806396
0.00674219
0.00515866
0.00517414
0.0136192
0.0135723
0.0113975
0.0113958
0.00518046
0.00519351
0.00145476
0.00150454
-0.00670495
-0.00198437
-0.000431413
0.00138058
0.00315673
0.00875309
0.011843
0.00447678
0.00745094
0.00971198
0.000859002
0.00131818
0.00679909
0.0079855
0.057844
0.0528821
0.00610055
0.0361323
0.0675122
-0.00861208
0.0124707
0.0635252
0.024125
0.00552789
0.00620725
-0.00145093
0.040452
0.0311444
0.00138375
0.0268643
0.0578935
0.0360004
0.00609907
0.0528624
0.0403714
0.0268553
0.00138871
0.0311454
0.0241399
-0.00144891
0.00620464
0.00545201
0.067521
0.0635601
0.0124687
-0.00864496
0.00509564
-0.00188567
0.000101422
0.00201295
0.0052389
0.00291038
0.000100983
-0.0018881
-0.0256666
-0.006384
-0.00964255
-0.00818535
-0.0256184
-0.00957027
-0.00964265
-0.00634554
0.030612
0.0391122
0.000638102
0.0104267
0.0366332
-0.0200153
0.00335215
0.0455782
0.0358994
0.0456109
0.00334871
0.00044866
0.0305418
0.0105296
0.00064623
0.0389962
0.0560253
0.0252598
-0.0103269
0.119547
0.0512683
0.077441
-0.00551618
0.0633518
0.051244
0.0633813
-0.00539395
0.0772947
0.0560879
0.119537
-0.0103411
0.0252175
0.0749054
0.0908824
0.00393657
0.00451543
0.0979281
-0.00318787
0.00453034
0.0977351
0.0186887
0.0189121
0.0126839
0.0111202
0.0147281
0.00958126
0.0104973
0.0153277
0.0749132
0.00451827
0.00393488
0.090863
0.0147381
0.0153183
0.0104938
0.00960968
0.0186847
0.0111235
0.0126841
0.0188974
0.0979731
0.0977492
0.00451847
-0.00315917
-0.0130055
0.000297335
0.00112045
-0.011727
-0.0130623
-0.011817
0.00105661
0.000250193
0.000620018
0.00507339
0.00352993
-0.00416991
0.000607145
-0.00410655
0.00357882
0.00506376
0.0505216
0.0812258
0.0251967
0.0141911
0.0664572
0.012963
0.017967
0.0625771
0.0664528
0.0625734
0.0179564
0.0129513
0.0499552
0.013542
0.0252148
0.0817062
0.0584558
0.141805
0.00814462
0.0195354
0.113914
0.0838095
0.026433
0.168921
0.0595778
0.0158112
0.0408133
0.0420106
0.0154014
0.00976979
0.00637918
0.0322466
0.0580272
0.0195201
0.0081576
0.142284
0.0154831
0.032211
0.00636802
0.00967944
0.0595432
0.0420395
0.0409235
0.0158837
0.113883
0.17361
0.0264321
0.0837771
0.00683007
-0.00101954
-0.00477824
0.00377404
0.00805099
0.00467761
-0.00414073
-0.000380909
0.000404833
0.0153556
0.00243396
0.0135305
0.000421831
0.0134592
0.00242626
0.0153481
0.0797393
0.179829
0.00849918
0.00975621
0.0704879
0.00945159
0.0371397
0.163285
0.0705703
0.163322
0.037123
0.00940675
0.0797296
0.00976086
0.00852076
0.1798
-0.0105562
0.0164623
-0.00836739
0.0284957
-0.0105348
0.0285215
-0.00836247
0.0164585
0.0218199
0.0261186
-0.0409057
-0.037859
0.0218748
-0.0378482
-0.0407365
0.0262333
-0.00216992
0.00812839
0.00762442
-0.0072798
-0.0320222
-0.0115269
-0.00240311
0.00272023
0.000809867
0.00983961
0.00787483
0.00706751
0.00802976
-0.00222941
0.00755112
-0.0320078
-0.00729743
-0.011603
0.00267267
-0.00245193
0.000730739
0.00796664
0.00961006
0.0071284
3.44481e-07
-4.02698e-06
0.0192993
0.00565555
0.00412047
0.00109502
0.0261331
-0.0227272
-7.68253e-05
0.00232361
0.00249186
0.0160854
0.000177112
0.0055852
0.00116593
0.00901145
-7.11557e-07
0.00540004
-4.48027e-06
0.0244927
0.00411716
-0.0227289
0.000700054
0.0261312
-5.7774e-05
0.0160967
0.00236549
0.00255663
0.00108473
0.00899558
0.00559198
0.00123823
0.00265508
0.0018794
0.01398
0.0184981
1.87987e-06
1.89928e-06
-0.00121249
0.128017
1.38227e-05
3.56344e-05
0.0541385
0.00316205
0.00983357
-0.0278473
0.0515223
0.00221799
0.000284908
0.000296367
0.0112878
0.00884704
0.00165624
0.00261728
0.139375
0.000248605
0.00202865
0.00196462
0.00366877
0.0139455
0.000883498
-0.00354219
0.00568419
0.0202546
5.2279e-05
5.2152e-05
-0.00218489
0.0243715
-0.000360736
-0.00340745
-0.00286718
0.0375366
0.00257417
0.00134735
0.0140317
0.0184595
2.9618e-05
3.13891e-05
0.054135
0.00313733
0.00983742
-0.0277372
0.0515531
0.00219895
-0.00770485
0.00333159
0.139706
0.00195726
0.000981682
-0.00350498
0.00548852
0.020246
0.000100029
-0.00342554
-0.00287735
0.0375466
4.21906e-09
0.00232611
0.0217688
0.00530458
0.00105245
0.00281415
-7.97192e-05
0.0014101
-5.73682e-05
-5.77165e-05
-0.00347127
-5.35348e-05
0.000358515
0.000171166
-0.00263369
-0.00167025
1.12151e-05
1.11609e-05
-5.32699e-06
-0.00245037
0.000495677
-0.00238814
0.000106826
-0.00582152
0.00243697
0.00244829
-0.00155803
-6.75977e-06
0.0022305
0.00223055
0.000724926
0.000391645
3.28694e-07
0.00233265
0.0217698
0.00530574
0.0010579
0.00282266
-8.15192e-05
0.00141462
0.000391045
0.000145858
-0.00264113
-0.00167696
0.00048153
-0.00236155
8.86662e-05
-0.00583948
0.000479575
-0.00210104
0.000150042
0.00231201
0.000630301
-0.00209309
0.000148421
0.00234608
-1.16142e-05
-6.41528e-06
-6.51552e-06
-1.21158e-05
0.000535274
0.00264868
0.0026486
0.000150758
0.00482295
0.021513
0.0363402
0.00309424
0.00273511
2.0701e-06
0.00117043
0.00330336
0.00274172
-3.5536e-07
0.00117243
0.00330814
-0.000125705
-6.78454e-05
-7.2579e-05
-0.000125785
0.00205841
0.00513869
0.000967099
0.00205617
0.000149654
0.00439793
-0.00326438
4.00694e-05
0.000150488
0.00438443
0.000527315
4.01543e-05
1.17501e-06
4.21631e-06
3.77163e-06
0.000151166
0.00146283
0.000951416
0.000955809
0.000949985
0.000651582
0.0266887
-0.0346824
0.000635591
-0.000620611
0.000957396
0.0147094
0.0156366
0.000592508
-7.87817e-07
-0.000291779
0.0857902
0.000144789
-0.00491706
0.0412215
0.000856423
-0.00444822
0.00366651
0.0684411
0.00152725
0.00142455
-7.54117e-05
0.0140021
0.00944277
-0.00526008
-0.00382247
0.113784
0.00400727
-0.000700622
0.00159353
0.0208867
0.00863895
0.00246846
0.00113259
0.00339737
0.0165667
0.00529479
0.00245775
0.0120886
-0.00126573
-0.00124504
0.00282321
0.0498608
0.00193729
0.000223964
5.36061e-05
-0.00342326
0.024018
0.00229917
0.000240171
0.00999674
0.0444694
0.000492323
1.51456e-06
-0.000296669
0.0858042
-0.00057447
0.00102428
0.0146676
0.0155721
0.00016053
-0.00462993
0.041295
0.00091347
0.00146105
-4.44774e-05
0.014015
0.00940867
-0.00446553
0.00367462
0.0680862
0.00149202
-0.00508193
0.00463244
0.11341
0.00400557
0.00252947
0.0012007
0.00346555
0.016579
-0.00070054
-0.000358328
0.0209449
0.00846494
0.0053643
0.0025164
0.0120818
-0.00125739
0.000141252
6.9396e-05
-0.00346388
0.0239592
-0.00122354
0.00283313
0.049702
0.00196051
0.00236974
0.000379466
0.0100567
0.0447067
5.37145e-07
-0.0104077
0.0538509
0.00351529
-9.1088e-06
2.33075e-06
0.0239896
0.00570406
0.0101564
0.00105511
-0.00114922
-0.00114679
0.00409013
0.000445024
0.00369849
2.98165e-05
-0.0111092
0.0083456
0.116277
-0.00547711
-1.7346e-05
-1.57693e-05
0.0245835
0.000852111
0.00956959
0.000464066
-0.00693107
0.00214536
0.00894612
0.00509858
-0.000377509
0.0025321
2.53884e-05
-1.49012e-05
0.0135889
0.0279891
0.0050056
0.00149891
0.00377653
-0.00171196
-0.000140863
0.000428328
0.00286341
-0.00906296
0.00861408
0.00411567
0.000138398
0.000369702
0.000752141
-0.00548175
0.0123443
0.0523749
0.00421675
0.00461838
-0.000867733
-0.0014313
-0.00175646
0.0023115
0.00488147
0.00817673
0.0464205
0.00301858
0.00164927
0.000190738
-5.57522e-07
-0.0103763
0.0537008
0.00324131
0.00400311
0.000369777
0.00362182
-1.29947e-05
-9.49817e-06
2.32395e-06
0.0239044
0.00570682
0.0101506
0.000904853
-0.00116163
-0.00115526
-0.0104574
0.00195458
0.11837
-0.00587753
0.00895345
0.00510435
-0.000352965
0.00253974
-0.000393406
-7.47422e-06
0.0245832
0.000920393
0.00975668
0.000598229
-0.00686021
0.00240421
4.96204e-05
-7.47034e-06
0.0142241
0.0281591
0.00822143
0.00371906
-0.00297403
-0.000795866
0.00501276
0.00151281
0.00370552
-0.001729
-0.000113119
0.000374114
0.00286942
-0.00868085
0.00108224
-0.00548096
0.0122118
0.052274
0.0463898
0.00301518
0.00166065
0.000186807
0.00422415
0.00463379
-0.000847094
-0.0017283
-0.00173811
0.00230939
0.00486559
0.00815021
-0.0022343
-0.000488876
0.00133046
0.00280318
0.0023778
-0.00986728
0.00341251
0.00777561
6.73558e-07
-0.00145315
-1.05715e-05
-1.10242e-05
-0.0143919
5.09504e-05
0.00369873
0.00368178
0.00196397
0.00011576
0.000405483
-0.000171232
-0.000890587
-0.00302394
1.19578e-05
4.97483e-06
-0.00867309
0.0150416
0.00399332
0.00174438
0.001276
0.000373578
0.02674
-0.0294509
-0.0027034
0.0024375
4.44051e-06
4.79938e-06
-0.000103118
-0.011655
-0.0001054
-7.12641e-05
0.000826029
-0.00135216
-0.00025033
-0.00220894
0.00313413
2.70884e-05
0.00010692
-2.6852e-05
0.00192012
0.000956523
0.00266651
0.00264971
0.0116048
0.000827651
-0.00529239
-0.00499895
0.0019787
-9.25356e-05
0.00848344
7.08884e-06
0.004769
-0.00196654
0.000274494
-0.000221049
0.00280059
0.0221599
0.000649073
0.000665407
-0.00406193
0.00318372
0.000543188
0.00055319
0.0169215
0.00159997
0.00850075
-0.000770702
0.00534912
0.00077077
0.00136252
0.000367519
-0.00223841
-0.000490113
0.00133001
0.002819
0.0022739
-0.00986058
0.00766277
0.00325903
0.00196283
0.000109247
0.000409512
-0.000171271
-0.0011321
-0.00300302
1.20151e-05
4.92527e-06
-0.00869328
0.0151168
0.00181745
0.00410748
0.00128778
0.000375318
0.0269747
-0.0288798
0.000760764
-0.00135466
-0.000247523
-0.00267002
0.00297002
2.99722e-05
9.77954e-05
-2.97869e-05
0.00200585
-7.67861e-05
5.70476e-06
0.00854439
0.00476769
-0.00196254
-0.000267215
0.000279057
0.016966
0.00158772
-0.000726006
0.0085227
0.00535868
0.000774015
0.000395588
0.00135931
0.0207375
-0.00105794
7.05635e-05
0.000787905
0.00670483
0.00213333
-0.00179474
-0.00215989
-0.00183258
0.00418379
0.000863533
-0.000978061
0.000260209
0.000172389
0.00319945
0.00332882
-7.115e-07
0.000666425
-1.3462e-06
-1.40472e-06
7.31725e-06
-2.46423e-06
6.61904e-06
6.54476e-06
0.000550959
-0.000123499
0.00232494
0.00204957
0.00171489
9.0095e-05
0.000270769
-0.000627132
6.90342e-05
-2.36143e-06
-6.32117e-05
-6.29179e-05
-0.00215756
-0.00496922
7.88211e-06
0.00131193
0.00462172
0.00357424
0.000501688
0.000141481
0.0480287
0.00423945
0.00802379
0.00182465
-0.00435774
0.000319742
0.00165223
0.00164184
0.000514739
1.89831e-05
0.00204887
0.00205694
-7.14585e-05
0.00220643
0.00205498
0.00205563
-6.10631e-05
0.00163542
0.00148828
0.00148205
0.0207392
-0.00105317
7.08319e-05
0.000788672
0.00658196
0.00202223
-0.0020764
-0.00302835
-0.00184153
0.00418612
-0.000986449
0.000862657
0.000265503
0.000170941
0.00322009
0.00333389
0.000551477
-0.000124174
0.00205051
0.00232254
0.00183041
9.03431e-05
0.000277294
0.000581069
0.00462879
0.0035719
0.000154726
0.000484286
0.0480814
0.00424412
0.00183864
0.00807007
-0.000969491
0.000917972
0.00271348
0.0014421
0.000470514
-0.000840417
0.00305068
0.000314694
0.0021676
-0.00239717
-0.00231219
4.18144e-05
-0.00220522
-0.00221319
-3.06017e-05
8.01242e-05
-0.00100764
-4.30172e-05
0.00276643
0.00140294
-0.00219354
-0.00222312
-3.9589e-05
8.74124e-05
0.00274061
-0.00244877
-0.00226852
3.63173e-05
0.000479765
-0.000926586
0.00305466
0.00024595
3.66098e-06
-0.00291853
-0.00131789
-0.000837484
3.3505e-06
-0.00302549
-0.0012749
0.00247271
-0.00153933
-1.76657e-07
5.67504e-05
-0.00592966
-0.00126562
-3.29874e-07
5.66133e-05
-0.00593327
0.0028024
0.00544505
-0.00132752
0.00167968
0.00311685
0.00820599
8.69629e-05
-0.000108379
0.00312196
0.00811837
9.33091e-05
-0.000121097
0.00279636
0.00546503
-0.00129928
0.00167989
-0.00972212
-0.000722082
0.00204071
-0.0133905
0.00499317
0.00461433
-0.019178
0.0205067
0.00431954
0.00476072
0.0205745
-0.0202137
-0.000449458
-0.00979854
-0.0133818
0.00190414
0.0123165
0.000124415
7.51183e-05
-0.000232948
0.0178136
-4.51342e-05
0.000237725
-0.000668437
-0.000182727
0.00450821
0.00433218
2.54032e-05
0.000538978
0.00307248
0.00290425
0.000125249
0.0123289
0.000115802
0.000109686
-0.000228167
0.000507401
0.0030692
0.00311613
0.000123345
-0.00023036
0.00451677
0.00433508
3.00266e-05
0.017768
-4.3989e-05
0.000208382
-0.000664822
0.0047363
-0.00246068
0.00239716
0.000346872
-0.00244417
0.00472085
0.00033167
0.00224603
-1.28936e-05
0.00865782
0.00497527
0.000175555
0.00852612
-2.17735e-05
0.000214958
0.00496205
0.0040207
-5.89753e-05
0.00103165
0.00354502
0.0469182
9.29124e-05
0.00120087
0.00328723
9.93518e-05
0.0469115
0.00328875
0.00118024
-7.0579e-05
0.00440452
0.00351888
0.00100897
0.00387163
0.000227311
-0.000177389
-0.00196321
0.00158612
0.00155091
0.000632562
0.0141936
-0.00346621
-0.0016587
-0.000851391
-0.00430612
0.00418485
-0.00276402
0.0066374
0.00894769
0.0037613
0.000108264
-0.000177
-0.00193219
0.00439218
-0.00214042
0.00673467
0.00880474
-0.00345727
-0.0015955
-0.000756872
-0.00425516
0.00149582
0.00144842
0.000608409
0.014105
0.0071471
-0.00177775
-0.0049389
0.000159937
0.00657762
-0.000502598
-0.00367581
0.000134189
-0.00273256
-0.00851767
3.57402e-06
0.00239645
-0.0027351
-0.00762158
3.40731e-06
0.00239694
0.0045524
0.000248136
0.00145524
0.00128882
0.00288807
0.00257203
0.000814705
0.0316583
0.00291649
0.00255344
0.000810232
0.0316357
0.00439923
0.000206085
0.00144372
0.00128505
0.0149179
1.1946e-05
-0.00795836
0.005531
-2.65033e-05
0.0147722
0.00547655
-0.00778574
-0.0028917
-0.000428614
0.000820212
0.00202938
-0.000434311
-0.00283079
0.00204898
0.000830847
0.0210104
0.00731976
0.000972652
0.0490935
0.0399822
0.00104514
0.0203527
0.000863023
0.00892393
0.00515115
0.0254169
-0.00366962
0.0163455
0.00644854
0.00444727
0.0132043
0.0129965
-0.000917848
0.0311513
0.00570013
-0.00442197
0.0219217
0.0144977
0.03721
0.00103821
0.0490681
0.0205973
0.00726484
0.0398964
0.00101275
0.00894387
0.00514789
0.0203268
0.00086247
0.0252584
-0.00372466
0.00452634
0.0130953
0.0163376
0.00627194
0.0129992
-0.000820494
-0.00450158
0.0218971
0.0309447
0.00573219
0.0144115
0.0372753
0.0131014
0.0148428
0.0290128
0.00566962
0.000250149
-0.00130793
-0.00383794
-0.000580851
-0.00824204
-0.0216223
0.0244975
-0.0122132
0.000840086
0.0187368
-5.78586e-06
0.00385213
-0.00102171
0.0169447
0.00158853
0.00168941
0.00426578
0.0209018
-0.016885
0.000189896
0.00594614
0.00671503
1.5086e-05
-0.0015272
0.00455059
0.00832457
0.000333323
0.00238038
0.0125055
0.0148354
-0.00384024
-0.000581975
0.0274936
0.00567153
0.000239878
-0.00130288
-0.00787541
-0.021659
-7.1118e-06
0.00384783
0.0249217
-0.0118145
0.000817339
0.0194636
-0.00102325
0.0170226
-0.0249179
0.000178154
0.00162898
0.00173077
0.00429769
0.0209401
0.00588713
0.00670051
0.000331831
0.00240013
1.47536e-05
-0.00155796
0.00452667
0.00832187
0.0134891
0.0218702
0.014126
0.0210974
0.00224295
0.00195514
0.00939187
0.00282378
-0.00115695
0.112975
-0.00116037
0.112997
-1.15343e-05
-1.22498e-05
0.00404695
0.00372794
0.0475478
0.00309657
0.0593285
0.00432238
-0.000136054
-4.72002e-05
0.000312236
0.000351344
0.0559978
0.00378457
0.0544526
0.00143141
0.00387262
-0.00790941
0.0107126
-0.0279
0.0124909
0.00656092
0.0125007
0.00656746
6.98242e-06
7.02792e-06
-0.000104005
-0.000104018
0.138586
0.00121123
0.14077
0.00337536
3.96205e-05
0.00143634
-0.000371973
6.3672e-06
0.00404933
0.0239507
0.00403264
0.0240667
0.00267207
0.00263862
0.00696362
0.00684203
0.0133418
-0.00532713
0.00978006
0.0267155
-0.00818263
0.00333032
0.00070407
-4.5185e-05
-0.00217546
0.0262383
-0.00221747
0.0262554
0.000702596
0.000702572
-0.00139111
-0.00122082
0.00700393
0.0354974
-0.00123975
0.0485782
0.000404036
0.00377542
1.7271e-05
0.00324823
0.0135337
0.0220113
0.0137869
0.0206734
0.00230503
0.00195798
0.00375412
0.00937144
0.0475493
0.0029106
0.0594221
0.00361959
-0.000137775
-6.10704e-05
-5.53915e-05
0.000204067
0.055997
0.00376974
0.0544454
0.00144148
-0.00773486
0.00388604
0.0107012
-0.0276987
0.144253
0.00310765
0.141553
0.00382338
2.98273e-05
-0.000820031
-0.000372943
-6.06045e-06
0.0133611
-0.00526387
0.00991703
0.0267376
0.00336013
-0.00813875
-8.14936e-05
0.000720753
0.00695939
0.035741
-0.00117534
0.0485562
0.00378042
0.000373814
0.00326016
8.7899e-05
0.0218757
0.00578112
0.0244366
0.00587477
5.26072e-05
0.00093022
-0.00151747
-0.00367252
0.000913818
-1.66053e-05
0.000536866
0.00109206
-0.000540534
0.00110191
0.00295821
0.00273719
-0.00340747
5.99292e-06
-0.00340725
5.94902e-06
-4.04373e-07
-7.60638e-08
2.81783e-06
2.60555e-06
-0.00500228
0.003276
-0.000361787
-0.0063334
0.00254043
0.00163095
0.00341066
0.00485201
-9.4551e-06
-0.00246596
-9.51176e-06
-0.00246566
7.33785e-06
7.57657e-06
1.09527e-05
1.13894e-05
2.61344e-05
-0.00985949
0.00123772
0.000918957
0.000109793
0.000335748
0.00278003
0.0002225
-0.00240791
-2.03534e-06
-0.0119658
5.04849e-05
0.00383951
0.00286945
0.0020763
0.00213662
0.000899019
0.000215217
0.000898816
0.00021366
0.00214995
0.00215446
0.00188821
0.00188555
0.0218716
0.0057905
0.0244408
0.0058866
5.2675e-05
0.000928042
-0.00153131
-0.00371737
0.000928829
-6.35368e-05
0.000555728
0.00109177
0.00110006
-0.000536985
0.00299156
0.00271787
-0.00518738
0.00329875
-0.000391035
-0.0058167
0.00162719
0.00253138
0.00342389
0.00486538
4.20388e-05
-0.0101406
0.00126043
0.000905748
0.000334051
0.000125089
0.000223021
0.00253432
-0.00098523
0.00131021
-2.15671e-05
3.75119e-05
0.00246679
1.83742e-05
-0.000894594
-0.000277715
-0.000986051
0.00130954
-8.66237e-06
3.72673e-05
1.86953e-05
0.00246783
-0.000234433
-0.000825427
-7.13081e-06
-7.26674e-06
-1.20526e-05
-1.31112e-05
-1.22021e-05
-1.30313e-05
-4.51921e-06
-4.45567e-06
0.00254487
0.00253114
0.00036233
0.000540547
0.00054064
0.000387582
0.00253006
0.00253169
0.0321504
0.0409372
0.00381376
0.00375579
0.00519537
0.005023
0.0408242
0.027834
5.65351e-06
0.000962392
0.00293439
0.00366131
0.00239522
0.00285989
0.000807413
1.43035e-05
4.82203e-06
0.000962074
0.00294003
0.00366646
0.00288634
0.00242431
1.71034e-05
0.000807764
-6.76452e-05
-0.000146308
7.35192e-06
7.42363e-06
-6.32301e-05
-6.3313e-05
-6.76406e-05
-0.000146302
0.00758254
0.00116818
0.00293657
0.00292781
0.00194437
0.00194963
0.00114164
0.00755916
0.00784764
-0.00294355
0.000288284
-0.000178915
0.000437015
5.52915e-05
0.000385716
-0.00212141
0.000684514
0.00784287
0.000290963
-0.000184247
5.53359e-05
0.000396824
0.000395309
0.000579408
5.82292e-06
6.20228e-06
0.000152436
6.58626e-07
0.000152808
-2.23874e-06
3.20135e-06
3.29119e-06
0.00059132
0.000601971
0.00126545
0.00045525
0.00046582
0.00126273
0.00135522
0.00134531
0.026957
-0.0307184
-0.000226012
-0.000229816
0.000836794
0.000924204
0.027067
-0.0305241
-0.00191949
0.00386147
-0.00990764
0.000356114
-0.00207305
-0.00102483
0.00203728
0.000821915
0.00132862
0.00302577
2.85406e-06
-5.63251e-05
0.0157074
0.00210003
-0.00295933
0.00352517
0.00246989
9.79647e-06
0.00314595
0.00774948
0.0112447
0.0208974
0.00514945
0.00387774
0.00176452
8.82658e-05
0.00169684
-0.0143369
0.00557523
0.00107782
0.00865104
0.00575887
0.00276476
2.8092e-05
0.00241075
0.00051374
0.00222397
0.00304331
-0.00233195
0.00228304
0.00169811
0.000907154
0.000673886
0.000448265
0.00455753
-0.00093756
0.00344654
0.0100388
-0.00226234
-0.000999863
0.00196255
0.00072182
-0.0018424
0.00392706
-0.00960417
0.000621246
0.00123315
0.00304924
2.7894e-06
0.00172403
0.00237927
1.07042e-05
0.00313339
0.00772918
0.0156371
0.00203944
-0.00295369
0.00351279
0.0106287
0.0180463
0.00154134
0.00386556
0.00563303
0.00106007
0.00840422
0.00567244
0.00180788
8.89012e-05
0.00175513
-0.0145018
0.00253858
2.93788e-05
0.00245562
0.000552408
0.00166401
0.000903997
0.000752302
0.00049743
0.00219647
0.00298237
-0.00233609
0.0022844
0.00443669
-0.00100877
0.00340645
0.0106259
0.00569664
0.000727667
0.00332267
0.000925078
-0.00125648
0.000399438
-0.000688692
-0.00115079
0.0132573
0.000273048
0.00835576
0.000273555
0.00815394
-0.00631379
0.00453057
0.000413184
0.0245658
-0.000354533
-0.000386581
-0.00653001
-7.30876e-05
-6.32923e-05
0.000180352
-8.15432e-05
0.0168807
-0.00193957
0.0295821
0.00172031
0.00884168
0.00519606
0.0109403
0.000106918
-0.00478222
0.0115244
0.000368763
0.000220637
0.00938383
-0.000261052
0.00302642
0.00340637
8.2745e-07
6.7209e-05
-0.00372722
0.0104346
0.0130889
0.00801572
0.00959149
0.00424903
0.000172054
-0.0016435
0.0311145
0.00185524
0.00314478
0.00325531
0.00957844
0.00316806
1.22682e-05
0.00014867
0.000227328
0.000218599
0.046681
0.00321226
0.066301
0.00205399
0.00568829
0.000777783
0.00255701
0.000598208
0.00815171
-0.00630671
0.004448
0.000340472
-0.00124355
0.000398314
-0.000683524
-0.00114291
0.0132693
0.000284214
0.00830752
0.000281393
0.0252753
-0.0003268
0.00144893
-0.00469152
0.00887257
0.00522374
0.0109472
0.000118747
-5.34852e-05
-7.11833e-05
0.000107975
-2.57763e-05
0.0168244
-0.0019178
0.0299277
0.00174913
-0.00417331
0.0122012
0.000394465
0.000184064
0.0131676
-0.0101425
0.00960642
0.00429038
0.00983464
-0.000297059
0.00300027
0.00337066
2.59626e-05
8.97836e-05
-0.00312925
0.0103108
2.4926e-05
-0.00166541
0.0310782
0.0018666
0.046701
0.00321888
0.0662798
0.00202274
0.00314411
0.00327642
0.00947023
0.00322952
1.31383e-05
0.000140064
0.000222229
0.000207336
0.000568674
-0.00233101
-0.00211253
6.46771e-06
-0.00743675
-0.0117317
0.0131178
0.0037606
5.20994e-07
-0.000721321
0.00165937
5.6304e-07
0.000161942
-0.0145422
-0.014501
0.000147145
0.0015071
0.000772877
0.00016641
0.00356264
-0.00267141
-0.00158587
-0.000272726
-0.00335188
-0.00588682
0.0134906
0.01202
-0.00378381
-0.000353613
0.0182028
0.00147461
0.00140943
-0.00269577
0.00242187
0.00242429
-0.00269609
-0.000103757
-0.0125634
-0.0125334
-6.96156e-05
0.00232168
-0.00282168
9.80575e-05
-0.00252894
3.74746e-05
0.00381684
-0.00518905
1.35867e-05
0.00132362
0.00094148
0.000977524
0.00133904
-0.00623004
0.0161221
0.0133594
-0.00584833
0.000659223
0.00357865
-8.06183e-05
-0.00192474
0.00345776
-0.00200236
-0.00115184
0.00476894
0.00274489
0.0268232
0.02684
0.00274673
-0.00320945
0.00287674
0.0027872
-0.00325742
0.00102904
0.00872807
0.000590316
0.016347
0.00560466
0.00108315
0.00124629
0.00590432
-0.0022482
0.000599232
5.13264e-06
-0.00211396
0.00441953
0.0131834
-0.0118106
-0.00747295
0.000773993
0.00152681
0.00359342
0.000141342
-0.00228754
-0.00263313
-0.00334919
-0.00108607
-0.00373645
0.0120432
0.0135718
-0.00595185
0.0183699
-0.000174299
0.00145093
0.0014509
-0.00283041
0.00225561
-0.00279853
-0.000392503
0.00238611
4.37969e-05
1.94595e-05
-0.00760809
-0.00192496
-9.34471e-05
0.00386793
0.000751183
0.0047284
-0.00114017
-0.00198147
0.0035313
0.0163539
0.000584211
0.00880686
0.000800638
0.00595742
0.00122753
0.0010737
0.00559984
0.0190464
-0.00127282
-0.00117513
0.0199739
0.00448587
0.00955358
0.00814497
0.0043821
-0.0019369
0.0038032
-0.0046203
-0.0029209
0.000271298
0.000313767
0.000405876
0.000115666
-9.72079e-07
0.000665777
0.000665766
-7.11765e-07
1.09819e-05
-2.48208e-06
-2.4659e-06
1.09817e-05
7.3049e-05
-0.000139767
-9.1987e-06
0.000639332
0.000429136
0.0012818
0.00131185
0.000128708
-1.23694e-07
-0.000141494
-0.000141458
-1.17286e-07
-0.00215168
-0.0049564
-0.00365226
-0.000847175
0.00515277
0.0040482
0.00335517
0.00396446
0.0214551
0.0034017
0.00383578
0.048109
-0.00397446
9.35651e-06
1.41314e-05
-0.0147606
0.000168333
0.000386216
0.000472115
0.000144355
-5.71059e-05
0.00183333
0.00183751
-5.19296e-05
0.00197612
-3.0095e-05
-3.88724e-05
0.00195795
-0.00126618
0.0190611
0.0199669
-0.0011624
0.00928116
0.00423472
0.00437716
0.00814671
-0.00293146
-0.00477083
0.00391963
-0.00192423
0.000313159
0.000272307
0.000113261
0.000388953
0.00063987
-9.13673e-06
-0.000110506
7.20301e-05
0.00128223
0.000427774
0.00012871
0.00149395
0.00394911
0.00335433
0.00406248
0.00514525
0.0480023
0.00382185
0.00343247
0.0212347
0.0345897
0.0421275
-0.00123002
0.0181977
0.0500708
0.0015983
0.0028852
0.0470668
-0.00154733
0.000104988
0.00218138
0.000349171
0.0148158
0.0146255
0.00117265
-0.000846269
0.0154599
0.0108057
0.00408753
0.05189
-3.9809e-05
-0.00268701
-0.00117261
-2.1165e-05
-0.000865522
-0.000380713
0.00530343
0.00425456
0.0569522
0.0560017
0.00591754
0.0023498
0.000442584
0.00266071
4.28666e-05
0.00717186
-0.00187566
0.00395656
0.00378064
0.0101502
0.0025755
0.000438337
-0.00544175
0.0054933
0.0024387
0.00117471
-0.00210986
-0.00195899
0.0172656
0.0207924
-0.00095776
0.018318
0.0154456
0.000176031
-0.00217348
0.0182164
0.000748507
-6.80898e-05
-6.65206e-05
0.00205896
0.0170668
0.0139416
-0.00207518
1.55897e-05
0.0343244
0.0181229
-0.00133062
0.0421938
0.0148589
-0.000813873
0.00116225
0.0145473
-0.00154317
0.00034461
0.00215121
0.000104382
0.0500651
0.0470955
0.00289917
0.00160861
0.0171739
0.0184097
-0.000872098
0.0208098
0.0171931
2.76487e-05
-0.0020799
0.0139846
0.000746438
0.00206469
-7.08657e-05
-6.94678e-05
0.0152231
0.0181998
-0.00217688
0.000182881
0.000453112
0.00695572
-0.00224911
0.00275069
0.00243378
-0.00203154
-0.00212924
0.00116355
0.00259425
0.00553098
-0.00554097
0.000402775
-0.0022777
0.0104652
0.00396454
0.00433473
0.0149298
0.0518848
0.00403155
0.0108063
0.0569717
0.00237005
0.00592932
0.0560232
-0.000842848
0.00420676
0.00518725
-0.000401819
-2.66993e-05
-1.22738e-05
-0.00116473
-0.00268609
0.00469284
-0.00128669
-0.00249262
0.000981899
-0.00119662
-1.04566e-05
-0.00117074
-0.00157547
-1.86427e-05
-0.00285926
-0.00249839
-0.000901175
0.00311676
-0.0024305
-0.00272102
-0.00180752
0.00464206
0.000962968
-0.0026783
-0.00144581
0.00287671
-0.00233268
-7.76555e-05
8.48609e-05
-1.87616e-05
-0.000181805
-5.29411e-05
-0.00282946
-0.00119905
-0.0015638
-0.00113691
-1.10415e-05
0.0102994
0.00872647
0.00330645
0.00797836
-0.00343931
-1.58595e-06
-0.00609439
-0.00636932
-1.87419e-05
-0.00318842
-0.00402909
0.000662701
0.00339625
-0.00194206
-0.00121453
-0.00115112
0.0129015
0.00811757
0.0034443
0.00876656
0.00375737
-0.0005768
-0.000711977
-0.00148259
-1.8696e-05
0.000662659
-0.00403078
-0.00320031
-0.0034388
-0.00633666
-0.00609975
-1.45224e-06
0.00651279
0.00204453
0.00782721
0.00852771
0.00765776
0.00490724
0.00589443
-0.00217933
0.00311446
0.00377934
-0.00016631
-0.00219996
0.0062788
0.00488035
0.00108661
0.0043187
0.0191732
0.00160751
0.0081578
0.0254317
-9.50376e-05
-0.00246778
0.00296312
0.00243681
0.00269563
-0.00162369
-0.000282229
0.00211904
0.0240708
0.0268038
0.00420365
0.0051529
0.0192499
0.0254462
0.00812686
0.028129
0.0240039
0.00513107
0.00420041
0.026772
0.00268857
0.00211357
-0.000285584
-0.00162301
-0.00523573
-0.00226184
-0.00233542
-0.00777669
0.00654369
0.0086139
0.00787105
0.00210877
0.00621559
0.00430156
0.00106472
0.00491323
0.00311499
-0.00214881
-0.000157341
0.00377877
0.00758393
-0.00217441
0.00594042
0.00494844
0.0299057
0.011225
-0.0145769
0.07017
0.0242983
0.00632634
-0.00914823
0.0184275
0.029988
0.00377839
-0.0125663
0.00359528
0.123894
0.101759
-0.0206248
-0.0105727
0.014075
0.0200562
0.00837265
0.00857024
0.0222098
-0.0051598
0.0214153
0.0270249
0.0423939
0.0111655
-0.00313217
-0.00817084
0.0228638
0.0068142
-0.0178092
0.00788161
0.0140238
0.00848193
0.00816788
0.0201375
0.0226997
0.00782136
-0.0178947
0.00661292
0.0409235
-0.00823138
-0.00237607
0.0120937
0.0220652
0.027129
0.021406
-0.00483648
0.0297815
0.0701606
-0.0146294
0.0109613
0.123896
-0.0105457
-0.0206462
0.10184
0.0299833
0.00357726
-0.0126018
0.00377423
0.0242979
0.0180358
-0.00927415
0.0062788
0.0258247
0.0246808
0.00872942
0.00741552
0.0223795
0.0198863
0.0159991
0.0229327
0.00283422
0.003241
-0.000616839
-0.00125354
0.00379885
-0.000754725
3.36846e-05
0.00333961
0.0253224
0.0129707
0.0173565
0.0245401
-0.00164152
0.00267949
-0.00107767
-0.00595321
0.00356001
-0.000402227
-0.000390955
0.00236694
0.0231136
0.0245062
0.0188699
0.022235
0.0051124
0.00478754
0.00415227
0.00355802
0.000535461
0.00516846
0.00492547
0.00301446
0.00402534
0.00245942
0.00436915
0.00431839
0.00034505
0.00466995
0.00485897
0.00250935
0.00573252
0.00325993
0.00328648
0.00395144
0.00374048
0.00347203
0.00411209
0.00194896
0.00359418
0.00352628
0.0034788
0.00367716
0.000357655
0.00159357
0.00357082
0.00446903
0.0232584
0.00741659
0.00873333
0.0277586
0.00381202
0.00336951
4.01304e-05
-0.000632651
0.00284024
-0.00125017
-0.000609725
0.00324608
0.0224114
0.0228881
0.016015
0.0198946
0.00574225
0.00396487
0.00325388
0.00327522
0.000352713
0.00445357
0.00357784
0.00157795
0.00359605
0.00368955
0.00347603
0.00352502
0.0037331
0.00192097
0.00412335
0.00346588
0.00510161
0.00357967
0.00416014
0.00478789
0.00034269
0.00250833
0.00487208
0.00467349
0.00403853
0.0043229
0.00436153
0.00245617
0.000554267
0.00300386
0.00492842
0.00517268
0.0255337
0.0247521
0.0173003
0.0129173
0.0231163
0.022228
0.0188611
0.0245079
0.00356846
0.0023657
-0.000381735
-0.000392856
-0.00164066
-0.00591088
-0.00107124
0.00267359
0.00553243
0.00431237
0.00463895
0.0056782
-2.12673e-05
1.54084e-05
0.00037095
0.000434822
-5.91466e-05
0.00331376
0.00245549
4.52123e-06
0.00553652
0.00573772
0.00714274
0.00812877
0.00553187
0.00567994
0.00458929
0.0042286
0.00554148
0.00793205
0.00699812
0.00574406
-5.91508e-05
4.52855e-06
0.00232166
0.00313275
-2.16525e-05
0.000360415
0.000327047
1.52655e-05
-0.0126831
0.0089107
0.00876462
0.00023256
3.5189e-07
4.14671e-05
0.00509938
0.00515413
-9.99697e-05
0.00319214
0.00468143
-6.55781e-05
0.00558986
0.00543824
0.00840322
0.00736211
-0.0129109
0.000259591
0.0086824
0.00889172
0.00558454
0.00742308
0.00833726
0.00492794
-0.000100039
-6.54788e-05
0.00467756
0.00324959
4.80012e-07
0.00513762
0.00507841
4.1742e-05
0.0187988
0.00186551
0.00721728
0.00909549
-0.0162087
0.0420465
0.0128473
-0.00917054
0.00808476
0.00256145
0.00364705
0.0139774
0.00250543
0.0044259
0.00421988
0.00225367
0.00891849
0.0471677
0.0469236
0.00848528
0.00293162
0.00200257
0.00316679
0.00434683
0.00287378
0.00523031
0.00496314
0.00406914
-0.00232459
0.00478004
0.0480147
0.050732
0.00890746
0.00846243
0.04696
0.0471699
-0.00233166
0.0507206
0.0479737
0.00476071
0.00287747
0.00407176
0.00494727
0.00520142
0.00293411
0.00435101
0.00317132
0.00200578
0.0187837
0.00851146
0.00737699
0.00206382
0.00254234
0.00229569
0.00426128
0.00388514
0.0080783
0.0140001
0.00364512
0.00250272
-0.0124384
-0.00913295
0.0129316
0.0424887
0.0273136
0.103128
0.0191456
0.0227314
0.13939
0.00136395
0.00278234
0.127078
0.00223075
-0.000245291
-0.00237399
-0.00233546
0.00161552
0.0106876
0.00265158
0.00465396
0.0104228
0.0603866
0.0146906
0.080919
0.0603405
-0.00425711
-0.000471696
0.0650954
0.00623221
-0.00156181
0.0141216
0.0179756
0.140406
0.155904
0.0147563
-0.000929948
0.0322293
0.0136855
0.00320887
0.0418775
0.0019354
0.0151886
-0.00375322
0.010879
-0.00334798
0.018022
0.0111152
0.0094794
0.0281702
0.055553
-0.00474799
-0.0065675
0.00604974
0.00516962
0.000407337
0.0100197
-0.00160027
0.00219717
0.00623265
-0.00252139
-0.0026787
0.00115456
0.00498124
-0.00130847
-0.00179099
0.00403704
0.012707
0.021005
0.0275059
0.0229751
0.0192604
0.104398
0.00162589
0.00466542
0.00269294
0.01073
0.00226689
-0.00226105
-0.00235889
-0.000247888
0.139862
0.128519
0.00268603
0.00131255
0.00609633
0.0099844
0.000534552
0.00512456
-0.0018462
0.0210007
0.0127581
0.00412052
0.000604236
0.000697644
0.00497331
0.00114526
-0.00159493
-0.00236332
0.00619637
0.00233223
0.0320982
0.0418044
0.00319426
0.0137329
0.0284879
-0.00653959
-0.00475944
0.055528
0.000762189
0.00945877
0.0111651
0.0180102
0.00195554
0.0109941
-0.00375747
0.0152423
0.0102978
0.0804118
0.0143451
0.0602981
0.140801
-0.00305046
0.0133069
0.15593
0.00622068
0.0179174
0.0139167
-0.00182774
0.0602986
0.0650901
-0.000376378
-0.00421554
-0.0260164
0.0157494
0.00588803
-0.0104461
-0.00244512
-0.00214681
-0.00201977
0.000125966
0.000155531
0.000188441
-0.00484705
-0.00495845
0.00196052
-0.00763235
-0.000155923
0.00222465
-0.0260359
-0.00931251
0.00744855
0.0157582
0.00242804
0.00203723
0.00140337
-0.00716601
0.000155377
-0.00430628
-0.00355513
0.000192425
-0.00244505
0.00013541
-0.000724565
-0.0014944
-0.00215893
0.0166397
-0.00728569
0.00117893
0.0119014
-0.00269486
-0.00268267
0.0132741
3.5521e-06
2.04367e-05
0.00243055
0.00244052
0.00350441
0.00741801
-0.00670317
0.00285468
-0.00210941
0.0012014
-0.00472274
0.0166631
0.00249901
0.00276013
-0.00667202
0.006485
5.44628e-06
0.0024422
0.00243003
2.04149e-05
0.0118965
0.0132624
-0.00268444
-0.00269466
0.00718846
0.0391187
0.0370959
0.0630797
0.0433833
0.00693929
0.00609309
0.0516222
0.00223962
0.00337708
0.00314819
0.00217368
0.002421
0.00281621
0.00169421
0.00162386
0.0244816
-0.0024723
0.00501189
0.0486212
-0.00135441
0.00340213
0.00364477
-0.00194801
0.00149831
0.00154011
0.0320853
0.0273201
0.0318616
0.058035
0.0355355
0.00687995
0.024453
0.0488048
0.00498426
-0.0025632
0.0319106
0.00689292
0.0355426
0.0583125
0.00149958
0.0273145
0.0320713
0.00153795
-0.00137397
-0.00194021
0.00364952
0.00343494
0.00712347
0.0630746
0.0370989
0.0390781
0.00241968
0.00161804
0.00156273
0.00281388
0.0022354
0.0021723
0.00313824
0.0033691
0.04337
0.0515847
0.00606866
0.00692894
-0.00468312
0.00856924
0.00644365
-0.00208196
0.00809584
-0.000209202
0.00653658
0.00854799
0.0271497
0.0270443
-0.0103006
-0.0121711
0.0103509
0.00650607
0.0193091
0.0195724
-0.00468366
-0.00213311
0.00647298
0.00855687
0.0103537
0.0196571
0.0193379
0.00646993
0.0273112
-0.0121561
-0.0102039
0.0272246
0.00809825
0.0085391
0.00653415
-0.00019216
0.0236208
0.0226989
-0.00261622
0.00081289
0.0254108
-0.00387566
-0.0025943
0.0258742
-0.0310414
-0.0283006
0.00343687
0.00368699
-0.0253305
0.00385664
0.0019077
-0.02527
0.024003
0.000793119
-0.00263324
0.0227804
-0.025459
-0.0260361
0.00206883
0.00385616
-0.0311291
0.00364373
0.00340666
-0.0284362
0.0254028
0.025891
-0.00262733
-0.00387648
