-0.648716
0.055
-2.205
-0.657202
0.145
2.175
-0.69855
0.715
-2.015
-0.614222
0.955
2.165
0.655058
0.055
-2.205
0.65037
0.145
2.175
0.705
0.715
-2.01298
0.595
0.970588
2.165
0.0492955
0.0769075
0.146871
0.157975
0.0493316
0.0769331
0.151006
0.165489
0
0
0
0
0
0
0
0
0
0
0
0
0
0
0
0
0
0
0
0
0
0
0
0
0
0
0
0
0
0
0
0
0
0
0
0
0
0
0
0
0
0
0
0
0
0
0
0
0
0
0
0
0
0
0
0
0
0
0
0
0
0
0
0
0
0
0
0
0
0
0
0
0
0
0
0
0
0
0
0
0
0
0
0
0
0
0
0
0
0
0
0
0
0
0
0
0.0676131
0.00379279
0.00340958
0.121647
0.00347382
0.00382941
0.0988719
0.0294054
0.063415
0.0350504
0.0684467
0.00376542
0.127221
0.00409986
0.0255797
0.029858
-0.00197575
0.155496
0.000454905
0.160607
0.00212994
-0.00147958
0.283421
0.386367
-0.00196881
0.157487
0.165135
-0.000131219
0.183373
0.17271
0.00466823
0.112229
0.255678
0.161861
0.166587
-0.00233715
0.435401
0.197092
0.210304
0.0107784
0.20547
0.199667
-0.0201344
0.00166446
-0.00118967
0.001334
-0.00819097
0.00924529
0.0448175
0.0399374
0.00958088
-0.00631453
0.0234757
0.00927587
0.00168991
-0.0202771
0.000139338
-0.00847153
0.0023518
0.00916898
0.040142
0.0440853
0.00865983
0.0156771
-0.00653638
-0.00186283
0.00313222
-0.00393798
0.0985424
0.000508634
-0.0114529
3.4385e-06
0.0867557
-0.00038794
0.00717534
0.0571772
-0.00473741
0.116806
0.0141679
0.0548682
0.00619225
0.197475
0.00297024
0.000512672
-0.00391426
0.0207122
-0.0114319
-0.000385161
5.04486e-07
0.0236423
0.0060517
0.112387
0.0574644
-0.00587328
0.0174227
0.189961
0.0537697
0.00454961
0.0817214
0.0572682
0.00135815
0.0233589
0.0980002
0.0011053
0.0353278
0.0399586
0.000996319
0.0372008
0.079836
0.00400832
0.0143109
0.103272
0.0630594
0.0358363
-0.0653605
-0.03453
0.0588974
0.0715936
0.0701013
0.0574136
0.0917993
0.000963867
0.030013
0.0385156
0.0885507
0.00396674
0.0600428
0.0352384
0.0621413
0.0670906
0.0963796
0.000885796
-0.00317777
-0.000358138
0.00113022
-0.00315929
0.00242213
-0.00202365
-0.000478047
0.00350562
0.0621732
0.220648
-0.0783347
0.0560526
0.010663
0.0769328
0.032207
0.000892885
0.00231726
-0.000102621
0.00089239
-0.00248238
0.0618286
0.213945
0.141382
0.106823
0.0585233
0.119944
0.127919
0.108745
0.0621254
0.0964785
0.00249996
0.00242448
0.00158996
0.00164916
0.0501206
-0.00972778
-0.0121841
0.0498786
0.0824755
0.150363
0.149615
0.0822754
0.0969276
0.0918696
0.0613543
0.0593612
0.0363397
0.059981
0.0588537
0.0268282
-0.00235362
-0.00232871
0.000254919
0.000251958
0.234955
0.219736
0.212491
0.229596
0.079162
0.093247
0.0730745
0.0542308
0.085972
0.0564387
0.074739
0.0909583
0.00601725
0.00604651
0.0036443
0.00369532
0.165947
-0.0128209
-0.0190829
0.159864
0.0523214
0.0518238
-0.011787
-0.0115185
0.00201308
0.001721
-0.0015537
-0.00960587
-0.0536947
-0.00199958
-0.0122882
-0.00424841
0.00737086
0.00100774
0.0142373
0.0123801
0.00173523
0.00200245
0.000387287
-0.0487486
-0.0103338
-0.00172132
-0.00520714
-0.0118772
0.00748128
0.00789099
0.00238464
0.00385491
0.000237736
0.00319019
0.0945944
3.49803e-05
0.0187731
-3.34631e-06
0.0852201
0.00159373
0.00445892
0.0253041
-0.00309065
0.0941855
0.000625684
0.00642318
0.00109903
0.0669109
0.000234361
-0.000292609
0.00315546
0.150344
0.0186563
0.00147521
-3.54266e-06
0.130166
0.00606156
0.0906637
0.0241568
-0.00545737
0.00102248
0.0678281
0.000469322
0.00190778
-0.0403071
0.0137719
0.0503273
0.0164304
5.46353e-05
5.60182e-05
-0.00284648
0.0767626
-9.0148e-05
0.00108484
0.09706
0.00104694
0.00858453
-0.00504611
0.0129945
0.0326018
-0.00487809
-0.0048836
-0.000764167
0.00539374
0.00119407
-0.00319112
0.0689937
-0.000171116
0.000920054
0.000854835
0.00395767
0.0701139
0.000490632
0.00394189
0.0416138
0.0298007
0.00140646
0.00127015
-0.00854279
0.0260099
-0.00183016
0.00341766
0.0194224
0.0544938
-0.0397462
0.0147013
0.0508084
0.0164871
6.24587e-05
0.000913745
0.0907142
0.000903937
0.00891078
-0.0112946
0.0140423
0.0310329
-0.00151868
-0.00322497
0.0751192
-0.00037448
-0.000117513
0.00367012
0.0416392
0.0293595
-0.00314141
0.0047621
0.0139266
0.050573
-0.000305219
3.35948e-06
0.0931387
-0.000103187
-0.00116107
0.00665058
0.000604237
-0.000286122
0.000386717
0.00038517
-9.28175e-05
0.00309454
-0.00299389
0.00975265
0.000141916
-0.00632984
-0.00035471
-0.000357015
-0.000480146
0.00553641
-2.03912e-05
0.0106937
0.0234038
0.0669779
0.00634813
0.00627499
0.00529229
0.0176844
0.00386034
0.00353348
0.00335073
-0.0121821
-0.000303522
3.83173e-07
0.140754
-0.000930507
0.0330328
0.00686275
0.000418714
-0.000369091
0.026321
0.0103252
0.000122128
-0.00775443
-0.000477543
0.00867255
0.0149604
0.0695872
0.000366497
0.000915431
0.00208287
0.00226375
0.000553674
0.000580441
0.00161382
0.00249361
-0.000206986
8.66153e-06
8.45463e-06
0.000250152
0.00340096
0.00199816
0.00199717
-0.00831558
0.01078
-0.0268078
0.0231699
0.0107938
-0.00232961
-9.39632e-05
0.00228913
0.00792383
0.0263726
9.05075e-06
0.000772141
0.00845642
8.66654e-05
2.40554e-07
2.55154e-06
8.20872e-05
0.00466911
0.00574555
0.0042012
0.00453237
0.00792382
0.00144878
0.00919548
0.00280844
0.0135278
0.00548921
0.0124674
0.000698145
0.00167998
-4.63793e-08
2.32692e-08
1.36274e-05
-0.00607965
0.00412852
0.00430737
-0.0102285
0.00411562
0.00819863
-0.0303578
0.00399751
0.0579194
-0.0106655
-0.0028007
0.0317102
0.100047
0.00225517
0.0133804
0.0272581
-0.00338879
0.00910319
0.0465415
-6.04409e-05
0.0273676
0.00842313
0.00563874
0.0554701
0.0550903
0.0265151
0.0347786
0.00783926
-0.00648539
0.0212664
0.0212661
0.0122579
-0.00279947
0.0318376
0.0606007
-0.0101854
0.0907356
0.00169649
-0.00327957
0.00914346
0.013496
0.02633
0.0463539
-8.40267e-05
0.00570628
0.0555924
0.0287659
0.00957279
0.0586957
0.0262023
-0.00727459
0.0254469
0.0362865
0.00760745
0.026854
0.010289
0.0875055
0.000206293
0.0951903
-0.000171642
-0.00807995
-0.000568229
0.000143356
0.00261057
0.0713055
-0.00178038
0.0901623
-0.000246883
-0.00124129
0.00492573
-8.23092e-07
0.00585942
0.0346167
0.0238083
0.00144838
-0.000398751
0.0282606
0.0709559
0.00427905
0.0117103
0.0147255
0.122195
-3.11892e-05
-0.00134247
0.0111842
0.0640139
0.00358465
0.0090349
0.0951397
0.000348011
0.000140134
0.00258952
0.142272
-0.000639079
0.0373221
0.000579061
0.0784262
-0.00263453
-9.01272e-07
0.00581554
0.139509
-0.000619548
0.00840492
0.0342111
0.0368086
0.0221785
0.00444559
0.0114974
0.00123056
-0.000405749
0.0238528
0.0742089
0.00672152
0.11618
0.0034813
0.00865579
1.76504e-06
-0.00171564
0.0056215
0.0653537
0.000239281
0.00116135
-0.047696
0.011743
2.62704e-05
2.65883e-05
-0.0139557
-0.013807
-0.000870937
-0.00333713
-0.000207984
0.000354255
0.0078277
0.00875019
0.00640431
-0.0211969
-7.21978e-11
-1.01466e-09
0.00338229
0.00350834
0.00336455
0.00913385
2.11926e-05
0.0016978
0.000317956
0.000281657
-0.101111
-0.100844
0.00140319
0.00109979
0.00282508
-6.07312e-05
0.00171273
0.00170942
0.00529467
0.00552447
0.00517874
0.00813396
0.00581202
-0.0111535
0.000525268
0.00251197
0.0124065
-0.0474348
-0.000963871
-0.00221275
-0.000201618
0.000347141
0.00953339
0.00731912
0.00710756
-0.0211197
-0.00019322
0.0179784
6.2636e-06
0.000951722
-8.97222e-05
-0.00407597
8.00564e-05
0.00278831
0.00866355
0.00318885
-0.0108317
0.00621998
2.00146e-06
0.00153099
-0.000108104
4.41062e-06
-0.00798501
0.00484974
-0.00188248
0.00719878
-7.85607e-05
-7.84472e-05
-0.000376011
-0.000386277
-0.00136987
0.00893716
0.00329594
0.00544507
0.000101977
0.000104879
3.35338e-08
-5.52585e-08
0.00284075
0.000132097
0.00620025
0.00439368
0.00581894
0.00579887
0.00549936
0.00531219
0.00488184
0.00467753
-0.0181731
-0.0182754
-0.0101673
0.00957971
-0.000106014
1.10029e-06
0.00490388
-0.00280404
0.0249715
0.00757528
0.00945566
0.0275499
0.00280063
0.00713603
0.000433833
0.00105459
0.00440847
0.00610244
0.0976445
0.0977671
0.000403141
0.0571923
0.11161
-0.00442427
-0.000538455
0.0946954
0.0339735
0.0271173
0.002746
0.00650633
0.0535866
0.0506755
0.00202364
0.0599921
0.101981
0.0576606
-0.000645707
0.0899484
0.0534826
0.0620525
0.0021739
0.0515243
0.0329586
0.00646744
0.00111353
0.0304191
0.136781
0.0907179
-0.00127139
0.0156117
-0.00104846
-0.00280225
-0.000189126
0.00143749
-0.0013166
0.00110027
-0.000187412
-0.00280179
0.000184954
0.000158948
0.000297435
0.000773804
0.000340841
0.000856771
0.000300763
0.000160509
0.0203554
0.0329007
0.00429473
0.00515536
0.0564066
0.0100376
-0.000585504
0.0283563
0.053219
0.0273442
-0.000538357
0.00997782
0.0199392
0.00511871
0.00427754
0.0326391
0.024775
0.0115017
-0.0282932
0.0647451
0.0345519
0.065683
0.0281593
0.0337146
0.036921
0.0344889
0.0284987
0.0660017
0.0252609
0.0648152
-0.0281623
0.0115112
0.0942735
0.0941736
-0.00222483
-0.00194992
0.0873766
-0.00209641
0.000705826
0.0930949
0.00863338
0.0191883
0.0108173
0.00943711
0.0263013
0.00663243
0.00744304
0.026613
0.144943
0.0285603
0.0258885
0.141704
0.0244635
0.0193666
0.00817947
0.00680566
0.00298885
0.00996265
0.00984954
0.0114336
0.134408
0.141466
0.0280341
0.0270945
0.00249055
0.00324602
-0.000287776
-0.000365561
0.00205116
-0.000439696
-0.000295208
0.00323639
-0.000462927
-0.000128295
9.43584e-05
-0.00077293
-0.000318931
-0.000171392
9.8417e-05
-0.000125677
0.112187
0.0689976
0.01098
0.0206922
0.0664167
0.00780648
0.00906
0.0714071
0.0673046
0.073813
0.00889213
0.00752118
0.111358
0.0204994
0.010773
0.0727707
0.129951
0.0751331
0.00491692
-0.00334757
0.0299561
0.0237649
0.0117345
0.0710189
0.037054
0.0275064
0.0173444
0.0352146
0.00840217
0.00249205
0.00954656
0.0197252
0.117302
0.011757
0.00455296
0.0768043
0.00285416
0.0119295
0.0122997
0.00324302
0.041755
0.0354434
0.0149046
0.0270506
0.0297993
0.0822866
0.0184818
0.0239056
0.0130693
0.00549584
1.73742e-05
-0.00125422
0.0134652
-0.00158705
9.9487e-06
0.00547385
-0.00356623
-0.0052764
0.00124361
0.00089537
-0.00363541
0.001998
0.00168682
-0.00533108
0.0815396
0.0930696
0.00144253
0.0005531
0.00951042
-0.00627463
-0.00436671
0.010259
0.00417947
0.00866377
-0.00428754
-0.00668216
0.0831825
0.000286143
0.00166385
0.0887613
-0.0202939
0.00714744
0.0115181
0.0334483
-0.0216539
0.0331911
0.0118327
0.00731181
0.023929
0.0285583
-0.0270813
-0.00374947
0.0198373
0.00259717
-0.0262815
0.0265979
8.33441e-05
0.0016495
-0.00396171
-8.96847e-06
-0.0112852
0.00294437
-0.00733318
-0.00742181
0.00387871
0.00203349
0.010355
0.00832559
0.001666
0.000181771
-0.00545056
-0.0139931
0.000405604
0.00242666
-0.00712474
-0.00759547
0.00400398
0.005137
0.00468763
0.00251095
0.000236827
-0.00021749
0.0468823
-7.79462e-06
0.000207649
0.00171548
0.0606571
-0.00114555
0.00156338
-0.00340301
-0.00223776
0.039412
0.00193802
-0.00628072
0.000678879
0.0179414
0.000233329
-0.000328983
-0.000223635
0.0395884
0.000227913
-0.00108836
0.00171108
0.0579614
0.000316135
0.0401379
-0.00743053
-0.00586156
6.92442e-05
0.0163986
-0.0105998
0.000597891
0.0157399
0.00435824
0.0163179
0.0103767
1.24574e-05
1.23716e-05
0.00288958
0.0535158
2.39816e-05
-4.1378e-05
0.0969526
0.0010594
0.00199584
0.014268
0.00978924
0.0236324
-0.00488349
-0.00488236
0.00147641
0.0317552
-0.00266067
0.000397113
0.0786695
0.000712672
8.98572e-05
5.78176e-05
0.0032215
0.0245741
-0.00104498
0.000428364
0.0252391
0.0118419
0.000683119
0.000607399
-0.0040284
0.0237703
0.000712206
-0.00134974
0.000222982
0.0379749
0.0151409
0.00420603
0.0202999
0.0104404
-2.65939e-05
-3.74349e-05
0.0927433
0.000918986
0.0021485
0.0115386
0.010522
0.0221983
-0.00113848
-0.000178801
0.0789874
0.000998006
-0.000891494
0.000330147
0.0294024
0.0116632
0.000201271
-0.000651465
0.00423864
0.039299
0.000639575
9.02283e-07
0.0515035
-0.000119488
-0.00131669
0.00212117
-0.000144702
-0.000165896
-0.000128607
0.000250067
-9.31679e-05
8.97118e-05
-0.000306826
0.00181632
-9.46341e-05
0.000948284
-0.000427247
-0.000533114
-0.00047992
-0.000323679
-4.66144e-05
0.00307174
-0.0039755
0.00741115
0.000170095
0.000202536
0.00102225
0.000688455
8.7463e-05
0.000116269
0.000186345
7.10308e-05
0.000637228
4.12934e-07
0.0459237
0.000233283
-0.000266979
0.00202061
-0.000130457
-0.000185266
4.54831e-06
0.00184084
-0.000112871
0.00119872
-0.000468652
0.00496546
-0.00469652
0.00783416
0.00031425
0.00258466
0.0010309
-0.000469869
0.000983538
-0.000204958
-0.000219114
-0.00322668
9.21957e-05
1.7936e-06
1.60183e-06
5.39436e-06
4.1573e-05
6.1174e-05
5.1911e-05
0.000396648
0.00227366
-0.0266588
0.00152812
0.00222411
-0.00103067
0.000143428
0.000436542
0.00164092
5.65875e-06
7.4833e-06
0.000702686
0.00159689
-0.00035801
-5.64982e-09
4.24196e-07
0.000355592
6.66082e-05
0.00173393
0.00184012
0.000102312
0.00171014
-0.00328734
-0.00163728
0.00231164
0.00410124
-0.0021859
0.0013823
0.000274404
-0.000746287
2.96277e-08
1.3556e-08
-0.0008747
-0.000334486
-4.82534e-05
-1.82272e-06
-0.00136489
0.000167753
0.0031801
0.0265523
0.000287636
0.000871985
-0.0257012
0.0202822
0.00182717
-0.000230309
2.53841e-05
0.00287832
0.0343264
-0.00122303
0.000210381
0.0960628
0.00220275
-0.00375607
0.00305977
0.00934689
0.0147499
-0.0118688
-2.21633e-05
0.00101685
0.032509
-0.000757906
0.00441501
0.0551178
-6.57367e-05
-0.000887098
0.00737782
0.00820457
0.00808491
0.00580031
0.000354081
0.00275487
0.0294368
0.00100009
-0.000799279
0.0299312
0.00486208
0.00188977
-0.00506874
0.0283301
0.00285674
0.00198749
0.00110335
-0.00303209
0.019271
7.96068e-05
0.00140734
0.00911495
0.00500819
-0.000233291
2.51813e-05
0.00287652
0.0342935
0.000594014
-0.0256082
0.0233296
0.00202567
-0.00132054
6.36922e-05
0.0969764
0.00166161
-0.0111604
-3.29803e-05
0.00111415
0.0325775
-0.00341305
0.00299987
0.0100714
0.0143036
-0.000806877
0.00564464
0.0542759
-8.99869e-05
0.00519168
0.000254083
0.00261692
0.0282312
-0.00104022
0.00749768
0.0114309
0.0078222
0.00107098
-0.000840101
0.0277609
0.00529099
0.00264893
0.00109811
-0.00379299
0.0230495
0.00235976
-0.0028895
0.0317042
0.00230997
-0.000825979
0.00145996
0.0181055
0.0051919
1.80628e-06
0.00116394
0.0897017
0.000136642
0.00341023
1.91832e-07
0.0504666
-0.000172669
0.00319749
0.00226947
2.71764e-05
-0.000152284
-4.65869e-05
0.000136553
0.000142848
0.000115084
-0.0171156
0.00280057
0.0752176
0.000194038
-1.60606e-07
1.84627e-06
0.0554328
-0.000137176
0.00694391
0.00462058
-0.00124163
0.00622021
-0.000751532
0.000179733
-5.23276e-07
0.000294391
-0.000959564
0.00139332
0.0275378
0.0140734
0.00360973
0.0015318
-0.00012135
-0.000402125
9.81402e-05
4.82437e-05
-0.00255806
0.000838435
0.00476124
0.00431228
-0.000140628
0.00291819
1.51154e-05
0.00364324
-0.00898657
0.0607955
0.0101458
0.00383931
-7.17659e-06
0.000217234
0.000160781
0.00269134
-0.00589952
0.0128509
0.0362352
0.0018338
0.000137826
0.000854104
6.85812e-07
0.00116328
0.0989299
0.000110168
5.26418e-05
0.000134848
0.00013953
0.000117086
0.00338933
5.42681e-07
0.0435469
3.33711e-05
0.0347597
0.0388775
-0.0734178
0.000279749
-0.0174418
0.0027104
0.0770325
0.00648011
-0.000551881
0.000177457
-5.58505e-07
0.000291376
-2.00194e-07
-2.48931e-06
0.049352
2.6113e-05
0.0281595
0.0317685
0.00810135
0.0378785
-0.00294588
0.00134111
0.0237933
0.012408
0.00439608
0.00442097
-0.000185189
0.00282556
0.00331014
0.00143648
-5.12313e-05
-0.000437244
2.75083e-05
1.01355e-05
-0.0042715
0.00141424
-0.000185985
0.00295255
-0.00702243
0.0560506
0.035232
0.00155752
4.65515e-05
0.000624972
0.0133241
0.00453238
-6.93503e-06
0.000291763
0.000486049
0.00254413
-0.00854007
0.0135275
0.0150837
5.38176e-05
-0.00281758
0.000474244
0.00219201
0.00609378
-0.0260714
0.00185604
-0.00202481
-5.50598e-05
5.42426e-06
5.30436e-06
0.0243205
-9.63971e-05
0.00264962
0.0024972
-0.00234883
0.00283677
-1.98706e-05
0.00013237
-5.33939e-06
3.98758e-06
8.92114e-05
3.53961e-06
0.00273406
0.00317037
-0.000350457
0.0020028
-8.16364e-06
0.00234768
0.00327346
0.0208655
-0.00283243
0.00108102
2.70876e-09
-1.53999e-08
-0.0408004
-0.000287153
-3.87756e-05
-6.14969e-06
0.00231784
0.00035427
0.00180597
0.00132824
0.00208978
-5.55639e-09
-0.000871866
-0.000771252
-2.4134e-06
2.53034e-05
0.000139507
0.000123705
0.00924141
-0.00602576
-0.0424954
-0.0423008
0.00360934
0.000740726
-0.00055243
0.000822195
0.000465831
0.00117203
0.000372204
0.000121808
-0.00276011
-0.000257338
0.000222817
0.000347731
0.00366711
-0.000287454
-5.73571e-05
-0.000236777
0.00447337
0.00581017
0.00349016
0.00145998
0.000367098
0.000151211
-5.70839e-05
-0.00194713
0.0102543
-0.000951019
0.0033716
0.00195539
0.00218003
0.00613206
0.00182256
-0.0260771
0.000353593
0.00070313
0.000405779
5.57614e-06
2.80854e-06
3.7726e-06
9.13357e-05
7.62338e-06
0.00236374
-0.00254904
0.00156105
-0.000202967
-0.000387024
0.00242765
0.00348249
0.0156903
-1.39176e-05
0.000843975
1.46735e-05
0.00240755
0.00217063
2.09285e-08
-0.000877549
-0.000384839
0.00601223
-0.00100371
-0.000253171
6.47477e-05
0.000421976
0.00117226
0.000133697
0.000374808
0.00410273
0.00390291
0.0017525
0.000939434
0.000466581
4.79374e-05
-0.00193091
0.000102803
0.00414064
0.00307463
2.94929e-09
0.000576809
-1.8581e-05
-0.000269076
0.00031795
-1.11615e-07
0.000315952
0.00356443
-0.00144519
0.000972971
2.11641e-05
-9.57493e-06
-0.00107231
0.00187211
5.58437e-07
0.000249404
-7.8267e-05
7.83814e-05
0.00309615
1.35694e-07
-0.000105343
0.00010351
-4.09789e-06
-7.88405e-08
-0.000552285
0.00163053
-0.00212316
0.000529502
-0.00123402
-0.000385758
-9.84131e-08
-5.64541e-08
0.00015074
-0.000152734
-0.00188062
-0.000857961
-3.00184e-09
1.57916e-08
0.00312094
0.00157931
-0.00284184
0.000139239
0.0412415
0.00159658
0.00255274
0.0018127
0.00190059
-0.0119432
0.00104734
0.00092067
0.0120573
-0.00041671
0.000446195
0.000493829
0.00119178
0.000407905
8.25089e-05
0.000121321
0.00218507
-0.0153053
-0.0195852
-0.0194877
0.0274066
0.0330162
0.00033448
-5.65909e-05
0.000203301
-0.000273814
0.000315442
2.72912e-07
0.000282326
0.000130499
0.00106704
-0.000683157
0.000130113
-4.82372e-07
-0.000107562
0.00164089
-8.74264e-07
-1.09263e-08
0.00167475
7.73483e-05
0.00136421
0.000188882
-0.000961023
0.00165599
0.00689547
0.00217954
-4.30602e-05
0.00100346
0.0395084
0.00157241
0.00176563
0.00261772
0.0171252
-0.00374594
-0.00551077
-0.000275923
-0.0060622
-0.00810088
-0.0032569
0.00212542
-0.000434131
0.00107701
-0.0016973
0.00210717
0.018385
0.00966308
-4.05532e-06
0.000110059
0.0157169
-0.00433943
0.00338282
-0.000334893
0.019514
0.0047708
0.000170576
6.57379e-05
-0.00565865
0.00103863
0.00367076
0.00219017
0.00044993
-0.000370145
0.00257954
0.000745806
-0.00200479
-0.000104908
1.32266e-05
-5.30786e-05
-0.00199697
-8.9939e-05
1.2176e-05
-5.53518e-05
-0.000149107
5.78889e-07
0.000349295
-1.0511e-09
-7.55069e-05
8.71253e-07
0.000355154
-1.05837e-07
0.00072485
0.00628981
-5.13743e-05
0.00108879
0.000890383
0.00200727
-0.00628135
0.00154406
0.000782203
0.00192064
-0.00592652
0.00152431
0.000675878
0.00644545
-5.16079e-05
0.00106539
0.00283637
-0.0012188
-0.023444
-0.000794474
-0.00744502
0.00662744
0.00176002
-0.0484655
0.00746548
-0.00620317
-0.0482841
0.00227864
-0.00100574
0.00277926
0.000371408
-0.0236145
0.00347197
3.90864e-06
2.18928e-06
0.00264412
0.00527318
3.6832e-07
1.68544e-06
0.00531138
-1.92658e-05
0.00760587
0.00266925
-1.71558e-05
-1.8935e-06
0.00258724
0.0015474
-1.07049e-05
0.0254756
0.00104341
0.00920118
0.0315801
4.14368e-05
0.00382243
0.00136501
0.000165842
-2.7664e-05
0.0104172
0.00336492
-5.78409e-05
0.0269155
-0.000517882
-0.00933097
0.0335742
1.10181e-05
0.00277585
1.46493e-07
-0.000479006
0.00275818
0.000158399
-0.00048942
3.67319e-07
-1.53193e-07
0.000202784
-4.82887e-05
-9.18968e-07
0.000108532
-1.22786e-07
-7.69445e-08
-4.53289e-05
0.0424375
0.00676117
0.000149684
0.00164789
0.0377145
0.00111189
0.000438869
0.00194438
0.00109658
0.0372094
0.00187551
0.000460362
0.00671078
0.0407108
0.00157244
8.58609e-05
-0.000609135
-0.00605537
0.00136708
0.00152195
0.00401616
-0.000709451
0.00170771
0.00250518
0.0022625
0.00297405
0.001735
-5.26833e-05
0.00615158
-0.00137165
0.00153021
0.00535027
-0.000942832
-0.00356376
-7.48739e-05
0.000304755
0.00689365
-0.00197334
0.00193931
0.00475718
0.0024226
0.00320949
0.00153531
-0.000190307
0.00400658
-0.000137376
0.00232781
0.00542086
0.00504723
-0.0016906
-0.000850709
1.62435e-08
0.00548484
-0.00166663
-0.000865137
-2.14646e-08
0.000422384
-5.78238e-06
-2.57853e-09
0.00141711
0.000422385
-5.5723e-06
1.69381e-08
0.00104811
0.00424486
-0.000968301
0.00696028
0.000437587
-0.00213277
0.0010672
0.000392046
-0.00372241
-0.00222999
0.0007596
0.000467971
-0.00345596
0.00354764
-0.000862163
0.00715552
0.00018075
0.000835739
0.0100151
-0.00044603
0.00119178
0.010752
0.000639112
0.0013825
-0.000353872
0.00434068
0.00870787
0.00237831
-0.00278675
0.00835138
0.00420697
0.00383118
0.00198742
0.0155309
0.00821054
-0.000343355
0.0294007
0.0723564
0.000799292
0.00683916
-0.0321645
0.0164027
0.0519669
0.0335513
-2.53574e-05
0.0191943
0.00889396
0.00375535
0.025469
0.0256648
-0.00537863
0.0238296
0.00162072
-0.00113281
0.0150925
0.00695466
0.00438408
-0.000359709
0.0291878
0.015597
0.00811369
0.0717308
-0.000146571
0.0143292
-0.00176044
0.00727594
-0.045661
0.0331505
-0.000133998
0.00387801
0.024755
0.0212576
0.00991515
0.0283908
-0.00595682
-0.00267341
0.0203469
0.0246932
0.00310263
0.0168118
0.00465808
0.00967704
-2.45507e-07
0.0498368
-9.31544e-05
-0.000150303
-7.99145e-05
0.000168215
-0.000215031
0.0165529
-2.79136e-07
0.0579031
-0.000146132
-0.000311551
-0.00599248
-0.000991105
-0.000834295
-0.00139003
0.0313613
-0.000183122
-0.000124715
-0.00145014
-0.00152003
0.000137811
0.00825904
-0.00678402
0.00814046
-6.12076e-05
6.0014e-05
-0.00635887
0.0169899
0.000230773
-0.000652014
0.00387853
0.000117422
9.23161e-05
-0.000183618
0.0431196
8.96466e-05
0.00468427
-0.000467796
0.00268508
-0.000237195
-0.000890309
-0.000665398
0.0535368
-8.0603e-05
-0.000349821
0.0181393
-0.0046411
0.03108
-0.000364669
0.00811369
-0.000138513
-0.0010439
-0.0036681
0.00210739
-0.00933593
0.0107766
0.0001797
6.22071e-05
-2.77008e-05
5.80719e-05
-0.0135173
0.016142
0.0409076
-0.0237943
0.0101151
0.0142898
0.000420224
0.00269472
0.000119548
0.00216066
0.00288705
0.048773
0.00288669
0.048777
4.57533e-06
4.42104e-06
0.00240322
0.00234526
0.0978603
0.00155996
0.0967552
0.000337998
-0.000103238
5.41375e-06
8.88793e-05
1.98591e-06
0.00887404
0.0198076
0.0240029
0.00822845
-0.00115169
0.00100556
0.004041
0.0193903
0.00114136
0.0340439
0.00118864
0.0339895
-0.00325454
-0.00325453
-0.0010321
-0.000977333
0.0781848
0.000338803
0.0811887
-0.000692441
0.00280384
-0.000187703
-0.00124906
-0.000917139
0.00315819
0.0305148
0.00314974
0.0305219
7.33135e-05
5.24791e-05
0.00192124
0.00350699
0.0256755
0.0100867
0.0279713
0.0150737
0.00439876
-0.00315888
-2.64054e-05
0.000498311
-0.00352977
0.0224072
-0.00387403
0.0242676
1.49281e-06
8.74864e-05
0.000347555
0.000208328
0.00592533
0.0138063
-0.00547073
0.0453181
0.00284403
9.32316e-05
0.0017
-0.00567933
0.0448712
-0.0239546
0.0140211
0.0142513
0.000494939
0.00238569
0.00217464
0.000183097
0.0944379
0.00116891
0.0909317
0.000319273
-8.00373e-05
-2.53878e-05
9.18399e-05
8.8362e-06
0.00896212
0.0188315
0.0275707
0.00700868
0.00153499
-0.00147301
0.00421655
0.0138067
0.0801739
-0.00105265
0.0812744
-0.000482078
0.000103284
0.00267117
-0.00126488
-0.000715557
0.0242455
0.0102229
0.0273267
0.0146687
-0.00339595
0.0077215
0.000615189
-2.31483e-05
0.0133419
0.0123068
-0.00409135
0.0433844
0.000112379
0.00236842
-0.00562404
0.00128557
0.0515376
-0.000182435
0.0529206
-0.000126471
8.39362e-07
0.00035298
0.000491505
5.6009e-07
-0.00017533
-0.000217696
-5.53251e-05
-0.0002576
-0.00114471
0.00163631
-0.0011294
0.00198728
5.88259e-06
4.65501e-05
5.09667e-06
4.74785e-05
0.000135287
-0.000135466
-0.000193153
0.000344628
-0.000129008
0.00372406
-0.000103016
0.000754452
-0.000447216
0.00171663
0.000329838
-0.000181083
-4.56456e-07
0.000118331
-4.76819e-07
0.000117955
4.85018e-05
-5.02419e-05
0.000202289
-0.000201502
-0.00374312
0.00146026
-0.00879147
0.0123059
7.17821e-05
-0.000381526
0.00209471
-0.00432972
0.000520693
0.000613894
0.000517628
0.000600081
0.000117735
0.000151665
0.000153302
0.000208185
0.000135411
0.000131795
9.91337e-05
0.000134813
7.23747e-05
0.000111767
-7.97233e-06
8.46346e-05
0.0452056
-0.000175852
0.0469833
0.000133694
-0.000150705
0.000261226
-2.98409e-07
2.99571e-07
-0.000201007
-0.000136861
-3.36525e-05
-0.000267065
0.00177664
-0.00051778
-0.000223279
0.00178613
-0.00017163
0.00203956
-0.000110281
0.000309268
0.00176962
1.78344e-05
0.000357112
-1.18683e-05
-0.00422017
0.0015121
-0.00992577
0.0121811
4.34418e-05
0.000822548
-0.00357115
0.00209467
0.00174341
0.00138936
-3.51518e-05
2.29306e-05
-0.000149931
0.00013686
0.00175893
0.00100284
0.00179522
0.000408304
0.000392227
0.000166864
3.38003e-05
-0.0013147
0.00115411
0.000348287
3.30231e-06
3.26105e-06
9.11736e-05
4.02183e-06
9.22702e-05
6.54641e-06
-5.36104e-07
-1.87525e-07
0.000120474
0.00010465
5.1273e-05
0.000179848
0.000179319
5.07519e-05
0.000140785
0.000139878
-0.0267088
0.00152517
0.00245581
0.00229092
0.00212548
0.00220307
0.00152217
-0.0267314
0.000122908
-0.000887685
-0.00105901
0.00174945
-0.000811008
0.00159536
0.00189429
0.000105868
1.66809e-06
0.000564028
-0.000177024
0.00153129
0.0015937
-3.16898e-05
2.60412e-05
0.000834796
0.000300634
4.51143e-07
-0.00015999
0.000157832
0.000253083
-0.000255333
0.000300622
4.02444e-07
0.00189132
0.00164178
0.000117707
0.00016175
7.04179e-05
0.000107121
0.00164397
0.00191564
0.00199661
-0.000264922
0.00248216
0.00369558
0.00424699
0.000935951
-0.00248734
-0.000375412
0.00402423
0.00207048
9.66577e-05
0.00601946
0.000174687
0.00538494
-0.00184582
0.000593813
-6.77781e-05
-2.06553e-06
-0.000873274
-0.000757729
-0.000876144
-0.000529441
1.69786e-08
-3.97962e-10
-3.00572e-05
0.000125295
-0.000140676
-0.00112996
-0.00112989
-0.000148527
0.00121314
0.00120023
0.00334766
0.0248766
3.39168e-05
5.4294e-05
0.000292635
-9.85792e-05
0.00344841
0.023156
-0.00297481
0.00116559
-0.000192848
-0.00763527
-8.88525e-05
1.00086e-05
-0.0155778
0.00486466
0.023608
-0.000332647
-0.0020481
-5.65309e-05
-0.00278942
0.00119239
-0.0172867
-0.000395141
-0.000525819
-6.10435e-09
0.0665964
-0.00104039
0.00380233
0.00734108
-9.64842e-05
0.001215
0.0023026
0.00270498
-0.00100439
0.0127455
0.010713
-5.96291e-05
0.0147613
0.00633731
-5.20367e-05
0.00973142
0.000787331
0.000873056
0.00288298
0.00078584
-0.00310716
-0.00714057
0.000327169
0.000226308
0.00170926
0.00181184
0.000291225
-5.21411e-05
-0.00091526
-0.010275
-8.53446e-05
9.63564e-06
-0.0156908
0.00487618
-0.000206317
0.000192727
-0.000232525
-0.0097915
0.0145049
-0.000267819
-0.00199283
-5.77867e-05
-0.000539354
1.11324e-10
0.066375
-0.000568216
-0.0023452
0.00181286
0.00580115
-0.000274479
0.00304156
0.0106536
-0.00012285
0.00232758
0.0107584
-9.41682e-05
0.0136266
0.00636377
0.00151598
0.0030449
-0.000376208
0.0118058
-0.000756525
0.00703245
0.000646573
0.000908049
0.000363225
0.000327606
0.00179493
0.00204052
0.00256029
0.00188016
-0.00138239
-0.00536087
0.000257359
0.000825117
-0.00110411
-0.010606
0.00063311
0.00196728
0.000112336
0.000229621
-2.3868e-09
6.60086e-06
0.00277577
1.5175e-07
0.00479305
0.00419245
0.00347029
0.00248236
5.04633e-05
2.55927e-08
-9.15096e-06
0.00037377
-0.0174339
0.00290891
-0.00934185
-0.00090819
-3.47262e-07
5.25276e-07
-1.221e-07
-8.31703e-08
0.00656062
0.00625541
-0.00231445
0.000121253
0.000176056
6.71902e-05
0.000482468
-2.65786e-08
0.00377664
0.00182214
-0.0051162
0.000542883
0.00621205
0.00170583
0.0032981
0.00155931
0.000332874
-0.000378231
5.32101e-05
-0.000809259
0.00241491
0.00475535
0.0178591
0.00246284
-0.000289193
0.00143446
0.0182069
0.00182302
0.00895162
0.00325839
0.00973081
0.00412247
-9.74597e-05
-0.000373408
0.000112108
0.00302357
0.0374025
0.00192398
0.0470071
0.00187973
0.0103153
-0.00169192
0.000114219
0.000148616
7.08424e-05
-1.0323e-09
0.0001181
0.000376205
-9.57605e-05
8.7111e-05
0.0027036
-0.000274784
0.00535488
0.00219706
0.029912
0.0346022
-0.00648198
0.00024416
-0.00929807
-0.00122849
0.000201839
6.4595e-05
0.000545538
3.81228e-09
1.91324e-05
2.6384e-05
-2.8655e-07
-7.5554e-08
0.0222388
0.0290662
-0.00124909
-0.000820802
0.00256907
-0.00254758
-0.00541889
0.000724976
0.00222444
0.00459821
0.0160182
0.00253762
0.00615781
0.00161482
0.00327769
0.00144562
-0.000132217
0.000344942
0.00227418
-0.000739978
0.000113225
-0.000209258
0.0167152
0.00175012
0.036599
0.00182847
0.0429566
0.00195645
0.0117253
0.00392382
0.0128787
0.00421827
-1.20328e-05
-0.000158031
0.000272017
0.00144259
-5.22731e-05
0.0167576
0.0120198
0.000122785
0.0288705
0.00471694
0.00403251
0.00145796
-0.00202066
-5.42978e-05
-5.52773e-05
-0.00201735
3.51479e-05
0.0238806
0.0238869
5.93841e-06
-0.00288404
0.00168449
0.00183193
-0.00234558
9.03473e-06
-4.32875e-05
5.22504e-05
2.74785e-08
0.00406131
0.00126432
0.000589684
0.0012168
0.00226195
0.000247242
0.00313659
-0.00157395
0.000422244
0.00128518
0.00106569
0.000422222
-0.0413832
-0.000165313
-1.05204e-05
-0.0411319
2.00299e-05
0.000688243
0.00209407
0.00412326
2.26263e-10
0.00372019
0.000839578
3.55723e-08
3.34825e-05
0.000327756
0.000337079
4.00923e-05
-0.0504596
0.0527799
0.0524725
-0.0479147
0.00740309
-0.000164155
1.14871e-05
0.00472926
0.00195706
0.000906124
0.00156724
-8.50294e-05
-0.00290006
-0.00115369
-0.00105067
-0.00293468
0.00309492
-0.000688415
-0.00107924
0.00296352
0.00154578
0.00119778
0.00349295
0.00607475
0.00172261
0.00049294
-8.38703e-05
0.00236441
0.0123452
-0.000161995
0.000107414
0.00961062
0.00143847
0.00455312
0.00440463
0.0286788
0.0027198
0.000636807
-2.96462e-05
-0.000211745
-3.91152e-05
7.98536e-06
-8.47577e-07
5.14734e-05
0.00204688
-1.84002e-05
0.00286314
0.0039452
0.00019367
0.00208628
-0.00350436
0.0016243
0.000432801
-0.000640801
0.00316271
0.00318129
0.00387031
1.96156e-08
-4.41843e-06
0.00101066
0.000722891
-0.000348648
-0.00142903
0.0125794
-0.000166158
0.0015352
0.00100531
0.00196815
0.00598632
0.00331008
0.000499399
0.00278341
0.00265572
0.000251423
0.000249702
0.00101065
0.00362966
0.00279215
0.0048155
0.0045198
-0.000397029
2.17241e-05
4.48945e-05
-0.000157767
-0.00207598
0.0047136
-0.000345249
0.00058984
-2.10176e-07
-1.15564e-06
9.83557e-06
9.18787e-06
6.17862e-07
0.000331831
0.000335106
7.36269e-07
0.00332717
1.72708e-07
1.89616e-07
0.00332455
2.03625e-07
-1.32586e-07
8.37995e-06
-1.66139e-05
4.66886e-05
-0.00246755
-0.000670483
0.000390221
-1.24751e-07
-7.70023e-08
-8.5795e-08
-1.24607e-07
-0.00168458
-0.000854335
-0.000861535
-0.00167255
0.00544699
0.00200791
0.0015114
0.0023509
0.0426504
0.00182525
0.00174279
0.0366683
0.000716332
-0.0086693
-0.00863142
0.000714938
0.000106182
0.0106463
0.0106637
0.000108747
0.00114101
0.000390688
0.00039536
0.00112729
0.00635884
0.000265411
0.000321643
0.00628657
0.0366494
0.0314143
0.0233107
0.0296798
-5.10452e-05
-0.000405077
-0.000160461
0.000203542
0.000516075
-0.00156156
0.00466435
-0.000563303
1.11789e-05
-4.6551e-05
-7.9696e-05
9.83129e-05
-2.39636e-05
-4.78417e-05
-9.58292e-05
-8.3739e-05
0.00106362
0.000225027
0.000724892
-0.00237056
0.0051427
0.0015076
0.00269107
0.00849732
0.0358193
0.0016928
0.00179262
0.0406924
0.050336
0.106803
0.0180682
0.0165312
0.0973886
-0.00253638
-0.00342623
0.0982761
0.00297214
-0.00111044
-0.00246889
0.00267677
0.0304208
0.0313387
0.0106385
0.0134758
0.0196828
0.0039408
0.00468961
0.0895834
-0.00142367
-0.00110042
-0.00301147
0.0034248
0.00196257
0.0024216
0.00290778
0.00427263
0.0969088
0.0979538
-0.00305972
-0.00196877
-0.00159582
0.0101713
0.00773962
0.0049393
0.0267742
0.00595021
0.00638011
0.0271736
0.000989183
0.00195019
0.000642363
0.000136013
0.00184723
0.00157485
0.00283314
0.00181156
0.0197698
0.0163147
0.00857363
0.0349379
0.0166646
0.011398
0.0170459
0.0137855
0.00142469
0.000489592
0.000130063
0.001547
0.0261647
0.0289037
0.00730821
0.00593877
0.0500831
0.0178635
0.010373
0.103606
0.0342519
0.0147213
0.0178588
0.0345804
0.000695954
0.00158729
0.00290067
0.0025437
0.0935734
0.0954935
-0.000277066
0.000679863
0.0204458
0.0321138
0.0109019
0.0190484
0.0251264
0.0050147
0.00280618
0.0273788
0.000249292
0.00121658
-8.85374e-05
-0.000616781
0.0204408
0.017001
0.0127166
0.0113905
-0.00498208
0.00476594
0.0074349
0.000713797
0.00194518
0.00186862
0.00256493
0.00149545
-0.00209837
-0.00185661
0.00523758
3.78925e-05
0.0287443
0.0271504
0.00718347
0.00476845
0.0144746
0.10451
0.00425066
0.0172778
0.091815
0.000333727
0.00188323
0.0930829
-0.00196624
0.00242636
0.00255709
0.000223763
-0.000545918
0.0203976
-0.00152475
-0.00043732
-0.00102129
0.00274392
-0.00207504
-0.000518303
0.0028959
-0.00201907
-0.00200355
0.00289807
9.42992e-05
9.65865e-05
-4.24733e-05
-5.04327e-05
0.00139835
0.00183059
-0.000124869
6.30865e-05
-0.00152049
-0.0012494
-0.00205966
0.00274311
0.00113535
7.02732e-05
-0.000118087
0.00135937
9.47926e-05
-5.09562e-05
-4.50965e-05
9.79317e-05
0.00289516
0.00289796
-0.00199867
-0.0020175
0.000355373
0.000294078
-3.85781e-05
0.000267703
0.000197912
2.91827e-05
5.97334e-07
7.23121e-05
6.51096e-06
8.49319e-06
0.000336259
0.000289006
0.000628959
0.000416939
0.000324629
3.51757e-05
0.000202409
0.000248328
-1.16274e-05
0.000245747
0.000697816
2.41848e-05
0.000372381
0.000476342
5.60008e-06
0.000290951
0.000342138
5.65037e-06
-0.000285944
7.4428e-05
8.02599e-07
-2.79589e-05
-0.00559429
0.000480132
0.00944785
0.0124274
0.0102716
0.001609
0.00415555
0.00811666
5.15649e-05
0.000164471
0.000649946
0.00104168
0.00320584
0.00327641
0.000249416
0.000327596
0.0330862
0.00361883
-0.000104202
0.0148238
0.000911759
0.00190558
0.00496066
0.00568796
0.000101347
0.00143189
-0.00580408
-0.0095061
0.0131299
0.0163318
-0.00343783
0.000752766
0.0322391
0.0125756
-0.000194085
0.00319032
0.0127156
0.000686147
-0.00507404
0.0154985
9.15497e-05
-0.00951323
-0.00571381
0.00142843
0.000802171
0.00559595
0.0048434
0.00195219
-0.00544911
0.0121582
0.00967545
0.000200949
0.00317241
0.000320584
0.000243241
0.00323604
3.91081e-05
0.00110913
0.000675751
0.000149813
0.0102106
0.00830654
0.00422844
0.00159516
0.0244084
0.00685163
-0.00895992
0.00870895
0.0193
0.0151304
0.0199511
-0.0356858
-0.0242919
0.00247403
-0.00761566
-0.02053
0.053473
0.0462476
0.0159453
0.0263418
0.013588
0.031772
0.000428682
0.00269073
0.027859
-0.0692777
-0.0738147
0.0335598
0.00380169
0.00631543
0.0376612
0.0246938
0.0144025
0.0263488
0.00688226
0.00370307
0.0127282
0.00419676
0.00179137
0.0302034
0.014439
0.00368594
0.00628854
0.0257261
0.00387285
0.0270227
0.0377347
0.00672854
0.0278589
0.0337601
-0.0719223
-0.0682497
0.0243174
0.00861027
-0.00907348
0.00691565
0.0534555
0.0262998
0.0161555
0.0462587
-0.0244345
-0.0209473
-0.00758822
0.00228665
0.0191763
-0.0357563
0.0203598
0.0153079
0.0483708
0.0535001
0.00347439
0.00321421
0.0516348
0.00388234
0.00355086
0.05099
-0.000925943
-0.00106205
0.00272717
0.00307252
-0.00137394
0.00216839
0.00256137
-0.00109448
0.0592787
0.00642788
0.00592227
0.0566276
-0.000495208
-0.000522308
0.00586084
0.00534808
-0.00177622
0.00297041
0.00495854
-0.000674476
0.0522443
0.0542413
0.00487031
0.00474162
-0.00629234
-0.00618152
0.00824523
0.00959515
-0.00676175
0.0036346
0.00652092
-0.00735638
0.00373617
0.00161204
0.00228444
0.00425099
0.00165811
0.00351869
0.00299705
0.00167331
-0.00278876
0.00317824
0.00293941
-0.00201377
0.0018319
0.00192315
0.00155323
0.00123359
0.00180739
0.00160982
0.00152908
0.0018127
-0.00378949
-0.00305649
0.00249336
0.00273211
0.0413584
0.0322411
0.0276937
0.0466571
-0.000392029
-3.01665e-05
0.0329402
0.0366082
-6.66885e-05
0.0348324
0.0341143
-0.000140315
0.0456455
0.0443766
0.028454
0.029423
-0.00594664
-0.00409896
0.00355613
0.00294491
-0.0044494
0.00600114
0.00449567
-0.00425684
0.0015638
0.00158589
0.00144058
0.00179758
0.0016604
0.00112136
0.00149473
0.00182705
-0.00988972
0.0122903
0.0109868
-0.010619
0.00169707
0.00172125
0.0036463
0.00416401
0.00238622
0.00335742
0.00309802
0.00163389
-0.011664
-0.00895783
0.00942604
0.00860011
0.0557477
0.0512598
0.0245721
0.0229475
0.0464469
0.0258636
0.0250355
0.0480951
0.000620231
2.26938e-05
0.0316275
0.03189
-0.000107097
0.0302643
0.0313199
7.78792e-05
-0.000281714
-0.00020516
0.00277182
0.00263957
-0.00016096
0.0029188
0.00322876
0.000255091
-0.000258976
-3.26035e-05
-0.000437861
-0.000132541
0.00038356
-0.000177388
1.65161e-05
0.000353898
-0.000119783
0.00280982
0.00287899
-8.66477e-05
0.000534452
0.000365277
5.40559e-05
-7.08249e-05
0.000557197
0.000130845
-0.000447258
-3.93205e-05
0.000297275
0.000255454
0.00321944
0.00350192
-0.000584211
-0.000126487
0.000202159
-2.74019e-05
-0.000242778
9.94971e-05
8.02766e-06
0.000120545
0.000304718
-0.000216747
-0.000104459
0.000201834
0.000183075
7.98147e-05
0.000203078
0.000203717
-0.000647796
-0.000141811
0.000143998
-0.0002883
-0.000121436
1.38475e-05
7.66371e-05
-0.000131891
-0.000306234
-0.000204094
-0.000101634
-0.000212957
-0.000239221
0.000123006
1.08144e-05
-0.000101588
0.0136491
-0.000931611
0.036557
0.0139688
0.00201583
0.0451565
0.0416324
0.00104957
0.00188823
-8.61793e-05
0.00180993
0.00388096
0.000823198
0.00433898
0.0105873
0.011791
0.0180518
0.0371802
0.0381856
0.0156398
0.000183567
0.00120334
0.00299751
0.00190661
0.00188062
0.00334834
0.0022917
0.000457974
0.0146474
0.0150864
0.0375743
0.0398823
0.0166262
0.0158609
0.0374719
0.0362483
0.016921
0.0383565
0.0366503
0.014991
0.0019109
0.000499985
0.0022404
0.00328632
0.000205058
0.00172831
0.0028966
0.00123676
0.0170564
0.012899
0.033997
0.00120307
0.000870163
0.0117947
0.0106569
0.00437176
0.0019413
0.0038024
0.00175665
-5.21558e-05
0.0024567
0.00131191
0.0389521
0.0429234
0.0289735
0.0545603
-0.0142635
0.00575151
0.0836327
0.00382792
0.00163958
0.0815651
-0.00109626
-0.00210539
0.00154412
0.00260955
0.00116232
0.00468227
-0.00131647
-0.00294706
0.0238964
0.00405162
0.00210245
0.0478063
0.00915165
0.00316365
0.00585881
0.0112907
0.00073693
0.00297269
0.00330037
0.00417436
0.0808124
0.0677556
0.00294414
0.00547619
0.0227148
0.00953908
0.00563768
0.0298698
0.00393749
0.00499404
0.00235512
0.00785015
0.00542683
0.00380354
0.00158084
0.00333676
0.0215083
0.0273459
0.00346429
0.00355215
-0.00637553
0.0100565
0.00735691
-0.00849833
0.0024075
-0.00153903
0.000289145
0.00415568
0.000941046
0.00656092
0.00472404
1.55341e-05
-0.00236365
-0.00556583
0.00799769
0.00628946
0.0338579
0.0215089
-0.00678815
0.0682149
0.00124343
0.00113143
-0.000826969
0.0183207
-0.00194513
0.000589287
0.000373044
-0.00132527
0.0803802
0.0812283
-0.000626072
-0.000397549
-0.00525798
-0.00798175
0.0110731
0.0133182
0.000319196
0.00554634
0.00795678
-0.0046947
0.00120481
0.00135324
0.00476333
0.0057085
0.00240061
0.00452064
0.000595289
-0.000748644
0.0291259
0.0308674
0.00580573
0.0188994
0.0237152
0.00350742
0.00410335
0.0292468
0.00725534
0.00516029
0.00103903
0.000147307
0.00941524
0.0164637
0.00306756
0.00541387
0.0236165
0.0470608
0.00227158
0.00495001
0.0822592
0.00250339
0.005561
0.0678818
0.00426936
-0.0018988
0.00760243
0.00531553
0.0100624
0.0123581
0.00645841
0.00304756
-0.000313576
0.000269218
0.00107105
-0.0107245
4.29421e-05
-0.0017826
-0.0016876
0.000206339
-0.00087397
-0.000872569
-0.000852514
-0.000856139
-0.000132358
0.00174726
0.00353477
0.00203383
-0.000381447
-0.0106863
0.00123678
0.000404072
-0.000149464
0.0021422
0.00381068
0.00232926
-0.000875414
-0.000859742
-0.000863334
-0.000876826
-0.000247903
0.000204665
-0.0016696
-0.00177659
0.00791053
0.00447039
0.00014977
-0.000466378
-0.00219187
-0.00120509
0.000422314
0.0011303
-0.000637849
-0.000457118
0.0013511
0.00118289
-0.000954084
0.00325908
0.00190532
0.00119778
0.00887347
-0.000526127
0.000156645
0.00537082
-0.0018903
0.000686622
0.00145663
0.00257217
-0.000751991
0.00107332
0.00105707
-0.000764473
-0.00221764
0.00106444
0.000422327
-0.0012051
0.0086491
0.0416017
0.0267014
0.0488615
0.0439369
0.00134509
0.00859188
0.0526909
-0.000316152
-0.00409549
0.00849557
0.000215025
9.04277e-05
0.00184073
0.00202773
-0.0091166
0.00774268
-0.0013878
-0.00120718
0.0041475
-0.00380293
-0.00284258
-0.00239078
-0.00295572
-0.000680754
-0.00147619
-0.00175115
-0.000690868
0.0229581
-0.00117307
-0.00619845
-0.00285646
0.00378513
0.00454211
-0.00135066
-0.0024869
0.021407
-0.00222264
-0.00503012
-0.00116543
-0.000555341
-0.000471376
-0.0013207
-0.00131414
-0.00386413
-0.00339755
-0.00237587
-0.00275591
0.00928856
0.0455706
0.0244995
0.0425261
0.00014666
-0.00897106
0.00193752
0.00180756
-0.000434146
2.83632e-05
0.0082008
-0.0042692
0.0443008
0.0511065
0.00814024
0.000982658
0.0535617
0.0424619
0.0316901
0.0359102
0.03283
-0.0413757
-0.0411417
0.0322109
0.00326415
0.00547825
0.00150746
-0.000190453
0.0256491
0.0171739
0.000499683
0.00354355
0.0531197
0.0198487
0.0315292
0.0411717
0.0250636
0.00378268
0.000750739
0.0171634
0.00337538
-3.20492e-05
0.00150734
0.00566186
0.0328124
0.0321987
-0.0407317
-0.0412133
0.0195654
0.0236279
0.00372515
0.000657284
0.024533
0.00369793
0.00577134
0.0257769
0.025408
0.0212679
-0.000870326
-4.50599e-05
0.0287363
0.000139954
0.00205883
0.0140118
0.0151709
0.00115996
0.00289489
0.0191161
0.0365433
0.0192576
0.000802145
-0.00114211
0.0260566
-0.000337759
-0.00146481
0.0246782
0.0234674
0.022672
0.00533331
0.00348152
