-0.748183
0.445
-2.025
-0.725
0.465
2.06311
-0.745
0.960273
-1.855
-0.605
1.525
1.85634
0.748183
0.445
-2.025
0.725
0.465
2.06311
0.745
0.960273
-1.855
0.605
1.525
1.85634
0.112021
0.159364
0.0833759
0.0801582
0.11203
0.160376
0.0843832
0.0801567
0
0
0
0
0
0
0
0
0
0
0
0
0
0
0
0
0
0
0
0
0
0
0
0
0
0
0
0
0
0
0
0
0
0
0
0
0
0
0
0
0
0
0
0
0
0
0
0
0
0
0
0
0
0
0
0
0
0
0
0
0
0
0
0
0
0
0
0
0
0
0
0
0
0
0
0
0
0
0
0
0
0
0
0
0
0
0
0
0
0
0
0
0
0
0
0
0.0429912
0.0701959
0.048187
0.0888526
0.0667984
0.0148546
0.106012
0.0330548
0.0338163
0.0525645
0.0428616
0.0481956
0.088855
0.0143358
0.0325028
0.0525521
-0.00838994
0.0686938
0.0422013
0.0811042
0.00101913
0.00105435
0.279683
0.337009
-0.00887206
0.0683409
0.0807564
0.000575779
0.106176
0.105995
0.0688676
0.107843
0.20854
0.0790753
0.0787164
0.0185284
0.401619
0.140053
0.139966
0.038892
0.270079
0.154815
0.0253943
0.0201465
0.0416251
0.0283615
0.0276111
0.0399915
0.00516823
0.0318618
0.0144394
0.0417509
0.0109649
0.0215232
0.020132
0.0254543
0.0414887
0.0276281
0.0283999
0.0399906
0.0318742
0.00523639
0.0144366
0.0109761
0.0416959
0.0215132
0.00781101
6.76142e-06
0.0312993
0.0297346
-0.0280955
-0.00903128
0.0149216
0.0176454
0.0195713
0.0461412
-0.00113741
0.119421
-0.0131519
0.0377105
0.0201814
0.170873
0.0078767
0.0297311
9.47548e-07
0.0313137
-0.0281617
0.0172473
-0.00952562
0.014661
0.0190914
0.118877
0.045612
-0.00165168
-0.0131829
0.170875
0.0378147
0.0201626
0.0507581
0.0447623
0.0235706
0.0805335
0.0229169
0.0221438
0.0287657
0.0455011
0.00660981
0.0068817
0.044347
0.0320153
0.00954127
0.0832071
0.0284842
0.0257237
0.0723539
0.0413049
0.0214543
0.105123
0.0508042
0.044884
0.0239067
0.0221408
0.0287153
0.0455292
0.0442687
0.0320229
0.028401
0.0257256
0.0214392
0.105132
0.0300029
0.0250327
-0.008066
0.000748449
-0.00632744
-0.00319317
0.00113206
0.0151287
0.000127755
-0.00350586
0.0471786
0.203786
-0.0586875
0.0564711
0.00402364
0.0030981
0.0299919
0.0250194
-0.0080485
0.000748048
0.00111819
0.0150809
0.0471751
0.203753
0.0578834
0.0313706
0.0330837
0.0634828
0.0649631
0.0635016
0.0328818
0.0318155
0.0489618
0.0489301
0.0219434
0.0219472
0.0362742
0.00209051
0.00181921
0.036275
0.098906
0.074106
0.0822097
0.0988544
0.031287
0.0244035
0.0450129
0.0481788
0.0312897
0.0479271
0.0450159
0.0241721
0.0246102
0.0246025
0.0219061
0.0221127
0.223991
0.19295
0.192938
0.22378
0.034862
0.0887946
0.0523464
0.010876
0.0346375
0.00423915
0.0524044
0.0887471
0.0288645
0.0286897
0.0476776
0.0478418
0.133811
0.127838
0.127849
0.133816
0.0313825
0.0314135
0.0650307
0.065018
0.010124
0.0129561
0.0444469
0.0315896
0.0215531
0.0119455
0.00120639
-0.0114713
0.00827727
0.0080269
0.00454357
0.0132824
0.0129884
0.0101723
0.0448414
0.0213885
0.0317676
0.0119404
-0.0114611
0.00115256
0.00825972
0.00456993
0.00822967
0.0132844
-0.00584407
1.05911e-05
0.00108136
0.0337822
-0.0256436
-0.00905659
-0.00787531
0.0129836
0.0268377
-0.0204798
-0.00257221
0.0854368
0.000681718
-0.0195739
-0.00905417
0.121031
-0.00588506
0.0331933
5.43871e-06
0.00109999
-0.0263797
0.0127047
-0.00955108
-0.00827002
0.0260828
0.0851566
-0.0211448
-0.00301124
0.000692971
0.12103
-0.0196047
-0.00904661
0.0137481
-0.00459109
0.0258363
0.0260368
0.000952093
0.000992732
0.0263516
0.0499519
-0.00156397
-0.000500342
0.0174946
0.0189456
-0.0238056
0.0202431
0.021635
0.0191455
4.95032e-05
-2.61627e-05
0.0125775
0.0790926
0.00203782
0.000631398
0.0198221
0.023707
0.00446746
0.00446973
0.00343356
0.0504614
0.00211537
-0.00320091
0.0119205
0.0148912
0.00204005
0.00203005
0.0625044
0.00835769
0.00163768
0.0161332
0.00452903
0.100275
0.0138905
-0.00457052
0.0263199
0.025921
-0.00147829
-0.000505509
0.0169984
0.0189485
-0.0238411
0.0202954
0.0216409
0.0191249
0.00202979
0.000405378
0.0197881
0.0239343
0.00209528
-0.00324183
0.0119869
0.0148966
0.0016504
0.0163816
0.00454228
0.10028
5.77593e-07
5.10501e-06
-0.00267596
0.0257172
0.0117671
0.00175226
-0.00234896
0.00101658
0.0012525
0.00188501
-0.000327418
-0.00319962
0.0114475
0.013672
0.000423094
-0.0112872
0.00274114
0.00275937
0.000112004
-0.00577141
-8.39551e-05
-0.00903386
-0.0279355
0.100604
0.00917298
0.00912522
0.00151899
0.0123007
0.00273934
0.00273923
0.000999122
0.00258804
2.50993e-06
1.0131e-05
-0.00266492
0.0248807
0.0117526
0.00179218
-0.00235671
0.00100204
0.011446
0.0136329
0.0003941
-0.0112817
-9.76185e-05
-0.0090565
-0.0279604
0.100472
-0.00237875
0.00311311
0.0124128
0.00920397
-0.00237885
0.00261641
0.0124633
0.00919406
0.00260826
0.00169278
0.00169413
-0.000110334
0.00297931
0.00336337
0.00335638
-0.0261495
0.00770942
-0.00751928
-0.0304465
0.00781301
0.0113616
-0.000584787
0.000852131
0.00675059
0.0113607
-0.000585769
0.000804853
0.00675357
0.00312465
2.62192e-06
1.27802e-05
0.00282685
0.00467969
0.00880201
0.00151344
0.00467904
0.00265356
0.00621247
0.00684622
0.00429543
0.00264364
0.00615163
0.00680899
0.004351
0.00799458
0.00379465
0.00376378
-0.00252856
0.00214516
0.000223284
0.000219416
0.000504671
-0.00257981
-0.00374164
0.022924
-0.00259157
0.0342186
0.0270564
0.0321665
0.0442474
0.0230464
0.0155194
0.0187788
0.00583164
0.0117027
0.0773222
0.0187479
0.0183777
0.0135232
0.0344979
0.00450466
0.0641268
0.0046834
-0.000333492
0.0142183
0.0189848
0.0625987
0.00847442
0.0046611
0.0778335
0.0321753
0.0443215
0.0310876
0.0271906
0.0195679
0.0155863
0.0112995
0.0773257
0.0187661
0.0058909
0.0187794
0.0184658
0.00449495
0.0599974
0.0135364
0.0304183
0.00471537
-0.000344839
0.0625892
0.0084715
0.0141736
0.019015
0.0046391
0.0778615
0.0148164
0.0234026
-0.000722856
0.0296593
-0.00487439
0.000535246
0.00906541
-0.00138654
0.0168788
0.0248159
-0.00570004
0.0214352
0.00134933
-0.00344915
-1.51073e-05
-0.00231639
0.0122539
-0.0029639
-0.000216839
0.000639866
-0.0283079
0.130762
0.00203653
0.007342
-0.0114022
0.132289
0.00093209
0.00688193
-0.0318665
0.109574
0.00170039
0.00256895
0.0145675
0.0233795
0.0090657
-0.00138615
-0.000724784
0.028564
-0.0050856
0.000539772
0.0167691
0.0246998
-1.48979e-05
-0.00231698
-0.00568996
0.0210441
0.00122472
-0.00349619
0.0122446
-0.002996
0.00206132
0.00733558
-0.000162229
0.000653685
-0.0283009
0.130456
-0.00805962
0.132312
0.00170213
0.00256787
0.000943846
0.0101938
-0.0317974
0.109638
0.00303753
0.00935382
0.022034
0.014025
0.000181211
0.000198949
0.00360311
0.00355829
0.00125611
-0.00140541
0.00107467
0.00144071
-0.00786129
0.0104377
0.00337384
0.0146695
-0.000503374
-3.87146e-05
0.00259619
0.00268573
-0.00288663
0.00255704
0.000979871
0.000795629
0.00428424
0.0042911
-0.0421963
-0.0463282
-0.00363606
0.0109199
0.00221744
-0.0129438
0.000897723
0.0008853
0.00225704
0.00226279
0.00177369
0.00664783
0.000148209
0.00168249
-0.000492149
0.00935929
0.0099141
0.0220235
-0.000726536
-0.000761057
0.00108026
0.00143992
0.0103967
-0.00787576
-0.00893801
0.0146338
-0.00298475
0.00258954
0.000977935
0.000843054
0.0109393
-0.00359843
-0.012898
0.00221222
0.00997846
0.00170323
0.00167758
0.000147727
2.11338e-05
0.00119024
1.8945e-07
0.000788177
0.0100231
0.000624651
0.0116351
0.00365649
0.00114278
0.0011415
-0.000558442
5.89974e-05
0.0108383
0.00871061
0.0109436
0.0148692
0.00248918
0.00257571
-0.000662001
-0.000629037
0.00135865
4.42969e-06
0.0108981
0.0015669
0.00912935
0.00916225
0.00705893
0.00703483
0.00407124
0.00406953
0.000592906
0.000591633
2.14872e-05
0.00116427
8.16485e-07
0.000787057
0.000611521
0.00973713
0.0116248
0.00366935
0.00871718
0.0108498
0.0109552
0.0182644
-3.35544e-06
0.00135242
0.00157146
0.0108927
0.0552309
0.0198991
0.00311907
0.0410763
-0.00265171
0.00755104
0.00692574
0.0158388
0.017746
0.0129888
0.00892403
0.000375706
0.0228459
0.0205976
0.0111121
0.0105234
0.053458
0.038956
0.00110525
0.0179141
0.022819
0.0105638
0.0111405
0.0208578
0.0175447
0.000393016
0.00887635
0.0130075
-0.00277359
0.0154677
0.00655978
0.00741974
0.0476696
0.0298685
0.00377419
0.0192789
0.0477003
0.0193149
0.00379284
0.0298927
0.0423002
0.00127307
0.00162235
0.0225804
0.0423599
0.022596
0.00162109
0.00107948
-0.00241603
0.01337
0.0064684
0.00819904
0.0481495
0.0108961
-0.0172667
0.0111758
0.0479133
0.0111987
-0.0172546
0.0108957
-0.00228265
0.00819501
0.00646583
0.0132689
0.0561667
0.0494559
0.00538401
0.0477668
0.036414
0.0632435
-0.0266034
0.0226786
0.0343741
0.0205145
-0.0288838
0.0612271
0.0561909
0.0477765
0.00538271
0.049628
0.000733684
-0.00172562
0.0112814
0.0125855
-0.011137
0.0113043
0.0119062
-0.00302416
-0.0247712
-0.0214312
0.00899633
0.0112777
-0.0270537
0.00343471
0.00494224
-0.0286826
0.000734526
0.0125709
0.0112779
-0.00172065
-0.02726
-0.0286882
0.00494822
0.0034775
-0.024805
0.0112543
0.00886329
-0.0214068
-0.0114463
-0.00301122
0.011914
0.0112191
0.0300535
-0.00302347
0.00233268
0.0275143
0.0292104
0.0265014
0.00266093
-0.00239748
0.0166745
0.00270574
0.00265835
0.0229629
0.0167538
0.0235768
0.00284998
0.00270732
0.136067
0.105122
0.0144237
0.0189337
0.104689
0.00478665
0.00628243
0.0934589
0.104685
0.0933636
0.00628238
0.00478713
0.135689
0.018924
0.0144045
0.10513
0.00292014
0.0180993
0.00527316
-0.00137445
0.0475902
0.000327634
0.0196201
0.0250034
0.0188312
0.00696414
0.0126926
0.0292589
-0.0171461
0.0134005
0.0262026
-0.0215811
0.00249052
-0.00140046
0.00526655
0.0179934
-0.0153163
-0.019918
0.0265842
0.0150668
0.0188185
0.0292655
0.0126708
0.00696475
0.0475851
0.0250207
0.0196151
0.000326313
0.017186
-0.00382173
-0.00122839
0.023884
0.0169031
0.0239859
-0.00125433
-0.00441068
0.037825
0.0140064
0.0114249
0.0225479
0.0378314
0.0223753
0.0113884
0.014012
0.116721
0.11669
0.000708778
0.00386627
0.102085
0.0639336
0.00253849
0.0906655
0.102048
0.0906676
0.00252907
0.0639371
0.116714
0.0038657
0.00070724
0.116698
0.085134
0.0803257
-0.00470766
0.0120988
0.0851165
0.012086
-0.00472303
0.0803143
0.0208201
0.0105144
0.020026
0.0318784
0.0207962
0.0319273
0.0200541
0.0105189
0.00258715
0.00718268
0.00214055
0.0169099
0.0138154
0.00674459
-0.00188516
0.00625955
0.00416841
0.00066877
0.00233855
0.0104781
0.00719216
0.00258929
0.00188051
0.0136794
0.0166991
0.00669131
0.00622747
-0.00187924
0.004094
0.00237266
0.000531486
0.0104971
-2.29077e-05
3.81999e-06
-0.00822722
0.0234988
0.0519915
-0.00908787
0.0189468
0.0108232
0.00235755
-0.00516722
-0.00355934
0.0750577
0.000546386
0.000160129
-4.80604e-07
-0.00607407
-2.38011e-05
0.0237904
2.53354e-06
-0.00824264
0.0515022
0.0103596
-0.00958034
0.0185128
0.002009
0.0740497
-0.00541531
-0.00409784
0.000546647
-0.00607202
0.000148043
-1.99206e-05
0.00787491
-0.00849052
0.00617305
0.0181479
8.94206e-05
8.9403e-05
0.0246957
0.0141388
0.00136418
-0.000523813
0.0138085
0.0173045
-0.000440178
0.00692152
0.00943241
0.0214273
4.04806e-05
6.25609e-05
0.00697367
0.0191221
-0.000331892
-0.000106103
0.0115947
0.0262271
0.0011177
0.00110514
0.00135503
0.0269951
0.000316405
0.000139971
0.00989533
-0.00172417
0.000255199
0.000258433
0.0323331
0.00287977
0.00102784
0.00142627
0.000592041
0.0701761
0.00810233
-0.00844427
0.00600422
0.0182141
0.0013642
-0.000505908
0.0137859
0.0173117
-0.000420435
0.00671033
0.00945339
0.0214457
-0.000330406
-0.000103696
0.0116827
0.0260788
0.000370382
9.31977e-05
0.00992934
-0.00166339
0.0010303
0.00129349
0.000491563
0.0700095
-9.22849e-07
4.44692e-06
-0.00549548
0.0203164
-0.00247233
0.00140926
1.77306e-05
-0.000350182
-0.00160146
-0.00191755
-0.00361541
0.00321118
-0.00857474
0.000128689
0.000114694
-4.04589e-05
-0.0032857
-0.00328297
0.000112592
-0.0037124
-5.41557e-05
0.000109339
0.00120277
0.0052507
0.00196635
0.00198447
0.00100359
0.00124314
0.000577089
0.000577007
-9.66465e-06
0.000186806
-1.00337e-06
7.54345e-06
-0.00550817
0.0207187
-0.00260227
0.00140156
1.0584e-06
-0.000342019
-0.00858623
0.000130353
0.00011348
-4.09147e-05
-7.12877e-05
0.00010216
0.00118909
0.00524475
1.25096e-05
0.00132632
0.000482887
4.07344e-05
1.07091e-05
0.00138333
0.000536876
4.00935e-05
1.51886e-05
0.00104741
0.000843708
-8.95026e-05
0.000356028
0.00076348
0.000765448
0.0045044
0.000368958
0.0212905
0.0190646
0.000288049
-0.00638399
-0.000247161
0.000205848
0.000884555
-0.00637458
-0.000265332
0.000229894
0.000882545
-0.00226324
-3.06657e-07
1.15877e-05
-0.00210813
0.00077702
0.00207584
0.000124681
0.000778227
0.00248678
0.00827968
-0.00300864
-0.00261216
0.00249851
0.0082526
-0.00303902
-0.00264454
-7.04799e-05
-0.00375013
-0.00372942
2.98778e-05
7.88884e-05
-6.58739e-06
-5.47986e-06
0.000504178
-0.000140417
1.13439e-06
0.00530479
-0.000141461
0.00131643
0.00256288
0.00842065
0.0208519
0.00130714
0.000540276
0.021092
0.0181031
0.000693283
1.02293e-05
0.0172157
0.0143511
-0.0116004
3.4124e-05
0.0141927
0.0254145
0.0015587
2.75923e-06
0.00900497
0.0187643
-0.00089507
0.000185174
0.0191935
0.0357987
0.00312061
0.000207833
0.00916673
0.0225614
0.01235
0.00129281
0.0013266
0.0212629
0.000656361
0.000726807
0.00919245
0.00383108
0.0014342
0.00224018
0.00959712
0.013491
0.000558557
0.000144826
0.0315582
0.00227713
0.000984547
0.000755405
0.00200624
0.0663575
0.00139381
0.000541983
0.0211476
0.0181063
0.0013457
0.00255253
0.00822144
0.0208696
0.000535702
9.94267e-05
0.0169123
0.0143993
0.00162485
3.41873e-05
0.00923827
0.018729
-0.011588
0.00014836
0.0142799
0.0252527
-0.00093213
0.00018711
0.0191955
0.0358785
0.0122424
0.0012968
0.00132269
0.0211172
0.00326538
0.000319123
0.00918315
0.022568
0.000666049
0.000716719
0.00918415
0.00380895
0.000559776
0.00014587
0.0315757
0.00227062
0.00133155
0.002259
0.00959551
0.0134639
0.000995116
0.000764032
0.00199735
0.0663376
-0.00582297
-0.000368063
0.013384
0.0193768
-2.31423e-06
-2.46247e-08
-0.00699476
0.0222203
0.00350743
0.00202078
8.68487e-05
2.86232e-06
0.000655515
0.00545598
0.00258361
0.00344715
-0.00155493
-0.00170424
0.0164847
0.0232069
-2.90675e-05
-3.58633e-06
-0.00210925
0.0186476
0.0102214
0.00368199
0.00104122
-0.00073884
0.0006633
0.0033525
-1.48485e-05
0.00441401
0.00242173
-0.00171916
0.00561371
-0.00989146
0.0208133
0.000790852
0.00126542
-2.59193e-05
0.000242678
0.000355781
-0.000250245
-0.00562104
0.00339979
0.00229988
0.00119289
0.000805135
-0.000156161
-0.0149873
0.000595263
0.112052
-0.0241498
0.0114336
-6.52655e-05
0.000567345
-0.00896896
0.0124513
0.00204283
0.00637989
0.0214033
0.00192872
-5.58558e-05
7.1481e-05
-0.00585884
-0.000335513
0.0133489
0.0194384
0.000943075
0.00515802
0.00258363
0.00344727
-3.68867e-06
5.05442e-08
-0.00699787
0.0227609
0.00350049
0.0020185
8.26267e-05
4.27724e-06
-0.00177984
-0.00192846
0.0157762
0.0228988
0.000597381
0.00333039
-5.09183e-06
0.00441307
-3.43827e-05
-1.29171e-06
-0.00211026
0.018828
0.0100997
0.00354979
0.000957686
-0.000910308
0.00233237
-0.00169855
0.00556672
-0.0110053
0.00330479
0.00227838
0.00129583
0.000794131
0.0209262
0.000852518
0.0012802
1.68719e-05
0.00020783
0.000358473
-0.000254344
-0.00560509
-0.00013458
-0.0150897
0.000604138
0.112064
0.0214003
0.00193015
-5.5318e-05
7.00197e-05
-0.0241855
0.0114498
-7.79415e-05
0.000611122
-0.00898114
0.0124518
0.00167907
0.0063251
0.00292769
-0.00011539
-0.00226201
-0.00492017
0.00168648
-0.00149153
0.0142123
-0.0166336
3.65469e-05
-0.00265
-0.000154838
-0.000315567
0.00372304
-0.0132796
0.00171608
0.00175703
0.00975407
0.00464328
1.57108e-05
-0.000360921
0.000284548
0.00176959
-3.14134e-05
0.000117394
0.000967399
-0.000358515
-0.00186425
0.00270622
-0.00649895
-0.00482823
2.865e-05
-0.00520922
0.005573
0.00808263
0.0018839
0.00161
-0.0167937
-0.000870859
0.000834467
0.000775424
-0.000679504
7.04975e-05
-0.000211171
0.00024948
0.00197685
0.00217494
-0.00137069
-3.08777e-05
0.00150381
1.35047e-05
0.000838069
0.000833437
-0.0347807
0.0296771
-0.0389479
-0.0388938
-0.0008736
0.0101565
-0.00112844
0.000183435
0.00181957
0.00128908
0.00016681
0.00220298
0.00134419
0.00211226
-0.000558144
-0.000560226
0.00147986
-0.00048741
0.000509428
0.00050924
0.000599205
0.00168082
0.000513205
0.00245891
-0.000537233
0.000473743
0.000287108
0.000125158
0.00270925
-0.000170193
-0.00226227
-0.00492096
0.00172353
-0.00132005
-0.0167378
0.0142727
0.00932125
0.00413864
-1.7067e-05
-0.00022811
0.000350878
0.00179629
-1.60278e-05
0.00012737
0.000960073
-0.000360123
0.00270507
-0.0018871
-0.00651206
-0.00485076
0.00626041
-0.00536747
-0.000651203
0.000106581
-0.000190264
0.000264903
0.00224703
0.00196349
-0.00136681
-1.61668e-05
-0.000857357
0.0103161
0.000210635
-0.00111125
0.00182121
0.00128924
0.00217864
0.000165001
0.000592
0.00168905
0.00245885
0.000554354
-0.000534986
0.00047692
0.000124834
0.000287134
0.00364335
0.00244132
9.40816e-06
1.61584e-05
0.00177811
0.00382962
-2.33761e-07
0.000787286
-0.00302528
0.00887644
0.00462269
-0.00251093
3.70409e-06
-0.000223693
-0.00560222
0.00112913
0.0080159
-9.86062e-06
-0.0041339
-0.00262644
-1.57317e-07
1.17706e-06
-3.8609e-05
-0.000344303
0.000241406
-0.000603157
-0.00921232
0.000335443
-0.00795455
0.00914236
0.00240097
-0.00980028
2.29654e-07
-3.62523e-07
-0.00271456
-0.00276699
-0.000111796
-0.00251088
-0.00348615
-0.00349052
-0.00586376
0.0352674
0.000204159
-1.98236e-05
0.0473775
0.00183258
0.000820651
2.13261e-05
0.000407717
-0.0188394
0.0017215
0.0017044
0.00656052
0.00441319
0.00130748
0.00131499
0.000409614
0.000376372
0.000979107
0.000979534
3.69258e-06
6.53979e-07
0.000227597
0.000227563
0.00362802
0.00243787
8.72313e-06
2.92262e-05
0.00217744
0.00397926
-1.0924e-07
0.000787333
-0.00305615
0.00881555
-0.00251256
0.00464321
1.04557e-05
-0.000222281
-0.00563499
0.00112635
0.000248724
-0.000579297
0.000353255
-0.00918463
-0.00794474
0.00908815
0.00246323
-0.00985156
-0.00586231
0.0351985
-7.29274e-05
0.000200957
0.0474349
0.00182654
2.04619e-05
0.000822775
0.00402669
0.0139561
0.00862634
0.0018555
0.00634175
-0.00517552
0.000328444
0.000169694
0.00258669
-0.000942826
-2.92891e-05
0.0013251
0.000434823
-0.00319304
0.00934464
0.00481874
0.00721283
0.0104238
0.00509015
-0.000246175
0.00042758
-0.00321761
0.00901167
0.00484312
0.00255563
-0.000925984
-3.13447e-05
0.00134479
0.00611556
-0.00539627
0.000266608
8.91735e-05
4.2695e-05
0.0018086
0.00137123
-0.00115004
4.42449e-05
0.00156092
0.00136829
-0.00112345
0.00139527
0.00648755
1.12932e-05
5.47033e-05
-0.00270868
0.00649256
1.11286e-05
-7.38784e-05
0.00152321
0.00829121
0.00162762
-2.6401e-05
0.0026667
-0.000463511
-0.0246276
0.00173361
0.00264089
-0.000412903
-0.0246333
0.0017237
0.00151728
0.0082747
0.0016361
-1.42316e-05
-0.000560192
0.00765748
-0.0120945
0.000436045
-0.00212153
0.00626637
0.0196684
-0.00334446
0.00219791
-0.00615647
-0.00735908
0.0156514
0.00769593
-0.000522381
0.000492552
-0.0123471
0.00368466
-1.06863e-05
3.12262e-06
0.00233941
0.00418051
0.000241582
-0.000733189
0.0027042
7.54423e-05
-0.0270462
0.0085101
0.000138793
0.000149275
0.0172523
0.00243529
-1.35471e-05
0.00368105
-1.16132e-05
2.81769e-06
0.00233803
0.000140412
0.0171196
0.00245193
-1.21786e-05
7.56489e-05
-0.0270761
0.00850382
0.000154055
0.00415852
0.00021819
-0.000714641
0.00270222
0.00122158
0.000724522
4.28433e-07
0.00541185
0.000724749
0.0017561
0.00511957
4.6341e-07
9.17336e-08
0.00154299
0.00326965
-1.04945e-07
0.0013626
-3.6565e-08
-2.11545e-07
0.00324214
0.016647
0.00279895
0.00167974
0.00242095
0.032634
0.000341668
0.000764351
0.00195153
0.000342326
0.0325971
0.00194016
0.00077597
0.00277294
0.0167444
0.00239325
0.00165841
0.00279331
0.000248159
0.000902599
-0.000299676
0.000358381
0.00186149
0.00885659
0.00215693
0.00147567
0.0017428
0.00146123
0.000233503
-0.0135855
0.00296913
-0.00434953
0.015553
0.00260393
0.000257599
0.0010406
-0.000286538
-0.0102672
0.00677978
-0.00643741
0.018853
0.0014574
0.00167111
0.00150202
0.000229633
0.000178946
0.00162948
0.00851077
0.00217048
-0.00134044
3.74737e-05
-0.00309312
-0.00223415
-0.00140185
3.63566e-05
-0.00309314
-0.00285008
0.00429874
0.00495808
0.00419123
0.00090103
0.00486766
0.00489148
0.00383148
0.000800662
-0.000152872
7.2866e-06
-7.64776e-05
0.000415916
0.00164701
-0.000231005
0.000253298
0.00164538
0.00164438
-0.000253643
0.00025272
0.00163802
-0.00015786
1.05151e-05
-7.69165e-05
0.000416215
0.00138517
-0.0161155
-0.00771046
0.000523928
-0.0161456
0.00134419
0.000480332
-0.00159849
0.00188509
0.00141256
0.000606125
0.000185339
0.00142402
0.00178109
7.9486e-05
0.000611339
0.0051288
0.0198047
0.0224752
0.016122
0.016951
0.0137817
0.0143604
0.022506
0.0115367
0.019715
0.0129841
0.0347913
0.013752
0.0177031
0.000435487
0.0155405
0.00724864
0.00562585
0.00941322
0.00947117
0.0320214
0.00274339
0.00151566
0.0610543
0.0226747
0.0161004
0.00514664
0.0198262
0.0169372
0.0138181
0.0116241
0.019768
0.014276
0.0223923
0.0130653
0.034833
0.000536148
0.0156658
0.0136584
0.0177503
0.0072974
0.00553869
0.0320319
0.00273355
0.00931919
0.00939327
0.00151768
0.0610325
-0.00907588
0.0327369
-0.0077854
0.0231778
-3.26033e-05
-3.61109e-05
0.000208964
0.0017468
0.00793884
0.0254566
0.000354336
0.0175
-0.00452326
-0.00337417
-0.00069548
0.0054632
-0.00882315
0.0415426
0.00641889
-0.00296679
-0.00132484
0.00948765
-0.000366247
-0.00272345
0.000116271
-0.0057522
0.000116443
-3.82056e-05
0.000356747
-0.000939265
0.00520277
0.00109861
-0.00892658
0.032759
0.000458746
0.00174733
-0.00778817
0.0235956
-2.95303e-05
-2.93704e-05
0.00793165
0.0254008
-0.000580776
0.00543604
0.000404651
0.0174259
-0.00460819
-0.00354305
-0.007759
0.0415348
-0.000482395
-0.00263267
0.00261298
-0.00308225
-0.00130745
0.00939335
0.000112809
-0.00574024
0.00518783
0.00109448
0.000123011
-3.78152e-05
0.000354886
-0.000946914
0.00738549
0.0233314
0.00789076
0.0230843
0.00474059
-0.00243109
0.0136122
-0.00506447
0.0232055
0.0160398
0.0231882
0.0159888
-0.000548631
-0.000658396
0.000819265
0.000825489
0.0143808
0.0182176
0.013193
0.019221
-9.7498e-05
-7.45332e-05
6.28044e-05
0.00136334
0.00696367
0.0103968
0.00901373
0.0189455
0.00503688
0.00269618
0.00170899
0.00304046
0.00897256
0.0179299
0.00894908
0.0179638
0.00576129
0.00577697
0.000722393
0.000725657
0.0124889
0.0311577
0.0155677
0.0262609
-0.00047876
0.000640874
-0.000183952
-0.0001663
0.00148311
0.026333
0.00147888
0.0262176
0.000785207
0.00078542
0.00255477
0.00255609
0.0101458
-0.00153361
0.00870606
0.00486589
0.000158568
0.000193212
0.00111894
-6.92566e-05
0.0319382
0.00234698
0.03204
0.00239175
-9.12789e-05
-8.19449e-05
0.000268488
0.000259897
0.00131687
0.0710718
0.000173988
0.0777301
0.000203435
0.0200029
0.000410247
-2.15391e-05
0.00755962
0.0231823
0.00776825
0.0229103
0.00458957
-0.00295001
-0.00420532
0.0137354
0.0143615
0.0182169
0.0131641
0.01928
-9.81246e-05
-7.52544e-05
7.21327e-05
0.00136836
0.00699425
0.0103889
0.00899568
0.0189602
0.00265624
0.00498973
0.0018286
0.00306431
0.0125371
0.0312629
0.0155995
0.0260506
-0.000469277
0.000643506
9.94667e-05
-0.000285058
0.010188
-0.0014358
0.00874374
0.0049165
0.000191493
0.000160115
-0.00020388
0.00117238
0.00126896
0.0711059
-0.000614331
0.0775324
0.0199703
0.000163966
-1.30911e-05
0.000408708
-0.00624599
0.0212979
-0.00437514
0.0194799
2.07645e-05
2.17578e-05
1.62912e-07
1.44839e-07
0.000225717
-6.93134e-05
-3.1384e-05
0.000143228
-0.000492517
0.0014988
-0.00471877
0.0011752
-0.0030472
0.00274645
-0.00316066
0.00343708
-0.000661316
-6.17389e-05
-3.02273e-05
-0.000341631
3.97632e-05
-0.00298451
-3.7018e-05
0.000270788
-0.00908832
7.81393e-05
0.000826785
-0.000189315
4.93737e-05
-0.001766
5.35266e-05
-0.00164803
-0.00300313
-0.00301438
-0.0035301
-0.00308502
0.000826727
0.00536188
-0.00323473
0.00491565
-0.00434109
0.000213254
-0.000381259
0.000354008
0.000389474
0.000870947
0.000364729
0.000832056
0.00217769
0.00218444
0.00197601
0.00197631
-3.71765e-05
5.24863e-05
-3.6765e-05
5.23708e-05
0.000776959
0.000776324
7.42628e-05
7.44658e-05
-0.0062553
0.0217921
-0.00438293
0.0197694
2.1795e-05
2.23561e-05
1.13579e-07
9.97323e-08
0.000230012
-6.96241e-05
-3.13847e-05
0.000149999
0.00149787
-0.000603601
-0.00480844
0.0011689
2.10691e-05
-0.00301677
-4.26366e-05
0.000254827
9.60565e-05
-0.00897232
0.00084009
-0.000204608
0.0008302
0.00525116
-0.00325082
0.00492526
0.000204744
-0.00435241
0.000401751
-0.000457652
3.32811e-05
-0.00196641
2.21893e-05
3.95912e-05
0.00403264
4.80751e-05
0.00146489
0.00453054
3.277e-05
-0.0019683
2.17693e-05
3.93664e-05
4.81263e-05
0.00406985
0.00456702
0.00146415
0.000656619
0.000497175
1.2956e-05
0.000130564
1.56399e-05
0.000137453
-0.00319303
-0.00207758
0.000750863
0.00075117
0.000166698
0.00371596
0.00367917
0.000137531
0.000443163
0.000446307
0.0207086
0.00807865
0.00229462
0.00229765
-0.0177262
-0.0176419
0.00818753
0.0206224
-0.000221945
0.000209839
-0.00575828
0.00122964
-0.0085429
0.00113989
0.000183815
-0.000295918
-0.000221835
0.000209821
-0.00576346
0.00122917
0.000969309
-0.00905014
-0.00024247
0.000249987
0.000347266
-8.8906e-07
-0.00167458
-0.00183409
-0.00241705
-0.00252055
-4.87136e-07
-3.06033e-07
0.00168497
9.96523e-05
0.00101778
0.00101566
0.00100252
0.00100461
9.42159e-05
0.00163185
0.00394897
-0.00180268
-0.000219135
0.0014965
-0.000167457
-0.00786221
0.00130315
-0.00269745
-0.0018374
0.00397364
-0.000140384
0.00151397
-0.00724817
-0.000189583
0.00125308
-0.00148666
-0.00416408
-0.00411181
-7.31249e-05
-3.09763e-05
-8.38857e-05
-2.7969e-05
-0.00350951
-0.0034866
7.85471e-05
8.07622e-05
0.000300761
0.000302358
0.000298023
0.000301714
0.000155865
0.000155815
2.93763e-05
0.00621825
4.28976e-05
4.38745e-05
-0.000951154
-0.000924699
2.87809e-05
0.00622762
0.00105387
0.00433661
0.00812031
0.00435385
0.00159191
0.000245866
0.00308167
-3.50017e-05
0.010621
-0.000139084
0.00128783
0.000962449
-0.00406122
0.00690756
-0.0135875
-0.0018057
0.000337467
0.00150194
0.00175887
0.000856148
0.00280157
0.00525277
0.00160824
-0.000248686
0.000155239
0.000859315
0.000721553
-0.000343975
0.010862
0.00174626
-0.00264056
0.000684366
0.00143637
0.00101341
0.00073336
0.00110307
0.0019873
0.00157195
0.00161224
0.0041095
0.00180287
0.000810021
0.000959475
0.000196646
0.00128077
9.16523e-05
0.00161615
0.00176393
0.00159171
0.000225218
0.00304616
-5.53035e-05
0.000869766
0.0044185
0.00850837
0.00436629
0.0100283
-0.00013967
0.00128519
0.000958285
0.000777774
0.00172517
0.00176306
0.000843347
-0.00404701
0.00689793
-0.0136642
-0.00176309
0.0031921
0.00524351
0.00198815
-0.000552457
0.0106855
0.00175168
-0.00260221
0.000804899
0.000200991
0.000771593
0.00071726
-0.000251299
0.00145427
0.000998391
0.000655756
0.00112182
0.0018272
0.000806969
0.000965896
0.00019073
0.00197929
0.00153493
0.00163861
0.00422172
0.00128622
9.62672e-05
0.00165261
0.00175876
-0.00740755
-4.97347e-05
0.00693614
5.69784e-06
-1.33488e-05
-1.89337e-05
2.44016e-07
-0.000174351
0.00272034
0.00170247
0.00377999
0.00248372
0.00266782
0.00215635
0.000333648
0.00449286
0.00286508
0.00150077
0.000941633
-0.000759833
0.000112634
-0.000388155
-0.000605672
1.11443e-07
0.00439749
0.00277564
0.00195057
0.000855091
0.00122213
0.00329895
0.00139786
0.00200365
-4.59742e-05
0.000291832
0.00141539
-0.00797394
0.00284303
-3.489e-05
0.021269
0.00138069
0.000430456
-0.000410657
0.00631323
-0.0119358
0.00393828
0.00186983
-0.00137194
0.00346291
0.000272378
-0.000695835
0.0267636
-9.00001e-06
-0.0259026
0.00987132
-0.0223053
0.0108075
3.77909e-05
0.0118318
-0.0152997
-0.00407523
0.0330153
0.00204446
0.0280706
0.00124254
-0.00741029
-4.92713e-05
0.00684235
5.7127e-06
0.00268038
0.00218829
0.000744803
0.00419509
-4.84687e-06
-1.64836e-05
2.72259e-07
-8.15981e-05
0.00270961
0.00170339
0.00377588
0.00248169
0.00273796
0.00146399
0.00105005
-0.000713819
0.00115161
0.00327977
0.00135703
0.00229643
0.000124486
-0.000388125
-0.000466394
8.66172e-08
0.00442307
0.00268777
0.00193927
0.000853776
-9.43515e-05
0.000285364
0.00133081
-0.00794601
0.00393916
0.00188348
-0.00131121
0.00347155
0.00278803
-3.49491e-05
0.0211422
0.00142282
0.000420027
-0.000410409
0.00628745
-0.0120037
0.00014051
-0.000689234
0.0267748
-1.41427e-05
0.0330169
0.00204378
0.0280745
0.00124381
-0.0259209
0.00986125
-0.0222741
0.0108033
7.41532e-06
0.0119433
-0.0153672
-0.0031043
1.11266e-05
-0.00217516
0.0110424
6.36348e-05
0.00272948
-0.00617321
-0.00552045
-0.00945433
6.39747e-05
-0.00293583
-0.00293159
6.09116e-05
-0.0250561
0.00467637
0.00472455
-0.0250262
0.0120184
0.00618121
0.0035087
0.00964376
0.000839758
0.000506525
-0.00133861
0.000339523
0.00298497
0.0073727
0.00145998
0.00194331
0.0033774
-0.00508138
-0.000341429
0.000354661
0.00571157
0.00983462
0.0095638
0.00543938
-0.0159579
0.00299156
0.00305498
-0.0160407
0.000981865
0.000663213
0.00233589
0.00110795
-0.0025008
-0.000709322
0.00290722
0.00481597
0.000159232
0.00156838
0.00157045
0.00014308
0.0153133
0.0382404
0.0384002
0.0156336
0.00294812
-0.00157161
0.00483277
-0.00452037
0.00283489
0.00121772
0.000435165
0.00270982
0.00182073
0.00142074
0.00142925
0.00181442
0.00183038
9.44646e-05
5.74981e-05
0.00181084
0.00109697
0.00126982
-0.00264283
-0.0219078
-0.000348611
0.000568792
0.000176805
-0.00029015
-0.00198683
1.07989e-05
6.40657e-05
0.00959003
-0.00937731
-0.00589293
-0.00613182
0.00268888
0.00515206
0.0109926
0.00895773
0.00282334
0.000559105
0.000826506
0.000450155
-0.000781638
0.0018659
0.00142779
0.00743918
0.0030174
0.00107015
0.00970124
0.000377875
-0.00035153
0.000727443
0.00105539
0.00114288
0.00233614
-0.000603455
-0.00270291
0.00482999
0.0028373
-0.00446631
0.00485145
-0.00157992
0.00294669
0.00272288
0.000437521
0.00121331
0.00289294
-0.0219094
-0.00212702
0.00122163
0.00111641
-0.000296361
0.000179792
0.000570163
-0.00034913
0.0035921
0.00225036
0.00242236
0.00412569
0.00409308
0.00159892
0.00117709
0.00318958
-0.003429
0.000133799
-0.00373041
-0.00107858
-5.35814e-06
3.19241e-05
-9.92791e-06
7.84146e-06
0.00290928
1.89588e-06
1.87598e-06
0.00293099
-9.22045e-08
-0.0016204
-0.00145082
-8.12258e-08
0.000291626
-0.000429133
-0.000367546
0.000100261
0.00475476
-0.00511178
-0.000886027
-0.00449427
7.84983e-08
-3.19308e-07
-2.54566e-07
1.34236e-07
-0.000438773
-0.0027019
-0.00271556
3.54567e-05
-0.0138063
0.0350287
0.00389567
0.00864305
0.0461223
0.00185968
0.0018635
0.0464198
0.000688012
-0.0216734
-0.0216915
0.000657465
0.00341238
0.0053085
0.0053087
0.00341708
0.000445985
0.000513419
0.000510714
0.000446906
3.25353e-07
1.48325e-05
1.5385e-05
3.12613e-07
0.00224427
0.00358237
0.00411944
0.00243106
0.00208926
0.00393734
0.0032699
0.00146643
-0.00107794
-0.00372604
0.00015502
-0.00340252
3.193e-05
-5.11894e-06
7.6818e-06
-1.75061e-05
9.63483e-05
-0.000291219
-0.000428854
0.000317809
-0.00516465
0.00475481
-0.00472928
-0.000889008
0.00856304
0.00391218
0.0320883
-0.0137782
0.0464659
0.0018592
0.00186338
0.0460533
0.0105412
0.0213959
0.0162109
0.0096849
0.0139717
0.0114044
0.0130341
0.0159928
0.000404925
-0.00110279
0.00747371
0.00546691
0.0140607
0.0103214
0.00640798
-0.000272409
-0.0101372
0.00332134
-0.00380781
-0.0152155
-0.00147484
-0.00136609
-0.00277092
0.00193083
0.00215719
0.00415295
0.00214538
0.00511076
0.0133621
0.0131615
0.00808194
0.0102248
-0.000859749
0.0032852
0.00285503
0.0126714
0.00931661
0.000958857
0.00310953
0.00710325
0.00305136
0.00127186
-0.00223702
0.00293425
0.00150288
0.000143218
-0.00104219
-0.000389892
0.0171708
0.0118594
-0.000782888
0.0088861
0.00266774
0.00480319
0.00734586
0.00938371
-0.00154459
0.00794893
0.00715313
-0.00344952
0.0106219
0.0106241
-0.00145726
-0.00308903
0.0105538
0.00956003
0.0143529
0.0211283
0.0140376
-0.000287068
0.00455821
0.0103044
0.000445585
0.00469954
0.00519124
-0.00110389
0.0139496
0.0160729
0.0107549
0.0106416
0.0171995
0.00890502
-0.000751044
0.0118711
0.0105744
-0.00307709
-0.00144021
0.0106104
-0.00154467
-0.00345062
0.00716592
0.00798361
0.00207909
0.00955852
0.00727877
0.00463527
-0.000989461
0.0127098
0.00281243
0.00330213
0.00149434
-0.000384458
-0.00103689
0.00016202
0.00306895
0.00286002
-0.0022327
0.00113436
0.00933862
0.00708265
0.00311014
0.000942441
-0.0101352
-0.0152429
-0.003913
0.00331146
0.0133352
0.00963201
0.007626
0.0131313
0.00219772
0.00511713
0.00168878
0.00355706
-0.00159683
0.00193068
-0.00289124
-0.00148551
0.0276889
0.0217427
0.0016943
0.0141082
0.0252779
-0.000303026
0.000890971
0.0222331
0.000862459
0.00135727
-0.000172581
-0.00276723
0.0178223
0.0128863
0.000590361
9.36182e-05
0.0279025
0.0140729
0.0016881
0.0217451
0.0178287
0.000255539
0.000897964
0.0134733
0.000681376
-0.00295705
-0.000175889
0.00135415
0.0252996
0.0222285
0.000853411
-0.000440763
0.0320843
0.00375602
0.00784166
0.026229
-0.00363826
0.00203287
0.00601418
0.00198193
0.000807163
0.00134709
0.000262478
-0.00367192
0.0157105
0.0193721
0.000310115
0.000250658
0.0318906
0.0263548
0.00784247
0.00362029
0.0138912
0.000219605
-0.00201961
0.0192472
0.00122985
-0.0022039
0.000139092
0.0012671
-0.00339312
0.00217787
0.00584866
0.00304741
0.00647792
0.00688838
0.0113269
0.0121671
-0.00134379
0.00256232
0.00562343
0.00122965
0.000992718
0.000806025
0.00146681
0.00147783
0.00215086
0.00291153
0.00335843
0.00234504
0.0589371
0.00410446
0.00347415
0.00397469
0.00277109
0.00184168
0.00215299
0.0032223
0.00475372
0.00432551
-0.0232708
-0.0181588
0.000472946
0.0114784
-0.0162578
0.00272982
0.058576
0.00412894
0.00345291
0.0040715
0.000519343
0.00268663
-0.0162282
0.011647
0.00466257
-0.0181782
-0.0232949
0.00434591
0.00278187
0.00326311
0.0021817
0.00168734
0.00641767
0.0121104
0.0112972
0.00688181
0.00214845
0.00234374
0.00330439
0.00288574
0.000975665
0.00147437
0.00145934
0.000803696
-0.00128275
0.00130013
0.00561295
0.00257485
0.0272247
0.0255372
0.0112052
0.021185
0.0344291
0.0161529
0.00663569
0.026019
0.0226234
-0.0164875
-0.0340519
0.0201293
0.0162669
0.0171282
0.00609189
0.00580848
0.0244959
0.029403
-0.00149011
0.0242243
0.030112
0.00112418
0.00799153
0.0258163
0.0115196
6.51185e-05
0.0261804
0.0214758
0.0160144
0.02269
-0.00461109
-0.0096149
0.0245958
0.0241641
-0.00345029
0.0296246
0.0159693
-0.00961684
-0.0065772
0.0227614
0.0126395
0.022
0.0241984
0.000373268
0.0300265
0.0258348
0.00605282
0.00121867
0.0272694
0.0215169
0.0112778
0.0258044
0.0162558
0.00583267
0.00613718
0.0171436
0.0225679
0.0200266
-0.0340113
-0.0164687
0.0343618
0.02604
0.00663202
0.0161334
-0.0079766
-0.00739311
0.00375665
0.00365192
-0.00587573
0.00361765
0.00359931
-0.00662436
-0.00589431
-0.00600698
0.00227729
0.00213267
-0.00364743
0.0021952
0.00243907
-0.00531688
-0.00385852
0.00285461
0.00449865
-0.000877872
-0.00848328
-0.00875822
0.00289501
0.00337844
-0.00772925
0.00264479
0.00214553
-0.00936313
-0.00494308
-0.00322244
0.00378862
0.00377688
0.000310373
-0.00313447
-0.0263103
-0.0251427
-0.000937838
-0.028642
-0.0118152
0.013649
0.00094404
-1.23889e-06
0.00797948
0.0506288
4.69333e-05
0.0113457
0.00905004
0.000362226
-0.00452846
0.0214622
0.0199926
-0.000745999
0.00114731
0.00115566
0.00193627
0.000968331
0.000933623
0.00440212
0.00310317
0.00117956
0.00128133
0.000366346
0.0135605
0.00232298
-0.00798614
0.00364606
0.00375286
-0.00739729
-0.00375731
-0.00534599
0.00243788
0.00219664
-0.00590866
0.00212163
0.00228536
-0.00601502
-0.00588721
-0.00663147
0.00359204
0.00360521
-0.00469771
-0.000744777
0.0198779
0.0214764
0.00127602
0.00229397
0.01344
0.000384953
0.000975358
0.00117779
0.00310982
0.0044293
0.00114088
0.00102241
0.00195603
0.00115161
0.000313447
-0.0251651
-0.0263326
-0.00315506
5.94078e-05
0.00037013
0.00905249
0.0114987
0.000991624
0.0506916
0.00800985
6.18857e-05
-0.000943595
0.0136169
-0.0118172
-0.0286405
-0.00401807
-0.000851711
0.00450321
0.00276989
-0.00495313
0.00376606
0.00376837
-0.00322868
-0.00770617
-0.00930235
0.00215158
0.00264806
-0.00845722
0.00333245
0.0029112
-0.00866036
0.0238874
0.0026346
0.00077767
0.0226991
0.00297332
-3.45426e-05
0.00495216
0.00822833
-0.00196916
0.0039574
0.00475296
-0.000855514
0.0208072
0.0217017
0.0014103
0.00167811
0.0242426
0.0231783
0.00125026
0.00298388
0.0212555
0.002123
0.00192273
0.0223495
-0.00197137
-0.00108812
0.00452893
0.00395434
0.00265952
0.00793024
0.00465724
-0.000343092
0.0147308
0.000848185
0.0013474
0.018127
-0.00305021
-0.00285863
0.00327476
0.00331922
-0.00226288
0.00362867
0.00326958
-0.00256613
0.0202441
0.0192987
0.00150469
0.00182197
0.0150009
0.0180738
0.00129239
0.000916468
0.0198982
0.00147828
0.00126991
0.0190638
-0.00239218
-0.00264408
0.00321141
0.00350944
-0.00305711
0.00333981
0.00327324
-0.00289045
0.0292499
0.00177256
0.00941545
0.00315254
0.00546546
0.0480287
0.0359514
0.000171363
0.0029625
0.00524694
0.00483154
0.00331439
0.00343307
0.00342768
0.00681693
0.00814293
-0.00351316
0.0272821
0.0328769
-0.00834078
0.000901184
0.00110721
0.00246576
0.00204001
0.00099875
0.00196107
0.00253508
0.00156568
0.00503776
0.0201368
0.0402607
0.0468977
-0.00351707
-0.00840707
0.032854
0.027285
0.0050324
0.0469213
0.0402215
0.0201475
0.00100094
0.00156712
0.0025322
0.00195705
0.000900094
0.00203998
0.00246554
0.00110879
0.0287677
0.00305981
0.00946493
0.0017079
0.00343112
0.00814077
0.00679833
0.00346312
0.00266065
0.0032914
0.00480947
0.00525071
0.00540739
0.000192577
0.0359185
0.0480646
0.0383382
0.00867654
0.00384193
0.00232117
0.0155458
0.000389662
0.00293949
0.0168835
0.00487027
0.00796762
0.00244955
0.000393249
-0.00768552
-0.000200907
0.00164018
-0.00745084
0.0247232
0.00790728
0.00244223
0.010729
0.00670404
0.00256575
0.00842934
0.0160734
0.011496
0.000520627
0.0121829
0.00143727
0.00891583
0.0190885
0.00690898
-0.000531188
0.0117745
0.00299251
0.00312757
0.0112549
0.00101335
0.00145118
0.00230847
0.00259734
-0.00110299
0.00151902
0.00240764
0.00187843
0.0153807
0.0111476
0.00297877
0.00398483
0.000296753
-0.0231129
-0.0176102
0.000364097
7.69751e-05
-0.00588932
0.0136387
0.0109876
-0.00913394
-0.00082343
0.00767735
-0.0112464
0.011248
-0.00646401
-0.0176596
0.0118578
0.0380739
0.00225054
0.00396525
0.00848913
-0.00772339
-0.00736773
0.0016444
-0.000248779
0.00483162
0.000443799
0.00248878
0.00794252
0.0155892
0.0173597
0.00294124
0.000444277
0.000299201
0.000372696
-0.015931
-0.023111
0.0111828
0.011864
-0.0160112
-0.00650656
-0.00884737
-0.0109438
0.00965262
-0.000495194
6.681e-05
0.0109845
0.0153016
-0.00593103
0.0116842
0.0112108
0.00310462
0.00297068
0.0153454
0.0039726
0.00298051
0.0110469
-0.00121679
0.00188578
0.00239117
0.00151517
0.00101521
0.00259393
0.00240622
0.00145834
0.0246827
0.0108191
0.00243233
0.00792154
0.00894327
-0.000531421
0.00690788
0.0194247
0.0114888
0.00141879
0.0122094
0.000542037
0.00670673
0.0161185
0.00757568
0.00257483
0.0293114
0.00697735
0.000284808
0.0231358
-0.00658696
-0.00360597
0.0018299
0.0035432
-0.00368782
-0.000821493
-0.00500293
-0.00595114
0.0274674
0.0252573
-0.00255013
0.000762615
0.0290038
0.0227196
0.000175522
0.00693424
0.0272235
0.000901796
-0.00262546
0.0247479
-0.00366504
-0.00594157
-0.00507895
-0.00117604
-0.00628469
0.0036396
0.00218875
-0.00345377
0.0341036
0.0107634
-0.000218476
0.0401634
0.0131302
0.0118282
0.00329412
0.0092457
-0.0040167
0.00338963
0.000394832
0.00464823
0.0299579
0.0334785
0.0038391
0.00292189
0.0346473
0.0409044
-0.000385373
0.0106119
0.029994
0.00300812
0.00385593
0.0333121
-0.00399265
0.00453697
0.000234341
0.00337247
0.0131121
0.00910513
0.00384591
0.0117056
-0.00506939
0.0376036
0.0139892
0.0239873
0.0728105
-0.000160204
-0.000247591
0.0959773
0.000482188
0.000232685
0.000532157
0.000748686
0.000418757
0.00166685
0.000807791
0.000156585
0.0660939
0.0333815
0.00137314
0.0656012
0.0323606
0.00120538
0.00198775
0.0321897
-8.65832e-05
0.000444127
0.00167866
0.00187164
0.0719765
0.0696953
0.00134902
-0.000339266
0.0661279
0.0655982
0.0013254
0.0333736
0.0720045
-0.000340792
0.00134085
0.0697009
-8.35731e-05
0.00187085
0.00167706
0.000451051
0.0323595
0.0322672
0.00198653
0.00119807
-0.00506374
0.0239875
0.0139926
0.0376488
0.000418792
0.000156502
0.000808646
0.00166601
0.000482641
0.000750907
0.000533022
0.000232634
0.072638
0.095988
-0.000250733
-0.00016241
0.0390047
0.0207157
-0.0146519
0.000286792
0.0186854
-0.0163806
-0.016135
0.0184388
-4.58414e-05
-0.00460571
0.00345265
0.000174896
0.0172554
0.0158391
-0.00420512
-0.00480992
0.0389138
0.000272206
-0.0146903
0.0205476
0.0172375
-0.0017482
-0.00122373
0.015871
-4.59192e-05
0.00138327
0.00665289
0.00594711
0.0187017
0.0184445
-0.016145
-0.0163997
0.00902994
0.00340569
0.00298591
0.0131315
0.0031072
0.00201133
0.00224885
0.0026028
0.00505266
0.00117551
0.00349528
4.28542e-05
0.0248652
0.0177089
0.0033931
-0.00117127
0.0090918
0.0131275
0.00298587
0.00340128
0.0248155
-0.00109302
0.00340803
0.017665
0.0050539
3.68384e-05
0.000984623
0.00119059
0.0031064
0.00256765
0.00203547
0.00201207
