-0.735
0.125
-2.14827
-0.781952
0.275
2.215
-0.791899
0.845
-2.015
-0.755
1.02821
2.135
0.735
0.125
-2.14827
0.781953
0.275
2.215
0.791899
0.845
-2.015
0.755
1.02821
2.135
0.111337
0.128373
0.0767759
0.0744601
0.111339
0.128377
0.076779
0.074439
0
0
0
0
0
0
0
0
0
0
0
0
0
0
0
0
0
0
0
0
0
0
0
0
0
0
0
0
0
0
0
0
0
0
0
0
0
0
0
0
0
0
0
0
0
0
0
0
0
0
0
0
0
0
0
0
0
0
0
0
0
0
0
0
0
0
0
0
0
0
0
0
0
0
0
0
0
0
0
0
0
0
0
0
0
0
0
0
0
0
0
0
0
0
0
0
0.0484598
0.046033
0.0218008
0.0415069
0.0433077
0.0779728
0.122473
0.0173278
0.0536479
0.0246068
0.0484497
0.0218022
0.0415645
0.077989
0.0173217
0.0246084
-0.00342605
0.0487486
-0.0313647
0.0284265
-0.0135603
0.00881597
0.393224
0.605788
-0.00344001
0.0487425
0.0284577
0.00881588
0.0859512
0.0859763
-0.0192696
0.127957
0.158045
0.0456432
0.0456483
-0.0217972
0.633344
0.0832413
0.0832451
0.0209208
0.571689
0.0843768
0.0171877
0.0230723
0.0214112
0.0087664
0.0188806
0.00783105
-0.0214725
0.0435633
0.0144694
-0.0140454
0.0185017
0.0193785
0.023114
0.0172033
0.0213607
0.0186129
0.00847949
0.00762007
0.0434812
-0.0214709
0.0144661
0.0185086
-0.0141581
0.019378
0.00291359
0.000893134
0.0117643
-0.0132138
0.0139282
-0.00709306
0.0293342
-0.000988367
0.00247996
-0.000101263
0.00122507
0.157085
0.0022605
0.0149755
0.00105058
0.308028
0.00291116
-0.0132606
0.00086689
0.0117702
0.013913
-0.0010046
-0.00709018
0.0293187
0.00246245
0.157084
-6.64412e-05
0.00122046
0.00227171
0.308037
0.0149702
0.00106142
0.0318814
0.0154408
-0.0131768
-0.00644799
0.0363805
-0.00272861
0.000372536
0.0137359
0.00994337
0.085279
0.00319955
0.00963606
0.00882292
-0.103043
0.030367
0.0456559
0.08649
0.00931032
-0.00423642
0.262029
0.0318643
0.0154447
0.0363278
-0.00273548
0.000331704
0.013728
0.00319336
0.00961269
0.030343
0.0456837
-0.00423597
0.262027
0.0128654
-0.00626845
-0.00133958
0.000647757
-0.00658798
-0.000466404
0.00118928
0.0178365
0.000177667
-0.010668
0.00478444
0.322412
-0.115255
0.0990589
0.00397504
0.00605616
0.0128605
-0.00630912
-0.000856506
0.000645995
0.00117993
0.0178242
0.00477273
0.322419
0.0657349
0.0325497
-0.038511
0.0499518
0.0657011
0.0496659
-0.0384706
0.0324991
-0.000498926
-0.000519274
-0.00734227
-0.00728938
0.0509603
-0.0269351
-0.026954
0.0509334
0.125477
0.0915208
0.0913035
0.125478
0.0130837
0.0119256
0.0108357
0.00280462
0.0130811
0.00280401
0.0108246
0.011915
-0.00935633
-0.00941042
-0.00356053
-0.00351262
0.326041
0.318656
0.318621
0.326053
0.018181
0.010592
0.0205419
0.010016
0.0181355
0.0100837
0.0205327
0.0105697
0.00176103
0.00173472
0.0360362
0.0360363
0.280984
0.228624
0.228701
0.280992
0.0910901
0.0910737
0.0534498
0.0534633
-3.92417e-05
0.0109655
0.0214369
0.0072058
0.0100015
0.00447757
-0.000944494
0.0257711
0.00916469
0.0137454
0.0119665
0.0175555
0.010914
-0.00011605
0.0215838
0.0128569
0.00730129
0.00448857
0.0257827
-0.000942405
0.00915828
0.0119977
0.0137643
0.0175535
0.00170402
0.00538439
0.0179822
-0.0149497
0.00920547
-0.0078747
0.00749106
-0.0246019
0.0010831
0.00380627
0.000285357
0.125393
2.54525e-05
0.0107381
-0.000613673
0.0350536
0.00170292
-0.0148908
0.00525925
0.017956
0.00921036
-0.024579
-0.00788073
0.00749149
0.00110167
0.125433
0.00378536
0.000301039
3.21972e-05
0.035063
0.0107384
-0.000585791
-0.000319627
0.0192622
0.0239444
0.0768746
7.01207e-06
3.78231e-05
-0.0129841
-0.00293047
-0.000308448
-0.00106546
0.0324355
-0.00320869
0.00347148
-0.0247115
0.0144314
0.00278459
0.00283864
0.00290335
0.00264944
0.0340992
0.0221588
0.00444893
0.0018034
-0.035705
0.0035278
0.00356646
0.00482598
0.143338
0.000772229
0.000936391
-0.0131048
0.0278594
0.00200225
0.00201125
0.00906607
0.0205657
0.000837757
-0.000358837
0.0137044
0.236348
-0.000358713
0.0192754
0.0239625
0.0945314
-0.000282328
-0.000143646
0.0324637
-0.00318409
0.00361467
-0.0246011
0.01437
0.00308381
0.0198659
0.00444963
0.00179702
-0.0357195
0.000773895
0.000924408
-0.0130827
0.0278523
0.000835833
-0.000351588
0.0137048
0.236372
0.000521888
0.000447783
0.0413947
-0.0158787
0.00561476
-0.0119034
-0.00159041
-5.57988e-05
0.0098589
0.00989414
-0.00640264
0.000581229
0.0101321
-0.00224608
7.78683e-05
0.0149852
0.0161526
0.0161582
0.000507947
-0.0110727
0.000509299
0.000872597
0.00512242
0.0253531
0.0110976
0.0111139
0.000520333
0.0120072
0.0132736
0.0132926
-4.04218e-05
0.00265359
0.000540167
0.000455328
0.0415137
-0.0158437
0.00561476
-0.0119191
-0.00187739
-5.97353e-05
0.0101195
-0.00225963
6.48647e-05
0.0149721
0.000484536
0.000860591
0.00512731
0.0253532
0.00220284
0.00161113
0.000549325
0.00362852
0.00221016
0.00161865
0.000538776
0.00337349
-2.35662e-05
0.00590284
0.0059356
-0.000144111
0.00134516
0.00289215
0.00287872
-0.0120082
0.00704136
0.121373
0.0895242
0.00700549
0.00860963
0.000715011
0.000838015
-0.00844438
0.00861093
0.000715574
0.000836166
-0.00844546
0.0128177
3.15832e-06
0.000426602
0.0128455
0.00487004
0.0167083
-0.000502364
0.00486574
-0.00572296
0.00210332
0.0120782
0.0024101
-0.00571319
0.00210406
0.0120843
0.0024096
0.00699264
0.0146777
0.0146718
-0.000361009
0.0617723
0.00505561
0.00505128
0.00120865
0.00349708
0.0447349
0.00710915
0.00349058
0.0307991
-0.0246457
-0.00703204
0.0310998
0.0363633
0.00203273
0.00403477
0.0365412
0.0157716
0.0393794
0.000472218
-0.0260856
0.00404398
0.0306515
0.00448318
0.0303353
-0.0122155
0.0238526
0.0274409
0.0270277
0.00841609
0.0282637
0.0155654
0.166246
-0.00705247
0.0310826
0.0308452
-0.0244102
0.0363756
0.00207369
0.0158593
0.0394802
0.00413762
0.0366494
0.000544826
-0.0260195
0.00422817
0.0304704
0.00417801
0.030797
-0.0120232
0.0239152
0.00838813
0.0282644
0.0274714
0.0269667
0.015568
0.166255
0.0253333
-0.00921743
0.0391845
-0.0156335
-0.00841815
0.00684599
1.08927e-05
-0.000221536
0.00565472
-0.0324334
0.0147526
-0.0166733
-0.00980662
0.000978457
8.19357e-05
-0.00256491
-0.0112591
0.0163958
0.0183734
-2.78254e-05
0.00426308
0.0371363
0.00372583
0.00729385
0.00921572
0.244223
0.000176424
0.00042774
0.0086113
0.0297233
-0.00100825
0.00228813
0.0252035
-0.0091641
-8.62795e-06
-0.000230704
0.0391899
-0.0155734
-0.00840674
0.00636458
0.00567354
-0.0324175
6.08517e-05
-0.00258955
0.0147485
-0.0166223
-0.00980602
0.000991788
-0.0112934
0.0123059
0.00373702
0.00730621
0.0183363
-3.24572e-05
0.00426054
0.0371492
0.00915577
0.244265
-0.000988021
0.00229318
0.000167214
0.000367624
0.00861141
0.0297424
0.00143668
0.00303701
0.0629922
0.0709195
0.00575946
0.00579047
-0.0556148
-0.0555463
0.00230528
-0.00179857
-2.64041e-05
0.000236048
0.00739681
-0.00416402
0.0451359
-0.00197861
0.014313
0.0143288
0.00290177
0.00286986
0.00353698
0.0121806
-1.60865e-06
0.00813986
0.00248476
0.00249813
0.0452429
0.0447598
0.0013275
0.00172921
0.00029475
0.00219833
0.00343129
0.00339303
-0.0125621
-0.0125635
0.000504963
0.00181862
0.00124469
0.0611652
0.00145093
0.00318093
0.0709433
0.0629665
0.00228274
-0.00187743
-2.50393e-05
0.000233685
-0.00415681
0.00741066
0.045132
-0.00196096
0.00355443
0.0121952
1.94709e-05
0.00815761
0.00185896
0.000405961
0.00220295
0.000281407
0.00179851
0.000500331
0.0611394
0.0012503
0.000549708
0.000300883
6.46896e-05
2.92716e-05
-0.00134881
0.00356683
0.00729383
-0.0098396
0.00637161
0.00631994
0.0113131
0.011359
0.0110677
-0.00531242
0.00119106
0.0206667
0.01442
0.0143929
0.0129555
0.012964
0.000351956
0.000866109
0.0307338
-0.000997533
0.00789033
0.00786817
0.0136683
0.0136402
0.0119498
0.0119906
0.00500632
0.00500471
0.000551518
0.000299364
7.76941e-05
4.1265e-05
0.0032473
-0.00157308
0.00729726
-0.00984347
-0.00531981
0.0110623
0.00119939
0.0206321
0.000831682
0.000365267
-0.000978059
0.0307112
0.0510698
0.0358505
0.00323292
0.0267136
0.0100971
9.33317e-05
0.00445709
0.0304741
0.0167938
-0.0302352
0.0188414
-0.0031892
0.00687621
0.0231598
0.00406282
-0.00272814
0.0511237
0.0267959
0.00323976
0.0358834
0.00703438
-0.00264079
0.00412744
0.0232551
0.016767
-0.00333126
0.0187038
-0.0302727
0.0100926
0.0305087
0.004351
-1.9093e-05
0.00862384
-0.0043735
0.00585495
-0.000563618
0.00863271
-0.000536376
0.00588453
-0.00434831
-0.0228875
0.00330422
0.0061452
-0.00616645
-0.022955
-0.00620528
0.00610691
0.00325413
0.0262305
0.0285312
0.0033824
0.00776828
0.0960431
0.0110508
-0.0022412
0.0286621
0.0960653
0.0286313
-0.00224424
0.0110541
0.0262491
0.00770465
0.00338139
0.0285348
-0.0220248
0.0711965
0.100371
-0.0355461
0.0496946
0.104239
0.0892777
0.103178
0.0497534
0.103231
0.0892775
0.1043
-0.0220397
-0.0355545
0.10035
0.0712966
0.0335351
0.0435943
0.00849351
0.00662755
0.0029206
0.00813524
0.0102374
0.00910795
0.00974171
0.00792998
-0.0064065
-0.00373525
0.00403144
-0.0102174
-0.00856414
0.00510792
0.0335309
0.00662916
0.00849616
0.0435924
0.00402742
0.00513243
-0.00856753
-0.0102288
0.00974306
-0.00374384
-0.00640554
0.0079458
0.00293277
0.00891082
0.0102374
0.0081199
-0.0153646
0.0105972
0.0121245
-0.0159031
-0.0152979
-0.0158326
0.0121553
0.0106348
-0.0203621
0.0153573
0.0136208
-0.0167465
-0.0203856
-0.0167868
0.0135919
0.015343
0.0864878
0.0317388
0.031196
0.0220157
0.0324438
0.0133065
0.00486811
0.0358258
0.0324548
0.035835
0.00488539
0.0133132
0.0872971
0.0220357
0.0311772
0.0317884
0.0170314
0.00638972
0.00392755
0.0102782
0.00522258
0.0121249
0.0133796
0.0148938
0.0369098
0.0145261
-0.0124007
0.0151069
0.0125398
0.0145567
0.0225918
0.011408
0.0170435
0.0102788
0.00390599
0.00639612
0.0124938
0.0113928
0.022587
0.0146353
0.0369372
0.0151595
-0.0123967
0.014528
0.00530465
0.0149181
0.0133745
0.0121761
-0.0498534
0.00551407
0.0138139
-0.0331182
-0.0498596
-0.0330989
0.0138127
0.00552274
-0.00505059
0.0223287
0.0232238
-0.033427
-0.00431701
-0.0337483
0.0232346
0.0222896
0.0640421
0.242029
0.0062612
0.00912876
0.0985956
0.012103
0.0654248
0.243442
0.0985873
0.243713
0.0654103
0.0120823
0.0640383
0.00912822
0.0062619
0.242062
0.058988
0.0448225
0.0483104
0.0613817
0.0590347
0.0614255
0.0483084
0.0448813
0.0486617
0.0148119
0.00349312
0.013047
0.0486363
0.0130373
0.00349563
0.0147495
0.00106879
0.00734923
0.0108708
0.00428285
0.0102785
1.9608e-05
-0.00263202
0.0177133
0.00376755
0.00698959
0.00940057
0.0152899
0.00739606
0.00111948
0.0109623
0.00854259
0.00443168
3.34147e-05
0.017709
-0.00267249
0.00369853
0.00938406
0.00718881
0.0152821
0.00174522
-0.00234018
0.000939784
0.00530071
0.0121947
-0.00855763
0.000334026
0.0579549
2.96025e-05
0.00122729
-3.5482e-05
-0.0101214
0.000114035
0.00875757
-0.000419595
-0.0107909
0.00174409
0.00545947
-0.00227285
0.000949146
0.0121818
0.0578104
-0.00862131
0.000329148
2.37316e-05
-0.0101185
0.00120276
-4.62844e-05
0.000121442
-0.0107711
0.00876732
-0.000426669
0.000356686
0.00129236
0.00352942
0.0405861
-1.28985e-05
1.746e-05
-0.0128831
0.122876
-0.000398126
0.000429581
0.030798
0.000937761
-0.00103811
-0.0247449
0.00253392
0.0635117
0.00188401
0.00188658
0.00760801
0.038114
0.0051063
-0.00421437
0.00367998
0.0696705
0.000855068
0.000858767
0.00303605
0.0425192
9.09936e-06
0.000749877
-0.000637503
0.0335414
0.000604682
0.000603974
0.00414484
0.0354171
5.34087e-05
-1.45862e-05
0.0103955
0.0183861
0.000457483
0.0013524
0.00355998
0.0318432
-0.000396796
7.52642e-06
0.0307867
0.00108782
-0.00109917
-0.0247753
0.00191312
0.0633797
0.00632451
-0.00418776
0.00366453
0.0696509
1.37776e-06
0.000737438
-0.000579127
0.0335322
5.22994e-05
-1.06925e-05
0.010356
0.0183555
-7.70284e-05
7.23182e-05
0.00367359
0.0271253
0.00215798
-0.0134031
0.000382838
-0.000318525
0.00246964
0.0024754
-0.00686933
-0.000535975
0.0103852
-0.00487041
0.000448621
0.00423717
0.00985146
0.00985376
0.00051495
-0.011132
-5.05331e-05
0.000135982
0.00561938
-0.0179495
0.00291425
0.00283801
-0.00018656
0.00105701
-0.000666138
-0.000675358
-4.0262e-05
7.10039e-05
-8.13375e-05
7.5547e-05
0.00362366
0.0269657
0.00215602
-0.013401
0.000405299
-0.000332918
0.00996595
-0.00487675
0.000436657
0.00424626
-7.48588e-05
0.000171993
0.00562102
-0.0179469
7.08282e-05
-0.00044983
0.000693251
0.000210219
5.27706e-05
-0.000463283
0.000681241
0.000222201
-1.43704e-05
0.00227627
0.00207661
0.000129118
0.00117652
0.000682741
0.000682587
2.36488e-05
-0.00323112
0.048319
0.0519963
-0.00321317
0.00423194
7.69762e-05
0.000442155
-0.0108821
0.00423086
7.79257e-05
0.000437816
-0.0108828
0.00544381
6.94974e-06
-8.25088e-07
0.00545002
0.00223149
-0.000393032
-0.000134136
0.00223308
0.012463
0.000120734
0.00450499
-0.00213643
0.0124655
0.00012047
0.00450897
-0.00213372
-0.000762241
0.0200668
0.0200599
4.32242e-05
0.0021602
0.00365716
0.00361701
0.000403844
0.000889212
-0.041521
0.00104826
0.000889245
-5.50506e-05
-0.0015152
0.00814523
0.0512261
0.00572053
1.76945e-05
-0.00691694
0.0506691
0.000132779
1.71092e-05
0.0357536
0.000121118
-0.00348937
0.000663444
0.00324501
0.0249616
0.0024277
0.000274413
0.013449
0.0290695
6.39358e-05
-0.00512595
0.00445995
0.0460769
0.000359929
-0.0105737
0.0087328
0.0200423
-0.00358634
0.000725122
0.0034971
0.0426286
-0.000395707
0.000208007
0.000449333
0.0288387
0.00409236
2.61678e-05
0.0126129
0.0287827
0.00065301
0.000327609
0.00483474
0.0231714
4.57734e-05
0.000368314
0.0110088
0.097963
0.00585818
1.78978e-05
-0.00692457
0.0504812
-8.52978e-07
-0.00137818
0.0081401
0.0511221
8.58067e-05
-4.36393e-06
0.0357649
0.000291067
0.000831794
0.000271261
0.0133529
0.0291684
-0.00335431
0.000764033
0.00338588
0.0250842
0.00019818
-0.00389495
0.0044511
0.0432169
-0.00343523
0.000734355
0.00365181
0.0426239
0.000348257
-0.0105741
0.00872564
0.0200716
-0.000386458
0.000206368
0.000390125
0.0288094
0.000631461
0.000335674
0.00072043
0.0233613
0.00413359
-2.63606e-06
0.0126497
0.0287135
-0.000207314
0.000365757
0.0110037
0.098157
-2.46675e-05
-0.000936664
0.0183003
0.00342733
-0.00257314
4.72697e-05
-0.00960932
0.0135069
-0.0020101
0.00162175
0.000124737
-0.00341671
0.00328099
0.0041797
-4.49571e-05
0.000104234
-0.000510656
0.000704748
0.00591893
0.0537866
-6.37765e-05
0.000181738
0.0259154
0.0499283
0.00449517
0.000642578
-0.00995423
0.00191444
0.00878172
0.00655094
5.88501e-05
-0.00234156
-4.74283e-05
3.71178e-05
0.0160947
0.0364697
0.00105148
0.00173274
-0.000131285
5.06271e-05
0.000250939
0.00112768
-0.000718409
-0.0210917
0.00744502
0.00287713
0.000251121
0.00195208
-6.51692e-05
0.00013292
0.00921427
0.0127545
0.00130455
0.00069469
0.000224945
0.000147217
-3.79123e-06
0.00041038
0.00711702
-0.0148035
0.0351072
-0.00134234
-0.000174226
-0.000647395
-2.45927e-05
-0.000868179
0.0183754
0.00352648
0.00337526
0.00418886
-4.92463e-05
0.000110638
-0.00252313
5.69756e-05
-0.00962705
0.0136681
-0.00200682
0.00161894
0.000116837
-0.00318349
-0.000511977
0.000701475
0.0059187
0.0537868
0.00878822
0.00656114
6.85054e-05
-0.00233009
-6.71482e-05
0.000188857
0.0258622
0.0500514
0.00448592
0.000642455
-0.00996084
0.00191188
-4.453e-05
4.12161e-05
0.0161088
0.0385042
0.00742674
0.00288135
0.000235664
0.0019405
0.00103657
0.00171343
-0.000140108
2.06099e-05
0.00028878
0.00112036
-0.000712942
-0.0211007
-5.46312e-05
0.00013198
0.00922487
0.0129181
0.0351467
-0.00135181
-0.000173915
-0.000646345
0.00130073
0.0006814
0.000224549
0.000182573
2.76404e-07
0.000432084
0.00712038
-0.0147988
0.00496508
-0.00185596
0.000316134
0.00201789
0.0713964
0.00331492
0.0530965
-0.0359225
-0.000123274
-4.56937e-05
0.00235888
0.00224345
5.31331e-06
0.0667007
-0.000982194
-0.00101625
-0.00151231
-0.00287503
-5.12141e-05
-0.00162866
0.00365792
-0.000334536
-2.55297e-05
5.7338e-05
5.27623e-05
-0.00484578
0.0086968
-0.00324835
0.00158778
0.00066337
-0.0410255
-0.00333484
0.00139584
-0.00120292
0.0176254
0.0174328
-0.00330217
0.0035488
0.00118112
0.00119772
-0.00411357
-0.00212239
-0.00264823
0.00244224
0.00886772
0.00040301
3.22056e-05
-0.00041751
0.00094133
0.000104301
0.00059242
0.000592564
0.0723217
-0.0740421
-0.0354103
-0.0351034
-0.000898396
0.000820695
0.0038378
-0.000171889
-0.00598815
0.000744372
0.000231548
0.000180579
0.00450089
0.0301266
0.000769214
0.000769622
1.09894e-05
-0.00931852
0.000528749
0.00052869
0.00104887
-0.00656299
0.000349138
-0.00181982
0.0058376
0.00184545
0.000462041
0.00099916
0.0049582
-0.00189029
0.000320247
0.00202185
0.0625723
0.00330132
-0.0357811
0.0530648
-0.00150053
-0.00285424
-5.94609e-05
-0.00159627
0.00371792
-0.000348393
-4.72758e-05
5.85195e-05
-3.59432e-05
-0.00470509
-0.00323946
0.00870369
0.00114417
0.000658927
-0.0410347
-0.00335354
-0.00411093
-0.00212174
-0.0026479
0.00247519
0.0087721
0.000421029
3.22043e-05
-0.000432644
-0.000898502
0.000871074
-0.000156905
0.00429739
-0.00600066
0.000727001
0.000142786
0.000228639
0.00103196
-0.0065765
-0.00186954
0.000344904
0.00584312
0.00181353
0.000925391
0.000458899
-0.0170264
0.00106884
1.37044e-05
2.70456e-05
0.00430939
0.00542053
0.000193522
0.000362672
-0.00132742
0.00246624
0.00316566
-0.0150455
6.28076e-05
-3.85442e-05
0.00330817
-0.0118064
3.92434e-05
-5.78009e-05
0.00233732
0.00235247
0.000582405
-6.42433e-07
0.00352661
0.00353792
3.90126e-05
0.00011494
0.00665223
-0.00776061
3.11563e-05
4.54263e-05
0.000943306
-0.000191599
1.21351e-07
-0.000414988
0.00820434
0.00820765
0.00011852
-0.000329755
0.0132991
0.0132642
0.0180551
0.00189024
-6.75423e-05
0.000459113
0.029191
0.00410968
0.000671462
-0.000259904
0.000494398
-0.058631
0.0017235
0.00152362
0.00077928
0.011867
0.00436263
0.00429968
-2.4185e-07
0.00116827
5.87025e-06
-5.11283e-06
0.000840705
0.000253382
0.00101965
0.00102098
-0.0170863
0.001073
1.90113e-05
3.31174e-05
0.00440208
0.00543179
0.000196789
0.000378619
-0.00156394
0.00221745
-0.0153599
0.00291945
6.71506e-05
-3.77134e-05
0.00330721
-0.0118038
4.19186e-05
0.000116034
-0.007762
0.00664309
3.2313e-05
4.86882e-05
0.000948585
-0.000185207
0.0180534
0.00189823
0.000476148
-7.34824e-05
0.0291952
0.00411038
-0.000261091
0.000682705
0.00155232
-0.00387083
-0.00316166
-0.00250482
0.00939242
-0.00925673
0.000392751
-0.00205347
-0.000296243
0.0182372
-0.021112
0.0189508
0.000946411
-0.000237411
0.000547576
-0.0014456
0.0015284
-0.00386549
-0.00315035
-0.00250897
0.000995541
-0.000110595
0.000686965
-0.00130188
-0.00032188
0.0182141
-0.0206815
0.0189631
0.00953774
-0.00923856
0.000479914
-0.00203104
-0.000123677
0.00436385
-0.000112998
-8.4267e-05
-0.000107214
0.00443144
-0.000113512
-8.86609e-05
0.00314128
2.54707e-05
-0.000228316
-0.000459226
0.00305535
2.54267e-05
-0.000237667
-0.000468249
0.00212695
-0.00624823
0.000480299
0.00030854
-0.0030386
0.00278282
0.00155535
0.00151228
-0.000888459
0.00278884
0.00125034
0.00146493
0.00227658
-0.00625166
0.000479291
0.000305312
-0.0285822
-0.000493529
0.00527796
-0.0558345
0.00147798
0.00197869
-0.0234653
0.0203265
0.00211075
0.00157054
0.0206519
-0.0233509
-0.000493193
-0.0285502
-0.0558686
0.00526404
-0.0142365
-0.00340715
6.86161e-05
0.00138583
-0.00496784
-4.62167e-05
9.35096e-05
0.00112061
5.5217e-05
0.00146012
0.00110095
0.000144408
3.42655e-07
0.000653899
0.00153866
-0.000218317
-0.0142351
-0.00317094
7.06427e-05
0.00139086
7.22636e-06
0.000596413
0.00153727
-0.000207063
4.07431e-05
0.00146528
0.00110982
0.00014077
-0.00497115
-4.45577e-05
9.1951e-05
0.00112044
0.00391423
-0.000119241
-0.000105643
0.00464982
-0.000118595
0.0039945
0.00466022
-9.44716e-05
-1.09572e-07
0.00598876
0.0060256
2.94555e-06
0.00592965
5.3419e-06
-3.12376e-06
0.00600978
0.0553205
0.00164178
0.0151735
0.00358411
0.0321597
-0.000244489
-0.000253507
-0.00105414
-0.000224191
0.0321804
-0.00104538
-0.000233466
0.0016271
0.0553045
0.00358385
0.0151163
-0.00402714
-0.000448831
-8.12517e-05
0.0011289
0.000199105
-0.00321775
0.000105635
-0.00219964
9.26698e-06
0.00155222
-0.000471981
-0.000616339
-0.00233626
-0.00203704
0.00253418
0.00538965
-0.00404669
-0.000442807
-8.50184e-05
0.00115113
-0.00235023
0.000449601
0.00250953
0.00535996
2.25513e-05
0.00151137
-0.000469148
-0.000613495
0.000203629
-0.00310681
0.000103963
-0.00226589
0.00630216
9.09134e-05
-1.77547e-05
0.00026718
0.00626997
8.68157e-05
-1.02404e-05
0.000280503
0.00180591
0.0199024
0.000219379
0.00183358
0.00181701
0.0198024
0.000214958
0.00183941
0.00984216
0.00118499
0.00027694
0.00156738
0.0037801
0.00166003
0.000435339
0.0265974
0.00375948
0.00160911
0.000390052
0.0267579
0.00984352
0.00118802
0.000274815
0.00154528
0.00127627
0.00236074
0.00415133
0.000679828
0.00236171
0.00127607
0.000674402
0.00415356
0.00460552
0.000815544
-0.0114565
0.000843938
0.00100351
0.00457182
0.000878533
-0.0114099
0.0171319
0.0375108
0.00374467
0.00740798
0.0306493
0.000119023
0.00240649
0.025451
0.0115913
0.0240409
0.00518253
0.0217797
0.0047153
0.018013
0.00234731
0.0240992
0.00250342
0.0246925
0.0116753
0.0203764
-8.82051e-05
0.0118871
0.0123284
0.0754096
0.00374855
0.00733028
0.0171791
0.0376051
0.0306249
0.000230245
0.0111541
0.0231161
0.00242216
0.025472
0.00518329
0.0197852
0.00234898
0.0243835
0.00467269
0.0174896
0.002501
0.0246991
-0.000164766
0.01189
0.0115201
0.0191012
0.0123154
0.0757079
0.00594
-0.00339286
-0.00908798
0.0108499
-0.00404821
0.00419855
-0.00396979
0.000144072
0.00616145
0.065465
0.013221
0.0569778
-0.0116913
0.00884702
-0.000387983
-0.00738216
-0.0014767
0.00757002
-8.00592e-05
-2.35315e-05
0.000239251
-0.0225807
0.00431098
0.0147965
0.00996151
-0.0069684
0.000170196
0.000640184
0.00844009
-0.0123595
-2.70117e-05
8.86328e-05
0.00592517
-0.00334473
-0.00410498
0.000145988
-0.00903015
0.0108827
-0.00403822
0.0042053
0.00615867
0.0656555
-0.000407914
-0.00745206
0.0132104
0.0569685
-0.0117668
0.00884547
-0.00147981
0.0075553
0.00391301
0.0143292
-7.91439e-05
-7.12031e-06
0.000239636
-0.0229997
0.00997791
-0.00695996
-3.15455e-05
8.04582e-05
0.000171978
0.000653151
0.00843886
-0.012365
0.00755896
0.0280513
0.00159647
0.0349893
0.00213576
0.00185235
-0.013362
0.0174358
-0.00716508
0.119002
-0.0071789
0.119027
0.00148179
0.00155949
-0.00112232
-0.00112238
0.0331171
0.000267186
0.0279974
0.00220633
-7.37057e-05
-7.52264e-05
1.21046e-05
1.40455e-06
0.00434825
0.0317515
0.0156013
0.0166121
0.00297728
-0.00514488
-0.0336243
-0.00385475
0.0147185
0.0328214
0.0147648
0.0328425
0.0098997
0.012612
-0.00484053
-0.00484496
0.00290693
0.0549237
0.00432266
0.0596214
-0.00286707
0.00312209
-0.000638853
0.00255339
0.00349306
0.0397276
0.00353724
0.0396978
0.000714467
0.000757891
0.00256676
0.00257363
-0.00567764
0.0323653
0.0168164
0.031763
0.0153376
-0.000448143
0.000591283
0.00021626
0.00432101
0.0359261
0.00114501
0.035887
0.000942205
0.000943106
0.000488014
0.000519431
0.0101721
0.0351693
0.0100276
0.0160074
0.000112943
1.46079e-05
0.000231013
0.00949461
0.00754031
0.0281093
0.00172493
0.0350051
0.00208865
0.00200162
0.0112218
-0.00534427
0.0331952
0.00026233
0.027701
0.00195662
-7.50261e-05
-7.47078e-05
1.48684e-05
8.83156e-07
0.00434106
0.0317332
0.0155196
0.0165288
-0.00544706
0.00303841
-0.0345364
-0.00414417
0.00375143
0.0537317
0.0043062
0.0595717
-0.00286685
0.00312713
-0.000638695
0.00235369
-0.00575507
0.0323015
0.0168402
0.0317811
-0.00055529
0.015352
0.000219848
0.000594208
0.0101681
0.0344137
0.0100302
0.0159884
4.26099e-06
0.000112539
0.00978127
0.000268286
-0.00483089
0.0210108
0.00552501
0.041744
-0.000286983
0.0118103
-0.000449329
0.000167669
-2.87789e-05
-0.000172503
0.000192131
0.000100815
0.00212877
-0.0128562
0.00288269
-0.0124873
-0.00483014
-2.05387e-05
-0.00482913
-1.54483e-05
0.00249722
0.00251734
0.00269475
0.00271049
-0.00257985
0.00495036
0.000155062
-0.0112807
0.00815047
-0.00637183
0.000323521
0.00575773
7.15588e-05
-0.0090856
7.22954e-05
-0.00908437
0.00881159
0.00881119
0.0122954
0.0122843
0.00548755
-0.0195196
0.00574459
-0.0116857
-0.00018786
-0.000502935
0.000103667
-0.00294347
-0.000285864
0.00221296
-0.000343188
0.00219038
0.00212731
0.00212771
0.0034323
0.00346869
0.000430707
-0.00250854
0.000428129
-0.00251776
-0.000659136
-0.000657608
0.00155224
0.0015522
-0.0048234
0.0210556
0.00562524
0.0421724
-0.000395404
0.0118658
-0.000458855
0.000182537
-2.87991e-05
-0.000172494
0.000191975
0.000101136
-0.0128355
0.00214587
0.00288377
-0.0124823
-0.00258267
0.00495083
0.000157391
-0.0111516
-0.00637573
0.00814821
0.000324648
0.00519152
0.00550036
-0.0195086
0.00574587
-0.0116919
-0.000621558
-0.000198728
-0.0029446
6.84562e-05
-0.000252505
0.00163676
-1.34693e-05
4.69262e-05
0.000539994
-3.0872e-06
-0.000269676
0.000388191
-0.000258443
0.00163828
-4.51201e-05
4.57218e-05
8.36263e-07
0.000448239
0.000426618
-0.00027347
0.00171631
0.00163213
-1.09928e-05
3.74502e-06
-8.86539e-06
2.03938e-06
0.00164102
0.0016859
0.000741637
0.000741874
0.0011951
0.000125301
0.000125217
0.00119667
0.000638344
0.000638623
0.0515931
0.0091851
0.00184698
0.00185769
0.0023727
0.00245523
0.00920137
0.0512565
1.84322e-06
0.000116711
0.00365823
-0.011425
0.0051029
-0.0102177
0.000233305
0.000487076
1.83404e-06
0.000116807
0.00365833
-0.011428
-0.0102228
0.00509648
0.000491209
0.000231668
-0.000108188
-0.000107019
0.00504089
0.00504715
0.00514289
0.005137
-0.000102037
-0.000100484
-0.000441483
-7.62196e-05
0.00166529
0.0016713
0.00224896
0.00224257
-7.3843e-05
-0.000444143
0.00991802
-0.00872946
-0.00198811
0.00353002
-0.00435409
0.00262788
0.00074734
-3.78424e-05
-0.00872897
0.00967916
-0.00199046
0.0035357
0.00263323
-0.00437836
0.000763532
-3.54703e-05
0.0215128
0.0216133
3.35684e-05
-0.000393252
3.33546e-05
-0.000390549
0.0146658
0.014634
0.000783501
0.000783935
0.000397582
0.00190825
0.00175802
0.000397225
0.0034217
0.00339954
-0.0413216
0.000214154
0.000477684
0.000477866
0.000822928
0.000822919
-0.0413215
0.00021414
0.00213226
-0.000930079
-0.00104952
0.0329391
0.00450021
-1.95589e-06
-0.0243681
-0.049898
0.00477254
-0.00215453
3.73047e-06
1.55118e-06
-0.00475572
0.000278368
0.00108623
0.00239085
0.0170534
4.82374e-05
0.00127074
0.000745483
-0.000100313
-0.00120083
0.000707892
0.00413706
0.000590575
-0.00614346
0.000464463
-0.0359903
-0.00568133
0.00108169
0.00389159
0.0117072
0.00143706
0.00131323
0.00108828
0.000175285
0.00161622
-0.000736683
0.00178903
0.000994131
0.0013743
0.000374668
0.00257853
-0.0110728
0.000228893
3.58789e-05
0.00285151
0.00657435
0.00484411
-7.3915e-06
-0.0244183
-0.049898
0.00211164
-0.000940032
-0.00115337
0.0327618
0.00475425
-0.00214036
6.84789e-06
4.17948e-06
0.017464
5.51976e-05
0.00131019
0.000754388
-0.00477778
0.000277553
0.00111264
0.00239216
-9.8527e-05
-0.00117607
0.00113116
0.00392314
-0.00549727
0.00127085
0.00357587
0.0116713
0.000538919
-0.0062818
0.000345943
-0.0360153
0.00142214
0.00128431
0.00108825
0.000149138
0.00142421
0.000366423
0.00239119
-0.0110479
0.00156176
-0.000757315
0.00181221
0.000997718
0.000213472
3.64428e-05
0.00286178
0.00637967
-0.00936591
0.00196954
0.00234887
3.268e-05
1.38331e-05
0.000611782
-1.82592e-05
0.000246192
0.00118919
0.00146237
-0.013745
-0.00160295
0.00514632
-0.000503488
0.00337226
0.00449134
2.49395e-05
-7.26067e-05
0.00141064
-3.58807e-06
-1.74142e-05
0.00599117
-0.000380358
-3.92821e-05
-0.00385436
0.00106891
-0.00051261
0.00252972
0.00813008
0.00629709
0.011834
0.00017632
0.0167703
-0.00129701
-0.000722503
0.00598412
0.00147309
0.00127406
0.000715205
0.00137847
-1.80581e-05
5.48942e-05
-5.10339e-05
3.81776e-05
-0.000651043
0.00218688
0.0582295
0.00191304
0.000145757
-7.87839e-05
0.00458681
0.000110064
0.00179672
0.000824553
0.0194554
-0.00797718
-7.15883e-05
0.000343889
-1.86162e-05
0.00367825
0.0344269
-0.00109439
0.109054
0.00185259
-0.00929982
0.00205387
0.0023527
3.67574e-05
0.00524677
-0.000488565
0.00347157
0.0045071
1.32429e-05
0.000609176
-1.39184e-05
0.000240704
0.0012009
0.00146491
-0.0135011
-0.0013833
2.4772e-05
-7.26068e-05
0.00142372
8.99665e-08
0.00815698
0.00631717
0.0118533
0.000196698
-2.19426e-05
0.00605747
-0.000371236
-4.5974e-05
-0.00386423
0.00106575
-0.000514388
0.00252837
0.0167787
-0.00130098
0.0012825
0.00804503
-0.000655433
0.00218484
0.0578092
0.00181016
0.00147501
0.00127201
0.000692332
0.0013721
-2.0458e-05
4.28524e-05
-0.000468533
7.4519e-06
0.000129883
-6.32525e-05
0.00301937
8.08339e-05
0.0344499
-0.00109178
0.10906
0.00184996
0.00181135
0.000809681
0.0194666
-0.0081715
-7.73588e-05
0.000333679
-1.74609e-05
0.00367403
-0.00178563
0.00529106
0.00983878
-0.00210262
0.00357704
0.00319105
0.00336422
0.0141122
-8.86668e-05
5.86212e-06
8.64944e-06
-8.50779e-05
0.0677024
-5.61933e-05
-9.11982e-05
0.0676848
-0.00347995
-0.00336759
-0.00150952
0.00124084
-0.000206604
0.00396351
0.00315062
-0.000548962
0.000286268
-0.0034656
-0.000368848
0.00112911
-0.000120286
0.00234593
0.00155256
-0.00163286
0.00175946
-0.000522842
0.00115673
0.00175839
0.00264272
0.00368809
0.00370575
0.00265305
-0.00428699
-0.00154771
-0.00101031
-0.0038572
0.000311857
0.00725653
0.0118925
0.000450429
0.000284669
0.00113779
0.00118066
0.000286435
0.0314368
-0.155748
-0.155538
0.032339
-0.0111847
0.00126024
0.000435917
0.0101182
-0.00501174
0.000373536
0.000800187
-0.00520857
0.00449204
0.0295785
0.0295774
0.00449104
6.60961e-05
-0.00955782
-0.00955745
8.79656e-05
0.00131135
-0.000598655
0.00810757
-0.00169071
0.00745759
0.00154111
0.000590347
0.0141552
0.00535846
-0.00178889
-0.00210105
0.00982906
0.0141685
0.00333313
0.00322611
0.00350522
-0.00333738
-0.00345926
0.00131329
-0.00144795
0.00406232
-0.000213569
-0.000548518
0.00323349
0.0011018
-0.000372214
-0.00349188
0.000277732
0.00234367
-9.66106e-05
-0.00164453
0.00158994
-0.00153246
-0.00428416
-0.00385528
-0.00100733
0.00722776
0.000319352
0.00045707
0.0122551
0.0101513
0.000439077
0.00170429
-0.017104
-0.00520291
0.000785933
0.000358848
-0.00500503
-0.00168647
0.00809583
-0.000603416
0.00130834
0.0140399
0.00060245
0.00151894
0.0074933
-0.0171223
0.00132905
0.00100014
-0.00127791
0.0049744
0.00399191
0.00617673
0.00567075
-0.00246194
0.00399321
-0.011996
0.000381486
2.46909e-05
-2.94957e-05
-0.000175589
0.000239785
2.69238e-05
-3.95569e-05
-4.12187e-05
2.69388e-05
-1.06787e-05
6.1087e-05
5.5215e-05
-7.71936e-06
-2.82699e-05
8.21272e-05
0.000105001
0.00013036
-0.000311396
-0.000106342
0.00415739
0.000825889
1.3295e-06
1.01584e-06
6.20617e-06
3.97124e-06
9.09998e-05
2.13975e-05
2.0383e-05
9.05424e-05
0.00146989
0.00120438
0.00171066
0.0130193
0.0213044
0.00185111
0.00388098
0.0256664
0.00103196
-0.0550059
-0.0549902
0.00104759
0.0135882
0.00309737
0.00312368
0.0137094
-9.59885e-05
-0.000197613
-7.85506e-05
-0.000198668
0.000212514
0.000861028
0.000860693
0.000209859
0.0013312
-0.0171212
-0.00117391
0.00100708
0.00403603
0.00498204
0.00568147
0.00620856
0.000408033
-0.0120303
0.00399412
-0.0024622
-2.95432e-05
2.43432e-05
0.000240057
-0.000175681
0.000126744
0.000103595
8.20799e-05
-2.79014e-05
-0.000106123
-0.000309878
0.000824551
0.0036762
0.0130186
0.00172089
0.00120032
0.00145297
0.0256543
0.00387707
0.00191727
0.0212933
0.0292897
0.0376844
-0.000346943
0.0150824
0.0321216
-0.00258544
-0.00534736
0.0326649
-0.000363767
-0.00174052
-0.00521485
-0.00305088
0.00626276
0.00637443
-0.000209825
0.00621736
0.00353756
-0.00016159
-0.00865331
0.00491815
0.00216109
-9.47962e-05
-0.0043873
0.00151143
-0.000311747
-0.00220764
0.000431751
0.00382591
0.0295231
0.028075
0.00295927
-0.00054542
-0.00104169
0.00720744
0.0192403
0.00119179
0.00874703
0.00129182
-0.0113397
0.0164096
0.000540633
0.000542588
-6.97185e-05
0.00868702
-0.0127739
0.00139215
0.0105082
-0.0130369
0.0038481
0.00758588
-0.000771942
0.00210486
0.00448685
0.00736493
0.00479913
0.000517156
0.00125013
0.000580022
-0.00130308
-0.000413072
-0.0031438
-0.00228154
0.00951049
0.00790309
0.029263
0.0151177
-0.000360165
0.0376233
0.00629567
0.00619809
-0.000203575
0.00635192
-0.000373637
-0.00302509
-0.00519417
-0.00174139
0.0320655
0.0326608
-0.00531727
-0.00257013
0.00381866
0.00207928
-0.000400793
0.00755284
-0.00309563
0.00790889
0.00959723
-0.00230409
0.00124338
-0.000409934
-0.00122627
0.000589585
0.00456287
0.000681209
0.00476605
0.00737808
-0.00104421
0.00119482
0.0192278
0.0072084
-0.0127636
-0.0131707
0.0105082
0.00138178
0.00053296
0.00891765
7.50891e-05
0.000471816
0.00874881
0.0164289
-0.0111058
0.00148539
0.00354566
0.00495821
-0.00859891
-0.000153494
0.0293425
-0.000498858
0.00305058
0.0279341
-0.000320924
0.00370207
0.000477952
-0.00216789
0.00216852
0.00151151
-0.00437544
-0.000207784
0.0097562
0.00326613
0.00429566
-3.0183e-05
-0.00889272
0.00174444
-0.000120642
-0.00703555
0.00198495
-0.000279376
-0.000157907
0.00141876
0.000655183
0.000160244
0.00414946
0.00375325
0.00980114
1.04139e-05
0.00437207
0.00329935
0.00071089
0.00382058
0.00421839
0.000219839
0.0018272
0.00140682
-0.000161991
-0.000289773
-0.00874828
-0.00705382
-0.000123682
0.0017523
-0.00237687
0.00387737
0.00421715
0.00490663
-0.00308119
0.00244896
-0.000447238
-0.0029663
0.00145014
-0.000445652
-0.000543036
0.00173568
0.00171244
0.0025438
0.00308815
0.00348144
-0.00242856
0.00473642
0.00412428
0.00378491
0.00166022
0.00340745
0.00299848
0.00234286
0.00157742
0.00173249
-0.000547761
-0.000438213
-0.00307353
-0.00297848
-0.000459215
0.00247054
0.0250946
0.0262598
-0.00587621
-0.000807664
0.0334495
-0.00497837
-0.0054812
0.0310147
0.00189285
0.000832514
0.000666908
0.00164032
0.0039465
0.00435205
0.00208817
0.00164161
-0.0017611
0.00395855
0.00146196
0.0273384
0.00222399
0.0026236
0.00393073
0.00238828
0.000709591
0.00116852
-0.0464304
-0.0576762
0.0323793
0.0337101
-0.00125473
-0.00492182
-0.00184659
0.0283824
0.00254621
0.00392541
0.0323675
-0.00489461
-0.00020924
0.0347469
0.000709825
-0.0577657
-0.0464205
0.00115907
0.00214885
0.00236612
0.00392818
0.00263055
0.0250819
-0.000701338
-0.00578671
0.0262479
0.00396901
0.00166349
0.00219016
0.00445641
0.00189336
0.00162023
0.000662002
0.000833481
0.0334465
0.0309707
-0.00548117
-0.0049815
-0.0194883
0.0533613
-0.0266727
0.0385201
0.034389
0.0367403
0.0225871
0.0445203
0.0518549
0.0690115
0.0395892
0.0553959
0.121954
0.0852913
-0.0529723
-0.0011079
0.0279232
0.0351844
0.00410952
0.0185742
0.0433216
0.0553817
0.0270894
0.0427171
0.0306491
-0.00915001
-0.173557
-0.12428
0.041079
-0.0122656
-0.0280093
0.0465186
0.0271259
0.0193026
0.00413214
0.0352337
0.0367944
0.0421086
-0.0279418
-0.0118823
0.0304131
-0.124118
-0.173419
-0.00912456
0.0433241
0.0436023
0.0276444
0.0555401
-0.0194448
0.0385877
-0.0267607
0.053296
0.121987
-0.00112459
-0.052989
0.0852702
0.0517927
0.0552475
0.0397417
0.0690001
0.0298618
0.0444603
0.0225054
0.0323243
-0.00395111
-0.00941357
-0.0139925
-0.00771747
-0.000587799
-0.0170777
-0.0156441
-0.00741003
0.00397626
0.00355037
0.00136001
0.00120118
0.0023824
-0.000164131
-0.000103104
0.00309852
-0.00033435
-0.0120324
-0.00440664
0.0191632
0.00766193
0.0074005
0.00107705
-0.00492648
0.00471412
0.00119889
0.00116574
0.00597423
0.0158311
0.0305635
-0.00296157
-0.00904992
0.00859456
0.00779366
0.00146248
0.00200383
0.0058306
0.000743085
0.00158528
0.00637831
-0.0103441
-0.00841973
0.00126288
0.00134944
-0.00549712
0.000920013
0.00111557
-0.00689659
-0.000614799
0.000871575
0.00062242
0.00480462
-0.0133121
-0.0121471
0.00146568
0.00162821
-0.011169
0.00197125
0.00143114
-0.0115575
0.00253899
0.00398385
0.000673189
-0.0181556
-0.00391923
-0.00759204
-0.0138704
-0.00938159
0.00238071
0.00309755
-1.29903e-05
-5.17315e-05
0.00397567
0.00120428
0.00136218
0.00354993
-0.000607337
-0.00742209
-0.0156433
-0.017107
-0.000626773
0.00480647
0.000593457
0.000863376
0.00254123
-0.0181341
0.000577418
0.00399315
-0.0111679
-0.0115559
0.0014398
0.00198752
-0.0133086
0.00161637
0.00145981
-0.0121433
0.0085951
0.00200233
0.00147292
0.0077954
-0.0055045
-0.00687836
0.00108178
0.000916336
-0.0103437
0.00135084
0.00126527
-0.00842108
0.00583397
0.00638892
0.00157376
0.0007326
-0.000359198
0.0191471
-0.00441187
-0.0120505
0.0158644
-0.00902418
-0.00291437
0.0306712
0.00471331
0.00596749
0.00116455
0.00120574
0.00765395
-0.00492965
0.00107592
0.00739395
0.0093914
0.00332783
0.0032695
0.0143183
0.00257805
0.00311122
0.0045733
0.00431603
0.00523991
0.00519784
0.00481166
0.00363743
0.0232282
0.018116
0.00377085
0.00415436
0.00953486
0.0144432
0.00336726
0.00342765
0.0231353
0.00421912
0.00383738
0.0182869
0.00524897
0.0036506
0.00482075
0.00520727
0.00259126
0.00432894
0.00458647
0.00312474
0.0574226
0.00881659
0.00765128
0.0535108
0.00940858
0.00850786
0.00617127
0.00651789
0.00493591
0.00556281
0.005877
0.00555599
0.0366863
0.0460176
0.00579428
0.00576007
0.0574315
0.0535197
0.00761403
0.00881698
0.0367187
0.0057161
0.00574058
0.0453348
0.00492725
0.00554824
0.00586468
0.00555379
0.00940739
0.00650477
0.00615368
0.00850931
-0.020484
-0.0219088
0.0654715
0.0342057
-0.0186308
0.0258248
0.032778
-0.0200941
0.00185245
0.0154124
0.0137774
0.00437903
0.00478277
0.00572859
0.0045681
0.00524247
-0.0115809
0.034767
0.0334055
-0.0135382
-0.000663543
-0.000326711
-0.00108222
-0.00122297
0.00212344
0.00392637
0.00145731
0.00268282
-0.0184392
-0.00888515
0.0335285
0.0274699
-0.0115729
-0.0135412
0.0334313
0.0348088
-0.0184293
0.0274668
0.0334218
-0.00886968
0.00212213
0.00267513
0.00145907
0.00392464
-0.000667392
-0.00122636
-0.00107632
-0.000331335
-0.0206722
0.0339129
0.0655124
-0.0221245
0.00475334
0.00524266
0.00460744
0.00571458
0.00185724
0.00438737
0.0137875
0.01542
-0.0186238
-0.0200982
0.0333146
0.0258209
0.0168751
0.00688459
-0.00285415
0.00341989
0.00129681
-0.00622838
-0.00388157
0.00498395
-0.00189473
0.000877966
-0.000224126
-0.00364723
0.00906329
0.00573999
0.00187215
0.000719915
0.0085547
-0.00121195
-0.00434001
0.00465308
0.00484309
0.00661562
0.000455989
0.00412392
0.00819962
0.000446398
-0.00353385
0.00716014
0.00643735
0.00242725
-0.00325476
-0.0017648
0.0262119
0.0118711
0.00165071
0.0121322
0.0105398
0.00117595
0.00121581
0.0107709
0.00389165
-0.00629698
-0.00100312
-0.00692203
0.00313506
0.0137651
0.000124553
-0.00233474
0.0100509
0.0123212
0.014356
0.00959965
0.00475486
0.00348251
0.00200298
-0.00505478
0.000538185
0.00439143
0.0112219
-3.4578e-05
0.0102086
0.00971664
-0.00264528
-0.00047871
0.0168687
0.00341232
-0.00278698
0.00688409
0.00905738
0.000722923
0.00188359
0.00573775
-0.00188607
-0.00363961
-0.000205369
0.000888329
0.0012958
0.00498288
-0.00386482
-0.00622063
0.0100742
0.00953781
0.0143543
0.0123365
0.0102109
-0.000491288
-0.0026501
0.00971855
0.000538246
-3.61837e-05
0.0111886
0.00426951
0.00471488
-0.00506396
0.00195705
0.00345691
0.0262274
0.0120966
0.00160829
0.0118752
0.00308606
-0.00232945
0.000112659
0.013763
0.00386994
-0.0069559
-0.000996164
-0.00629928
0.0105011
0.0107652
0.00120191
0.00115663
0.0085731
0.00470687
-0.00298978
-0.00112366
0.00684737
-0.00176488
-0.00366542
0.0029543
0.008203
0.0071624
-0.00356544
0.000447616
0.00485217
0.00416919
0.000456837
0.00662031
0.0625326
0.0073178
0.00973535
0.0525683
-2.6087e-05
0.0128958
0.000311869
-0.00571653
0.0152107
0.000390654
0.000288353
0.0139895
0.0646471
0.0567421
0.00681988
0.00827277
0.062832
0.0526513
0.00971794
0.00732487
0.0646021
0.00819783
0.00675848
0.0566798
0.0151933
0.0139533
0.00029993
0.000403419
-1.98559e-05
-0.00570416
0.000328737
0.01287
0.0251797
0.0221969
0.0204481
0.0287754
0.0196209
0.017529
0.00188849
0.0140369
0.0203193
9.94272e-05
0.000375556
0.0183807
0.0775972
0.0623729
0.0239339
0.0165423
0.0259528
0.0307076
0.0202105
0.0225596
0.0772418
0.016778
0.0239723
0.0655791
0.0204352
0.0183847
0.0017281
8.5384e-05
0.0220374
0.0143199
0.00188128
0.0173226
-0.00739289
-0.00863554
0.0632356
0.100351
0.0177873
0.00718646
0.00927204
0.0147812
0.00401754
-0.0050575
0.00144717
0.00162178
0.000536077
0.000308933
0.00248458
0.00224993
0.046647
0.0101138
0.00468137
0.103362
0.00368528
0.00543705
0.00458835
0.00468596
0.00310444
0.00308294
0.0291884
0.0306491
0.0270334
0.068237
0.0320817
0.00970189
0.0467542
0.103512
0.00465922
0.0013525
0.0269311
0.00960441
0.0320206
0.0681468
0.0030594
0.0306487
0.0291644
0.00306866
0.00226033
0.00128427
0.00455832
0.00547195
-0.00738157
0.100361
0.063221
-0.00865554
0.000531537
0.00225004
0.00247287
0.000301867
0.00391718
0.00162132
0.00144478
-0.00507947
0.0177852
0.0147709
0.00925786
0.00717881
0.0357189
0.0279553
0.00300236
0.0257414
0.0345702
-0.00508985
0.00319246
0.031687
-0.040534
-0.0404695
0.00449438
0.00370818
0.0515279
0.0328738
0.0056041
-0.0387898
0.0352563
0.0258172
0.00301489
0.0275204
0.0514233
-0.0377226
0.00560813
0.0328883
-0.0405339
0.00371667
0.00451137
-0.0404718
0.0345806
0.0317501
0.00319218
-0.00508091
0.0266915
0.0137736
0.00414409
0.0246064
0.0365801
0.000580309
-0.0122755
0.029954
0.00150963
-0.000789459
-0.00889569
-0.00890111
0.00221991
0.0287277
0.00134102
-0.00213192
0.0268726
0.0248134
0.00418676
0.0137858
0.00236147
-0.00186881
0.00225665
0.0287132
0.00150956
-0.00890116
-0.00892378
-0.000780297
0.0366003
0.0299287
-0.0122517
0.000560167
