-0.845
0.095
-1.8528
-0.592499
0.085
2.015
-0.795
0.578504
-1.585
-0.582479
0.715
1.935
0.845
0.095
-1.8528
0.585
0.095
2.01464
0.795
0.578506
-1.585
0.582494
0.715
1.935
-0.0176677
-0.0141303
0.111866
0.160403
-0.0129604
-0.00468737
0.111857
0.16041
0
0
0
0
0
0
0
0
0
0
0
0
0
0
0
0
0
0
0
0
0
0
0
0
0
0
0
0
0
0
0
0
0
0
0
0
0
0
0
0
0
0
0
0
0
0
0
0
0
0
0
0
0
0
0
0
0
0
0
0
0
0
0
0
0
0
0
0
0
0
0
0
0
0
0
0
0
0
0
0
0
0
0
0
0
0
0
0
0
0
0
0
0
0
0
0
-0.0544547
0.00346396
0.00922581
0.0456309
-0.0966823
0.0095278
0.181211
0.0520402
0.0977264
0.0654252
-0.0544565
0.00922799
0.0479148
0.0137435
0.0521051
0.0654837
-0.00404161
0.0589391
-0.00554933
0.120431
-0.020913
0.0156176
0.313107
0.376844
-0.00404919
0.0585413
0.119744
0.0156077
0.0833428
0.0831352
0.00300346
0.222844
0.156888
0.101345
0.100759
-0.00896557
0.479414
0.23719
0.243593
-0.0409338
0.246724
0.141097
-0.0853341
0.00365842
0.00124974
-0.0322125
0.0522081
0.000670906
0.0171769
0.0556988
0.0629843
0.0211646
0.0291289
0.0249099
0.00383942
-0.0857361
0.00124982
0.0466412
-0.0279207
0.00582245
0.0556978
0.0171772
0.0629522
0.0291501
0.0208119
0.024867
0.00789937
-2.01924e-05
0.0238295
0.00582154
0.00628423
-0.0118525
0.0950102
0.0151486
-0.0291724
0.0209482
0.0028497
0.117435
0.00273083
0.0255573
0.000363153
0.177466
0.00790147
0.00217763
-1.78431e-05
0.023409
0.00791219
0.0109258
-0.011863
0.0939681
-0.0291738
0.117428
0.0209444
0.00285802
0.00268765
0.177455
0.0254777
0.000342785
0.0428589
0.263598
-0.0017283
-0.0212308
0.044049
0.00544177
0.116779
0.0392879
0.00471773
0.0598669
0.135076
0.0271317
0.0284371
0.216507
0.0260865
0.0703261
0.0241921
-0.017237
0.087331
0.0756548
0.042859
0.263718
0.0438402
0.003872
0.115213
0.0388555
0.132539
0.0263383
0.0260649
0.070289
0.0853399
0.0752781
0.0508962
0.00651571
0.00841817
-0.000507666
0.0062878
5.65968e-07
0.00243307
0.0304587
-0.00257014
-0.000198974
0.0314229
0.223071
-0.0869786
0.0426813
0.0217912
0.00587373
0.050335
0.00258237
0.00850173
-0.000497643
0.00236441
0.0298479
0.0314504
0.223076
0.0504086
0.0609836
-0.0110277
0.0543809
0.0503039
0.0541182
-0.0111578
0.0606754
0.00502512
0.00378929
0.00868384
0.00983568
0.070414
0.0562099
0.0561644
0.0587779
0.203135
0.2631
0.263194
0.203076
0.0377551
0.06894
0.0308042
0.0269016
0.0372676
0.026879
0.0307271
0.0681229
0.00610744
0.00238229
-0.000664876
0.00362649
0.20356
0.227116
0.227111
0.203564
0.140409
0.187968
0.127437
0.0841709
0.138682
0.0825988
0.125601
0.192207
0.0261388
0.0251653
0.0342101
0.0333319
0.126887
0.0796595
0.0796686
0.126603
0.0513425
0.051178
0.0685841
0.0691154
-0.000659243
0.00263876
0.00112242
-0.00579767
0.00025369
-0.00810323
0.00621445
0.0270832
0.0186035
0.00574115
0.0139742
0.0228769
0.00274483
-0.000299733
0.00112246
0.00161726
-0.00754683
-0.00324006
0.0270541
0.00624131
0.0186028
0.014024
0.00547627
0.0223936
-0.00796131
-2.38746e-05
0.0848815
0.00227296
-0.00776594
0.00786184
0.131066
0.00165514
0.00271554
0.00616911
1.61318e-05
0.0821101
0.000117083
0.00221674
0.00122559
0.0565663
-0.00795936
0.000878427
-2.18549e-05
0.0842335
-0.00659977
0.000918666
0.00784779
0.13151
0.00270726
0.0820918
0.00617791
1.9919e-05
0.000144491
0.060279
0.00220851
0.00122935
0.00172052
0.00547435
0.0454932
0.0505883
-0.00365231
-0.00170541
-0.00172524
0.268351
-2.12579e-05
1.92445e-05
0.0423003
0.00202769
0.0175411
-0.0173899
-0.0109571
0.0254831
0.0392874
-0.0342541
-0.0046097
0.0505574
0.000138682
-0.00145897
0.120489
0.00196795
0.00847278
0.00852551
-0.00462616
0.0047319
0.00925314
-0.0258753
0.0228688
0.0517724
0.0053221
0.0053234
0.0387631
0.0359464
0.00201039
0.00481028
0.0482346
0.0630817
0.00183812
0.00548692
0.0454932
0.0505428
-2.12271e-05
1.92546e-05
0.0420927
0.00151611
0.0171029
-0.0173919
-0.0150629
0.0250741
9.16309e-06
1.21121e-05
0.12707
0.00264176
0.00923128
-0.026438
0.0228204
0.0517312
0.00199249
0.00488568
0.0473278
0.0632623
3.11575e-06
0.00388245
0.108468
0.00228325
0.00686828
0.00224168
-0.0195505
-0.000273367
-0.000622371
0.00101069
-0.00634852
-1.11022e-16
0.00726662
0.00515449
0.00113448
0.0217873
0.00675506
0.00864017
0.00210698
-0.00487358
0.00242799
-8.28151e-05
0.00266346
0.0380444
0.00571759
0.00575307
-0.00160012
0.00544547
0.00537345
0.00537667
0.000430798
0.000672909
3.12527e-06
0.0038839
0.107388
0.000889249
0.00684337
0.00226222
-0.0195814
-0.00029781
0.00714173
0.00512313
0.00106445
0.0207204
0.00244503
-6.06238e-05
0.00264095
0.0380635
-0.00273731
-0.000270633
0.00187066
0.00819974
-0.00273742
-0.000276653
0.00187195
0.00815513
1.47579e-06
0.000614848
0.00164422
-1.74046e-06
0.00402367
0.00372929
0.00382906
0.0204281
-0.0561639
-0.0445127
0.176049
-0.0589692
0.00671545
0.000447242
0.00125139
0.00315724
0.00665517
0.000446254
0.00128136
0.0031261
-0.00177673
0.000160804
3.49609e-05
-0.000237653
0.00644987
0.0142483
0.0065802
0.0064489
0.00302062
-0.00303374
0.0018554
-0.000726244
0.00475485
-0.00542958
-0.000886368
-0.000197812
4.2586e-05
0.0215341
0.0142635
1.90727e-05
-0.0119115
0.0033494
0.00351733
0.00321737
0.00381046
0.00748398
-0.0154012
0.00374511
0.0539477
0.0157172
0.000887236
0.113982
0.0274609
0.00194803
0.0686064
0.0271387
-0.00521623
-0.140683
0.125477
0.00162934
0.0370289
0.0448424
0.0276603
0.0160322
0.00838933
0.0400592
-0.0100886
0.0277213
0.0390272
0.0112872
-0.00295622
0.0455714
0.000243097
0.113992
0.0540936
0.0158127
0.0273569
0.00131925
-0.00274391
-0.196215
0.047698
0.0261989
0.126343
0.0025613
0.0332112
0.0159804
0.0371601
0.0447791
0.00850856
0.045862
0.0390042
0.011115
-0.00941648
0.0272913
-0.00374299
0.0456669
0.049723
0.00287303
0.0973135
0.00232045
-0.0206591
-0.000153777
-0.0062381
-4.12473e-05
0.112968
0.00324045
0.0589557
0.00228418
-0.00688232
0.0213544
0.00548362
-0.00559368
0.0063445
0.079668
0.00020053
-0.000107091
0.00530533
0.0789465
-0.0285667
0.00627604
0.0174519
0.105334
0.000820248
-0.0092129
0.00178583
0.0411986
0.000543574
0.000850454
0.0494091
0.00211152
-0.00750424
8.48551e-08
0.0964744
0.000896163
-0.0206855
-6.85921e-05
0.120572
0.00271493
0.00529891
-0.00636824
0.0601833
0.000806153
-0.00678194
0.0213535
0.00638915
0.0795762
-0.0299139
0.00628439
0.000258152
-0.000102327
0.00530653
0.0789519
0.0173109
0.105487
0.000549355
0.000677049
0.000796933
-0.00916552
0.00179904
0.0412138
0.000772966
0.00179215
0.00525396
0.00971494
0.00102023
0.00122296
-0.0768311
-0.0767772
-0.00393373
0.00431109
-7.93582e-05
0.000872056
0.00155839
0.007548
0.00963955
0.00618336
0.0163868
0.0162156
-0.15355
-0.153693
5.53484e-05
0.00381814
-6.32777e-06
-4.46994e-06
0.0103858
0.0162056
0.0239852
0.0237663
0.0214599
0.00242878
0.0110529
0.00291091
0.00303205
0.00302169
-0.0196608
-0.0196896
0.0238087
0.00418996
0.00140303
-0.013102
0.000775478
0.0019071
0.00974145
0.00524509
-0.00393337
0.00430908
0.000130561
-0.000629448
0.00687423
0.00175582
0.0101004
0.00607963
5.69071e-05
0.00223823
6.07817e-07
-1.7893e-06
0.00255429
0.021518
0.00293527
0.0168039
0.00422726
0.024098
-0.0139878
0.0014174
0.00040378
-0.00370951
-9.24093e-06
0.00203657
0.00240999
0.000822085
0.00664437
0.00344045
0.00244732
0.00187183
-0.000966106
0.00111648
0.00552075
0.00397724
-0.00351799
0.00430217
0.000236394
-0.00168815
0.0192041
0.0201243
-0.000175906
0.00170812
0.0167661
0.00834427
-0.0174224
-0.0210577
0.00910912
0.00908215
0.00607231
0.00607327
0.00276477
0.00286873
0.000442831
-0.00357999
2.19459e-06
0.00209665
0.000764745
0.00235942
0.00659505
0.00342956
0.00397419
0.00551108
-0.0044412
0.00346612
0.00169088
-0.000217986
0.00837115
0.0167625
0.0416969
0.0309058
-0.00338704
0.0508463
0.0789768
-0.020289
0.00557994
0.0500818
0.00964129
0.0131382
0.0192952
-0.00770519
0.0422122
0.0434468
0.00527154
0.0185426
0.0417134
0.0510687
-0.00338798
0.0307497
0.0422738
0.0185826
0.0053342
0.0435086
0.00968839
-0.00760774
0.0193098
0.0131128
0.0790434
0.0498208
0.0055528
-0.020305
0.00280407
0.000411334
0.000792343
0.0019805
0.00186526
0.00141003
0.00142754
0.000361283
-0.00735532
-0.00526138
0.00205193
0.00182249
-0.00488273
0.00245864
0.00165728
-0.00636766
0.0565957
0.0495152
0.010487
0.0236599
0.0462408
-0.0111274
0.0157826
0.0678296
0.0456374
0.067768
0.0157824
-0.0111243
0.0595401
0.026565
0.013431
0.0524438
0.111363
0.0145634
-0.119222
0.200627
0.0264531
0.0287988
0.129126
0.0604833
0.0262241
0.0604799
0.129054
0.0287495
0.111488
0.200626
-0.121745
0.0165421
0.09112
0.103556
0.0068217
0.00651338
0.130108
0.002975
0.00607674
0.110751
0.00335433
0.00198441
0.00355284
0.00621473
0.00592162
0.00293341
0.00444329
0.0057778
0.0903773
0.00648246
0.00676196
0.102603
0.00593479
0.00575567
0.00442333
0.00293439
0.00336096
0.00617345
0.00353626
0.00199712
0.129215
0.109673
0.00603895
0.00295371
0.00229661
-0.000587408
-0.00140456
0.00230545
0.000886545
0.000899785
-0.000197411
0.00106355
0.0066998
0.0105164
0.00239724
0.00347735
0.0077293
0.00481641
0.000541799
0.00861816
0.104187
0.0586814
0.0232648
0.0131841
0.0571818
0.00633083
0.0134409
0.0395744
0.057192
0.0395832
0.013405
0.00633376
0.104285
0.013186
0.0232386
0.0586836
0.098461
0.11655
-0.00332669
0.0204635
0.0384055
0.0240034
0.00138897
0.126045
0.0191247
0.0506057
0.0155581
-0.0319989
-0.0192241
0.017172
0.00320524
0.0491463
0.102368
0.0199432
-0.00498348
0.123925
-0.0189827
0.0488244
0.00141849
0.0164864
0.0189925
-0.0323018
0.0144923
0.0500952
0.125833
0.129801
-0.000535373
0.0220426
-0.00538731
0.00646963
0.0207465
0.00259443
-0.0064148
0.00267936
0.0206537
0.00775662
-0.000987576
-0.035097
0.0157094
0.00260034
-0.00519432
0.00178957
0.0156641
0.0214879
0.0755349
0.0839034
0.0058184
0.00456381
0.0662812
0.0419766
-0.00959847
0.0481906
0.0662759
0.0483803
-0.00952014
0.0419915
0.0755856
0.00459308
0.0059252
0.0840465
-0.168268
0.0397248
0.0124055
0.0351265
-0.168992
0.0349313
0.0125904
0.0402336
0.0327852
0.0285813
-0.0214288
0.00829487
0.0338295
0.0124151
-0.0205803
0.0286554
0.0244445
0.00281494
0.00118834
0.00214911
0.000362009
0.0042303
0.00269671
-0.00667225
0.000951963
0.00154384
0.0021458
0.00661154
0.00272191
0.0243659
0.00118835
0.000129128
0.00170156
0.00051529
-0.00665201
0.00272713
0.000947652
0.00217405
0.00131545
0.00692865
-1.97268e-05
-2.37937e-05
0.0328322
-0.00164879
-3.81607e-05
2.57244e-05
0.00577162
0.00135823
0.000228958
-8.46068e-05
1.84145e-05
0.0249777
-0.000150571
0.00200328
0.0237971
-0.0127032
-1.80286e-05
-3.96674e-05
-2.29111e-05
0.0342523
-0.000697464
-9.2282e-06
9.82913e-06
0.00578123
0.000237852
0.0249887
-7.87517e-05
2.19797e-05
-0.000163792
-0.0145267
0.00199786
0.0237407
-6.55653e-05
-0.000151554
0.0355632
0.000486739
0.00133246
0.000318766
-0.00172803
0.16577
-1.99691e-05
9.61803e-08
0.0353068
0.000602619
0.00166448
0.0111932
0.00747135
0.0180748
-0.044332
-0.00467829
-0.00594507
0.012565
0.000132244
-0.000235547
0.125937
0.00147116
0.000943864
0.000916442
0.00631332
0.00475586
0.00519272
0.00198829
0.00938551
0.0164326
0.000225506
0.000225256
0.0403018
0.00260889
0.00209125
0.00539465
0.0144672
0.0295079
-5.54888e-05
-9.70355e-05
0.0356783
0.00056687
-2.00126e-05
1.46927e-07
0.0350956
0.00124989
0.0018144
0.0112437
0.0101614
0.0175229
-3.59156e-05
4.47684e-06
0.122741
0.00189057
0.00490513
0.00225602
0.00924429
0.0162087
0.00181842
0.00520134
0.0141464
0.0294836
2.96504e-06
9.07734e-06
0.0214744
0.00173123
0.000568151
-0.000150056
4.26747e-05
2.13363e-05
-0.00152394
-0.00152276
-3.01113e-05
-4.16334e-17
-9.72962e-05
0.000663136
-0.000373694
0.00552158
-0.00583965
-0.00578519
-2.09401e-06
-0.00269075
0.0018323
1.77769e-05
0.000642619
-0.0103226
-4.22293e-06
-8.76338e-06
-0.000159939
0.00219455
-0.000149813
-0.000146585
-0.000304931
0.00180265
1.69603e-06
1.85063e-05
0.0221547
-8.78423e-05
0.000576551
-0.000162574
0.000298299
1.66973e-05
-0.000189023
0.000605513
-0.000456393
0.00538192
0.00184048
1.83746e-05
0.000649139
-0.0103246
0.00274004
-0.000849389
0.00305043
2.62721e-05
0.00274013
-0.000845753
0.00304834
2.59153e-05
1.39603e-06
-0.00173888
-0.00185324
2.15346e-08
2.63603e-05
0.000503904
0.000456475
0.00108295
-0.00678222
-0.00438144
-0.0561052
-0.00881305
0.000212991
0.000430307
0.000106502
0.00079837
0.000186117
0.000438782
7.63141e-05
0.00078294
-0.00110271
9.24581e-05
0.00188712
-0.000988465
0.000229446
0.00286327
0.00437336
0.000229318
-0.00251697
0.00021905
0.00230571
-0.000196423
-0.0028293
-0.00223769
-0.000157528
-0.000293028
5.42546e-05
-0.0195459
-0.0155931
8.08569e-06
2.96214e-05
0.000148014
0.000298925
3.96604e-05
3.41909e-05
0.00172831
0.025913
7.53042e-05
0.0246758
0.000687671
0.00800949
0.00246191
1.15065e-05
-0.00255185
0.000907515
0.125109
2.83179e-05
2.1358e-07
0.0219862
0.000669607
-0.00756489
0.0101046
-0.0212942
0.00233202
0.000398037
0.00636064
0.00287616
-0.117061
-0.00568421
-1.03401e-05
0.127678
0.00129277
1.78131e-05
0.0018683
0.0306641
0.0042453
-0.00296715
0.00236197
0.000863703
0.00183967
0.00517173
0.00508232
0.00826105
0.0016989
0.00363984
0.0105517
0.0132696
0.0178261
0.00178764
0.00138696
0.0374286
0.00225866
0.00191462
0.000761935
-0.00732523
0.0279726
7.69476e-06
-0.00141941
0.00025794
0.125062
0.0250413
0.000919778
0.0083416
0.00309717
2.81253e-05
9.55739e-08
0.0218806
0.00129364
0.000639679
0.0404592
0.0028737
-0.194971
-0.00837007
0.011781
-0.0102916
0.000623165
-0.00321049
2.09852e-05
0.128846
0.00183753
-0.00261026
0.00239327
0.000971973
0.00180952
4.1189e-06
0.00192575
0.0306852
0.0042717
0.00518175
0.00511934
0.00836868
0.00190523
0.00177696
0.00134598
0.0371708
0.00226278
0.00327441
0.0112767
0.0134709
0.0174473
0.00217677
0.000695154
-0.00699049
0.0279041
0.00790043
2.06494e-05
0.0470136
0.000555192
3.15507e-06
2.95515e-06
0.0277572
-0.00157006
-0.000426133
0.004573
0.00719533
-0.000292023
0.000744179
-0.000214044
-0.000831597
-6.05271e-05
0.0078306
-4.23677e-05
0.117138
0.00257536
0.00782191
-0.00139179
0.0244095
0.00181142
0.0299653
0.00112761
-0.0087224
0.00502595
0.000248115
0.00174344
0.000231201
-0.000486353
0.000267374
-0.00142302
0.000146783
0.0652193
0.00509841
0.00026406
-0.000105818
0.000145656
3.24677e-05
2.95966e-05
3.27776e-05
-0.0109257
0.00521737
0.00447971
-0.00077265
3.14718e-05
4.96507e-05
-0.000973987
0.000712738
0.0513121
-4.32946e-05
0.00049975
0.00277865
-0.0161049
-8.45887e-05
-5.92583e-05
0.00192295
-0.00963829
0.043514
0.00147397
-0.000155746
0.000136179
0.00790211
2.0963e-05
0.0467032
0.00122365
0.0010223
-0.000642226
-0.00053507
-1.54591e-07
1.67541e-06
1.31664e-06
0.0282976
-5.57415e-05
-0.000598661
0.00450559
0.0074511
-0.000239796
0.00727036
1.116e-06
0.111929
0.00193614
0.000928479
0.000857987
7.36415e-05
-0.000240363
0.00781567
-0.00303373
0.0268116
-0.000168002
0.0292905
0.00110625
-0.00865763
0.00504431
0.000251988
-0.00117251
0.00015101
0.0651163
0.00523808
0.00447155
-8.20195e-05
4.24295e-05
0.00506358
0.000254062
-0.000102807
0.000146027
4.60852e-05
3.81946e-05
2.57984e-05
-0.0109194
5.6678e-05
-0.000743749
0.000671284
0.0513145
0.0416686
0.00146568
-0.000100442
0.000294303
-4.40849e-05
0.000453461
0.00276677
-0.014992
-8.11283e-05
-5.71178e-05
0.00195174
-0.0101416
5.30775e-05
-4.24056e-06
-0.00084352
-0.00206123
-0.0130353
-0.0290037
-0.00162231
0.000456008
-9.68093e-09
4.08393e-09
-0.00194846
-0.00173647
0.032021
-0.0327873
0.000718755
0.000703879
0.000100313
0.000944022
0.00395291
-5.91587e-06
0.000101879
-0.00102211
-2.58325e-05
-3.10494e-07
0.0134864
0.00520431
-0.000229853
0.00134776
0.00328909
0.000725344
0.00138389
0.000653084
-0.00285287
-5.00026e-05
-0.0307508
-0.0308408
-0.0117738
0.00577888
-0.0697887
-0.0542389
-0.00526476
-0.00325656
1.34554e-05
-0.00426534
0.000397483
0.00230671
-2.40108e-06
-1.33475e-05
-0.0143427
0.000864856
0.00184704
0.00183578
0.00334333
0.0144557
0.00369327
0.00377943
0.000696798
0.000134729
0.00385557
2.3503e-05
0.00172524
0.00145439
0.000858207
0.000105661
0.00100062
-0.00628277
6.34535e-05
6.43141e-05
-0.0138455
5.501e-06
3.19213e-05
6.14463e-05
0.0145156
-0.000491988
-0.00234976
0.00010147
-0.000183666
0.00080135
-5.20107e-05
-0.000225026
5.32459e-05
-4.4459e-06
-0.000862358
-0.00205665
-0.0131707
-0.0278724
0.000180362
-0.00165322
9.6963e-05
0.000948106
0.0039501
-5.80199e-06
0.000244216
-0.000608831
0.000111659
-0.000104422
0.0148683
0.00687822
0.00151822
0.0012089
0.00317966
0.000777158
0.00152113
0.000729922
0.00210585
-0.00345652
1.41506e-05
-0.00426298
-0.000486424
0.00547419
1.69782e-06
3.05593e-08
0.000706422
-0.000392256
2.41632e-05
0.00385522
0.00174089
0.00142415
0.00011186
0.00088252
0.0143157
-0.000768184
9.91573e-05
-0.00260828
-9.63195e-05
0.000872657
0.000181089
-6.0819e-05
-0.0111265
0.00290958
-0.000111478
-0.000448255
0.000637934
0.000541829
-1.40974e-07
1.1196e-05
-0.0183451
0.00215633
-0.001079
0.00187153
-0.000291703
1.4795e-05
0.000463399
0.000169877
0.0063216
-1.83687e-06
-0.00199284
-0.00199839
-2.77556e-17
-8.01192e-05
-0.0014127
-0.0016145
-0.000222669
9.92101e-05
0.00101212
0.000296476
0.0046586
-0.000680648
-0.00117388
0.000942577
0.00210915
-0.000123756
0.000597534
0.000564097
0.00229573
3.05737e-06
-0.0163017
-0.0164071
0.00193389
0.000101068
0.000290118
0.0013591
0.0496969
0.00226864
0.00637845
0.00362811
0.000264465
0.0174962
-0.00273199
-0.000947907
0.000105238
0.00534327
0.000211416
0.000223176
0.000530946
0.000178196
0.000199984
0.000201011
-1.21516e-05
0.00102823
3.34003e-05
4.82364e-05
-0.0119704
0.00285823
-0.000183052
-0.000539675
0.000973702
4.55316e-05
8.51156e-07
9.1271e-06
-0.0187143
0.00211363
0.00191342
-0.0012112
-0.000311751
1.21293e-05
0.000442252
0.000155128
-0.000219088
9.03577e-05
0.000282607
0.00099907
0.00427812
-7.31376e-05
-0.00213408
-2.73214e-05
0.00191408
8.01815e-05
0.0013366
0.00027521
0.0496105
0.00226901
0.0036062
0.00645103
0.00419272
-2.55594e-05
0.000161882
1.36432e-05
8.64889e-05
0.00815002
-0.000258212
-0.000114395
0.0026501
0.0111523
0.00216866
-0.00313703
2.00702e-05
-1.03766e-05
-0.000330552
-0.00227281
0.00418763
-2.70446e-05
0.000161159
1.43304e-05
-7.88539e-05
0.000117744
-0.000201967
-0.00214655
0.00271998
0.0112161
0.00221488
-0.00305213
8.41224e-05
0.00823989
-0.000247874
-4.72561e-05
2.72981e-05
1.31904e-05
-0.00177379
-3.73339e-05
2.31798e-05
2.00251e-05
-0.000859718
-1.87509e-05
0.000859095
0.00695868
-4.87894e-06
3.78174e-05
0.000954413
0.0054559
0.000718256
4.97787e-05
0.00333461
0.00841754
-0.00516253
-0.00412748
0.00146034
-0.0270446
-0.000240888
0.00644234
0.00146692
-0.027259
-0.000238752
0.007174
0.0109141
0.00186639
-0.0031582
0.00171654
-0.0163677
-0.0260413
0.00165188
0.162142
-0.0327245
0.00953893
0.00802592
0.013503
0.00904763
-0.03271
0.0133695
0.00799009
-0.0259674
-0.0162968
0.16215
0.00169119
-0.00616504
0.000138246
0.000177459
0.00294885
0.0284187
0.00479655
0.000154916
0.00195755
0.000285934
0.000320593
0.000828117
-0.000384333
1.69589e-06
0.00398676
-1.87903e-05
0.000350062
-0.00643468
0.000171256
0.000231531
0.00291163
8.68775e-06
0.00399774
-1.74203e-05
0.000355768
0.000310629
0.00032514
0.000827944
-0.00037455
0.0270494
0.00348381
-0.000114368
0.00195469
0.000721909
-7.86678e-07
-4.47357e-06
9.04823e-05
5.61188e-08
0.000989335
-0.00066159
-8.63594e-09
0.00526299
0.000965352
-0.00141412
-0.00187174
0.000514963
0.0052414
-0.000457622
0.00186015
0.0447025
0.000416754
0.00417445
0.004292
0.0443092
0.000510447
0.000267569
0.0014794
0.000551156
0.0442316
0.00148356
0.00025742
0.000417038
0.044768
0.00425169
0.00418031
-0.00436044
0.00442854
1.82214e-05
-0.00239351
-0.00118992
-0.000973892
0.000324803
0.00583532
0.00365633
0.0163624
0.00207237
0.00804769
0.00508803
0.00494577
0.00383767
0.00353498
4.90313e-05
0.0044249
1.8467e-05
-0.00235665
0.00506747
0.00489653
0.00388234
0.00367523
0.00277821
0.0156855
0.00215962
0.00755715
0.00678767
0.00225371
6.15093e-05
0.00609568
0.000576779
0.00570894
-1.07311e-06
0.00145248
0.000675779
0.00673558
2.77999e-07
0.000599747
0.00303742
-0.00291969
0.00615073
1.23275e-06
0.00243472
-8.48404e-05
0.00677642
2.02187e-05
0.00436501
-1.27876e-05
0.00147162
0.00170165
0.00106341
0.000560584
0.000391925
-0.000797195
0.00106697
0.000507844
0.00037249
-0.000284298
0.00449234
1.56765e-05
0.00148504
0.00172233
-0.199114
0.0538639
0.0067866
-0.0768187
0.107886
-0.0638524
-0.0738616
0.0076165
0.00400934
0.00299097
0.0261651
0.00190563
0.00292508
0.0040223
0.00189342
0.0263489
0.0292913
0.0623807
0.000924449
0.0997818
0.0140064
0.000722529
-0.0139662
-0.119954
0.0037002
-0.0700253
0.0094435
0.000544942
0.0272991
0.00304091
0.00238732
0.0157849
0.0126351
-0.00348624
0.0155001
0.0127263
0.028937
0.00199354
-0.0025912
0.0190321
0.000261457
0.10032
0.0303052
0.06235
0.0139556
0.00133087
-0.00132189
-0.0805385
-0.0559667
-0.0182909
-0.0357811
0.00108596
0.00235878
0.015872
0.0273155
0.00314727
0.0126194
-0.00343346
0.0289924
0.00240016
0.0156664
0.012823
-0.00195063
0.0193585
0.00735841
-0.00197027
0.0305243
-0.00166469
0.00438635
2.29041e-05
2.54832e-05
-1.48838e-06
-1.74639e-05
0.00211347
0.0116764
0.00114347
0.00468919
0.00158951
-0.000179972
0.00022408
-1.02173e-05
0.0416034
-0.000121619
1.99731e-05
0.000336896
-0.00407545
-0.00309301
0.00797484
0.00157337
-0.00957864
0.0243918
-0.000288912
0.00179133
-0.00963187
0.00803474
0.000241813
0.00735983
3.96681e-05
1.29373e-05
3.10834e-06
0.0311311
-3.94328e-05
0.00389837
2.33631e-05
-1.39454e-05
1.71869e-05
-8.879e-06
-0.000695237
0.0123509
-2.41163e-05
0.00511529
-0.000537201
-6.84766e-06
0.0419353
-0.00277331
0.00739268
-0.000124859
6.74876e-06
0.000329549
-0.00406162
0.00145202
-0.00961785
0.00616184
-0.00130392
0.02438
-0.000398263
0.00178132
-0.00965949
0.0199554
0.00898636
0.0309421
0.00733228
0.00167671
-0.00211694
0.0155951
-0.000153018
0.00121238
0.157587
0.000371371
0.156805
-0.00182641
-0.00166136
-0.00271611
-0.00261064
0.0272131
0.000637588
0.041554
0.000575847
-0.00395712
-2.68724e-05
-1.46879e-05
-3.28576e-06
-0.00263778
0.015978
0.0349914
0.0153951
0.00685247
0.000227534
0.00184809
0.0103038
-0.00317175
-0.100118
-0.00398568
-0.170821
-0.00103166
-0.030771
-0.0409641
-0.0641226
0.128214
0.00132708
0.121832
0.00253359
-3.56782e-06
-0.00306834
-3.55894e-06
-2.11482e-05
0.00264472
0.0013249
0.00259685
0.00127062
-0.00551256
-0.00554308
0.00670111
0.00646555
0.0139835
-0.00437198
0.00152021
0.0620853
0.00671872
0.00102266
0.000573133
-0.000118533
0.0386549
0.00246013
0.038615
0.0025132
0.000154887
0.000142729
-0.000187104
-0.000195034
-0.00385191
0.0301538
0.0134877
0.0383389
0.00501304
0.00576027
-0.000388809
-0.00107666
0.0199655
0.00827742
0.0302844
0.00739307
0.0015976
-0.00211669
-0.000150377
0.0146614
0.0270547
0.00127433
0.0412922
0.00123355
-0.00395719
-2.69156e-05
-9.17311e-06
-1.56945e-06
-0.00203019
0.015368
0.0359712
0.0168012
-0.000313859
0.00818363
0.0020172
0.0122651
0.126117
0.00186122
0.116975
0.00191045
-4.02244e-06
-0.00381238
3.2737e-07
-3.54174e-06
0.013991
-0.00446037
0.001872
0.0635481
0.00103929
0.00709201
-8.6849e-05
0.000573361
-0.00417482
0.030051
0.013356
0.0382707
0.00574417
0.0049508
-0.00116665
-0.000408379
0.0242815
0.00170887
0.0204872
0.00171944
-0.00011088
0.00306518
2.3962e-06
1.23396e-05
-0.000454393
-0.000388266
-0.000269671
-6.247e-05
0.00086322
-3.58803e-06
0.000771138
-0.000204706
8.30422e-05
5.55112e-17
8.32444e-05
2.77556e-17
-0.00155793
-0.00155836
-0.00157174
-0.00156776
-0.006031
0.0100292
0.00075444
-0.00533157
0.000323412
0.000445813
-0.000781426
0.00379207
3.55859e-06
-0.000338412
5.09765e-06
-0.000326631
0.00331773
0.00329692
-0.00974507
-0.00971399
0.000357511
-0.0109086
0.00126739
-0.00998245
-7.57742e-05
0.00183893
-0.00016849
-0.000136686
-0.000228006
0.000948136
-0.000239478
0.000999794
-0.00024661
-0.000242956
0.00038858
0.000388566
-0.000166228
0.000740583
-0.000137311
0.000760545
-7.25114e-05
-7.14946e-05
9.75419e-05
0.000119893
0.0248872
-7.01843e-05
0.0211964
-8.84715e-05
-8.14622e-05
0.00303973
8.7128e-07
1.51083e-05
7.68384e-05
-0.000386693
-0.000270084
-9.80632e-05
-2.79675e-05
0.000855768
0.000765951
-0.000206318
-0.00599067
0.00988566
0.000730136
-0.00535084
0.000412506
0.000312526
-0.000778078
0.00388452
0.000346065
-0.0112551
0.00126561
-0.0137505
0.00184805
-8.53805e-05
-0.000145049
-0.000153809
-0.000604847
0.00220586
0.00353044
-5.06007e-05
0.000206717
4.36274e-06
-0.000409626
0.00221471
-0.000603522
0.00217166
0.00353108
-4.66855e-05
2.83379e-06
0.00020202
0.00220604
-0.00040771
-0.00183123
-0.00179164
-1.75373e-05
0.000492808
-5.76268e-06
3.40705e-07
-0.00193737
-0.00208898
0.00140392
0.00138375
0.00050657
0.00103635
0.00098924
0.000445578
0.000561546
0.00056116
0.00318001
-0.0575747
0.00121812
-0.000870872
0.00266851
0.00266002
-0.0571063
0.00253568
1.88702e-05
0.000215038
-6.22922e-05
0.000233404
0.0001361
0.00034069
0.00011811
0.00100999
1.34542e-05
0.000205708
-9.66989e-05
0.00021569
0.000309536
0.000103831
0.00100858
0.000108735
5.62769e-07
-3.37073e-05
-0.00132346
-0.00105935
0.000850168
0.000855982
-4.12577e-06
-4.5093e-06
0.00392816
0.00390608
0.000307061
0.000318207
0.000107034
0.000125355
0.00392339
0.00394024
-2.48593e-05
0.002037
-3.06508e-05
-0.00279304
-0.00223444
2.74501e-05
-0.000114743
0.00203307
-2.65957e-05
-0.00208162
-2.97932e-05
-0.00280223
2.82121e-05
-0.00223038
-0.00208599
5.42888e-05
-0.017338
-0.0176036
0.000352344
-0.00321482
-0.00398882
2.75567e-05
-0.0181051
-0.0177222
0.000154145
0.00015364
8.27325e-05
9.3695e-05
7.99365e-06
1.5862e-05
0.000189913
0.000214306
0.00153874
0.0228757
0.000172838
0.000198029
-0.000324396
-0.000655365
0.00141964
0.0233163
-0.00300098
-0.00189929
-0.0348582
-0.0155336
-7.1687e-06
-0.00189146
0.00142259
0.0232061
-0.00222508
-1.72743e-06
2.37805e-05
-9.52195e-07
0.0498677
-0.0159811
0.0292278
0.00268689
0.00326972
0.00878196
-0.0265025
-0.00186727
0.0605224
0.00370229
-0.000325855
2.65284e-05
3.71986e-05
-7.87636e-05
0.0074912
0.00219028
-0.00153436
-0.00249335
-0.0119804
0.00582255
-6.78221e-06
-0.00137186
0.000408148
0.000944669
0.0027223
0.0120867
0.00370501
0.00938296
0.00107367
0.000295917
0.0026255
0.00243728
-0.0042932
0.00622355
0.000473207
5.527e-05
3.65733e-06
-0.000877125
0.00145806
0.0232238
-0.0039048
-0.0019791
-0.0347935
-0.016639
-0.00222547
-2.0133e-06
1.34418e-05
2.0171e-06
-0.00237357
0.0181183
0.00279607
0.0683249
0.0126454
-0.00643074
-0.0492426
0.00621373
0.0134585
0.0070541
0.000763313
-2.76709e-06
-0.0013748
-0.0120604
-0.0122016
0.0057555
3.39859e-05
-8.10624e-05
0.00748049
0.00215451
-4.62651e-06
-0.0013268
0.000383456
0.000889887
0.00108547
0.000332017
0.0029437
0.00248641
0.00276309
0.0113734
0.00395241
0.0120213
-0.00398414
0.0058528
0.000484961
-5.96629e-05
-0.00752839
0.00413725
0.00588517
9.84045e-06
-6.69878e-10
7.00236e-05
2.49192e-06
1.89616e-06
-0.00383076
-0.00297263
-0.00278341
0.00383148
-0.0014566
0.000959529
0.00075363
-0.000147607
0.029298
-4.75152e-05
0.00642837
-1.72118e-06
0.0243647
0.0204192
0.00553728
-0.000736302
-0.0347285
0.00174355
0.0283138
0.000532238
-7.6732e-05
0.00151159
-0.000379893
0.00247664
-0.000116479
-0.0161119
0.0100417
0.000684571
0.00421309
-3.76279e-05
0.00468275
5.00635e-05
-2.32334e-05
0.000319288
0.00362169
0.000843016
0.0105236
0.00113172
0.0140827
0.00630486
-0.000812465
0.00592323
0.0173829
0.000156348
0.00103317
0.000657519
0.000574888
0.0019778
4.23009e-05
-0.00010342
-0.000362421
7.79614e-06
0.0412334
0.00143563
0.036523
0.00168143
-0.00693732
0.00413732
0.00663304
7.91081e-06
-0.000178696
-5.06303e-05
0.00100504
-0.000647624
-5.46469e-08
8.02217e-05
-4.00299e-06
-3.98129e-06
-0.00404175
-0.0029675
-0.00306283
0.00376472
0.0232511
5.26654e-05
0.00681687
6.66443e-07
0.000901079
0.000834492
0.000366666
0.00080348
0.00133862
0.0188134
0.00579845
-0.00214282
-0.0346257
0.00172217
0.0267063
0.00056879
-0.000115517
-0.0166452
0.0104065
0.000724403
0.00217362
0.00182297
0.0140334
0.00631673
0.0041158
-7.83732e-05
0.00466239
4.75995e-05
-4.85663e-05
0.000328941
0.00368504
0.000840284
-0.00100956
0.00602846
0.0173328
0.000181776
0.041232
0.00143684
0.0366428
0.00174257
0.00111388
0.000677671
0.000285435
0.00191044
5.09568e-05
-0.000104552
-0.000378893
3.67055e-06
1.4111e-06
0.00234708
0.000125662
-0.00326454
-0.0168447
0.10045
0.0204218
-0.0152107
7.62076e-06
0.000121141
-1.59216e-07
7.81375e-06
-0.075472
0.0338639
0.033937
-0.0749466
3.55482e-05
0.000443217
0.000922575
0.000116997
-0.00135075
9.00302e-05
9.8295e-05
-0.0011225
0.0125385
0.00479183
0.0118367
0.0204741
0.000684849
0.0029493
-0.0144785
0.0228039
-0.00800794
0.000323811
-1.77976e-05
0.000621655
-0.0757222
0.0854022
0.0857778
-0.07543
-0.00499952
-0.0030353
-0.000792016
-0.00397121
0.0016908
0.000467306
0.000330191
0.0061436
-0.000486033
0.00271254
0.002701
-0.000501093
-0.00019608
0.0203972
0.0204658
-0.000102396
0.00394101
-0.00262089
-5.99596e-05
-5.75595e-05
0.00129753
-0.00026241
0.00100318
0.00110516
0.00100248
-0.00444292
-0.00443996
0.000986365
-0.0178509
-0.000286676
-0.000589149
-0.0178318
0.0107675
6.63804e-05
-0.000500237
0.0107262
0.00434329
0.00161739
-0.000162238
-0.00140896
0.002271
-1.18658e-05
-0.00326101
0.000135927
-0.0151925
0.0203682
0.101261
-0.0156093
0.00044435
3.56176e-05
0.000113449
0.000923866
6.1616e-05
-0.000802507
3.23692e-05
0.000870441
0.0201459
0.0124057
0.00397838
0.0115045
0.00278971
0.000816532
0.023272
-0.0125987
-0.0029841
0.00102147
0.0018646
-0.00206665
0.000479468
0.00130654
0.00561959
-0.000756416
-5.62573e-05
1.76728e-05
-0.00270612
0.00395349
0.00113088
0.000991845
-0.00026376
0.00111279
0.0104939
-0.00058532
4.94314e-05
0.0100362
-0.00154199
0.000295205
0.00167097
0.00370413
-0.00957566
0.00197982
0.00422346
-0.00893558
0.000339998
0.000685125
0.000584484
0.000705304
-0.00913463
-0.0023195
0.0108085
-0.00913268
2.25654e-05
-0.000143047
-4.32409e-06
0.000115618
0.00706208
5.88406e-06
-7.86739e-05
0.00706379
2.90573e-05
-1.15429e-05
0.000684079
-8.21474e-09
0.0006808
0.000128751
-5.71684e-06
-0.000172858
2.79227e-06
0.00311858
0.00773029
4.28386e-05
0.00607306
-0.00147735
-0.0010514
0.00607508
0.00702656
2.60272e-05
-0.000583699
0.00703348
0.00127542
0.00134351
-1.11522e-05
0.00335327
0.0508305
0.00351057
0.00187755
0.0452286
-0.00283163
0.019116
0.0209476
-0.000785018
0.00672636
0.000194928
0.00020163
0.00675972
0.000484714
0.00011067
0.000130148
0.000513712
0.00110595
4.44587e-05
4.65084e-05
0.00109753
0.00192411
-0.0098852
-0.00914938
0.00414027
0.000988175
1.36714e-05
6.44705e-05
0.000998209
-0.00915354
0.0108045
-0.00232147
-0.00913079
-0.000142242
1.90792e-05
0.000111548
-5.49873e-06
-0.000167507
-5.87623e-06
0.000128426
0.000682678
0.00312861
3.19509e-06
4.38281e-05
0.00760958
0.00336774
-1.09378e-05
0.00135534
0.00128029
0.0452573
0.00184702
0.00352432
0.0508966
0.020251
0.0158775
0.00497561
0.0205249
0.0280878
-0.00389954
1.12085e-05
0.0244991
0.0020328
-0.000879297
0.000321047
0.00463329
0.0309502
0.00996653
0.00329266
0.000556314
0.0146783
-0.000166099
0.00194556
0.0497334
0.000361968
-0.0135464
-0.00132948
0.000261372
-0.000620654
0.000942631
-0.00279273
0.000173573
0.0383503
0.0470145
0.0043205
9.24081e-05
7.10269e-05
-2.26586e-06
0.00685415
0.00455931
0.0106708
0.00949206
-0.00160782
-0.00982977
0.0027955
0.00697578
0.0078242
0.00236115
-8.4537e-05
9.04385e-05
-0.00365853
-0.0143387
0.0217612
0.0290209
8.98249e-05
0.0124088
0.0328813
-0.00203894
-0.000103858
0.0311858
0.00381583
-0.00016311
-0.00324358
-0.00359396
0.0152285
0.0147721
-0.00216989
0.000331149
0.0201992
0.0214774
0.00497541
0.0157938
0.0310608
0.000509798
0.00325314
0.0100677
0.00203563
0.004636
0.000320995
-0.000881744
0.0279031
0.0243672
1.07051e-05
-0.0038998
0.0217891
0.0123988
0.000153459
0.0291294
0.0152225
0.000338983
-0.00210434
0.0148743
0.00382903
-0.00359167
-0.00319217
-0.000189664
0.0326705
0.0311763
-4.09069e-05
-0.00203702
7.63847e-05
0.00446627
0.00631866
7.6518e-07
-1.39059e-05
-0.0143841
-0.00364456
6.31448e-05
0.00279249
0.00183026
0.00787873
0.00694551
0.0107408
-0.00967907
-0.00180157
0.0094944
0.0148171
0.0496244
0.001868
-0.000420289
0.0381132
8.87709e-05
0.00431707
0.0467266
-0.000617581
0.000152343
-0.0027926
0.000945282
0.000765545
0.00102279
-0.00184458
-0.0135493
0.00162265
0.000908578
1.69906e-05
0.000708437
-0.00203349
-0.00188693
-0.00182755
-0.000893019
-0.00178418
-0.00119168
-0.00156237
-0.00189021
0.000611151
0.00065407
5.1217e-05
8.55146e-05
0.00189199
0.00132462
2.38815e-05
0.000262976
0.00125424
0.000144189
4.05087e-05
0.00128448
-0.00182158
-0.00176406
-0.000831162
-0.0007114
-0.00231155
-0.000568868
-0.000861321
-0.00169841
4.17926e-05
-0.000455005
0.00764252
0.00733427
-0.00156189
0.00467478
0.00704696
-0.000278447
-0.00190794
-0.000287655
4.08849e-05
-0.00196637
0.0012403
0.00123606
0.000873517
0.000557362
-0.00198073
0.00628632
0.00678841
-0.00167331
0.000588694
0.000100117
0.000536985
0.000574061
-0.00192694
-0.00204496
-0.000530421
-0.00107169
-0.00156172
0.000868885
0.0065636
0.00467178
0.00215675
0.00167678
0.00671746
0.00459723
0.00194809
0.00249041
-0.00426575
0.00343669
0.00095821
0.00227542
-0.00882363
0.00228142
0.00718477
-0.0537436
-0.000213564
-0.0139288
0.0314432
0.00309929
-0.0303015
0.0666917
-0.000510308
-0.000547049
0.00288595
0.00256012
0.00112593
0.00159042
0.012684
0.0187034
0.0457379
0.0638244
0.00203488
0.00136977
0.0316165
0.0666759
-0.0324322
0.0035878
0.0458818
0.00138966
0.00207286
0.0643797
0.00110467
0.0196168
0.0135325
0.00157417
-0.000515994
0.00290311
-0.0136573
0.00020029
0.00206014
0.00456204
0.00968751
0.00166036
0.00725531
-0.0141385
0.00210303
-0.00486956
0.000923513
0.00228112
-0.00604648
0.00226786
0.00192944
0.00339537
-0.0070475
0.00252085
0.0808301
0.00460529
-0.0347077
0.114192
1.92906e-05
0.00171485
-0.0297548
0.00448197
-0.00616745
-0.0325227
0.138097
0.0286437
0.163233
0.136427
0.0929282
0.0391403
-0.0179314
0.00237566
-0.0258082
0.00418731
0.00607545
0.00482753
0.00965482
0.00722004
-0.0620002
0.0497062
0.0370406
0.0211524
0.000935861
0.0191082
-0.0155516
-0.010271
-0.0179376
0.00379995
-0.0257758
0.00256108
0.00117223
-0.0105492
-0.0155827
0.018322
-0.0621533
0.0210889
0.0369146
0.0614984
0.00605646
0.00718189
0.00966422
0.00487709
0.0810022
0.114187
-0.034732
0.00481558
0.162876
0.0391664
0.09291
0.13598
-0.00885938
0.0291911
0.138459
-0.0334595
-0.000201541
0.00452815
-0.0302276
0.00116058
0.0317606
0.029288
-0.00447287
-0.0011798
0.0228808
-0.0106735
-0.00778856
0.0260231
0.000409677
0.000319996
0.00256874
0.00278544
0.000719022
0.00407301
0.0034007
0.00056567
0.00874598
0.0291941
-0.01312
0.0383229
-0.00324438
0.000634357
0.00218521
-0.00442216
0.000272776
0.00387101
0.00323326
0.000779153
0.0210046
0.0113689
0.00525905
-0.00939745
0.0230221
0.00192153
0.000158075
0.021276
0.000859109
0.00168456
0.000980415
0.00157973
0.00105995
0.000309531
0.00168381
0.000712148
0.00127105
0.00194422
0.00050412
0.000110959
0.000443367
0.00536472
0.004352
0.000214699
-0.000400395
-0.000114411
-8.1216e-07
0.000267818
0.000999292
0.00111644
0.000240726
0.000264534
0.00243956
0.000267315
0.00382813
0.00432191
0.032074
-0.00140267
-0.00474756
0.0300381
0.000713586
0.000551528
0.00334913
0.00403431
0.000382821
0.00273076
0.00251432
0.000297646
0.0235241
0.0265977
-0.00807792
-0.0109793
0.000440159
0.000212444
0.00435624
0.00536659
0.00244774
0.00431347
0.00383494
0.000277907
0.00098074
0.00024943
0.000244159
0.00110518
-0.000418645
0.000261469
2.572e-06
-0.000122979
0.0230169
0.0108953
0.000175166
0.00194471
0.00122124
9.78834e-05
0.000519786
0.0019401
0.00103437
0.000695354
0.0016957
0.000285044
0.000850151
0.0015803
0.00099271
0.00167743
0.00908687
0.0384541
-0.0130943
0.0288078
0.0216968
-0.00962912
0.00453829
0.0115357
0.000242665
0.000756939
0.0031897
0.00380338
-0.00326728
-0.00439056
0.00218192
0.000626355
-0.00164521
0.000747867
0.000737017
-0.00166944
-0.00154784
-0.00149222
-2.86154e-05
-0.000179919
-0.00121256
0.000440578
0.000215247
-0.00136506
0.00172287
-0.000802522
0.000704362
0.000662194
-2.90652e-05
-3.75086e-05
0.000998339
0.00101369
-6.71715e-05
0.000981653
0.000980383
-5.32911e-05
-0.00102639
-0.00133693
-0.000326439
3.02087e-05
-0.00154526
-0.000640676
-0.000654641
-0.00159028
-5.29129e-06
0.000922367
0.00649179
0.00596857
0.00350287
0.000653743
0.0062354
0.00085066
-0.000148986
6.17846e-05
-0.000912427
0.000262493
-7.01354e-05
-0.00241125
-0.0010135
0.00101896
0.00125999
0.00747075
0.00535891
9.44678e-05
0.00176102
0.000622426
-4.0758e-05
0.000905835
-0.000203384
0.000408883
0.00110727
0.000631826
0.0034818
0.00163329
0.00662395
0.000607948
0.0113388
-0.00745368
0.028915
0.00984988
-0.00937182
0.0522006
0.0524349
-0.0109579
0.00357794
0.00636376
0.0108548
0.0076776
0.00180879
0.00620372
0.00540552
0.000524385
-0.00578505
0.0432482
0.0429107
-0.00980667
-0.000183751
0.00057889
0.00185625
0.00141527
0.00421234
0.00553114
0.00184069
0.000277613
-0.00997324
-0.00978699
0.0452817
0.0472632
-0.00671393
-0.00986033
0.0428957
0.0424137
-0.00995558
0.0470668
0.0452864
-0.0126877
0.00422062
0.000284718
0.00184528
0.00552547
-0.000183252
0.0014187
0.00186053
0.000580359
0.0113694
0.00978998
0.0287195
-0.00747826
0.00184864
0.000529576
0.00537986
0.00614225
0.00358404
0.00768218
0.0109234
0.00638656
-0.0100619
-0.0110088
0.0524226
0.052064
0.00176082
0.132553
0.0131461
0.0226596
0.123773
-0.00522595
-0.00472099
0.11943
2.92692e-05
-0.000635841
-0.00271695
-0.00331747
0.00798821
0.00828046
0.00181163
0.00210905
0.00789216
-0.0314946
0.0359342
0.014799
0.00421212
0.013166
0.00674989
-0.00326175
-0.00265462
-0.00487336
0.00559405
0.00496892
0.123971
0.130877
0.00145084
-0.00768161
0.017039
-0.00264398
0.00414866
0.0161266
0.015832
0.0182502
0.0167909
-0.00789892
-0.000188274
0.0106345
0.0141342
-0.0022898
0.0218332
0.025766
0.0128789
0.0199198
0.00202064
-0.0079701
0.00621134
-0.0103387
0.00381516
0.00679167
0.00836627
-0.0103199
0.00219163
-0.000466846
0.00156393
0.00152683
0.0248472
0.0117325
0.0118224
0.015232
0.000590352
0.0213993
0.0177928
0.128443
0.0078841
0.0016396
0.00184423
0.00832329
-0.00218362
-0.0032587
-0.00267238
-0.00210118
0.119748
0.114398
0.000545918
0.00156767
0.00190351
-0.0094173
0.0059889
-0.00801601
0.0240551
0.0150263
0.0116097
0.0115536
-2.88772e-05
5.30949e-05
0.00159107
-0.000645514
0.00401011
-0.0103476
0.00831585
0.00636068
0.017299
0.0162701
0.00362859
-0.00236947
0.0237044
0.0200857
0.0125452
0.0261956
-0.00245249
-0.00242889
0.0143679
0.0100085
0.0153924
-0.00813723
0.0164988
0.0195924
-0.0127382
0.124889
0.018477
-0.0459141
0.121312
-0.0022753
0.0083596
0.132995
-0.00491904
0.00358658
0.00344025
-0.00555231
0.00596409
0.000531897
0.0101658
0.0132759
0.00218577
-0.000858819
0.00677414
0.00856391
-0.0100036
-0.010742
0.0076901
0.00206567
-0.0188182
0.00199905
0.00157064
-0.0172007
0.0019985
0.00255263
0.000516798
0.000429466
-0.000682569
0.00791773
0.0075222
0.000189238
0.0019011
0.000182508
0.000671783
0.00192337
-0.0166502
-0.0170618
0.000953325
0.00339178
-0.00995156
0.000515848
0.00743741
-0.0107738
-0.000553818
-0.000327059
0.000859347
0.00041832
-0.00755275
-0.0146818
0.0218377
0.029396
-0.0164155
0.00554563
0.00588709
-0.0278515
0.00187325
0.00183529
-0.000751071
-0.000767616
0.00433526
-0.00115388
0.00140336
0.00259678
0.00137648
0.000344682
1.56434e-05
0.00132275
-0.0185253
-0.0277505
0.00647692
0.00421331
-0.037215
0.00610843
0.00745613
-0.029726
-0.0110863
0.00861304
0.0225144
0.0418142
0.0328654
0.00211917
0.00765859
0.0450254
0.00031566
0.00110066
0.00285444
0.00130792
0.000710545
0.00226224
0.00176326
1.92782e-05
0.0338618
0.0358788
0.00208816
0.0247645
0.0389436
0.00109497
0.00139826
0.0395316
0.000268938
0.000395856
-0.00251753
-0.00521157
0.0300825
0.0291219
0.00187778
-0.00281392
0.0340132
0.0248454
0.00204091
0.0357535
0.0300842
-0.00299662
0.00208166
0.0290521
0.000272046
-0.00521042
-0.00226004
0.000601933
0.0389234
0.0395204
0.0013868
0.00108632
-0.0120223
0.0409373
0.0226911
0.00858988
0.000720234
5.43516e-05
0.00182143
0.00234983
0.00030689
0.00131528
0.00287049
0.00121875
0.0327969
0.0449792
0.00533359
0.0013758
0.074352
-0.0951684
-0.119063
0.0624673
0.0975014
-0.115833
-0.0702269
0.117802
0.00151012
0.00220302
0.0466696
0.045648
0.0187766
0.0159404
0.00827758
0.00446934
0.0663182
0.0582307
-0.104629
-0.0791608
0.0184558
0.00450673
0.00983717
0.0204388
0.00144264
0.0457845
0.0474167
0.00242928
-0.059879
0.150812
-0.0557208
-0.115686
0.010111
0.00366294
0.00658292
0.0197843
0.00275882
-0.0164161
0.0183462
0.00424914
0.024669
0.0129852
0.0263672
-0.000106489
0.0290115
0.0298615
0.00995116
0.00979136
0.00997422
0.0199894
0.00649875
0.00354055
0.0284841
0.00883239
0.00830317
0.024103
0.0244039
-0.000253129
0.026166
0.0126589
0.00273739
0.00414915
0.0183178
-0.0166985
