-0.726698
0.325
-2.005
-0.745
0.395
2.07181
-0.735
0.885
-1.92641
-0.525
1.54852
1.765
0.726723
0.325
-2.005
0.745
0.395
2.07177
0.735
0.885
-1.92636
0.525
1.54842
1.765
0.0771979
0.109988
0.126539
0.0934604
0.0771978
0.109958
0.126555
0.0934954
-0.0366954
0.0165777
0.0872602
0.109934
0.0361432
-0.0212121
-0.0581867
-0.0405252
0.0173618
0.0911887
0.1077
0.0222973
-0.0345691
-0.0687875
-0.0285083
0.0311234
0.123988
0.103718
0.0195339
-0.0356676
-0.0689306
0.0505669
0.104746
0.156823
0.137682
0.0708681
0.018892
-0.0199508
-0.0496315
0.00278379
0.0786896
0.110731
0.0227574
-0.0344204
-0.0689146
-0.055407
-0.0496983
-0.0808091
-0.0470454
-0.0505954
-0.0812229
0.0419603
0.0989952
0.157254
0.135489
0.0632445
0.00995301
-0.0282552
-0.0496294
0.0027848
0.0786876
0.110712
0.0227508
-0.034424
-0.0689171
-0.0554051
-0.0497005
-0.080811
-0.0470428
-0.0505954
-0.0812229
0.0419669
0.0990035
0.157266
0.135503
0.0632533
0.00995822
-0.0282518
-0.0366899
0.0165825
0.0872607
0.109914
0.0361291
-0.0212198
-0.0581914
-0.0405193
0.017368
0.091196
0.107684
0.0222848
-0.0345749
-0.068791
-0.0285005
0.0311335
0.124012
0.103744
0.0195345
-0.0356679
-0.0689305
0.0505803
0.104762
0.156846
0.137705
0.070884
0.018902
-0.019944
0.063788
0.018388
0.0530462
0.182903
0.0589689
0.0904515
0.12775
0.0706456
0.0531971
0.0722478
0.0636476
0.0530912
0.182904
0.0905703
0.0706652
0.0722411
0.0936649
0.222528
0.0771376
0.252236
0.109961
0.105388
0.281909
0.284097
0.0936649
0.222532
0.252235
0.105417
0.194073
0.194064
0.0449116
0.107356
0.306044
0.243395
0.2434
0.0935481
0.371548
0.230912
0.230971
0.0805084
0.160805
0.295452
0.0510193
0.0181564
0.0419623
0.162068
0.0582487
0.0854457
0.0399385
0.105875
0.0620094
0.0759075
0.0420776
0.0572026
0.0181666
0.0511626
0.0420086
0.0582288
0.161831
0.085476
0.105713
0.0401185
0.0620303
0.0421372
0.0759891
0.0572665
0.0620651
0.0854594
0.19434
0.0736628
0.0966978
0.101874
0.215704
0.106376
0.0673174
0.203363
0.108909
0.259949
0.0850812
0.171989
0.108856
0.285117
0.0686799
0.0736628
0.0854594
0.194326
0.0954527
0.106373
0.101874
0.2157
0.0578286
0.259679
0.203386
0.108938
0.0851129
0.285154
0.172016
0.108886
0.180504
0.263175
0.0350114
0.288849
0.178056
0.0469088
0.234497
0.295412
0.0703698
0.2477
0.208105
0.0858453
0.134027
0.290445
0.194769
0.105589
0.108603
0.162795
0.154218
0.156684
0.180475
0.26319
0.17805
0.0469179
0.23451
0.295578
0.208116
0.085866
0.194783
0.105575
0.154252
0.156722
0.209169
0.0900252
0.205878
0.233449
0.0650054
0.0853425
0.25094
0.242363
0.101754
0.0954586
0.19662
0.371148
0.152184
0.376838
0.332428
0.221868
0.20917
0.0900253
0.205875
0.233451
0.250944
0.242375
0.196655
0.370109
0.165133
0.189645
0.199014
0.170522
0.165112
0.170655
0.199026
0.189614
0.0345408
0.0345471
0.066064
0.0660621
0.118877
0.12553
0.125426
0.119001
0.236229
0.245922
0.245762
0.236191
0.2018
0.215495
0.187025
0.201536
0.201797
0.201546
0.186743
0.215493
0.0818439
0.081844
0.0981991
0.0982006
0.363415
0.333732
0.33372
0.363446
0.21279
0.212034
0.143122
0.162773
0.212762
0.162762
0.143121
0.212124
0.097909
0.0979167
0.0699467
0.0699396
0.216106
0.0994359
0.0994801
0.216201
0.280234
0.280155
0.156407
0.156379
0.0210346
0.0178239
0.0358548
0.106784
0.0490848
0.0582806
0.0242288
0.0601627
0.0431335
0.00484133
0.0297818
0.0359843
0.0178358
0.0208502
0.0364168
0.0490675
0.106691
0.0580291
0.0604639
0.0242242
0.0431384
0.0298468
0.00494619
0.0360634
0.0731526
0.0813581
0.154858
0.0729331
0.111701
0.105979
0.169286
0.105648
0.109841
0.159289
0.110828
0.220914
0.089426
0.135015
0.0975359
0.281648
0.0731526
0.0729332
0.0813581
0.154862
0.11284
0.105644
0.105979
0.169363
0.109442
0.221367
0.159311
0.11091
0.0894462
0.281704
0.135041
0.0975737
0.0183389
0.0624909
0.149513
0.192158
0.0183489
0.018357
0.0300512
0.218703
0.0474899
0.0586923
0.162857
0.0477052
0.15254
0.151379
0.228997
0.272421
0.058763
0.0587661
0.0679614
0.214897
0.0882673
0.0999379
0.178067
0.088681
0.121518
0.121486
0.140106
0.281234
0.0717884
0.0644957
0.142807
0.0986432
0.0491253
0.0491261
0.079636
0.0731368
0.0699213
0.0801102
0.115692
0.151388
0.0187169
0.0626104
0.149404
0.192113
0.047543
0.0587165
0.162846
0.047717
0.152472
0.151213
0.228983
0.272446
0.0882006
0.0999235
0.178118
0.0887077
0.0717199
0.0651247
0.142823
0.0986585
0.0699655
0.0801391
0.115804
0.151449
0.089562
0.0977688
0.15649
0.0892988
0.210002
0.226539
0.21254
0.228154
0.0769495
0.0769495
0.0709885
0.08124
0.238573
0.250901
0.251977
0.247676
0.109769
0.109767
0.105858
0.108555
0.107176
0.103479
0.14071
0.350152
0.27848
0.278469
0.219695
0.332027
0.28746
0.287491
0.31063
0.251903
0.089562
0.0977688
0.156478
0.0892988
0.209998
0.226563
0.212542
0.228155
0.238576
0.250878
0.251964
0.247674
0.107215
0.103512
0.14074
0.350187
0.189564
0.18579
0.200969
0.203225
0.189542
0.185783
0.200964
0.203216
0.0399631
0.0459509
0.045955
0.0512044
0.122553
0.107338
0.10742
0.0811434
0.306439
0.297406
0.295497
0.306421
0.23089
0.238529
0.247888
0.245791
0.230887
0.238532
0.247889
0.245704
0.0933618
0.0894453
0.0976511
0.0933618
0.374169
0.38386
0.35448
0.374088
0.233265
0.230532
0.216993
0.236438
0.233276
0.23054
0.217017
0.236431
0.0780118
0.0830329
0.0830418
0.088985
0.136573
0.160714
0.160734
0.191516
0.302081
0.262209
0.242029
0.302104
0.14958
0.166606
0.0296601
0.177881
0.145984
0.0364214
0.196455
0.263574
0.0665516
0.221948
0.17041
0.0817762
0.120203
0.167997
0.122271
0.242105
0.123775
0.0947021
0.144363
0.135412
0.070355
0.0654642
0.0983139
0.092252
0.0296668
0.177874
0.149659
0.166436
0.14585
0.0364341
0.0665431
0.221961
0.196439
0.263608
0.170438
0.0805111
0.122262
0.242174
0.120248
0.167048
0.123888
0.093952
0.0704218
0.0654827
0.144399
0.135459
0.0983575
0.0923174
0.179288
0.0629334
0.154307
0.081118
0.187592
0.198073
0.0713303
0.0777533
0.17996
0.0987915
0.162032
0.0974783
0.216209
0.211017
0.102289
0.109662
0.153719
0.085043
0.203779
0.202692
0.140261
0.33366
0.195916
0.314773
0.126559
0.20979
0.176813
0.168081
0.147079
0.32346
0.312301
0.24976
0.179899
0.063903
0.071332
0.0777533
0.154303
0.0811181
0.187584
0.198068
0.179819
0.0986124
0.102286
0.109663
0.162031
0.0974776
0.216209
0.211024
0.154815
0.0843967
0.195843
0.314583
0.203917
0.202702
0.140282
0.33379
0.126585
0.209846
0.312332
0.249796
0.176903
0.168089
0.147098
0.323489
0.172686
0.179634
0.198462
0.269309
0.0348433
0.0348456
0.273497
0.273865
0.17404
0.183526
0.0407261
0.0527147
0.215821
0.209422
0.253991
0.233793
0.0700389
0.0700356
0.279855
0.273816
0.210125
0.212341
0.0928444
0.0802931
0.128093
0.128151
0.280002
0.279896
0.188924
0.194157
0.114757
0.0731491
0.105766
0.105786
0.164364
0.1643
0.149742
0.157176
0.18645
0.129983
0.172658
0.17961
0.269411
0.198482
0.174026
0.183513
0.0407362
0.0527213
0.20943
0.215841
0.253978
0.233997
0.210141
0.212379
0.0928573
0.0803066
0.19406
0.188782
0.0849098
0.114816
0.157206
0.149786
0.130026
0.186509
0.205469
0.21258
0.0859349
0.0941128
0.19594
0.206587
0.220839
0.236696
0.0655347
0.0655337
0.0851553
0.0851553
0.238253
0.252067
0.233553
0.235826
0.101564
0.101565
0.0966847
0.0966881
0.191148
0.199245
0.380927
0.354532
0.146411
0.146403
0.379724
0.379782
0.336213
0.336193
0.221007
0.221085
0.205471
0.21258
0.085935
0.0941121
0.206573
0.195929
0.220836
0.236708
0.252067
0.238255
0.233564
0.235402
0.199262
0.191176
0.354539
0.380979
0.125021
0.156386
0.181652
0.152318
0.157998
0.200225
0.19291
0.16732
0.156193
0.149077
0.210073
0.217044
0.094951
0.140351
0.195055
0.136714
0.125661
0.152097
0.181632
0.156583
0.0949886
0.136767
0.195041
0.140355
0.156076
0.21705
0.210186
0.149573
0.157989
0.168256
0.192904
0.200223
0.0291787
0.0299311
0.0403988
0.0420559
0.02919
0.0420737
0.0404025
0.0299327
0.0669021
0.0711603
0.0519886
0.0535077
0.0669012
0.0530143
0.0519859
0.0711594
0.0880649
0.0970309
0.120227
0.133151
0.156601
0.215678
0.0843656
0.0887206
0.15649
0.0881307
0.0920271
0.215564
0.0881144
0.133164
0.120258
0.0971062
0.124307
0.176607
0.270495
0.211654
0.148444
0.27927
0.295954
0.198013
0.148002
0.198065
0.295837
0.279319
0.124495
0.210796
0.270473
0.17663
0.154222
0.154728
0.225964
0.215426
0.165076
0.23906
0.235457
0.159174
0.13761
0.140561
0.249831
0.252819
0.140153
0.231762
0.241103
0.140785
0.15421
0.215407
0.225962
0.154713
0.140168
0.140802
0.241099
0.231762
0.137634
0.25284
0.249837
0.140568
0.165081
0.159185
0.235459
0.239063
0.0770249
0.0810524
0.0892586
0.0852088
0.077025
0.0852088
0.0892586
0.0810524
0.101561
0.105666
0.0974629
0.0933881
0.101563
0.0933884
0.0974633
0.105667
0.277901
0.35358
0.386706
0.330964
0.304447
0.31436
0.357755
0.339231
0.304309
0.339268
0.357697
0.314378
0.277916
0.33095
0.386688
0.35361
0.202134
0.178219
0.231376
0.233625
0.142714
0.205105
0.237982
0.175382
0.0991982
0.107961
0.214323
0.197962
0.13111
0.243611
0.227661
0.121201
0.202136
0.233628
0.23138
0.178169
0.131104
0.121236
0.22767
0.243619
0.0992454
0.197992
0.214333
0.108037
0.142646
0.175407
0.237988
0.205067
0.107903
0.109109
0.0908605
0.0947642
0.107902
0.0946881
0.0908666
0.109109
0.0644051
0.0673671
0.0791317
0.084451
0.0644135
0.0844328
0.0791209
0.0673698
0.26645
0.180519
0.190987
0.253242
0.0600122
0.076736
0.135101
0.122334
0.0600678
0.122395
0.135118
0.0767813
0.266504
0.253268
0.191031
0.180586
0.202045
0.206835
0.263817
0.232223
0.202098
0.232259
0.26388
0.20683
0.05013
0.072661
0.243697
0.211045
0.0500886
0.210794
0.243291
0.0726366
0.00768411
0.0175698
0.0289251
0.0527044
0.0373985
0.0378876
0.0148437
0.0416556
0.0286765
-0.0319666
0.0204447
0.0217631
0.0175833
0.00755751
0.0289873
0.0371787
0.0526777
0.0375553
0.041664
0.0147134
0.0288825
0.0201394
-0.0315544
0.0219929
0.0752028
0.0793073
0.143533
0.0724968
0.111421
0.108031
0.142649
0.105463
0.123216
0.143581
0.114293
0.203731
0.0914118
0.114692
0.0954634
0.202197
0.0752028
0.0724968
0.0793073
0.143515
0.11172
0.105459
0.108031
0.142647
0.123249
0.203536
0.143618
0.114493
0.0914512
0.202224
0.114723
0.0955026
0.0485726
0.0636603
0.11223
0.143832
0.0183777
0.0183824
0.0275604
0.212894
0.0502769
0.0558579
0.143853
0.0480942
0.16834
0.181416
0.215395
0.247395
0.0589084
0.0589117
0.0650666
0.160385
0.0893639
0.097209
0.148511
0.0883778
0.124592
0.124593
0.138534
0.224394
0.0724267
0.068108
0.110849
0.086032
0.0520491
0.0520653
0.0723013
0.041881
0.074236
0.0813281
0.0939024
0.153208
0.036154
0.063896
0.112211
0.143582
0.050291
0.0559006
0.14384
0.0481136
0.168313
0.181388
0.215251
0.247447
0.0893669
0.0942678
0.148551
0.0884214
0.0724618
0.0680363
0.110905
0.0858405
0.0742836
0.0807459
0.0939412
0.153277
0.0916132
0.0957169
0.147419
0.0891513
0.217614
0.226134
0.217557
0.225338
0.0770441
0.0770441
0.0738584
0.0791887
0.247159
0.25464
0.252149
0.250017
0.109865
0.109864
0.107909
0.109084
0.10629
0.104605
0.123259
0.23068
0.281809
0.281791
0.250964
0.307238
0.286254
0.286266
0.29739
0.269602
0.0916132
0.0957169
0.147412
0.0891525
0.217612
0.226141
0.21756
0.225336
0.247161
0.254641
0.252151
0.250019
0.106326
0.10463
0.123281
0.230707
0.191804
0.19357
0.196608
0.198652
0.191789
0.193539
0.196597
0.198642
0.042435
0.0454365
0.0454384
0.0480589
0.115367
0.107393
0.107583
0.102066
0.308238
0.301668
0.316395
0.308236
0.238573
0.240972
0.24567
0.246396
0.238575
0.240977
0.245672
0.246399
0.0934555
0.0914966
0.0955996
0.0934555
0.373954
0.380356
0.364056
0.373926
0.232234
0.239295
0.232636
0.233977
0.23224
0.239274
0.232644
0.234164
0.0792591
0.0817716
0.0817761
0.0855271
0.14912
0.16125
0.16126
0.176171
0.300263
0.279341
0.294333
0.300295
0.0365572
0.0324102
0.107624
0.121508
0.0179867
0.0182838
0.027211
0.174398
0.038088
0.044713
0.13502
0.0372682
0.135162
0.140672
0.187518
0.239289
0.0574345
0.0585557
0.063901
0.150737
0.0766283
0.0871511
0.145881
0.084061
0.0316113
0.0525763
0.087966
0.117256
0.0770756
0.115443
0.118782
0.197031
0.0536762
0.0681549
0.0956442
0.088213
0.0410772
0.110964
0.136217
0.114477
0.0366063
0.0457609
0.0613914
0.0294652
0.0472569
0.0646424
0.0742039
0.0944743
0.0179982
0.0182926
0.0272165
0.174388
0.0367104
0.0322432
0.107486
0.121221
0.0392443
0.0447779
0.134986
0.0372858
0.0574321
0.0585481
0.0638938
0.150668
0.135215
0.140708
0.187527
0.239235
0.0766258
0.0871116
0.145895
0.0840042
0.0777284
0.115559
0.118664
0.196812
0.0316652
0.0524848
0.087996
0.117208
0.0536871
0.068187
0.0956602
0.0879527
0.0366072
0.0458041
0.0614215
0.0293893
0.0413716
0.111023
0.136275
0.114472
0.0473082
0.0646864
0.07427
0.0945602
0.0713184
0.0615014
0.168857
0.06284
0.0834089
0.0875107
0.145157
0.0810193
0.17775
0.20557
0.19102
0.196167
0.0733171
0.0768523
0.0738432
0.0757079
0.0991346
0.100525
0.154954
0.0955344
0.103926
0.099821
0.148411
0.0972723
0.198217
0.226672
0.215597
0.213505
0.106024
0.10967
0.104333
0.109447
0.0802809
0.0587241
0.130516
0.0605764
0.174907
0.222882
0.204439
0.203092
0.109585
0.108062
0.124876
0.241562
0.243635
0.271438
0.228553
0.2879
0.0872128
0.0826104
0.106098
0.209382
0.154502
0.225191
0.172483
0.170158
0.10685
0.102283
0.128598
0.216512
0.281147
0.28715
0.29888
0.269035
0.0713184
0.0615138
0.170546
0.0642763
0.0733173
0.0768524
0.073844
0.0757079
0.0834089
0.0875107
0.145164
0.0808574
0.177727
0.205564
0.191015
0.196159
0.096695
0.100999
0.154983
0.095943
0.10602
0.109668
0.10433
0.109446
0.103926
0.099821
0.148397
0.0972719
0.198216
0.226671
0.215594
0.213506
0.080187
0.0621107
0.130773
0.0592462
0.243078
0.271375
0.22834
0.287709
0.174944
0.222911
0.204452
0.203117
0.109609
0.108097
0.1249
0.244226
0.0872603
0.0826529
0.106135
0.209447
0.281198
0.287187
0.298916
0.269074
0.154513
0.225199
0.1725
0.170186
0.106717
0.102312
0.128623
0.21654
0.175838
0.187337
0.17409
0.1801
0.230639
0.291691
0.237576
0.268031
0.0325356
0.0374879
0.0349351
0.0349363
0.156599
0.29335
0.28954
0.289539
0.170367
0.184378
0.176014
0.180752
0.0473569
0.046444
0.0438119
0.0498131
0.23281
0.234147
0.224562
0.233376
0.28659
0.30026
0.277335
0.289755
0.0708128
0.076764
0.0701865
0.0701866
0.209967
0.236726
0.2647
0.26471
0.194754
0.221279
0.208971
0.20902
0.0872564
0.0844217
0.0901459
0.0830681
0.137929
0.128556
0.130625
0.130656
0.281621
0.291856
0.286776
0.286829
0.169975
0.203089
0.19125
0.196276
0.102995
0.10686
0.110293
0.100204
0.0943635
0.122614
0.107631
0.107641
0.119693
0.202859
0.165069
0.165012
0.135094
0.178429
0.15236
0.16272
0.15297
0.159187
0.171563
0.143044
0.176056
0.187313
0.174066
0.180072
0.23068
0.291694
0.268068
0.237581
0.170326
0.184369
0.176003
0.180746
0.0473705
0.0464514
0.0438226
0.0498198
0.232814
0.23416
0.233375
0.224535
0.286452
0.300394
0.277355
0.289836
0.194736
0.221289
0.208972
0.209044
0.0872787
0.0844391
0.0891445
0.0830838
0.170024
0.203086
0.196241
0.191262
0.103139
0.106828
0.100004
0.110549
0.135645
0.178486
0.162728
0.152335
0.153011
0.159217
0.143085
0.171624
0.190264
0.219297
0.20733
0.210874
0.0896785
0.0932661
0.0879803
0.092069
0.207349
0.207243
0.201665
0.206067
0.230765
0.236038
0.228476
0.237007
0.0681492
0.0543511
0.0652701
0.0652696
0.0832912
0.0873939
0.0852495
0.0852495
0.251694
0.250052
0.246077
0.253568
0.24501
0.239728
0.23686
0.243946
0.103806
0.0997027
0.10166
0.10166
0.101091
0.0922201
0.0960725
0.0960743
0.157224
0.230998
0.195208
0.197926
0.367528
0.373414
0.378687
0.363244
0.186164
0.11624
0.150867
0.150873
0.354818
0.383199
0.379395
0.379433
0.320321
0.343979
0.334923
0.334902
0.236923
0.206793
0.221924
0.221934
0.19026
0.219306
0.207324
0.210875
0.0896786
0.0932661
0.0879804
0.0920687
0.207345
0.207232
0.20603
0.202264
0.230764
0.23604
0.228475
0.237011
0.251693
0.250055
0.253565
0.246079
0.244994
0.239754
0.236869
0.244694
0.157238
0.230976
0.197945
0.195244
0.367544
0.373401
0.363262
0.378538
0.164786
0.160108
0.170833
0.172179
0.185008
0.186912
0.188135
0.19295
0.181205
0.202968
0.194059
0.204239
0.147929
0.1489
0.179591
0.185589
0.164774
0.160089
0.170799
0.172161
0.148069
0.148911
0.179608
0.185691
0.181408
0.202953
0.194069
0.204578
0.18549
0.18691
0.1881
0.19294
0.0320989
0.0354639
0.0347127
0.0376349
0.0321075
0.0354786
0.0347193
0.0376414
0.0665875
0.0688505
0.0556242
0.0657993
0.0661024
0.0688481
0.0556194
0.0657979
0.121301
0.112366
0.124545
0.117051
0.107143
0.161317
0.091132
0.138154
0.106646
0.161211
0.0898012
0.138099
0.12139
0.112616
0.124388
0.117285
0.204435
0.129737
0.236509
0.262022
0.206714
0.245902
0.253474
0.26701
0.245961
0.206901
0.265601
0.253381
0.131062
0.204605
0.262095
0.236506
0.183583
0.199924
0.203669
0.211453
0.196675
0.216554
0.214163
0.226815
0.183996
0.164728
0.231005
0.188475
0.202261
0.164323
0.229143
0.200469
0.183572
0.199913
0.203676
0.211539
0.202288
0.164386
0.229158
0.200499
0.183477
0.164736
0.23106
0.188483
0.196671
0.216552
0.21416
0.226819
0.0814987
0.0797986
0.0838894
0.0850589
0.0797987
0.0814988
0.0850589
0.0838894
0.100243
0.0978522
0.101467
0.0961556
0.0978533
0.100245
0.0961567
0.101468
0.348118
0.340187
0.379486
0.374658
0.33297
0.321727
0.344763
0.33568
0.321757
0.333
0.335674
0.344676
0.340188
0.348033
0.37596
0.379674
0.199581
0.212804
0.211369
0.223129
0.202771
0.192311
0.221117
0.215013
0.137936
0.121314
0.162066
0.14674
0.14551
0.165563
0.16018
0.205361
0.199702
0.212803
0.211379
0.223128
0.145534
0.165582
0.160196
0.205378
0.137976
0.12135
0.162091
0.146782
0.202685
0.192444
0.221333
0.215023
0.0983417
0.102943
0.0953198
0.0972968
0.0982577
0.102947
0.0953294
0.097302
0.0660029
0.0729252
0.0699055
0.0775289
0.065997
0.0735386
0.0699021
0.0775175
0.211954
0.232978
0.201307
0.219085
0.0850044
0.0963424
0.10301
0.114775
0.0850362
0.0964044
0.103042
0.114823
0.212039
0.233035
0.201366
0.219192
0.274725
0.255393
0.14247
0.285811
0.255371
0.274669
0.285819
0.14229
0.112581
0.14824
0.161488
0.196882
0.148119
0.11248
0.196858
0.161428
0.083836
0.0824533
0.0268157
0.110393
0.111584
0.0309821
0.136186
0.180886
0.0610527
0.132483
0.104093
0.0717271
0.0687021
0.100944
0.0789241
0.122073
0.0766057
0.0792962
0.0865584
0.0339203
0.0504527
0.0102454
0.0735209
0.0615065
0.0268258
0.110412
0.0838385
0.0830444
0.111112
0.0310718
0.0610357
0.132484
0.135895
0.180891
0.103883
0.0716626
0.0788956
0.121888
0.0686748
0.100943
0.0767414
0.0789927
0.0505129
0.0102498
0.0869648
0.033627
0.0733706
0.0615833
0.146063
0.0665884
0.144246
0.0767211
0.156311
0.154459
0.0696377
0.0749783
0.19732
0.108091
0.144673
0.101409
0.166851
0.17149
0.103606
0.106556
0.140451
0.129197
0.157442
0.140171
0.125716
0.247204
0.189702
0.250122
0.110639
0.190369
0.136335
0.132999
0.118198
0.210856
0.293738
0.274294
0.146046
0.0665889
0.0696381
0.0749784
0.14424
0.0766286
0.156309
0.154463
0.197374
0.108091
0.103602
0.106554
0.144663
0.101409
0.166884
0.171506
0.140248
0.129509
0.189874
0.250345
0.157464
0.140166
0.125757
0.246713
0.110647
0.19036
0.293855
0.274338
0.136374
0.133031
0.118222
0.210876
0.113633
0.131053
0.108469
0.148301
0.151253
0.146208
0.181456
0.195952
0.0274759
0.208254
0.0274789
0.208276
0.0300001
0.0300013
0.217213
0.217239
0.141685
0.0426857
0.149453
0.0533691
0.160377
0.166059
0.0448789
0.050359
0.194385
0.207773
0.190811
0.196562
0.218883
0.22486
0.255042
0.266958
0.0646413
0.159142
0.064639
0.159075
0.0677035
0.0677011
0.215469
0.215471
0.14783
0.0860426
0.153083
0.0948776
0.178426
0.1765
0.0925247
0.0865559
0.132044
0.22437
0.132051
0.224529
0.135855
0.135855
0.283236
0.283238
0.103801
0.0880829
0.121292
0.0812081
0.146127
0.139917
0.101407
0.094515
0.0684419
0.0383482
0.0684699
0.0383386
0.0786161
0.0786589
0.0741178
0.0741073
0.084931
0.124745
0.100955
0.181706
0.112139
0.127714
0.165934
0.13678
0.113702
0.131106
0.108622
0.148314
0.151247
0.145831
0.196249
0.181533
0.141675
0.0427019
0.149532
0.0536188
0.160377
0.165936
0.0448931
0.0506131
0.194472
0.20797
0.190501
0.19641
0.224533
0.218878
0.25506
0.266938
0.14777
0.0858044
0.15307
0.0947354
0.178396
0.176592
0.0914829
0.0865783
0.103825
0.088082
0.121336
0.081209
0.139966
0.146365
0.0943301
0.101335
0.084912
0.124823
0.100988
0.181771
0.127749
0.112172
0.136862
0.166
0.146184
0.0850926
0.148802
0.0932111
0.155437
0.157788
0.087254
0.0913436
0.205129
0.212721
0.221741
0.229095
0.207839
0.21614
0.223072
0.231721
0.0738508
0.0790008
0.0738512
0.0790008
0.0710744
0.071074
0.0811467
0.0811467
0.238842
0.236141
0.252205
0.247229
0.247132
0.254635
0.242383
0.250185
0.107718
0.109265
0.107716
0.109265
0.105762
0.105763
0.108832
0.108832
0.124394
0.234285
0.122074
0.224278
0.140739
0.140795
0.353845
0.345719
0.247022
0.304847
0.246973
0.304749
0.219206
0.219208
0.333068
0.333048
0.301059
0.272008
0.301086
0.272021
0.312935
0.312949
0.253062
0.253073
0.146209
0.0850853
0.148794
0.0932122
0.155425
0.157785
0.0872541
0.0913435
0.205127
0.212716
0.221744
0.229116
0.216146
0.207837
0.223071
0.231724
0.238846
0.236143
0.25221
0.247259
0.254637
0.247136
0.242391
0.250186
0.124417
0.234316
0.122101
0.224309
0.140816
0.140756
0.345749
0.353874
0.1897
0.190411
0.183673
0.18936
0.205325
0.198182
0.200542
0.20675
0.189685
0.190391
0.18366
0.189353
0.198172
0.20532
0.206744
0.200534
0.0401875
0.0401889
0.0431717
0.0489693
0.0431756
0.0489727
0.0515998
0.0515984
0.12149
0.121503
0.114161
0.101881
0.102076
0.11411
0.0812664
0.0803955
0.288996
0.313358
0.298845
0.298844
0.296687
0.296703
0.313354
0.291107
0.228437
0.233188
0.233628
0.241803
0.243162
0.250694
0.222419
0.2432
0.228435
0.233188
0.233627
0.241815
0.250708
0.243166
0.243202
0.216122
0.0913101
0.0954124
0.0893524
0.0893524
0.0975575
0.0975577
0.0913101
0.0954123
0.382985
0.36711
0.386316
0.386317
0.35688
0.356852
0.367078
0.382932
0.239131
0.234823
0.230995
0.2343
0.215834
0.222668
0.240686
0.239567
0.234839
0.239155
0.231
0.234306
0.222694
0.215871
0.240676
0.239584
0.0785405
0.0785313
0.0877269
0.0810863
0.0877351
0.0810957
0.0899237
0.0899268
0.1363
0.136309
0.175846
0.147974
0.147994
0.175891
0.191749
0.191759
0.284471
0.298467
0.263898
0.263889
0.249151
0.244191
0.284473
0.298501
0.142288
0.151732
0.144854
0.175511
0.0293617
0.0298246
0.157567
0.199418
0.147005
0.153042
0.0327968
0.0392427
0.172838
0.196047
0.233263
0.231094
0.0655268
0.0669931
0.214476
0.227474
0.156394
0.175042
0.0682614
0.0823094
0.108113
0.131353
0.15965
0.181444
0.111206
0.128746
0.180888
0.266508
0.111525
0.131911
0.0927494
0.0957258
0.122369
0.166716
0.0939364
0.173928
0.0656353
0.073967
0.0592632
0.0696034
0.101004
0.103294
0.0761356
0.107413
0.0293728
0.0298278
0.157166
0.19908
0.143288
0.151569
0.145299
0.175514
0.146928
0.15305
0.0328116
0.039259
0.0655189
0.0669952
0.214416
0.227533
0.17281
0.196118
0.233345
0.231257
0.156383
0.175059
0.0702851
0.0823232
0.11102
0.128755
0.181354
0.266293
0.108132
0.131384
0.15964
0.181261
0.111555
0.132039
0.0924431
0.095688
0.0657108
0.0740184
0.0593124
0.0697475
0.12241
0.166749
0.0940488
0.174133
0.10003
0.103314
0.0762091
0.107437
0.184519
0.169356
0.0684766
0.0556665
0.154092
0.154429
0.0790715
0.0831634
0.175383
0.197649
0.180567
0.20829
0.0709797
0.0712449
0.0774078
0.0809555
0.186
0.178618
0.104321
0.0967761
0.163525
0.160525
0.0995209
0.0954333
0.197874
0.227227
0.212364
0.221978
0.101939
0.105569
0.11066
0.109385
0.153019
0.151605
0.121624
0.0645193
0.180225
0.214448
0.168033
0.227008
0.140023
0.140701
0.308912
0.347721
0.17906
0.207997
0.298677
0.325124
0.128802
0.124047
0.244403
0.195154
0.156342
0.228802
0.150411
0.215386
0.146171
0.140165
0.314352
0.331799
0.307987
0.314324
0.258644
0.25215
0.184923
0.170576
0.0689622
0.0563984
0.070981
0.0712461
0.077408
0.0809556
0.154083
0.154426
0.0790716
0.0831634
0.175374
0.197643
0.180555
0.208269
0.185915
0.178529
0.104232
0.0966485
0.101936
0.105567
0.110661
0.109386
0.163525
0.160528
0.0995192
0.0954328
0.197875
0.227229
0.212361
0.22198
0.153185
0.152457
0.121298
0.0632626
0.178914
0.207912
0.298554
0.325082
0.180254
0.214456
0.168059
0.227012
0.140064
0.140735
0.308826
0.347724
0.128834
0.12406
0.244516
0.195221
0.308065
0.314353
0.258691
0.252187
0.156378
0.228817
0.150436
0.215408
0.146192
0.140195
0.314393
0.331814
0.179678
0.171156
0.170048
0.187359
0.167499
0.225649
0.300621
0.23671
0.032392
0.0376216
0.0376247
0.0323938
0.285851
0.152036
0.151981
0.286221
0.167875
0.180268
0.190618
0.176065
0.0405808
0.0414083
0.0529459
0.0523603
0.209362
0.236044
0.212281
0.204464
0.260271
0.244941
0.224251
0.240704
0.0700899
0.0771621
0.0771553
0.0700835
0.202802
0.145824
0.145852
0.202819
0.197142
0.222391
0.22619
0.198212
0.0918456
0.0938003
0.0823535
0.0797091
0.124435
0.131276
0.131428
0.124547
0.274578
0.285499
0.285324
0.274238
0.175742
0.201802
0.196097
0.170299
0.110332
0.118234
0.0930676
0.0703327
0.0913814
0.120465
0.120474
0.0913875
0.120247
0.205463
0.205428
0.120219
0.129388
0.168211
0.194162
0.139851
0.182406
0.189228
0.132985
0.126689
0.171131
0.179653
0.187336
0.170044
0.236766
0.300628
0.225536
0.167714
0.180251
0.167854
0.176
0.190609
0.0414182
0.0405857
0.0523649
0.0531959
0.20445
0.212306
0.236058
0.209343
0.2449
0.260291
0.239856
0.224652
0.222397
0.197059
0.198187
0.226192
0.0937683
0.0918554
0.0797192
0.0823693
0.170357
0.196086
0.201787
0.175897
0.0699414
0.0967071
0.118256
0.110501
0.139893
0.194175
0.168259
0.129439
0.126738
0.133014
0.189285
0.182472
0.186881
0.209562
0.224592
0.193534
0.0891625
0.0855885
0.0937654
0.0973666
0.19553
0.196665
0.207266
0.211862
0.223454
0.218101
0.234343
0.238907
0.0684999
0.0550058
0.0550036
0.0684986
0.0831039
0.0872069
0.0872069
0.0831039
0.238995
0.237473
0.251053
0.252747
0.231653
0.230733
0.240027
0.219639
0.103615
0.0995135
0.0995141
0.103616
0.102017
0.0937709
0.0937757
0.102019
0.157537
0.230718
0.23033
0.156427
0.372412
0.385317
0.357094
0.353177
0.181253
0.110204
0.110816
0.181219
0.38594
0.354727
0.354606
0.386023
0.324131
0.347515
0.34748
0.32413
0.206056
0.237158
0.237212
0.206105
0.209565
0.186875
0.193543
0.224593
0.0855887
0.0891625
0.0973661
0.0937649
0.211866
0.207279
0.196412
0.19546
0.218098
0.223452
0.238914
0.23436
0.252745
0.251063
0.237477
0.238998
0.230733
0.231655
0.21961
0.240061
0.15645
0.230333
0.231227
0.157558
0.35318
0.356969
0.385328
0.372505
0.0706026
0.134883
0.159563
0.0968123
0.14357
0.168989
0.166828
0.140204
0.192495
0.181957
0.178038
0.182307
0.110802
0.112489
0.169586
0.172167
0.146001
0.176599
0.189712
0.177188
0.212796
0.202746
0.194383
0.201596
0.196524
0.187496
0.193711
0.204742
0.146575
0.152686
0.180561
0.17265
0.14379
0.133596
0.182339
0.176983
0.115888
0.171157
0.178432
0.126327
0.201808
0.210336
0.199726
0.207573
0.221151
0.218729
0.209778
0.210815
0.0566882
0.0788614
0.129947
0.0891703
0.111097
0.176614
0.160402
0.0982564
0.193469
0.199647
0.192344
0.187421
0.107142
0.100497
0.163046
0.170635
0.0703271
0.0966846
0.15955
0.134902
0.110823
0.17214
0.169567
0.112541
0.192481
0.182294
0.178015
0.181926
0.143559
0.140193
0.166811
0.168941
0.0567917
0.0892454
0.129937
0.0788652
0.107131
0.170666
0.163094
0.100522
0.193453
0.187398
0.192332
0.19964
0.11099
0.0981816
0.16041
0.176576
0.144147
0.177027
0.182451
0.133782
0.221157
0.210816
0.209781
0.218736
0.201798
0.207552
0.199501
0.210307
0.115923
0.126399
0.178517
0.171126
0.145982
0.177912
0.189948
0.176581
0.146604
0.172744
0.180567
0.153045
0.196515
0.204731
0.193703
0.187487
0.212795
0.20159
0.194381
0.20274
0.0263126
0.0269432
0.0324181
0.0341362
0.0275279
0.0324722
0.032276
0.0273742
0.0428096
0.0435105
0.0376472
0.0375619
0.0453901
0.0399791
0.0384313
0.0443794
0.0263571
0.03419
0.0324273
0.0269519
0.0454112
0.044392
0.0384445
0.0399927
0.0428112
0.0375632
0.0376531
0.0435159
0.0275292
0.0273781
0.0322812
0.0324735
0.0689815
0.0736486
0.0689368
0.0696964
0.0738548
0.0683246
0.0686752
0.0738476
0.04852
0.0494091
0.0553196
0.0546809
0.0508662
0.0566933
0.0561121
0.0502809
0.0689813
0.0689692
0.0686928
0.0736479
0.0507327
0.0501491
0.0557439
0.0558397
0.0485183
0.0546798
0.0553161
0.049403
0.0738547
0.073847
0.0686733
0.0683239
0.0665225
0.0854071
0.112938
0.103776
0.0872186
0.107244
0.112124
0.0883691
0.114924
0.126312
0.121649
0.112784
0.134615
0.127001
0.12739
0.133934
0.163186
0.212316
0.14391
0.0949045
0.250619
0.185258
0.173429
0.239844
0.10201
0.101397
0.101815
0.114841
0.0839711
0.0497384
0.0776865
0.097972
0.163164
0.0947211
0.143677
0.212206
0.0835554
0.0978736
0.0699391
0.0484775
0.102267
0.114847
0.10216
0.101299
0.250627
0.239726
0.173387
0.185261
0.0661174
0.10367
0.112951
0.0850743
0.134613
0.133888
0.127445
0.12701
0.114897
0.112836
0.121692
0.126403
0.0874067
0.0883191
0.11225
0.107469
0.0682776
0.101692
0.176255
0.145339
0.134425
0.204907
0.202158
0.129438
0.303485
0.294407
0.266177
0.265367
0.212154
0.196979
0.140902
0.15608
0.0862188
0.14363
0.198161
0.10928
0.226617
0.281069
0.25907
0.216176
0.317763
0.297499
0.283979
0.291746
0.146711
0.132965
0.21953
0.234922
0.086142
0.109563
0.198192
0.143357
0.147031
0.234987
0.21948
0.132691
0.317759
0.291774
0.283978
0.297569
0.226555
0.216314
0.259785
0.281093
0.0683066
0.145285
0.176051
0.102163
0.212153
0.156072
0.140935
0.196989
0.303482
0.26521
0.26631
0.2944
0.134434
0.129463
0.201279
0.204918
0.143867
0.144695
0.182077
0.179178
0.146761
0.188557
0.18522
0.145645
0.23612
0.231086
0.211261
0.214477
0.220358
0.207565
0.209491
0.225703
0.142959
0.197925
0.197852
0.146548
0.247138
0.246817
0.22728
0.226971
0.240897
0.222556
0.226213
0.245259
0.148112
0.149537
0.195149
0.191915
0.116466
0.127339
0.164283
0.155488
0.122894
0.157272
0.158341
0.121403
0.248688
0.252636
0.230985
0.214407
0.254717
0.227047
0.22983
0.254229
0.127381
0.171107
0.16499
0.125078
0.228939
0.234507
0.228449
0.225289
0.243936
0.230762
0.229747
0.239468
0.123718
0.124847
0.156474
0.156725
0.143843
0.179167
0.18207
0.144686
0.220357
0.225701
0.209482
0.207559
0.23612
0.214472
0.211452
0.231084
0.146767
0.145661
0.185213
0.188549
0.127397
0.125121
0.165441
0.17118
0.123745
0.156759
0.15651
0.124879
0.243946
0.239473
0.22976
0.23078
0.228945
0.2253
0.228438
0.234513
0.116495
0.15552
0.164294
0.127367
0.254721
0.254228
0.229882
0.227063
0.248705
0.214438
0.231012
0.252637
0.122918
0.121446
0.158272
0.157302
0.142951
0.146526
0.197855
0.197925
0.148103
0.191922
0.195149
0.149532
0.240901
0.245259
0.226216
0.222555
0.247139
0.226971
0.227284
0.246822
0.0745699
0.0753623
0.0794533
0.0788703
0.0790953
0.0831981
0.0830072
0.0789038
0.0914039
0.0912142
0.0871106
0.0873009
0.0871223
0.0830622
0.0835436
0.0876334
0.0745398
0.0787431
0.0794534
0.0753625
0.0871229
0.0876335
0.0835437
0.0829713
0.0914039
0.0873009
0.0871107
0.0912142
0.0790953
0.0789039
0.0830072
0.0831981
0.103434
0.103978
0.0998942
0.0993008
0.107813
0.103711
0.103517
0.107618
0.0955064
0.0953158
0.0994164
0.0996086
0.0911825
0.0952419
0.0958085
0.0917214
0.103436
0.0993012
0.099896
0.103982
0.091181
0.0917216
0.0958093
0.0952416
0.0955065
0.0996089
0.0994172
0.0953161
0.107814
0.10762
0.103519
0.103711
0.232164
0.250226
0.324724
0.272048
0.231883
0.371574
0.369775
0.236493
0.382848
0.385686
0.384186
0.382266
0.307646
0.298572
0.349627
0.356375
0.207202
0.294766
0.3209
0.2197
0.299732
0.3228
0.323702
0.300951
0.366415
0.366403
0.346944
0.34644
0.227544
0.22064
0.34359
0.361182
0.207224
0.219491
0.320948
0.294798
0.227563
0.36122
0.343636
0.220666
0.366406
0.34641
0.346923
0.366384
0.299742
0.30098
0.323715
0.32279
0.232217
0.272006
0.32471
0.250246
0.307598
0.356348
0.349533
0.298379
0.38283
0.382253
0.384295
0.385715
0.231911
0.236493
0.369895
0.37159
0.143566
0.156558
0.205421
0.199004
0.151247
0.195962
0.198808
0.153864
0.239162
0.237729
0.222824
0.221865
0.24485
0.224421
0.224172
0.239651
0.0886818
0.165236
0.182442
0.123154
0.208906
0.222765
0.203092
0.184533
0.24229
0.223769
0.228413
0.228691
0.147984
0.150206
0.198777
0.195977
0.0515621
0.0805095
0.116325
0.112938
0.0897059
0.132705
0.125606
0.0794371
0.233808
0.234608
0.166794
0.172307
0.211819
0.159728
0.158829
0.229942
0.112623
0.152524
0.14803
0.108362
0.252445
0.247795
0.210502
0.22048
0.235817
0.184486
0.200012
0.220928
0.106453
0.103598
0.142787
0.146259
0.143582
0.199013
0.205356
0.156544
0.244854
0.239615
0.224174
0.224423
0.239163
0.221873
0.222826
0.2378
0.151263
0.153838
0.198752
0.195953
0.112655
0.108384
0.148035
0.152537
0.106374
0.146248
0.142804
0.103623
0.235911
0.219665
0.200021
0.184497
0.252446
0.220494
0.210534
0.247794
0.0516757
0.112977
0.116326
0.0805776
0.211763
0.229936
0.158894
0.159782
0.233804
0.172372
0.166778
0.23458
0.0897621
0.0795018
0.125603
0.132735
0.0885487
0.123113
0.182407
0.165171
0.147948
0.195963
0.198788
0.150188
0.242308
0.228623
0.228414
0.223773
0.208549
0.184545
0.203446
0.222759
0.106353
0.109926
0.103638
0.100104
0.109175
0.101554
0.10248
0.109356
0.0866279
0.088922
0.0945453
0.0929964
0.092567
0.0955892
0.0960451
0.0913305
0.106353
0.100658
0.103595
0.109925
0.091329
0.0903073
0.0959872
0.0953576
0.086632
0.0929988
0.0945525
0.0889377
0.109174
0.109355
0.102483
0.101555
0.0646361
0.0624875
0.0671326
0.0773292
0.06489
0.0704867
0.0661686
0.0642959
0.0801591
0.0820826
0.0773556
0.0769158
0.0871776
0.0846283
0.0799153
0.0848229
0.0646343
0.0774962
0.0671263
0.0624968
0.0872629
0.0848039
0.0799027
0.0847672
0.0801536
0.0769108
0.0773471
0.0820708
0.064888
0.0643031
0.0661639
0.0704836
0.193231
0.2141
0.234564
0.270056
0.167555
0.167685
0.197211
0.195605
0.176507
0.206922
0.204206
0.1742
0.271298
0.271357
0.235641
0.237536
0.0425947
0.0565148
0.0810497
0.0780696
0.0709167
0.0933144
0.0885899
0.0649537
0.149022
0.145985
0.118051
0.121991
0.138994
0.109665
0.111583
0.141398
0.0427746
0.0781056
0.0810856
0.0565745
0.139077
0.141449
0.111668
0.109745
0.149032
0.122
0.11807
0.146016
0.0709301
0.0649969
0.088605
0.0933221
0.19326
0.270125
0.234621
0.214157
0.271304
0.237546
0.235701
0.27138
0.176516
0.174261
0.204262
0.206928
0.167624
0.195662
0.197266
0.167749
0.114065
0.143555
0.246942
0.213116
0.160336
0.210937
0.261268
0.156013
0.283087
0.282368
0.206519
0.232911
0.22972
0.202482
0.247399
0.269058
0.113996
0.213142
0.247515
0.143472
0.229738
0.269043
0.247462
0.202601
0.283084
0.232951
0.206488
0.28237
0.160332
0.155759
0.261277
0.21094
-0.00808258
0.0218099
0.105399
0.0763391
0.0401985
0.121351
0.117258
0.0333589
0.29871
0.295634
0.202526
0.20567
0.245227
0.153452
0.187517
0.280414
-0.00813693
0.0763425
0.105305
0.0217574
0.245148
0.280344
0.187459
0.153418
0.298066
0.205659
0.202453
0.295596
0.0401946
0.0334607
0.117234
0.121339
