-0.634321
0.135
-2.385
-0.895
0.135
2.21135
-0.655
0.589756
-2.125
-0.745
0.903985
2.165
0.634326
0.135
-2.385
0.895
0.135
2.21135
0.655
0.589756
-2.125
0.745
0.903985
2.165
0.00327627
0.00287444
0.188487
0.131557
0.00327763
0.00287817
0.188477
0.131564
0
0
0
0
0
0
0
0
0
0
0
0
0
0
0
0
0
0
0
0
0
0
0
0
0
0
0
0
0
0
0
0
0
0
0
0
0
0
0
0
0
0
0
0
0
0
0
0
0
0
0
0
0
0
0
0
0
0
0
0
0
0
0
0
0
0
0
0
0
0
0
0
0
0
0
0
0
0
0
0
0
0
0
0
0
0
0
0
0
0
0
0
0
0
0
0
-0.0459071
0.00480324
0.00186316
0.0417411
0.00568005
0.00128451
0.125921
0.102043
0.0373604
0.0430055
-0.0459097
0.00186366
0.041722
0.0012899
0.101958
0.042577
-5.20555e-06
0.0743195
0.00234764
0.0338241
0.00258644
0.00465515
0.192289
0.598102
-3.41713e-06
0.0742813
0.0338243
0.00470407
0.189269
0.189267
0.00352416
0.23256
0.108592
0.0501115
0.0501133
0.00246968
0.571238
0.0265254
0.0265236
0.00358188
0.424469
0.207844
-0.0289432
0.00238961
0.00148381
0.013628
0.00284409
0.00140318
-0.0151393
0.062906
0.016937
-0.00459505
0.00179481
0.027048
0.0024049
-0.0294818
0.00148289
0.00283711
0.0135651
0.00140567
0.0628431
-0.015219
0.0169936
0.00184839
-0.00457332
0.0272555
3.06415e-05
-5.75362e-06
0.0680578
1.63969e-05
-8.3347e-07
-5.21958e-06
0.0184636
-1.88434e-05
0.00921894
0.0117606
0.00178916
0.0958105
0.00934779
-0.0202617
-0.00334408
0.279557
3.15234e-05
1.63696e-05
-7.12824e-06
0.0680906
-5.48548e-06
-2.00552e-05
-2.31353e-06
0.0184728
0.00926542
0.0958194
0.0117889
0.00172573
0.0095786
0.279587
-0.0202744
-0.00355222
0.0651158
0.036987
0.000466421
0.0722877
0.106213
0.00109711
0.0520341
0.061049
0.000319226
0.216022
0.00790015
0.00133664
0.0516979
0.0280385
0.0422382
0.0764386
-0.0210019
0.0138123
-0.000394392
0.166097
0.0651894
0.0370799
0.106203
0.00109675
0.0520404
0.0611361
0.0078973
0.00133426
0.04227
0.0764835
-0.000207001
0.166375
0.069313
2.21236e-06
0.0268888
-0.00943007
1.7585e-05
-1.39828e-06
0.00708911
-0.00522949
-5.30495e-07
2.10797e-07
-0.0142879
0.257309
-0.0109289
-0.000332318
0.0338901
0.00921156
0.0693141
7.30889e-07
0.0269089
-0.00940106
0.00709243
-0.0052274
-0.0143087
0.257289
0.116733
0.113617
0.0530625
0.0538388
0.116741
0.0538314
0.053091
0.113625
0.00186122
0.00186103
0.00115013
0.00115052
0.12082
0.0742365
0.0742493
0.120836
0.074933
0.0844136
0.0843938
0.0748419
0.0514004
0.0401453
-0.00348625
-0.00237992
0.0514172
-0.00235313
-0.00335939
0.040183
7.1542e-06
6.46559e-06
-1.06665e-05
-9.10848e-06
0.18096
0.30415
0.304142
0.180961
0.0113561
0.0400043
0.0679703
-0.00444796
0.0113448
-0.0043476
0.0680817
0.0400057
0.00131374
0.0013119
0.00199211
0.00199319
0.227097
0.0785706
0.0786638
0.227182
0.231422
0.231457
0.0401359
0.0401458
0.0257351
0.0023798
0.00128116
-0.000779703
0.00284082
0.00134517
-0.0146157
0.0194509
-0.00330527
0.000511156
0.00297346
0.0132423
0.00238731
0.0261148
0.00128044
0.00284146
-0.000683146
0.00136708
0.0194448
-0.0145674
-0.0033473
0.00303821
0.000508356
0.0132627
1.53366e-05
-1.07852e-07
0.121391
1.75104e-05
3.59057e-07
-1.80353e-06
0.0169756
3.32154e-06
0.00105986
0.0109884
-0.00275568
0.0502617
0.00125042
-0.00257489
-0.000244249
0.100527
1.61305e-05
1.71031e-05
-1.47152e-06
0.121384
-1.51432e-06
2.43435e-06
-6.20747e-07
0.0169822
0.00108459
0.0502769
0.0109962
-0.00271387
0.00124074
0.100464
-0.00265715
-0.000215586
-0.000872736
-3.98351e-05
0.0020508
0.037644
-4.98357e-06
1.12922e-07
0.000366197
0.0969777
3.77827e-05
1.5838e-05
0.106763
0.00108304
0.00506539
0.00439972
0.0236171
0.0584722
2.03382e-06
-2.67017e-06
0.000300997
0.123789
4.0355e-05
-2.17791e-06
0.00879585
0.00133331
2.74213e-05
5.89916e-05
0.0281723
0.0237682
0.0126939
0.00843181
0.0120645
0.0355423
-0.000811667
-0.000755857
-0.00682292
0.0357006
0.00496884
0.00135665
-0.0066014
0.143554
-0.000604749
7.78013e-08
0.00200791
0.037475
3.7229e-05
1.59362e-05
0.106761
0.00108272
0.00510942
0.00435929
0.0236241
0.0584718
4.051e-05
-2.09957e-06
0.0087931
0.00133205
0.0126842
0.00859029
0.012135
0.0355838
0.00517547
0.00166087
-0.00645642
0.143857
2.28346e-06
-2.3707e-07
0.0911434
1.4382e-05
-0.000481204
0.000303983
0.0193507
-0.00256215
0.000577173
0.000576996
9.02687e-06
7.79464e-10
0.00206791
0.00799617
0.00507554
-0.00241251
0.000654372
0.000654298
2.75731e-07
-3.29061e-07
0.00151045
0.0025097
0.00323747
0.126465
0.00516499
0.00516276
-0.0250563
-0.00027294
0.00629799
0.00628242
0.000642053
4.77623e-05
2.27639e-06
-7.17257e-07
0.0911407
1.27245e-05
-0.000454484
0.000323699
0.0193281
-0.00252767
0.00206816
0.0080034
0.00488131
-0.00241319
0.00152009
0.00264809
0.00317441
0.126458
-0.0196064
0.000307845
-1.30403e-05
0.000736978
-0.019639
0.00120392
-1.37902e-05
0.000736945
1.86413e-05
5.08213e-08
5.2073e-08
8.08161e-06
0.010792
0.0016062
0.0015996
0.0117603
0.00937949
-0.0228475
0.000276273
0.00934851
0.00143469
-0.000182411
-0.00311968
0.000934458
0.00145049
-0.000179601
-0.00312139
0.00093505
0.000615756
1.38727e-06
-2.02295e-07
0.000615718
0.00966874
-7.58227e-05
0.0328625
0.00964668
0.02649
-0.000891988
0.00620147
0.00147895
0.0264883
-0.000891811
0.00618791
0.00147485
1.75344e-05
1.56439e-07
1.02275e-07
-1.12921e-07
-1.82785e-05
0.000919116
0.000835816
0.009043
0.00187197
0.0199274
-0.0277075
0.00182661
0.00163195
0.00717782
0.000367488
0.0917206
0.0765095
0.00109005
0.00874546
0.0605311
0.000301507
0.102089
0.0134927
0.00133626
0.0329718
0.0084894
0.0279763
-0.00245832
0.0177305
0.0402316
0.0356829
0.0439248
0.00372392
0.0422871
-0.00944011
0.0575271
0.000362084
0.0915332
0.0019877
0.00739424
0.0764937
0.00109067
0.000304043
0.101852
0.00877195
0.0605563
0.01349
0.00133457
0.0280055
-0.00247279
0.0331272
0.00816489
0.0177594
0.0402427
0.00369186
0.0419627
0.035668
0.0439237
-0.00942815
0.0575505
0.100114
0.00111724
0.109814
1.6685e-05
0.0267379
-8.13582e-06
0.00058605
1.28352e-07
0.00510038
0.00130904
0.0293989
1.0393e-05
0.00279367
-0.00640867
-1.08569e-07
0.000653344
-0.0100844
0.0453688
-0.0236617
0.00461353
0.00764534
0.112005
-0.025039
-5.79692e-05
-0.0186721
0.198596
-0.00367912
-0.00137397
0.00182358
0.0959133
5.86527e-06
0.000620361
0.100111
0.00111657
0.000585921
4.61868e-08
0.109824
1.63835e-05
0.0267336
-6.74794e-06
0.00510344
0.00130883
5.10559e-07
0.000653549
0.029386
7.97317e-06
0.00277098
-0.00641167
-0.0102073
0.0454234
-0.0250338
-5.43408e-05
-0.0236461
0.00455204
0.00766524
0.112077
-0.0186948
0.198671
-9.4802e-06
0.000593173
-0.00373454
-0.00136854
0.00179134
0.0960487
0.00464789
0.000725207
-0.0284005
-0.0124974
3.92263e-08
4.27124e-08
0.005506
0.00544547
0.0151447
0.00259015
1.86111e-05
8.14721e-06
1.88966e-06
0.00806687
0.0232377
0.0111431
-3.49205e-07
-2.84949e-07
0.00313217
0.00311811
-0.00607068
0.0213275
-6.9048e-08
1.76786e-05
-0.000158593
-0.000158485
0.0240173
0.0240274
0.000861489
-0.0164444
0.0105411
0.0104007
0.0041881
0.00422388
0.00162309
0.00160312
-0.0169094
9.39893e-05
0.00922727
0.00012748
0.00462245
0.00071477
-0.0127876
-0.0284292
0.0151824
0.00259288
1.89851e-05
8.10141e-06
0.00805084
1.80075e-06
0.0232125
0.0115496
-0.00606486
0.021325
1.05552e-07
1.7718e-05
-0.016362
0.00086163
0.0105348
0.0105395
6.75978e-05
-0.0169334
5.53077e-05
0.00919228
-0.00892113
-0.00148822
1.70924e-06
-7.21383e-07
2.80246e-05
7.08841e-05
0.00088972
-0.00114129
8.27891e-08
1.02518e-07
0.000596747
0.000596579
0.00781499
-0.00247811
0.000694944
0.00154377
0.000635171
0.000635147
3.98902e-07
4.06151e-07
-0.00591585
0.00498479
0.000265858
0.0357191
0.00121001
0.00121252
0.00263774
0.00257186
0.00806977
0.00806749
0.000941614
0.000938969
-0.00891795
-0.00150788
1.98238e-06
-9.01435e-08
7.1475e-05
2.7984e-05
0.000899097
-0.00114685
-0.00254113
0.0077991
0.000698755
0.00153763
0.00497772
-0.0059834
0.0357206
0.000261624
0.0626687
0.102733
0.00792026
-0.0034166
0.106058
0.0253001
0.00168102
0.106724
-0.00132499
0.0374193
0.000806066
-0.0165136
0.0166862
-0.000383316
-0.0221082
0.00472775
0.062963
-0.00329883
0.00791656
0.102731
0.0167367
0.00475994
-0.0221234
-0.000463574
-0.0013025
-0.0165229
0.000806228
0.0374545
0.106053
0.106722
0.00168265
0.0253094
0.00175313
0.000366887
1.86992e-05
0.00110504
0.00175052
0.00110535
1.88033e-05
0.000364189
-0.000350154
0.000297588
8.13893e-06
0.00110776
-0.000349218
0.00110826
8.13588e-06
0.000297672
0.04986
0.051137
0.0105468
0.0279343
0.0272623
-0.0219844
0.0131579
0.0432525
0.0272861
0.0432848
0.0131558
-0.0219843
0.049881
0.0279489
0.0105436
0.0510012
0.0672121
0.0212041
-0.0167672
0.0947134
0.0219474
0.022145
0.00390133
0.0314581
0.0200202
0.0314234
0.00385914
0.0221643
0.0673755
0.0947314
-0.0167573
0.0213361
0.115988
0.102745
-0.00314325
-0.000188488
0.0245359
0.00494351
0.00685159
0.000440259
9.73995e-05
-0.00177208
-0.00511663
0.000504914
0.0118067
-0.000324221
0.00318105
0.00395621
0.115989
-0.0001721
-0.00313912
0.102527
0.0118157
0.00391523
0.00317646
-0.000340145
0.000108025
0.000478524
-0.00515026
-0.00174563
0.0245254
0.000440146
0.00684165
0.00493903
1.70793e-05
0.000586961
0.000607629
1.76296e-05
1.6768e-05
1.67046e-05
0.000607557
0.000586778
5.498e-06
0.000645019
0.000625226
9.8865e-06
6.94873e-06
1.20514e-05
0.000625266
0.000645001
0.0809462
0.144695
0.00373782
0.00387222
0.0969861
0.00807557
0.0413614
0.117736
0.0970561
0.117804
0.0413595
0.00806718
0.0809545
0.00386892
0.00376571
0.143336
0.00768129
-0.00293621
-0.000149294
-0.00441588
0.0128868
0.0161821
0.0239059
0.0294573
0.0249266
-0.0119578
0.00272806
0.0409184
-0.0192145
0.00733225
0.00346179
-0.0148434
0.00766742
-0.00441886
-0.000147175
-0.00293171
-0.0192268
-0.014754
0.0034513
0.00730599
0.0249001
0.0409118
0.00273645
-0.0118284
0.0128988
0.0294513
0.023902
0.016199
-0.000475185
0.000327082
1.75622e-07
0.00132098
-0.000475577
0.00132008
1.66451e-07
0.000327005
0.00197788
0.000301835
1.73852e-05
0.00134982
0.00197714
0.00135105
1.74663e-05
0.000300622
0.109439
0.18088
0.0101445
0.00352624
0.0323959
-0.00157106
0.00559846
0.100693
0.0323837
0.10081
0.00556608
-0.001587
0.109451
0.00350924
0.0101141
0.180963
0.115601
0.119336
0.0225452
0.0779696
0.11514
0.0779588
0.0225092
0.11936
0.0547242
0.0387709
-0.0259252
0.0556125
0.0547083
0.0556907
-0.0259098
0.0387499
-0.000271236
0.00237678
0.00121507
-5.59841e-05
0.00284535
0.000988655
-0.000409054
0.00513317
0.000128737
0.000506961
0.00237229
0.00228794
0.00238427
-0.000469479
0.00121502
0.00284427
-0.000112726
0.00141263
0.00514529
-0.000377321
0.000147453
0.00244884
0.000509599
0.00229929
1.41059e-05
-1.39284e-06
0.0185688
1.7321e-05
-8.18851e-06
2.9771e-06
0.0685125
-2.33014e-06
0.000504999
0.0105895
1.37648e-05
0.035438
-7.39158e-05
0.00148995
0.000122501
-0.0043882
1.50297e-05
1.72028e-05
1.0866e-06
0.0185609
-7.71544e-07
-1.7866e-07
4.64966e-06
0.06851
0.000519547
0.0354515
0.0105965
-3.77263e-06
-0.000145824
-0.00435036
0.00154171
0.00014495
5.5436e-08
7.10593e-08
-0.00353861
0.012914
9.58996e-08
9.96051e-08
0.000332299
0.0678057
3.23084e-05
1.64643e-05
0.106829
0.0010824
0.00255532
-4.74449e-05
0.0227462
0.0453965
2.25416e-07
-1.96006e-07
0.000300718
0.128268
-2.31582e-05
-3.70881e-06
0.0273684
0.00133168
-5.35214e-08
1.57009e-16
0.0107799
0.0432956
0.00444173
0.00592183
0.00735319
0.00616523
4.45562e-06
2.37722e-06
0.0191051
-0.00814268
0.000825854
0.000435743
-0.00123391
0.0991412
6.31708e-08
3.97026e-08
-0.00351495
0.012987
3.26876e-05
1.5341e-05
0.106824
0.00108198
0.00243452
-1.01329e-05
0.0227548
0.0456583
-2.81703e-05
-4.43505e-06
0.0273651
0.00132938
0.0045125
0.00593706
0.00745603
0.00622899
0.000952063
0.000476612
-0.00106601
0.0998626
6.56205e-07
2.88287e-06
0.0379039
4.10071e-06
-0.000842787
2.02295e-05
-0.00573712
-0.00082932
1.86358e-08
4.33097e-08
7.65327e-06
-2.00836e-09
0.000119752
0.00379456
-0.000255095
-0.00142943
1.46735e-09
4.40035e-08
3.18703e-07
-2.47854e-10
0.000207807
-0.00027306
0.00599095
-0.00258022
0.00028886
0.00029029
-0.012241
-1.40895e-05
0.000134878
0.000134835
0.00080973
9.8062e-05
-5.73793e-07
-7.45329e-07
0.0379104
5.11328e-06
-0.000818852
4.24591e-05
-0.00569649
-0.000809149
0.000118982
0.00379356
-0.000153102
-0.0014371
0.000182227
-0.000296917
0.00600248
-0.00266074
-0.0064007
0.000685427
2.48519e-05
0.000327912
-0.00643693
0.000237742
2.48665e-05
0.000327419
1.60052e-05
7.30844e-08
5.57695e-08
7.65097e-06
-3.16569e-05
-0.000110102
-0.000110097
-0.000138983
0.00154575
-0.00028339
-0.00141231
0.00154046
-0.000120679
0.00657745
-0.00290125
0.000139489
-0.000112154
0.00661637
-0.00287652
0.00013971
3.58065e-08
1.66282e-09
1.4538e-07
2.2799e-08
0.000241895
0.000141619
0.0123158
0.000238773
-0.0191026
0.00135559
-0.000236029
4.96962e-06
-0.0191147
0.000812446
-0.00023632
7.27503e-06
-8.54298e-06
-2.48598e-08
-1.07099e-08
-1.10925e-07
3.42703e-05
0.000340637
0.000338626
0.00903969
4.35465e-05
-0.0189059
-0.00219317
0.000136595
0.0151819
-0.00117131
-0.00621697
0.00753532
2.75149e-06
-1.33609e-06
0.00033342
0.0570553
5.27582e-05
1.58459e-06
0.0759878
0.00108896
-0.000183555
0.0023433
0.00820417
0.0380212
-2.77656e-06
-1.96262e-17
0.000301077
0.12351
3.896e-06
-3.47631e-06
0.0134933
0.00134172
-6.36249e-05
-3.97986e-05
-0.0131622
0.0254812
0.00610065
2.74748e-05
0.0117872
0.0513439
-0.00346625
0.00395115
0.00898051
0.0186153
1.44549e-06
-0.00193262
0.00865339
0.0341414
-0.000469164
-0.00286926
0.0262768
-0.00524106
0.00438615
-0.00120722
-0.00257447
0.0428681
2.76654e-06
4.52471e-09
0.000328989
0.0571396
0.0152046
-0.00111985
-0.00582495
0.00726993
5.21543e-05
1.57732e-06
0.0759873
0.00108945
-1.05988e-06
-9.01703e-07
0.000303467
0.123654
-0.000211777
0.0023693
0.00823043
0.0380413
4.07803e-06
-9.9689e-06
0.0134908
0.00133963
0.00608311
5.89916e-05
0.011823
0.0513955
-0.000142201
8.38105e-08
-0.0131651
0.0257115
-0.00300333
0.00397369
0.00877113
0.0186103
-0.00054624
-0.00246452
0.0262537
-0.00511689
3.14042e-06
-0.00190426
0.00864578
0.0341676
0.00439116
-0.00118676
-0.00259794
0.0428659
1.36048e-06
1.28268e-06
0.100102
0.00111661
-2.48037e-06
-4.41641e-06
0.0307658
9.59122e-06
-0.0251626
0.000415556
0.006625
1.15554e-08
-2.07299e-07
0.000577149
0.000584544
1.20199e-07
-7.33071e-06
-6.03903e-06
0.0440456
0.00130172
4.33377e-06
5.46902e-06
0.0782354
-6.84297e-07
-2.4798e-09
0.000846754
-0.00166489
0.00220655
9.59506e-08
0.000654367
7.1506e-07
0.00065362
8.78397e-05
0.000157949
0.0105918
0.0181023
0.000116478
5.27878e-05
-0.000218857
0.000194885
-0.00280968
0.000498841
0.00457637
0.0123627
0.00690362
0.00513729
-0.0132086
6.04145e-05
0.000454068
-0.000293994
0.00462438
0.0967328
-0.00290325
-0.00103044
-0.00091202
-0.00068076
-0.000106427
0.00279508
0.00180488
-0.000237736
0.0593702
0.00520094
4.25518e-06
0.000640222
1.2788e-06
2.36626e-07
0.100099
0.00111587
-1.49224e-07
0.000576947
0.000584482
-1.91135e-07
3.75079e-07
-2.78323e-06
0.0307612
1.09439e-05
-0.0251581
0.000451807
0.0064456
-3.27399e-08
1.05543e-06
-1.03911e-06
0.0440795
0.00130283
5.7747e-08
0.000654255
4.90645e-07
0.00065359
1.50191e-06
2.35838e-07
0.0782751
-1.90786e-07
-2.73179e-08
0.000846121
-0.0016588
0.00220823
7.23912e-05
9.04423e-05
0.0106482
0.0182488
0.0068915
0.00513507
-0.0132029
5.96155e-05
0.000122791
5.23408e-05
-0.00022367
0.000219743
-0.00277866
0.000540719
0.00459806
0.0123256
0.000440621
-0.00039184
0.00462091
0.0967142
0.0593725
0.00518447
4.65552e-07
0.000629574
-0.00286081
-0.00102269
-0.000913548
-0.000693861
-5.95453e-06
0.00291
0.0018872
-0.000111483
0.0318671
0.00085045
7.3322e-05
0.000521306
-0.0228268
0.00785463
0.000673445
-0.000306696
2.43598e-05
1.19867e-06
3.27635e-08
4.20639e-08
0.0217167
0.0220467
0.000728466
0.000460847
-4.42039e-05
-0.000303595
0.00335181
0.00224891
7.9532e-07
2.46595e-08
1.60196e-05
7.64295e-06
0.00016726
0.000418045
5.13138e-07
1.53471e-06
0.0124372
0.00176064
-0.000509743
0.00213805
4.94423e-08
1.73783e-07
-8.92202e-09
-2.63451e-08
0.010623
0.0235329
0.000152495
0.000152614
-3.35308e-07
-7.95244e-07
-0.00595938
-0.00784611
1.79093e-07
1.52274e-07
-2.98523e-08
-8.7516e-06
-1.04035e-07
0.00636709
-0.000120616
-0.000120612
-0.00564404
0.0336042
-0.000300192
-0.00030021
0.0048354
-1.10189e-05
0.00028671
-0.00919429
0.0012033
0.00171978
-7.77028e-06
0.000236555
-0.00706807
-2.43181e-05
4.30041e-06
-1.80575e-05
0.00299745
-3.63826e-05
0.00051784
0.000529022
-0.00126351
0.00153698
-0.00225588
-0.000685114
0.000549252
0.000555142
0.0089978
6.63086e-05
0.0318318
0.000820395
3.3453e-05
0.000493361
-0.0228137
0.00773683
-0.000301025
0.000558233
-4.39383e-05
-0.000749506
0.00333079
0.00225126
7.50116e-07
1.63447e-08
1.58184e-05
7.63476e-06
0.000167392
0.000418547
1.48116e-06
5.07938e-07
0.0124407
0.00174138
-0.000768717
0.00187874
-2.89616e-07
-5.82763e-07
-0.00595695
-0.00774029
-4.61618e-07
1.04506e-07
-1.74091e-07
-8.68545e-06
0.00490687
-1.004e-05
-0.00919964
0.00028677
0.00119576
0.00170989
0.000173505
-4.67758e-06
-0.00124797
0.00154019
-0.000695364
-0.00226486
0.000437247
0.000502328
7.81613e-05
0.00897339
-0.0253141
0.00154122
0.000964176
-0.000553131
-1.82786e-07
0.000615756
-1.51204e-07
1.26264e-07
0.00285308
0.000127065
2.35263e-06
1.22961e-05
-0.000497532
-0.00284577
6.46485e-06
2.02187e-05
9.46177e-08
5.37952e-08
7.81374e-08
4.39817e-08
-6.29501e-10
-1.43474e-06
1.44705e-08
3.1865e-08
-0.00017883
9.4391e-05
0.00373834
-4.24747e-05
0.00147603
0.000242889
-2.34708e-07
-3.70662e-07
4.02323e-08
3.48028e-07
3.78973e-08
-2.88847e-09
3.28548e-07
1.6331e-09
2.51873e-08
1.77214e-08
-0.00101481
0.000720162
-0.00525416
0.000113828
0.0362922
0.0104803
2.8781e-06
0.00974914
2.22045e-16
0.00118352
-0.000116203
-0.000116197
0.000197876
0.000134234
-0.00220131
-0.00215756
-0.00016745
-5.52912e-05
8.05065e-05
8.09737e-05
-5.43312e-05
-2.56053e-07
0.000183758
0.000183621
-0.0253099
0.00155371
0.000965428
-0.000553002
2.42757e-07
0.00061568
1.30967e-07
4.59131e-07
0.00287594
0.000127165
1.19642e-05
2.24122e-06
-0.000501184
-0.00284772
3.15918e-06
1.98464e-05
-2.08476e-05
9.32539e-05
-4.39569e-05
0.00374005
0.00147342
0.000228683
-4.1372e-07
-4.16869e-07
-0.000987164
0.000753097
0.000115234
-0.0052641
0.0362089
0.0104491
0.00976791
3.95781e-06
0.0210304
9.70725e-05
0.00100538
0.000765403
7.11254e-06
0.000206759
7.88833e-05
-4.60517e-06
0.00456809
-0.0136942
0.000218239
1.14752e-05
0.0148072
-0.00200009
-7.77407e-05
-0.00345482
0.0210256
9.51869e-05
0.00111408
0.000751005
0.0147726
-0.00205526
-2.35063e-05
-0.00350837
0.00463829
-0.0138584
0.000218361
1.12453e-05
7.29939e-06
0.000205814
7.88983e-05
-4.49809e-06
2.3706e-05
1.08109e-06
8.03098e-09
1.15717e-06
2.50314e-05
1.002e-06
9.95626e-09
9.6577e-07
4.64879e-07
7.78855e-08
9.99837e-08
2.1623e-08
3.35779e-07
1.36265e-07
8.24186e-08
2.35181e-08
-5.13974e-05
0.00566682
0.000271543
0.00736881
0.0014816
-0.000232276
0.00213064
0.00132643
0.00146274
-0.000223627
0.00206381
0.00132893
-5.12438e-05
0.00566486
0.000271641
0.00736654
0.000165072
0.0217069
0.0259594
0.00647036
-0.018881
-0.0129525
-0.0119722
0.010843
-0.0130036
-0.0181006
0.0142752
-0.0117584
0.0213642
0.00021764
0.00633636
0.0259905
-0.0261205
-5.13871e-06
-0.00419337
0.000922611
-0.000162357
0.000307759
0.000992184
0.000474374
-0.00123122
0.000269019
-0.00212206
0.000158228
0.000265188
0.000356422
-0.000986312
-0.00299299
-0.0261252
-5.21329e-06
-0.00419569
0.000918343
0.000289184
0.000350207
-0.000934862
-0.00299145
-0.0012391
0.000214433
-0.00217747
8.95013e-05
-0.000178085
0.000295334
0.000977392
0.000459509
2.36527e-07
-1.19455e-07
-1.73584e-06
0.000596698
6.52964e-08
-6.51292e-08
0.000596561
-2.1017e-06
6.9872e-08
1.60867e-07
0.000635129
6.05443e-07
1.87809e-07
-5.35997e-08
5.16878e-07
0.000635146
0.0128207
-2.11435e-05
0.00023961
0.00814771
0.0602546
-3.57805e-06
-2.76209e-07
0.00594367
-4.23207e-06
0.0602398
0.00596484
1.44581e-07
-3.14971e-05
0.0125045
0.00810819
0.000207401
-3.694e-06
0.000645324
-5.57066e-05
0.000744871
0.000102281
-1.97487e-07
4.65555e-07
0.000257676
0.0094019
-0.00733614
0.00805825
-0.00297282
-0.00446919
-0.000273175
0.000651898
0.00154588
-8.18246e-07
0.000649413
-6.25748e-05
0.000744056
-0.00446052
-0.000271261
0.000659607
0.00153973
0.00919193
-0.00724385
0.00804219
-0.00299177
0.000102132
-2.05864e-07
5.08269e-07
0.000258856
1.15275e-07
3.6648e-07
-2.24329e-07
4.41083e-07
3.09677e-07
3.15248e-07
-1.05304e-07
4.26255e-07
-1.18733e-07
-7.47454e-07
-3.41287e-07
1.026e-07
-1.19872e-07
-5.02658e-07
-2.59557e-07
2.7442e-07
0.00255875
-4.95944e-05
1.11123e-05
0.000710431
-0.00462829
0.00167381
0.00318737
8.14335e-06
-0.00463622
0.00166371
0.00319688
1.82059e-05
0.00252319
-5.52465e-05
9.0925e-06
0.000724737
6.14247e-05
0.0132017
0.0225819
0.00316755
0.0131927
5.42572e-05
0.0031431
0.0225205
-0.00143296
0.0172535
0.00104024
-0.0194064
0.0172454
-0.00159359
-0.0192153
0.00103356
0.00236305
0.00741217
0.000331657
0.0317915
0.0419934
0.00111507
0.00609066
0.0269081
0.00030301
0.0760995
0.00804036
0.00135863
0.0122042
0.0246991
-0.00238332
0.0240094
0.0151174
0.0224329
0.00744146
0.0243715
0.0215282
0.000403821
0.00382299
0.00833767
0.000328447
0.0320039
0.00238845
0.00735151
0.0420287
0.00111544
0.000304513
0.0779734
0.00607216
0.0271026
0.00803189
0.00134954
-0.00225664
0.0249822
0.0122713
0.0256716
0.0155792
0.022449
0.0214885
0.000324763
0.00740944
0.02452
0.00379131
0.00832616
3.76825e-05
2.76003e-05
0.0244759
1.2993e-05
0.0117176
8.68213e-07
1.60021e-05
1.19587e-07
0.0616942
-3.74729e-06
0.0739348
-9.94443e-07
0.000544477
0.00131514
1.07231e-06
2.02642e-06
0.0142666
0.018858
-0.000130662
4.54405e-05
0.00898158
0.0545527
-0.0154676
0.000174815
-0.000940987
-0.00916903
0.00136449
0.00104632
0.00151408
-0.00228372
0.000103271
4.90771e-06
3.85725e-05
2.66163e-05
1.63806e-05
-9.19862e-08
0.0244709
1.45487e-05
0.0117297
7.93795e-07
0.0617046
-6.81669e-07
3.92238e-07
1.19958e-06
0.0739431
-1.87704e-07
0.000541462
0.00132678
0.0142344
0.0188456
-0.015607
0.000175185
-0.000136369
4.48336e-05
0.00897932
0.0532479
-0.00093613
-0.0091667
9.68071e-05
3.68355e-05
0.00141146
0.00110492
0.00153992
-0.00223194
-0.00278713
0.010898
0.000948501
0.0149358
0.00047179
0.00140574
0.000154616
0.000323972
0.000334646
0.0625015
0.000330141
0.0624963
3.63263e-08
4.07974e-08
0.000630059
0.000628933
0.0948468
0.00108152
0.105442
0.00109782
0.00980735
0.00301933
1.60639e-05
7.60882e-06
0.0136533
0.0466454
0.0260252
0.0375055
2.35133e-07
-1.33945e-06
0.000402682
0.000409604
0.000299739
0.124497
0.000302645
0.1244
1.4628e-08
1.11207e-10
7.27281e-05
6.18419e-05
0.0187826
0.00133126
0.0362163
0.00131709
-0.0108019
-0.00148619
-5.09025e-07
-7.92501e-06
0.0112094
0.0500174
0.0112104
0.0500111
-0.000122073
-0.000122112
-0.000345487
-0.000364943
-6.45228e-05
0.00346453
0.0050095
0.00925941
0.00920695
-0.00525374
0.00247692
-6.06396e-06
0.0230305
-0.00627871
0.0229946
-0.00634766
1.43209e-07
5.75498e-08
0.000144915
0.000109682
-0.0033268
0.088962
-0.00261845
0.0857894
-0.00276538
0.00115854
0.00977684
7.98093e-05
-0.00275623
0.0108856
0.000977664
0.0149675
0.000459862
0.013619
0.000763244
0.000222471
0.0948566
0.00108179
0.105439
0.00109716
0.00981826
0.00301981
1.58603e-05
7.54335e-06
0.0136541
0.0466515
0.0259498
0.0375611
-1.08781e-06
2.38598e-07
0.000462403
0.000469753
0.0187787
0.00132888
0.0362204
0.00131655
-0.0108009
-0.00169238
-9.88657e-07
-8.80438e-06
-3.22445e-05
0.00356662
0.00495221
0.0092761
-0.00526108
0.00945407
-4.22046e-06
0.00254833
-0.00337326
0.0891107
-0.00267191
0.0860213
0.00115515
-0.00274991
3.1713e-05
0.00967956
0.0331941
6.6253e-06
0.0880228
2.09426e-06
0.000686621
0.0423995
-5.55131e-08
-2.67368e-07
-0.00142926
-0.000796644
-0.00349411
0.0018535
0.00205073
-0.00624093
-0.00019675
-0.000638014
7.66139e-06
-1.10759e-08
7.66098e-06
-1.93763e-09
6.00017e-08
3.81329e-08
2.31233e-09
4.31899e-08
-0.00175036
-0.000669243
-0.000706035
0.00295133
0.000296994
0.000211373
-1.06021e-05
0.00119669
3.24763e-07
-6.42793e-10
3.33098e-07
1.20201e-10
3.19845e-08
-5.05084e-09
1.59031e-09
4.00566e-08
0.00632459
-0.00409645
0.00522961
-0.00534497
-0.000748762
0.00119745
0.00249314
0.00206935
-0.0122982
-2.09983e-05
-0.0122981
-2.08e-05
-0.000117462
-0.000116546
-0.00270078
-0.0027006
0.000768668
-7.85288e-05
0.000769098
-7.24205e-05
0.000151186
0.000151297
0.000202373
0.000198433
0.0333063
7.78472e-06
0.0880239
3.09863e-06
0.000793883
0.0423984
1.73536e-07
5.49953e-07
-0.0014452
-0.000795365
-0.00348012
0.00175684
-0.00620907
0.0020764
-0.000196757
-0.000624794
-0.00174888
-0.000673186
-0.000706237
0.00289739
0.000309404
0.00039473
-1.26142e-05
0.0012041
0.00634038
-0.00340815
0.0051991
-0.00540879
0.00124596
-0.000734536
0.00210652
0.00316631
-0.00822936
-0.00240507
0.00685325
0.00115323
0.00029026
0.00186442
-8.02603e-06
-1.50735e-06
-0.00792142
-0.00251474
0.00650477
0.000706469
0.0019381
0.000290549
-1.59189e-06
-8.19233e-06
2.22772e-08
-1.66424e-08
1.60166e-05
7.64802e-06
1.59686e-05
7.64516e-06
7.24546e-08
6.60126e-08
-0.000116597
-0.000116627
4.22637e-05
-0.000123789
-0.000123789
-1.79094e-05
-0.000116955
-0.000116958
-9.77246e-05
0.000106945
0.000612541
0.00055175
0.00102028
0.0011408
0.000121753
-0.000100917
0.00347913
-0.0012803
2.33301e-05
1.63788e-05
4.59423e-05
-0.000100258
-0.0039749
0.00251052
0.00345884
-0.00127815
2.28782e-05
1.84224e-05
-0.000100216
4.6572e-05
0.00251047
-0.00397638
-1.22747e-08
1.44569e-07
3.47907e-08
1.01296e-08
3.90434e-08
7.77122e-09
-2.87334e-09
1.18688e-07
2.84333e-05
0.012375
0.000175513
0.000175678
0.000142228
0.000142329
0.0124325
-7.30203e-06
-3.93177e-07
0.00832078
-0.000704907
-0.015453
-0.00843244
-0.000546014
-2.38173e-07
0.000227749
0.00861918
-1.03706e-06
-0.000702969
-0.0152901
-0.000548742
-0.00889957
-1.34795e-06
0.000226649
-2.97788e-09
-3.56056e-08
-1.10843e-07
-8.534e-06
-1.06167e-07
-8.55668e-06
3.17581e-09
-1.73935e-08
0.00197792
0.00197588
0.009192
6.75646e-06
2.04226e-05
0.00920212
0.000189755
0.000189786
-0.0197429
0.0207772
0.000146949
0.000141755
0.000558037
0.000554411
-0.019645
0.0207059
0.0193085
-0.00545285
0.0195827
-0.00108868
1.44277e-06
2.66573e-09
0.00125682
0.000626701
0.00841337
0.000419708
2.38398e-05
1.33171e-06
2.3588e-06
3.2209e-07
0.00475796
0.0117005
-1.60011e-06
-6.30975e-07
-0.00453923
0.00673474
6.08583e-05
0.000172535
-1.06347e-06
1.14416e-06
-0.0162109
-0.0109009
0.00971485
0.000660088
0.0130826
0.000259187
-0.0185628
0.00838591
0.00673035
0.000438214
0.00523912
0.000450607
-0.00627431
0.0112152
0.00662504
-0.00389176
0.000232238
2.13656e-05
0.000910553
-0.000405436
0.00531633
-0.000244588
-0.00495188
6.88828e-05
1.46992e-06
2.66909e-09
0.00135894
0.000739861
0.0191709
-0.00583055
0.0196125
-0.00104069
0.00838009
0.000433178
2.492e-05
9.01264e-07
-1.83667e-06
-7.00021e-07
-0.00391723
0.00667713
2.08808e-06
1.71091e-07
0.00499504
0.0116766
6.09805e-05
0.00017395
-6.81656e-07
1.38958e-06
0.0130998
0.000259257
-0.0174536
0.00884472
-0.0138891
-0.010938
0.0108999
0.00103757
0.00782284
0.000519913
0.00524362
0.000476428
0.000235127
2.15329e-05
0.00104986
-0.000186653
-0.00626912
0.0112656
0.00675436
-0.00387547
0.00532787
-0.000255728
-0.00482761
0.000115099
0.0171571
5.18177e-05
0.000840395
-1.40099e-07
0.000361613
-0.00463951
2.33366e-07
-2.16759e-06
0.017159
6.93644e-05
-0.0254054
0.00125947
0.000840707
8.96998e-08
-1.20843e-07
0.00058689
0.00315013
-0.000142926
0.000979607
-4.47612e-07
0.000141875
0.019026
1.21246e-07
2.38838e-07
5.62274e-08
0.000865055
0.000743466
-6.74681e-06
1.95732e-07
0.000644913
0.000979953
5.27158e-07
-0.000580075
0.00771765
0.000428331
0.0026435
0.00013193
-0.00347049
6.69901e-05
0.000237764
0.00232725
-0.00279292
-0.000166708
0.00176385
0.00512852
0.00317994
0.0118056
0.00669972
-0.0014538
-0.00361331
0.0516832
2.76486e-05
0.000534709
-0.000234707
-0.0069325
0.00402637
-0.00255311
0.00300927
-0.00092162
-0.00260571
0.0604178
0.00600608
0.0697111
0.00294316
0.0171567
5.17723e-05
0.000840457
-1.11666e-07
0.000840632
4.23654e-08
2.83972e-08
0.000586713
0.000385725
-0.00452787
-2.4989e-07
-2.29395e-06
0.0171589
7.32635e-05
-0.0254035
0.00125979
0.00315231
-0.000144162
0.00097962
-2.40107e-07
9.53253e-08
0.000644617
0.00097963
3.91533e-07
0.00014398
0.0188195
-1.0473e-07
5.01808e-07
-2.9692e-08
0.00086771
0.000732722
-7.36916e-06
-0.000517835
0.00778281
0.000387325
0.00264217
0.00511929
0.0031775
0.0117477
0.00668541
0.000127938
-0.00347225
9.99125e-05
0.000244496
0.00233928
-0.0027715
-0.000177158
0.00246469
-0.00148733
-0.00340831
0.0516777
-8.81506e-06
0.060397
0.00600327
0.069761
0.00295137
0.000536189
-0.0002349
-0.00686321
0.00402885
-0.00248563
0.00302032
-0.000932238
-0.00262121
-0.00577694
0.0152391
0.0327602
-0.00252154
0.0299322
0.0104105
0.0073063
-0.0238221
2.38085e-05
1.20026e-06
1.14759e-06
2.49425e-05
0.0223465
0.0212928
0.0212247
0.0223925
0.000128307
0.00725126
-1.06877e-05
-6.04243e-06
-2.94784e-08
1.07994e-06
2.50305e-07
2.72734e-08
0.000135895
0.000338931
0.0160515
0.00019324
0.000788125
0.00889309
-0.00315704
-0.0182453
1.98248e-08
1.74408e-07
1.62663e-07
1.98807e-08
0.0105254
0.0230726
0.0230716
0.010511
-0.000168458
0.00221229
-8.96312e-07
-8.52251e-07
2.55365e-07
1.32598e-07
3.93324e-07
-1.14623e-07
0.00685789
-1.13989e-05
-1.13773e-05
0.00685789
-0.0126725
0.0200703
0.0201983
-0.0126732
0.00135728
1.07289e-05
0.000771163
0.00477204
0.00181197
0.000259426
0.00219633
0.000521817
-0.00642033
0.00199561
0.0019691
-0.006444
0.000916545
-5.4907e-05
-5.49087e-05
0.000928558
0.000393959
-0.00470917
0.00219102
0.000810041
0.00203053
0.000819528
0.000255274
0.00296956
0.0251303
-0.00578114
-0.00254481
0.0328185
-0.0237087
0.00752499
0.00873639
0.0292258
0.00727654
0.000121428
-6.17791e-06
-1.05338e-05
1.1533e-06
1.16403e-07
3.69848e-08
3.61963e-07
0.000193302
0.0160385
0.000340914
0.000135907
0.00895121
0.000799544
-0.0184605
-0.00334298
0.00216157
-0.000169008
-1.30709e-06
-9.28647e-07
-1.75179e-07
9.73326e-08
-2.21951e-07
-1.23448e-07
0.00476974
0.00076422
1.06105e-05
0.00134816
0.000453958
0.0021254
0.000256995
0.00190756
0.000812238
0.00220965
-0.00468672
0.000392612
0.00294508
0.000264367
0.000813007
0.00200976
-0.0261427
0.000792608
0.00370408
0.0170299
0.000606157
1.72858e-07
2.38179e-07
0.000625642
0.000446514
9.96616e-05
0.000167283
0.0204451
-0.003134
-0.000414517
-0.0014528
-0.0026804
9.86278e-08
4.98469e-08
5.54173e-08
9.45894e-08
8.30619e-09
-1.43672e-06
-1.43203e-06
-1.07537e-08
0.000437915
0.00293788
3.32543e-05
-0.000791078
0.000774107
0.00260332
-0.00031
-1.04328e-05
4.02033e-08
3.42234e-07
3.58011e-07
3.81038e-08
3.25925e-07
-2.11632e-08
-1.6615e-08
3.28504e-07
-0.000172202
-0.000360012
0.000963779
-0.0051561
0.0124979
0.0110073
0.00612191
0.053302
-6.04765e-07
0.00118401
0.00118405
-5.97529e-07
-0.000330593
-4.14393e-05
-1.24905e-05
-0.00030896
-0.000216335
-2.80135e-05
-2.7599e-05
-0.00021528
-4.68619e-08
-2.37983e-05
-3.15311e-05
-6.14396e-08
0.000792614
-0.0260324
0.0170237
0.00371581
2.90763e-08
0.000605888
0.00062536
7.20414e-08
0.0204548
0.000166871
9.96098e-05
0.000445539
-0.000419305
-0.00314169
-0.0026788
-0.00143737
-0.000791999
3.16116e-05
0.00280365
0.000438711
0.00260293
0.000773568
-7.43631e-06
-0.000314774
-0.00517397
0.000963109
-0.000358502
-0.000181814
0.0532956
0.00613248
0.0109402
0.0131714
0.0222321
0.067675
0.0182127
0.018984
0.109831
0.00812349
0.000801022
0.0855413
0.000102065
-0.00258809
0.0036337
0.0050974
-0.00314867
-0.0049
0.0296054
0.0349129
0.00591638
0.0158631
0.00869365
0.105978
-0.00358879
0.0016674
0.000329691
0.00181239
0.000731462
0.00167677
7.86539e-05
0.000110167
0.109527
0.102811
6.61615e-05
0.00262088
0.0139644
0.0104681
-0.0115334
-8.15868e-05
0.0147132
0.00849881
0.0124889
0.00324502
0.000303267
0.000148626
0.000210062
0.000288176
-0.0122277
-0.00185693
0.011613
0.0116752
0.0155731
0.000128053
0.0168273
0.0111904
-0.00136981
0.0319878
0.0239713
-0.0061903
-0.00211086
-0.00357351
-0.00551832
-0.000852311
0.00518108
0.00517301
0.00132182
-0.00653975
0.0223014
0.0188179
0.018106
0.0675675
-0.00301305
0.0349368
0.0316757
-0.00479781
-0.00012292
0.00485928
0.00299273
-0.00260996
0.109838
0.0854872
0.000865501
0.0090773
0.0156941
0.0110993
0.0167949
0.000630779
0.00541687
-0.00654052
0.00132309
0.00509926
-0.00210384
-0.000862849
-0.00563731
-0.00358163
-0.00139196
-0.00619158
0.0239899
0.0319997
0.0139627
-8.67668e-05
-0.0115105
0.0105141
-0.0122008
0.0116916
0.011618
-0.0018523
0.000303222
0.000288447
0.00020995
0.000148444
0.0147156
0.00302945
0.0125153
0.00848484
0.00591668
0.105975
0.00869309
0.0161805
0.10952
0.00262367
6.61854e-05
0.102808
0.000508541
0.000110197
7.86497e-05
0.0014535
-0.00357188
0.00175975
0.000328416
0.00167779
0.00172992
0.000334065
2.51548e-05
0.00112553
0.000333509
2.41198e-05
2.36578e-05
0.000334036
1.60431e-05
1.59828e-05
1.20929e-06
1.22432e-06
0.00109764
0.00108624
2.26823e-06
1.66615e-05
0.00172955
0.00112696
2.64002e-05
0.000330526
0.00109741
1.65378e-05
1.95998e-06
0.00108614
1.60184e-05
1.20955e-06
1.08997e-06
1.58582e-05
0.00033126
0.000329451
2.49839e-05
2.49415e-05
4.22297e-05
0.00114586
0.000420513
0.0015456
7.7156e-06
1.63467e-07
1.11559e-07
0.000296156
7.71232e-06
7.68144e-06
6.05166e-08
1.32468e-07
0.00109734
0.00110677
3.90772e-07
8.37498e-06
4.20432e-05
0.00154626
0.00042038
0.00114588
0.00109778
8.29323e-06
4.35881e-07
0.00110734
7.71698e-06
1.08772e-07
5.23902e-08
7.68692e-06
7.69252e-06
0.000296298
1.65948e-07
1.35686e-07
0.0199333
0.0265969
0.00946066
0.0206658
0.00530238
0.00159367
0.00631859
0.0110029
-0.000139973
0.0065034
0.00745117
0.00115955
0.0108826
0.0117402
0.000215269
-0.000121952
0.00753505
-0.00805001
0.00341135
0.0195161
-0.0121746
-0.000116374
0.00225318
-0.00812021
-0.000238894
0.00183574
0.00294529
0.00106743
0.00941645
0.0153441
0.00617622
0.000861314
0.00749847
0.0195196
0.0033969
-0.00805131
0.00942676
0.000826218
0.00638117
0.0153048
-0.000238889
0.00106746
0.00291122
0.00179543
-0.0121732
-0.00812255
0.00225321
-0.000116374
0.0199433
0.0207019
0.00945651
0.0266079
0.0108831
-0.00012199
0.000215176
0.0117593
-0.000139945
0.00109821
0.00739179
0.0065034
0.00538294
0.0110494
0.00635784
0.00163169
0.0204909
0.0262292
0.0208023
0.0485959
0.011999
-0.0235181
0.0138714
0.00823695
0.000812015
0.021735
0.0289558
0.00782832
0.0657902
0.060272
0.0238022
0.0215749
0.0202693
0.0381776
-0.0175999
0.0246942
0.0466803
-0.00912277
-0.00747418
0.0591539
0.00178789
0.00762722
0.0110769
0.0291571
0.0139249
0.0202354
-0.0240511
-0.0233433
0.020909
0.0252744
-0.0158396
0.0384146
0.0139773
-0.0232611
-0.023779
0.0203769
0.0017351
0.0290946
0.0111653
0.0075968
0.0466608
0.0592158
-0.00761836
-0.00912301
0.0205492
0.0486429
0.0209285
0.0263018
0.0657861
0.0214803
0.0238056
0.0603154
0.000805994
0.00779502
0.0290448
0.0218662
0.0120429
0.00837707
0.0138862
-0.0235929
0.0215198
0.0276148
-0.0257638
-0.0248556
0.0355378
-0.0197767
-0.0305048
0.031975
0.00557108
-0.0029908
-0.00240618
0.00255129
-0.00113348
0.000818818
0.00187787
-0.000454024
0.0716157
-0.000563467
0.000220304
0.0805342
-0.00100597
0.00448373
0.00106072
-0.000885418
-0.00221034
0.00451382
0.00247769
0.00196391
0.0629681
0.083167
0.00970174
-0.00455307
0.00271276
0.000464985
-0.00291078
-0.000818333
0.00530383
-0.00493272
0.00156006
0.00556098
-0.0031997
-7.4866e-05
-0.00123302
-0.00447039
0.00378592
-0.00101918
-0.00230831
-0.000542312
0.00989914
0.00011575
0.0017505
0.0078316
0.000467551
-0.00145932
-0.000985414
0.00111001
0.00457997
0.0012436
-0.00266966
-0.00276362
0.00700307
0.00547302
-0.00347105
-0.0025663
0.0215186
-0.0248521
-0.0257646
0.0276133
-0.00112203
-0.000458859
0.0018784
0.000819066
0.00556529
0.00253645
-0.0024112
-0.00299552
0.0355887
0.0320263
-0.0304542
-0.0197207
0.00989952
0.00783267
0.00176808
0.000132419
0.00700439
-0.00254528
-0.00346232
0.0055042
0.00457778
-0.00276382
-0.00267052
0.00124569
0.000482285
0.0011267
-0.000970161
-0.00145271
0.00274983
-0.000795138
-0.00294747
0.00060313
0.00384881
-0.000493258
-0.00232667
-0.00101774
-0.00319295
-0.00451901
-0.00126436
-7.69501e-05
0.00529599
0.00559772
0.00153376
-0.00492694
0.0716187
0.0808133
0.000215074
-0.00055738
0.0629597
-0.004555
0.00968954
0.0831823
-0.00220746
0.00196398
0.00246916
0.00462438
-0.000956119
-0.000883045
0.00105537
0.00453948
1.52186e-05
6.2822e-08
-6.44942e-08
1.13689e-05
7.16316e-09
6.0686e-09
0.000591792
0.000582015
4.10676e-08
0.00061097
0.000599967
-1.41196e-06
5.43764e-06
5.75711e-06
-2.09153e-06
1.73083e-07
1.72504e-05
1.31505e-05
-7.7512e-08
-2.59135e-07
5.6554e-06
6.2171e-08
-2.0114e-06
6.77499e-06
1.4058e-08
-1.41212e-06
0.000599786
0.000610773
4.12765e-08
0.000581826
0.000591644
3.74381e-08
-2.31869e-07
5.14643e-07
1.4054e-07
-4.80152e-07
3.67731e-07
7.51586e-08
0.000639913
0.00064977
1.76502e-07
0.000620616
0.000630586
3.85997e-07
3.13771e-06
1.07418e-06
6.66008e-07
6.68215e-07
1.5393e-06
1.54924e-06
2.35985e-07
1.0256e-06
3.38032e-06
3.23696e-07
2.9646e-07
2.39856e-06
1.66763e-07
3.53604e-07
0.000630753
0.000620831
3.23305e-07
0.000649965
0.000640068
3.3363e-08
0.0528931
0.0204289
0.0129198
0.0105375
-0.00258262
0.0251254
0.0128453
0.00576449
0.000224273
-0.000884821
0.00968929
0.0111082
-0.00109165
0.00593203
0.0074341
-0.00332348
-0.00308997
0.0598931
0.0603294
-0.00145698
0.00102401
4.52277e-05
0.00587582
0.00658531
0.0125589
0.0189487
0.00603756
0.000111369
-0.00377272
-0.0027783
0.0586451
0.0508758
-0.003061
-0.00136863
0.0603064
0.0598847
-0.00382351
0.0508673
0.0586383
-0.00274703
0.0125863
0.000111676
0.0060496
0.0189704
0.00102434
0.00657584
0.00587228
4.53742e-05
0.0528917
0.0105493
0.0128719
0.0205842
-0.00109156
-0.00330765
0.00740137
0.00587899
0.000221025
0.0110883
0.00962659
-0.000854104
-0.00226897
0.00612169
0.0131627
0.0254654
0.0601189
0.051986
0.00206882
0.00333328
0.0252849
-0.00946997
0.000464629
0.0421539
-0.00035386
0.00069666
0.00186924
-0.00129158
-0.00104798
0.000780586
0.00162183
0.00299356
0.00876617
0.00715272
8.15459e-05
0.0108089
0.0181964
0.000152265
0.000119748
0.010929
-0.017307
-0.0110682
0.000298528
0.0003787
0.0164629
0.0162674
0.000214692
-0.00519457
0.00631481
0.00843005
0.000306037
0.00805232
-0.00153362
-0.00280029
-0.00111857
-0.00598974
-0.0144037
0.00823705
0.0146486
-0.00415333
0.0285793
0.0173151
0.00986824
0.000180721
-7.00018e-05
-0.00547676
-0.00656898
0.00217802
0.000767702
0.000590344
0.00417687
0.00159486
-0.000270862
0.00107408
0.00196903
0.0001223
-0.00556266
0.00134285
-0.00116877
-0.000456103
0.0601197
0.00333881
0.0020736
0.0521453
-0.00105374
0.00299151
0.00162502
0.000780029
-0.000351925
-0.00128966
0.00187094
0.000686072
0.0253323
0.0421997
0.000465768
-0.0094677
-3.39969e-05
0.00217759
-0.00656245
-0.00545679
-0.00550112
-0.000442756
-0.00115557
0.00130629
-0.000271095
0.000121719
0.00196845
0.0010797
0.000763874
0.00160264
0.00417136
0.000594264
0.00631926
0.0080621
8.58011e-05
0.00841963
0.0285911
0.000180778
0.00985893
0.0173078
-0.0144019
-0.00414845
0.0146697
0.00823097
-0.00146833
-0.00577227
-0.0011241
-0.00279535
0.00875306
0.0108034
8.15448e-05
0.00715618
0.0164521
-0.00505277
0.000215989
0.0162652
-0.0173206
0.000379945
0.000300233
-0.01082
0.0182013
0.0109424
0.000119663
0.000152344
1.35608e-07
0.00130062
0.000490397
0.00178538
9.181e-10
3.41443e-07
7.8631e-07
0.000327455
-1.21729e-07
5.39846e-08
3.58046e-07
1.85227e-08
0.00132498
0.00131019
2.50209e-07
5.23009e-08
8.64984e-07
0.00178601
0.00049022
0.00130051
0.00132402
-2.94994e-07
1.13029e-07
0.0013104
-1.28171e-07
-9.25456e-10
2.55246e-07
-3.59272e-08
4.20738e-08
0.000327316
7.25752e-07
3.57416e-07
0.00199026
0.000302077
-1.37368e-06
0.00134593
0.000301696
2.27109e-08
-5.00841e-07
0.000302305
-8.55278e-06
-8.59861e-06
-1.15564e-07
1.68166e-07
0.00132194
0.00133574
-2.31954e-07
-9.00029e-06
0.00199341
0.00135061
-1.15768e-06
0.000300434
0.0013236
-8.40152e-06
1.90737e-07
0.00133719
-8.57684e-06
1.43223e-07
-9.44341e-09
-8.55142e-06
0.000300228
0.000299653
-4.25382e-07
6.82634e-09
-0.0062064
0.0471788
0.0361786
0.0727015
0.0965469
0.0111711
0.00229933
0.0912276
0.00931087
0.000196297
0.000771617
0.0100832
0.000211151
0.00435922
0.00177903
0.000165139
0.0187466
0.0243252
-0.00464586
0.0180511
0.0210692
-0.00673936
-0.00398741
0.0246754
0.00278259
0.000422389
0.00172062
0.000988233
0.104564
0.0675632
0.00307478
0.00178108
0.018727
0.0180591
-0.00466301
0.0242787
0.105032
0.00170349
0.00305082
0.0675651
0.00278901
0.00100192
0.00171283
0.000413038
0.0210512
0.0246461
-0.00400539
-0.00675123
-0.0061992
0.0727354
0.036158
0.0471511
0.000213
0.000166022
0.00178303
0.00435639
0.0093026
0.0100604
0.000769986
0.000196046
0.0969022
0.0912359
0.00226858
0.0110854
0.0635825
0.127878
0.00872646
0.0325275
0.125481
0.0107131
0.0156567
0.125447
-0.0188946
-0.018225
0.0251729
0.0232316
0.0464776
0.0538708
0.0171377
-0.000767096
0.063682
0.0326437
0.00890038
0.128079
0.0465692
-0.000774099
0.0171177
0.053922
-0.0188839
0.0232339
0.0251567
-0.0182208
0.125347
0.125507
0.015691
0.010706
0.0222024
-0.00239572
0.0140146
0.0323506
-0.00730985
0.00246238
0.000731892
-0.00578001
0.0144895
0.0127489
-0.0087607
0.00050921
0.0418347
0.0373411
0.00667296
-0.00501871
0.0220536
0.0323347
0.0142877
-0.00241244
0.0417937
-0.00506934
0.00682013
0.0373116
0.0144668
0.000509407
-0.00866567
0.0129086
-0.00728818
-0.00578102
0.000743161
0.00247604
