-0.701579
0.185
-1.925
-0.755
0.255
1.99719
-0.692799
0.715
-1.825
-0.704743
0.925
1.915
0.700453
0.185
-1.925
0.755
0.255
1.99672
0.685
0.715
-1.83204
0.703745
0.925
1.915
0.0354793
0.0678308
0.127967
0.120053
0.0354814
0.0678358
0.133609
0.12234
-0.0561467
-0.013244
0.0264851
0.0462345
-0.000149206
-0.0459769
-0.0806683
-0.0439872
0.00850407
0.0531673
0.0667487
0.00316541
-0.0432341
-0.0748685
-0.0151696
0.0382006
0.128257
0.119231
0.0224919
-0.02292
-0.0480892
0.104168
0.157916
0.220252
0.212669
0.143045
0.0889079
0.0523491
-0.064205
-0.0212061
0.0159045
0.046742
-0.00235634
-0.0510821
-0.0866621
-0.0550249
-0.0504718
-0.0825935
-0.0351168
-0.0366596
-0.0586696
0.0942761
0.150741
0.221469
0.213726
0.136904
0.0803996
0.0445268
-0.0634519
-0.0208014
0.0162251
0.0469424
-0.00221931
-0.0508144
-0.0862146
-0.0543911
-0.0502735
-0.0821724
-0.0342906
-0.0363666
-0.0581603
0.0961412
0.152995
0.224128
0.215774
0.13819
0.0813972
0.0454474
-0.0541728
-0.011423
0.0281658
0.0472311
0.00043654
-0.045243
-0.0796548
-0.0420126
0.0106674
0.0556057
0.0679106
0.00357925
-0.0425986
-0.0738909
-0.0126994
0.0415006
0.134513
0.122445
0.0234185
-0.0220366
-0.0469299
0.10793
0.162318
0.22517
0.216561
0.145644
0.0909787
0.0542517
0.043733
0.00601961
0.0420537
0.0441363
0.0201833
0.00868696
0.101009
0.1127
0.0972693
0.109212
0.0436454
0.0420569
0.044206
0.00872984
0.11839
0.110941
0.0516465
0.17528
0.0529382
0.169296
0.0773544
0.124786
0.450409
0.618488
0.0516493
0.179231
0.171281
0.127883
0.205501
0.209703
0.053233
0.206792
0.273421
0.172334
0.175306
0.0651463
0.631048
0.185612
0.186937
0.0684039
0.533421
0.200587
0.0323016
0.0055562
0.0264249
0.0273933
0.0290655
0.00511495
0.0329481
0.0652179
0.0771071
0.0160122
0.0797726
0.0853547
0.00557788
0.0348744
0.0264375
0.0141731
0.0274034
0.00508097
0.0630846
0.0318051
0.0807931
0.0800487
0.0160891
0.0864687
0.0576862
0.0435627
0.147735
0.0566544
0.0620055
0.0597306
0.139963
0.0754135
0.124403
0.192791
0.124123
0.429534
0.114716
0.181596
0.125232
0.610473
0.0576881
0.056588
0.0435649
0.149961
0.0620288
0.0759649
0.0597347
0.14108
0.130716
0.429461
0.197829
0.128173
0.11662
0.611016
0.18432
0.127817
0.19865
0.230727
0.0338677
0.181696
0.202547
0.0567933
0.181386
0.185475
0.0692289
0.166792
0.168969
0.0639443
0.171678
0.243989
0.216776
0.191627
0.4716
0.178843
0.166787
0.520679
0.202924
0.229564
0.205127
0.0567932
0.182318
0.185589
0.169577
0.0639521
0.222944
0.191337
0.168453
0.521046
0.144053
0.0643536
0.187363
0.173439
0.0654416
0.0590422
0.170583
0.159937
0.0709166
0.0739272
0.189807
0.627151
0.288689
0.568394
0.633067
0.584335
0.145733
0.0644407
0.192074
0.176908
0.173072
0.161551
0.193543
0.627708
0.193492
0.187842
0.189615
0.163417
0.196339
0.167424
0.195027
0.191599
0.0353175
0.0353156
0.0663118
0.066541
0.140049
0.261118
0.260864
0.139171
0.229413
0.137485
0.135423
0.228593
0.145866
0.1419
0.185229
0.190224
0.147837
0.19466
0.188462
0.143292
0.0601243
0.0602248
0.070131
0.0695193
0.562593
0.626129
0.626612
0.562536
0.146948
0.163905
0.146052
0.173804
0.147961
0.175856
0.147165
0.163624
0.0707084
0.0707131
0.0667385
0.0667188
0.567743
0.451589
0.451862
0.568159
0.178729
0.179314
0.148677
0.148539
0.02675
0.00502285
0.00715613
0.0223673
0.0179711
0.00427943
0.0252921
0.0317354
0.0492579
0.00892878
0.0569858
0.0647285
0.00502631
0.0265286
0.00715404
0.0110839
0.0217379
0.00433187
0.0299233
0.0249325
0.0497802
0.0570868
0.00905384
0.0666896
0.0314336
0.0395199
0.1417
0.0356165
0.0673931
0.0637765
0.117979
0.0682206
0.128882
0.177452
0.123871
0.396915
0.11721
0.168913
0.122542
0.400912
0.0314363
0.0356188
0.0395234
0.143114
0.0674279
0.0682406
0.0637754
0.118692
0.135458
0.396573
0.182311
0.128187
0.119438
0.403509
0.171785
0.124914
0.0250582
0.048796
0.135121
0.167619
0.00590233
0.00590662
0.017458
0.261837
0.0380355
0.0460916
0.200096
0.0476429
0.0359533
0.0288756
0.126005
0.153994
0.0226999
0.016995
0.0522163
0.186818
0.00576244
0.0100104
0.159746
0.047379
0.0893382
0.0882873
0.142721
0.205468
0.0995164
0.120463
0.169772
0.1682
0.092353
0.0924631
0.310666
0.179073
0.0983521
0.112189
0.154702
0.467472
0.0249697
0.0485721
0.13741
0.16685
0.0380387
0.0460946
0.201827
0.0476432
0.0360688
0.0291236
0.126332
0.154196
0.00583253
0.0100138
0.159822
0.0473903
0.103405
0.126482
0.175405
0.167372
0.099813
0.11383
0.156564
0.46885
0.0476029
0.0556877
0.135823
0.0519256
0.163242
0.188654
0.172679
0.174404
0.0535953
0.053592
0.053773
0.0559902
0.1703
0.180754
0.169974
0.164616
0.0771364
0.0771661
0.0739522
0.0722413
0.124559
0.125236
0.176376
0.416181
0.444608
0.444548
0.375266
0.514224
0.61972
0.619949
0.627572
0.602771
0.0476065
0.0556906
0.136736
0.0519275
0.165372
0.193292
0.17667
0.177984
0.171855
0.183178
0.172224
0.166436
0.128059
0.127886
0.180111
0.419588
0.198319
0.203426
0.209998
0.206738
0.202572
0.207381
0.215193
0.210891
0.0474249
0.0550131
0.0550131
0.0594655
0.191779
0.20422
0.203944
0.20247
0.2638
0.194174
0.27363
0.263358
0.1732
0.172862
0.171455
0.184794
0.174959
0.176113
0.174187
0.188416
0.0651591
0.0620942
0.067881
0.0651641
0.636006
0.61421
0.632113
0.636229
0.183983
0.177288
0.188507
0.183245
0.185113
0.178332
0.18972
0.184278
0.0688052
0.0665561
0.0665601
0.0727219
0.506652
0.528632
0.528835
0.562146
0.194442
0.147878
0.173705
0.194476
0.136612
0.140251
0.0177166
0.22134
0.191388
0.0305783
0.115862
0.14799
0.0334257
0.173342
0.153396
0.0390608
0.123464
0.148412
0.107807
0.144334
0.13342
0.106986
0.116957
0.111638
0.276558
0.138819
0.13044
0.378569
0.0177198
0.220819
0.137655
0.139501
0.193237
0.0305793
0.0377729
0.171247
0.1162
0.148196
0.154413
0.0377356
0.106364
0.138782
0.127296
0.146894
0.138176
0.105178
0.277467
0.138958
0.117887
0.11128
0.131692
0.383668
0.190735
0.0631505
0.139815
0.0437708
0.146589
0.146808
0.0557927
0.0592212
0.14109
0.0620283
0.126574
0.0600812
0.140902
0.134819
0.0723802
0.0681483
0.17797
0.234287
0.191532
0.191627
0.177034
0.409781
0.350142
0.500796
0.162388
0.497161
0.183588
0.177176
0.174432
0.420793
0.619848
0.590808
0.192391
0.0631504
0.0557672
0.0590501
0.14106
0.0437727
0.148882
0.148921
0.141742
0.0620466
0.0736107
0.0682651
0.126733
0.0600835
0.142153
0.135786
0.183368
0.233881
0.349825
0.500843
0.196736
0.196256
0.181308
0.413644
0.164747
0.499731
0.620408
0.591287
0.186559
0.179613
0.177862
0.423744
0.195652
0.200233
0.233726
0.233377
0.0345924
0.0345914
0.176884
0.176562
0.194108
0.201882
0.0498815
0.0621352
0.172644
0.161914
0.188046
0.124995
0.067587
0.0675786
0.163251
0.163407
0.174447
0.166639
0.0692862
0.06532
0.162138
0.16156
0.189631
0.189426
0.191701
0.207107
0.167441
0.189402
0.465471
0.46564
0.16749
0.167417
0.163884
0.169636
0.54741
0.490213
0.199123
0.204935
0.23209
0.23099
0.196729
0.204421
0.0498815
0.062135
0.16314
0.173381
0.188262
0.125197
0.175332
0.166768
0.0692944
0.0653266
0.213126
0.196947
0.183602
0.166936
0.171581
0.165221
0.490523
0.547796
0.144936
0.143062
0.0625998
0.0663538
0.185464
0.183059
0.172693
0.18669
0.0663323
0.0663319
0.0595076
0.0595132
0.170759
0.182883
0.150479
0.170976
0.0711613
0.0711285
0.0730031
0.0730056
0.187389
0.189129
0.60833
0.626654
0.280437
0.280281
0.573681
0.573698
0.635195
0.635407
0.577707
0.577938
0.146761
0.144593
0.0626835
0.0665041
0.187853
0.190521
0.174575
0.190747
0.185833
0.1727
0.152909
0.17288
0.19325
0.190896
0.62713
0.608539
0.142274
0.191575
0.195608
0.135654
0.148497
0.159641
0.203584
0.199883
0.179805
0.172234
0.213053
0.185688
0.095333
0.131464
0.203156
0.160363
0.142819
0.13736
0.199046
0.193363
0.0974566
0.165514
0.208371
0.134243
0.184829
0.190439
0.218164
0.178161
0.149952
0.201756
0.208248
0.16276
0.010841
0.0176699
0.0486531
0.0426413
0.0108416
0.0426422
0.0486531
0.0176739
0.0271228
0.0545455
0.0608003
0.0518769
0.0270918
0.0518766
0.0608004
0.0545468
0.0731372
0.137553
0.185224
0.13192
0.339036
0.368912
0.220161
0.164638
0.337785
0.192382
0.19973
0.368782
0.0740076
0.131158
0.18503
0.136514
0.147317
0.14634
0.188635
0.251441
0.125163
0.187719
0.265306
0.173365
0.122665
0.17249
0.26541
0.185571
0.147019
0.251343
0.187928
0.145749
0.140759
0.138192
0.174374
0.172693
0.11733
0.17054
0.173703
0.133504
0.171769
0.175487
0.183887
0.181932
0.177254
0.187633
0.185687
0.176455
0.142095
0.174373
0.176439
0.139213
0.181798
0.180536
0.189456
0.191817
0.174914
0.184616
0.187098
0.179172
0.118171
0.134326
0.175838
0.172288
0.0396934
0.0565514
0.0624838
0.0478482
0.0396958
0.0478506
0.0624891
0.0565526
0.0641616
0.0741637
0.0681627
0.0560052
0.0641601
0.0560032
0.0681438
0.0741324
0.414141
0.413006
0.61768
0.511815
0.407527
0.629054
0.635525
0.413891
0.41035
0.417122
0.635747
0.629293
0.417182
0.51183
0.617745
0.416723
0.120189
0.168656
0.180716
0.165729
0.110034
0.124492
0.175304
0.156733
0.101097
0.144345
0.188843
0.124915
0.167525
0.175655
0.170986
0.15902
0.123511
0.167107
0.181224
0.169007
0.170203
0.161031
0.172683
0.177824
0.100711
0.125384
0.190193
0.145822
0.110924
0.157123
0.176188
0.124988
0.0617359
0.0718535
0.0713365
0.0541485
0.0617022
0.0541616
0.0713385
0.0718697
0.0208807
0.0511921
0.0670607
0.0509967
0.0167384
0.0509918
0.0670574
0.0523538
0.406106
0.490205
0.556438
0.600063
0.225133
0.302489
0.50093
0.445592
0.227273
0.446806
0.501046
0.302908
0.408189
0.600299
0.556658
0.492862
0.139925
0.183297
0.141218
0.157419
0.138959
0.157529
0.141253
0.178774
0.100353
0.161285
0.149567
0.125191
0.100153
0.124841
0.14953
0.161262
0.00680865
0.00499936
0.00492366
0.0295476
0.0125332
0.00533418
0.0145273
0.0214416
0.0258321
0.00539854
0.0351573
0.0431959
0.00500191
0.00660306
0.00492143
0.00910818
0.0292642
0.00497158
0.01988
0.0138252
0.0253996
0.0354523
0.00527516
0.0433078
0.0334532
0.0375002
0.131555
0.0355568
0.0698342
0.0657975
0.122907
0.0680186
0.126236
0.156299
0.123258
0.274974
0.118662
0.153048
0.121341
0.261643
0.033457
0.0355591
0.0375034
0.13257
0.0698386
0.0680212
0.0657995
0.123315
0.134364
0.279025
0.159303
0.128138
0.120917
0.26466
0.15508
0.123765
0.0421953
0.0463745
0.105229
0.114756
0.00597666
0.00598071
0.0146869
0.239438
0.0400569
0.044074
0.197213
0.0484693
0.0399298
0.0407588
0.0960841
0.122027
0.0216307
0.018246
0.024147
0.178615
0.00649341
0.00904856
0.148572
0.0183198
0.0957659
0.095137
0.12442
0.17745
0.107393
0.116221
0.152786
0.162148
0.0948932
0.0950125
0.215477
0.150303
0.10342
0.110888
0.142699
0.292082
0.0421258
0.046241
0.107193
0.113988
0.0400604
0.044076
0.198557
0.0484696
0.0400106
0.0409737
0.0963057
0.122003
0.00648475
0.0090673
0.148936
0.0183704
0.11285
0.121844
0.156433
0.163046
0.104921
0.112425
0.144401
0.293973
0.0496262
0.0536665
0.127239
0.0517848
0.168714
0.183131
0.173917
0.174829
0.0532667
0.0532651
0.0551104
0.0544642
0.162852
0.176217
0.169621
0.166856
0.0770621
0.077077
0.07547
0.0763756
0.12445
0.124957
0.158739
0.270359
0.447974
0.448002
0.41266
0.48529
0.619527
0.61966
0.623023
0.611068
0.049628
0.0536709
0.127947
0.0517877
0.17225
0.187363
0.177888
0.17866
0.164639
0.178413
0.171753
0.168782
0.12769
0.12767
0.161285
0.274402
0.197663
0.205089
0.20855
0.206207
0.203387
0.208892
0.213261
0.21038
0.0503233
0.054123
0.054123
0.0563484
0.198959
0.205951
0.205781
0.180351
0.270506
0.272268
0.277211
0.270225
0.165788
0.172605
0.171871
0.179734
0.168439
0.175715
0.174723
0.182915
0.0650022
0.0636202
0.0663632
0.0650047
0.6342
0.625108
0.631713
0.634302
0.184892
0.180826
0.189934
0.187616
0.18612
0.182011
0.191421
0.18919
0.0686006
0.06748
0.067482
0.0687251
0.521564
0.531104
0.531233
0.547774
0.196307
0.20873
0.147016
0.196345
0.0259986
0.0320116
0.0988472
0.101716
0.00504177
0.00576982
0.0144627
0.195725
0.00928673
0.0360252
0.188899
0.0312603
0.0245649
0.0391419
0.0827964
0.11257
0.0233153
0.0250346
0.0292199
0.158445
0.00422486
0.00511579
0.146334
0.014305
0.0275249
0.0505938
0.103936
0.0977385
0.0445472
0.0779532
0.0885934
0.132772
0.0655634
0.0886493
0.112714
0.107842
0.0125149
0.0198168
0.0807159
0.0767938
0.0702581
0.0864902
0.184834
0.127436
0.0769161
0.0921728
0.119944
0.288098
0.00504613
0.0057778
0.014471
0.195712
0.0261639
0.0349297
0.0993915
0.0940266
0.00928925
0.0360278
0.190344
0.0312621
0.0129634
0.0156356
0.0184125
0.159919
0.02451
0.0392137
0.0832056
0.112826
0.00404981
0.00512687
0.149132
0.0143766
0.0421039
0.0765252
0.086924
0.129297
0.0270624
0.0507282
0.107538
0.096553
0.0664642
0.0926449
0.117055
0.106327
0.0703579
0.0868113
0.185669
0.127421
0.0124735
0.0199417
0.0808493
0.0767655
0.0778515
0.0933684
0.121056
0.289879
0.0597983
0.0556597
0.188782
0.0649004
0.0415417
0.0455829
0.129419
0.0436703
0.140819
0.155483
0.147307
0.147333
0.0356948
0.0539251
0.0565981
0.058463
0.0645214
0.00890714
0.128646
0.0627501
0.0617505
0.0577115
0.125072
0.0599001
0.132171
0.148174
0.140432
0.13758
0.0684427
0.0771957
0.073932
0.0737648
0.125277
0.123526
0.162804
0.220209
0.189774
0.193937
0.192139
0.192203
0.123507
0.124058
0.157863
0.264201
0.415
0.43966
0.390232
0.466249
0.115952
0.113479
0.152314
0.309322
0.178638
0.183784
0.182602
0.179297
0.123793
0.125468
0.159166
0.280401
0.530007
0.618573
0.615161
0.601265
0.0598008
0.0556796
0.190031
0.0649001
0.0356972
0.05392
0.0565721
0.058263
0.0415444
0.0455866
0.130271
0.043673
0.142648
0.158751
0.149584
0.149441
0.0645533
0.00891346
0.129067
0.0627692
0.068445
0.0772407
0.0748968
0.0740377
0.0617561
0.0577127
0.125629
0.0599029
0.13305
0.149479
0.141616
0.138616
0.131427
0.129922
0.166009
0.219414
0.414798
0.439406
0.389964
0.4662
0.194279
0.198892
0.197257
0.197102
0.128106
0.127952
0.160706
0.268788
0.11799
0.11529
0.15407
0.312116
0.540651
0.618874
0.615705
0.601755
0.181325
0.186409
0.185451
0.18187
0.126243
0.127921
0.161609
0.282916
0.161653
0.198739
0.197407
0.199405
0.212622
0.250698
0.229903
0.232171
0.02019
0.0445272
0.0342298
0.0342294
0.0588516
0.167074
0.179635
0.179548
0.200893
0.203012
0.194018
0.202241
0.0468054
0.0559032
0.0533317
0.0594634
0.152125
0.182905
0.176063
0.173764
0.169805
0.189215
0.191543
0.121663
0.0694751
0.0690169
0.0684079
0.0684038
0.172306
0.16068
0.164894
0.164934
0.165415
0.173745
0.171788
0.167847
0.0323456
0.0656282
0.0643156
0.0646276
0.158542
0.184352
0.166978
0.166695
0.170674
0.144599
0.226613
0.225994
0.194244
0.213502
0.214226
0.215116
0.181544
0.19771
0.179827
0.202037
0.400489
0.491522
0.468984
0.469073
0.182719
0.181567
0.173098
0.173068
0.16425
0.171774
0.167635
0.170106
0.507602
0.524711
0.533954
0.506862
0.16364
0.203013
0.201517
0.204145
0.211614
0.249929
0.231182
0.229022
0.203056
0.205991
0.196618
0.204801
0.0468057
0.0559032
0.0533317
0.0594633
0.15309
0.183938
0.174811
0.176892
0.169921
0.18934
0.191826
0.121951
0.166038
0.174649
0.172611
0.168207
0.0331674
0.0656349
0.064324
0.0646348
0.198249
0.219181
0.220688
0.218607
0.180801
0.197429
0.201755
0.179443
0.16599
0.173442
0.171909
0.169089
0.508137
0.525013
0.507193
0.534365
0.13662
0.152764
0.144469
0.143528
0.0520671
0.0653059
0.063303
0.0653515
0.171121
0.206859
0.187408
0.188364
0.173982
0.173033
0.167108
0.181282
0.0667753
0.0641061
0.065887
0.0658868
0.0575162
0.0605682
0.0592749
0.0592777
0.170317
0.167369
0.164131
0.177961
0.16232
0.16997
0.152765
0.166576
0.0724344
0.0693988
0.0710389
0.0710226
0.0716868
0.0733434
0.0734651
0.0734664
0.188197
0.189386
0.184348
0.189227
0.55145
0.635447
0.620234
0.627098
0.333147
0.244166
0.284291
0.284307
0.541792
0.594679
0.57255
0.572515
0.632122
0.632694
0.634774
0.634891
0.594291
0.573375
0.581161
0.581301
0.137966
0.155071
0.146221
0.145132
0.052069
0.0653136
0.0633906
0.0654769
0.174989
0.210997
0.193162
0.191217
0.177446
0.176494
0.170196
0.184989
0.172686
0.171035
0.180644
0.166343
0.164037
0.171297
0.154218
0.168298
0.190949
0.193018
0.193145
0.186672
0.555942
0.635748
0.627597
0.620578
0.169915
0.192152
0.194688
0.193994
0.19003
0.176191
0.201366
0.186163
0.18706
0.19186
0.187563
0.187565
0.14239
0.150674
0.183835
0.201825
0.169284
0.194413
0.197761
0.196701
0.144125
0.154467
0.184754
0.204339
0.193109
0.197229
0.192947
0.192847
0.192763
0.178635
0.203874
0.190474
0.0209381
0.0298882
0.0349549
0.046432
0.0209406
0.0298884
0.0349535
0.0464319
0.0613912
0.067181
0.065774
0.0667746
0.0613912
0.0673259
0.0658832
0.0667748
0.125012
0.123738
0.150985
0.155404
0.249387
0.305561
0.218388
0.27199
0.249142
0.30529
0.219319
0.271921
0.123831
0.122421
0.150239
0.154785
0.184149
0.227397
0.232188
0.157481
0.175943
0.180156
0.19432
0.147736
0.179338
0.162694
0.147424
0.194647
0.226701
0.183908
0.157288
0.232214
0.138701
0.146337
0.145399
0.153463
0.134253
0.141375
0.1426
0.150138
0.184465
0.183068
0.186931
0.184246
0.191023
0.188127
0.191393
0.189728
0.140289
0.148379
0.147297
0.155814
0.195502
0.192381
0.195633
0.193999
0.18757
0.186401
0.189947
0.188526
0.135367
0.142693
0.144057
0.152059
0.0438809
0.0603203
0.0614678
0.0597371
0.0602741
0.0438833
0.0597457
0.0615537
0.0720342
0.060256
0.071271
0.0685653
0.0602544
0.0711284
0.0682463
0.0712216
0.542933
0.5322
0.588752
0.569658
0.548322
0.624533
0.62658
0.634317
0.625109
0.551323
0.634587
0.627065
0.532188
0.54323
0.569677
0.58872
0.144462
0.133494
0.16194
0.151649
0.153238
0.160153
0.168824
0.165371
0.133057
0.139024
0.154232
0.15667
0.177634
0.176208
0.171927
0.175062
0.145295
0.134394
0.162359
0.152844
0.17869
0.178447
0.173974
0.177106
0.134008
0.140234
0.155215
0.157879
0.153661
0.160568
0.169456
0.165267
0.0612241
0.067718
0.0700248
0.0725306
0.0612435
0.0677363
0.0700301
0.0725357
0.0677712
0.0291383
0.0667685
0.0660286
0.0688492
0.0287539
0.0667552
0.0660223
0.557142
0.580121
0.557814
0.572879
0.363492
0.436961
0.458658
0.473413
0.364557
0.437337
0.458871
0.473702
0.557693
0.580513
0.558207
0.57321
0.166253
0.176107
0.186462
0.162168
0.175174
0.166478
0.162372
0.184272
0.143902
0.130291
0.159117
0.156593
0.130118
0.143749
0.15641
0.159013
0.0991569
0.0963484
0.00826079
0.122886
0.122354
0.0100988
0.0803122
0.106781
0.0192079
0.127842
0.10836
0.0115901
0.0712719
0.0882385
0.05591
0.0963164
0.0794821
0.0716045
0.0723405
0.0668734
0.144327
0.094716
0.0967185
0.178689
0.00825999
0.122681
0.0993825
0.0960362
0.122559
0.0100975
0.0130593
0.128801
0.0803354
0.106384
0.110647
0.0109725
0.0550331
0.0934969
0.0742006
0.0857325
0.0838777
0.0696244
0.14593
0.0948018
0.07245
0.0668316
0.0972323
0.181459
0.120566
0.0292672
0.13049
0.0396137
0.145034
0.141205
0.0313657
0.0376701
0.12596
0.066752
0.123989
0.0639597
0.117633
0.118913
0.0661837
0.0687894
0.15639
0.257371
0.178539
0.177374
0.157168
0.260961
0.37018
0.414123
0.150084
0.262705
0.170342
0.168131
0.156189
0.266379
0.404243
0.403566
0.121604
0.0292845
0.0313823
0.0376725
0.131426
0.0396159
0.146484
0.14258
0.12631
0.0667619
0.0661858
0.0687714
0.124474
0.0639611
0.118417
0.119583
0.159597
0.262659
0.370783
0.418492
0.183502
0.182055
0.16009
0.26574
0.152004
0.265132
0.406933
0.40593
0.173351
0.170879
0.158383
0.26971
0.102194
0.0973646
0.106497
0.119995
0.135795
0.133399
0.165853
0.17051
0.0147024
0.227566
0.0147049
0.227517
0.0175781
0.0175796
0.258045
0.257982
0.189186
0.0439389
0.196691
0.0526137
0.191531
0.199987
0.0451472
0.0497607
0.0908407
0.121932
0.100404
0.0914763
0.124273
0.126845
0.161303
0.139413
0.0254945
0.172213
0.0213156
0.172859
0.0516983
0.0520814
0.185178
0.182795
0.150293
0.0148549
0.151698
0.0228901
0.164664
0.158174
0.0246016
0.0480437
0.114061
0.162552
0.113192
0.160707
0.13779
0.137414
0.197835
0.196628
0.140467
0.138804
0.157324
0.180259
0.171928
0.166502
0.153106
0.181177
0.209399
0.143998
0.20972
0.14421
0.30683
0.30724
0.167015
0.167202
0.132221
0.310132
0.147747
0.299705
0.15005
0.157905
0.478541
0.459047
0.103572
0.0967571
0.108956
0.119218
0.137852
0.135912
0.169665
0.165098
0.19058
0.0439394
0.197985
0.0526141
0.193289
0.201684
0.0451478
0.049761
0.0908419
0.122235
0.100749
0.0917048
0.127089
0.12456
0.161414
0.139613
0.15057
0.0149324
0.152241
0.0228733
0.16402
0.158465
0.0246168
0.0480519
0.145237
0.137755
0.160615
0.179048
0.171807
0.177746
0.180092
0.15186
0.133629
0.311719
0.149664
0.302173
0.159795
0.151614
0.460306
0.480099
0.128328
0.0477281
0.126156
0.0558431
0.137053
0.134639
0.049889
0.0539625
0.160632
0.172078
0.187148
0.188107
0.166156
0.180512
0.167853
0.182274
0.0558258
0.0550733
0.0558236
0.0550723
0.0541592
0.0541599
0.0562708
0.0562714
0.1704
0.167975
0.181189
0.178059
0.163511
0.177112
0.157773
0.171302
0.0756344
0.0762559
0.0756649
0.076279
0.074058
0.0740423
0.0720474
0.0720555
0.158308
0.267325
0.15909
0.270217
0.176124
0.176196
0.414725
0.415027
0.406629
0.479634
0.406546
0.479556
0.37218
0.372008
0.514393
0.514447
0.624379
0.610275
0.624613
0.610514
0.628746
0.628884
0.601634
0.601771
0.129113
0.0477299
0.126786
0.0558449
0.138015
0.135503
0.049891
0.053964
0.163754
0.173799
0.191846
0.192607
0.184868
0.169721
0.171014
0.186012
0.172054
0.169442
0.183748
0.180355
0.179552
0.165512
0.159361
0.173257
0.160995
0.271711
0.161444
0.274148
0.180055
0.179729
0.418305
0.418162
0.197579
0.200238
0.19522
0.203637
0.211562
0.206638
0.205855
0.209501
0.201432
0.204977
0.198813
0.208078
0.213756
0.216703
0.213978
0.209598
0.0480389
0.0480389
0.0518275
0.0579059
0.0518274
0.0579058
0.0601329
0.060133
0.188198
0.187995
0.194501
0.177205
0.178924
0.194493
0.218203
0.20055
0.262278
0.266978
0.191026
0.190829
0.271504
0.271203
0.266599
0.261932
0.174095
0.173185
0.166448
0.180517
0.165104
0.178935
0.184301
0.185128
0.175729
0.175065
0.169316
0.183969
0.181871
0.167546
0.188751
0.187646
0.0639719
0.0666514
0.062289
0.0622917
0.0680218
0.0680124
0.063977
0.0666634
0.629674
0.635762
0.617043
0.617059
0.635143
0.63527
0.635978
0.629814
0.178858
0.187486
0.179784
0.17636
0.19179
0.178126
0.181437
0.179039
0.188752
0.179842
0.180908
0.177325
0.179719
0.193177
0.182165
0.180234
0.0679328
0.0679312
0.0671083
0.066803
0.0671119
0.0668066
0.0720292
0.0720302
0.504238
0.50434
0.54257
0.515788
0.51597
0.542778
0.559435
0.559568
0.202561
0.137622
0.144237
0.144273
0.161932
0.161881
0.202626
0.137759
0.140125
0.135117
0.134027
0.142264
0.0106935
0.0177203
0.189647
0.238722
0.166919
0.191576
0.0137015
0.0401287
0.1105
0.127244
0.143912
0.161046
0.0268723
0.033603
0.159037
0.180144
0.143991
0.15544
0.0366065
0.0516763
0.115188
0.129022
0.141085
0.155032
0.09031
0.120038
0.110556
0.173061
0.117914
0.14969
0.0907357
0.123132
0.107124
0.121044
0.105094
0.117352
0.257426
0.291325
0.120807
0.151232
0.119198
0.137507
0.30399
0.430095
0.0106942
0.0177242
0.189448
0.238513
0.140929
0.136474
0.133201
0.141398
0.168618
0.193395
0.0137024
0.0401297
0.0223828
0.0376897
0.157494
0.178492
0.111016
0.12743
0.143479
0.161153
0.144266
0.155784
0.0362598
0.0516778
0.0886475
0.119007
0.107699
0.169802
0.119548
0.132358
0.1387
0.154587
0.122813
0.154396
0.0887555
0.121678
0.259068
0.292182
0.120999
0.151334
0.103278
0.121242
0.105429
0.116901
0.120255
0.138888
0.306167
0.430689
0.178333
0.199954
0.0601791
0.0610277
0.140287
0.139344
0.041743
0.0458161
0.144492
0.153096
0.139743
0.154946
0.0320888
0.0549386
0.0397881
0.0568749
0.120601
0.160953
0.0623041
0.055966
0.120766
0.132283
0.0621098
0.0580354
0.133204
0.149004
0.129095
0.142707
0.0643481
0.0742034
0.0626171
0.0716412
0.180663
0.175069
0.287629
0.192863
0.191361
0.19084
0.189087
0.192651
0.177168
0.176833
0.40829
0.411475
0.345581
0.360692
0.486645
0.50791
0.165202
0.160542
0.445735
0.49688
0.18069
0.185342
0.175651
0.179476
0.173131
0.174547
0.419614
0.41269
0.536071
0.62806
0.575492
0.596971
0.180005
0.201622
0.0601933
0.0610276
0.0321013
0.0549353
0.0397901
0.0568669
0.141585
0.140478
0.0417452
0.0458181
0.146349
0.155815
0.141447
0.157571
0.121399
0.161068
0.0623145
0.0559842
0.0643501
0.0742846
0.0626149
0.071667
0.120925
0.133036
0.0621116
0.0580378
0.134207
0.150492
0.13016
0.143891
0.185851
0.180621
0.286653
0.196867
0.344891
0.360631
0.486616
0.507812
0.196553
0.196021
0.193622
0.196853
0.181571
0.181039
0.412086
0.415314
0.167726
0.162761
0.447971
0.499301
0.538742
0.628381
0.576414
0.597286
0.183783
0.188109
0.178142
0.181765
0.176427
0.178098
0.422504
0.415891
0.19583
0.172177
0.154579
0.201798
0.19073
0.109943
0.25161
0.217846
0.0206194
0.0454795
0.0454794
0.0206205
0.166028
0.109909
0.109368
0.16567
0.192365
0.194881
0.202843
0.200479
0.0492673
0.0418832
0.050569
0.0614678
0.161588
0.174123
0.179237
0.14591
0.135787
0.175294
0.142359
0.134631
0.0680214
0.0673225
0.0673196
0.0685565
0.169005
0.158027
0.158111
0.168262
0.17153
0.17879
0.17159
0.162959
0.0706382
0.0501904
0.0300883
0.0661824
0.175811
0.148089
0.147417
0.175581
0.19133
0.193314
0.194799
0.191792
0.181283
0.215599
0.205343
0.189364
0.152898
0.17568
0.209711
0.18775
0.390557
0.485577
0.485709
0.391145
0.164745
0.171044
0.170971
0.164765
0.155337
0.173243
0.173176
0.168305
0.537271
0.552084
0.495272
0.476206
0.172988
0.199292
0.206997
0.157687
0.217099
0.250586
0.108441
0.190549
0.197908
0.194578
0.202589
0.205768
0.0418837
0.0492673
0.0614677
0.0505693
0.146801
0.180452
0.174929
0.162465
0.175463
0.135894
0.135871
0.142678
0.179836
0.1723
0.163474
0.172352
0.0501333
0.0706414
0.0661882
0.0302406
0.192807
0.211012
0.22134
0.187477
0.17303
0.19562
0.17519
0.151801
0.170185
0.174923
0.174706
0.156688
0.47668
0.495544
0.552397
0.537798
0.137666
0.152981
0.150925
0.135585
0.0626922
0.047974
0.0561605
0.0682334
0.177089
0.203199
0.202373
0.185242
0.173072
0.173262
0.187253
0.18604
0.0676068
0.0652194
0.065219
0.0676073
0.0580295
0.0609957
0.0610012
0.0580329
0.170647
0.160868
0.1798
0.182301
0.166298
0.163468
0.173307
0.169186
0.0726625
0.069662
0.0696361
0.0726305
0.0710309
0.0721884
0.0721907
0.0710403
0.184965
0.188055
0.190104
0.187352
0.555891
0.616135
0.634934
0.549301
0.325185
0.237598
0.236841
0.324999
0.598764
0.542774
0.542774
0.598785
0.633696
0.635424
0.63564
0.633942
0.567175
0.58973
0.589965
0.567394
0.155706
0.139136
0.13681
0.152765
0.0479759
0.0626993
0.0682509
0.056163
0.190008
0.20791
0.207985
0.183663
0.174838
0.175189
0.189955
0.191157
0.185125
0.184218
0.165954
0.172493
0.164688
0.167573
0.17101
0.175351
0.191309
0.194014
0.191442
0.188605
0.552665
0.635218
0.616174
0.559121
0.0775186
0.146549
0.171184
0.098317
0.18882
0.192287
0.192381
0.189036
0.197072
0.197863
0.194973
0.19464
0.104597
0.100375
0.17054
0.166951
0.123721
0.142949
0.177041
0.171186
0.167292
0.16436
0.177668
0.153962
0.205549
0.202964
0.202512
0.205797
0.196914
0.197181
0.200209
0.200691
0.156327
0.163249
0.187999
0.190984
0.155013
0.183557
0.184301
0.160311
0.208978
0.209194
0.187554
0.215536
0.181729
0.192341
0.190182
0.179765
0.0580751
0.0831003
0.133255
0.0969794
0.105831
0.157163
0.149269
0.105667
0.20031
0.211226
0.203161
0.200078
0.147426
0.128893
0.170493
0.196441
0.0774479
0.0987937
0.173438
0.148612
0.106206
0.167589
0.170373
0.101429
0.2009
0.197644
0.198026
0.201739
0.19019
0.190454
0.194618
0.194475
0.0607602
0.10175
0.137072
0.085637
0.150784
0.200174
0.173671
0.133187
0.210263
0.204825
0.208818
0.216806
0.108097
0.108766
0.148424
0.160488
0.159546
0.195678
0.196666
0.165103
0.185998
0.184195
0.195401
0.197431
0.213469
0.221193
0.192788
0.215153
0.158855
0.162837
0.190383
0.189096
0.124702
0.172408
0.179076
0.144795
0.198233
0.202827
0.202294
0.198449
0.209317
0.209524
0.205417
0.205915
0.170841
0.156663
0.180513
0.16786
0.00751536
0.00823246
0.0132703
0.0136858
0.014712
0.0204139
0.0207966
0.0146204
0.0510753
0.0525796
0.0459557
0.0450032
0.0462115
0.0411145
0.0394106
0.0443497
0.00751283
0.0136862
0.0132711
0.00823331
0.0462119
0.0443538
0.0394111
0.0411156
0.0510753
0.0450032
0.0459557
0.0525796
0.0147141
0.014623
0.020798
0.0204143
0.0324238
0.0352305
0.0609351
0.062267
0.055467
0.067191
0.0680181
0.0561823
0.0571271
0.0586845
0.0657742
0.0646628
0.0505457
0.0622657
0.0595035
0.0486884
0.0324145
0.0622525
0.0609289
0.035226
0.0505395
0.0486881
0.0595034
0.0622658
0.0571271
0.0646625
0.065774
0.0586846
0.0554681
0.0561865
0.0680202
0.0671913
0.0504933
0.0905031
0.107804
0.0700808
0.151006
0.166668
0.139713
0.124808
0.196827
0.180152
0.16585
0.186965
0.119434
0.101791
0.136511
0.153489
0.26141
0.381232
0.296881
0.268079
0.410026
0.329148
0.316507
0.400175
0.178423
0.173693
0.22893
0.241634
0.168146
0.178812
0.206999
0.193418
0.266636
0.26765
0.296443
0.380818
0.169877
0.193068
0.211777
0.178734
0.17857
0.240667
0.228972
0.175113
0.409876
0.4001
0.316424
0.329177
0.0500342
0.0680136
0.106389
0.0887034
0.118812
0.15317
0.135755
0.100625
0.196701
0.186617
0.165274
0.179922
0.150447
0.12338
0.138452
0.16573
0.0718665
0.0836596
0.178109
0.164956
0.113057
0.210327
0.186052
0.111454
0.269044
0.165947
0.0724987
0.249857
0.235288
0.214656
0.2063
0.0821983
0.0755982
0.109074
0.163504
0.0983676
0.170923
0.182174
0.193739
0.149039
0.273969
0.252409
0.210371
0.157526
0.117693
0.118935
0.196469
0.215834
0.0727433
0.0968393
0.161491
0.105115
0.116875
0.214856
0.194285
0.116011
0.273653
0.156895
0.209079
0.251624
0.169953
0.146578
0.193886
0.181667
0.0719089
0.164694
0.178018
0.0832573
0.235255
0.0820135
0.206083
0.214557
0.268589
0.249159
0.0714679
0.16583
0.112475
0.097398
0.186013
0.209301
0.131022
0.129955
0.139218
0.140306
0.127785
0.137144
0.138183
0.128873
0.166118
0.166778
0.153042
0.153152
0.168289
0.155531
0.153966
0.167378
0.123448
0.132681
0.133727
0.124531
0.163201
0.163821
0.14957
0.148589
0.165458
0.151835
0.150416
0.160544
0.126697
0.125614
0.135067
0.136103
0.15456
0.157749
0.181842
0.179679
0.158957
0.183371
0.183707
0.159476
0.179336
0.174955
0.1842
0.188729
0.176687
0.184554
0.186152
0.177537
0.156672
0.189496
0.188869
0.1576
0.182739
0.18189
0.192147
0.193344
0.180094
0.189781
0.19076
0.180913
0.158475
0.158061
0.187708
0.186655
0.132
0.142068
0.140865
0.130851
0.171713
0.170667
0.156321
0.158512
0.168877
0.155663
0.155309
0.169756
0.128533
0.129692
0.139713
0.138553
0.159641
0.160533
0.193143
0.193867
0.161128
0.190723
0.192072
0.160838
0.183403
0.184493
0.194767
0.193642
0.186845
0.197978
0.196241
0.185501
0.156661
0.182662
0.185027
0.160019
0.179006
0.180098
0.189037
0.187216
0.182394
0.192212
0.18888
0.178935
0.161415
0.161836
0.187191
0.18235
0.123894
0.125052
0.134786
0.133629
0.127367
0.137388
0.136232
0.126207
0.168001
0.164071
0.152122
0.153928
0.165096
0.149986
0.151288
0.165927
0.0375851
0.0377414
0.0418346
0.0416421
0.0547687
0.0577728
0.058306
0.0553999
0.0637961
0.0641503
0.0612147
0.060782
0.0497565
0.0456992
0.0459273
0.0500207
0.0375877
0.0416447
0.0418368
0.0377436
0.0497588
0.0500223
0.0459296
0.0457017
0.0637987
0.0607847
0.0612225
0.0641577
0.0547682
0.0553935
0.0583064
0.0577745
0.0659909
0.0663972
0.0623028
0.0619317
0.0755675
0.0725485
0.0727778
0.0757618
0.0665133
0.0667822
0.0697612
0.0695304
0.0538166
0.0578737
0.0582095
0.0541158
0.0659893
0.0619292
0.0623013
0.0663949
0.0538141
0.0541141
0.0582074
0.0578717
0.0665073
0.0695175
0.0697275
0.0667692
0.0755522
0.0756988
0.0727125
0.0725324
0.259613
0.262642
0.517661
0.451502
0.268871
0.55503
0.555264
0.265763
0.628062
0.598179
0.596044
0.628776
0.482668
0.475145
0.538597
0.544438
0.264011
0.533037
0.547059
0.26897
0.624136
0.633356
0.632743
0.623316
0.634999
0.635233
0.634654
0.635106
0.270299
0.280452
0.541683
0.550997
0.267206
0.275106
0.550008
0.535606
0.274328
0.554381
0.546352
0.283923
0.635098
0.63523
0.634927
0.635523
0.624272
0.623627
0.633071
0.633496
0.274015
0.451248
0.517404
0.267238
0.4827
0.544404
0.538489
0.474891
0.628122
0.628946
0.595949
0.598153
0.273053
0.270246
0.558035
0.557822
0.12706
0.118725
0.127073
0.130815
0.1473
0.168828
0.161116
0.146454
0.183173
0.169284
0.163889
0.176389
0.160147
0.145714
0.14293
0.155378
0.0945038
0.080492
0.149505
0.139058
0.0937952
0.159144
0.158049
0.0951643
0.179968
0.172724
0.170344
0.177615
0.149437
0.150056
0.161641
0.164214
0.0678903
0.110628
0.126918
0.0768053
0.13832
0.160567
0.148153
0.126348
0.188811
0.185986
0.165781
0.174409
0.0983389
0.0894819
0.139376
0.149351
0.151525
0.177138
0.18064
0.152622
0.173678
0.168952
0.177251
0.181708
0.191831
0.171837
0.173272
0.166389
0.146229
0.149757
0.176369
0.167734
0.127445
0.131739
0.127923
0.119152
0.161832
0.156868
0.144374
0.147056
0.184447
0.177363
0.164406
0.170728
0.147646
0.146817
0.161479
0.169501
0.153524
0.154448
0.183237
0.179739
0.147854
0.169503
0.178633
0.151619
0.193425
0.167919
0.175203
0.173478
0.175747
0.184046
0.179451
0.170792
0.068092
0.0768405
0.127987
0.111768
0.098663
0.149562
0.140286
0.0899585
0.190189
0.17596
0.167001
0.187141
0.139964
0.127741
0.149254
0.162089
0.0942069
0.139234
0.149884
0.0806308
0.149749
0.164783
0.162104
0.150285
0.181042
0.178529
0.171036
0.173557
0.0940455
0.0952149
0.158628
0.16011
0.0693123
0.0701089
0.0623569
0.0635892
0.0763157
0.0713589
0.0706874
0.0761779
0.0679167
0.0662944
0.0716029
0.072766
0.020025
0.0270555
0.0532665
0.0341629
0.0693046
0.063601
0.062371
0.0701232
0.0200355
0.0344389
0.0532503
0.0270514
0.0679185
0.0727671
0.0716072
0.0662999
0.0763273
0.0762132
0.0707038
0.0713636
0.0104884
0.015061
0.0284734
0.0129868
0.0227389
0.0687465
0.0672997
0.0198812
0.0677036
0.0659077
0.0664763
0.0681697
0.0160955
0.0147548
0.0296885
0.0324243
0.0138652
0.0132879
0.0291283
0.0239258
0.0160823
0.0321185
0.0292866
0.0147331
0.0677018
0.0681683
0.066471
0.0659014
0.0249638
0.0271312
0.068101
0.0690158
0.26213
0.287298
0.570617
0.576599
0.295761
0.522415
0.547257
0.309898
0.545252
0.570347
0.562539
0.538395
0.611003
0.608111
0.585695
0.592162
0.110184
0.170871
0.338751
0.246033
0.212726
0.406348
0.37822
0.200128
0.518766
0.511412
0.47976
0.488688
0.313164
0.301742
0.458981
0.493771
0.112555
0.249936
0.340625
0.171941
0.314893
0.494252
0.459442
0.302995
0.518882
0.488772
0.479943
0.511673
0.212982
0.201016
0.379191
0.406833
0.264756
0.577823
0.571226
0.290028
0.611142
0.592296
0.586007
0.608429
0.545383
0.538706
0.562855
0.57048
0.297898
0.310101
0.547813
0.522967
0.0970144
0.145735
0.162648
0.109737
0.175824
0.170554
0.168173
0.165299
0.205272
0.197095
0.156452
0.159145
0.126297
0.126035
0.179102
0.178687
0.0977395
0.109626
0.161974
0.146843
0.126616
0.178857
0.179291
0.126256
0.205307
0.159184
0.156576
0.197207
0.176105
0.166415
0.167061
0.170175
0.0618926
0.114522
0.125989
0.0717827
0.147216
0.170019
0.155005
0.137367
0.142754
0.130431
0.163931
0.176786
0.10655
0.0820261
0.143078
0.155054
0.0618027
0.0717816
0.125798
0.114418
0.106315
0.15441
0.142696
0.0820426
0.14271
0.176651
0.163847
0.130393
0.147192
0.137379
0.154886
0.170404
