-0.665
0.095
-1.89497
-0.711964
0.145
1.795
-0.685
0.435
-1.74969
-0.765
0.733105
1.695
0.664936
0.095
-1.895
0.71196
0.145
1.795
0.685
0.435
-1.74969
0.765
0.733104
1.695
0.026267
0.0457054
0.190047
0.0867992
0.0262858
0.0454215
0.189976
0.0867762
-0.0751648
-0.0251807
0.00584592
0.0167065
-0.0118632
-0.0471736
-0.0774619
-0.0530068
0.0139911
0.0498736
0.0393971
-0.00315201
-0.0390297
-0.0664847
-0.00673567
0.0637005
0.174074
0.0950929
0.0157864
-0.0171715
-0.0362662
0.163646
0.228869
0.285046
0.233327
0.144483
0.0949584
0.0657984
-0.0868711
-0.0371502
-0.00760653
0.0197539
-0.00900673
-0.0479329
-0.0802676
-0.0697955
-0.0417157
-0.0708811
-0.0378936
-0.0270449
-0.0442386
0.150165
0.220381
0.288683
0.231743
0.135537
0.0854251
0.0577253
-0.0868866
-0.0371571
-0.00763313
0.0195625
-0.00908161
-0.0479927
-0.0803338
-0.0698071
-0.0417557
-0.0709397
-0.0379072
-0.0270767
-0.0442904
0.150131
0.220342
0.288635
0.231694
0.135488
0.0853731
0.0576686
-0.0752067
-0.0252169
0.00576015
0.0164336
-0.0120533
-0.0473168
-0.0776018
-0.0530431
0.0139596
0.0498145
0.0391108
-0.00331438
-0.0391494
-0.0666128
-0.00677678
0.0636543
0.173987
0.0949622
0.0156744
-0.0172703
-0.0363808
0.163575
0.228789
0.284951
0.233223
0.144377
0.0948479
0.0656815
-0.00822955
0.00488219
0.0225307
0.077492
-0.00795193
0.023541
0.124649
0.201581
0.139973
0.0846521
-0.00829505
0.0225317
0.077403
0.0235472
0.201573
0.0846575
0.00753728
0.223996
0.0286093
0.126158
0.04366
0.122143
0.367158
0.536912
0.00753871
0.224003
0.126085
0.122109
0.228506
0.228516
0.0236732
0.266019
-0.0474191
0.149998
0.149995
0.0113059
0.562608
0.17756
0.177545
0.0405866
0.191975
0.279867
-0.0124888
0.00486651
0.0165717
0.0577582
-0.00306259
0.0170149
-0.00149147
0.107646
0.128185
0.00552944
0.12357
0.0485943
0.00487596
-0.0144814
0.0165715
-0.00306468
0.0576896
0.0169962
0.107629
-0.00149952
0.128291
0.123544
0.00553878
0.0485569
0.0282773
0.00931615
0.192824
0.0273828
0.0574638
0.0270275
0.114202
0.0438657
0.202999
0.230073
0.137212
0.328044
0.107335
0.123463
0.104538
0.52531
0.0282788
0.0273934
0.00931834
0.192841
0.0574638
0.0438369
0.0270274
0.114193
0.202939
0.328055
0.230064
0.137183
0.107334
0.52531
0.123424
0.104533
0.179299
-0.0440386
0.0182617
-0.0814948
0.230153
0.0250333
0.169847
0.270536
0.0220441
0.220079
0.17853
0.040698
0.241213
0.169992
0.241543
0.269872
0.176653
0.164938
0.169864
0.185083
0.179366
-0.0440623
0.230192
0.0250335
0.169831
0.270552
0.178532
0.0406987
0.241553
0.269853
0.169852
0.185084
0.122665
0.0127303
0.230905
0.159549
0.0297193
0.0127318
0.139864
0.16406
0.0238107
0.0515453
0.14346
0.55088
0.299868
0.466867
0.572617
0.313416
0.122658
0.0127282
0.230925
0.159541
0.139849
0.164026
0.143438
0.550589
0.16455
0.229622
0.237974
0.176519
0.164546
0.17661
0.237979
0.229656
0.0185767
0.0185772
0.0303934
0.0303927
0.225733
0.291261
0.291235
0.225284
-0.00774302
0.121927
0.122065
-0.00391398
0.127649
0.119046
0.132365
0.154177
0.12766
0.154138
0.132352
0.119041
0.0137709
0.0137719
0.0250672
0.0250825
0.447492
0.555537
0.555533
0.447476
0.156411
0.166303
0.149303
0.160991
0.156372
0.16109
0.149311
0.166294
0.051611
0.0515897
0.0226167
0.0226164
0.30726
0.156336
0.156336
0.307259
0.234234
0.237022
0.207119
0.207149
-0.0248719
0.00136641
0.00585099
0.0209305
-0.00630381
0.0131889
-0.000136578
0.0432427
0.0828405
-0.00460225
0.109361
0.0285681
0.00136879
-0.0247884
0.00585073
-0.00548229
0.0209223
0.0131353
0.0431319
-0.000141528
0.0828417
0.109398
-0.00462941
0.0285068
0.0311341
0.0140223
0.175431
0.0268095
0.0483796
0.0366502
0.160394
0.0431712
0.197442
0.224372
0.141434
0.26881
0.0894769
0.109155
0.0949812
0.320118
0.0311346
0.0268246
0.014023
0.175443
0.0482281
0.0431282
0.0362339
0.160374
0.197436
0.268811
0.224348
0.141455
0.0894463
0.320116
0.108703
0.0949525
-0.0124518
-0.00449914
0.104621
-0.0490893
0.00487258
0.00488162
0.008377
-0.0987402
0.00464931
0.0254058
0.230657
0.0256487
0.0776456
0.0601012
0.137052
0.234808
-0.00814621
-0.00815557
0.0100627
0.124883
0.016744
0.0235495
0.162081
0.0289849
0.118548
0.118556
0.209516
0.162347
0.185873
0.204982
0.244679
0.253824
0.133581
0.133594
0.1634
0.226133
0.0677743
0.0982957
0.156408
0.178714
-0.0129293
-0.00447079
0.104802
-0.0490682
0.00558748
0.0254071
0.230693
0.0256491
0.0776567
0.0601056
0.137013
0.234775
0.0167412
0.0235498
0.162087
0.0289641
0.185723
0.204907
0.244743
0.253814
0.0677589
0.0982833
0.15642
0.178817
0.00465889
0.0104208
0.166128
0.0101242
0.211033
0.22704
0.223887
0.164802
0.0286023
0.0286058
0.0327355
0.0171066
0.128389
0.124061
0.133349
0.133335
0.0436282
0.0436135
0.0337248
0.0440561
0.129789
0.113895
0.14118
0.359472
0.354281
0.354314
0.296485
0.416893
0.54333
0.543346
0.556675
0.514239
0.00466038
0.0104232
0.16619
0.0101251
0.211038
0.227034
0.223902
0.1648
0.128361
0.124035
0.133276
0.133293
0.129737
0.113899
0.141166
0.35947
0.225218
0.229423
0.235156
0.230066
0.225238
0.229452
0.235173
0.230086
0.00707453
0.0243559
0.024356
0.0266961
0.253982
0.271694
0.271694
0.282914
-0.0484615
-0.0642959
-0.0206594
-0.0484671
0.142172
0.154639
0.145127
0.142978
0.142174
0.154632
0.145086
0.142956
0.00940822
0.0085379
0.0140737
0.00940818
0.567346
0.516807
0.576559
0.567316
0.170238
0.18031
0.173902
0.175194
0.170221
0.180306
0.17389
0.175174
0.0313164
0.0406429
0.0406433
0.0513152
0.185887
0.190091
0.190099
0.207291
0.279611
0.260357
0.214108
0.27961
0.0921804
0.00402317
0.00853017
0.114284
0.163569
0.0194591
0.14284
0.183392
0.0109117
0.217911
0.146402
0.0186132
0.104888
0.0783688
0.184206
0.137061
0.145038
0.207615
0.119043
0.162574
0.145108
0.206972
0.128802
0.14555
0.0085316
0.114274
0.0922632
0.00242181
0.163249
0.0194598
0.0109116
0.218628
0.142861
0.183334
0.146411
0.018649
0.184215
0.137057
0.104895
0.0782769
0.145005
0.20747
0.145254
0.207167
0.118934
0.162585
0.128774
0.145551
0.229409
0.0312207
0.166075
0.0118008
0.224479
0.129986
0.0330629
0.0174985
0.157616
0.0549043
0.159246
0.0238402
0.117378
0.135905
0.034462
0.0440567
0.235715
0.267479
0.229792
0.160467
0.152018
0.363048
0.299303
0.388636
0.154182
0.357277
0.127044
0.128684
0.129218
0.341572
0.541256
0.51128
0.229449
0.0312219
0.0330642
0.0174982
0.166093
0.0118022
0.224514
0.129999
0.157608
0.0548946
0.0344401
0.0440311
0.159251
0.0238338
0.117375
0.135844
0.235687
0.267455
0.299277
0.388611
0.229798
0.160447
0.152
0.362493
0.154209
0.35726
0.541234
0.511313
0.127029
0.12869
0.129199
0.341594
0.172762
0.185053
-0.0619682
-0.022013
0.0184219
0.018422
-0.0839943
-0.0840753
0.228931
0.229929
0.00807886
0.0277127
0.171028
0.161515
0.252864
0.19143
0.0223308
0.0223305
0.218824
0.218822
0.17543
0.169207
0.0514037
0.0316587
0.213733
0.213372
0.128902
0.129624
0.240133
0.234496
0.25098
0.281594
0.166969
0.166962
0.167317
0.16732
0.158743
0.167835
0.197673
0.173132
0.172879
0.18501
-0.022073
-0.0619916
0.228967
0.229967
0.0080738
0.0277133
0.161501
0.171024
0.252835
0.191422
0.175432
0.169208
0.0513929
0.0316592
0.234505
0.240141
0.281552
0.250971
0.167824
0.158736
0.173139
0.197677
0.125567
0.120724
0.0102849
0.0159196
0.23029
0.234466
0.149432
0.153642
0.0300588
0.030058
0.0115894
0.01159
0.136031
0.132729
0.162326
0.162819
0.0227993
0.0228067
0.0515776
0.0515674
0.138486
0.148403
0.505324
0.560382
0.299631
0.299591
0.464141
0.464139
0.57641
0.576408
0.309712
0.309714
0.125557
0.120728
0.0102843
0.0159106
0.234478
0.230315
0.149428
0.153629
0.132709
0.136022
0.162275
0.16279
0.14837
0.138471
0.560353
0.505192
0.0868837
0.230636
0.227491
0.0984196
0.202931
0.224219
0.229999
0.230077
0.233064
0.23981
0.235116
0.226835
0.0960551
0.112583
0.230307
0.223875
0.0869029
0.0984495
0.227514
0.230698
0.096062
0.223345
0.230321
0.112518
0.233058
0.226848
0.23513
0.239981
0.202066
0.230104
0.230028
0.224241
0.00864103
0.00845524
0.00757748
0.00899435
0.00863743
0.00898683
0.00757495
0.00845596
0.0309433
0.032902
0.0272072
0.028436
0.0309421
0.0284351
0.0272068
0.0329009
0.164886
0.234761
0.230907
0.200416
0.278213
0.297681
0.286479
0.261254
0.278163
0.261201
0.286473
0.297689
0.164925
0.200369
0.230849
0.234763
0.00860527
-0.0572607
-0.0668985
-0.101091
0.095497
0.155497
-0.0238856
-0.0273551
0.0956899
-0.0272713
-0.0238823
0.155448
0.000256887
-0.101102
-0.0669124
-0.0573525
0.170525
0.1679
0.145688
0.152057
0.159589
0.132425
0.139136
0.163605
0.123804
0.13544
0.138258
0.127956
0.159303
0.162531
0.148104
0.146764
0.170552
0.152057
0.145689
0.168029
0.15929
0.146748
0.148089
0.162522
0.123768
0.12793
0.138234
0.135422
0.159602
0.163987
0.139131
0.132398
0.0163227
0.0164637
0.00694914
0.00785492
0.0163249
0.0078563
0.00694939
0.0164647
0.0335244
0.033131
0.0125553
0.0138716
0.03355
0.0138746
0.012559
0.033142
0.338532
0.355133
0.518984
0.409607
0.331514
0.561902
0.579572
0.351651
0.331478
0.351641
0.579562
0.561899
0.338378
0.409597
0.518996
0.355138
0.169145
0.162289
0.178329
0.139945
0.124522
0.147536
0.172233
0.153884
0.100194
0.146415
0.164497
0.128064
0.121328
0.131794
0.171648
0.162232
0.169138
0.139945
0.178314
0.162295
0.121788
0.162214
0.171632
0.131761
0.100125
0.128248
0.164485
0.146374
0.125644
0.153874
0.172233
0.147412
0.0437177
0.0440573
0.0513592
0.0359131
0.0437059
0.0359061
0.0513544
0.0440449
0.00422553
0.0104875
0.031488
0.0237766
0.00420792
0.0237593
0.0314876
0.0104875
0.318066
0.310276
0.204116
0.517103
0.126411
0.155572
0.180659
0.164259
0.126094
0.164268
0.180677
0.155569
0.318067
0.517108
0.204125
0.310428
0.12048
0.122274
0.259486
0.226342
0.119763
0.226334
0.259476
0.122272
0.169439
0.175885
0.208554
0.156805
0.169411
0.156839
0.208577
0.175892
-0.0321621
0.00107291
0.00426438
0.00871653
0.00219571
0.00833048
0.000488144
0.0174215
0.0162589
-0.0220171
0.0443357
0.0168044
0.00107478
-0.0321284
0.00426309
0.00220829
0.00871695
0.00748954
0.0173645
0.000535995
0.0160952
0.0442494
-0.0218674
0.0167973
0.0297923
0.0201484
0.133628
0.026539
0.0470283
0.0357888
0.138848
0.0428545
0.195121
0.214072
0.143762
0.242944
0.0862397
0.100456
0.0911391
0.176874
0.0246717
0.0265558
0.0201503
0.127555
0.0468108
0.042804
0.0355387
0.139222
0.195085
0.242869
0.214052
0.143734
0.0862341
0.176867
0.100083
0.0911034
-0.0101644
-0.00708294
0.0675569
-0.0514771
0.00487744
0.00488197
0.00696504
-0.0637233
0.0210938
0.0239682
0.230682
0.0259698
0.0780289
0.076457
0.111406
0.185976
-0.0080061
-0.00800885
-0.00064815
0.0770664
0.0232587
0.0235874
0.158799
0.0270764
0.12178
0.121775
0.174973
0.146513
0.195776
0.20577
0.232806
0.237358
0.136923
0.136928
0.153301
0.212664
0.0763077
0.0917335
0.139377
0.157758
-0.0101594
-0.00727344
0.0676132
-0.0515103
0.0210948
0.0239688
0.230727
0.0259702
0.0779642
0.0764279
0.111397
0.185941
0.0232776
0.0234631
0.158835
0.0270798
0.19574
0.205771
0.232768
0.237358
0.0762557
0.0917156
0.139365
0.157644
0.00609881
0.00897572
0.114558
0.00876426
0.217846
0.22543
0.224369
0.166916
0.0286059
0.0286076
0.0331439
0.0229009
0.132724
0.12411
0.129794
0.121886
0.0436441
0.0436368
0.0351138
0.0438569
0.126177
0.117758
0.135348
0.214788
0.361349
0.361371
0.330911
0.392086
0.541635
0.541635
0.547087
0.526395
0.00609884
0.00897832
0.114186
0.00876547
0.217805
0.225427
0.224386
0.166911
0.132692
0.124076
0.129719
0.12177
0.126142
0.117748
0.135332
0.214762
0.226786
0.228561
0.231958
0.229471
0.226804
0.228587
0.231977
0.22949
0.0223407
0.0240147
0.0240148
0.0251846
0.260406
0.269084
0.269084
0.274461
-0.0480006
-0.0560658
-0.0340332
-0.0480013
0.148974
0.152357
0.147696
0.142899
0.148972
0.152342
0.147662
0.142881
0.0103569
0.00992191
0.0126899
0.0103569
0.566694
0.539763
0.572883
0.566566
0.17758
0.180738
0.175833
0.172597
0.177563
0.180726
0.175819
0.172579
0.0351101
0.0406147
0.040615
0.0441114
0.189566
0.191262
0.191263
0.199608
0.280503
0.270288
0.29296
0.2805
-0.0176069
-0.01161
0.041982
0.0232679
0.00487465
0.00487137
0.00703472
0.112242
0.00739652
0.0180702
0.154495
0.0199071
0.0428064
0.0704382
0.104057
0.14159
-0.00946109
-0.00840992
0.00324234
0.173732
0.017075
0.0168429
0.141544
0.0185562
-0.00081366
-0.00275271
0.0686785
0.0506738
0.0966092
0.114772
0.151497
0.130401
0.0939994
0.16665
0.136029
0.197714
0.00175475
0.00702328
0.0406363
0.112888
0.11725
0.129728
0.136408
0.189623
0.0388786
0.0586244
0.108342
0.115672
0.00488406
0.00488088
0.00703968
0.112231
-0.0177634
-0.0116173
0.0411572
0.0235557
0.00739625
0.01807
0.154484
0.0199077
-0.00947024
-0.00841762
0.00324202
0.173446
0.0427967
0.0703981
0.10401
0.141491
0.0170749
0.0168073
0.141559
0.0185411
0.0964237
0.114776
0.151671
0.130382
-0.000819181
-0.00274408
0.0686757
0.0506446
0.0939679
0.167078
0.135909
0.1976
0.117239
0.129726
0.136437
0.189637
0.00171202
0.0070298
0.0406257
0.112873
0.0388557
0.0586019
0.108334
0.115631
0.0297193
0.0268434
0.228883
0.0316565
0.015452
0.0107837
0.119243
0.0105712
0.183567
0.200102
0.226205
0.191403
0.0271232
0.0285982
0.0332709
0.0225073
0.0561137
0.0233621
0.153403
0.0565899
0.0348227
0.0221491
0.121439
0.022994
0.138362
0.123143
0.116078
0.122931
0.0435413
0.0436126
0.036072
0.0438246
0.200572
0.204482
0.22962
0.246689
0.228853
0.228575
0.232011
0.164667
0.139164
0.132839
0.146496
0.212218
0.303929
0.343853
0.294858
0.358605
0.104941
0.105616
0.140817
0.203265
0.123039
0.123782
0.12559
0.121125
0.0997026
0.109334
0.121937
0.19926
0.429437
0.542123
0.533428
0.520965
0.0297207
0.0268447
0.228921
0.0316575
0.0271371
0.0286035
0.0297628
0.0225075
0.015453
0.010786
0.119244
0.0105722
0.183558
0.200107
0.22624
0.191542
0.0561137
0.0233607
0.153402
0.056585
0.0435052
0.0435905
0.0360466
0.0437968
0.0348151
0.0193874
0.121539
0.0229914
0.138351
0.123117
0.116073
0.12292
0.200538
0.204496
0.229622
0.246669
0.303921
0.343875
0.294756
0.35857
0.228846
0.228564
0.231999
0.164628
0.139148
0.132742
0.146476
0.211581
0.105379
0.105614
0.140669
0.203182
0.429425
0.542123
0.53343
0.521005
0.123
0.123753
0.125564
0.121184
0.0996968
0.109327
0.121918
0.199243
0.142269
0.213593
0.176581
0.183848
0.0199739
-0.0486026
-0.0535488
-0.0330103
0.00976168
0.019619
0.0183419
0.0183419
-0.0901149
-0.0729677
-0.0827409
-0.0827495
0.230126
0.230118
0.229741
0.23006
0.0253812
0.0246965
0.0234392
0.0263728
0.168662
0.169404
0.17185
0.165691
0.259653
0.276593
0.261899
0.279453
0.0160719
0.0258222
0.0221875
0.0221874
0.172813
0.243436
0.22006
0.220059
0.173088
0.180434
0.173696
0.177059
0.0407272
0.0406711
0.0442114
0.0353375
0.238886
0.247587
0.21292
0.21292
0.166967
-0.00679197
0.163933
0.16393
0.244747
0.238349
0.240934
0.238036
0.252435
0.274473
0.261647
0.276485
0.170142
0.181528
0.17184
0.171838
0.168688
0.163552
0.165944
0.165946
0.164328
0.173584
0.165954
0.165639
0.182002
0.187806
0.191354
0.180148
0.142285
0.213596
0.1766
0.183864
0.0200166
-0.0486152
-0.0330436
-0.053571
0.230166
0.230165
0.229775
0.230099
0.0253814
0.0246967
0.0234394
0.0263733
0.168688
0.169385
0.165674
0.171844
0.259636
0.276597
0.261871
0.279438
0.173092
0.18043
0.17369
0.177061
0.0407285
0.0406718
0.0442068
0.0353382
0.244754
0.238362
0.238046
0.240942
0.252431
0.274473
0.276472
0.261616
0.164312
0.173643
0.16563
0.165953
0.181998
0.187808
0.180155
0.191412
0.1714
0.134573
0.124117
0.121696
0.0113405
0.00846091
0.0115076
0.0143322
0.22429
0.230558
0.230543
0.232703
0.162737
0.157236
0.156724
0.152997
0.031231
0.0282076
0.0298892
0.0298888
0.018487
0.014248
0.0122301
0.0122304
0.136667
0.142689
0.142304
0.133237
0.148831
0.177765
0.165715
0.163906
0.0323362
0.0225514
0.0233697
0.0233733
0.051347
0.0511308
0.0515614
0.0515564
0.143986
0.143229
0.141023
0.145906
0.475713
0.562684
0.528115
0.558357
0.308229
0.291365
0.300463
0.300457
0.441724
0.491842
0.466056
0.466047
0.564644
0.576034
0.576316
0.576317
0.499659
0.212963
0.31254
0.312539
0.171403
0.134581
0.124106
0.12169
0.011341
0.00846099
0.011506
0.0143263
0.224295
0.230578
0.232718
0.230556
0.162766
0.157233
0.156719
0.152989
0.136605
0.142643
0.13321
0.142286
0.14877
0.177742
0.165689
0.163873
0.143957
0.143207
0.14588
0.141006
0.476179
0.562631
0.558298
0.528125
0.128271
0.158656
0.1679
0.198642
0.229873
0.231253
0.229784
0.230447
0.237514
0.230164
0.239192
0.236222
0.141024
0.165204
0.181021
0.21432
0.128307
0.158719
0.167917
0.198819
0.141042
0.165104
0.181107
0.214501
0.237506
0.230167
0.239198
0.23623
0.229897
0.231286
0.229819
0.230477
0.00999871
0.0190524
0.018501
0.0201957
0.00999947
0.019053
0.0185013
0.0201963
0.0308524
0.0317323
0.0290533
0.0302275
0.0308512
0.0317314
0.0290527
0.0302263
0.208135
0.210764
0.24215
0.240342
0.277323
0.296893
0.286411
0.297645
0.277499
0.296861
0.286374
0.297622
0.207931
0.210875
0.241479
0.239971
0.0133196
0.110144
-0.0704147
-0.0843613
0.103349
0.134016
0.112226
0.142233
0.134024
0.103359
0.142261
0.112211
0.110085
0.0137983
-0.0843862
-0.0704394
0.177276
0.128641
0.126861
0.141252
0.140284
0.118489
0.1199
0.129503
0.129272
0.132088
0.132611
0.135648
0.157226
0.15471
0.153704
0.151235
0.177286
0.128645
0.126856
0.141255
0.1572
0.154692
0.153685
0.15119
0.129257
0.132066
0.132596
0.135638
0.140284
0.118482
0.119893
0.129495
0.0125743
0.0187162
0.015173
0.0109487
0.0187165
0.0125759
0.0109497
0.0151735
0.0328361
0.0242849
0.02223
0.023622
0.0242955
0.0328544
0.0236342
0.0222411
0.423805
0.418294
0.476835
0.457931
0.456669
0.548397
0.559316
0.573295
0.548388
0.456655
0.573294
0.559405
0.418292
0.423793
0.457934
0.47675
0.155377
0.147814
0.176891
0.159635
0.166462
0.16391
0.170344
0.167882
0.135732
0.140987
0.15764
0.151625
0.1584
0.148328
0.172207
0.161598
0.155006
0.147874
0.176881
0.159617
0.159056
0.148295
0.172204
0.161593
0.135705
0.140981
0.15762
0.151615
0.166455
0.163919
0.170458
0.167886
0.0532981
0.0513798
0.051208
0.0515935
0.053283
0.0513563
0.0511917
0.0515783
0.0167619
0.0231429
0.0224745
0.026279
0.0167617
0.023144
0.0224741
0.0262794
0.306119
0.494982
0.202717
0.306807
0.150524
0.151052
0.161756
0.164742
0.15051
0.151047
0.161756
0.164744
0.303964
0.495007
0.202717
0.306806
0.20605
0.172333
0.236504
0.216874
0.168775
0.206043
0.216839
0.236366
0.209022
0.188337
0.171394
0.200537
0.188303
0.209058
0.200005
0.171668
0.0478557
-0.0915151
0.00377982
-0.0744198
0.10619
0.00832269
0.0788961
0.0814774
0.000950812
0.0942973
0.124216
0.0124352
0.0619854
0.0615827
0.127763
0.0798227
0.078254
0.139713
0.0715801
0.121725
0.120825
0.15425
0.082368
0.0887673
0.00377678
-0.0751162
0.0485739
-0.0915238
0.10631
0.00832383
0.00104477
0.0943572
0.0789163
0.081413
0.124258
0.0124323
0.127511
0.0802315
0.0619857
0.0616256
0.0784098
0.139691
0.12082
0.154181
0.0714059
0.121668
0.0822985
0.088786
0.123821
0.0310466
0.124525
0.0151812
0.186281
0.172605
0.0301426
0.0215126
0.122467
0.0441579
0.130039
0.0329901
0.159981
0.16426
0.0354112
0.0434472
0.223042
0.242443
0.228587
0.163052
0.152655
0.221786
0.285121
0.295653
0.10985
0.194828
0.120035
0.117938
0.114635
0.188896
0.325959
0.312362
0.12382
0.0310476
0.0249934
0.0215152
0.124521
0.015183
0.181967
0.172557
0.122497
0.0441521
0.0353769
0.0434192
0.130341
0.032934
0.159966
0.16424
0.223002
0.242452
0.285139
0.295731
0.228576
0.162994
0.152642
0.221948
0.109938
0.194834
0.325949
0.312606
0.120011
0.117964
0.114615
0.188875
0.0606547
-0.0660264
0.0755471
-0.0310859
0.101467
0.109299
-0.0541859
-0.0400577
0.00700128
-0.0700317
0.0070043
-0.0700175
0.00841615
0.00841651
-0.0998763
-0.0998846
0.228327
0.00725179
0.229593
0.0288133
0.230751
0.230259
0.0241204
0.0270418
0.115055
0.180592
0.102358
0.130689
0.142062
0.132429
0.231243
0.239244
-0.000536651
0.0778359
-0.000542594
0.0777991
0.010275
0.010275
0.124105
0.124105
0.146484
0.0197299
0.157981
0.0292484
0.158846
0.160362
0.0309258
0.0249272
0.168749
0.142486
0.168667
0.142477
0.203673
0.203508
0.160001
0.159992
0.216214
0.223074
0.231205
0.24463
0.244754
0.239391
0.245009
0.257975
0.146254
0.206587
0.146251
0.206593
0.159582
0.15958
0.197289
0.197378
0.127684
0.134667
0.147275
0.182539
0.152684
0.159379
0.184517
0.172404
0.0607175
-0.0419244
0.0763761
-0.0310383
0.101468
0.109462
-0.0400467
-0.05418
0.228466
0.00738028
0.229632
0.0288139
0.230795
0.230281
0.0241206
0.0270425
0.114877
0.180595
0.10223
0.130824
0.132435
0.141959
0.231237
0.23916
0.146509
0.0197272
0.15798
0.0292468
0.158838
0.160359
0.0309088
0.024925
0.216391
0.223082
0.230863
0.244621
0.239424
0.244823
0.257972
0.245027
0.127698
0.134599
0.147285
0.182532
0.159364
0.152707
0.172404
0.184774
0.113054
0.00619378
0.114686
0.0120843
0.165897
0.16439
0.00898672
0.0119998
0.225322
0.160277
0.227938
0.167813
0.224658
0.225359
0.159576
0.161858
0.0332219
0.0225765
0.0332252
0.0225777
0.0328189
0.0328183
0.0167851
0.0167856
0.130036
0.127802
0.126138
0.12141
0.138114
0.128383
0.142207
0.13168
0.0348077
0.0438416
0.0347948
0.043828
0.0334278
0.0334333
0.0440567
0.0440505
0.141923
0.219062
0.128965
0.209682
0.138582
0.144146
0.367739
0.356153
0.319308
0.382066
0.31928
0.382063
0.296756
0.296755
0.413663
0.413661
0.552875
0.53144
0.552874
0.531439
0.56093
0.56093
0.516444
0.516446
0.113069
0.00619437
0.114544
0.0120832
0.165937
0.164455
0.00898801
0.0119983
0.225345
0.160319
0.227877
0.167866
0.225376
0.224674
0.159571
0.161855
0.130022
0.127762
0.126114
0.121385
0.128344
0.13809
0.142192
0.131594
0.141924
0.219121
0.128944
0.20966
0.144131
0.138563
0.356141
0.365698
0.226381
0.228229
0.228687
0.229745
0.235216
0.232865
0.229494
0.232607
0.226403
0.228244
0.228715
0.229773
0.232883
0.235232
0.232625
0.229517
0.00732602
0.00732475
0.0228926
0.0257813
0.0228927
0.0257816
0.0269518
0.0269516
0.230941
0.2308
0.262873
0.279124
0.279123
0.262872
0.284926
0.284925
-0.0582801
-0.0361527
-0.0655615
-0.0655699
-0.0223307
-0.0223316
-0.036152
-0.0582903
0.143909
0.140664
0.152704
0.147595
0.145464
0.13824
0.140674
0.145306
0.143911
0.140665
0.152705
0.147589
0.138216
0.145452
0.145282
0.140651
0.00817868
0.0109837
0.00774332
0.00774346
0.0133143
0.0133161
0.00817879
0.0109818
0.544044
0.575964
0.518705
0.518702
0.579315
0.579301
0.575956
0.544042
0.172766
0.167375
0.175807
0.179846
0.172601
0.16922
0.177998
0.173395
0.16736
0.172756
0.175796
0.179836
0.169206
0.172589
0.177994
0.173377
0.0314022
0.031402
0.0441617
0.0352239
0.0441596
0.0352243
0.0513372
0.0513348
0.183515
0.183512
0.197188
0.186067
0.186084
0.197256
0.206295
0.206298
0.269736
0.292299
0.260831
0.260828
0.211166
0.211269
0.26973
0.292326
0.0897572
0.0952229
0.0632283
-0.0631211
0.00859134
0.00849387
0.0924367
-0.0890002
0.130071
0.186974
0.0105154
0.0210103
0.138293
0.146801
0.154696
0.207607
0.0112625
0.0107003
0.135798
0.119296
0.149932
0.148425
0.0145147
0.0196858
0.101675
0.108394
0.0870199
0.0708136
0.172894
0.193938
0.122093
0.148515
0.104599
0.184475
0.187248
0.222643
0.11102
0.123974
0.169414
0.155947
0.135947
0.15093
0.193087
0.176166
0.116166
0.13853
0.135953
0.155079
0.00859254
0.00849495
0.0921575
-0.0896494
0.0897472
0.0952382
0.0633032
-0.0637606
0.12944
0.186491
0.0105158
0.021011
0.0112618
0.0107003
0.141049
0.119294
0.138224
0.14682
0.154685
0.20756
0.150031
0.148429
0.014532
0.0197211
0.17294
0.193901
0.122069
0.148491
0.101718
0.108383
0.0872612
0.0707538
0.106748
0.184578
0.187197
0.222589
0.135758
0.151825
0.192992
0.175992
0.111009
0.123954
0.169422
0.155941
0.116131
0.138602
0.135959
0.155063
0.241566
0.229732
0.0327487
0.0298272
0.168159
0.163681
0.0170547
0.0127674
0.234858
0.224913
0.180366
0.143837
0.0337124
0.0329825
0.0167735
0.0159803
0.163992
0.165192
0.0529732
0.0378567
0.159627
0.158853
0.0316892
0.0217921
0.13958
0.12689
0.169344
0.138214
0.0339141
0.0328506
0.0440468
0.0440583
0.234887
0.237961
0.273186
0.264609
0.233507
0.228311
0.161933
0.161635
0.155674
0.149205
0.3622
0.35152
0.294701
0.298049
0.364737
0.40142
0.141304
0.162696
0.3421
0.341016
0.126644
0.127657
0.12698
0.13023
0.125776
0.132507
0.336532
0.34665
0.444572
0.558571
0.44878
0.516883
0.241472
0.229766
0.0327497
0.0298282
0.0337139
0.0329842
0.0167757
0.0159815
0.168177
0.163699
0.0170565
0.012769
0.234757
0.224939
0.18038
0.143841
0.163929
0.165174
0.0529624
0.0378459
0.0338904
0.0328341
0.0440282
0.0440397
0.159626
0.158859
0.0316731
0.0217877
0.139586
0.126882
0.169337
0.138184
0.2349
0.237866
0.273162
0.2646
0.294713
0.298038
0.364734
0.40139
0.233886
0.228322
0.161923
0.161623
0.155659
0.149176
0.362186
0.351525
0.141382
0.162773
0.342063
0.340862
0.444595
0.558568
0.448865
0.5169
0.126625
0.127632
0.127
0.130196
0.12574
0.132487
0.336547
0.346651
0.207617
0.135604
0.148677
0.220952
0.0194472
-0.0673419
-0.0251488
0.0384403
0.00988186
0.0199099
0.01991
0.00988224
-0.0755516
-0.0925746
-0.0926545
-0.0755651
0.229634
0.22789
0.230458
0.229981
0.00782866
0.00852652
0.0281159
0.0274614
0.170679
0.171513
0.162213
0.14926
0.256934
0.244947
0.179577
0.20254
0.0164172
0.0260509
0.026051
0.016417
0.170867
0.242402
0.242324
0.170865
0.169127
0.178129
0.171215
0.165944
0.0513811
0.0522613
0.0319366
0.0315735
0.221719
0.231818
0.231755
0.22172
0.157683
-0.0111644
-0.0110926
0.157632
0.242876
0.237623
0.232393
0.237545
0.235599
0.258057
0.286701
0.260561
0.161137
0.174024
0.174012
0.161136
0.170517
0.167107
0.16711
0.170527
0.156536
0.164577
0.170558
0.170173
0.194715
0.201335
0.17723
0.169029
0.135626
0.207727
0.220857
0.148636
0.038466
-0.025161
-0.0672891
0.0202865
0.227915
0.229669
0.230015
0.230489
0.0085202
0.00782487
0.0274621
0.0281168
0.149277
0.162199
0.171503
0.170666
0.244932
0.256921
0.202501
0.179866
0.178117
0.16912
0.165943
0.171206
0.0522542
0.0513739
0.0315741
0.0319368
0.236658
0.232404
0.237634
0.242885
0.260668
0.286702
0.25823
0.235595
0.169495
0.170561
0.164539
0.156319
0.169027
0.177232
0.201337
0.194723
0.173941
0.13779
0.132011
0.143289
0.00599863
0.0089832
0.01482
0.0116456
0.231129
0.230196
0.234895
0.226774
0.14755
0.150813
0.157709
0.150547
0.031484
0.028633
0.0286324
0.0314831
0.0175237
0.0128118
0.0128122
0.0175245
0.134596
0.137589
0.135568
0.130124
0.180845
0.15263
0.149661
0.173985
0.0314679
0.0212208
0.0212263
0.0314771
0.0513627
0.0511691
0.0511614
0.0513514
0.139071
0.138391
0.148004
0.14908
0.47927
0.514705
0.576435
0.467946
0.306511
0.293147
0.293135
0.306479
0.491634
0.436821
0.436796
0.491597
0.569139
0.579321
0.579317
0.569137
0.209563
0.500948
0.500947
0.209573
0.137793
0.173944
0.143474
0.132014
0.00898402
0.00599913
0.01164
0.0148152
0.226785
0.234908
0.23022
0.231151
0.150814
0.147548
0.150533
0.157697
0.130111
0.135546
0.137582
0.134582
0.15259
0.180824
0.173965
0.149631
0.149063
0.147984
0.13837
0.139082
0.46797
0.576429
0.514744
0.47892
0.0754366
0.131464
0.124846
0.0441861
0.229991
0.229921
0.192716
0.17693
0.227709
0.213989
0.205356
0.22905
0.0644791
0.049997
0.130971
0.138666
0.11147
0.231417
0.236489
0.234367
0.225445
0.228411
0.231657
0.226311
0.229067
0.230316
0.230471
0.229848
0.230099
0.229153
0.230085
0.230187
0.219071
0.226402
0.232793
0.232051
0.234538
0.243907
0.241702
0.230593
0.23235
0.232742
0.237044
0.238077
0.225651
0.230363
0.228464
0.225084
0.0451775
0.0653423
0.135976
0.104614
0.0719977
0.147079
0.144738
0.0722041
0.230393
0.235409
0.217882
0.217473
0.227589
0.177982
0.200339
0.241156
0.0749801
0.043918
0.124866
0.131495
0.0645529
0.138712
0.130995
0.0493988
0.227732
0.229104
0.205717
0.213983
0.230108
0.177023
0.192738
0.229962
0.0450269
0.104803
0.136037
0.0653439
0.227604
0.241165
0.20038
0.177844
0.230412
0.217528
0.217894
0.235422
0.0720226
0.0721896
0.144748
0.147125
0.219012
0.232039
0.233198
0.226359
0.225665
0.225098
0.228471
0.230354
0.232367
0.238089
0.237054
0.232759
0.234444
0.230603
0.241702
0.243917
0.10866
0.23436
0.236459
0.231382
0.230141
0.23022
0.230133
0.229188
0.229092
0.229871
0.230495
0.230324
0.225464
0.226339
0.231686
0.22838
0.00330666
0.00681232
0.0102663
0.0105866
0.00698319
0.0098218
0.00994142
0.00701918
0.0226168
0.0231679
0.0200545
0.0197645
0.0233836
0.0203371
0.0206396
0.0238198
0.00330776
0.0105868
0.0102669
0.00681659
0.0234526
0.02382
0.0206403
0.0204064
0.0226168
0.0197645
0.0200548
0.023168
0.00698439
0.00702341
0.009942
0.009822
0.0248369
0.0300466
0.0322867
0.0331439
0.0331847
0.0313576
0.0316094
0.0332649
0.0254832
0.0260793
0.028845
0.0284204
0.0273919
0.0302357
0.0294845
0.026749
0.0299736
0.0331431
0.0322854
0.0335531
0.0273915
0.0267485
0.0294835
0.0302349
0.0254831
0.0284201
0.028844
0.0260789
0.033183
0.0332598
0.031608
0.0313571
0.0860844
0.177273
0.192662
0.144334
0.231653
0.244668
0.224568
0.211997
0.262017
0.221371
0.251726
0.263996
0.172019
0.162242
0.221818
0.239207
0.242228
0.283885
0.28666
0.245251
0.325341
0.307912
0.303573
0.309016
0.276999
0.280816
0.292367
0.292849
0.242795
0.246225
0.266906
0.256483
0.242153
0.245262
0.286803
0.28386
0.242803
0.256487
0.266678
0.24617
0.276999
0.292849
0.292377
0.280812
0.325342
0.309012
0.303545
0.307896
0.0866154
0.144349
0.192655
0.17718
0.171993
0.239217
0.221734
0.162179
0.262015
0.263997
0.251666
0.22137
0.231626
0.212006
0.224551
0.244696
-0.0868931
-0.0758624
0.000948403
0.0882906
-0.057454
0.020595
0.0188117
0.0265558
-0.0569314
-0.0742231
-0.0759679
-0.0587453
-0.0667842
0.0383163
-0.0814799
-0.0913061
0.0635915
0.122837
0.114477
0.0576379
0.145022
0.163742
0.147861
0.138604
-0.0351506
-0.0368528
-0.0130479
-0.00900232
-0.0418596
0.0312833
0.0940814
0.0265649
0.0637692
0.057786
0.114456
0.122582
-0.0419158
0.0265921
0.0940856
0.0318013
-0.0351515
-0.00900349
-0.0130576
-0.0368671
0.145018
0.138559
0.147789
0.16374
-0.0873679
0.0870822
0.00155316
-0.0676856
-0.0668355
-0.0913147
-0.0815176
0.000438156
-0.0569366
-0.058728
-0.0759035
-0.0742316
-0.0576343
0.0270913
0.0196682
0.0208594
0.131101
0.126893
0.17898
0.182299
0.113804
0.172689
0.175293
0.12105
0.150829
0.154725
0.139537
0.136167
0.161699
0.171508
0.142629
0.158171
0.129486
0.138967
0.139938
0.130744
0.135165
0.140504
0.12817
0.124954
0.147226
0.133301
0.130701
0.143709
0.114622
0.123002
0.141787
0.170552
0.111444
0.118215
0.129078
0.125289
0.132222
0.141753
0.135919
0.125746
0.14059
0.135717
0.135615
0.140871
0.126281
0.125877
0.129806
0.13085
0.156888
0.165477
0.158329
0.149299
0.166488
0.15742
0.157397
0.168621
0.14522
0.145595
0.150832
0.150297
0.138581
0.143971
0.151886
0.146504
0.131096
0.182318
0.178995
0.126896
0.161766
0.158166
0.142634
0.171735
0.15083
0.136172
0.139538
0.154722
0.113685
0.121061
0.175299
0.172692
0.15688
0.149228
0.158315
0.165308
0.138568
0.146486
0.15187
0.143963
0.145208
0.15029
0.150812
0.145574
0.16648
0.1683
0.157382
0.157415
0.111447
0.125259
0.129059
0.118177
0.126249
0.130821
0.12979
0.125853
0.140566
0.140849
0.135598
0.135692
0.132207
0.12572
0.135908
0.141746
0.129825
0.130944
0.139941
0.138965
0.114365
0.170554
0.14188
0.123162
0.147218
0.143695
0.130698
0.133307
0.135144
0.124942
0.128156
0.140486
0.0208166
0.022005
0.0177503
0.0158689
0.0227387
0.0180053
0.0169608
0.022333
0.00905009
0.00723034
0.0120157
0.0135298
0.00747902
0.0113333
0.0139125
0.0101619
0.0208196
0.0158704
0.0177521
0.0220077
0.00747995
0.0101624
0.0139138
0.0113341
0.00905016
0.01353
0.0120164
0.00723063
0.0227393
0.0223347
0.0169619
0.0180057
0.0348022
0.0357274
0.0321603
0.0309565
0.0349544
0.031902
0.0310341
0.0346359
0.0118357
0.0100506
0.0204778
0.021886
0.0104217
0.0204848
0.0226623
0.0130783
0.0348555
0.0309859
0.0321775
0.0357574
0.0104214
0.0130804
0.0226699
0.020487
0.0118366
0.0218887
0.0204861
0.0100534
0.0349608
0.0346552
0.0310479
0.0319066
0.247189
0.213081
0.393629
0.336042
0.214946
0.478475
0.447844
0.212099
0.543002
0.492519
0.486321
0.538975
0.387188
0.372814
0.429639
0.439809
0.182342
0.437294
0.450488
0.194302
0.551626
0.568617
0.565851
0.550249
0.576064
0.572221
0.576393
0.579145
0.212388
0.204661
0.462845
0.470385
0.182318
0.194297
0.450484
0.437296
0.212358
0.470392
0.462831
0.204657
0.576059
0.579144
0.576381
0.572215
0.551626
0.550248
0.56585
0.568617
0.247292
0.336256
0.393624
0.213108
0.38718
0.43981
0.429627
0.372817
0.542996
0.538884
0.486296
0.492515
0.214982
0.212128
0.447397
0.477995
0.124095
0.156176
0.151137
0.168349
0.155268
0.167137
0.172087
0.161822
0.175591
0.179798
0.180635
0.175621
0.130038
0.125994
0.150036
0.155109
0.0698063
0.0927464
0.164062
0.138645
0.113415
0.170993
0.171715
0.111832
0.180518
0.179366
0.17028
0.171812
0.15447
0.143281
0.164812
0.172322
0.0608612
0.0965046
0.127599
0.034058
0.134838
0.160846
0.147725
0.118736
0.175193
0.165807
0.158698
0.171153
0.108724
0.0432144
0.144916
0.16229
0.108147
0.120355
0.146507
0.128679
0.12143
0.149557
0.14899
0.121285
0.170892
0.168654
0.17359
0.175858
0.144018
0.149016
0.169271
0.164263
0.124133
0.168346
0.15105
0.156148
0.130192
0.155082
0.150005
0.12596
0.175576
0.175612
0.180616
0.179778
0.155277
0.161821
0.172076
0.167133
0.108061
0.128718
0.146504
0.120347
0.144025
0.164256
0.169256
0.149013
0.170876
0.175838
0.173577
0.168643
0.121398
0.121259
0.148962
0.149527
0.0605548
0.0338885
0.127587
0.096465
0.108724
0.162293
0.144897
0.0431224
0.175178
0.171113
0.158667
0.165791
0.134832
0.118702
0.147703
0.160847
0.0698201
0.138697
0.164057
0.0926564
0.154513
0.172331
0.164809
0.143282
0.180505
0.171798
0.170273
0.179366
0.113351
0.111779
0.171785
0.170823
0.0433009
0.0437915
0.0522161
0.0544437
0.0438493
0.0513548
0.0513704
0.0438343
0.0441365
0.0441869
0.0511881
0.05115
0.0275888
0.0321389
0.0524807
0.0446553
0.0432867
0.0544273
0.0521991
0.0437637
0.0275035
0.0446525
0.0524692
0.032136
0.0441355
0.0511461
0.0511766
0.0441838
0.0438425
0.0438139
0.0513535
0.0513492
0.00733648
-0.000233946
0.0171949
0.015361
-0.00057444
0.0162445
0.0165902
-0.000235691
0.0351672
0.0352817
0.0261655
0.0259365
0.025428
0.0186059
0.026681
0.0354916
0.00812303
0.0153671
0.0171957
-0.000262057
0.0254148
0.0354908
0.0266822
0.0186221
0.035167
0.0259366
0.0261657
0.035281
-0.000572767
-0.000229732
0.01659
0.0162444
0.198954
0.19601
0.45665
0.43309
0.171642
0.188382
0.19896
0.194947
0.198758
0.212124
0.206662
0.194546
0.530085
0.530811
0.49979
0.500546
0.0718962
0.128852
0.143534
0.1049
0.14986
0.165682
0.156212
0.142242
0.187983
0.183568
0.169477
0.177825
0.144878
0.124832
0.160026
0.176427
0.0718858
0.104939
0.143285
0.128851
0.144862
0.17643
0.160015
0.124921
0.187985
0.177828
0.169478
0.183571
0.14986
0.142315
0.156207
0.165677
0.199422
0.433096
0.456677
0.196025
0.530085
0.500543
0.499789
0.530812
0.198819
0.194605
0.206661
0.212125
0.171665
0.19495
0.199002
0.188437
0.0674633
0.11221
0.16041
0.113275
0.0763604
0.172359
0.16847
0.0739845
0.27085
0.26665
0.240035
0.243721
0.183686
0.16485
0.227377
0.252571
0.0675021
0.113273
0.160342
0.117
0.183555
0.252554
0.227344
0.164785
0.270847
0.243717
0.239968
0.266631
0.0763597
0.0739875
0.168466
0.172358
0.104125
0.17893
0.192627
0.118898
0.210705
0.169269
0.172343
0.199993
0.293524
0.288314
0.207241
0.165015
0.18912
0.104361
0.180272
0.265622
0.104212
0.118915
0.192359
0.178358
0.189157
0.265686
0.180667
0.104356
0.293455
0.165017
0.20613
0.288329
0.210696
0.199958
0.172531
0.16927
