-0.695
0.105
-2.04174
-0.735
0.255
2.1368
-0.735
0.645
-2.06956
-0.745
0.785
2.10392
0.695
0.105
-2.04206
0.735
0.255
2.13677
0.745
0.635
-2.06993
0.745
0.785
2.10403
0.042424
0.0620996
0.108067
0.0825597
0.042268
0.0619769
0.106481
0.0830724
-0.0385884
-0.000422496
0.0400567
0.0521428
0.00901836
-0.0287927
-0.0559348
-0.033587
0.0111733
0.0558202
0.0613408
0.00714695
-0.0307695
-0.0556782
-0.0149234
0.0311867
0.106197
0.086527
0.0159083
-0.0209454
-0.0422908
0.0708061
0.114666
0.160415
0.146531
0.0907793
0.0495432
0.0210214
-0.0473434
-0.00948862
0.0320664
0.0522256
0.00449066
-0.0347336
-0.0617661
-0.0446316
-0.0382036
-0.062677
-0.0318019
-0.031585
-0.0508297
0.0624139
0.108565
0.160672
0.145718
0.0850592
0.0425197
0.0145934
-0.0475415
-0.00961764
0.0318962
0.0521142
0.00445317
-0.0347679
-0.061813
-0.0447962
-0.0382236
-0.0627135
-0.032011
-0.0315892
-0.0508552
0.0619827
0.108052
0.160171
0.145553
0.0850377
0.0424907
0.0145439
-0.0390986
-0.00093098
0.0395961
0.0519533
0.00892101
-0.028879
-0.0560405
-0.0340989
0.0105696
0.0551901
0.0612533
0.00708568
-0.0308278
-0.0557639
-0.0155487
0.0303084
0.104729
0.0866883
0.0159562
-0.0209649
-0.0423559
0.069949
0.113687
0.159512
0.146172
0.0906865
0.0494573
0.020906
0.0593674
-0.0054216
0.0404784
0.0146312
0.00724052
0.0621766
0.0461227
0.0827964
0.0337519
0.056018
0.0529271
0.0389943
0.00975906
0.0630797
0.0805015
0.0546607
0.0483916
0.166159
0.0779214
0.159802
0.11384
0.0979946
0.328656
0.540621
0.0482047
0.16238
0.158266
0.0977181
0.157886
0.152181
0.0441125
0.153548
0.118315
0.16436
0.161458
0.0975174
0.561751
0.132647
0.132074
0.0807327
0.239742
-1.92353e-05
-0.0899994
-0.00679265
0.0225731
0.00817824
0.00624984
0.0312411
0.00868101
0.0284747
0.0529785
0.0231387
0.0229068
0.029195
-0.00624633
-0.0911872
0.0221443
0.00609907
0.00868074
0.0310858
0.0330059
0.00743606
0.0508345
0.0229636
0.0229721
0.027743
0.0077591
0.0439091
0.126096
0.0796901
0.0704102
0.0531258
0.127847
0.117923
0.100761
0.154237
0.103198
0.26319
0.0696675
0.139797
0.0910506
0.533716
0.00506601
0.0796404
0.0438383
0.123697
0.0703816
0.117851
0.0529542
0.12679
0.0982801
0.265339
0.14926
0.102178
0.0703443
0.535286
0.142353
0.0922439
0.111939
0.098823
0.0196911
0.00166682
0.121933
0.0490159
0.100634
0.0343314
0.0643523
0.0428128
0.135946
0.0853744
0.119194
0.0794157
0.15638
0.140222
0.0906566
0.0202791
0.113917
0.198507
0.107864
0.0974258
0.118936
0.0477595
0.0995832
0.0324171
0.135982
0.085324
0.154868
0.143901
0.112806
0.201663
0.126348
0.100226
0.156969
0.165343
0.0646494
0.0909775
0.163311
0.176317
0.109906
0.0993058
0.150354
0.554993
0.191281
0.513526
0.565684
0.502308
0.12461
0.100098
0.152966
0.161996
0.161083
0.175106
0.146851
0.557309
0.0964627
0.143054
0.147596
0.100281
0.0913523
0.0930573
0.142077
0.143009
0.0252914
0.0217987
0.0657654
0.0656848
0.101725
0.176835
0.180226
0.105832
-0.0320883
0.0513543
0.0500311
-0.0322572
0.126497
0.126344
0.147668
0.15272
0.124379
0.148455
0.144768
0.124953
0.0925409
0.0924637
0.112693
0.112802
0.474424
0.554233
0.556116
0.475947
0.15202
0.0864116
0.0876077
0.132496
0.15152
0.130871
0.0869733
0.0858673
0.10167
0.101546
0.0666265
0.0668172
0.475377
0.0777984
0.0783074
0.476594
0.0284896
0.0282192
0.0427891
0.0431715
-0.0339848
0.00296538
0.0150768
0.0165714
0.00554466
0.0189741
0.00613201
0.015722
0.0306597
0.0229
0.0159933
0.0157472
0.0029697
-0.0345876
0.0146629
0.00529409
0.0175899
0.0188532
0.0218979
0.00472951
0.0295773
0.0159591
0.0225717
0.0149699
0.0406964
0.0430975
0.0985593
0.0802994
0.0636198
0.0563436
0.104961
0.118501
0.107642
0.144646
0.105469
0.220675
0.0766572
0.128288
0.0870153
0.365561
0.0405311
0.0802181
0.0429265
0.0968415
0.0632639
0.11847
0.056179
0.104471
0.105322
0.224253
0.13883
0.104541
0.0770619
0.36338
0.126911
0.0880881
0.0512872
0.00986408
0.0871137
0.0890394
-0.00587705
-0.00587182
0.00870341
0.0465227
0.0360531
0.0437234
0.105797
0.0503897
-0.0193024
0.0207559
0.0875908
0.0275306
0.00608512
0.0059751
0.0565449
0.0432394
0.0426472
0.0637161
0.128218
0.0815318
0.0402784
0.0423224
0.0889184
0.0832934
0.070932
0.094788
0.119706
0.120137
0.028173
0.0281963
0.0670579
0.0595328
0.0426263
0.0681886
0.0995553
0.159281
0.045914
0.00579155
0.0797556
0.0871284
0.0360229
0.0433354
0.103704
0.0500644
-0.0195188
0.0206248
0.0864628
0.0212201
0.0422764
0.0636312
0.128639
0.0816306
0.0687794
0.0926282
0.11375
0.125312
0.0405107
0.0677729
0.098236
0.173149
0.0459778
0.0507588
0.103968
0.100909
0.148569
0.163676
0.163418
0.165777
0.0789637
0.0789425
0.0711317
0.0842591
0.151576
0.153863
0.162539
0.158089
0.115441
0.115398
0.109912
0.107861
0.100659
0.0947072
0.139733
0.381134
0.305191
0.305728
0.23076
0.421076
0.541573
0.542514
0.556826
0.52226
0.0457763
0.0506106
0.103036
0.100717
0.144988
0.159614
0.159267
0.162229
0.149945
0.152884
0.160573
0.156756
0.100783
0.0950028
0.135562
0.376124
0.147349
0.148002
0.168772
0.163403
0.140399
0.144328
0.162748
0.158389
0.0331681
0.0454288
0.045312
0.0546573
0.136369
0.148786
0.150392
0.173102
0.108671
0.0932964
0.0828579
0.1078
0.149022
0.164816
0.163836
0.160557
0.146418
0.161731
0.161307
0.157602
0.0985152
0.0913866
0.103272
0.0984559
0.564121
0.559663
0.563828
0.565326
0.113589
0.149109
0.12456
0.169716
0.112649
0.14862
0.123107
0.168713
0.0729218
0.0830537
0.0830283
0.0893278
0.114671
0.219466
0.222722
0.373914
0.00154177
0.0129171
0.0100884
0.0011537
0.0334474
-0.0612253
0.0141931
0.0144364
0.0831088
0.026546
0.0763282
0.0202456
0.0571304
0.0283179
0.0679933
0.0685131
0.0766087
0.0339002
0.0726746
0.0510618
0.0856125
0.082825
0.0747032
0.0362944
0.0555352
0.0459929
0.0736764
0.0663774
0.00902227
0.014756
0.0285852
-0.0615457
0.0795359
0.0264294
0.0570229
0.0281596
0.0761494
0.0203083
0.0677362
0.0681172
0.0773274
0.0504264
0.0700858
0.0326104
0.0783251
0.0888719
0.0558808
0.0457905
0.0747477
0.0360307
0.0726598
0.0671185
0.0949884
0.0407581
0.102855
0.0928754
0.125625
0.126332
0.0728762
0.0859231
0.146181
0.0982576
0.10414
0.113443
0.126467
0.14996
0.113402
0.110669
0.136998
0.152523
0.151879
0.153486
0.142221
0.377318
0.18837
0.370338
0.115773
0.429927
0.144755
0.136051
0.137004
0.372681
0.546975
0.514895
0.0935773
0.0395764
0.0728103
0.0858659
0.101385
0.0927666
0.123114
0.124093
0.145698
0.0981687
0.1132
0.110504
0.103469
0.113281
0.125253
0.149017
0.131094
0.157159
0.191916
0.372293
0.146697
0.148862
0.137263
0.372153
0.114065
0.429879
0.548712
0.516105
0.143448
0.13803
0.133669
0.368777
0.114285
0.111443
0.0960153
0.0507653
0.020395
0.0203375
-0.0148661
-0.0148897
0.118356
0.13269
0.038571
0.0576848
0.101806
0.0955146
0.0109182
0.0398041
0.0653599
0.0654105
0.0358175
0.0356767
0.150511
0.0966258
0.0928307
0.0761998
0.112665
0.114494
0.0653218
0.0643257
0.144591
0.131752
0.12089
0.158911
0.0852712
0.085505
0.0182554
0.0184667
0.10113
0.124009
0.320231
0.100731
0.108447
0.105151
0.0508867
0.0947788
0.113846
0.128536
0.0362468
0.0570739
0.0958324
0.101168
0.0102534
0.0395105
0.150353
0.0961264
0.0927432
0.0761119
0.130355
0.139757
0.162429
0.12466
0.121811
0.100182
0.101383
0.339492
0.126449
0.126344
0.0941089
0.105763
0.156569
0.15637
0.148768
0.16211
0.0653053
0.0653793
0.0922239
0.0921928
0.149006
0.158269
0.17003
0.152537
0.110764
0.1108
0.100488
0.100426
0.149013
0.151604
0.555814
0.554764
0.186155
0.187697
0.507984
0.509233
0.5661
0.567113
0.490629
0.491067
0.124535
0.12478
0.0939363
0.105647
0.151914
0.153727
0.145698
0.158597
0.155926
0.14691
0.169204
0.151743
0.147773
0.145793
0.556805
0.558394
0.0206571
0.0996015
0.142213
0.0670829
0.0967118
0.145364
0.150288
0.115689
0.146332
0.130174
0.177066
0.161683
0.0610885
0.0894749
0.161705
0.106466
0.0188091
0.0617874
0.13629
0.0956784
0.0530329
0.100269
0.150504
0.0825176
0.139342
0.157417
0.170958
0.123989
0.0950471
0.115473
0.148445
0.141597
0.0153869
0.00880215
0.0341649
0.0399499
0.0153687
0.0397312
0.0340813
0.00881266
0.0787301
0.071971
0.0555828
0.0558395
0.0787886
0.0562293
0.0556775
0.0720042
0.0553468
0.10152
0.130726
0.0839487
0.167306
0.194926
0.167913
0.136377
0.17324
0.141277
0.169478
0.195426
0.0618516
0.0860932
0.132444
0.107197
-0.00912026
0.0808715
0.0904868
0.0306925
0.0321085
0.0676175
0.0667009
0.0359267
0.031194
0.0335072
0.0658633
0.0669734
-0.00864336
0.0307823
0.0944871
0.0775279
0.100465
0.103943
0.148875
0.148672
0.104474
0.149111
0.149102
0.104073
0.133991
0.138369
0.159568
0.155482
0.143435
0.16289
0.161356
0.140977
0.0988346
0.145343
0.146047
0.102828
0.138084
0.136412
0.158094
0.159088
0.131958
0.154565
0.156989
0.134617
0.103907
0.103305
0.146736
0.147235
0.0863184
0.0855267
0.092616
0.0948203
0.086233
0.0945513
0.0925481
0.0855026
0.11415
0.111444
0.104609
0.106998
0.114396
0.107175
0.104657
0.111526
0.324167
0.377374
0.561651
0.41134
0.365586
0.556828
0.56522
0.376931
0.363093
0.37231
0.566325
0.557759
0.327281
0.411823
0.562991
0.372647
0.13475
0.144484
0.164957
0.163749
0.0579884
0.0876255
0.114201
0.0779541
0.0602626
0.0870492
0.10942
0.082598
0.12527
0.151039
0.143491
0.107506
0.134198
0.16265
0.164341
0.144617
0.123219
0.10601
0.140816
0.149077
0.0584303
0.0825264
0.110402
0.0859068
0.0579404
0.0777401
0.113398
0.0871079
0.105881
0.109265
0.0910793
0.0790033
0.104851
0.0789862
0.0910356
0.109183
0.0570386
0.0567855
0.074517
0.0766989
0.0572974
0.076715
0.0745609
0.0568206
0.365491
0.29795
0.352965
0.520126
0.0449823
0.0614534
0.107657
0.0882304
0.0454782
0.08914
0.107958
0.0616292
0.363597
0.520898
0.358653
0.303931
0.021022
0.0359211
0.0145198
-0.00108292
0.0209474
-0.00170612
0.0142982
0.0358334
0.0381959
0.0527953
0.00997826
0.0324039
0.0384166
0.0330102
0.0102686
0.0528995
-0.0158253
0.00284115
0.0103073
0.0126358
0.00497514
0.030387
0.00396227
0.00819641
0.0154338
0.0146044
0.00958145
0.00837626
0.00284559
-0.0159793
0.0103161
0.00472945
0.012879
0.030064
0.0144757
0.0024737
0.0161711
0.00970582
0.0146721
0.0082234
0.0420774
0.0427392
0.070276
0.0805938
0.0610922
0.0592462
0.0887634
0.118947
0.109545
0.13092
0.106714
0.198037
0.0798193
0.109465
0.085318
0.216582
0.0419337
0.0805003
0.0425758
0.0692718
0.0585912
0.119075
0.059092
0.0883478
0.107382
0.19948
0.128632
0.105565
0.080113
0.214801
0.108448
0.0861161
0.0552794
0.0587681
0.0916145
0.0843298
-0.0056509
-0.00564616
0.00326054
0.0689701
0.038546
0.0418179
0.119154
0.0510598
-0.00289817
0.0186753
0.0810738
0.0233004
0.00632088
0.00632356
0.0461482
0.0392557
0.0682293
0.061139
0.10615
0.0805297
0.0462075
0.0469765
0.0681544
0.0850815
0.0767936
0.0888548
0.10911
0.109063
0.0312191
0.0312304
0.0553415
0.0491775
0.0493417
0.0626254
0.0818614
0.137667
0.0496201
0.0561751
0.0851604
0.082156
0.0435552
0.0402812
0.115995
0.0506816
-0.00403135
0.0185376
0.0799274
0.0156398
0.0691627
0.0609527
0.105959
0.0807499
0.0745983
0.0865893
0.103767
0.115204
0.0471896
0.0622598
0.0815861
0.142152
0.0471782
0.049531
0.077935
0.101249
0.158807
0.166878
0.164787
0.166021
0.0784427
0.0784321
0.0745619
0.0810901
0.159321
0.159433
0.161814
0.156367
0.11464
0.114619
0.111876
0.113433
0.0993378
0.0964359
0.12319
0.23154
0.323021
0.323569
0.279548
0.374833
0.54065
0.540961
0.548833
0.531511
0.0469678
0.0494337
0.0772082
0.101027
0.154618
0.162623
0.160934
0.162402
0.15767
0.158456
0.160128
0.154955
0.0992389
0.0963074
0.121579
0.227299
0.152196
0.150755
0.163796
0.158594
0.146227
0.147106
0.158856
0.15408
0.0386342
0.0447779
0.044717
0.0493834
0.144958
0.153233
0.153821
0.163326
0.113792
0.119261
0.119091
0.113169
0.159234
0.164596
0.164097
0.16504
0.156136
0.161608
0.161412
0.162196
0.0979213
0.0943573
0.1003
0.0978919
0.563181
0.560617
0.562686
0.563717
0.120555
0.149123
0.127405
0.162205
0.119537
0.148352
0.126283
0.161422
0.0762627
0.0818933
0.0818806
0.0857286
0.171716
0.229738
0.232406
0.306875
0.000522522
-0.00352388
0.0051658
0.000328311
-0.0631037
-0.0680236
0.0096883
-0.0756714
0.00309912
-0.00610667
0.00597047
0.0360158
0.0191382
0.0261351
0.0947115
0.0271053
0.020633
-0.0324237
0.0792602
0.0142824
0.00594179
0.00638485
0.0414283
0.0274304
0.0251472
0.037036
0.0588439
0.070118
0.00825478
0.00853796
0.0653464
0.0250726
0.0224549
0.0344626
0.0534212
0.051486
0.043687
0.0625091
0.0774348
0.0746989
0.0231848
0.0227478
0.0685115
0.0330288
0.020208
0.025467
0.0437112
0.0364329
0.0224726
0.0359105
0.0536606
0.0584296
0.00310445
-0.00609963
0.00308754
0.0363803
-0.0619262
-0.0470258
0.00477421
-0.0759426
0.0102602
0.0246762
0.091643
0.0269847
0.00573056
0.00622133
0.0412332
0.027341
0.0205744
-0.0324306
0.0792256
0.0144849
0.0249981
0.0368158
0.0587509
0.0686988
0.0282294
0.0377292
0.0583839
0.0512515
0.0068193
0.0072608
0.0586969
0.0237012
0.04144
0.0603227
0.0697526
0.0817352
0.0202685
0.0254914
0.0440071
0.0363687
0.0230306
0.0224203
0.0684284
0.0328205
0.0213564
0.0341295
0.0490119
0.0591797
0.0386923
0.0486981
0.0912104
0.0324898
0.0434606
0.0447698
0.0741884
0.0930427
0.115231
0.137983
0.125899
0.126213
0.0799839
0.0794848
0.0764787
0.0826149
0.0648921
0.0675031
0.116043
0.0808114
0.0541259
0.0519582
0.0828089
0.113765
0.116329
0.140415
0.126633
0.159257
0.116012
0.116241
0.115089
0.116394
0.10417
0.0976344
0.127513
0.140941
0.149446
0.158906
0.153296
0.153866
0.104367
0.101934
0.12705
0.230761
0.241831
0.284411
0.208266
0.316671
0.0733842
0.0662225
0.0997268
0.283626
0.13433
0.145941
0.142276
0.137143
0.0886556
0.0929158
0.119289
0.22457
0.505951
0.54353
0.540348
0.524237
0.0385317
0.0484873
0.0886978
0.0307097
0.07948
0.0794532
0.0764208
0.0825738
0.0433222
0.04463
0.0733683
0.0929206
0.113418
0.134997
0.12344
0.123891
0.0646096
0.066764
0.1158
0.0808208
0.116751
0.116178
0.114937
0.116361
0.053927
0.0517888
0.0821343
0.113576
0.115547
0.139096
0.125483
0.158495
0.10175
0.0955016
0.123224
0.146327
0.244767
0.285735
0.210452
0.318747
0.144042
0.154378
0.148211
0.14906
0.103231
0.101417
0.125095
0.226367
0.0739143
0.0667932
0.0987449
0.279918
0.504743
0.544651
0.542001
0.525596
0.135873
0.14736
0.142601
0.1412
0.0903308
0.0937536
0.117966
0.221043
0.100038
0.140404
0.116853
0.114523
0.0939308
0.103537
0.0988237
0.0982523
0.0127228
0.0251814
0.0200522
0.0200214
0.0240972
0.00769985
-0.00594696
-0.0060853
0.106186
0.136084
0.119249
0.127593
0.0497478
0.046081
0.0438293
0.0533485
0.0942208
0.107216
0.100476
0.0999076
0.0312583
0.00163455
0.0227726
0.0384532
0.060982
0.0685334
0.0648225
0.0648498
0.0438438
0.0354051
0.039364
0.0392966
0.126133
0.146814
0.143102
0.118518
0.082904
0.0842141
0.0898008
0.0802207
0.10932
0.127782
0.118137
0.118765
0.0814902
0.0777499
0.073072
0.0724003
0.130323
0.172406
0.151452
0.153871
0.131432
0.144452
0.130476
0.149566
0.0788571
0.102457
0.0880009
0.0881095
0.0253633
0.0151951
0.0194834
0.019588
0.106852
0.120845
0.107532
0.119801
0.183081
0.208983
0.256402
0.131131
0.0935147
0.135444
0.111113
0.108293
0.0922771
0.102416
0.0968953
0.097614
0.104262
0.132508
0.116614
0.124139
0.0494651
0.0459035
0.0421907
0.0524264
0.0931283
0.106225
0.0998392
0.0997076
0.0269066
0.00108482
0.0221765
0.03786
0.12632
0.146581
0.143018
0.119438
0.0864736
0.0841762
0.0897319
0.0801554
0.125602
0.166339
0.153067
0.149563
0.133317
0.147101
0.153164
0.134215
0.105623
0.119861
0.118626
0.106511
0.191125
0.212187
0.131983
0.270583
0.115142
0.138508
0.126398
0.126346
0.100197
0.0991088
0.0969595
0.102787
0.160934
0.167406
0.156759
0.158623
0.165605
0.165072
0.158974
0.166136
0.0686702
0.0599196
0.064977
0.0650136
0.0876802
0.0942749
0.0916006
0.0915851
0.163049
0.163574
0.159541
0.163422
0.170416
0.173072
0.172602
0.172438
0.113004
0.106244
0.10999
0.110008
0.102938
0.0943261
0.0998969
0.0998659
0.14504
0.155583
0.149686
0.150977
0.5227
0.562383
0.555417
0.555002
0.198136
0.182834
0.190659
0.19127
0.467313
0.55613
0.511015
0.511439
0.565067
0.564735
0.566245
0.56663
0.513112
0.440993
0.497687
0.497795
0.113845
0.136266
0.124575
0.124695
0.100008
0.09902
0.0968003
0.102656
0.156345
0.162544
0.15347
0.153341
0.162134
0.161862
0.15538
0.162593
0.160948
0.161203
0.161297
0.157113
0.169118
0.171974
0.17155
0.171598
0.141189
0.152422
0.147301
0.14631
0.523043
0.563991
0.557125
0.557834
0.0565322
0.0829168
0.109301
0.108814
0.110135
0.126609
0.132303
0.156954
0.143776
0.149195
0.146835
0.151572
0.0878618
0.0934702
0.107353
0.111888
0.051112
0.0812362
0.104474
0.103794
0.0814147
0.0856637
0.101341
0.106047
0.137806
0.143929
0.141482
0.146618
0.117124
0.123875
0.13026
0.154115
0.0178957
0.0260035
0.0207368
0.0304311
0.0138584
0.0258845
0.0206492
0.0276886
0.0632593
0.0700869
0.061708
0.0656336
0.0635667
0.0704022
0.0620056
0.0657447
0.091735
0.0957913
0.107145
0.111241
0.16734
0.183905
0.168253
0.181447
0.169082
0.187282
0.171702
0.183914
0.0961555
0.0977992
0.110132
0.11513
-0.0473749
-0.00903663
-0.0302815
-0.0235475
0.0425277
0.0507666
0.0522793
0.057797
0.0497996
0.0412645
0.0567088
0.0509216
-0.00874646
-0.047141
-0.023663
-0.0240042
0.115214
0.126447
0.126488
0.138267
0.115253
0.126341
0.126341
0.138328
0.146997
0.142326
0.152935
0.148341
0.153078
0.147549
0.157335
0.152229
0.11363
0.124282
0.124461
0.135699
0.148664
0.142972
0.1535
0.148205
0.144255
0.139211
0.150319
0.145281
0.11422
0.125034
0.124864
0.136587
0.0927083
0.0892318
0.09585
0.092847
0.0891647
0.092612
0.0928006
0.0957629
0.115842
0.111965
0.111539
0.108636
0.112028
0.115947
0.10874
0.111593
0.446409
0.423801
0.521247
0.497733
0.515624
0.553548
0.554509
0.563426
0.55538
0.514671
0.564681
0.556468
0.425768
0.448564
0.498936
0.522732
0.144846
0.152699
0.153357
0.165154
0.0814424
0.0772583
0.0950781
0.0916367
0.0807902
0.0813451
0.0911161
0.0947323
0.124225
0.13503
0.128344
0.140869
0.144254
0.152183
0.152654
0.164003
0.122628
0.134742
0.12689
0.139422
0.0809483
0.0804835
0.0914738
0.0938476
0.081062
0.0768505
0.094364
0.0911098
0.0946509
0.105524
0.0972596
0.101079
0.102681
0.10538
0.0971536
0.100986
0.0630884
0.0673706
0.0659807
0.0712878
0.0632324
0.067663
0.066064
0.0713719
0.456987
0.505679
0.397984
0.483108
0.0666303
0.0741264
0.0814321
0.0892781
0.067073
0.0747099
0.0818043
0.0898618
0.458596
0.506788
0.408457
0.483926
0.0247484
0.0300838
0.00449551
0.0320332
0.0298447
0.0245743
0.0318195
0.00657725
0.0449521
0.0395417
0.0167352
0.0410479
0.0398591
0.0452612
0.0415008
0.0170525
0.0107294
-0.0198303
0.0108157
0.0204324
0.022627
0.0164165
0.0728548
0.0192532
0.039724
0.0195919
0.0485217
0.0579775
0.0488528
0.0231574
0.0375849
0.0318185
0.053474
0.0468646
0.0548346
0.0354874
0.034712
0.0291776
0.0395941
0.0383413
0.0108069
0.0206427
0.00899452
-0.0193762
0.0214437
0.0163473
0.0392781
0.0195339
0.0728933
0.0193362
0.04822
0.0576052
0.044813
0.0315699
0.041267
0.0217537
0.0452495
0.0545666
0.0351145
0.0291994
0.0527514
0.0352103
0.0363067
0.0388838
0.0684334
0.0816313
0.0724106
0.0865068
0.0979987
0.0994184
0.0797583
0.0830402
0.111093
0.0729304
0.0864778
0.114789
0.104713
0.127234
0.115423
0.0976734
0.13092
0.160603
0.145872
0.144062
0.128983
0.236816
0.163639
0.273862
0.104035
0.216891
0.130913
0.126821
0.115294
0.216191
0.365609
0.366086
0.0675167
0.0816033
0.079682
0.0829664
0.0715098
0.086404
0.0963096
0.0977471
0.112297
0.0724384
0.115233
0.0962981
0.085995
0.114497
0.104171
0.126385
0.128477
0.166424
0.169952
0.277433
0.139545
0.138507
0.126892
0.231758
0.10311
0.215186
0.363266
0.363693
0.129542
0.124966
0.114164
0.214044
0.0826599
0.0797477
0.0752961
0.024705
0.077285
0.0915748
0.084777
0.0853519
0.00308856
0.0526676
0.00309519
0.0527363
0.00875863
0.00876518
0.038817
0.038806
0.113874
0.0412216
0.114887
0.0583808
0.0997323
0.107516
0.0451686
0.0533081
0.0759593
-0.0106048
0.0762822
0.0297011
0.0861989
0.0866084
0.0115304
0.0313104
0.0441854
0.0343742
0.0440907
0.0343039
0.0567201
0.0567358
0.0396088
0.0395693
0.06863
0.0769631
0.112191
0.0775543
0.135789
0.106434
0.080449
0.080279
0.0636538
0.069232
0.0658628
0.0687232
0.0887341
0.0895832
0.0761612
0.0753486
0.0972481
0.0923814
0.121095
0.125337
0.125688
0.113643
0.110824
0.128291
0.049546
0.043837
0.0496888
0.0438246
0.0642452
0.0643257
0.0566888
0.0567458
0.0679055
0.078063
0.0917826
0.242163
0.0932139
0.103578
0.224471
0.110724
0.0777856
0.0749127
0.0679073
0.0207438
0.0710571
0.0842798
0.08513
0.0831384
0.108559
0.0411091
0.117005
0.0581303
0.0974286
0.108298
0.0448948
0.0529497
0.0754936
-0.0110375
0.0762372
0.0293394
0.0862409
0.08542
0.0106622
0.0304976
0.0685399
0.0768123
0.112766
0.0775825
0.136048
0.106783
0.0805147
0.0804324
0.0910405
0.0988616
0.116187
0.131085
0.107665
0.118895
0.133304
0.116377
0.0653038
0.0790605
0.0910124
0.239396
0.10218
0.0919295
0.111501
0.238549
0.0759863
0.0951539
0.0803258
0.107506
0.103933
0.104012
0.0977028
0.103538
0.1465
0.148621
0.162764
0.163283
0.155178
0.164004
0.158894
0.166567
0.0755204
0.0821845
0.0754912
0.0821583
0.0715515
0.0715678
0.0849549
0.0849429
0.15034
0.159266
0.153948
0.152635
0.159973
0.161817
0.162041
0.154796
0.113483
0.114914
0.11342
0.114897
0.110677
0.110717
0.108563
0.108522
0.125122
0.23115
0.121237
0.228235
0.139069
0.140371
0.379276
0.379069
0.249729
0.358316
0.250196
0.358806
0.215251
0.214846
0.417012
0.417483
0.549003
0.530874
0.549992
0.531728
0.557006
0.557356
0.520425
0.520748
0.0752218
0.0948309
0.0796199
0.107304
0.102918
0.103202
0.0974525
0.103329
0.142807
0.145166
0.158584
0.159373
0.159472
0.150795
0.154998
0.162608
0.14859
0.158144
0.153724
0.150781
0.16012
0.157907
0.160954
0.153332
0.123348
0.22664
0.119756
0.224158
0.135995
0.135098
0.374094
0.37438
0.144464
0.154723
0.141879
0.150132
0.172967
0.162998
0.157481
0.170777
0.138685
0.143731
0.138568
0.1468
0.15722
0.165964
0.165631
0.151947
0.0336738
0.0336304
0.0397909
0.0505511
0.0396898
0.0504459
0.0551224
0.05517
0.135684
0.136315
0.139757
0.158315
0.159913
0.141419
0.172401
0.17297
0.109243
0.10876
0.0913224
0.094882
0.0760846
0.0755195
0.107875
0.10847
0.148815
0.149069
0.159059
0.165577
0.15943
0.164231
0.160095
0.160951
0.146098
0.146537
0.155755
0.162436
0.161857
0.15668
0.157852
0.157314
0.0955654
0.101586
0.0920009
0.0919671
0.10394
0.103964
0.0955017
0.101532
0.562892
0.564569
0.560656
0.561234
0.565324
0.5658
0.565722
0.564188
0.114382
0.113684
0.157082
0.124775
0.116831
0.134919
0.16698
0.166259
0.113208
0.113679
0.15658
0.124142
0.133707
0.117713
0.166089
0.165636
0.0737195
0.0737414
0.0877648
0.0782418
0.0877304
0.0782091
0.0902037
0.0901818
0.110744
0.110873
0.286362
0.151742
0.152756
0.291671
0.36385
0.366454
-0.00218817
0.00626471
0.0134853
0.0133409
0.0100707
0.0102207
-0.00252593
0.00592181
0.022795
0.0555325
-0.0360697
-0.0467045
0.0149156
0.00884257
0.00253349
0.0228104
0.0378719
0.0918252
0.0192
0.0317633
0.0674339
0.0850058
0.0234765
-0.0129593
0.0571751
0.0569775
0.0245538
0.0320022
0.0631249
0.0731708
0.0644176
0.0728525
0.0685039
0.0856706
0.0330591
0.0363273
0.0668568
0.0783669
0.0414463
0.0590208
0.0735213
0.0961136
0.0725943
0.0921867
0.0700165
0.0786337
0.0372068
0.0345563
0.0513401
0.0585269
0.0425713
0.0496762
0.0671721
0.0803216
0.0556993
0.0772288
0.0149181
0.00885823
0.00294531
0.0229615
0.0200415
0.0501734
-0.0354905
-0.0352997
0.0355366
0.0883657
0.0187159
0.0315948
0.0570247
0.0568969
0.024434
0.0318688
0.0673214
0.084536
0.023373
-0.013321
0.0629695
0.0729348
0.0641403
0.0727353
0.0709028
0.0817222
0.0406774
0.0584322
0.0614669
0.0787078
0.0319606
0.0349351
0.065283
0.0890816
0.0789543
0.0980575
0.0518079
0.0587971
0.042407
0.0495281
0.069575
0.0785336
0.0369801
0.0341108
0.0659755
0.0792142
0.0562489
0.0780494
0.0974347
0.109092
0.0714771
0.0591349
0.101662
0.103915
0.0895967
0.0962322
0.116153
0.135491
0.115225
0.138118
0.0759423
0.0724403
0.0861169
0.0860883
0.145884
0.146406
0.0891418
0.0925132
0.104213
0.104081
0.116688
0.109443
0.115544
0.138471
0.144245
0.159294
0.113551
0.112231
0.0961137
0.109967
0.141895
0.133555
0.159033
0.14447
0.148969
0.156736
0.148698
0.158107
0.142847
0.141615
0.358876
0.375465
0.183185
0.190364
0.349108
0.391064
0.12109
0.111615
0.421012
0.366089
0.139345
0.150059
0.12987
0.143739
0.136307
0.137705
0.369664
0.374805
0.513798
0.55583
0.508596
0.519687
0.0959605
0.107592
0.0708649
0.0587121
0.0758851
0.0723905
0.0860457
0.0860527
0.100102
0.102596
0.0894997
0.0961065
0.114335
0.132325
0.113524
0.135343
0.145293
0.145958
0.0890119
0.0925144
0.11356
0.112101
0.102782
0.109843
0.103602
0.103359
0.116534
0.109281
0.114649
0.13684
0.143485
0.158259
0.135803
0.127545
0.164377
0.149254
0.18659
0.192982
0.352084
0.392313
0.142981
0.152052
0.143677
0.153943
0.137684
0.136844
0.358409
0.37095
0.119092
0.110062
0.417819
0.369389
0.510917
0.55694
0.510001
0.520902
0.137808
0.148999
0.130761
0.14458
0.133129
0.134153
0.366062
0.370551
0.132944
0.0838469
0.100417
0.14269
0.0897293
0.0931555
0.0566852
0.0440068
0.0132007
0.0260424
0.0259712
0.0130644
-0.000449454
0.00872513
0.00879085
-0.00160796
0.0978308
0.127586
0.145359
0.119991
0.0346559
0.0393576
0.0569878
0.0561857
0.0949904
0.108398
0.102503
0.0890821
0.0147614
0.00522571
0.0365075
0.0093735
0.0617753
0.0697806
0.0698281
0.0618421
0.0367085
0.0198227
0.0212813
0.0365791
0.142071
0.16262
0.105323
0.0875298
0.091955
0.0881751
0.0764294
0.0753804
0.121693
0.103022
0.104967
0.123467
0.0664928
0.0650566
0.0641541
0.0656789
0.137236
0.162281
0.162452
0.11556
0.113968
0.1257
0.163398
0.149952
0.0734016
0.0964157
0.0966836
0.0736174
0.0226287
0.014124
0.0143748
0.0227977
0.0941015
0.106384
0.132004
0.115873
0.311099
0.330423
0.10421
0.0971154
0.078371
0.125843
0.139933
0.0936546
0.0431291
0.0525723
0.0943005
0.0878502
0.124245
0.0964825
0.118464
0.140601
0.0391614
0.0345284
0.0560411
0.0566926
0.0892505
0.103161
0.107717
0.0944285
0.00461332
0.0143815
0.00895357
0.0361064
0.162296
0.141594
0.087158
0.104685
0.0938857
0.0918894
0.0753145
0.0770948
0.109624
0.156282
0.159462
0.131621
0.15031
0.165934
0.128507
0.11454
0.11449
0.127493
0.106052
0.0930589
0.0979197
0.10471
0.350182
0.327587
0.115187
0.138526
0.138418
0.115189
0.0931106
0.0944501
0.106138
0.10531
0.146397
0.151021
0.158437
0.159065
0.148683
0.148724
0.1625
0.161763
0.0693783
0.0607085
0.0607928
0.0695191
0.0888752
0.0955046
0.0954697
0.0888476
0.148928
0.149081
0.158927
0.157573
0.167564
0.16738
0.150691
0.147969
0.114551
0.107687
0.107729
0.114592
0.104231
0.0957929
0.09574
0.104159
0.143683
0.154266
0.15654
0.146292
0.51758
0.562325
0.563148
0.518867
0.193117
0.177521
0.179053
0.194646
0.553659
0.460253
0.461495
0.554931
0.565117
0.56565
0.566711
0.566085
0.416509
0.509354
0.510035
0.425585
0.136121
0.113762
0.114022
0.136466
0.0942311
0.0930054
0.105239
0.105985
0.154713
0.153611
0.147719
0.142515
0.14552
0.145868
0.158348
0.158844
0.155396
0.156455
0.146839
0.146959
0.166417
0.166788
0.147283
0.148925
0.142086
0.153029
0.151356
0.1402
0.518625
0.564629
0.564017
0.51631
0.0131085
0.0339627
0.0417508
0.00684996
0.111131
0.100315
0.0916339
0.106795
0.145318
0.137093
0.120004
0.130131
0.0870881
0.0323101
0.0721675
0.0931741
0.0697624
0.11589
0.113836
0.0708951
0.156742
0.154706
0.136806
0.136197
0.154051
0.140981
0.145573
0.158894
0.116724
0.10337
0.115505
0.115465
0.132181
0.129379
0.145989
0.149532
0.115792
0.134042
0.140665
0.125167
0.167082
0.168577
0.152658
0.175654
0.165424
0.157976
0.154122
0.161531
0.0408995
0.0571177
0.0809636
0.0657594
0.0849685
0.102373
0.096681
0.0731237
0.159119
0.166748
0.122541
0.143561
0.103372
0.0880604
0.104117
0.124829
0.0121031
0.0044586
0.0390741
0.0319548
0.0810723
0.0871404
0.0680245
0.0221304
0.14087
0.126358
0.116163
0.13274
0.109536
0.10264
0.0902016
0.098354
0.0326141
0.0575799
0.0732391
0.0502787
0.0971931
0.121415
0.0975722
0.0807303
0.152188
0.138044
0.117823
0.160534
0.0838085
0.0656061
0.0901106
0.0952195
0.129884
0.14382
0.139862
0.125992
0.161073
0.157005
0.149343
0.153356
0.161046
0.169333
0.147691
0.164518
0.110224
0.119909
0.135027
0.126522
0.0688202
0.0701029
0.111892
0.114024
0.122335
0.112812
0.113732
0.0986933
0.149793
0.154465
0.142538
0.136836
0.152433
0.133118
0.133566
0.150504
0.0110687
0.00992725
0.0186538
0.0200374
0.00317997
0.0129694
0.0134302
0.00296037
0.0392194
0.0403626
0.0264641
0.0256201
0.0461398
0.0326842
0.0311958
0.0445511
0.011035
0.0194564
0.0182448
0.00996821
0.0458924
0.0443104
0.0310352
0.0325668
0.039167
0.0255831
0.0263551
0.0402091
0.00318537
0.00300978
0.0132258
0.0128998
0.0838413
0.0782055
0.0704671
0.0680072
0.0750268
0.0690241
0.0697325
0.075956
0.0499182
0.0509708
0.0611003
0.0603151
0.0544041
0.0587217
0.0602925
0.0530768
0.0839045
0.0687607
0.0709251
0.0782652
0.0547184
0.0533661
0.0605938
0.059159
0.0499719
0.0603572
0.0612286
0.0511317
0.0750412
0.0759993
0.0699606
0.0690843
0.027875
0.064166
0.0867709
0.0474511
0.100727
0.122608
0.104768
0.0837199
0.144458
0.12691
0.116422
0.13502
0.0685403
0.0585385
0.0974022
0.108617
0.16781
0.188502
0.172903
0.1488
0.270448
0.197751
0.188502
0.228993
0.162818
0.153924
0.172872
0.182028
0.117199
0.13315
0.159224
0.140822
0.173054
0.154419
0.174555
0.191848
0.123149
0.141788
0.160118
0.13872
0.163396
0.18261
0.175361
0.156516
0.270028
0.230317
0.190949
0.198366
0.0369474
0.0524935
0.0882803
0.0718273
0.0694413
0.109047
0.100571
0.0621469
0.145068
0.137759
0.119318
0.127562
0.107057
0.0903902
0.106655
0.124315
0.00961195
-0.0491157
-0.0226751
0.0282255
0.082105
0.0917251
-0.0386484
-0.0505898
0.114542
0.00351334
-0.0281634
0.103929
0.061026
0.044459
0.000168755
0.0166516
0.0219473
0.0416671
0.041941
0.0241115
0.0779107
0.0746685
0.0582614
0.0600282
0.114146
0.103402
0.0581314
0.07234
0.0775992
0.026681
0.0441601
0.0919868
0.0211611
0.0227608
0.0409566
0.0414843
0.0779856
0.0909672
0.0428066
0.0250983
0.113482
0.0713847
0.0570484
0.102281
0.0771571
0.0597105
0.0573855
0.0737592
0.00985039
0.0285336
-0.0222402
-0.0483921
0.0610458
0.0165822
0.000232476
0.0446759
0.113992
0.102937
-0.0263051
0.00309589
0.0801726
-0.0386715
-0.0293883
0.0903177
0.0713589
0.07332
0.115213
0.11525
0.0769061
0.115165
0.115209
0.075083
0.159113
0.15902
0.138407
0.138515
0.15885
0.13805
0.138189
0.158929
0.0878192
0.115729
0.115337
0.0841628
0.159731
0.15951
0.138281
0.139166
0.159356
0.138466
0.138373
0.159486
0.0790844
0.0815835
0.115216
0.115161
0.112352
0.118216
0.141631
0.136836
0.122212
0.144362
0.143005
0.120261
0.164636
0.163827
0.1536
0.154932
0.16108
0.14762
0.152232
0.162837
0.129953
0.149058
0.148157
0.128016
0.166722
0.166411
0.157723
0.158531
0.165307
0.156131
0.156937
0.165853
0.124149
0.126092
0.146918
0.145666
0.0703868
0.113489
0.11356
0.07247
0.154809
0.155189
0.135518
0.135171
0.155936
0.136215
0.13589
0.155563
0.0761618
0.0742815
0.113714
0.113803
0.127764
0.125994
0.143411
0.143858
0.122467
0.141637
0.142532
0.124217
0.162312
0.162567
0.153262
0.152779
0.162615
0.15416
0.153724
0.162601
0.11129
0.137368
0.138679
0.117024
0.159289
0.160894
0.149794
0.148158
0.162071
0.151884
0.150842
0.161577
0.120656
0.11886
0.139706
0.140694
0.0873637
0.0835555
0.114379
0.114898
0.0783576
0.113928
0.114114
0.0809052
0.156447
0.156911
0.13653
0.136387
0.157917
0.137708
0.136649
0.157205
0.0836865
0.0828222
0.0894138
0.0897745
0.0816375
0.0882776
0.0894675
0.0827268
0.0949609
0.0961095
0.0960592
0.0948896
0.0981527
0.0964156
0.0960401
0.0973232
0.0835708
0.0896622
0.0893287
0.0827629
0.0979233
0.0971197
0.0959317
0.096269
0.0949293
0.0948722
0.0960053
0.0960124
0.0816244
0.0826889
0.0894265
0.0882639
0.116785
0.115155
0.116186
0.115708
0.112647
0.113777
0.115271
0.114139
0.100916
0.102129
0.108389
0.106965
0.104165
0.11044
0.108975
0.102996
0.116952
0.116994
0.116315
0.114781
0.104378
0.103167
0.10911
0.110636
0.100942
0.106986
0.108452
0.102209
0.112678
0.114235
0.115336
0.113797
0.224637
0.231114
0.39952
0.295497
0.231339
0.522247
0.486911
0.230955
0.561904
0.555594
0.549931
0.562326
0.369991
0.337692
0.444516
0.464007
0.216398
0.510435
0.514803
0.220378
0.548947
0.565244
0.562367
0.549739
0.564194
0.562634
0.563399
0.56591
0.229888
0.226488
0.51707
0.520752
0.214434
0.217138
0.512996
0.509083
0.225726
0.520942
0.516543
0.222601
0.564714
0.566315
0.564805
0.564171
0.549276
0.550791
0.563601
0.565611
0.22401
0.29839
0.401783
0.226533
0.370487
0.464512
0.445698
0.339
0.562458
0.563988
0.550777
0.556033
0.226967
0.226411
0.486598
0.521143
0.106023
0.116998
0.14295
0.15318
0.109226
0.132746
0.142924
0.113052
0.160796
0.169827
0.164343
0.154649
0.158597
0.159901
0.161664
0.170448
0.0665363
0.079634
0.0725723
0.0539017
0.0771299
0.0934064
0.0901261
0.068899
0.120912
0.122046
0.100235
0.107683
0.0900801
0.0638666
0.0823876
0.112673
0.0333299
0.0466298
0.0755744
0.0637887
0.0749056
0.100489
0.0877261
0.0608545
0.120586
0.106868
0.0984512
0.114069
0.0800589
0.0724841
0.0848773
0.0933231
0.106806
0.131779
0.128215
0.102102
0.156203
0.158384
0.143393
0.14484
0.147095
0.127166
0.13685
0.170895
0.0876968
0.0958623
0.120058
0.111687
0.105733
0.151576
0.143248
0.115424
0.157293
0.169293
0.160531
0.15896
0.159665
0.154378
0.163262
0.168863
0.10892
0.112892
0.14244
0.133069
0.10582
0.101174
0.126971
0.13334
0.0871766
0.110411
0.118559
0.0949646
0.146584
0.170053
0.135602
0.125971
0.156316
0.14574
0.141204
0.157102
0.0307163
0.0636313
0.0749815
0.0426352
0.0795353
0.0933006
0.0850059
0.0723342
0.119917
0.113211
0.0987115
0.1066
0.073471
0.057068
0.0867787
0.0993465
0.0666272
0.0538055
0.0723071
0.0796402
0.0903553
0.112179
0.0819835
0.0637814
0.119642
0.106976
0.0995419
0.121718
0.0764581
0.0686907
0.0895344
0.092632
0.0676029
0.103466
0.0932659
0.0798967
0.114174
0.103585
0.104878
0.115654
0.0867468
0.0887828
0.0965263
0.0950596
0.0795422
0.0805874
0.0912107
0.0864014
0.067274
0.079808
0.104018
0.110264
0.0796832
0.090878
0.0982928
0.0807731
0.0867296
0.0950331
0.0964468
0.0887312
0.114165
0.115629
0.104769
0.103549
0.039683
0.0399024
0.0636131
0.0649003
0.0454899
0.0612948
0.0624672
0.0426781
0.077236
0.0791823
0.0704041
0.0691571
0.081069
0.0730352
0.0721688
0.0812088
0.0403886
0.065235
0.0638227
0.0402272
0.0809508
0.0787602
0.0723252
0.0732644
0.0772523
0.0691808
0.0704754
0.0792312
0.0455353
0.042823
0.0625671
0.0613286
0.218898
0.245578
0.496069
0.514378
0.204693
0.23399
0.388054
0.260742
0.296894
0.428044
0.40723
0.275713
0.530439
0.53173
0.507874
0.510971
0.0274793
0.040208
0.0626811
0.048679
0.0524153
0.0761228
0.0704051
0.0465436
0.16202
0.141388
0.0927563
0.0999211
0.0892537
0.0682293
0.0854699
0.121785
0.0279953
0.0493288
0.063195
0.0405609
0.090486
0.122628
0.0862046
0.0691258
0.163134
0.100041
0.0931825
0.142348
0.0524789
0.0467637
0.0707245
0.0762173
0.217595
0.51602
0.497427
0.241674
0.530715
0.511258
0.508955
0.533071
0.299462
0.281206
0.417704
0.433445
0.205403
0.257453
0.393156
0.259976
0.0161452
0.0236113
0.0268403
0.0210132
0.037302
0.0402932
0.0332327
0.0309027
-0.00311294
-0.00166653
0.012174
0.0287318
0.00431403
-0.0188321
-0.007263
0.0171065
0.016203
0.021041
0.0266513
0.0235274
0.003457
0.0163757
-0.00329094
-0.018997
-0.00328209
0.0293126
0.0122085
-0.00216409
0.0372616
0.0307863
0.0330326
0.0402344
0.0261854
0.032758
0.0411132
0.0339261
0.0466783
0.0239524
0.02102
0.0402472
0.00533036
0.00511055
0.0128135
0.0149893
0.0270077
0.0310467
0.0376945
0.0342701
0.0261892
0.0341309
0.0413713
0.0328085
0.0277802
0.0349764
0.0381415
0.031341
0.00550168
0.0151177
0.0131913
0.00560901
0.0466907
0.0403032
0.0212732
0.0240366
