-0.79156
0.125
-1.775
-0.705354
0.335
1.855
-0.875
0.595
-1.35176
-0.575
0.767672
1.985
0.75175
0.125
-1.775
0.75797
0.175
1.625
0.865362
0.595
-1.355
0.545
0.767719
1.985
0.0548805
0.130025
0.028181
0.075755
-0.017323
-0.0167369
0.0175526
0.0712444
0.00461533
0.0227345
0.0793769
0.138055
0.0770372
0.0310631
0.00931676
0.00210173
0.0175465
0.0764062
0.141277
0.0538811
0.0123549
-0.00246556
0.00368042
0.0141939
0.0560981
0.105153
0.0421424
0.00641556
-0.00598279
0.0322535
0.0486297
0.0819498
0.104521
0.0820822
0.0533301
0.031986
-0.0103755
0.00101245
0.0469573
0.110795
0.0460348
0.00196418
-0.0175523
-0.00991923
-0.0181696
-0.0292987
-0.00738049
-0.0214128
-0.0313886
0.0185415
0.0340574
0.0671164
0.0906662
0.0643097
0.0329316
0.0105328
-0.0270593
-0.0195631
-0.0208126
0.000970746
0.00528502
-0.0315937
-0.0553936
-0.01976
-0.0403972
-0.0624561
-0.0147028
-0.0387716
-0.0603573
0.00103912
0.0165515
0.0461209
0.0666034
0.0384786
0.00444403
-0.021313
-0.036361
-0.0294241
-0.0354515
-0.0303873
-0.0285809
-0.0498746
-0.0711324
-0.0276387
-0.0145516
-0.0242718
-0.027562
-0.0335154
-0.0542018
-0.0752971
-0.0194688
-0.00417926
0.00970941
0.0330358
-0.0165403
-0.0476015
-0.0703855
-0.00601629
0.00953946
0.0353752
0.0506371
0.0245409
-0.00785268
-0.0341179
-0.0296809
0.00530674
0.0875162
0.0210135
0.0242719
0.0769802
-0.0385734
0.0274711
0.0982893
0.0686608
-0.0193084
0.0154791
0.0718022
-0.0148215
0.0185319
0.0669707
0.00205818
0.0910243
0.0104517
0.209043
0.0560185
0.0459137
0.17649
0.358873
-0.0730971
0.0648625
0.163437
0.0396971
0.0515599
0.0953929
0.0344928
0.0925684
0.305039
0.126903
0.0867635
0.0327069
0.363667
0.168389
0.178893
0.072799
0.22756
0.222639
-0.0378015
0.00534488
0.0249811
0.0218229
0.0317591
0.0783537
-0.00951873
0.0613674
-0.0114412
0.00203208
0.0841281
0.0177205
0.00523453
-0.0452448
0.0064389
0.0162291
0.0461686
-0.00483238
0.0590528
-0.00111343
0.000463422
0.0841495
0.0329943
0.0171304
0.0949247
0.00122157
0.0713985
0.0370142
0.144847
0.110389
0.206884
0.10152
0.0217363
0.10311
0.0372168
0.149961
0.105304
0.19187
0.0521927
0.351703
0.0195749
-0.000927626
-0.0174405
0.0368726
-0.0202571
0.0256461
-0.0169378
0.136294
0.0114518
0.146693
0.0804157
0.0296718
0.102558
0.350644
0.163979
0.0470927
0.0274562
0.302872
0.00873233
0.316095
0.0786441
0.0580326
0.184473
0.197688
0.0796382
0.189649
0.135839
0.118636
0.0747718
0.204557
0.0416281
0.0967759
0.127699
0.195165
0.194234
0.209623
0.0789648
0.302071
0.113989
0.0326698
0.187628
0.243199
0.122065
0.0395817
0.081991
0.0928783
0.227549
0.209132
0.0755926
0.0585942
0.090593
0.105055
0.0433497
0.0215061
0.202663
0.168514
0.0444677
0.0733369
0.136199
0.356614
0.105541
0.295192
0.374198
0.308666
0.0222042
0.00581925
0.0709286
0.070853
0.13854
0.179794
0.112881
0.354712
0.0490335
0.0960549
0.0662338
0.0213702
0.104091
0.0598646
0.040628
0.116271
0.0194323
0.00726822
0.0357783
0.0673878
0.0814023
0.107998
0.105475
0.0786505
0.281981
0.274676
0.27297
0.280046
0.0647014
0.170505
0.161633
0.120746
0.0229789
0.100118
0.134866
0.0894333
0.0476548
0.00240135
0.0158041
0.0800968
0.279376
0.366538
0.365299
0.276777
0.138447
0.129157
0.169294
0.19197
0.153609
0.222801
0.177209
0.118415
0.11923
0.0261002
0.0448455
0.12423
0.296309
0.103683
0.103621
0.295622
0.224903
0.247604
0.199497
0.170978
-0.020766
0.00533252
0.0132597
0.0156733
0.0838364
0.0699367
-0.0117095
0.0332236
-0.0236899
-0.00416812
0.0576507
-0.0221654
0.00394887
-0.0244931
0.00387106
0.0354854
-0.00382007
-0.0211768
0.0289578
-0.00102497
0.00785904
0.057808
0.00886828
-0.0221973
0.0511917
0.0125253
0.0520446
0.0482829
0.135846
0.118292
0.197937
0.126106
0.0222303
0.0720525
0.0335225
0.109393
0.0860053
0.133137
0.0613237
0.237934
-0.00831415
0.0121086
-0.0172923
0.0115289
-0.0192005
0.0298252
-0.0168529
0.102187
0.0120371
0.106557
0.0576466
0.0242639
0.0822572
0.233588
0.113935
0.0562903
-0.0451558
-0.0157006
0.00821664
0.177977
0.0053296
0.00527802
0.00468625
0.271736
0.0740228
0.0893262
0.0971063
0.0732899
0.0253413
0.00647818
0.128375
0.138888
0.0291677
0.0184425
0.083016
0.121435
0.0785056
0.074207
0.117947
0.154005
0.0273426
0.0301585
0.0456881
0.121859
0.0118001
0.0230207
0.0621317
0.091651
0.0981796
0.0982147
0.104537
0.161352
0.0457334
0.0872259
0.150599
0.167951
-0.0299551
-0.00891012
0.0698785
0.159791
0.0146126
0.0155937
0.123585
0.0477319
0.0639786
0.0608415
0.142061
0.176714
-0.0143696
-0.0143413
0.0734109
0.0390129
0.03868
0.0116152
0.0575295
0.0892007
0.0446992
0.0851215
0.16849
0.167192
-0.00179133
0.0509529
0.0421041
0.0730312
0.0833599
0.0994037
0.0802951
0.0971323
0.0206821
0.00204644
0.0311162
0.0159917
0.20812
0.21166
0.206796
0.184969
0.0778444
0.040476
0.0502845
0.0572036
0.04236
0.0489538
0.0975562
0.228298
0.172739
0.171423
0.112733
0.240147
0.365752
0.365351
0.369152
0.337479
-0.0219182
-0.07529
-0.0241921
0.0110185
0.0562252
0.0736141
0.0464723
0.0673854
0.152627
0.173635
0.162258
0.161623
0.034467
0.0432942
0.0819196
0.220852
0.0440222
0.067905
0.0467573
0.0614174
0.087499
0.0975037
0.0893615
0.10119
0.030364
0.0469148
0.035012
0.0390117
0.0838019
0.0968795
0.094402
0.0990617
0.344515
0.359987
0.258077
0.34148
0.105362
0.115034
0.141649
0.143923
0.0587415
0.078399
0.0966706
0.110819
0.0438387
0.0270766
0.0385249
0.0176761
0.367832
0.338265
0.37145
0.367195
0.164481
0.152533
0.180854
0.168991
0.183343
0.150685
0.207131
0.179534
0.0762393
0.0988291
0.0592253
0.0738326
0.179052
0.227407
0.227517
0.271901
0.214979
0.257759
0.202035
0.244158
0.0383346
0.19594
0.010614
0.231913
0.054233
0.0258516
0.120663
0.111751
0.105833
0.129615
0.112093
0.166123
0.00211219
0.138967
0.0782746
0.198848
0.0111588
0.0744685
0.125938
0.120309
0.0935016
0.145531
0.102554
0.0658507
0.00444822
0.230891
0.0717462
0.192066
0.116906
0.0202355
0.0482274
0.121619
0.119641
0.228708
0.070107
0.0441525
0.0794566
0.193877
0.0486728
0.123547
0.0483635
0.0747019
0.0933912
0.162459
0.137575
0.153145
0.120335
0.0655637
0.0991156
0.0874526
0.032539
0.0576973
0.0515817
0.0656399
0.0509887
0.0423462
0.114326
0.154104
0.141066
0.104466
0.196048
0.183013
0.0908721
0.100635
0.0744238
0.100203
0.0916947
0.11458
0.0831157
0.194891
0.115628
0.21996
0.171606
0.238548
0.175832
0.192563
0.111726
0.232296
0.360678
0.324629
0.125195
0.050521
0.0189647
0.000787213
-0.0119096
0.0144976
0.0659714
0.0298067
0.137565
0.0253087
0.0207607
0.0244165
0.0380419
0.023182
0.118885
0.136129
0.0557483
0.0972764
0.113862
0.217085
0.0707264
0.0911575
0.0679579
0.18815
0.183219
0.236364
0.359628
0.323838
0.147292
0.188148
0.0971727
0.226159
0.0382614
0.0242134
0.30813
0.293817
0.0143398
0.00842845
0.319337
0.319407
0.0673451
0.0802041
0.0491689
0.0627515
0.147863
0.184888
0.211699
0.187092
0.0658197
0.105646
0.195829
0.198575
0.139512
0.133091
0.115991
0.121449
0.0770408
0.0760307
0.325264
0.320757
0.0768294
0.0349776
0.0890954
0.102408
0.124562
0.124485
0.198022
0.185853
0.193523
0.196987
0.257564
0.155739
0.0915385
0.0694353
0.293201
0.305591
0.109337
0.115673
0.029522
0.0342731
0.203147
0.155948
0.219682
0.225599
0.122538
0.121703
0.0409798
0.0422736
0.0692735
0.0585374
0.0992214
0.0848437
0.225228
0.210517
0.155293
0.257044
0.0686305
0.13473
0.0531382
0.0693032
0.0990381
0.0463225
0.0868209
0.118969
0.0413321
0.0564768
0.0321533
0.00978674
0.193002
0.171738
0.154476
0.181809
0.0291403
0.0609629
0.0980099
0.0592661
0.148155
0.127764
0.330769
0.366547
0.112225
0.109876
0.297413
0.29648
0.379612
0.379027
0.309403
0.309083
0.0209862
0.028898
0.00407494
0.0106537
0.0193306
0.106238
0.0491384
0.0899063
0.134
0.132711
0.170144
0.201988
0.105213
0.123378
0.364991
0.328529
0.0281608
0.0756935
0.0556998
0.0187803
0.0494454
0.0664205
0.0709426
0.0926412
0.0703992
0.0348163
0.0565289
0.0911165
-0.00538647
0.00587482
0.0371051
0.020649
0.0602143
0.0811342
0.0983919
0.120447
0.0359978
0.0613722
0.0549085
0.0590759
0.0564113
0.0682112
0.0926111
0.0128151
0.0662515
0.124602
0.108434
0.0304062
0.0149805
0.00783998
0.0401179
0.0605804
0.0150897
0.0452173
0.0311943
0.00485646
-0.012675
0.0261893
0.0382378
0.0491592
0.0244023
0.0804213
0.051743
0.0430828
0.0710393
0.0830595
0.0869182
0.0619907
0.112542
0.114519
0.10467
0.0960307
0.110486
0.0935083
0.101648
0.113815
0.070403
0.062413
0.085195
0.0821645
0.147185
0.195017
0.350868
0.269192
0.0790063
0.205873
0.339396
0.163932
0.0704994
0.142805
0.333792
0.221447
0.14506
0.268803
0.349254
0.180737
0.0375622
0.0346325
0.0937971
0.0833139
0.175624
0.204186
0.118853
0.0962638
0.117526
0.105947
0.157719
0.206857
0.076919
0.109269
0.130892
0.0898722
0.00318438
0.0513399
0.0524819
-0.0210136
0.0618357
0.0747614
0.100125
0.0821821
0.102811
0.171272
0.122162
0.0907254
0.0748123
-0.02104
0.0674301
0.148531
0.0530006
0.0264222
0.037967
0.06538
0.0134141
0.0128964
0.0136979
0.00593926
0.0265651
0.034858
0.0233187
0.0172144
0.115431
0.0892597
0.052358
0.0694423
0.151636
0.220613
0.34493
0.239019
0.234236
0.374361
0.375909
0.229808
0.22918
0.223126
0.37536
0.373794
0.1445
0.237897
0.344139
0.212468
0.198627
0.120102
0.155444
0.183903
0.105929
0.129708
0.15005
0.113704
0.0563713
0.127997
0.180059
0.132406
0.146949
0.187732
0.181412
0.165883
0.1263
0.149009
0.153169
0.0761167
0.136885
0.191305
0.2061
0.188164
0.0851053
0.142378
0.207369
0.138072
0.0663617
0.0713458
0.153965
0.145253
0.137318
0.0806011
0.0963705
0.151835
0.0379718
0.0376435
0.0604226
0.0428086
0.0423642
0.0694252
0.0625367
0.0418954
0.158248
0.160148
0.102204
0.106775
0.234493
0.206541
0.27265
0.340651
0.0533216
0.102272
0.177955
0.119906
0.0532038
0.119462
0.177886
0.102233
0.231199
0.340287
0.272398
0.20491
0.176112
0.124874
0.237626
0.0959931
0.17955
0.237272
0.26627
0.119372
0.123079
0.165226
0.213239
0.173384
0.101885
0.132307
0.191065
0.156155
-0.0102754
0.00532171
0.00729816
0.0087994
0.0585471
0.0388231
-0.0159144
0.0178926
-0.0361439
-0.00738131
0.0268506
-0.0183121
0.00305566
-0.0121801
0.00259615
0.0101063
-0.00689104
-0.0137664
0.0134356
-0.00639958
0.0160617
0.0273615
-0.000180693
-0.018453
0.0544342
0.0593157
0.0425013
0.0526877
0.131421
0.122667
0.189024
0.122436
0.0247903
0.0504726
0.0311171
0.0956423
0.0818626
0.104912
0.0684024
0.151381
-0.0121413
0.00372783
-0.0172976
0.0429947
-0.0185105
0.00986876
-0.0168484
0.0674863
0.0138188
0.0884291
0.0385971
0.021192
0.0776772
0.147146
0.094367
0.0636405
-0.0367164
-0.0231345
0.00119895
0.072553
0.00531747
0.0052943
0.0026569
0.249687
0.0842551
0.0912155
0.0961807
0.0690932
0.0258311
0.0105633
0.0865345
0.0845233
0.0268584
0.0215671
0.0582578
0.0782539
0.0761235
0.0775491
0.102654
0.144902
-0.0200237
-0.0121612
0.00825471
0.0584779
0.0352922
0.0251903
0.0563925
0.0867399
0.0982937
0.0982849
0.101807
0.137891
0.0587336
0.0779088
0.109762
0.123509
-0.024258
-0.0143469
0.0640199
0.0603619
0.0148024
0.0157292
0.127125
0.0412228
0.0723971
0.066206
0.112481
0.160729
-0.0180364
-0.0181652
0.0396269
0.0174405
0.0244961
0.0142385
0.0383621
0.0830247
0.0576606
0.0759873
0.111937
0.122127
-0.000291469
0.0211853
0.0205541
0.0744513
0.0876485
0.0947857
0.0893388
0.0940021
0.0155202
0.00634663
0.0116742
0.0132638
0.209379
0.212465
0.208707
0.192872
0.0667812
0.0480466
0.0531593
0.0563519
0.0444204
0.0473987
0.0736275
0.127627
0.175618
0.174997
0.14211
0.210897
0.363345
0.363237
0.364049
0.351251
-0.0690998
-0.0741667
-0.0477871
-0.00200297
0.060565
0.0695213
0.0645348
0.065438
0.158151
0.169455
0.162686
0.161411
0.0372759
0.0415319
0.0629892
0.120044
0.0501856
0.0571578
0.0488418
0.0567521
0.0725863
0.100107
0.0925911
0.0984525
0.0324529
0.0400027
0.0353439
0.036747
0.0881855
0.0960265
0.0946107
0.0957695
0.360827
0.339625
0.282284
0.359225
0.116615
0.120723
0.133218
0.135381
0.0742234
0.0822262
0.0915471
0.0985811
0.0380342
0.0298806
0.0355376
0.0252719
0.366297
0.355988
0.36838
0.365987
0.169705
0.158189
0.174886
0.170884
0.179413
0.164017
0.19559
0.180757
0.0745665
0.0826775
0.0692124
0.0720036
0.203291
0.228636
0.228548
0.250826
0.218395
0.232821
0.205525
0.234182
-0.0305953
-0.0528853
-0.00922807
0.113174
0.00534166
0.00533934
0.00614917
0.206846
0.0190613
0.0289394
0.0614808
0.0266238
0.0220309
0.0244001
0.0823077
0.116352
0.0446595
0.0303713
0.0687795
0.0837343
0.0808946
0.074576
0.100985
0.168087
-0.00872856
-0.00903359
-0.00771211
0.0498654
0.048347
0.0473153
0.0736627
0.140362
-0.00897179
0.00164385
0.00707108
0.0716892
-0.00216331
0.00398204
0.0774243
0.0711027
0.0839471
0.0907724
0.087679
0.127497
0.00348487
0.0319907
0.061102
0.049968
0.00520207
0.00525835
0.00304601
0.206273
-0.0360438
-0.0459735
0.0198507
0.105375
0.00521802
0.00624416
0.122243
0.0174047
0.0445004
0.0151962
0.0498591
0.07049
0.0230502
0.0571545
0.0769528
0.161917
-0.00486121
-0.00690853
0.0284718
0.016591
0.0443157
0.0507605
0.0734854
0.136027
0.00386098
-0.003688
0.039666
0.0465519
0.0152385
0.0580438
0.0289837
0.0740921
0.0840234
0.0908034
0.0876649
0.136725
0.0218609
0.0539531
0.10271
0.104622
0.00302771
0.0311914
0.0725864
0.0496743
0.0542656
0.0897295
0.103001
0.0824426
0.00665996
-0.00026002
0.0156296
0.0585589
0.0615224
0.0791015
0.0689345
0.0680564
0.0417931
0.0255414
0.0326497
0.0397154
0.1403
0.0755523
0.0949295
0.15398
0.115728
0.077355
0.12266
0.105196
0.204212
0.20702
0.203404
0.202546
0.122981
0.0874379
0.0961661
0.0999321
0.0214758
0.0225183
0.0513775
0.0906495
0.093055
0.103704
0.0969985
0.109068
0.035254
0.0399109
0.062275
0.10571
0.125052
0.16822
0.116672
0.18508
0.0954341
0.0964256
0.150924
0.174569
0.161951
0.213927
0.185014
0.208452
0.0560922
0.0505234
0.0841753
0.135543
0.312624
0.363281
0.356048
0.339518
0.0219755
0.0181004
0.128002
0.041713
-0.000951818
-0.00242121
-0.00312316
-2.65728e-05
-0.0173823
-0.0575991
-0.0289936
0.0036625
0.024411
0.0517192
0.0291689
0.0345751
-0.019699
-0.0127277
0.104296
0.00727893
0.0231157
0.0313973
0.023212
0.0238291
-0.0168785
-0.0491334
0.00864757
0.00704248
0.121235
0.147762
0.128931
0.139309
0.0117085
0.0113466
0.0387926
0.0869605
0.120546
0.16627
0.113659
0.1819
0.0767685
0.0789706
0.0749222
0.0858503
0.0271461
0.0314385
0.0501574
0.0974517
0.0918296
0.0940307
0.141527
0.171837
0.310056
0.362386
0.355042
0.33853
0.139818
0.178175
0.156082
0.17865
0.0508534
0.0451454
0.0736391
0.129419
0.0198001
0.0377381
0.0322082
0.0279343
0.259142
0.321253
0.303665
0.297486
0.00670872
0.0107532
0.0112567
0.00877619
0.293918
0.338113
0.315278
0.31483
0.0840872
0.0733675
0.0731704
0.0770032
0.0725393
0.0515233
0.053206
0.0604136
0.164173
0.168899
0.182467
0.18675
0.179101
0.209895
0.204919
0.19219
0.08129
0.077903
0.0761614
0.0891155
0.155094
0.223791
0.191491
0.194147
0.125936
0.142531
0.135815
0.133882
0.134494
0.108741
0.117345
0.120045
0.0646383
0.0794997
0.0759454
0.0753778
0.16577
0.232486
0.26266
0.271021
0.0375369
0.0456372
0.0430876
0.0357141
0.0939789
0.0988557
0.092943
0.0995565
0.107252
0.154685
0.127893
0.127868
0.180269
0.193442
0.199029
0.190473
0.17955
0.189166
0.185227
0.200037
0.18946
0.223006
0.23654
0.18264
0.0746186
0.0833699
0.0852453
0.0742329
0.246038
0.316481
0.295625
0.303281
0.118744
0.0837707
0.111675
0.114717
0.0388107
0.0336428
0.0310726
0.0334708
0.184642
0.180229
0.202653
0.168317
0.180034
0.251199
0.203106
0.237926
0.0969235
0.13818
0.122605
0.120149
0.0371933
0.0494065
0.038836
0.0408766
0.0745367
0.0860421
0.0769163
0.081518
0.0918954
0.0945997
0.096042
0.0888987
0.219785
0.21532
0.227993
0.215747
0.188909
0.222867
0.182183
0.235768
0.0623052
0.090874
0.071836
0.0827408
0.0697923
0.0486677
0.0558419
0.0638413
0.0545456
0.0750682
0.0950958
0.0663468
0.100933
0.109869
0.0960365
0.111879
0.0451026
0.0412078
0.0429802
0.0489925
0.018735
0.0242747
0.0267157
0.0157029
0.204985
0.169241
0.199158
0.205517
0.166528
0.169571
0.163182
0.177326
0.047384
0.0415109
0.0368514
0.0525409
0.0580485
0.0742415
0.0832526
0.0677741
0.117832
0.146549
0.142255
0.132182
0.32024
0.366298
0.349821
0.36264
0.112186
0.102351
0.110322
0.11036
0.268974
0.3168
0.296962
0.29653
0.371897
0.373272
0.377427
0.377223
0.323075
0.292837
0.309287
0.309183
0.0015178
0.0435336
0.0210884
0.0249004
0.00260561
0.00942471
0.00493637
0.0081857
0.0239542
0.0985336
0.0676613
0.0752092
0.0687662
0.0737223
0.0605669
0.0810613
0.160999
0.104798
0.121515
0.147033
0.18729
0.178289
0.17215
0.191943
0.098009
0.117285
0.109118
0.117701
0.315648
0.365415
0.36088
0.347847
0.0373409
0.0494336
0.0443387
0.0562117
0.102999
0.098593
0.0832215
0.0949365
0.0773419
0.0869177
0.0368802
0.0559338
0.0148513
0.016581
0.0251328
0.0275239
0.0986779
0.110601
0.0978391
0.106727
0.0544413
0.0540432
0.0648
0.0658258
0.0537806
0.0666923
0.0137499
0.0301779
0.120793
0.0785306
0.11632
0.109005
0.0150095
0.0250802
0.0166301
0.0242933
0.00587627
0.0115206
0.00774089
0.00885342
0.0424328
0.0364977
0.0350409
0.0383664
0.0848068
0.0546858
0.0650906
0.0611223
0.0821691
0.0783688
0.0781075
0.0853363
0.102397
0.111858
0.105228
0.110873
0.101022
0.10971
0.102338
0.108819
0.080426
0.0781824
0.0766561
0.0809453
0.244191
0.257041
0.307089
0.305155
0.22201
0.242974
0.285416
0.294622
0.242496
0.201788
0.290713
0.283306
0.255506
0.240026
0.303394
0.304805
0.0504611
0.0650434
0.0661661
0.0769679
0.157759
0.185085
0.154568
0.183864
0.167922
0.138633
0.173483
0.153895
0.118146
0.101955
0.123276
0.123707
0.00608062
0.0254993
0.0216821
0.0405532
0.0962546
0.0837901
0.0969799
0.102366
0.141709
0.118242
0.140725
0.128296
0.0662197
0.106109
0.0731997
0.114627
0.0564614
0.0449953
0.0503391
0.0369941
0.00157784
0.00218492
0.00342702
0.00323209
0.018286
0.0143728
0.0204758
0.0132244
0.0964296
0.0855034
0.0747532
0.0681869
0.253718
0.249829
0.307189
0.294929
0.327931
0.364896
0.367958
0.376393
0.363716
0.324248
0.375381
0.3667
0.247163
0.249533
0.292928
0.304962
0.130797
0.178582
0.139567
0.147117
0.146447
0.122867
0.138461
0.133139
0.151663
0.137498
0.179049
0.181748
0.211835
0.195032
0.195067
0.186892
0.145307
0.140269
0.123603
0.161877
0.227428
0.217694
0.225286
0.21426
0.160784
0.159642
0.182412
0.184451
0.120726
0.094276
0.133582
0.120311
0.142079
0.107925
0.118602
0.107845
0.0222184
0.0249929
0.0401776
0.039156
0.0465583
0.0463215
0.0555212
0.0436766
0.127014
0.143012
0.114797
0.122823
0.284858
0.310586
0.278854
0.305432
0.0934973
0.0945179
0.113248
0.123494
0.0933682
0.0948201
0.113136
0.123184
0.28335
0.309838
0.278139
0.305038
0.148587
0.167992
0.217516
0.200004
0.174874
0.264888
0.202589
0.282323
0.18342
0.184405
0.198473
0.213366
0.15433
0.160948
0.179987
0.181233
0.0177919
0.0993083
0.00987751
0.12318
0.0550038
0.0152853
0.0668438
0.114175
0.125753
0.139489
0.0956058
0.144703
-0.0179633
0.036755
0.0628361
0.0645783
-0.00655022
0.0634872
0.031673
0.0592811
0.0570878
0.087805
0.0273167
0.021522
0.0127398
0.121836
0.00850178
0.0970666
0.0459043
0.0123707
0.0453211
0.119607
0.0600794
0.103308
0.0261595
0.0208659
0.0607989
0.0577084
0.0246058
0.0298287
0.0262569
0.0670067
0.0571027
0.0996194
0.0624426
0.0768131
0.041793
0.0213257
0.0946165
0.0292668
0.0244728
0.054236
0.0483408
0.0466896
0.0501033
0.0506632
0.191705
0.128588
0.161303
0.113913
0.18839
0.207999
0.120869
0.133151
0.0481582
0.0942815
0.0710334
0.0742987
0.0560258
0.0980618
0.111175
0.119725
0.116817
0.159978
0.125986
0.140182
0.0906432
0.140727
0.237286
0.236135
0.0196875
-0.0113864
0.0210481
0.0128196
-0.00931558
0.00354307
0.0031517
0.011781
0.0637977
0.0121367
0.0282073
0.0342207
0.0481423
0.00850465
0.0899096
0.115467
0.0355774
0.0865857
0.108754
0.11345
0.0564659
0.0592962
0.0436041
0.0913912
0.110376
0.15647
0.232496
0.232183
0.109737
0.126862
0.0802733
0.135175
0.012755
0.0887329
-0.00523488
0.0586209
0.0135062
0.00468202
0.183994
0.171314
0.00458186
0.243465
0.00307193
0.243158
0.00598999
0.00491481
0.270598
0.27036
0.0844464
0.058325
0.0979219
0.0754516
0.0911463
0.0994349
0.067218
0.0770812
0.0876858
0.0937542
0.0837634
0.0800482
0.131315
0.129994
0.143554
0.136397
0.0643739
0.0817302
0.071255
0.0711247
0.0798629
0.0929994
0.122389
0.123073
0.10569
0.160494
0.0985458
0.14407
0.115215
0.116446
0.153481
0.157021
0.0494844
0.110678
0.0510234
0.12338
0.0544324
0.0550678
0.133335
0.14896
0.016706
0.0802125
0.0591098
0.088578
0.0648145
0.0272713
0.0872665
0.0937626
0.100555
0.136244
0.100527
0.14113
0.103478
0.103457
0.163293
0.15876
0.0899817
0.0945749
0.132492
0.15325
0.138262
0.152412
0.188953
0.145351
0.0379121
0.0687119
0.0537663
0.0604861
0.0756462
0.0644103
0.151682
0.168266
0.125497
0.0405914
0.122368
0.0412079
0.122144
0.0894248
0.046491
0.0484358
0.100889
0.171852
0.110794
0.122309
0.148846
0.13306
0.173962
0.18249
0.0328549
0.0196362
0.127498
0.0183351
0.0758801
0.0731844
0.0390131
0.0405646
0.0600672
0.0801347
0.0438151
0.0846637
0.0674155
0.046729
0.0911399
0.0856131
0.0949625
0.0937273
0.132454
0.151192
0.179951
0.147939
0.144862
0.187799
0.0149802
0.0658435
0.0734504
0.0894961
0.0383705
0.0480779
0.067639
0.0806202
0.0830909
0.0809422
0.0952313
0.105151
0.0739066
0.0892026
0.0900289
0.103109
0.0222458
0.0235753
0.00476135
0.00403355
0.0288919
0.0365377
0.0211373
0.0110561
0.205815
0.205727
0.209013
0.213351
0.205257
0.206796
0.18443
0.186403
0.0736559
0.0795192
0.0376759
0.0419973
0.0425246
0.0596794
0.0679009
0.0501958
0.0687517
0.119811
0.0788185
0.131296
0.102116
0.0936831
0.224477
0.228745
0.137823
0.207982
0.136394
0.206757
0.113627
0.11328
0.240544
0.240015
0.370388
0.356188
0.369968
0.355804
0.372524
0.372356
0.33956
0.339446
-0.0407744
0.00294864
-0.048546
0.000266782
-0.0241538
-0.0234429
0.0117779
0.0139142
0.0472154
0.0537571
0.0715334
0.0784111
0.0576279
0.0383058
0.0596111
0.0749361
0.152722
0.150723
0.172602
0.17503
0.167709
0.156957
0.155837
0.1919
0.0570405
0.111166
0.0681912
0.124458
0.0782856
0.0864196
0.221748
0.216675
0.0498589
0.0401959
0.0617227
0.0668961
0.0522741
0.0396465
0.0662251
0.05906
0.0929337
0.0836974
0.101611
0.106612
0.0845834
0.093059
0.0987282
0.104685
0.0345735
0.0313147
0.043516
0.049346
0.0331275
0.0366198
0.0392634
0.0445893
0.0859453
0.0847461
0.0918954
0.100732
0.097999
0.0898191
0.103788
0.103309
0.348882
0.342124
0.359363
0.359537
0.322338
0.32893
0.338481
0.346807
0.0997052
0.111846
0.105005
0.12292
0.132669
0.15001
0.150656
0.137334
0.0560566
0.0628418
0.0665381
0.089045
0.10955
0.0840781
0.105092
0.116147
0.040889
0.0480132
0.0323407
0.020417
0.0309448
0.0451763
0.0156757
0.0204227
0.363076
0.371974
0.341432
0.341121
0.3737
0.373437
0.371419
0.362502
0.15411
0.172115
0.15343
0.153765
0.178993
0.182633
0.163795
0.176143
0.196168
0.167059
0.153505
0.154587
0.205136
0.207298
0.164012
0.194836
0.0726925
0.0859206
0.097631
0.10048
0.058252
0.0608837
0.0809241
0.0707476
0.17962
0.179594
0.25157
0.202947
0.202759
0.251348
0.272738
0.272644
0.222475
0.196445
0.249485
0.260316
0.207681
0.196619
0.255557
0.226114
0.0355014
0.0239716
0.171648
0.208035
0.0147878
0.00906677
0.194961
0.254333
0.0519121
0.0679233
0.0203779
0.0319804
0.113081
0.125316
0.171242
0.102419
0.118037
0.102635
0.202042
0.12737
0.10288
0.110247
0.16693
0.163138
-0.00301449
0.00253904
0.106613
0.155284
0.076113
0.069529
0.142529
0.239973
0.00527926
0.019129
0.0761026
0.0787698
0.0972863
0.131629
0.112538
0.126897
0.0770723
0.0961437
0.130812
0.153518
0.0802052
0.116336
0.0584414
0.0925914
0.0078986
0.00456705
0.192803
0.253493
0.0629879
0.0864064
0.168565
0.19831
0.0976057
0.118752
0.0176844
0.0229673
0.0497873
0.0590359
0.212888
0.115118
0.0936732
0.139679
0.211652
0.24003
0.0627034
0.0686834
0.0450957
0.0432345
0.0750162
0.0697483
0.13077
0.23349
0.0423481
0.053569
0.0997691
0.133022
0.0423388
0.0454419
0.0763722
0.0786982
0.0769831
0.0960864
0.150967
0.167074
0.130867
0.141273
0.140098
0.164085
0.10476
0.129791
0.0580594
0.0923788
0.0994128
0.0943952
0.0677433
0.0839669
0.0364791
0.0341008
0.0554228
0.0615875
0.0435929
0.0577769
0.0525803
0.0761187
0.0332381
0.0478269
0.0506267
0.0312727
0.18942
0.116367
0.152968
0.151526
0.159848
0.119704
0.109931
0.0965676
0.187197
0.201856
0.19034
0.183506
0.107926
0.0778573
0.122462
0.0902337
0.0753514
0.0638674
0.106625
0.0983636
0.0902085
0.0926421
0.0960527
0.114314
0.0799903
0.0863496
0.174285
0.212832
0.115026
0.115359
0.193674
0.236138
0.156812
0.178826
0.247507
0.222708
0.149898
0.199392
0.17984
0.189098
0.114449
0.109263
0.233506
0.230933
0.322088
0.369679
0.304681
0.337689
0.125028
0.124995
0.0467282
0.0498473
-0.00473877
0.0224766
0.000755415
0.000538767
-0.00789714
-0.0191933
0.0139433
0.0136752
0.0677477
0.0340683
0.0175165
0.0439553
0.124759
0.134991
0.0296781
0.0367713
0.0187946
0.0259818
0.0272699
0.0335582
0.0573223
0.0169773
0.0248925
0.02004
0.0987759
0.137549
0.135955
0.142265
0.0607437
0.039841
0.104257
0.0957878
0.113482
0.114307
0.189447
0.234073
0.0707371
0.0703278
0.0788765
0.0891209
0.064729
0.0712009
0.16755
0.206374
0.145503
0.204029
0.244838
0.220909
0.319103
0.368711
0.302595
0.337228
0.128674
0.166592
0.166987
0.186444
0.0992868
0.0936205
0.227757
0.224511
0.0497029
0.0260176
0.0125648
0.0308593
0.272548
0.333618
0.311747
0.24427
0.0110801
0.017696
0.0103021
0.00665056
0.343332
0.294955
0.294381
0.343563
0.072296
0.0615251
0.0755898
0.085511
0.0435554
0.0602258
0.0790009
0.0563757
0.159691
0.1513
0.200993
0.160545
0.225835
0.128725
0.169061
0.185465
0.0676332
0.0641493
0.103824
0.107993
0.160657
0.228652
0.23274
0.163787
0.13102
0.148623
0.139336
0.123305
0.10617
0.136942
0.138351
0.111744
0.0820279
0.0739616
0.0736157
0.0806633
0.279689
0.333702
0.3271
0.289761
0.0210527
0.0807594
0.0382381
0.0244132
0.0861379
0.0878632
0.104879
0.0986699
0.104855
0.152818
0.152715
0.104798
0.185488
0.202107
0.182701
0.172615
0.164765
0.190158
0.188612
0.210135
0.239781
0.268236
0.171056
0.135462
0.0865996
0.0949914
0.0746136
0.0642595
0.22904
0.310332
0.331133
0.263873
0.103859
0.114837
0.11999
0.112105
0.0354092
0.0301312
0.0360725
0.0406199
0.167822
0.21078
0.153203
0.159543
0.208249
0.282528
0.231504
0.208281
0.138307
0.0991929
0.0986365
0.136277
0.0370639
0.0508019
0.0524846
0.0414294
0.066328
0.0649401
0.0642065
0.0540207
0.0964991
0.101744
0.0856145
0.0850195
0.238944
0.216467
0.216328
0.180424
0.135122
0.170965
0.26796
0.238878
0.0547545
0.0821487
0.152487
0.115974
0.0427992
0.0631096
0.0837518
0.0584001
0.0816197
0.0770539
0.084854
0.0747038
0.0891872
0.083351
0.113934
0.12491
0.0428334
0.0398034
0.0541548
0.0511536
0.0292787
0.0350476
0.0117244
0.00784892
0.200541
0.181383
0.164396
0.204815
0.154723
0.160671
0.187741
0.183044
0.0320178
0.0262447
0.0566686
0.0652145
0.0816738
0.0988531
0.0597658
0.0436079
0.128064
0.159748
0.134367
0.109544
0.294328
0.34129
0.375338
0.327775
0.11587
0.108924
0.105584
0.114737
0.321179
0.268575
0.267514
0.32024
0.37701
0.37863
0.378086
0.376421
0.293626
0.325033
0.324661
0.293336
0.0381334
0.0013694
0.00712342
0.0511801
0.00283583
0.00639511
0.0148284
0.00838208
0.0456238
0.0663809
0.10963
0.0714979
0.0513775
0.0507522
0.0946881
0.0857335
0.150112
0.128031
0.0759007
0.142632
0.171769
0.152383
0.204075
0.206064
0.0904431
0.106495
0.128727
0.107823
0.323406
0.374459
0.339883
0.289452
0.0290387
0.0490351
0.0426354
-0.0124901
0.0963509
0.0783095
0.060967
0.0720021
0.0556233
0.0437077
0.050282
0.0674977
0.0178675
0.00118753
0.0316811
0.0255291
0.0374075
0.0609553
0.0994795
-0.105611
0.086224
0.0486467
0.0941368
0.0756729
0.061809
0.0719711
0.0788641
0.0751485
0.0968894
0.100587
0.0887108
0.0875897
0.0491099
0.0489468
0.0843479
0.0936861
0.0592128
0.0697348
0.0495595
0.0536681
0.0540534
0.0880688
0.046454
0.0497918
0.09249
0.0976529
0.0850598
0.0644476
-0.0245209
-0.0121728
0.0101822
0.000841975
-0.00190424
0.0162446
0.0128423
-0.00913988
0.0473491
0.0394278
0.0317592
0.0343623
0.0203122
0.0163227
0.0235493
0.0311102
0.0219063
0.0160089
0.105894
0.0958286
0.048492
0.0806248
0.0926372
0.0288827
0.0707685
0.106633
0.100819
0.0892486
0.126434
0.124029
0.112855
0.116901
0.0185465
0.0368666
0.048385
0.0314659
0.0575299
0.0720721
0.0331028
0.0519078
0.0824496
0.0789866
0.0703828
0.0810037
0.0590255
0.0478984
0.058939
0.0693584
0.0369848
0.074594
0.0649535
0.0362139
0.0684706
0.034137
0.0573028
0.0744233
0.0960837
0.0897663
0.0632313
0.0757578
0.0410601
0.0418653
0.0265729
0.0517594
0.0422892
0.127347
0.117966
0.02305
0.127321
0.107493
0.120573
0.127748
0.102481
0.105373
0.11314
0.110788
0.0568048
0.037446
0.0743838
0.0686552
0.00963544
0.00978497
0.0199022
0.0209089
0.00338281
0.00863589
0.0128374
0.00526925
0.0373166
0.0475422
0.020573
0.0139071
0.0634832
0.0339319
0.0303479
0.0661071
0.00985952
0.0149095
0.00974282
0.00619508
0.0409221
0.0371317
0.0125814
0.0203873
0.0333534
0.0107594
0.00945986
0.0319156
0.0029814
0.00298437
0.0061669
0.00684914
0.0137239
-0.00377355
0.0394269
0.0385118
0.00849284
0.0444238
0.0394855
0.000742537
0.0372999
0.0348548
0.0372378
0.0411488
0.0412086
0.0415148
0.0415202
0.0397139
0.0534648
0.0646881
0.0641766
0.0371579
0.0725687
0.0757876
0.0816593
0.0789796
0.0423142
0.0468917
0.0587843
0.0539706
0.016814
0.0270891
0.0533723
0.0445748
0.0505233
0.0707941
0.0783629
0.0694535
0.0841118
0.0899831
0.0822462
0.075657
0.0909834
0.0809939
0.0830335
0.0942276
0.0368148
0.0611781
0.0764226
0.0696523
0.0948632
0.116587
0.108882
0.0934196
0.140949
0.115081
0.114764
0.132972
0.0999157
0.101824
0.107933
0.107172
0.0879654
0.0900225
0.101156
0.0963256
0.0874146
0.0895798
0.107334
0.114903
0.0842038
0.0941996
0.0989178
0.086173
0.0989332
0.107225
0.105265
0.098159
0.140353
0.130984
0.113295
0.114683
0.0470825
0.0675868
0.0784409
0.0733424
0.0384331
0.0701106
0.075634
0.0623645
0.0894784
0.0901371
0.0811869
0.0801123
0.0828873
0.0778833
0.0816393
0.088402
0.0756488
0.122894
0.219407
0.170721
0.0804068
0.26658
0.269017
0.0948749
0.362094
0.337649
0.330038
0.328315
0.248373
0.230042
0.279745
0.292958
0.0327091
0.0987014
0.192273
0.0429298
0.0431571
0.214889
0.273565
0.176292
0.350035
0.314581
0.306923
0.294544
0.0620216
0.0545148
0.237445
0.251348
0.0245644
0.0367718
0.168631
0.0923452
0.0593516
0.2378
0.220979
0.0518075
0.355199
0.30213
0.299633
0.310337
0.0652282
0.1771
0.263847
0.228883
0.0743898
0.169509
0.216281
0.11982
0.248247
0.292607
0.278515
0.228566
0.36081
0.325003
0.32844
0.337656
0.0574745
0.0810242
0.263392
0.255318
0.0356512
0.0214466
0.0514311
0.0585509
0.0177905
0.0580855
0.0523904
0.0158746
0.110405
0.0999015
0.0784315
0.0858214
0.087082
0.0762622
0.0748937
0.0920834
0.176459
0.197469
0.173616
0.143582
0.207517
0.203524
0.194757
0.205668
0.123419
0.0975061
0.169318
0.191185
0.0472229
0.0987641
0.136788
0.0688825
0.0967147
0.0865019
0.144015
0.155242
0.076066
0.123149
0.133402
0.0815489
0.141819
0.156865
0.166479
0.153102
0.209565
0.206739
0.186682
0.206347
0.052929
0.0943087
0.0988347
0.0592
0.0995033
0.107459
0.118616
0.109248
0.129
0.140447
0.128635
0.117454
0.0711233
0.065664
0.10534
0.113619
0.0441555
0.0232057
0.00883559
-0.0214979
0.0594976
0.060315
0.042441
0.0484338
0.0703078
0.0418003
0.0383709
0.0630436
-0.0462534
-0.0372537
0.00200536
0.000138264
0.0404878
0.046698
0.0811139
0.0778724
0.0600912
0.0943094
0.0868217
0.0535381
0.09351
0.085118
0.101609
0.111853
0.0723641
0.0843575
0.0930276
0.0777052
0.0864452
0.134106
0.123137
0.0762869
0.167483
0.168407
0.147327
0.171949
0.104094
0.122886
0.134517
0.117103
0.0659683
0.0707423
0.112564
0.103147
0.0653654
0.0295891
0.0829966
0.111286
-0.0479465
0.00340312
0.0472221
-0.01389
0.0788925
0.0898175
0.0997117
0.0469518
0.157162
0.144116
0.127519
0.153522
0.0538146
0.0445369
0.0539394
0.0567935
0.0183647
0.0239148
0.0341167
0.0284623
0.0351717
0.0457226
0.0398823
0.0295169
0.0704938
0.0621962
0.0597702
0.0664473
0.0034943
0.00357202
0.00149503
-4.68085e-05
0.000634831
0.00270647
0.00202896
0.00366461
0.0227887
0.0180453
0.00489877
0.00790117
0.00874868
-0.000907745
0.00197323
0.0133672
0.00920906
0.0209648
0.0165995
0.00778242
0.0452839
0.0396958
0.0232409
0.0286994
0.0280292
0.0120657
0.0176608
0.0338592
-0.000875677
0.00318101
0.0113034
0.00543543
0.11836
0.10965
0.102246
0.11366
0.0819282
0.076249
0.0893284
0.0974716
0.0414897
0.048843
0.0633022
0.0534437
0.063213
0.0826599
0.0730345
0.0561171
0.0959678
0.100675
0.226814
0.159272
0.124675
0.309787
0.274938
0.112652
0.359811
0.319032
0.318643
0.35909
0.210526
0.203867
0.265702
0.269796
0.144629
0.318398
0.325178
0.137757
0.368084
0.375348
0.373594
0.366477
0.370122
0.371935
0.376986
0.37633
0.129477
0.133206
0.329912
0.324423
0.139967
0.132119
0.321412
0.315688
0.122215
0.319998
0.32583
0.126571
0.369823
0.376098
0.375962
0.371018
0.367926
0.365532
0.372671
0.375158
0.089868
0.155019
0.223207
0.0935264
0.209944
0.269289
0.263538
0.201823
0.359563
0.358038
0.317154
0.318641
0.116838
0.103606
0.270468
0.304715
0.189976
0.192672
0.184342
0.205453
0.1012
0.125409
0.132063
0.0939982
0.161109
0.163388
0.148027
0.145635
0.199379
0.203855
0.163971
0.16295
0.0561436
0.0725936
0.12872
0.0979829
0.0873649
0.164407
0.153108
0.0864918
0.159245
0.142755
0.139409
0.157931
0.104188
0.0982474
0.122892
0.125576
-0.00261406
0.0449251
0.120819
0.061925
0.0998573
0.17567
0.151229
0.0773273
0.173041
0.181937
0.196696
0.186894
0.08498
0.08212
0.156887
0.161009
0.111054
0.170915
0.185047
0.127102
0.210016
0.176626
0.191053
0.216872
0.17709
0.188382
0.189206
0.178229
0.120788
0.14374
0.222053
0.195212
0.06347
0.131047
0.129642
0.107754
0.157012
0.179387
0.16415
0.14518
0.166266
0.138169
0.137535
0.163671
0.0413699
0.127586
0.143167
0.0985154
0.102404
0.117036
0.192509
0.152661
0.122362
0.228284
0.243058
0.142444
0.193404
0.193398
0.214152
0.215987
0.169819
0.183528
0.216731
0.19651
0.0042977
0.0899593
0.148322
0.0577836
0.112983
0.164725
0.167336
0.109562
0.195971
0.217948
0.220622
0.199318
0.10363
0.0871039
0.171117
0.204734
0.025035
0.0263314
0.0914823
0.0865021
0.0368106
0.0973207
0.0964249
0.0319801
0.167039
0.165885
0.13876
0.137167
0.109035
0.0891115
0.140256
0.168092
0.124759
0.119344
0.142484
0.150594
0.0672748
0.068369
0.0921205
0.0891251
0.081933
0.107486
0.108757
0.0837527
0.142954
0.141767
0.141419
0.135525
0.0119241
0.00899896
0.024988
0.0242689
0.0188739
0.0361482
0.0359298
0.0176678
0.0680982
0.0690201
0.0499807
0.0485514
0.0491455
0.0328581
0.0342488
0.051469
0.0176632
0.0518048
0.048114
0.0207264
0.0553683
0.078059
0.057291
0.0567855
0.0708246
0.0509599
0.0540613
0.0744742
0.0189155
0.0201475
0.0444089
0.0392242
0.107117
0.172915
0.135309
0.0790234
0.149119
0.136017
0.140253
0.163777
0.0843413
0.0875138
0.113275
0.110252
0.0614394
0.0674957
0.117357
0.0911009
0.156054
0.171894
0.29665
0.310557
0.139108
0.215306
0.263801
0.163992
0.251808
0.293569
0.289194
0.247516
0.354491
0.353799
0.32155
0.32444
0.0256721
0.0757349
0.0800217
0.0231399
0.101273
0.106156
0.101103
0.0938863
0.20413
0.197057
0.145097
0.155018
0.109108
0.0750987
0.107254
0.162768
0.0256542
0.0231244
0.0796764
0.0757578
0.107811
0.162204
0.107271
0.0747261
0.204055
0.154998
0.144955
0.19688
0.101262
0.0938283
0.101025
0.106129
0.152261
0.308152
0.295211
0.168463
0.354369
0.32433
0.321122
0.353121
0.251728
0.247234
0.288725
0.293449
0.137635
0.161724
0.262772
0.214589
0.0990411
0.123343
0.204377
0.115835
0.081256
0.156623
0.16384
0.0829592
0.227327
0.217611
0.233236
0.225309
0.0871722
0.0979869
0.136742
0.183548
0.0515198
0.138413
0.242267
0.159649
0.168958
0.187151
0.281558
0.173309
0.244719
0.227288
0.237213
0.262294
0.0748839
0.0657768
0.164957
0.159776
0.0603073
0.124966
0.170646
0.0915318
0.139839
0.182882
0.18808
0.14205
0.214445
0.241322
0.215011
0.197774
0.138881
0.114164
0.196622
0.218368
0.0497151
0.064856
0.145337
0.114507
0.0839884
0.173973
0.162499
0.0748667
0.201348
0.188071
0.177331
0.19114
0.137235
0.134524
0.168788
0.176442
