-0.8273
0.455
-2.395
-0.807626
0.465
2.425
-0.805
0.785
-2.40974
-0.813216
0.865
2.375
0.827299
0.455
-2.395
0.808206
0.465
2.425
0.805
0.785
-2.40974
0.813796
0.865
2.375
0.0397482
0.0748419
0.0384015
0.0470106
0.0395336
0.0744813
0.0381949
0.0472527
0
0
0
0
0
0
0
0
0
0
0
0
0
0
0
0
0
0
0
0
0
0
0
0
0
0
0
0
0
0
0
0
0
0
0
0
0
0
0
0
0
0
0
0
0
0
0
0
0
0
0
0
0
0
0
0
0
0
0
0
0
0
0
0
0
0
0
0
0
0
0
0
0
0
0
0
0
0
0
0
0
0
0
0
0
0
0
0
0
0
0
0
0
0
0
0
-0.0878021
0.035769
0.0465383
0.0474662
-0.0131004
0.0122824
0.0188184
0.0148294
-0.0189511
0.0116103
-0.088138
0.046536
0.0473073
0.0124978
0.0148562
0.0116108
-0.0159264
0.0234569
0.246618
0.0149787
0.201529
-0.00546557
0.279353
0.430032
-0.0159496
0.0234222
0.0151621
-0.00579964
0.0635459
0.0635026
0.235052
0.122369
0.0334909
0.0188624
0.0186682
0.221366
0.498703
0.0340513
0.0341691
0.179024
0.0875728
0.0494323
-0.0388848
-0.0143452
0.00642039
0.0288181
-0.0159236
0.00643014
-0.00347186
-0.0411671
0.010614
0.0038999
-0.0360612
0.00655147
-0.0141665
-0.0389343
0.00653132
-0.0162369
0.0288189
0.00646939
-0.0409358
-0.00325605
0.0106059
-0.0360642
0.00397605
0.00652389
-0.00751327
-5.96285e-05
0.0169954
0.0855409
0.0195638
-0.0153532
0.00863188
0.0969287
0.00162711
0.0072755
0.000307125
0.12228
0.00185768
0.00486432
0.00296084
0.207693
-0.00745204
0.0857631
-5.94876e-05
0.016984
0.018958
0.0817876
-0.0147641
0.00821279
0.00162876
0.122346
0.00725437
0.00033134
0.00182322
0.207725
0.0048924
0.00330625
0.0293624
-0.0678906
0.0591772
-0.00205496
0.00285422
0.0832979
0.00622294
-0.021156
0.0139186
0.0562126
0.0176557
0.0239121
0.00857393
0.0250144
-0.00403108
0.0179601
0.0282408
0.00840018
0.00422107
0.0263252
0.0295327
-0.0677387
0.00287708
0.0831443
0.00623094
-0.0211747
0.0176916
0.0284732
-0.00404831
0.0174992
0.0042099
0.026326
0.0169043
0.0807807
-0.00947366
2.41397e-05
-0.0147006
-0.00301726
0.000738709
0.0112708
-0.00451385
0.0123288
0.00667946
0.256263
-0.0895704
0.105777
0.0228673
-0.0742968
0.0169029
0.0794245
-0.00946287
2.55374e-05
0.00103861
0.0104857
0.00665323
0.256476
0.0291013
0.00830781
0.00280816
0.0277543
0.0283606
0.0278205
0.00280864
0.00830951
0.104382
0.104446
0.0802799
0.0805913
0.0212028
-0.00813502
-0.00796085
0.0212463
-0.0530503
-0.0373042
-0.0372521
-0.0530021
0.0170245
0.00971126
0.00572149
0.00694558
0.0170175
0.00692156
0.00603084
0.0101497
0.081708
0.0811207
0.0725101
0.0747656
0.308924
0.260516
0.260514
0.308438
0.0220617
0.0251352
0.0124464
0.00604963
0.021616
0.00602448
0.0124728
0.0252394
0.101135
0.0891937
0.0458034
0.044144
0.03195
0.0308302
0.0308488
0.0319717
0.036604
0.0367386
-0.0212684
-0.0212976
0.0313763
-0.020991
0.0096854
0.0044063
-0.0236519
0.00121324
-0.0222423
-0.118056
0.00781427
0.00383131
-0.0374333
0.00516715
-0.0211557
0.0302084
0.0108069
-0.0238303
0.00445727
0.00123569
-0.118236
-0.0222341
0.0078432
-0.0374051
0.00378012
0.0051169
-0.00282626
-4.61144e-05
0.00106757
0.0929146
0.00354604
-0.0168189
0.00342891
0.0377043
0.00025687
0.00307427
-0.000204569
0.0744581
0.00109614
0.00368853
0.00136848
0.0607959
-0.00285222
0.0928379
-4.80892e-05
0.00106738
0.00318257
0.030024
-0.0165402
0.00346581
0.000270188
0.0744553
0.00308191
-0.000206602
0.00111639
0.0607136
0.00365997
0.00138981
0.00871813
0.0113923
0.0441187
-0.0461864
-0.00016113
-0.000172247
0.079556
0.0646731
0.00464482
0.014333
0.00971541
0.0588052
0.0117142
0.00536613
0.00442055
-0.023588
0.00702734
0.00764327
0.0628328
-0.0275687
0.00108812
0.0172871
0.00291518
0.05811
0.00242195
0.00241809
0.0116645
0.0369171
0.000625513
5.44509e-05
0.00231741
0.0262944
0.00066445
0.000346343
0.0210407
-0.00266602
0.000360207
0.000547322
0.00228377
0.0235291
0.00872149
0.00558144
0.044213
-0.0461611
0.00456789
0.0142962
0.0097379
0.0589541
0.0117433
0.005355
0.00447013
-0.0234916
0.00109943
0.0165285
0.00292885
0.0510786
0.000639255
4.9842e-05
0.00232382
0.0265408
0.000416038
0.000542262
0.00227476
0.023364
-1.03208e-05
-0.000345863
0.00129639
0.0864702
0.000569258
0.000682053
-0.00221688
5.71597e-05
0.0235115
0.0234473
0.0065591
-0.00290794
0.00288797
0.000296489
0.000162125
0.00192012
0.0251216
0.03162
-0.00203282
-0.00442772
-0.000118321
-0.00641221
0.00324188
0.0337125
0.00866744
0.00866999
-0.0774866
0.0800136
0.00803098
0.00780945
0.00935891
0.000727381
-9.13185e-06
-0.000645311
0.00129708
0.0873437
0.000556886
0.000676178
-0.00223682
5.82987e-05
0.00317815
0.000316138
0.00016681
0.00145944
-0.000118041
-0.0067494
0.00314191
0.0335113
0.0131695
0.000907372
-0.0045628
-0.00239669
0.0131562
0.000907036
-0.00455616
-0.0027199
0.00279221
0.00650586
0.006717
0.00352025
0.0156795
-0.0113148
-0.0101574
0.00669264
-0.0212877
-0.0126366
0.00218926
-0.0215579
0.00252954
2.61724e-06
-0.000244155
0.00063891
0.00249582
2.37826e-06
-0.000666803
0.000631674
0.00494463
-4.68615e-05
-0.00253098
0.00562555
0.00564688
0.00336894
0.00206402
0.00564541
0.000394942
0.00292308
6.16593e-05
-0.00221589
0.000434556
0.00288775
5.65914e-05
-0.0018183
0.0135348
0.0300217
0.0233231
0.000152774
0.00187933
0.000102533
0.000275742
-0.0356208
0.000475859
-0.0147794
0.00272882
0.000555902
0.0324432
-0.0318554
0.0846473
0.0303374
0.00490298
0.0732807
0.00220794
-0.00454638
0.0639931
-0.00829296
0.00387251
0.0718148
0.0314413
-0.0413732
0.0208028
-0.00400384
0.00339432
0.012965
0.00774125
-0.0280098
0.0240734
-0.000700315
0.00240783
0.0119411
0.084242
0.0304439
0.0329299
-0.0317861
0.00603205
0.0732256
0.063669
-0.00822054
0.00246909
-0.00451283
0.00383945
0.0729885
0.020706
-0.00412502
0.0314123
-0.0413352
0.00339542
0.012935
0.0242057
-0.000803745
0.00771683
-0.0279819
0.00240956
0.0120639
0.00236743
0.0905452
0.0012309
0.0923628
-0.0023237
6.28655e-05
0.00551963
0.00240111
0.00612327
0.0272764
0.00129727
0.0864288
-0.00380303
0.0042777
-0.0181154
8.76798e-05
0.00386193
0.0336302
-0.000916297
-2.38195e-05
0.00301236
0.0202084
-0.0693413
0.0594277
0.00237011
0.0394908
0.000572291
0.00062703
0.00229703
0.023109
0.0122982
-0.00125555
0.00234061
0.0913455
0.00564198
0.00230373
0.00123221
0.092787
-0.00232554
6.3316e-05
0.0061752
0.0399805
-0.011786
0.00449184
0.00130966
0.0875376
-0.00344424
0.0042937
0.00383231
0.0336235
-0.0694309
0.0597029
-0.00092651
-2.35719e-05
0.0029874
0.020425
0.00242868
0.0373719
0.0121714
-0.00133198
0.000577805
0.000614398
0.0022973
0.022446
-0.00209036
0.00213016
-0.0257306
-0.0125179
-0.00241881
-0.00243468
-0.000434593
-0.00045311
0.00180444
0.00707801
0.0070288
0.0117744
0.00217095
0.000428308
-0.0148743
0.0020418
-0.00694833
-0.00532296
0.00200129
0.00196269
0.00459708
0.000384661
0.0264293
-0.0195919
-0.000875806
-0.000887399
-0.00269396
-0.00270655
-0.000232931
0.00068007
0.00305922
0.00163235
-0.000369597
-0.000430747
0.000861968
0.0007365
0.000247321
-0.000111741
-0.0333666
0.0019208
-0.00164996
0.0021288
-0.0125116
-0.0257515
0.00216647
0.00707612
0.00708397
0.012332
0.000387216
0.00213035
-0.0149188
0.00208889
0.00433949
0.000357829
0.0178027
-0.0191387
0.000734786
-0.000229824
0.00167661
0.00381409
-0.000150049
0.000263912
0.00216845
-0.0334277
-1.47015e-05
0.000153832
0.0054833
-0.00022658
0.000620036
0.00059084
0.00150324
0.000717531
0.00993035
0.00990334
0.00438352
0.00466188
0.00399279
0.000542918
0.00348925
-0.00151642
0.0083178
0.00721542
0.0323771
0.0384953
-0.000179475
3.99353e-05
0.00350972
0.00340372
-0.000525581
-0.000584721
0.00647155
0.00669117
0.00613209
0.00611985
0.00519934
0.00517536
-1.66075e-05
-0.00013384
0.00198422
-0.001382
0.000582712
0.000616813
0.00148056
0.000711723
0.000545145
0.00395489
0.003596
-0.00194981
3.99532e-05
-0.000489216
0.00345387
0.00354745
0.0185419
0.0155811
0.00813602
0.0368405
-0.00119212
-0.00217575
0.0129059
0.0196326
0.00349378
0.00306877
-0.00455712
-0.000845758
0.0228196
0.0384124
0.000134786
0.00427776
0.0194934
0.037142
0.00832447
0.0157667
0.0228037
0.00428917
0.000162011
0.0384531
0.00357374
-0.000853814
-0.00455836
0.00305173
-0.00120979
0.01965
0.0129026
-0.00220033
0.10651
0.0788946
0.0100496
0.0627721
0.106688
0.0628169
0.0100979
0.07885
0.119663
0.0188505
0.0113895
0.0779137
0.119503
0.0777411
0.0111906
0.0187395
0.0165978
0.0228275
-0.00333989
0.0147184
0.000791057
-0.0408117
-0.00348887
0.031259
0.000724679
0.03131
-0.00337911
-0.0662375
0.0164418
0.0147756
-0.00322974
0.0227876
-0.00307826
-0.0623974
-0.033494
0.0509243
-0.0402306
0.0250235
-0.0254774
-0.0530929
-0.0401147
-0.0530602
-0.0255825
0.0251857
-0.00304234
0.050877
-0.0335205
-0.0623923
0.00120308
0.0012703
0.00199583
0.00108206
-0.00819422
0.00304873
0.00318213
0.0012134
0.00400939
0.00875268
0.000472842
0.000709155
0.00318654
0.000654856
0.000709413
0.00314984
0.00120521
0.0010639
0.00196581
0.00127034
0.00289864
0.00303329
0.000702017
0.000650703
0.00398108
0.000721951
0.000181165
0.00176177
-0.00788595
0.000934013
0.00283713
0.00317635
0.0916354
0.00539714
0.00766756
0.0942443
0.0918116
0.0942014
0.00530429
0.00554199
0.0697427
0.00239827
0.00584817
0.0876495
0.0643109
0.0866538
0.00478743
-0.00168208
0.07427
0.0269519
0.00940794
0.085409
0.0339264
0.0165929
0.00809716
0.0307962
0.0334206
0.0303529
0.0081017
0.0167145
0.0743479
0.0855434
0.00947921
0.0269728
0.00927449
0.0144282
0.00875833
0.00804385
0.00582968
0.00575559
0.00315962
0.00399716
0.00889428
0.00251553
0.000653053
0.00689035
0.00462072
-0.000329331
-0.00171692
0.00264299
0.00943779
0.00796904
0.00851229
0.014176
0.00461088
0.00266043
-0.00160047
-0.000495649
0.00887132
0.00692214
0.000649009
0.00250254
0.00586063
0.00394343
0.00313699
0.00590967
0.0467458
0.0286608
0.0192674
0.0444036
0.0317896
0.04583
0.0131403
0.0350735
0.0701261
0.0485604
0.0290442
0.0563074
0.0703683
0.0574708
0.0286028
0.0486498
0.071357
0.0114955
-0.0337095
0.00802569
0.0177014
0.0225891
0.00191531
0.0198139
0.0179123
0.0194315
0.00199679
0.0220627
0.0713319
0.00800987
-0.0336909
0.0115817
-0.0229781
-0.00342843
-0.0120798
-0.0267188
-0.0231863
-0.0266774
-0.0119999
-0.00337464
-0.0374904
-0.001076
0.00316402
-0.0231639
-0.0375277
-0.0230216
0.00313751
-0.0010202
0.0111418
0.0227521
0.0112168
0.00114506
-0.0233809
0.0236528
-0.0286382
0.0213706
0.00554138
0.000229992
-0.0381092
0.00315073
0.0228049
0.0118106
0.0103997
-0.0232188
0.00135265
0.0236382
0.00917332
-0.0286293
0.00543739
-0.0380754
7.36924e-05
0.00322774
-0.00039058
-2.48258e-07
0.000617576
0.0428532
0.0039553
-0.0169146
0.00312935
0.0300212
5.96316e-05
0.000543619
-7.07057e-05
-0.00584427
0.000110009
-0.000147695
0.000184667
-0.0316294
-0.00031969
0.0428218
-1.16481e-06
0.000606065
0.00373403
0.0379611
-0.0166318
0.00315946
7.07683e-05
-0.00585336
0.000545575
-6.05673e-05
0.000111161
-0.0313678
-0.000139442
0.000167306
0.00218542
-0.00737561
0.0430488
0.0396814
-0.00479776
-0.00483369
0.076364
0.0272771
0.00243367
-0.00117307
-0.000450507
0.0677805
-0.0107018
0.00157178
0.00528436
-0.0202562
-0.0011678
-0.00140246
0.0601794
0.000634358
0.000342996
0.0101977
0.00163955
0.0430278
-0.000467755
-0.000413301
0.0111073
0.00566202
0.000220661
3.58335e-05
0.00113012
0.0235523
0.000371788
0.000363288
0.0266021
-0.00127541
1.01555e-05
7.94685e-05
8.92366e-05
0.0193293
0.00234756
-0.00394278
0.0431879
0.0396002
0.00242878
-0.00125216
-0.000416375
0.0678371
-0.00927152
0.00171715
0.00517454
-0.0201249
0.00037028
0.0103654
0.00164886
0.0410382
0.000224624
2.92675e-05
0.00112005
0.0235887
-6.36145e-06
8.65897e-05
0.000109669
0.0193364
-2.19431e-05
-2.40377e-05
0.000840535
0.0484321
-0.000102604
-2.4857e-06
-0.000295045
2.69958e-06
-0.00609692
-0.00780206
0.0014271
0.00220819
-0.00100043
-9.61394e-06
-0.000373116
8.00078e-05
0.00348576
-0.0163566
-0.00178644
-0.0034621
-5.89902e-05
0.00126224
0.000414633
-0.0437485
0.000661423
0.00066134
-0.00842763
-0.0048426
0.000364757
0.000864187
0.00588618
-0.00573309
-2.03951e-05
-2.21358e-05
0.000846816
0.0488287
-0.000100823
1.10834e-05
-0.000284402
2.5116e-06
-0.000986677
-8.98165e-06
-0.000379899
-0.000274463
-5.96959e-05
0.00126284
0.000461517
-0.0437844
0.00183615
0.00105924
0.0113411
0.00867156
0.00183903
0.00114837
0.0114519
0.0088261
0.000248553
-0.00198022
-0.00311663
7.56139e-07
0.000124905
0.00741433
0.00694755
0.00112198
-0.0208377
-0.00158711
-2.33314e-05
-0.0208648
-0.000284764
1.83087e-06
0.000278044
6.19462e-05
-0.000280374
1.70871e-06
0.000347428
6.07533e-05
0.00986373
8.60684e-06
-0.00252803
0.00687629
0.00067638
0.0011253
5.02867e-08
0.000767269
-9.96293e-05
-0.000185668
-0.000189759
-0.00048731
-8.66195e-05
-0.000191443
-0.000235301
-0.000510847
0.00507603
0.0016488
-0.00343046
-0.00405726
0.000543598
-0.000236318
-0.000164382
-0.00459808
0.000178727
-0.00144856
0.00126372
0.000176534
-0.0425051
0.00179665
0.0339995
0.0106962
-0.00432426
0.00375959
0.0517928
0.0116098
-0.0139207
0.00270805
0.00197648
0.0750801
0.00111407
0.0020096
0.020179
-0.00286948
-2.80963e-07
0.000329451
0.0604257
0.000576284
0.000442324
0.000835782
0.00156514
0.0248316
0.00167113
-0.00212042
0.0301872
0.0154841
0.0049885
0.000608802
0.0176026
0.0156875
-0.000226848
0.000165524
0.0022564
0.0218292
0.000293421
-0.00173249
0.0054277
-0.0284189
0.000169358
6.78569e-05
0.0210604
-0.0019282
0.000130817
-1.02775e-05
0.000205608
0.00916858
-0.00436457
0.00379431
0.0524815
0.0114026
-0.0415323
0.00198297
0.034088
0.0110793
-0.014591
0.00262522
0.00185269
0.0750536
-0.000113555
9.59258e-05
0.0605968
0.000169526
0.00112176
0.00192365
0.0204732
-0.00283893
0.000454842
0.000765472
0.00156121
0.0241043
0.00485752
0.000675449
0.0175608
0.015716
0.00168621
0.00148584
0.0301768
0.0169628
-0.000299142
0.00016386
0.00225706
0.021813
0.000146268
9.74654e-05
0.0213525
-0.00185996
2.31957e-05
-0.00188415
0.00542727
-0.0282538
0.000120531
-1.54757e-05
0.00021508
0.00907859
7.80259e-07
0.0102795
0.000760707
0.0928465
-1.37992e-05
3.97693e-06
0.000730467
0.0449955
0.000646149
0.00358178
-0.000267768
2.18556e-05
0.000202087
-0.00943939
0.00243091
-0.000545604
-0.000450432
-0.000552465
0.00516447
0.0271025
0.000377089
-3.30506e-05
0.000797495
0.0458457
0.00066935
0.000987832
-0.00408483
0.00410753
-0.0189495
0.0050707
-0.0168597
-5.70753e-05
-6.46338e-05
2.25503e-05
0.000723382
0.0296693
0.00110268
0.000319864
-5.07642e-05
2.65069e-05
-2.51085e-05
4.18434e-05
0.000452359
-0.0418117
0.00915169
0.00231808
-0.0120782
0.000232045
-7.47227e-05
0.000202049
0.000155369
0.00900846
-1.97119e-05
0.000246879
-2.97149e-05
-0.00010997
0.000869324
-0.00117173
-0.000172468
-0.0523021
0.0487011
0.00374042
0.00892165
-0.00768887
-2.29682e-05
0.0102924
0.000730224
0.0932334
0.00016759
-0.00949096
0.00237034
-0.000790808
-1.31474e-05
4.15959e-06
0.000724835
0.0450693
0.000633842
0.00354694
-0.000269724
2.19361e-05
-0.000454023
-0.000425519
0.00521503
0.0240863
0.00366332
0.0154558
-0.00727658
0.00242543
0.000383562
0.000267755
0.000798881
0.0459747
0.000666977
0.00057623
-0.00372585
0.00412129
-7.15629e-05
2.60588e-05
0.00071721
0.0297075
0.0091851
0.00232047
-0.0114275
0.00022345
0.00108691
0.00032459
-4.95677e-05
2.69624e-05
-3.90381e-05
4.18472e-05
0.0004382
-0.0419757
-7.47729e-05
0.000195469
0.000146727
0.0102343
0.0486299
0.00361844
0.00843406
-0.00775657
-7.06269e-05
0.000252501
-2.83629e-05
-8.20254e-05
0.000874486
-0.000968637
-0.000175916
-0.0525934
-0.000253752
-0.00467986
-0.000682281
0.00121586
0.00264715
-0.000176153
-0.000310833
-0.000122886
0.000257422
-0.012432
-0.00150144
0.00201549
0.00485584
-0.0113442
6.61687e-06
-0.00025294
-0.00153948
0.00175763
0.00250345
8.31139e-05
0.0449174
-0.0321079
-0.00661283
0.00654914
0.000132283
0.000606383
-6.16414e-05
-7.94474e-05
9.16388e-05
0.000391639
-0.00349747
0.00176986
-0.000294569
0.00611396
0.00280852
0.0127786
-0.0253897
0.00313526
0.000385221
0.000430268
0.000445032
0.0035889
-0.00177652
-0.00031055
0.0172459
0.0294062
0.0290649
-0.0081355
0.00021212
-0.0123683
-0.00131772
-0.00132014
-0.0136122
0.00128018
-0.00277546
-0.00267634
0.000338085
-0.00159329
0.000912018
0.00113402
0.000307698
0.00061516
0.00104741
0.000605033
0.000180843
4.08491e-05
-0.000880537
-0.000870755
0.00493376
0.00184611
0.000637994
0.000614923
0.000469359
0.000216809
-8.68969e-05
-0.000268915
0.000189231
0.000704476
-0.00206759
0.000931613
-0.000263389
-0.00452799
-0.000709615
0.00118674
0.0024341
-0.00012978
6.93692e-06
-0.00024214
-0.00162746
0.00173954
0.00252736
9.00095e-05
0.0450067
-0.0319971
-0.00542503
0.00661581
9.0715e-05
0.000615622
-4.46819e-05
-1.85436e-05
-0.000209139
0.000497282
-0.00374292
0.00143766
0.000415906
0.00358141
-0.00388784
-0.000315886
0.00756335
0.0279148
0.0173179
0.0115879
0.00033505
-0.00158205
0.00110755
0.000906984
0.000579379
-0.000587258
0.00084055
0.00038594
0.000498966
0.000216101
-0.000249425
-9.65067e-05
0.000258828
0.000630871
0.000788299
-0.00208793
0.000436145
0.00584655
-2.03237e-06
-1.27778e-05
-0.000979811
0.0041874
2.56081e-05
-0.000535275
-8.97925e-05
-0.00339355
-4.8294e-06
2.05392e-05
-1.85547e-05
2.87169e-07
-0.000162789
-3.73982e-05
0.00762506
0.00353172
-0.00449065
-0.00229757
0.000358651
-2.89597e-05
0.00568424
0.00326326
0.000494701
-0.000247827
-0.000394734
-0.000151079
0.00329651
-0.00069682
0.00251424
-0.0022633
2.11239e-05
5.8727e-06
0.00264696
0.00891319
0.000456078
0.0078368
0.00898596
-0.021285
0.000754435
0.000374036
0.000405244
2.75564e-05
0.0725965
0.00249602
0.00104427
-0.000107672
-0.00569413
0.00516531
0.000446136
0.00052539
0.00745324
0.000120012
0.000939784
0.000942179
0.00147101
0.00046649
0.000811062
0.000815184
0.00238832
-0.0126415
-3.92149e-05
4.35596e-05
0.00044784
0.00588253
-2.16357e-06
-1.18311e-05
-0.000235307
0.00490152
0.000115808
-0.000786781
-7.85446e-05
-0.00325573
2.16225e-05
-6.29702e-06
-1.83185e-05
1.7491e-07
-0.000160365
-3.8744e-05
0.000428721
0.000106594
-0.000167921
-0.000400522
0.00333194
-0.0012917
0.00262118
-0.00199175
0.000793379
0.000381834
2.80475e-05
0.000405183
0.0727847
0.00245757
-9.42625e-05
0.00112917
-0.00197494
0.00091004
-0.00228235
0.000499767
0.000957369
-0.000176998
0.00236661
0.00188397
0.000781357
-0.000419891
-0.000636402
0.00048511
0.000113223
0.00098395
-4.3449e-05
0.000440064
-0.0015974
0.000910984
-0.000222439
0.000915998
0.000112492
0.000988518
-4.73038e-05
0.000412732
0.00077522
-0.000434638
-0.000660527
0.000483788
0.000956363
-0.000176013
0.00235197
0.00182702
0.00023641
-0.0010989
-0.00243607
-0.00892579
0.000761276
-0.0011102
-0.00232406
-0.00884306
0.00212772
0.00444839
0.00574512
0.00452259
0.00264513
0.00422643
0.00525459
0.0062492
3.95465e-05
9.06348e-05
-0.000161069
-0.000349991
0.000330733
-0.00425988
0.000897607
2.48168e-05
0.00032951
-0.00430761
0.000803498
0.000145561
3.06123e-05
5.83347e-05
-2.5147e-05
4.6925e-05
-0.000916626
-0.016809
0.0289316
-0.000112114
-0.0020129
0.0108784
0.0459776
-0.00026788
0.0109005
-0.00202681
-0.000315938
0.0459744
-0.0167576
-0.000912311
-8.2634e-05
0.0289702
0.000543321
1.4726e-05
-1.5861e-06
0.00458809
0.000167879
8.54997e-05
5.21016e-05
0.0044825
0.000779653
0.00012609
0.000462692
-0.000994576
-2.64002e-05
0.000986977
0.000350805
2.09168e-06
0.000542554
1.47209e-05
-1.20295e-06
0.00457321
-2.63501e-05
0.000977088
0.000356643
1.92681e-06
0.000777292
0.000108243
0.000475709
-0.000698655
0.000170182
8.57723e-05
0.000345073
0.00451795
-0.00251226
-0.00193104
0.00188893
0.0031584
-0.00162577
-0.00216559
0.00347327
0.0034233
-0.000568302
-0.00196017
0.00457246
-0.000749816
-0.00258849
0.00137908
0.000130809
0.003469
0.04359
0.0250139
-7.96277e-05
0.00287822
0.0732723
0.00128585
0.000760247
0.00257926
0.00125699
0.0737685
0.00258395
0.000649598
0.0248667
0.0437927
0.00301612
-0.000199736
0.000942511
4.72613e-05
0.000142742
0.000920705
0.00078148
0.000452107
0.00450046
0.000856051
0.000171808
0.000966276
0.00067933
0.000172446
5.12632e-05
0.000252939
0.000232748
-0.000371176
0.00094078
4.7434e-05
0.000124034
-6.21706e-05
3.53835e-05
0.000270453
0.000215393
-0.000264396
0.000208485
0.000949644
0.000706183
0.000176249
0.000703239
0.000419742
0.00443038
0.000994833
0.0205232
0.000217354
0.0100135
0.0135293
0.0272042
0.00204617
0.00984156
0.0196671
-0.00125218
-0.0158416
0.01409
0.00381621
-0.000707145
-0.015618
0.0132463
0.006237
0.00454203
0.00321182
-0.011153
0.000978469
-4.18203e-05
0.000390697
0.000514791
7.884e-05
3.47988e-05
0.000352341
0.000451998
0.000212505
0.00555497
0.00321649
-0.0111127
0.000978778
-2.53731e-05
0.00452129
0.00323536
1.9974e-06
0.00449897
9.54605e-07
6.23223e-06
0.0040026
0.0037315
0.000677692
0.000102285
-0.00110216
0.000685119
0.00365598
-0.00103833
8.73654e-05
0.0356786
0.0281358
0.0391371
0.00551672
-0.0166178
0.0739376
0.0216855
-0.0176074
0.0602506
0.000420408
0.00201597
0.031177
0.0290227
0.00468997
0.0538874
0.00958014
0.0028334
0.0225439
0.00409456
-0.0376719
0.0222256
-0.000321068
6.29902e-05
0.00115836
0.0389115
0.00561614
0.0359584
0.028605
-0.0184857
0.0732204
0.0591601
0.000438369
0.0216535
-0.0174415
0.00200901
0.0307661
0.0543819
0.00951732
0.0290305
0.00479812
0.00283547
0.0225988
0.0222231
-0.000348768
0.00407872
-0.037626
9.45746e-05
0.00104847
0.000604512
0.0164383
0.000648477
0.0445182
-0.000346401
-1.38113e-05
-0.000123406
-0.00057915
0.00278555
0.0283763
0.000950997
0.0460296
-0.0105013
0.00387511
0.00770263
0.00817137
0.000630462
0.0407866
-1.23053e-05
-0.000188471
0.000542414
-0.0372381
-0.0214391
0.0432877
0.00013676
-0.0259585
0.00020158
-9.47614e-05
-0.00016919
-0.0585404
0.0152735
0.000869601
0.000598342
0.0163516
-0.000129607
-0.000590278
0.000636174
0.0444636
-0.000346618
-1.22796e-05
0.00312672
0.0403656
0.0117918
0.00142606
0.000959106
0.0457675
-0.0102139
0.00390426
0.000568327
0.0408072
-0.021358
0.0432892
3.01564e-05
-5.01286e-05
0.000664567
-0.0371858
0.000141485
-0.025909
0.0155353
0.00087397
0.000209599
-9.80033e-05
-0.000172996
-0.0591792
0.0358229
0.0341682
0.0327509
0.0282202
0.000762963
0.000195023
-0.000841593
9.47455e-06
0.0684669
0.021131
0.0685834
0.0210935
-0.0013121
0.00289449
0.00116596
0.00114334
0.000827533
0.0699498
-0.000761751
0.0613912
0.00370382
0.000111045
-0.000311554
-0.0100734
0.0124635
-0.017641
0.00231525
-0.0222162
-9.27519e-05
-4.6922e-05
-0.0042365
0.00182486
0.0472189
0.000842609
0.048038
0.000602225
0.00616461
0.016696
-0.00849075
-0.008499
0.00149932
0.0369053
0.00510707
0.0324698
0.00174827
-0.000369411
0.00484289
0.0023301
0.0132666
0.0085851
0.0132265
0.00852486
-0.00159619
-0.00129703
0.00164883
0.00159614
0.00140636
0.0220093
0.00108732
0.0264185
-7.50036e-05
0.000195466
0.0007664
0.000881399
0.019173
-0.0015338
0.0201921
-0.00150542
-0.000294746
-0.000462904
0.000704361
0.000728808
0.000197868
0.0153555
8.62536e-05
0.0220567
-0.000122197
6.40984e-06
-0.00079911
0.000935089
0.0359231
0.0338837
0.034982
0.031826
0.000847365
0.000200685
-0.00144948
-0.000861898
0.000854861
0.069977
-0.000732616
0.0614855
0.00369002
9.53643e-05
-0.000346098
-0.0100643
0.0122539
-0.0179942
0.00233379
-0.022067
-1.99335e-05
-6.25074e-05
-0.004273
0.00172846
0.00148551
0.0368807
0.00527115
0.0324103
0.00144931
-0.000345682
0.00817591
0.00198243
0.00140378
0.0221196
0.00108036
0.0265062
0.000206828
-7.45558e-05
0.0009127
0.000893473
0.000192618
0.0154758
8.12583e-05
0.021936
1.14422e-06
-0.000123877
0.00112377
-0.000851191
0.000783303
0.0443205
0.000904416
0.0478994
-5.02968e-05
-4.34218e-05
0.00321789
7.24517e-05
-0.000131443
2.71463e-06
-0.000134238
9.78398e-07
-1.47698e-05
-1.75462e-05
-0.000172218
-3.90769e-05
0.000704044
0.0106253
0.00147129
0.0105872
-0.00985769
-0.00531943
0.00267067
-0.00224896
-0.000762491
0.0046052
-0.000172669
-0.00030726
-0.000501973
-0.000106192
0.00398589
-0.000748761
-0.0170161
-0.000174886
-0.0167027
2.68493e-05
0.00467755
0.0115086
0.00805831
-0.0227831
0.000453826
-0.0419257
0.0212487
-0.0430826
-0.00346988
-3.63651e-05
2.76516e-05
-0.000137178
-0.0235605
-0.00547287
-0.0108639
-0.00551017
-0.0145363
0.000333633
0.00174274
0.00172752
0.00636999
-0.0055111
0.00637422
-0.00542022
0.00068786
0.000697542
0.00021028
0.000195415
0.000783185
0.0448999
0.000914705
0.0484254
-5.13308e-05
-4.41018e-05
0.00338139
7.67292e-05
-0.000124454
3.26522e-06
-0.00013301
1.1944e-06
7.88235e-06
3.36902e-06
-0.000171046
-3.94907e-05
-0.000782766
0.00433076
-0.000170746
-0.000112557
-0.000117357
-0.000499455
0.00413394
-0.000875682
0.000483162
-0.0419468
0.0248916
-0.042562
4.66946e-08
-0.000969989
-0.000124352
2.63463e-05
0.000479817
-0.00140407
0.00155528
5.35991e-05
0.00187538
0.00210977
0.00842628
-0.000956955
0.000542551
-0.00103866
0.00155132
5.33701e-05
0.0020895
0.00188968
-0.000812636
0.00879621
-0.0014912
-0.00113139
0.000369587
6.42408e-07
0.000314695
6.37064e-07
-0.00380591
-0.00232271
0.00934043
0.00935945
-0.000377573
0.00114018
0.000726884
0.000144052
0.00376659
0.00372052
-0.00289051
-0.00122199
-0.012314
-0.01239
-0.0210793
-0.0211196
-0.00133819
-0.00289565
0.000111362
0.000257975
-0.00020079
3.65843e-05
-0.000388477
-3.99199e-05
0.000306755
6.34411e-06
0.000111043
0.000278627
-0.000194595
3.51313e-05
6.38335e-05
-0.000387203
6.03477e-06
0.000306723
-0.00623176
-0.00698927
0.00629662
0.00500845
0.00203372
0.00772489
-0.00557565
-0.00705352
0.00108095
-1.4121e-05
0.000812947
0.000816452
0.000745698
0.000764051
3.10873e-08
0.00109523
-0.000188737
-7.82305e-05
-0.00419196
-0.000224966
7.57371e-07
-8.7711e-05
-0.000997425
-0.000692076
-8.06092e-05
-0.000209826
-0.00390736
-0.000230819
-4.28232e-05
1.3771e-05
-0.00128859
-0.000730473
0.000135286
0.000600577
-0.00524957
0.00521563
0.00323705
0.00749015
-0.0110883
-0.00427277
-0.000591357
-0.000550116
-0.00286327
0.000738011
0.000743244
-0.00322068
0.00011764
9.78401e-05
-0.00380828
0.00114181
0.000522607
0.000585444
-0.000474787
-0.000481504
-0.00391123
0.00129113
0.00561116
-0.00240513
-0.0250199
0.0348689
0.00305407
-0.00305864
-0.00147874
-3.01151e-05
-0.00371425
0.00253311
0.00250163
0.000117755
0.00076028
0.00553297
0.00143518
0.00285124
0.00225627
0.0145764
-6.42786e-05
0.000112684
0.000644267
0.000898957
0.00777088
-0.00866017
-0.000308872
0.000372617
0.00636695
0.0370243
9.10348e-05
8.54957e-05
-0.00153698
-0.00152685
0.000362275
-8.39583e-05
1.773e-06
0.000350233
0.00136287
0.000539864
0.00318151
-1.52366e-06
0.000136872
0.000272725
-9.35597e-05
-0.000178776
0.000288792
0.000261441
-1.16637e-07
0.000504552
0.00318848
-0.00288604
-0.00144496
-5.38288e-05
0.00519305
-0.00240399
-0.0249431
0.0349369
-0.00444831
0.00214013
0.00240394
0.00015211
0.00197063
0.0143782
-7.88524e-06
7.93659e-05
0.000729431
0.00542202
0.00153042
0.00322845
0.000631095
0.00107799
0.00456226
-0.00933627
-3.21285e-06
4.45539e-05
-0.00145237
-0.00150003
0.000100959
0.000373919
0.00627024
0.0370514
0.000384967
-8.04016e-05
-6.11044e-05
0.000231102
9.53469e-05
0.000193241
-0.000116151
-8.44089e-05
0.00135718
0.000538857
0.00314781
9.3466e-05
0.000280841
0.000251527
0.000199688
0.000263175
0.00121287
0.00443956
0.00477061
-0.00281482
2.23682e-05
-2.27071e-05
-8.92119e-05
0.00130062
0.000723477
0.00279306
0.000597666
0.00403638
0.00345114
-0.00507748
-0.00189619
0.00373204
0.000983824
3.69182e-05
0.0108842
0.0204606
0.000297523
-5.17126e-05
0.000793837
1.99342e-05
0.000164958
0.00332892
0.00194803
0.000877996
-0.00177281
0.00326278
0.00345203
0.00878831
-0.000162783
0.000101072
-0.00174853
-0.000319474
0.00114037
0.000344235
0.000943178
0.000407505
-5.8054e-05
5.89639e-05
-0.0037548
4.18178e-05
0.00178224
-0.0151936
0.0592556
0.0109725
-3.40642e-05
0.000162721
0.0205713
-0.00866117
3.62503e-06
0.000555373
7.46018e-05
-0.000110428
0.000829782
-0.00520212
-0.00193878
0.000737241
0.0733026
0.0025831
0.0192366
0.00223994
0.00136634
0.00449908
0.00446427
-0.0031013
0.00343521
-0.00511426
-0.00167098
0.00391055
2.23599e-05
-2.26023e-05
-8.56352e-05
0.00165781
0.000689442
0.00274542
0.000590947
0.00400557
0.00107275
3.8019e-05
0.0166878
0.00938209
-0.00190865
0.00443285
0.0249492
0.0140317
0.000293557
0.000232112
0.000325773
2.08683e-05
0.000160183
0.00337452
0.00193946
-0.000958713
-0.000193176
0.000113174
-0.00171897
-0.000128775
0.00147116
-0.00267719
0.0592234
0.0109978
0.00111227
0.000335317
0.00106566
0.000412401
-2.35106e-05
1.90595e-06
-0.00334984
4.70145e-05
1.72733e-05
0.000159179
0.0218113
-0.00744385
0.0737464
0.00262428
0.019062
0.00223236
-2.30439e-05
0.000575335
5.88895e-05
9.59445e-05
0.000808256
-0.00163434
-0.00204781
0.00073694
0.00780885
-0.000139017
0.000358061
-0.00138202
0.00168373
-0.00157977
0.000128361
-4.13516e-06
-0.000452705
-0.00772929
-0.00767908
-0.000452496
0.013977
0.00183301
0.00174233
0.0139832
-0.00158725
0.00274654
0.00195998
-0.00307582
-0.0207072
-0.011166
0.013439
-0.0216878
0.000516655
0.000478179
0.000504028
0.000340843
0.000282064
0.00102223
-0.000439262
0.000405436
-0.00090109
0.0122908
0.0114026
-0.000512883
0.00472564
0.00270146
0.00279209
0.0047226
0.000983344
0.000972953
0.0051482
0.000450743
-0.000577305
0.0112409
-0.00816381
0.0341113
0.000311461
0.000152488
0.000203109
0.000309693
-0.00150811
0.0469373
0.0469346
-0.00160677
-0.000153232
0.000645795
-0.000115286
0.000366112
0.000713168
-0.000867806
0.000208858
0.000347872
0.00026798
1.82449e-05
0.000148947
-0.000152745
0.00382799
-0.000260259
0.000283724
0.00379966
0.000677696
0.000318089
0.000199912
0.000120557
0.000758466
0.00104017
0.000682284
9.60179e-05
-9.52204e-05
0.00784385
-0.00136514
0.000364024
0.000107989
7.47256e-05
-0.00158037
0.00175093
0.00273113
-0.00162394
-0.00310392
0.00199701
-0.0114463
-0.0203208
-0.0218581
0.0124724
0.000362489
0.000524673
0.000820486
0.000424229
0.00108375
0.000284958
0.000405368
-0.000373555
0.000890196
0.000962655
0.000428155
0.00515319
0.0163096
0.0048661
0.0317747
-0.00710744
0.000343448
-0.000145468
0.000642556
-0.000209761
0.000181858
-1.64292e-05
-0.000628197
0.00026712
0.00012929
0.000206094
0.000316144
0.000682754
0.000443841
0.000525279
0.00103162
0.000680126
0.000491974
0.00532643
0.00547262
0.00026381
0.00411339
-0.00119164
-0.00180128
0.00313834
-5.17508e-05
-0.00433323
-0.000766712
-0.000320739
0.000105152
0.000149939
-2.37319e-05
2.70119e-05
-0.003115
0.00308769
0.00300234
-0.00322866
-0.00442418
0.000740892
0.00219761
-0.00436193
0.000367839
5.86127e-05
-0.000658656
0.000646703
8.15141e-05
6.82188e-05
0.000981084
0.000835769
0.000666441
-0.00574018
-0.00566274
0.000642251
5.35083e-05
0.0226301
0.0244769
-3.37173e-06
-0.00261964
0.000446721
0.000322025
0.000850494
0.0733294
0.00273894
0.00236903
0.072512
-0.0190323
0.00167022
0.00121129
-0.00633367
4.44423e-05
0.00870514
0.00857537
8.87387e-06
0.00151086
0.000585109
0.000433542
0.00128853
-0.0111773
0.00238964
0.00238316
-0.0112163
0.00533556
0.000499839
0.00027325
0.0055286
-0.000280043
0.00555509
0.00449439
-0.000589837
-0.000320601
-0.000758521
-0.00400601
-4.21624e-05
0.000150603
0.000103008
2.63847e-05
-2.31907e-05
0.000645723
-0.000354356
0.000356902
0.000204098
6.82613e-05
8.22901e-05
0.00063695
0.000763191
0.000889775
0.000333442
0.000445716
0.00071622
0.0727205
0.00234855
0.00277394
0.0733889
0.0365751
-0.00760357
6.70652e-05
0.0375861
0.00295022
0.00204981
-0.000196638
0.00328614
0.00283427
0.00909884
0.00670496
0.00416165
0.0398559
0.0341268
-0.00345113
-0.000873966
0.000344737
0.000417776
0.000835987
0.000891446
-0.000317053
-0.000213235
0.00236207
0.00297563
0.00539567
0.00107166
0.00100087
-0.00473226
-0.000641412
0.00669946
0.00356388
-0.00278235
0.000544201
0.000408924
0.000673858
0.00107233
0.00102687
0.000633588
0.000298139
0.000988979
0.00428258
-0.00279574
0.000642321
0.00040095
-0.000231669
0.000247049
0.000328603
-0.000445394
0.0206763
0.0296874
0.000575211
0.0026978
0.0379452
0.000828722
0.000535472
0.0317655
0.0121986
0.000341015
-0.000268995
-0.0044464
0.00146307
0.00212057
0.000613547
0.00113369
0.0363035
0.0385726
-0.000123859
-0.00829991
0.039958
-0.000880126
-0.00333039
0.0342136
0.00288896
0.00414874
0.00695714
0.00801152
0.0029935
0.00303842
-0.000270738
0.0020117
0.0206656
0.00272168
0.000581809
0.0296799
0.00145339
0.00112092
0.000583145
0.00212874
0.0122328
-0.00398039
-0.000286112
0.000320379
0.0391325
0.0328497
0.000533562
0.000819502
0.000509235
0.00105548
0.000657939
0.00038335
-0.000207161
-0.000439218
0.000328563
0.000250895
0.00426991
0.000410816
0.000639591
-0.00272958
0.00100195
0.000982435
0.000293148
0.000602891
0.000339448
0.000867016
0.000853711
0.000419381
-0.000601878
-0.00288634
0.00359433
0.00669191
0.00553689
-0.00503237
0.0012906
0.00110187
-0.000308207
0.00291628
0.00231002
-0.00020122
0.0828192
0.0474039
0.00185943
0.080956
0.0754007
-0.00173359
-0.00352706
0.0622175
-0.00251716
-0.0239058
-0.0135905
-0.0104377
0.0663629
0.0727726
-0.00514519
-0.0106652
0.0829179
0.0807378
0.00190249
0.0473088
0.0664407
-0.0106902
-0.00501768
0.072816
-0.002528
-0.0101791
-0.0121251
-0.0238177
0.0799145
0.0626553
-0.00338516
0.00244664
0.023939
0.00496926
0.00575428
0.0831888
-0.0083454
-0.000281944
0.00213869
-0.00706873
-0.00346018
-0.0201836
-0.0154321
-0.000841724
0.0645726
0.0647421
0.0143128
0.0215433
0.0239956
0.0833574
0.0058161
0.00497997
0.0644795
0.0227295
0.0145188
0.0647688
-0.00215041
0.000774451
-0.0154786
-0.0204797
-0.00258189
-0.00713585
0.00204761
0.00170908
0.0507995
0.0225427
0.000158343
0.0356559
0.0228349
0.00113133
0.000595514
0.0221655
0.00902606
-0.0050347
-0.000844113
0.000341892
0.0111452
0.0157085
0.00017189
-0.00133056
0.0271135
-0.0128327
-0.00289867
0.0316908
-0.0156891
-0.0116667
-0.0114735
-0.0168963
0.00666324
0.000897154
0.00146045
0.00503411
0.0255863
0.0278615
0.00101311
0.00102709
0.0269422
0.0317526
-0.00289596
-0.0104491
0.0256336
0.00117957
0.000878602
0.0278858
0.00639625
0.00502676
0.00131405
0.000757838
-0.00933932
-0.0105425
-0.00496523
-0.00525369
0.0508496
0.0360801
1.08361e-05
0.022612
0.011117
-0.00110477
0.000151655
0.0156644
0.00878264
-0.00075181
0.000107136
-0.00513801
0.0227374
0.0222132
9.3344e-05
0.00119313
0.0402339
-0.0135291
-0.0214612
0.00447574
0.035049
0.00209659
0.0338038
0.0221555
-0.0221405
-0.000831938
0.0213976
-0.0016377
0.0264292
0.0170123
-0.00989409
0.00420102
0.0081079
-0.000132751
0.0083807
0.0111905
0.00682719
-0.00558131
0.00489936
0.0160878
-0.0223193
-0.000529354
0.0492086
0.0321796
0.0354912
0.0232636
0.0409463
0.00146708
0.00813236
0.0102825
0.00834695
-0.000216977
0.0370843
0.0013796
0.0409607
0.0226324
-0.0223819
0.0316811
0.0492459
-0.000651543
0.00714562
0.0161183
0.00486924
-0.00600231
0.0403962
0.00439516
-0.0214434
-0.0132526
0.0263622
0.00461739
-0.00985264
0.0168983
-0.0221586
-0.00170626
0.02147
-0.000823396
0.0352245
0.0217017
0.0338813
0.00211238
0.000626228
0.000706035
0.000584673
0.000627758
0.000811092
0.000464564
0.000515335
0.000755964
-0.000235833
-0.000176806
0.00494192
0.00559342
-0.000132814
0.00380877
0.00430548
-0.000165312
-0.0121624
-0.00690434
0.000325255
0.00117265
-0.00113637
2.69654e-05
0.00419489
0.000284654
-5.89849e-05
0.00595318
0.00502727
-0.000481463
0.000873334
0.000831031
0.000274444
0.000350201
0.000136215
0.000598987
0.000914666
0.000107327
0.0159157
-0.000656604
-0.00260799
-0.00333137
0.000282687
-0.000484963
-0.000303802
0.000777788
-0.000409945
0.000311179
0.00112372
0.00052773
0.00054262
0.00102297
0.000946848
0.000499381
1.29051e-05
-6.35067e-05
0.000360479
0.000364532
9.70554e-05
0.000351452
0.00034672
-1.41622e-06
0.000429341
0.000447493
0.000928417
0.000802944
0.000614843
0.000618897
0.000580389
0.000698172
-0.00013201
-0.000163787
0.00428083
0.00377236
-0.00022963
0.00561584
0.00493834
-0.000172207
0.000814056
0.000752984
0.00051913
0.00047435
0.00060052
0.000547033
0.001002
0.0010741
0.000466478
0.000841403
0.000940602
0.000458408
9.50662e-05
-2.82846e-06
0.000352947
0.000361104
2.2483e-05
0.000369308
0.000365943
-6.47384e-05
0.000149905
6.27988e-05
0.000882451
0.000590901
-0.00041718
0.000503208
0.00114782
0.000314493
0.000313834
0.000779472
-1.67966e-05
-0.000173012
0.013169
-0.0014018
-0.000591813
0.000281265
-0.0118871
0.00117753
0.000320742
-0.00657313
0.0008816
0.000360542
0.000574241
0.00111127
-1.1415e-05
-0.000158693
0.0053509
0.00599895
-0.00113186
0.000509854
0.00407166
-9.96688e-05
0.0436282
-0.000826354
-0.00291155
0.0447813
0.00287647
0.00374771
0.0016821
-0.00143037
0.0080804
0.00493125
0.00522896
0.00599067
0.0463814
0.0446599
0.000231727
0.000222506
0.0435892
0.0447715
-0.00263387
-0.000736777
0.0468688
0.00218824
0.00172999
0.0449867
0.00594294
0.00413117
0.00715397
0.00632474
-0.00296634
-0.00144736
0.00193668
0.0014674
0.0533992
-0.00207022
-0.000437249
0.0463203
-0.00846889
0.00366165
0.00552435
-0.00845876
-0.00271533
0.00313935
0.00453438
0.00233955
0.048627
0.0472165
-0.00126154
-0.000640074
0.0539066
0.0464022
-0.000827364
-0.0102017
0.0481657
-0.0015755
-0.00218121
0.0468616
0.00494574
0.00831925
0.00331253
0.00206419
0.00273166
-0.00984297
0.00436047
0.0102111
-0.0235146
-0.0418775
0.0648296
0.0314976
-0.0420378
0.073305
0.046261
-0.0418683
0.00184087
0.000981224
0.00285558
0.0037544
-0.00412329
0.0019921
0.0186348
0.00888288
-0.0461474
0.0706706
0.0750422
-0.0577754
0.00673615
0.00220974
0.00389221
0.0101317
0.000710473
0.00242753
0.00312352
0.001253
-0.0435094
-0.0463849
0.0743297
0.072673
-0.0466039
-0.0538707
0.0754009
0.0710686
-0.0435478
0.0728948
0.0728187
-0.0466621
0.000799953
0.00125242
0.0031001
0.00240024
0.00670725
0.0101258
0.00380829
0.00208872
-0.0234561
0.0315253
0.0647462
-0.0419226
-0.0041238
0.00891036
0.0186525
0.00199425
0.00187664
0.00380374
0.00295112
0.000963506
-0.0420726
-0.0418962
0.0463084
0.0733678
0.00628298
0.00512301
0.00164893
0.00541463
0.00700718
0.000133436
0.00101823
0.00515144
-0.00255532
0.00461514
0.00102478
0.000500919
0.00470703
0.00478286
0.000951682
0.00332213
0.0246797
0.0217458
0.00148126
0.00258877
-0.00156193
0.000251342
0.00537798
0.0201783
-0.000426361
0.00450316
0.0056348
0.000415721
0.00137285
0.00273251
0.0014268
3.43713e-05
0.00470264
0.000481222
0.00122743
0.00569138
-6.40168e-05
0.000504462
0.000913765
0.000204392
-9.47391e-05
0.000519957
0.000748587
0.000227221
0.00566678
0.00360229
0.000878776
0.000173036
0.000125144
-5.50631e-05
0.000237053
4.44898e-05
-0.00147233
-0.000859602
0.000267826
7.41849e-05
-0.000338814
-0.000120077
-4.22901e-05
-0.000324544
6.26919e-05
0.000288398
0.000313643
0.000154542
0.00650061
0.00543595
0.00161913
0.00554119
0.00416824
0.00344974
-0.000516997
0.00327667
-0.00242109
0.000696597
0.000464416
0.00452101
0.00677139
0.00525913
0.00100812
-0.000187132
0.00013108
5.44674e-05
0.000230512
-6.18936e-05
8.5549e-05
0.000188741
0.000302957
0.000278744
-0.000335895
-0.000435735
0.00014881
-8.85682e-05
-0.00117948
0.000188949
0.000179896
-0.000744289
0.00471441
0.00566979
0.00122344
0.000498398
0.00567102
0.00019818
0.000979343
0.00276571
-0.000103936
0.000231529
0.000755871
0.000543315
-6.44761e-05
0.000206252
0.000905837
0.000520348
0.0246112
0.0025531
0.00138921
0.0217072
0.00139301
3.51029e-05
0.00156553
0.00292367
-0.000447162
0.000569768
0.00575081
0.00447421
-0.0016546
0.0199801
0.00525762
0.000247886
0.0321247
0.00520563
0.0237862
0.0266009
0.00513786
0.00828004
0.0128807
0.00892508
-0.00407933
0.0177488
0.0307363
0.025319
0.0397489
0.0295439
0.00427879
0.0228608
0.042526
0.0303288
0.0140675
0.0256003
0.0412911
0.0224248
0.0209014
0.0284117
-0.0084415
-0.00415333
0.0388768
0.0160538
-0.0237176
0.0145536
0.0177065
-0.02058
0.0479789
0.0621702
-0.00812001
0.0260224
0.0612857
0.00414024
0.0133024
0.0694448
0.00519086
0.0382059
0.0288894
0.00882011
0.0417004
0.026807
-0.0317028
0.00144379
0.0478921
0.0267253
-0.00721882
0.0623387
0.0413264
0.010999
-0.0297741
0.0270052
0.00582629
0.00913071
0.029764
0.0402103
0.0720157
0.0694891
0.0135724
0.0144391
-0.0245477
-0.0124853
0.0133156
0.0280252
0.0206509
-0.00144732
-0.00929314
0.0152226
-0.00357725
-0.0118267
-0.0105418
-0.00173404
-0.00524851
-0.00284006
0.00355747
0.00249468
0.00849924
0.0214069
0.000160969
0.00581405
0.0188806
-0.000549416
0.000465214
0.0202243
0.000197143
0.0015165
0.000730633
-0.000790562
0.0182925
0.0127235
0.000561306
0.00109585
0.00844177
0.00572987
0.000255983
0.021869
0.0183613
0.00114444
0.000836721
0.0127214
0.000289615
-0.000698259
0.000683419
0.00141817
0.0195591
0.0207449
0.000309086
-0.000848602
-0.0245108
0.0279469
0.0138588
-0.0119673
-0.00512599
0.00248375
0.00352277
-0.00277962
-0.0037883
-0.00185969
-0.0103999
-0.0118633
0.0206113
0.0158083
-0.0088058
-0.00147075
-0.0209339
0.000513398
0.00592492
-0.00886339
-0.00408456
-0.0303183
0.00489236
0.000722803
-0.00197298
-0.00386386
0.00308917
0.00304971
-0.0229879
-0.00870761
0.00290003
-0.00337665
-0.020781
-0.00901365
0.00610164
0.000182721
-0.0225967
-0.00330283
0.0037051
-0.00834678
-0.00213369
0.00359683
0.00351134
-0.00390115
-0.00418266
0.000389679
0.00485431
-0.0300403
-0.0383663
-0.000964882
0.00388453
-0.0319499
-0.000734616
0.0049084
0.00378676
-0.00163834
0.00147936
0.00175833
-0.00105148
0.00109192
-0.0177984
-0.0252271
0.000847715
0.00172103
-0.0383637
-0.0319543
0.00394619
-0.000965522
-0.0179749
0.00201714
0.000768665
-0.0241991
0.00140274
0.00114751
-0.000936898
0.00170179
-0.000669444
-0.00170022
0.00375728
0.00491307
