-0.725
0.155
-2.09841
-0.645
0.325
2.2276
-0.725
0.684886
-2.065
-0.645
1.02133
2.135
0.725
0.155
-2.09841
0.645
0.325
2.2276
0.725
0.684886
-2.065
0.645
1.02134
2.135
0.0827778
0.162268
0.156731
0.19752
0.0827799
0.162273
0.156733
0.197497
-0.0600295
0.00645276
0.0948142
0.146824
0.0397313
-0.0512371
-0.111744
-0.057848
0.0156849
0.107899
0.161232
0.0268449
-0.0641732
-0.11958
-0.0358417
0.0388329
0.166645
0.198367
0.0402834
-0.0498737
-0.100607
0.0855957
0.161138
0.256351
0.268614
0.173773
0.0852581
0.0195939
-0.0737675
-0.00788441
0.0791865
0.147244
0.0229292
-0.0698126
-0.128106
-0.0739093
-0.0864168
-0.13859
-0.0587799
-0.076728
-0.121698
0.0721917
0.150084
0.254209
0.26854
0.163855
0.0711149
0.00598565
-0.0737676
-0.00788413
0.0791878
0.147247
0.0229297
-0.069813
-0.128107
-0.0739094
-0.0864172
-0.138591
-0.05878
-0.0767294
-0.1217
0.0721905
0.150082
0.254205
0.268532
0.163848
0.0711102
0.00598184
-0.0600298
0.00645306
0.0948142
0.146824
0.0397311
-0.0512386
-0.111747
-0.0578482
0.0156855
0.107898
0.161229
0.0268448
-0.0641748
-0.119583
-0.0358421
0.0388333
0.166642
0.198346
0.0402779
-0.0498777
-0.100612
0.0855931
0.161134
0.256343
0.268601
0.173761
0.0852489
0.0195863
0.039743
0.00518914
0.0431384
0.045853
0.0522229
0.113598
0.126944
0.150153
0.0078922
0.145383
0.0397937
0.0431394
0.0456801
0.113603
0.150207
0.145389
0.122561
0.188779
0.0853452
0.252585
0.165157
0.178939
0.372537
0.507774
0.122561
0.188782
0.25259
0.178941
0.175225
0.175225
0.0450057
0.225352
0.316597
0.221
0.221002
0.125268
0.561183
0.263809
0.263808
0.150525
0.259901
0.211433
-0.0230985
0.00517019
0.0232892
0.0223136
0.0471415
0.0554977
0.0372233
0.0938802
0.107097
0.00590322
-2.33977e-05
0.0609723
0.00516384
-0.0230948
0.0232897
0.0471387
0.0223329
0.0554996
0.0938833
0.0374792
0.107104
-2.36216e-05
0.00597839
0.0609679
0.0629457
0.102681
0.188405
0.0840707
0.140084
0.142414
0.256088
0.163748
0.150048
0.197919
0.155653
0.332347
0.205226
0.25469
0.192105
0.47753
0.0629476
0.0840707
0.102681
0.188417
0.140087
0.163749
0.142417
0.256093
0.150052
0.332346
0.197932
0.155633
0.205224
0.477536
0.254694
0.192106
0.163575
0.255002
0.0255798
0.238835
0.173996
0.0452416
0.223567
0.177561
0.116876
0.163088
0.269851
0.1501
0.204892
0.322299
0.186547
0.222196
0.0991705
0.125249
0.248022
0.242187
0.163581
0.255011
0.173996
0.0452416
0.223464
0.177536
0.269852
0.151336
0.186554
0.222206
0.248024
0.242189
0.222282
0.123935
0.18079
0.205002
0.0651715
0.105312
0.236852
0.270665
0.145213
0.167202
0.227274
0.52687
0.247881
0.495229
0.552251
0.402101
0.222288
0.123935
0.180785
0.205003
0.236858
0.270663
0.227277
0.526876
0.160809
0.180435
0.17906
0.165688
0.16081
0.165694
0.179073
0.18043
0.0253081
0.0253081
0.0652791
0.0652789
0.186433
0.248431
0.248436
0.18643
0.170293
0.239697
0.239089
0.170295
0.205345
0.239129
0.241412
0.213299
0.205354
0.213306
0.241413
0.239133
0.10401
0.10401
0.143842
0.143841
0.455497
0.519943
0.519948
0.455504
0.273872
0.207481
0.198748
0.251393
0.273871
0.251395
0.198778
0.20748
0.169558
0.169559
0.111002
0.111921
0.378058
0.0927329
0.0927784
0.37806
0.134354
0.134305
0.0969097
0.0969043
0.00957117
0.00513735
0.0132311
0.0039218
0.0342986
0.0536423
0.0254861
0.0602355
0.0575775
0.00679152
-0.00479189
0.0209549
0.00513656
0.00950595
0.0132299
0.0342456
0.00385286
0.0535361
0.0602697
0.0256215
0.057578
-0.00478917
0.00666647
0.0209882
0.0728213
0.0927283
0.194087
0.0834756
0.165497
0.152346
0.257432
0.163138
0.151232
0.194748
0.152298
0.284351
0.200217
0.244194
0.194779
0.422433
0.0728223
0.0834756
0.0927307
0.194097
0.16551
0.163139
0.152347
0.257438
0.151206
0.284357
0.194742
0.152309
0.200215
0.422445
0.24419
0.194752
-0.000510377
0.0422155
0.128511
0.184688
0.00518713
0.0051808
0.0157992
0.266283
0.0332145
0.053064
0.173363
0.0453461
0.0504895
-0.00557724
0.153197
0.132583
0.0510667
0.0510639
0.0788313
0.146326
0.0864691
0.139585
0.272893
0.156196
0.115595
0.11562
0.178957
0.288759
0.14576
0.149802
0.18967
0.211528
0.00450241
0.00452045
0.0490005
0.140986
0.106698
0.181015
0.24884
0.211779
-0.000441388
0.0422363
0.128501
0.184688
0.0332153
0.0530643
0.173363
0.0453463
0.0504254
-0.00525877
0.153148
0.132573
0.0865422
0.1396
0.272894
0.148725
0.145816
0.149812
0.189725
0.211536
0.106709
0.181017
0.248845
0.211778
0.11263
0.132487
0.223428
0.123339
0.188566
0.193179
0.178424
0.196975
0.0853397
0.0853398
0.0752409
0.0953289
0.25456
0.254142
0.244671
0.261591
0.165153
0.165154
0.155185
0.16611
0.167252
0.188578
0.205257
0.472351
0.363044
0.363045
0.29574
0.440372
0.506714
0.506699
0.535404
0.461562
0.112633
0.13249
0.223392
0.123339
0.188575
0.193186
0.178431
0.196976
0.254563
0.254142
0.244677
0.2616
0.167235
0.188441
0.205274
0.472371
0.169622
0.174627
0.180979
0.183058
0.169625
0.174627
0.180983
0.183058
0.0352928
0.0451276
0.0451277
0.0550984
0.221117
0.225897
0.2259
0.239015
0.298266
0.253707
0.330038
0.298268
0.221537
0.213003
0.228804
0.224472
0.221542
0.213004
0.228809
0.224477
0.125266
0.115296
0.135241
0.125266
0.560263
0.547094
0.562681
0.560264
0.245983
0.266823
0.256262
0.267695
0.245966
0.266823
0.25626
0.267693
0.136699
0.15116
0.151752
0.167004
0.185868
0.257487
0.257485
0.332058
0.203465
0.209538
0.119783
0.203449
0.125697
0.112573
0.015652
0.203146
0.159681
0.0254117
0.134776
0.0936962
0.0705391
0.114973
0.202933
0.122591
0.120927
0.174883
0.154672
0.232359
0.164131
0.170918
0.12107
0.0562233
0.0410642
0.110429
0.203917
0.077256
0.0156521
0.20315
0.125659
0.112204
0.159682
0.0254115
0.0704008
0.114969
0.134743
0.0936984
0.202896
0.106007
0.154672
0.232356
0.121005
0.174677
0.164198
0.170928
0.0410712
0.11042
0.121047
0.0561797
0.203897
0.0772767
0.179806
0.0653164
0.213438
0.103417
0.175941
0.196876
0.0752847
0.0940407
0.275764
0.171033
0.240182
0.143239
0.247608
0.277138
0.153795
0.167278
0.184199
0.232623
0.1884
0.205771
0.19028
0.400098
0.258696
0.400961
0.253533
0.339916
0.24812
0.25306
0.223706
0.464608
0.504108
0.435528
0.179804
0.0653167
0.0752849
0.0940406
0.213441
0.103417
0.175953
0.196887
0.275764
0.171034
0.153795
0.167279
0.240188
0.143239
0.247611
0.277134
0.18421
0.232621
0.258626
0.400971
0.188413
0.20578
0.190231
0.400086
0.253539
0.339912
0.50412
0.435571
0.248126
0.253066
0.223648
0.464608
0.162192
0.164664
0.195894
0.263421
0.0254477
0.0254477
0.217964
0.217968
0.167493
0.181417
0.035275
0.0552699
0.224479
0.196062
0.179597
0.0926071
0.115038
0.115037
0.157147
0.157139
0.272149
0.26467
0.167514
0.131857
0.198083
0.198068
0.28432
0.284276
0.186482
0.17644
0.206918
0.230685
0.0989655
0.0990313
0.120087
0.120086
0.242708
0.256851
0.310669
0.169382
0.162196
0.164671
0.263428
0.195871
0.167495
0.181417
0.0352749
0.0552701
0.196115
0.224483
0.179584
0.0925996
0.272149
0.264665
0.167495
0.133904
0.176447
0.186428
0.230716
0.206921
0.256848
0.242704
0.169419
0.310731
0.213813
0.23065
0.11398
0.133888
0.181062
0.173531
0.205252
0.209013
0.0652296
0.0652295
0.105309
0.105309
0.238096
0.239423
0.272279
0.263963
0.14521
0.14521
0.168385
0.168386
0.233801
0.220266
0.509011
0.529485
0.256059
0.256059
0.490231
0.490232
0.552321
0.552321
0.397975
0.397975
0.213821
0.230655
0.11398
0.133889
0.173543
0.181053
0.205257
0.209018
0.239427
0.2381
0.272277
0.26396
0.22026
0.233737
0.529486
0.509162
0.124394
0.166552
0.168562
0.124772
0.192955
0.177108
0.182265
0.180565
0.196717
0.180384
0.187676
0.183296
0.110347
0.125328
0.173094
0.181698
0.124426
0.124777
0.168564
0.166553
0.110329
0.181707
0.173099
0.125218
0.196701
0.183306
0.187679
0.180308
0.192962
0.180565
0.182265
0.17712
0.0153163
0.0157291
0.0352877
0.0353789
0.0153166
0.035379
0.0352878
0.0157295
0.0733607
0.0752674
0.0551885
0.0553411
0.0733612
0.0553411
0.0551884
0.0752673
0.126227
0.194927
0.216686
0.170814
0.255774
0.286382
0.236923
0.223416
0.255752
0.223378
0.236939
0.286356
0.126232
0.170722
0.216689
0.194939
0.134405
0.13056
0.2381
0.246524
0.160817
0.271756
0.308977
0.191274
0.161859
0.191272
0.308979
0.271831
0.134404
0.246525
0.238114
0.130622
0.205945
0.218333
0.213468
0.196979
0.248807
0.246279
0.229705
0.231663
0.233871
0.212616
0.231802
0.246781
0.191815
0.201208
0.216762
0.197074
0.205955
0.196986
0.213473
0.218338
0.191817
0.197072
0.216767
0.201214
0.233868
0.246783
0.231806
0.212564
0.248813
0.231564
0.229709
0.246283
0.0934466
0.0953244
0.115293
0.113386
0.0934466
0.113387
0.115293
0.0953245
0.153189
0.155182
0.135238
0.133289
0.153188
0.133289
0.135238
0.155182
0.345195
0.445876
0.54427
0.433247
0.4472
0.535108
0.562448
0.47408
0.447196
0.474075
0.562447
0.535057
0.345206
0.433214
0.544355
0.445949
0.24251
0.274528
0.269924
0.27432
0.126293
0.155318
0.256056
0.266719
0.127721
0.242144
0.241096
0.119223
0.255762
0.253245
0.269675
0.25317
0.242479
0.274318
0.269923
0.274529
0.25576
0.253178
0.26967
0.253249
0.127711
0.119376
0.241075
0.242142
0.126275
0.26672
0.256048
0.155327
0.168847
0.1667
0.168784
0.166333
0.168849
0.1635
0.168783
0.1667
0.0574335
0.0770541
0.135593
0.130098
0.0574631
0.141396
0.1343
0.0770542
0.391345
0.276213
0.328622
0.459157
0.0340643
0.0460423
0.182751
0.148061
0.0340694
0.148046
0.182753
0.0460361
0.391345
0.459159
0.328646
0.276242
0.0706257
0.13883
0.203288
0.137404
0.0706248
0.137351
0.20324
0.138827
0.0700813
0.134261
0.115656
0.0520277
0.0701144
0.0519187
0.115589
0.134413
0.00581208
0.00511434
0.00801555
-0.00036368
0.0191693
0.0407013
0.0137414
0.0366877
0.0304498
0.0129754
-0.0073558
0.00523728
0.00511742
0.00584761
0.00801482
0.019136
-0.000357098
0.0406076
0.036701
0.013828
0.0304522
-0.00735647
0.0127899
0.00523889
0.0777974
0.0877526
0.193758
0.0831758
0.101264
0.157309
0.258093
0.162838
0.152784
0.175798
0.150914
0.24293
0.198958
0.236486
0.196165
0.347821
0.0777979
0.0831767
0.0877548
0.193768
0.101173
0.16284
0.157312
0.258116
0.152778
0.242812
0.175794
0.150918
0.199001
0.347826
0.236525
0.196167
0.0141187
0.040977
0.0886775
0.13726
0.00519128
0.00518751
0.0108241
0.25976
0.038176
0.0481006
0.172977
0.0453942
0.0461476
0.0184454
0.110593
0.102711
0.0519566
0.0519547
0.0617634
0.146625
0.0983657
0.131758
0.195804
0.142852
0.122465
0.122457
0.157071
0.223229
0.151902
0.153018
0.17887
0.201728
0.00657706
0.00657718
0.0290379
0.148032
0.130327
0.159819
0.220577
0.186127
0.0141907
0.0410145
0.0887539
0.137326
0.0381769
0.0481018
0.172976
0.0453946
0.0463595
0.0183591
0.110375
0.10273
0.0983257
0.131778
0.194604
0.146493
0.152054
0.152986
0.178874
0.201738
0.130057
0.159795
0.220617
0.186138
0.117594
0.127524
0.234839
0.123041
0.188499
0.191088
0.183553
0.192975
0.0853435
0.0853436
0.0802931
0.0903371
0.253647
0.25356
0.248668
0.252093
0.165157
0.165157
0.160171
0.165739
0.173382
0.185135
0.189529
0.340238
0.369523
0.369523
0.333949
0.40861
0.507815
0.507815
0.521673
0.485861
0.117597
0.127525
0.23484
0.123042
0.188504
0.191091
0.183557
0.192975
0.25365
0.253563
0.248674
0.252121
0.173407
0.185136
0.189531
0.340254
0.172469
0.174937
0.178115
0.179282
0.17247
0.174937
0.178117
0.179282
0.0401492
0.0450676
0.0450676
0.0500521
0.223301
0.226089
0.226091
0.230824
0.310373
0.266583
0.323317
0.310375
0.220951
0.21699
0.224857
0.222333
0.220955
0.216992
0.224861
0.222336
0.125269
0.120282
0.130255
0.125269
0.561644
0.557196
0.564888
0.561644
0.261984
0.265316
0.265178
0.265861
0.262135
0.265315
0.265177
0.265859
0.14385
0.15086
0.151324
0.158839
0.223845
0.258526
0.258526
0.295917
0.20872
0.213295
0.155452
0.208692
-0.0145123
-0.0142071
0.0478704
0.0427574
0.00515625
0.00518015
0.0107391
0.196576
0.0183256
0.0282522
0.159167
0.0254592
0.00890133
0.0402951
0.0939338
0.0661902
0.0440844
0.0494228
0.0582861
0.114596
0.0548146
0.0701326
0.202596
0.110361
0.0294626
0.0428255
0.0854189
0.126331
0.078771
0.106119
0.127476
0.179013
0.082486
0.129289
0.155992
0.156909
-0.000545609
0.00435119
0.0875962
0.0286349
-0.00256459
0.00230866
0.0205317
0.118881
0.0412037
0.0801944
0.182903
0.0689326
0.00515158
0.0051738
0.0107391
0.196589
-0.0146209
-0.0141739
0.0526018
0.0427577
0.0183259
0.0282524
0.159165
0.0254592
0.0440822
0.0494199
0.0582856
0.114603
0.00884303
0.040247
0.0938805
0.0661084
0.054905
0.0701703
0.202564
0.0981154
0.0787731
0.106112
0.127502
0.178978
0.0296475
0.0428295
0.0854513
0.126226
0.0824889
0.129407
0.155978
0.156894
-0.00256336
0.00231125
0.0205391
0.118918
-0.00110107
0.0044007
0.0875977
0.0284794
0.0412106
0.0803165
0.181581
0.0689346
0.0678454
0.0580253
0.179326
0.0653313
0.0977048
0.107655
0.217781
0.103119
0.192842
0.18851
0.182119
0.192642
0.0837741
0.0853336
0.0803049
0.0890557
0.139175
0.139029
0.142943
0.171768
0.147382
0.13745
0.245238
0.14294
0.256851
0.255445
0.251948
0.260875
0.163445
0.165147
0.158772
0.166313
0.149918
0.150472
0.178162
0.22183
0.200236
0.195654
0.193117
0.201981
0.153688
0.160891
0.177331
0.321699
0.310011
0.350986
0.29636
0.367005
0.202385
0.203984
0.254867
0.292198
0.247979
0.254656
0.251405
0.253905
0.193376
0.190656
0.21341
0.350884
0.457119
0.498033
0.490887
0.457697
0.0678472
0.0580268
0.179325
0.0653318
0.0837743
0.0853337
0.0803051
0.0890556
0.0977056
0.107658
0.217788
0.10312
0.19291
0.188521
0.182131
0.192653
0.139195
0.139057
0.142985
0.17177
0.163446
0.165147
0.158772
0.166313
0.147383
0.137454
0.245256
0.142941
0.256856
0.25545
0.25195
0.260866
0.149955
0.150442
0.178166
0.22182
0.309999
0.350987
0.296346
0.367009
0.200248
0.195661
0.193127
0.201989
0.153691
0.160916
0.17733
0.321724
0.202339
0.204604
0.254908
0.292188
0.457089
0.498027
0.490894
0.457712
0.247985
0.25463
0.251411
0.253908
0.193377
0.190645
0.213412
0.35089
0.159487
0.166682
0.162884
0.164128
0.223445
0.280032
0.214303
0.259211
0.0207226
0.0304363
0.0255146
0.0255146
0.241343
0.245489
0.231363
0.231367
0.173675
0.174311
0.170766
0.177797
0.0452951
0.0451858
0.0402583
0.0502558
0.189858
0.238179
0.222724
0.213356
0.156878
0.191993
0.178496
0.12896
0.103569
0.125903
0.115749
0.115749
0.150191
0.185173
0.162184
0.162187
0.271371
0.268335
0.271076
0.267962
0.148657
0.150989
0.158604
0.141169
0.195011
0.213484
0.202142
0.202141
0.315485
0.324564
0.298136
0.298114
0.189152
0.183795
0.189512
0.181556
0.217757
0.224823
0.215056
0.227203
0.0699969
0.142554
0.100244
0.100282
0.12864
0.122449
0.124456
0.124458
0.248434
0.252618
0.245338
0.25303
0.226632
0.252281
0.276397
0.206658
0.159491
0.166687
0.162889
0.164134
0.223453
0.280034
0.259219
0.21438
0.173675
0.174312
0.170767
0.177797
0.0452953
0.0451858
0.0402582
0.0502559
0.189834
0.238097
0.213364
0.22273
0.15669
0.191918
0.178107
0.128956
0.271371
0.268335
0.271076
0.26796
0.150311
0.151822
0.158902
0.1433
0.189162
0.1838
0.181563
0.189519
0.217762
0.224828
0.227207
0.21506
0.248437
0.252603
0.253029
0.245339
0.226634
0.252281
0.206676
0.276403
0.222552
0.221867
0.218047
0.22641
0.123638
0.125261
0.118958
0.128912
0.173296
0.18606
0.180763
0.182178
0.200976
0.209003
0.204883
0.206903
0.0701888
0.0601443
0.0652015
0.0652015
0.100321
0.110304
0.105312
0.105312
0.240761
0.232934
0.237353
0.237977
0.27161
0.269322
0.271474
0.271282
0.150199
0.140227
0.145213
0.145213
0.166652
0.167436
0.167795
0.167795
0.215335
0.225855
0.231026
0.223685
0.505134
0.550218
0.522021
0.530112
0.25451
0.248334
0.252024
0.252025
0.469667
0.523609
0.494203
0.494202
0.545982
0.558506
0.553064
0.553064
0.434255
0.368108
0.399603
0.399603
0.222558
0.221874
0.218054
0.226416
0.123638
0.125261
0.118958
0.128912
0.173304
0.186059
0.182175
0.180764
0.200977
0.209004
0.204884
0.206905
0.240766
0.232939
0.237982
0.237356
0.271608
0.26932
0.271472
0.27128
0.215333
0.225863
0.223693
0.231027
0.50513
0.55022
0.530125
0.522071
0.153974
0.160251
0.161501
0.164183
0.180116
0.169773
0.184534
0.180751
0.181629
0.183747
0.184842
0.176298
0.151666
0.16842
0.165195
0.171179
0.153972
0.160253
0.161504
0.164185
0.15164
0.168425
0.165201
0.171185
0.181646
0.18376
0.18485
0.17631
0.180112
0.169785
0.184535
0.180745
0.0205127
0.0253612
0.0253789
0.0302916
0.0205123
0.0253611
0.0253789
0.0302915
0.0652993
0.0702647
0.0602839
0.0652554
0.0652991
0.0702645
0.0602837
0.0652554
0.172868
0.180428
0.192971
0.197555
0.24077
0.246978
0.238202
0.253188
0.240765
0.246977
0.238201
0.253191
0.172869
0.180457
0.192966
0.197564
0.136294
0.178844
0.18069
0.197575
0.222727
0.233179
0.260697
0.262439
0.233183
0.222447
0.262531
0.260701
0.178828
0.136311
0.197609
0.180692
0.205575
0.20111
0.209579
0.20534
0.239645
0.243369
0.234889
0.2387
0.244835
0.231565
0.240755
0.237519
0.209549
0.212739
0.210953
0.216861
0.205585
0.20112
0.209588
0.205348
0.209546
0.212755
0.210959
0.216871
0.244821
0.231574
0.24076
0.237551
0.239645
0.243371
0.234894
0.238704
0.103715
0.0990254
0.108995
0.105304
0.0990255
0.103715
0.105304
0.108995
0.148819
0.143542
0.145204
0.138865
0.143542
0.148818
0.138865
0.145204
0.431772
0.429564
0.479108
0.478347
0.499085
0.513731
0.526155
0.542934
0.513737
0.499088
0.542936
0.52616
0.429567
0.431772
0.478349
0.479097
0.274821
0.275794
0.2731
0.273078
0.174034
0.204596
0.214692
0.235587
0.162922
0.199573
0.197396
0.232795
0.253377
0.252123
0.25355
0.252742
0.274821
0.275792
0.273099
0.273076
0.25338
0.252134
0.253583
0.25274
0.16291
0.199594
0.197368
0.232794
0.174042
0.20463
0.214694
0.235773
0.170297
0.168414
0.170389
0.168973
0.170298
0.168415
0.17039
0.168974
0.0949235
0.109238
0.112663
0.121733
0.0949771
0.10926
0.113735
0.121758
0.357259
0.408713
0.344864
0.391082
0.061637
0.0860043
0.0964786
0.130823
0.0616465
0.086017
0.0966585
0.130834
0.357248
0.408726
0.344875
0.391081
0.116185
0.11869
0.15858
0.147702
0.118685
0.116167
0.147692
0.158557
0.0993994
0.0783276
0.110644
0.0947052
0.0783665
0.0994123
0.0947027
0.110649
0.0728022
0.0891022
0.010557
0.128324
0.123502
0.0153769
0.0838756
0.041271
0.0520225
0.0689755
0.129918
0.0678819
0.0791541
0.11475
0.0964067
0.133559
0.0922863
0.107481
0.0855745
0.0429034
0.0133526
0.0789918
0.128971
0.0284182
0.0105581
0.128324
0.072783
0.0891051
0.123512
0.0153773
0.0520162
0.0689831
0.0838547
0.0412688
0.129901
0.057475
0.0963952
0.133501
0.0791896
0.114658
0.0923243
0.107456
0.0133579
0.0790018
0.0855536
0.0427936
0.128932
0.0284233
0.160503
0.0731439
0.205786
0.0931478
0.193492
0.20002
0.0784195
0.088461
0.154012
0.17051
0.250431
0.15289
0.253217
0.275494
0.158163
0.166206
0.172793
0.241398
0.195367
0.192777
0.171819
0.290771
0.250633
0.314919
0.248964
0.3255
0.238754
0.250016
0.224956
0.352819
0.435251
0.407674
0.160505
0.0731446
0.078419
0.0884608
0.205802
0.0931484
0.193503
0.200029
0.154016
0.170511
0.158164
0.166204
0.250452
0.152891
0.253223
0.275484
0.172651
0.241367
0.250429
0.314908
0.195364
0.192778
0.17179
0.290726
0.248941
0.32556
0.435241
0.407699
0.238742
0.250012
0.224968
0.352885
0.0743638
0.0742021
0.0893026
0.142629
0.127781
0.128693
0.14732
0.187981
0.010786
0.239935
0.0107851
0.239935
0.015765
0.0157649
0.259144
0.259144
0.166064
0.0354268
0.180047
0.0553752
0.169968
0.177028
0.0403625
0.0503436
0.11344
0.109293
0.0762669
0.0273479
0.151878
0.136964
0.133276
0.0885321
0.0608472
0.139076
0.0608463
0.139074
0.0784758
0.0784756
0.144658
0.144669
0.268088
0.123431
0.137222
0.162259
0.273768
0.270416
0.160757
0.150875
0.146906
0.210343
0.146883
0.210288
0.175713
0.175713
0.283404
0.283341
0.179389
0.18519
0.181182
0.21573
0.18322
0.18654
0.2033
0.218648
0.025737
0.141399
0.0257443
0.141262
0.0478495
0.0478508
0.139427
0.139427
0.189673
0.137574
0.255264
0.234006
0.245489
0.251033
0.24405
0.179402
0.0747279
0.0743897
0.0893245
0.142699
0.127773
0.128493
0.18798
0.147931
0.166062
0.0354271
0.180047
0.0553756
0.169969
0.177028
0.0403627
0.0503437
0.113405
0.109293
0.0762694
0.0275081
0.136851
0.151881
0.133266
0.0884978
0.268102
0.1168
0.137353
0.162147
0.273768
0.270416
0.15566
0.140174
0.179386
0.185146
0.181193
0.215668
0.186561
0.183094
0.218653
0.203308
0.189648
0.137582
0.25527
0.23399
0.251038
0.24549
0.179391
0.244103
0.229405
0.11309
0.240033
0.132989
0.220794
0.22727
0.118363
0.128314
0.182769
0.192861
0.188222
0.197314
0.17765
0.180926
0.196765
0.199137
0.0803035
0.0903321
0.0803036
0.0903322
0.0752552
0.0752551
0.0953278
0.0953278
0.250461
0.256925
0.250462
0.253611
0.245451
0.245739
0.268717
0.258987
0.160168
0.166032
0.160168
0.166032
0.155185
0.155185
0.166406
0.166406
0.181213
0.331137
0.201679
0.344982
0.209023
0.201177
0.46566
0.474771
0.324533
0.399672
0.324497
0.399626
0.292778
0.29274
0.438333
0.438348
0.520985
0.483958
0.520986
0.484001
0.53583
0.535794
0.460334
0.46031
0.229484
0.113091
0.24005
0.132992
0.2208
0.22726
0.118363
0.128314
0.182779
0.192868
0.18823
0.19732
0.180933
0.177659
0.196766
0.199139
0.250465
0.256922
0.250464
0.253611
0.245742
0.245454
0.268922
0.259009
0.181213
0.33116
0.20167
0.345004
0.201183
0.209035
0.47472
0.465555
0.169095
0.171362
0.171627
0.178562
0.184493
0.177094
0.182677
0.185388
0.169098
0.171366
0.171628
0.178562
0.177098
0.184497
0.18539
0.182677
0.0352912
0.0352912
0.0402077
0.0501581
0.0402078
0.0501582
0.0551444
0.0551443
0.219544
0.219545
0.22148
0.230527
0.230529
0.221482
0.238601
0.238603
0.253647
0.303622
0.249396
0.249378
0.322385
0.322385
0.303623
0.253761
0.217554
0.22562
0.21297
0.214629
0.229038
0.229977
0.228192
0.220611
0.217559
0.225624
0.212973
0.214632
0.229981
0.229042
0.220615
0.228196
0.12028
0.130252
0.115296
0.115296
0.135241
0.135241
0.12028
0.130252
0.556125
0.564101
0.546758
0.54682
0.56323
0.56323
0.564112
0.556132
0.249659
0.244996
0.268467
0.265483
0.249085
0.26608
0.26881
0.268731
0.244974
0.249652
0.268466
0.265478
0.266088
0.249068
0.268809
0.268729
0.135686
0.135254
0.159837
0.142933
0.159891
0.145469
0.167895
0.167895
0.184286
0.184286
0.293079
0.221202
0.221212
0.29308
0.330028
0.330043
0.204723
0.151271
0.208283
0.20819
0.119433
0.119436
0.204716
0.151292
0.124747
0.12538
0.125525
0.117515
0.0154853
0.0156915
0.172028
0.227929
0.154352
0.163125
0.0203958
0.0303954
0.128497
0.144517
0.0757636
0.119507
0.0645907
0.074323
0.0948867
0.128793
0.168151
0.247089
0.0845143
0.131577
0.117013
0.124204
0.171419
0.190804
0.141944
0.16429
0.205336
0.253183
0.139853
0.176532
0.15323
0.184006
0.12231
0.125676
0.0589492
0.0537835
0.037832
0.0437323
0.0923549
0.124325
0.169177
0.23795
0.0538518
0.114931
0.0154856
0.0156918
0.172054
0.22793
0.124756
0.125386
0.125478
0.117652
0.154353
0.163126
0.0203954
0.0303953
0.0645577
0.0743479
0.094888
0.12879
0.12845
0.144522
0.0757546
0.119312
0.168164
0.24703
0.0821715
0.117058
0.141949
0.164281
0.20559
0.253273
0.117054
0.124247
0.17143
0.190838
0.140037
0.176538
0.153227
0.184007
0.0378155
0.0437392
0.092291
0.124315
0.122348
0.125359
0.0589328
0.0537725
0.16918
0.237839
0.0538526
0.114928
0.176953
0.183736
0.0702265
0.060338
0.210785
0.215885
0.0984318
0.108402
0.185547
0.176523
0.197848
0.196984
0.0752294
0.0752771
0.0937447
0.0953187
0.279531
0.275204
0.170966
0.172085
0.244495
0.23587
0.148213
0.138264
0.248199
0.247026
0.282461
0.27574
0.153493
0.155175
0.169095
0.16699
0.19234
0.180999
0.247472
0.225615
0.19434
0.185948
0.207586
0.203562
0.190885
0.192955
0.374569
0.423005
0.242362
0.275142
0.376067
0.421628
0.254654
0.254912
0.369236
0.30818
0.239612
0.247722
0.253371
0.253276
0.228908
0.217815
0.458601
0.470359
0.483451
0.526167
0.420799
0.451492
0.176963
0.183737
0.0702267
0.060338
0.0752293
0.0752773
0.0937447
0.0953189
0.210903
0.215889
0.0984319
0.108402
0.185557
0.176535
0.197795
0.196994
0.279435
0.275205
0.170967
0.172082
0.153494
0.155176
0.169095
0.166991
0.244501
0.235876
0.148214
0.138264
0.248199
0.24703
0.282456
0.275738
0.192357
0.181011
0.247452
0.225552
0.242223
0.275094
0.376034
0.421632
0.194346
0.185958
0.207597
0.203568
0.190888
0.192933
0.374591
0.423018
0.254654
0.254915
0.369247
0.308208
0.483452
0.526127
0.420934
0.451486
0.23962
0.247718
0.25338
0.253278
0.228875
0.217796
0.458576
0.470359
0.165434
0.15677
0.15803
0.168976
0.163648
0.220384
0.289494
0.231019
0.0206213
0.0303677
0.0303678
0.0206211
0.226592
0.223006
0.222935
0.226604
0.167031
0.168027
0.181842
0.180988
0.0352824
0.0353283
0.0553068
0.0552304
0.191159
0.239612
0.229701
0.160309
0.19351
0.16088
0.0742019
0.107025
0.101849
0.123915
0.124376
0.101849
0.142744
0.180348
0.180182
0.14274
0.273339
0.271036
0.262569
0.265684
0.169671
0.165773
0.129988
0.13325
0.207688
0.186995
0.186983
0.207682
0.278701
0.290237
0.290292
0.278775
0.18267
0.189923
0.174783
0.179172
0.201421
0.212316
0.234163
0.227467
0.0666044
0.140835
0.140836
0.066613
0.122801
0.118049
0.118019
0.122785
0.242657
0.242105
0.25998
0.251981
0.292447
0.322449
0.177313
0.158253
0.156769
0.165437
0.168982
0.158053
0.231028
0.289495
0.220392
0.163659
0.168029
0.167031
0.180988
0.181842
0.0353282
0.0352824
0.0552304
0.055307
0.160463
0.229712
0.239483
0.19112
0.160874
0.193498
0.107195
0.0742088
0.271036
0.273339
0.265681
0.262557
0.165745
0.16966
0.135011
0.132255
0.179179
0.174789
0.189928
0.182655
0.227429
0.234199
0.212326
0.201425
0.251985
0.259984
0.242062
0.242647
0.158278
0.17735
0.322492
0.292432
0.214118
0.213652
0.230172
0.231087
0.115288
0.113684
0.13359
0.135233
0.171447
0.185328
0.185896
0.178371
0.209364
0.201097
0.205103
0.212887
0.0702311
0.0602184
0.0602183
0.070231
0.100317
0.110301
0.110301
0.100317
0.242187
0.234003
0.235492
0.243103
0.271217
0.273721
0.254494
0.270673
0.150196
0.140224
0.140224
0.150196
0.167538
0.168917
0.168918
0.167539
0.223375
0.233309
0.218338
0.211807
0.483029
0.533397
0.552925
0.508243
0.244566
0.245987
0.245977
0.244567
0.516045
0.464074
0.464078
0.515943
0.545744
0.558599
0.558599
0.545744
0.364267
0.430718
0.430722
0.364268
0.21366
0.214127
0.231089
0.230178
0.113685
0.115288
0.135233
0.13359
0.178382
0.185884
0.185328
0.171459
0.201103
0.20937
0.212893
0.205108
0.243105
0.235644
0.234006
0.242191
0.27372
0.271216
0.270606
0.25446
0.211807
0.218344
0.233304
0.223364
0.508245
0.552925
0.533431
0.483201
0.0698878
0.154745
0.154165
0.0617298
0.169523
0.170363
0.163661
0.16261
0.172054
0.166059
0.164808
0.171196
0.0865491
0.0597444
0.155382
0.158137
0.169228
0.189557
0.173639
0.170794
0.183008
0.172259
0.170611
0.182436
0.178936
0.17818
0.184933
0.185709
0.17656
0.183236
0.184132
0.177409
0.173469
0.174991
0.187953
0.19716
0.178723
0.191715
0.178176
0.180646
0.181905
0.187899
0.185316
0.187038
0.18598
0.190801
0.181096
0.175873
0.0651892
0.0842395
0.146738
0.124159
0.0882142
0.159654
0.155473
0.0887741
0.174787
0.179348
0.170092
0.167834
0.181457
0.170517
0.173911
0.184256
0.0698532
0.0618319
0.154165
0.154742
0.0873451
0.15814
0.155385
0.0597035
0.172056
0.171198
0.164811
0.166063
0.169522
0.162608
0.163662
0.170362
0.0651817
0.124368
0.146736
0.0842666
0.181474
0.184264
0.173917
0.170437
0.17479
0.16784
0.170098
0.179354
0.088222
0.0888008
0.155488
0.159335
0.173474
0.197173
0.187965
0.174906
0.185985
0.175882
0.181107
0.19081
0.181907
0.187043
0.185302
0.187923
0.178428
0.180668
0.178191
0.191722
0.169231
0.170804
0.173648
0.189568
0.176559
0.17741
0.184133
0.183237
0.178936
0.185708
0.184933
0.17818
0.183015
0.182447
0.170622
0.172269
0.0102057
0.0106492
0.0204555
0.0204494
0.0108058
0.0206728
0.0205679
0.0107634
0.0401794
0.0402341
0.0303307
0.0304029
0.0404105
0.030443
0.0303447
0.0403117
0.0102067
0.020449
0.020455
0.0106498
0.0404109
0.0403117
0.0303446
0.0304431
0.0401794
0.0304029
0.0303307
0.0402341
0.0108052
0.0107631
0.0205677
0.0206727
0.0781685
0.0802727
0.0702471
0.0702611
0.0802994
0.0702109
0.070249
0.0803055
0.0501061
0.0502081
0.0602522
0.0601823
0.0503849
0.0603628
0.0603125
0.0503012
0.0781676
0.0702604
0.0702471
0.0802726
0.0503846
0.050301
0.0603123
0.0603624
0.050106
0.0601823
0.0602522
0.0502081
0.0802993
0.0803054
0.0702489
0.0702109
0.0755974
0.134782
0.164223
0.113407
0.194809
0.210086
0.191608
0.172985
0.222962
0.211187
0.203224
0.21885
0.153076
0.138476
0.180805
0.191878
0.251035
0.277135
0.256119
0.230515
0.330883
0.251457
0.236044
0.313073
0.23111
0.229263
0.242532
0.248001
0.208272
0.219484
0.232485
0.223951
0.252431
0.230467
0.256119
0.277124
0.208202
0.223955
0.232483
0.219504
0.231111
0.248001
0.242523
0.229264
0.330882
0.313067
0.235526
0.251457
0.0755716
0.113425
0.164204
0.134785
0.153076
0.191878
0.180796
0.138448
0.22296
0.218837
0.20322
0.211048
0.194798
0.172977
0.191597
0.210091
0.0831494
0.053853
0.146768
0.165751
0.100922
0.183987
0.147173
0.054181
0.263411
0.239182
0.206979
0.237667
0.252664
0.22129
0.204389
0.23519
0.0876273
0.161213
0.220016
0.122576
0.219713
0.292704
0.256575
0.197732
0.316379
0.284764
0.269705
0.304059
0.139945
0.135618
0.2295
0.227232
0.0876214
0.122674
0.220078
0.161208
0.140013
0.227241
0.22947
0.137686
0.316379
0.30405
0.269957
0.284765
0.219424
0.197715
0.256562
0.292709
0.0831414
0.165781
0.146893
0.0538984
0.252664
0.235074
0.204342
0.22129
0.263459
0.237731
0.206989
0.239185
0.100703
0.0544877
0.147189
0.184065
0.199762
0.211784
0.201321
0.195274
0.232246
0.21839
0.209847
0.223772
0.217009
0.208934
0.209496
0.217815
0.192731
0.192828
0.201141
0.200819
0.253949
0.252576
0.243922
0.247828
0.249591
0.241401
0.242862
0.25128
0.224993
0.226019
0.234537
0.233299
0.237433
0.242636
0.235365
0.226808
0.230695
0.219196
0.235584
0.243635
0.195625
0.219302
0.22745
0.207549
0.226105
0.23405
0.237025
0.229607
0.249633
0.251199
0.244255
0.241842
0.171002
0.203919
0.211258
0.174775
0.195265
0.20301
0.20726
0.199775
0.218476
0.222081
0.21461
0.210766
0.184306
0.179326
0.212312
0.21162
0.199778
0.195285
0.201332
0.211795
0.192734
0.200821
0.20115
0.192837
0.217012
0.217822
0.209504
0.208936
0.232244
0.223775
0.209856
0.218397
0.170992
0.174806
0.211248
0.203916
0.184166
0.211588
0.212313
0.17929
0.218479
0.210768
0.214616
0.222086
0.195266
0.199782
0.207266
0.203011
0.230706
0.243644
0.235591
0.219197
0.249636
0.241845
0.244251
0.25119
0.226108
0.229619
0.237111
0.234026
0.195617
0.207545
0.22746
0.219308
0.253932
0.247847
0.243923
0.252577
0.237437
0.226813
0.235367
0.242659
0.224996
0.233301
0.234542
0.226025
0.249594
0.251284
0.242866
0.241404
0.088162
0.0887593
0.0987299
0.0981334
0.0903357
0.10032
0.100311
0.0903262
0.120282
0.120275
0.110296
0.110304
0.118066
0.108104
0.1087
0.118662
0.0881625
0.0981345
0.0987299
0.0887596
0.118067
0.118662
0.1087
0.108106
0.120282
0.110304
0.110296
0.120275
0.0903357
0.0903263
0.100311
0.10032
0.157865
0.15847
0.148518
0.147915
0.160171
0.150199
0.15019
0.160162
0.130255
0.130247
0.140219
0.140227
0.128017
0.137967
0.138566
0.128614
0.157864
0.147915
0.148517
0.158469
0.128015
0.128614
0.138566
0.137965
0.130255
0.140227
0.140218
0.130247
0.160171
0.160161
0.15019
0.150199
0.267664
0.311762
0.405388
0.343156
0.335722
0.498443
0.454618
0.326477
0.557617
0.52091
0.503773
0.546301
0.405835
0.38724
0.451889
0.468223
0.351364
0.470264
0.492863
0.352566
0.52179
0.546572
0.536462
0.512253
0.565508
0.5539
0.549264
0.559323
0.342631
0.347746
0.505252
0.508069
0.351408
0.352607
0.49286
0.470294
0.342643
0.508049
0.505261
0.347769
0.565513
0.559323
0.549266
0.553916
0.521791
0.512258
0.536463
0.546571
0.26766
0.343125
0.405347
0.311247
0.405856
0.468165
0.451876
0.387195
0.557617
0.546324
0.503735
0.520867
0.335742
0.3265
0.454587
0.49843
0.165876
0.158932
0.278858
0.264638
0.174563
0.272422
0.274154
0.139194
0.267164
0.270272
0.272159
0.269771
0.253098
0.258998
0.274762
0.27267
0.0840447
0.0862205
0.169943
0.170441
0.110004
0.189093
0.181659
0.104145
0.264254
0.266719
0.239036
0.23837
0.271798
0.249004
0.245133
0.269188
0.0882247
0.166742
0.16416
0.0876276
0.205514
0.245435
0.234362
0.177002
0.252765
0.237414
0.231202
0.245044
0.0939412
0.0867762
0.161485
0.178138
0.244854
0.250619
0.253858
0.25206
0.252984
0.264784
0.252421
0.25391
0.26707
0.257813
0.260719
0.270162
0.245233
0.256256
0.253398
0.250385
0.165966
0.264633
0.278856
0.157172
0.253156
0.272667
0.27476
0.258992
0.267163
0.26977
0.272159
0.27027
0.174679
0.139236
0.274154
0.272422
0.244871
0.252128
0.253836
0.250625
0.245466
0.25039
0.253401
0.25628
0.267069
0.27016
0.260719
0.257811
0.252991
0.253901
0.252422
0.264783
0.0882342
0.0869832
0.164179
0.166402
0.0949409
0.178101
0.16153
0.0867362
0.252756
0.245025
0.23124
0.237427
0.205468
0.177021
0.23436
0.245434
0.0840443
0.170437
0.169954
0.0861859
0.271805
0.269187
0.245067
0.248987
0.264249
0.238338
0.238688
0.266716
0.109701
0.104097
0.181648
0.188652
0.166922
0.167216
0.169692
0.171835
0.165887
0.167096
0.167977
0.166174
0.159544
0.159603
0.169654
0.168178
0.151996
0.169539
0.171238
0.156995
0.166921
0.171837
0.169692
0.167217
0.151864
0.157577
0.171238
0.16943
0.159571
0.168178
0.169655
0.159684
0.165887
0.166174
0.167978
0.167096
0.0487876
0.0553192
0.0892158
0.0748013
0.061451
0.103274
0.099124
0.0597182
0.144706
0.14406
0.122913
0.1242
0.12775
0.111622
0.119631
0.142006
0.0487996
0.0843287
0.0892872
0.0553257
0.133264
0.139517
0.119694
0.112209
0.14316
0.124233
0.123361
0.142375
0.0614523
0.0597186
0.0991243
0.103275
0.335507
0.321591
0.389714
0.440195
0.209457
0.259386
0.325151
0.26156
0.294301
0.365826
0.357544
0.287323
0.485112
0.475717
0.423255
0.432264
0.00975576
0.0172362
0.0578982
0.0488368
0.0277417
0.0688169
0.0643588
0.023304
0.222427
0.216088
0.136652
0.142351
0.163827
0.105532
0.122527
0.19233
0.00975992
0.0488377
0.0578991
0.0172364
0.163896
0.192338
0.12253
0.105544
0.222427
0.142355
0.136719
0.216107
0.0277427
0.0233179
0.0643713
0.0688183
0.335528
0.440198
0.389677
0.321662
0.485155
0.432267
0.423303
0.475725
0.294301
0.287361
0.357569
0.365826
0.209456
0.261468
0.325104
0.259398
0.0372769
0.0938287
0.0992187
0.0473255
0.144837
0.148562
0.13263
0.128656
0.210726
0.193569
0.171308
0.184788
0.103565
0.0924546
0.141394
0.158297
0.0372709
0.0473241
0.0992199
0.093827
0.103569
0.15852
0.141332
0.0923282
0.210664
0.184786
0.171276
0.19333
0.144852
0.128665
0.132627
0.148569
0.051982
0.100773
0.0811764
0.0313116
0.146695
0.127529
0.113159
0.1318
0.155258
0.142406
0.108553
0.121875
0.0604285
0.029332
0.0761936
0.110901
0.0520118
0.0314009
0.0811801
0.100767
0.0606481
0.111041
0.0762109
0.0292091
0.155244
0.121878
0.108542
0.142338
0.146695
0.131855
0.113164
0.12753
