-0.795
0.105
-1.70172
-0.732884
0.185
1.735
-0.660423
0.565
-1.725
-0.605
0.835
1.72888
0.795
0.105
-1.70172
0.732888
0.185
1.735
0.660423
0.565
-1.725
0.605
0.835
1.72888
0.0208049
0.0341167
0.177003
0.169319
0.0208101
0.0341247
0.176863
0.16932
0
0
0
0
0
0
0
0
0
0
0
0
0
0
0
0
0
0
0
0
0
0
0
0
0
0
0
0
0
0
0
0
0
0
0
0
0
0
0
0
0
0
0
0
0
0
0
0
0
0
0
0
0
0
0
0
0
0
0
0
0
0
0
0
0
0
0
0
0
0
0
0
0
0
0
0
0
0
0
0
0
0
0
0
0
0
0
0
0
0
0
0
0
0
0
0
-0.0455901
0.00541176
-0.00464604
0.0289307
-0.0299955
-0.0102592
0.104379
0.128505
0.0759348
0.0374622
-0.0456026
-0.0046479
0.028918
-0.0102989
0.128576
0.0374919
0.00114994
0.0386013
-0.0108286
0.073487
-0.0054068
0.00442429
0.200838
0.351314
0.00115842
0.0386383
0.0734873
0.00446989
0.129651
0.129672
-0.0267462
0.180213
0.201213
0.0527692
0.0527853
-0.00784428
0.388093
0.157899
0.157898
-0.0306228
0.191816
0.235119
-0.0201479
0.00267786
6.63885e-05
0.0310168
0.00180046
0.00536951
-0.0214821
0.0256031
0.0200858
0.0390702
0.0165518
0.00159814
0.00269044
-0.020318
8.65668e-05
0.00177299
0.0309979
0.00519535
0.0235628
-0.0214961
0.019796
0.0165596
0.0394619
0.001411
-0.0047884
-6.41633e-05
0.0754182
-0.00702934
-0.0131074
-0.00047116
0.0860414
-0.00828168
-0.00913302
0.0363059
0.000494396
0.050602
0.0112673
0.0487905
0.00193099
0.158052
-0.00478414
-0.00698817
-4.45759e-05
0.0754102
-0.0130816
-0.00829043
-0.000361908
0.0859908
-0.00905747
0.0506632
0.0363609
0.000571188
0.0112658
0.15811
0.0487581
0.00193587
0.0751013
0.0757825
-0.0147252
0.115208
0.0556212
0.00308837
0.0754041
0.0902875
0.00440429
0.132782
0.070984
0.00028562
0.0254915
0.0842107
0.0483346
0.016764
0.0122965
0.0325765
0.0951877
0.0449334
0.0751
0.0757955
0.0556441
0.00311889
0.0754062
0.0902527
0.0709965
0.000289473
0.0483356
0.01678
0.0953265
0.0448316
0.0801925
-0.00909695
0.0217293
0.000487823
-0.00876306
-0.000570511
-0.00180793
0.0248555
5.2111e-05
-0.0182514
0.0425218
0.170731
-0.0593226
0.0222029
0.011133
0.019553
0.0801923
-0.00906713
0.0217364
0.000500954
-0.00180695
0.0248534
0.0425459
0.170762
0.0806888
0.058089
0.058562
0.100522
0.0806863
0.100441
0.0585848
0.0580986
-0.00379641
-0.00377125
-0.00310862
-0.00313768
0.0433633
-0.00636239
-0.00615623
0.0433638
0.144651
0.112598
0.112527
0.144636
0.078169
0.0818457
0.0431218
0.0402229
0.0781741
0.0402139
0.0431395
0.0818513
-0.00809153
-0.00806029
-0.00915832
-0.0091644
0.118207
0.178338
0.178351
0.118254
0.0747942
0.101128
0.098918
0.0617013
0.0747952
0.0619749
0.0989362
0.101136
-0.0134243
-0.0134313
0.00483906
0.00484673
0.124582
0.0427906
0.0427861
0.124573
0.0496478
0.0497012
0.0831223
0.0831992
-0.00391702
0.00264955
4.79145e-05
0.000313314
0.00210534
0.00553839
0.0191423
-0.0384407
-0.0107605
-0.0196997
0.00706698
-0.00299144
0.00265101
-0.00382845
5.04649e-05
0.00206111
0.000257919
0.00560597
-0.037405
0.0194103
-0.0105476
0.00705883
-0.0199312
-0.00289696
-0.00487889
-1.17812e-05
0.0489186
0.00223589
-0.00749235
0.00101295
0.0547456
0.000939476
-0.00275188
0.00428756
0.000465152
0.0113124
0.00121659
-0.00327083
-0.00223003
0.026605
-0.00486954
0.00225632
-1.30492e-05
0.0489188
-0.00803144
0.000952959
0.00099796
0.054758
-0.00266394
0.0112885
0.00436545
0.000526719
0.00120865
0.026573
-0.00327369
-0.0022553
0.0031228
-0.000699414
0.00900838
0.0410107
4.75369e-06
8.43407e-06
-0.0144937
0.136699
-2.68268e-05
-1.17293e-05
0.0495413
0.00392521
0.00959105
-0.00375004
-0.00979429
0.0542024
-0.00959745
-0.00961042
0.00442979
0.10146
-8.50231e-05
0.00084386
0.069733
0.00101209
-0.00317393
-0.00200114
0.0126728
0.0173558
0.0127407
0.0055886
0.0473317
0.0300494
-0.000630216
-0.000659287
0.0193686
0.0179595
0.00302663
0.00113605
-0.0125983
-0.000114647
0.00319366
-0.00129686
0.00898974
0.0410059
-3.38692e-05
-3.24789e-06
0.0495296
0.00394981
0.00960759
-0.0039486
-0.00973464
0.0543955
2.1253e-05
0.000817344
0.0697404
0.00100123
0.0128858
0.00558741
0.0473315
0.0300394
0.00309099
0.00114723
-0.0127098
-2.4736e-05
-7.85046e-17
-0.000623785
0.0526004
0.00163652
-0.042548
0.00434819
0.0183974
0.000309591
0.000565314
0.000594158
-0.00859207
-3.99013e-05
-0.0378439
0.00521315
-0.000602602
0.0117737
0.000341101
0.000330103
0.000240436
-0.0195442
-3.03235e-05
0.00180898
0.0047072
0.0250349
0.0091812
0.00918333
-0.010437
0.0025821
0.0150608
0.0150308
0.00254277
0.00768864
3.60265e-05
-0.0006485
0.0525828
0.00166064
-0.0433849
0.00435603
0.0183315
0.000302755
-0.0378259
0.00524183
-0.000607846
0.0117686
-3.23874e-05
0.00182373
0.00471535
0.0250601
0.00989562
-0.00430734
-0.00841079
-0.00140476
0.00989998
-0.00431639
-0.00841043
-0.00141026
-4.67111e-05
-0.00175127
-0.0017141
0.000211447
0.00623139
-0.00085751
-0.000928872
0.0101764
0.00310764
-0.0637156
-0.0397808
0.00310244
-0.0471485
-0.0009888
-0.000952518
0.00456196
-0.0472425
-0.000995821
-0.000957919
0.00455952
0.000810861
-0.000189146
-0.000187319
0.000804534
0.0178319
0.0238805
0.00338379
0.0178686
0.00196774
0.00885718
0.000233717
2.51513e-05
0.00196653
0.00885844
0.000173318
2.40297e-05
-1.40271e-05
-0.00597012
-0.0059672
0.00163044
-0.0268908
0.00457192
0.0046227
0.00206192
0.0064528
0.00907605
0.0263933
0.00636292
0.0272547
0.0548122
-0.00630577
0.118285
0.0384576
0.00370123
0.0098846
0.0994546
0.00431868
0.162414
0.0589178
0.00117792
0.00785269
0.0586393
0.00736105
0.0367151
0.0339192
0.0162244
0.00473206
0.028579
0.0225422
-0.00416722
0.0247462
0.0296908
-0.00629804
0.118291
0.0273607
0.054404
0.0384504
0.00369655
0.00429041
0.162644
0.00979873
0.0994404
0.0589851
0.00125126
0.00836751
0.0384116
0.00791513
0.0587677
0.0343344
0.0162973
0.0225162
-0.00457615
0.00317708
0.0281167
0.0248449
0.0297511
0.0466069
0.00407767
0.0515982
0.00198357
-0.00782677
0.000273428
-0.00157367
-3.07019e-05
0.0670854
0.00149382
0.0548517
0.0016338
-1.69521e-05
-0.00724025
-0.000182141
-0.0087947
0.0261779
0.035966
0.00248684
0.000182872
0.00397063
0.0637437
-0.0227013
-0.000417154
-0.00641054
0.0481746
-0.00132117
-0.00311167
0.00327068
0.0206277
0.0050188
0.000574115
0.0466
0.00411291
-0.0015766
-1.74978e-05
0.0515767
0.00201112
-0.007821
0.000268405
0.0670795
0.00149594
-0.000182652
-0.00879061
0.0547918
0.00159767
3.82937e-06
-0.00721911
0.0261935
0.0358707
-0.0228643
-0.000609493
0.00237993
0.000210119
0.00399492
0.0637564
-0.00653014
0.0481707
0.00499239
0.000559286
-0.00134637
-0.00323273
0.00326098
0.0206418
-0.00150541
-0.00147853
-0.0553874
-0.0241198
-0.000727514
-0.00068188
0.00885992
0.00886969
0.0167113
-0.000576467
-1.57765e-05
8.72194e-06
-0.00057924
0.0106031
0.0648259
0.0212117
-0.00674162
-0.00674244
0.0631859
0.0631604
-3.15168e-05
0.00326196
0.00161948
-5.00438e-05
-0.00511604
-0.00511223
-0.00204445
-0.00198745
0.00447557
0.000690424
0.00772389
0.00672794
0.000383238
0.0003826
0.000189459
0.000132014
0.0212112
-0.00439974
0.0137305
-0.0217769
-0.00140206
-0.00147877
-0.0240748
-0.0553453
0.0167023
-0.000587667
-1.99405e-05
6.47874e-06
0.010626
-0.000579971
0.0648258
0.02128
-3.19097e-05
0.00325972
0.0016261
-6.86995e-05
0.000749288
0.00440448
0.00663208
0.00770808
-0.00462151
0.0211198
-0.0208439
0.0137513
9.22e-06
-0.000623053
0.000203339
6.63086e-05
-0.00183214
0.00149202
-0.0472556
0.00397895
-0.00260496
-0.00264528
0.00089524
0.000915187
-0.0495092
0.00518101
0.00460391
0.0155684
0.000689046
0.000687911
-0.00546901
-0.00546932
0.000537924
-0.00019606
0.0138702
0.00366267
-0.00370761
-0.00376588
0.0105013
0.0104958
0.0198789
0.0198767
0.0114083
0.011377
1.00821e-05
-0.000609821
0.000189919
6.07632e-05
0.00149409
-0.00183525
-0.0472963
0.00399858
0.00517556
-0.0496144
0.00459358
0.0154262
-0.000219954
0.000530094
0.00366203
0.0138728
0.0548981
0.053788
0.00398504
0.0181128
0.0555105
0.00387934
-0.00297195
0.0480656
0.0171696
0.0558097
0.00417182
0.0172672
0.0275396
0.00268405
0.000679597
0.0655585
0.0549795
0.0181619
0.00398702
0.0537793
0.0275073
0.065634
0.000781048
0.0027856
0.0172075
0.0171443
0.003775
0.0557018
0.0555079
0.048057
-0.00297851
0.00387019
0.000451338
-0.0106654
-0.00132806
0.00380383
0.000449434
0.00381826
-0.00128456
-0.0106371
-0.00413547
-0.00804982
-0.00216091
0.00405537
-0.00418817
0.00404643
-0.00220331
-0.0080813
-0.00514018
0.0381399
0.00360246
0.00754785
-0.00678477
-0.00725254
0.0108679
0.0379939
-0.00690367
0.0379458
0.0108269
-0.00733079
-0.00284744
0.00810786
0.00361835
0.0381568
0.100931
0.0500074
-0.0546887
0.137442
0.0707511
0.0391183
-0.0193724
0.0312037
0.0716114
0.0394099
-0.0193879
0.0399424
0.101027
0.137443
-0.0546842
0.0502345
0.0501996
0.0524175
-0.0465568
-0.0456816
0.0550107
-0.054954
-0.0449018
0.0528743
-0.00241211
0.00601427
0.00472728
0.00387216
0.00397957
0.00430295
0.00427402
0.0043405
0.0501905
-0.0457024
-0.0465849
0.0523954
0.00404407
0.00436798
0.00428485
0.00431614
-0.00240862
0.00387405
0.00472368
0.00600378
0.0549859
0.0528392
-0.0449213
-0.0549217
0.00206118
0.000812588
0.000679584
0.00170014
0.0020943
0.00170985
0.000698866
0.000830728
0.00126981
0.000561604
0.000746132
0.00173598
0.00128705
0.00173271
0.000749882
0.000572231
0.034192
0.0443744
0.0383765
0.00884849
0.0265928
0.0222047
0.0221718
0.0261921
0.0265815
0.0262297
0.0221696
0.0221862
0.0341025
0.00883397
0.0383738
0.0444336
0.0761581
0.0683508
0.00708456
0.00344873
0.0410946
0.00866235
0.00896454
0.0681342
0.0338519
0.0081281
0.0138349
-0.00335088
-0.00515963
-0.000202474
0.0111483
-0.0119852
0.0734444
0.00344956
0.00708243
0.0683513
-0.00522518
-0.0121233
0.0110421
-0.000260317
0.0334101
-0.00345131
0.0138001
0.00813434
0.0409977
0.0681692
0.00896224
0.00856609
-0.0142288
-0.0180732
-0.00420791
0.00269422
-0.0147811
0.00271433
-0.00420792
-0.018056
0.00523444
-0.0027657
-0.00637078
0.00115312
0.0052166
0.00114052
-0.00637012
-0.00275769
0.0460843
0.0303615
0.019703
0.0145996
0.0363593
0.0234518
-0.0260328
0.0219711
0.0363924
0.0220373
-0.0259622
0.0234464
0.0460674
0.0145767
0.0197312
0.0303569
0.112399
0.128043
0.0444187
0.088584
0.112398
0.0885306
0.0444158
0.12804
0.00629594
0.00972987
0.0299696
0.0585341
0.00624822
0.0587456
0.0299843
0.00969694
0.000320131
0.00262641
8.5716e-06
0.000231166
0.00559004
0.00333747
0.000387015
0.0132933
0.00200238
0.000261289
0.00352203
0.000224025
0.002629
0.000268173
8.5373e-06
0.00558839
0.000320314
0.00292817
0.0131249
0.000351033
0.00185414
0.0033642
0.000276728
0.000275296
-0.00236324
-5.62655e-05
0.0469063
0.000531835
-0.00150081
-0.000485626
0.0526869
0.00325911
0.000129505
0.000639125
0.00039911
0.0180356
5.76881e-05
0.00132875
-0.000108652
-0.000688647
-0.00235915
0.00050876
-6.05323e-05
0.0468202
-0.00122646
0.00323543
-0.000510944
0.0526804
0.000208475
0.0186068
0.000752481
0.00044206
5.40874e-05
-0.000673597
0.0013333
-9.32105e-05
-0.00079704
0.00574327
0.00557473
0.00432202
1.2228e-06
1.21775e-06
-0.0145015
0.137196
1.14149e-07
-1.10708e-05
0.0504382
0.00155176
-0.00056495
-0.00783942
-0.00113335
0.0415379
1.83274e-06
-1.74671e-05
0.00460464
0.101756
-7.6658e-06
0.0012281
0.0689376
0.00257001
-0.000116575
-1.03608e-05
0.00374492
0.00399733
0.0041505
0.00281097
0.0424191
0.0127835
0.000213892
0.000199172
0.0192619
-0.000102511
0.000751303
0.00289191
-0.005006
0.0268615
-0.000810785
0.00603691
0.00574096
0.0043227
-1.20137e-06
-1.2279e-05
0.0504381
0.00153006
-0.000223316
-0.00734747
-0.000973438
0.0413128
-4.21729e-05
0.00126294
0.0689523
0.00259479
0.00414991
0.00281789
0.0415081
0.0128129
0.000725299
0.0028114
-0.00494842
0.0268558
-1.96262e-16
0.000724509
0.0489436
0.00132956
-0.00114325
0.00399705
0.00627307
-0.00041764
-0.000568093
-0.000581659
-0.00540533
-0.000223655
-0.00549268
0.00252793
-0.00232203
-0.00540808
-4.9389e-05
-4.6579e-05
-0.000226992
0.00193041
-2.08643e-05
-0.000146344
0.00458396
-0.00693558
0.00221785
0.00219743
-0.000231715
7.62586e-05
0.00106549
0.00106778
0.00202518
0.00672212
-6.86915e-17
0.000700434
0.048927
0.00130077
-0.000723587
0.00398948
0.00635887
-0.000417804
-0.00545789
0.00251994
-0.00232595
-0.00538734
2.18009e-07
-6.66177e-05
0.00458517
-0.00692423
0.000101348
0.00063621
-0.00197429
0.00243861
0.000102589
0.000636661
-0.00197347
0.00243183
6.22795e-07
-0.000689036
-0.000693114
-1.73272e-05
0.00219031
0.00192689
0.00196335
0.00121739
-0.000154911
-0.0264354
-0.010787
-0.000154357
0.00202721
-0.000174697
-4.58854e-06
0.00389972
0.00207088
-9.17592e-05
-3.7232e-06
0.00389586
-0.000518772
-0.000189154
-0.000187844
-0.000521317
0.00102472
0.0022926
0.00103048
0.00100154
-0.0017005
-0.00575124
-0.00309514
-4.28709e-05
-0.00170208
-0.00570921
-0.00309953
-4.43209e-05
9.08938e-06
-9.90372e-05
-0.000105358
0.0017243
-0.000918973
-0.00156196
-0.00156081
-0.000845198
4.31103e-05
0.00578183
0.0127658
9.76314e-05
-0.00408383
-0.000892685
0.00612192
0.0110921
9.8914e-06
3.32154e-06
-0.00626013
0.118518
7.74705e-07
-1.29766e-05
0.039442
0.00115365
-5.20572e-07
0.00823343
0.00605997
0.0252844
0.005673
-0.00938465
0.00427251
0.00141498
-7.21762e-05
5.22044e-05
0.059301
0.00353764
-0.0186388
-0.00105774
0.0237826
-0.0352741
-0.0388213
0.00128594
0.00440014
0.00357179
-0.00121221
0.00351168
0.00140113
0.0125948
-4.56906e-05
0.00418564
0.00798158
0.0142617
0.000193346
-0.000583465
0.0237012
0.00169229
-0.00150392
0.00080021
-0.0172352
0.0284429
8.69706e-06
3.41614e-06
-0.00624559
0.118534
-0.00406686
-0.000835358
0.00622826
0.0112095
3.70849e-06
-1.29101e-05
0.0394351
0.00113982
0.00544833
-0.00936253
0.00427408
0.00157871
-1.55017e-06
0.00706369
0.00598031
0.0248318
-7.27171e-05
5.75349e-05
0.0593657
0.00358249
-0.0377309
0.00215797
0.00541836
0.00365804
-0.0187452
-0.000752742
0.0293617
-0.0352417
-0.00110205
0.00365071
0.00153094
0.0127199
0.000179723
-0.000593796
0.0242128
0.00196347
-0.000138457
0.00396615
0.00840238
0.014264
-0.00142291
0.000894613
-0.0169704
0.0285323
4.68496e-05
-2.62313e-06
0.0466774
0.00203045
-0.000659878
2.94392e-17
0.0481162
0.000892756
0.000738183
0.0170496
-0.0019342
0.000190745
0.0005367
0.00356473
0.00135427
1.13563e-05
-0.00328836
-2.60309e-05
0.0665501
0.0022261
0.000951195
-5.27446e-06
0.0512174
0.00229344
0.000502841
0.0226138
-0.000207556
0.00384338
0.00304925
0.00104962
-0.000379053
0.00832226
-0.00281354
-0.00135852
0.00666214
0.0321238
0.00262258
-0.000162357
-0.004622
-0.000710457
7.21655e-06
-7.1794e-06
0.00268741
-0.00859858
0.00148345
0.00106762
-8.12722e-05
0.000187865
0.000974557
-0.00184726
0.00124098
0.02651
-0.00413153
0.00291277
-0.00142632
0.000687088
-0.000543521
0.00167718
0.00517515
-0.00330213
0.0181029
0.00500175
0.00450613
0.00510864
3.99995e-05
4.28128e-06
0.0466748
0.00200205
0.000474247
0.00352427
0.00134769
9.15198e-06
-0.000680822
1.35017e-05
0.0480928
0.000847862
0.000743932
0.0169639
-0.00192409
0.000146398
-0.00300086
-2.89627e-05
0.0665443
0.00222437
0.00304047
0.0010499
-0.000368897
0.00831676
0.000960528
-9.65525e-07
0.0511589
0.00223357
0.00052729
0.0226426
-0.000155308
0.0038587
-0.00282494
-0.00135607
0.00671234
0.0322032
0.00153858
0.00107604
-4.51674e-05
0.000254427
0.00264302
-0.000168626
-0.00524807
-0.000706823
2.04071e-06
-1.67833e-05
0.00268821
-0.00856099
0.000941489
-0.001802
0.00122641
0.0260924
0.0182843
0.00497608
0.00450068
0.00502782
-0.00399639
0.00293194
-0.00140016
0.00063951
-0.000517366
0.00171174
0.0051794
-0.00328282
0.0105312
0.00349909
-0.000841086
8.66173e-05
0.0067493
0.00197796
-0.0192581
0.0167501
0.000143108
-1.62508e-05
-0.000611782
-0.000608389
4.95722e-05
0.0216524
0.00134944
0.00117634
-0.000914074
0.00423237
0.000134649
0.00245119
-0.000334112
-0.00157597
8.66754e-07
1.53311e-06
0.0104966
0.000200304
-0.000640448
0.00419969
0.0119085
0.0013813
0.0058628
0.0114984
-8.597e-05
-1.63887e-06
-5.75089e-05
-5.21863e-05
-0.000109262
0.00329253
8.92952e-06
8.88368e-06
-0.00039036
-0.00329498
-5.1679e-05
-0.00289345
0.00268541
-0.00604512
0.00157466
1.58718e-06
0.00118165
0.00152228
0.000863356
0.00083724
0.0222322
-0.0265659
0.00262707
0.00258993
0.00226631
-0.00257585
0.00170544
0.0039989
0.00788249
-0.000654966
0.00185689
0.00106384
9.84736e-05
0.00531203
0.00011914
0.000123677
-0.0150726
0.00472957
0.000257455
-9.92129e-05
-0.000626954
0.00211755
0.00102105
0.013147
0.00898676
0.0122584
0.00247424
-0.0083876
0.0104238
0.00350102
-0.000896192
0.000112138
0.0067449
0.00197022
0.0168472
-0.0192621
-0.000925107
0.00422039
0.00014525
0.0024388
-0.000379114
-0.00161859
1.97125e-07
-7.01862e-07
0.0105171
0.000200469
0.00418526
-0.000634888
0.0110433
0.00123239
0.00588016
0.0115135
-0.000387828
-0.0032942
-5.36524e-05
-0.00289463
0.00266895
-0.00604452
0.00157485
2.07876e-07
0.00224697
-0.00257638
0.00395598
0.0017424
0.00770625
-0.000584907
0.00106801
0.00185141
-0.000735986
0.00203332
0.0121499
0.00100166
0.00899793
0.0122811
-0.00878722
0.00257631
0.00194628
0.0213799
-6.66852e-07
-2.22019e-06
0.00185667
0.00373519
0.000107278
9.9199e-05
0.00486867
0.00239946
0.000309413
-0.002344
-0.000110839
0.000517802
0.000974173
0.00365438
-2.74222e-05
-0.000201028
-0.000512321
-0.000513732
-0.000170741
7.58731e-09
-0.000310656
-0.000311323
-4.98479e-05
-8.58158e-05
0.00242626
0.00390458
0.00389732
2.48812e-05
-0.00461014
-0.00120441
-2.77556e-17
-5.0605e-07
-0.000310865
-0.00030843
-0.000216302
2.4847e-05
-0.000149127
-0.000143654
0.000112499
0.000434259
-0.000210605
0.000169709
0.0225603
0.00598146
0.0133825
0.00175563
-0.0101634
0.00196349
0.000678129
0.000676935
1.32718e-05
-0.00217492
0.00578143
0.00570379
0.000638742
-4.72048e-05
-0.00103167
-0.00103256
-0.000816817
0.000471925
0.000328566
0.000345037
0.00194623
0.0213521
-6.96372e-07
-7.04836e-06
0.0018024
0.0037287
0.000101324
9.63702e-05
0.00490563
0.00239885
-0.00234626
0.0003091
-0.000112132
0.000502737
0.000942393
0.00365076
-4.63308e-05
-8.70091e-05
0.00390478
0.00247249
0.00389594
2.45451e-05
-0.00454412
-0.00120258
0.0001024
0.0004157
0.000169802
-0.000242459
0.0224856
0.00593801
0.00173548
0.0130311
0.0187969
-0.000985379
0.000215192
0.004654
0.0017396
0.00578089
0.0035755
-0.00247391
0.0128516
0.00619629
0.00182904
-0.000738711
-0.00146538
0.00211311
-0.00211091
0.00272496
0.0166025
-0.000984171
0.000173776
0.00465538
-0.00136186
0.00209515
-0.00194198
0.00278003
0.0128476
0.00626527
0.001869
-0.000736225
0.0017373
0.00577599
0.00357045
-0.00247282
4.85755e-06
-0.000379203
-0.00191356
-5.64825e-06
2.06378e-06
-0.000402764
-0.00193187
-5.63854e-06
9.42636e-07
-1.11055e-05
-1.06265e-05
-0.00158038
6.19833e-05
-1.56405e-05
-1.0636e-05
-0.00153468
-0.00122356
0.00507914
-0.00112609
0.00257086
0.00322993
-0.0148089
0.00213491
-0.0144131
0.00315792
-0.014887
0.00204554
-0.0145099
-0.00121823
0.00503931
-0.00105431
0.0025611
0.00346476
-2.31026e-05
0.0219783
0.0035975
0.00390354
0.0194729
-0.0155801
-0.00162454
0.019034
0.00402609
-0.00161066
-0.0155302
-4.14309e-05
0.003596
0.00358036
0.0219773
0.000615188
1.85796e-05
8.44562e-06
0.0183561
0.00133922
-9.2979e-06
-0.00030603
0.0254053
-1.85387e-05
-0.00164419
0.00172324
0.000466199
-1.02364e-05
0.000968533
-0.000126066
0.000378462
0.000614225
3.24596e-05
9.24544e-06
0.0184072
1.18785e-05
0.000995612
-0.000101907
0.000421672
1.91127e-05
-0.0016111
0.0017178
0.000614181
0.00133279
-5.38481e-06
-0.000286525
0.0255522
0.00104895
-1.69781e-05
9.60605e-05
0.00355871
-1.15601e-05
0.000985208
0.00352925
8.8762e-05
0.000187222
0.00238456
0.002458
0.000403091
0.00239742
0.000196994
0.00041136
0.00244888
0.00693381
5.61365e-05
-0.00306177
0.0023361
0.0227096
0.000537108
-0.000160814
0.00641968
0.000521669
0.0227065
0.00641958
-0.000157176
0.000102774
0.00689695
0.00232773
-0.00307627
-0.000274401
0.00181181
-5.73235e-06
-0.00176482
0.031827
6.84188e-05
0.00168133
0.000281414
-0.0085063
0.0187602
-0.00829283
0.00724898
0.000714003
-0.00561172
0.00200852
0.000287385
-0.00027532
0.00180909
-5.29072e-06
-0.00176046
0.000555408
-0.00573513
0.00186604
0.000145912
-0.00760423
0.0186466
-0.00833899
0.00722743
0.0318744
6.97891e-05
0.00168137
0.000281183
0.00216511
-0.0012445
-3.37692e-05
-0.00506018
0.00216423
-0.00124737
-2.63493e-05
-0.00508322
4.91888e-05
0.00372757
-0.00671876
-3.68492e-05
4.828e-05
0.00380984
-0.00665011
-4.48327e-05
0.00948713
-0.00355607
0.000313723
0.000227341
0.000172629
4.42244e-05
0.000219328
0.0047031
0.000189807
3.37949e-05
0.000220219
0.00422313
0.00948768
-0.0035621
0.000417279
0.000244749
0.0673919
0.0126947
0.0594115
0.0588408
0.0128887
0.06792
0.0588134
0.059384
-0.0145922
0.00414466
-0.00394369
-0.000857033
0.00395035
-0.0148967
-0.000881763
-0.00388257
0.00921438
0.00863979
-0.00231431
0.0755385
0.0367769
0.000961718
0.00565222
0.0152379
0.00316416
0.061512
0.0347143
0.00402268
0.00168919
0.010865
-0.0139687
0.0273025
0.0162447
-0.0248642
0.018798
0.0112685
0.0188559
0.000474952
0.00721639
0.0275816
-0.00230995
0.0754957
0.00921186
0.00862047
0.0367533
0.000952981
0.00164497
0.0616554
0.00572976
0.015218
0.0346921
0.00401522
-0.0148461
0.0273409
0.00175953
0.0104365
0.0162613
-0.0256528
0.0188666
0.000500694
0.018899
0.0114903
0.00733601
0.0275514
0.0203147
0.000662426
0.0425613
0.000751909
0.002789
-5.66467e-05
-0.00333817
4.80261e-05
0.0123553
-5.70495e-06
0.051274
0.00242612
-0.000231789
0.00120702
1.41818e-07
0.000452195
-2.67379e-05
0.0360932
-0.00149693
-0.000120145
0.00204181
0.0190631
-0.0111901
-0.000130718
0.000828254
0.0114151
-0.000147661
-0.000475786
0.00394621
-0.000860482
0.000175554
-0.000551341
0.0202434
0.000609328
-0.00333665
4.87979e-05
0.042431
0.000717508
0.00278657
-5.6387e-05
0.0132374
-7.66639e-05
-3.13826e-07
0.000727606
0.0512486
0.0024026
-0.000232268
0.00256594
-3.37327e-05
0.0360822
-0.0111792
0.000381597
-0.00149195
-0.000112731
0.00203013
0.0191339
0.000827889
0.0115186
0.000188859
-0.00052816
-0.000140987
-0.00046323
0.00396435
-0.000859638
0.00211062
0.00629141
0.020042
-0.0197853
-0.00414162
-0.00011176
-0.00101163
0.00242848
-0.0102769
0.133075
-0.0102555
0.133078
-0.000736537
-0.000734385
0.00177831
0.00177854
0.0496481
0.00136154
0.0485355
0.0017706
-7.64623e-05
0.00310367
1.5359e-07
-6.18445e-06
-0.0030215
0.036061
0.00163277
0.0311489
-0.000737777
-0.0013638
0.00842663
0.00348985
0.00413578
0.101383
0.00413327
0.101398
-3.61753e-05
-2.76111e-05
5.96939e-05
5.58444e-05
0.0661158
0.00303708
0.067366
0.00291396
-6.2677e-05
-0.00356509
0.00142329
-4.05085e-05
0.00113417
0.00374815
0.000966316
0.00360344
0.00151212
0.00143699
-0.000941678
-0.000948245
0.02981
0.0147772
0.0416469
0.0233022
0.000890154
0.00195763
0.00256251
0.00043169
0.0204906
-0.00209076
0.0205129
-0.00208132
0.000145226
0.000147217
0.000413258
0.000418417
-0.00711155
0.0267531
-0.000573219
0.0334796
0.00646772
0.00248002
0.00253989
0.00323276
0.00212389
0.00619625
0.0203025
-0.0235593
-0.00415565
-0.000126696
-0.00163271
-0.00119954
0.0496465
0.00134447
0.0485309
0.00175411
-7.62736e-05
0.00310324
2.01172e-06
-8.57518e-06
-0.00268421
0.0360915
0.00163386
0.0311742
-0.0014675
-0.000658282
0.00837322
0.00332549
0.0661172
0.0030536
0.0673779
0.00290726
-6.35899e-05
-0.00356638
0.00142434
-6.09599e-05
0.0298466
0.0148071
0.0403047
0.0232646
0.00195612
0.000944358
0.000654286
0.00258258
-0.00671093
0.026829
-0.000536451
0.0333406
0.00247997
0.00646444
0.00328606
0.002683
0.0483708
0.00109531
0.0503503
0.00206467
-2.1571e-05
-2.66683e-05
-4.52183e-05
-3.74984e-07
0.0210654
-0.000617119
-0.00968796
-0.000158347
-0.00022765
-0.000932729
-0.00150982
0.00362075
-0.00438036
-0.000100636
-0.00437846
-9.35839e-05
-0.000587061
-0.000583733
-0.000436147
-0.000443021
-0.00715978
-0.00755185
-0.00090328
-0.00512673
0.00134631
0.00357131
-0.000484903
0.0059101
9.27433e-07
0.000145942
9.27128e-07
0.000145522
-0.000352644
-0.00035768
0.00127426
0.00126863
0.00364778
-0.00778204
0.0050743
-0.00616187
-3.68165e-05
5.4718e-05
4.01757e-05
0.000181626
-0.000299218
0.000278699
-0.000297146
0.000323703
0.00147385
0.00121222
0.00367901
0.00367907
0.00332065
0.00728957
0.00332147
0.00729584
-0.00108382
-0.00108199
0.00301928
0.00298568
0.0483212
0.00105314
0.0503238
0.00202754
-3.55146e-05
-2.83237e-05
-4.58258e-05
-1.05591e-06
0.0215069
0.00220064
-0.00956432
-0.000158321
-0.000992835
-0.00023292
-0.00147678
0.0035888
-0.00715075
-0.00752315
-0.000909507
-0.00512413
0.00357461
0.00133138
-0.000488105
0.00590955
0.00364672
-0.00782085
0.00508535
-0.00618202
3.27745e-05
-1.53805e-05
0.000174169
4.66379e-05
0.000761512
-0.00198524
0.000212741
0.00296303
0.0037162
0.000691433
0.00119754
-0.00443162
0.000759129
-0.00204978
0.000210466
0.00296237
0.000652149
0.00391378
-0.0042561
0.00120047
-0.000631267
-0.000616948
4.68059e-05
-1.23603e-05
3.51484e-05
-1.20428e-05
-0.000698508
-0.00069437
0.000376243
0.000391183
0.00181024
0.00134254
0.00154541
0.00185696
0.000738621
0.000735941
-0.0222686
-0.000491908
-0.000349475
-0.000350628
0.000948028
0.00096372
-0.00013634
-0.0221688
0.00043605
-0.00144779
0.00237785
0.00416257
0.000376106
0.00397512
-0.000181462
2.63371e-06
0.00047062
-0.00145411
0.00238797
0.00416548
0.00397787
0.000387657
1.08692e-06
-0.000182369
0.000156367
1.38778e-16
-0.000172923
-0.000188347
-0.000321184
-0.000322261
-0.000160019
1.11022e-16
0.00367619
0.00128105
0.00522499
0.00522192
-4.52702e-05
-4.75645e-05
0.00125875
0.00368274
-0.00439943
-0.00272375
7.25916e-05
-0.00420837
-0.00131438
-5.16447e-05
-0.00663851
-0.00360038
-0.00272292
-0.00438091
7.00751e-05
-0.00421058
-5.53693e-05
-0.0013109
-0.00662199
-0.00359973
-8.36644e-05
-7.56072e-05
0.00153391
8.19484e-06
0.00153794
5.65927e-06
-0.000131926
-0.000129272
-0.000200771
-0.000213376
0.00292035
-0.0035955
-0.00365163
0.00299421
-5.60849e-06
-7.79996e-06
0.00569633
0.0142159
0.00014822
0.000143251
0.000363638
0.00034152
0.0057512
0.0142932
0.00357768
-0.00429866
0.000497069
-0.00240668
-0.000787734
-0.00200583
0.0108754
0.00482562
0.00639113
0.00353907
1.43248e-06
-4.02115e-06
-0.000145058
0.00126052
-4.28161e-05
0.00333239
0.00421733
-0.00695249
-0.000621525
-0.00587765
0.0326723
0.000212208
-1.8897e-05
6.64092e-06
0.00240355
-0.00115149
0.00556817
-0.0542575
0.0146836
0.000184439
0.00189138
0.0100154
-0.00232082
0.0101708
0.00960252
0.00309849
-0.00408006
0.00343837
0.00241381
0.00217496
-0.00037284
0.000425531
0.00288784
0.000250181
0.0115202
-0.00295079
0.000551816
0.000331223
-0.000946005
-0.00201146
0.0108424
0.00481706
0.00347406
-0.00429407
0.000484727
-0.00256057
0.00635844
0.00353978
3.66038e-06
-1.42594e-06
0.00397017
-0.00691252
-0.000525399
-0.00600103
-7.78536e-05
0.000644519
-4.28621e-05
0.00336297
0.0327351
0.00021118
-1.23009e-05
8.84032e-06
0.014248
0.000169826
0.00201401
0.00986977
0.00246475
-0.001109
0.00543106
-0.0581615
-0.00230675
0.00986608
0.00876587
0.00311797
-0.000364603
0.000435868
0.00316054
0.000434418
-0.00307567
0.00410965
0.00249611
0.00242008
0.0108712
-0.00294763
0.000565287
0.000319078
0.00463337
0.00323304
0.0023038
2.84394e-05
-2.6288e-06
0.000257114
-6.20634e-17
8.33469e-05
-7.24943e-05
-0.000230452
0.000503962
0.0229813
0.00271306
-0.00152453
0.000832581
0.00333992
0.00327401
-1.70859e-05
0.000302059
-5.86279e-06
0.000257979
-0.00042714
2.89723e-07
-8.81003e-05
0.0016138
0.0208041
0.000102042
0.000730161
0.00248759
0.00288441
0.00338655
-0.00441472
-0.0070985
0.0127956
0.0133097
-0.00121727
0.00255892
0.00155188
0.00199263
6.1551e-05
9.43734e-05
-5.84669e-05
0.0112281
0.00119201
-0.00436239
0.00171866
0.00563638
0.000689342
0.000316175
-5.52241e-05
0.0237109
-0.00607416
-0.00175455
0.00164126
0.000596065
-0.0047948
-0.00051951
0.00181165
0.000366288
-0.000212531
0.0213571
0.00615818
0.0337518
0.00201302
0.00463506
0.0032334
0.00230214
2.79032e-05
0.00251026
-0.00157281
0.00075964
0.00331273
-2.66223e-06
0.000235582
7.0561e-06
8.51687e-05
-7.46031e-05
-0.000234529
0.000508369
0.022996
0.00420429
-1.68399e-05
0.00050536
-2.05692e-06
0.00247608
0.0029019
0.00356772
-0.00443394
0.000257733
-0.000426474
-1.24127e-16
-9.54825e-05
0.00161434
0.0202308
0.00103979
0.000734015
-0.00708996
0.0128426
0.0133297
-0.00122546
-0.00465125
0.00176573
0.00579647
0.000793121
0.00262498
0.000976252
0.00201115
6.09469e-05
9.20317e-05
-4.55226e-05
0.0150526
0.00112416
0.000273002
-7.77882e-05
0.0235128
-0.00601202
0.0213655
0.00617624
0.0333054
0.00194539
-0.00173419
0.0016641
0.000582344
-0.00479791
-0.000516816
0.00182158
0.000364563
-0.000208808
0.00107036
0.0154026
0.00799041
0.00266873
-0.0168503
0.00132661
0.00170727
0.0225968
-6.17033e-06
-1.21483e-05
-9.44222e-06
-1.7971e-06
0.0234545
-6.72404e-06
-0.000207021
0.0234505
-0.00422136
0.000516454
0.00222195
-0.000178591
-0.0017203
-0.000659837
-2.81675e-06
-0.00166003
0.037023
0.000348797
0.00699619
-0.0106254
0.00121402
0.0124785
0.0121145
0.000630947
-0.000100655
-1.8106e-06
-1.81338e-06
-0.000102647
-0.000133126
0.00390295
0.00390067
-0.000134604
-0.000319874
-0.00268776
-0.00182542
-0.000277441
-0.00575857
0.00251058
0.00298009
-0.00618732
0.00108972
0.000633654
0.000597725
0.00109103
0.0284409
-0.0149018
-0.0148878
0.0282149
0.00212085
-0.0055588
0.00318624
-0.000722368
0.00504031
0.000491205
-0.00191597
0.0043934
0.000408538
0.00626953
0.00624967
0.00040693
-0.018454
0.00220926
0.00220516
-0.0182425
0.0122144
0.00505202
0.0126559
0.00244384
0.0112317
0.00366734
-0.00213771
0.00448087
0.0156415
0.00101932
0.00276228
0.00797818
0.0184829
0.00168617
0.00133736
-0.0170963
0.000521951
-0.00422144
-0.000180758
0.00221969
-0.00069563
-0.00174969
-0.00170586
-4.02026e-05
-0.0106074
0.0069838
0.000348459
0.0371992
0.0125004
0.0012127
0.000592859
0.0122839
-0.00268815
-0.000317623
-0.00027654
-0.00182501
0.00247147
-0.00578561
-0.00627125
0.00300192
-0.000732774
0.00350427
-0.00539019
0.00211974
0.00439465
-0.00191985
0.000485589
0.00503962
0.0024501
0.012651
0.00488517
0.0121277
0.00398651
-0.00257362
0.00367733
0.0111796
0.00112282
0.0236086
0.0200697
0.001574
0.00364042
0.00138006
0.00204901
0.00231791
0.00517264
0.00305561
0.000728648
0.00549554
0.00218364
0.00228525
-1.55472e-06
-1.41986e-06
3.76094e-05
-1.43592e-05
-1.77242e-05
4.20636e-05
1.49556e-07
-2.77556e-17
5.55112e-17
2.95473e-07
0.00299088
0.00447282
-3.48749e-05
-0.000165332
0.00026395
0.000726423
-0.000724869
0.00324006
-5.36139e-05
-1.6297e-06
-4.75192e-07
-5.88304e-05
-0.0013362
2.90846e-05
2.33844e-05
-0.00133512
7.1269e-05
0.000857055
0.000230512
0.00074474
0.0269255
0.0107524
0.00688934
0.0236551
-0.00958419
0.0035263
0.00352506
-0.00958888
-0.00626774
0.000408833
0.000464524
-0.00626225
0.00128086
-5.95666e-05
-5.09593e-05
0.00128287
0.000725213
-0.00270064
-0.00267723
0.00073942
0.0236415
0.0011238
0.0015637
0.0199958
0.00132729
0.00363017
0.00232424
0.00201341
0.00556231
0.000859385
0.00305657
0.00517898
0.00229148
0.00217519
7.72124e-06
-2.55842e-06
-0.000164085
-3.51118e-05
0.00442122
0.00311547
0.00072998
0.000268248
0.00323897
-0.000727072
0.00078172
0.00024705
0.000855461
8.37647e-05
0.0236418
0.00688515
0.0108812
0.0278596
0.0249039
0.0416172
0.0110308
0.00767885
0.0499584
-0.00263836
0.00099528
0.0480189
0.00061854
0.00330525
0.00396642
0.00252298
-0.00209669
-0.00057146
0.0154533
0.00977959
0.02376
-0.000526996
0.00515813
0.0495995
0.0144107
0.00514652
0.00371445
0.00623586
0.00397871
0.00756227
0.00184915
0.00389471
0.0525301
0.050776
0.00461731
0.00261687
0.00508321
-0.00512971
0.00816836
-0.00156413
0.0439614
0.00367021
0.0090755
0.0148061
-0.00123729
-0.00131619
-0.00165608
-0.00272467
-0.00579741
-0.0057842
0.00829366
0.00296354
0.0111543
0.0190394
-0.000911691
0.0116358
0.0130417
0.0091933
0.00333942
0.0227569
-0.00158556
0.00160463
0.00513178
0.00217792
0.0481253
0.0164253
0.00860589
0.00566902
0.024891
0.00772328
0.0110004
0.0415986
-0.00208954
0.0096374
0.0152048
-0.000684596
0.000617733
0.00250964
0.00393648
0.00328019
0.0499574
0.0480145
0.000996298
-0.00264403
0.0111656
0.0115628
-0.000855206
0.0191094
0.0461155
0.00566397
0.00855338
0.0165879
-0.00160375
0.00218059
0.004213
0.00158634
0.013235
0.0229727
0.00333126
0.00915394
0.0050791
-0.0015271
0.00804285
-0.00513355
-0.0059208
0.0030142
0.00836874
-0.00570884
-0.00113539
-0.00260669
-0.00153697
-0.00120905
0.0439864
0.0148362
0.00911882
0.00371582
0.0235004
0.0495964
0.00515552
-0.000516242
0.0525278
0.0026104
0.00460414
0.0507719
0.00398024
0.00389609
0.00182822
0.00755522
0.0146623
0.00648262
0.00371665
0.00516701
-0.000275643
-0.00526666
-0.000595576
0.00105889
-0.0130949
-0.000674957
-0.00201608
-0.0104162
-0.000660296
-0.00164774
-0.00182603
-0.000634282
0.00145678
0.00125654
-0.000824601
-0.000496728
-0.000281055
0.00104748
-0.000682382
-0.00549176
0.00143739
-0.000537122
-0.000855636
0.00124149
-0.000654518
-0.000620573
-0.00184986
-0.00168374
-0.013069
-0.0103535
-0.00205212
-0.000679188
-0.00204709
0.00317159
0.00124196
0.00328899
-0.00547795
-0.000573917
-0.00160074
-0.00335898
-0.000703731
-0.00177615
-0.00165675
-0.000620807
0.00163914
0.00187124
0.000137047
-0.000217347
-0.00200692
0.00332007
0.00131719
0.00325421
0.00165837
-0.000176064
0.000181884
0.00189253
-0.000694837
-0.000620948
-0.00161098
-0.00173096
-0.0054695
-0.00331857
-0.00155039
-0.000573555
-0.00635874
0.00229992
0.0117565
-0.0580264
0.0166012
0.00810961
0.00635985
0.0185146
0.00307332
0.00138635
0.00184568
0.00188729
0.00554998
0.00298421
-0.00106414
0.00193644
0.0287462
-0.00251498
-0.0158282
0.0382834
0.00193209
-0.00910139
-0.0131524
0.00146091
0.00252946
1.31927e-05
-0.000188656
0.0033514
0.0191842
0.0274729
0.00287663
0.0066558
0.0288757
0.0381916
-0.0158397
-0.00243145
0.0192692
0.00663503
0.00284148
0.0276086
0.0025469
0.0033421
-0.000243273
2.31124e-05
0.00195619
0.00149053
-0.0132528
-0.00909721
-0.00690814
-0.0579837
0.0113354
0.00219982
0.00557821
0.00191672
-0.00106121
0.00341257
0.00308161
0.00189588
0.00185281
0.00138285
0.0166457
0.0185013
0.00637833
0.00810857
0.0411462
0.0103405
0.00696295
0.111095
0.00340538
-0.0169146
0.0110798
0.00613884
-0.0246737
0.0238483
0.0258728
-0.0188575
0.13721
0.131219
0.00426933
0.00166586
0.0388937
-0.101735
0.0209889
-0.0402633
0.00256818
0.0267793
0.0265572
0.0107973
-0.00393813
0.0113352
-0.0109403
-0.0197396
0.0109746
-0.0276982
0.0111761
0.016435
0.038121
-0.0405885
0.0205929
-0.0987249
0.00909161
0.0143982
0.00905739
-0.0296209
-0.00400286
-0.0197365
-0.0109443
0.00990759
0.00238541
0.0115561
0.026095
0.0265568
0.041121
0.111096
0.00681405
0.00997641
0.13721
0.00166404
0.00411454
0.131165
-0.0246546
-0.018816
0.0258689
0.0238472
0.00337095
0.00630389
0.0111477
-0.0169411
0.048825
0.0481618
0.000559667
0.000555754
0.0486572
0.00153982
0.00086956
0.0482435
0.0022032
0.00099261
0.0196498
0.0240055
-0.00146202
0.0220824
0.022669
-0.000254433
0.0517971
0.000911053
0.00170882
0.0512461
-0.00693316
0.00258155
0.0199896
0.0253597
0.00121311
0.0185049
0.025581
0.000922231
0.0495445
0.0507412
0.00106054
0.00179198
0.00139285
0.00451363
-0.00205468
-0.00326518
0.004879
0.000148688
0.000909686
0.00693605
0.00396798
0.0038168
0.00126992
0.000652477
0.00260782
0.000817153
0.00168515
0.00380768
0.00172833
0.0023669
0.00137196
0.00232407
0.00381191
0.00367951
8.38227e-05
-0.000372472
0.00393244
0.000324769
5.49114e-05
0.0038635
0.00411028
0.00316355
0.000934865
0.000350127
0.0488135
0.000560855
0.000561379
0.0481485
-0.00124833
-0.000156015
0.0227593
0.0220546
0.00223003
0.0240684
0.0193315
0.00100043
0.0486229
0.048207
0.000869581
0.00154093
0.00176132
0.00232674
0.00140827
0.00238261
0.00411433
0.000374174
0.00096158
0.00316244
0.00394322
0.00384309
7.28905e-05
0.000328669
0.00380912
-0.000370777
6.5404e-05
0.0036745
0.00144439
-0.00322417
-0.00208365
0.00450625
0.00260541
0.00380964
0.0016909
0.000827668
0.00397076
0.000656005
0.00126732
0.00382813
0.00487997
0.00691212
0.000930697
0.000146168
0.0517795
0.0512049
0.00170599
0.000922602
0.0495293
0.00178717
0.00105231
0.0506981
0.00123819
0.000949752
0.0256069
0.0184052
-0.00693976
0.0253655
0.0195327
0.00259643
0.000633339
0.000721255
0.000913159
0.000822332
-0.000504487
-0.000399268
0.00345282
0.00365632
-0.000345847
0.0036878
0.00359792
-0.000181305
0.00114045
0.000994452
0.00125105
0.00155526
0.000606291
0.000782685
0.000845618
0.000647805
0.00110747
0.0014976
0.00118891
0.000949987
-0.000354832
-0.000194748
0.00357971
0.00368309
-0.000514709
0.00361913
0.00342562
-0.000400307
0.00277217
0.00305841
0.00242724
0.0022081
-0.00022727
-0.000331754
0.0029935
0.00127299
-0.000421251
0.00375743
0.0023229
-0.000317529
0.00166501
0.00207738
0.00219869
0.00190926
0.00279556
0.00224778
0.00243922
0.00306672
0.00169637
0.00195435
0.00222292
0.00212545
-0.000419521
-0.000316859
0.00231216
0.00376604
-0.000233194
0.00126151
0.00298114
-0.000333055
0.0235424
0.00603168
0.00834876
0.000705442
-0.00736936
0.0259957
0.01503
-0.00822553
0.00551328
0.00274975
-0.00121665
0.0130012
0.0030027
0.000833063
0.00133596
0.00463456
-0.000210667
0.023514
0.0228953
-0.00206
0.00200446
-0.000412141
0.0071133
0.00921753
0.00156155
0.00815317
0.00654191
-0.000537521
-0.00653216
-0.00444967
0.0228988
0.0250118
-0.000218413
-0.00204541
0.0229459
0.0234789
-0.00654219
0.0250158
0.0228796
-0.00444122
0.00154878
-0.000539164
0.00654009
0.00812196
0.00200637
0.00920424
0.00711672
-0.00041161
0.0236762
0.000843455
0.0084202
0.00610387
0.00301124
0.00469122
0.00135881
0.000920037
0.00550021
0.0129595
-0.00123568
0.00273209
-0.00737903
-0.00822449
0.0148416
0.0260052
0.072099
0.0664977
0.00260155
0.00310813
0.0680664
-0.000423244
-0.000302698
0.0669121
-0.00553908
-0.00532925
-0.0022155
-0.0030302
-0.0122226
0.0137444
0.000772922
-0.00120684
0.0196513
0.00635794
0.0321655
0.0796304
0.000489141
0.0308781
0.035321
0.00606409
-0.00721124
-0.0051585
0.000234215
-0.00235949
0.0638684
0.062906
0.00013721
-0.00349237
0.0188655
-0.00425782
0.00537423
0.0136251
-0.00157952
0.0121631
0.0208978
-0.0140124
-0.0045632
0.000937051
0.0156614
0.0020065
-0.00659674
0.00422076
-0.00575528
-0.0104874
0.00111809
-0.00250866
0.00121609
0.00130767
0.00233595
0.0079342
-0.00598465
-0.00119125
-0.00325498
0.00743356
0.0158632
-0.00236495
0.000829834
-0.000158426
-0.00145577
0.00290429
0.0729626
0.00361842
0.00306396
0.0670496
-0.0122167
-0.00120643
0.000772756
0.0137514
-0.00551907
-0.00303238
-0.00221306
-0.005288
0.0680779
0.0669148
-0.000301916
-0.000421093
0.00112147
0.00127958
0.00114399
-0.00250652
0.000750865
0.00283075
-0.00153186
-0.000106088
-0.00325987
-0.00236295
0.0150756
0.00738882
0.00233952
-0.0011837
-0.00599989
0.00765432
0.0189132
0.0140412
0.00579343
-0.00404828
-0.00660792
-0.0113753
-0.005384
0.00445727
-0.00456242
0.00195749
0.0157778
0.000934564
-0.00158673
-0.0139226
0.020604
0.012044
0.0196161
0.0796978
0.0322231
0.00643738
0.0638748
-0.00349299
0.000137803
0.0629386
-0.00717369
-0.00235897
0.000234376
-0.00515953
0.00171164
0.00528468
0.0353696
0.0308475
0.00373912
0.0126034
0.00153993
0.000982293
0.00094583
-0.000933959
-0.00576391
-0.00119433
0.00153848
-0.00445901
-0.00544415
-0.000151234
0.00425466
0.00258998
0.00239573
0.00430396
0.00399072
0.00116683
0.00162934
0.0126712
0.00426614
0.0042568
0.00238052
0.00258485
0.00153559
-0.000145506
-0.0054369
-0.00450435
0.000940688
-0.00120708
-0.00576107
-0.000933636
0.00545156
0.00681128
0.00384407
0.00383648
0.00436979
-0.000107915
-0.00704287
-0.00283715
-8.57905e-05
-0.00599548
-0.00650672
-7.57081e-05
0.00281223
0.00332613
0.00353738
0.00283326
0.00705302
0.00383037
0.0040118
0.00890145
0.00279807
0.00283056
0.00352617
0.00329057
-7.86019e-05
-6.55282e-05
-0.0064206
-0.00596661
0.00438409
-0.00286529
-0.00703861
-0.000106231
0.005764
0.0235474
0.0127007
0.0257509
0.0211066
0.00941831
0.00913425
0.0286177
-0.000621118
0.00108936
0.00115898
0.00895741
0.00916687
0.0103498
-0.00229198
0.000619365
0.0338294
0.0210293
-0.0002885
0.0290756
0.0200742
0.00159427
0.000482114
0.0220995
-0.00198559
-0.00246553
0.00557938
0.00574913
0.029397
0.0280182
0.0028801
-0.0127418
0.0337857
0.0290928
-0.000272888
0.0210241
0.0293482
-0.0129497
0.0026496
0.0280453
-0.00199893
0.00593303
0.00536186
-0.00269814
0.0200806
0.0221373
0.000497484
0.00160186
0.00576378
0.0256468
0.0124625
0.0235041
0.00917071
0.000630283
-0.00228345
0.0103118
-0.000622602
0.00906711
0.0011227
0.00111552
0.0218107
0.0287534
0.00916803
0.00943663
0.0412596
0.0898176
0.0367436
0.0202183
0.1016
-0.000144812
0.0254731
0.0945659
0.00577601
0.00704
0.0329651
0.00363614
0.0466506
0.0345813
0.0446572
0.0185724
0.0412491
0.0201784
0.0367635
0.0898125
0.0466271
0.0185474
0.0446654
0.0345547
0.00580348
0.00363614
0.0329508
0.00708088
0.101606
0.0945172
0.0253991
-0.000145541
0.00764637
-0.00188829
0.00577221
0.0124572
-0.00131902
-0.0144646
-0.020479
0.000455054
0.0133042
0.0151635
0.00476969
0.00460697
0.0363987
0.0209042
0.00633034
0.0135321
0.00765904
0.0120305
0.00535789
-0.00195724
0.0364009
0.0134761
0.00605471
0.0205287
0.0132659
0.0045951
0.00479598
0.0151377
-0.00131766
0.000324651
-0.0206111
-0.0143562
