-0.632893
0.195
-2.065
-0.735
0.275
2.05776
-0.645
0.710751
-1.895
-0.655
1.03388
2.015
0.625
0.195
-2.06856
0.732835
0.275
2.055
0.645
0.714908
-1.885
0.645
1.02944
2.025
0.0541277
0.0917244
0.177044
0.149144
0.0541339
0.0917208
0.17595
0.15142
0
0
0
0
0
0
0
0
0
0
0
0
0
0
0
0
0
0
0
0
0
0
0
0
0
0
0
0
0
0
0
0
0
0
0
0
0
0
0
0
0
0
0
0
0
0
0
0
0
0
0
0
0
0
0
0
0
0
0
0
0
0
0
0
0
0
0
0
0
0
0
0
0
0
0
0
0
0
0
0
0
0
0
0
0
0
0
0
0
0
0
0
0
0
0
0
0.0339283
-0.0440887
-0.000245976
0.0455694
-0.0108973
0.0119229
0.111586
0.0712988
0.0718031
0.0386632
0.0365894
-0.000201099
0.0452212
0.0122272
0.0688913
0.0426128
-1.36461e-05
0.133782
0.00255829
0.114797
0.00259215
0.00726566
0.220964
0.454488
-1.3057e-05
0.134221
0.114823
0.00634674
0.194112
0.198842
0.00255421
0.148425
0.203027
0.124786
0.125239
0.00256897
0.46245
0.147604
0.153007
0.0323243
0.40551
0.17044
-0.0315776
-0.0236525
0.00199076
0.00410739
-0.00197934
0.0254304
0.0202662
0.0321817
0.0327882
-0.0106737
0.0275603
0.0316487
-0.023791
-0.0319007
0.00198216
-0.00271096
0.00359869
0.0255665
0.0322095
0.0192891
0.0321101
0.0263297
-0.0132391
0.0343819
2.42418e-06
-2.12273e-05
0.0964364
1.57744e-05
0.026375
4.26184e-06
0.0628469
-8.72531e-05
0.00156801
0.0367527
0.000118854
0.0964512
-0.00169042
0.0541751
0.00829263
0.225302
-0.000210499
2.21208e-05
-2.16662e-05
0.0974844
0.02624
-8.44779e-05
5.0851e-06
0.062725
0.00118358
0.0991269
0.0366364
-0.000440804
-0.000921059
0.225274
0.0544784
0.00886876
0.0877735
0.0510167
0.00605181
-0.0021522
0.103275
0.00138601
0.0663655
0.0480418
0.0155348
0.107363
0.0574787
0.00958276
0.0177402
0.0124933
0.0621463
0.0167214
0.0598162
-0.0113241
0.058021
0.172927
0.0850817
0.0513446
0.106184
0.00132624
0.0659868
0.0500434
0.0588946
0.00972629
0.0655068
0.0169724
0.0560791
0.172039
0.0782826
-3.52736e-05
0.00718647
-0.00296379
0.0024082
-1.01686e-05
0.00474475
0.000245818
2.17676e-06
0.00801105
0.0463375
0.218419
-0.0946579
0.0295751
0.0173862
0.00657304
0.0786739
-3.04031e-05
0.00986084
-0.0026602
0.00489698
-0.00182167
0.0469429
0.219775
0.125601
0.0994463
0.0654861
0.1195
0.124964
0.117016
0.0639514
0.107426
-0.00160278
-0.00175003
0.00370745
0.00374423
0.0522357
-0.01866
-0.0190436
0.0519285
0.00640554
0.0839447
0.0852021
0.0120337
0.0836925
0.0764675
0.0551304
0.0424147
0.0843968
0.0427427
0.0556502
0.0765683
-2.27215e-05
-1.74219e-05
-5.43812e-05
-5.87387e-05
0.193019
0.240171
0.240631
0.194853
0.0529156
0.097666
0.0855451
0.0507077
0.0560206
0.049844
0.0856318
0.105447
0.0146319
0.0145793
0.0184684
0.0169641
0.200666
0.161535
0.159977
0.200207
0.100861
0.100601
0.0426253
0.0459911
0.0327345
-0.0281943
0.00189356
0.00633698
0.0038096
0.0152629
0.000930169
0.00568758
0.014571
0.00722967
0.0149459
0.0157835
-0.0282763
0.0332861
0.00190139
-0.00209915
0.00663385
0.0141335
0.00621484
0.00274888
0.0135981
0.0137514
0.00601497
0.0183948
-0.0038059
-2.45269e-05
0.0988094
-5.13818e-05
2.59723e-05
-2.87641e-06
0.0618914
-8.78167e-05
-0.00075019
0.0156013
-0.0002412
0.0678269
0.000300072
0.0246575
-0.000931855
0.0522056
-0.0037034
-8.54747e-06
-2.43785e-05
0.099663
1.711e-05
-8.78169e-05
-2.09356e-06
0.0615769
-0.000630643
0.0703104
0.0162198
-0.000636827
0.000201294
0.052972
0.0251373
0.000114651
-0.0116843
0.0113618
0.0246717
0.0213455
0.000807998
0.000795137
6.43061e-05
0.0484084
4.81939e-05
0.00190139
0.0988566
7.93655e-06
0.0071052
-0.00627841
0.0299812
0.038926
0.000766303
-0.00120651
0.00362141
0.0416699
-0.0035322
-0.0230277
0.0514106
-0.000162612
0.00593305
0.00587762
0.0111272
0.0557822
0.00843843
0.00264022
0.0434917
0.0200298
0.0021164
0.0022074
0.012189
0.0725181
0.00290541
-0.000782383
0.0179437
0.145715
-0.0115357
0.0119767
0.0241116
0.0214241
6.5949e-05
0.00160615
0.107178
-0.000802867
0.00634142
-0.00655094
0.0299427
0.0368471
-0.00367907
-0.0226326
0.0556295
-1.2056e-05
0.0086297
0.00302741
0.0407569
0.0203527
0.00323925
-0.00118159
0.0178686
0.145863
4.67452e-07
8.57191e-07
0.0782285
-0.000126362
0.00141013
0.00186776
0.011439
-0.00303149
0.000634575
0.000627624
-0.000439431
-1.16339e-05
0.000255502
0.00587892
-1.24596e-05
-0.000592989
0.000688465
0.000684408
-1.06719e-06
1.04984e-05
-2.66036e-05
-5.00151e-05
0.0227935
0.0659902
0.00622215
0.00632327
-0.00936456
0.00745595
0.00742492
0.00741429
0.00210358
0.00260599
7.01472e-07
8.45913e-07
0.0784356
-0.000128923
0.00130485
0.00176536
0.00914936
-0.00267253
0.000229717
0.00585413
-0.000113872
-0.0006189
-5.87325e-05
-0.000354638
0.0233127
0.0658121
0.00498524
0.00224461
-0.000321156
8.93938e-05
0.00684166
0.00277877
-0.000253385
-5.40549e-05
0.00255706
-2.34779e-10
-1.03338e-08
0.00263573
0.0289158
0.0163986
0.0161802
-0.00214663
0.00989898
0.0132212
0.0198518
0.0100971
0.000335039
-0.00128538
0.000466347
0.00595184
0.00027731
-0.00113376
0.000363092
0.0058831
0.00066214
2.93629e-07
4.1803e-07
0.000656438
0.0103214
0.0191506
0.00688077
0.0102929
0.00358023
0.0017667
0.00313172
-0.00136097
0.00589145
0.00173553
0.00453775
0.00217554
-0.00302921
-0.000630607
-0.000271386
0.0024839
0.0185646
0.00405102
0.004183
0.00186818
0.00706176
0.0173067
-0.0230611
0.00746696
0.0396939
0.00393363
0.000487016
0.0627932
0.089039
-0.00628992
0.0320274
0.0210067
0.00487153
0.037094
0.047574
-0.000743404
0.0246845
0.0169838
0.0156109
0.0103359
0.00536416
0.017063
0.0245445
0.0245884
0.0129478
0.0341801
0.0165474
0.0924369
0.000491543
0.059764
0.039961
0.00722534
0.0899885
-0.00639533
0.00267552
0.0374203
0.0277712
0.020929
0.0456849
0.00471564
0.0151109
0.0228183
0.0246819
0.0186929
0.00749083
0.0172373
0.0130076
0.0333531
0.023957
0.0240649
0.0167052
0.0919778
0.0951169
0.0025132
0.0851523
-9.76948e-05
0.0101115
-0.00681246
0.000198044
-1.50942e-05
0.0470317
0.00118909
0.0694642
-0.000110533
3.35851e-05
0.000922001
-1.79931e-06
0.000700578
0.0464875
0.0296396
-0.0089717
0.00133751
0.0234269
0.113747
-0.0232251
0.0104451
0.037774
0.171044
-0.00026629
0.002028
0.021994
0.0498985
0.00396099
0.00419809
0.100537
0.00255506
0.000185218
-1.49949e-05
0.0856449
-9.02964e-05
0.0123172
-0.00671095
0.0488004
0.00118421
-1.16521e-06
0.000693262
0.0694772
-0.000110562
3.70068e-05
-0.00139852
0.0467702
0.0295832
-0.0207608
0.0107343
-0.0090807
0.00173845
0.0237633
0.114199
0.0372293
0.170359
0.00397399
0.00423584
-0.00030606
0.00209633
0.0219878
0.0504519
0.00207366
0.00955399
-0.00619437
0.0171259
1.12884e-06
1.11563e-06
0.00700693
0.00400834
0.0141877
0.000285308
0.00273738
0.00263636
0.00348354
-0.00241456
0.0159956
-0.0294545
-0.000615441
-0.000998665
0.0128874
0.0128837
0.00244927
7.27518e-05
0.0026829
0.000529288
0.00176704
0.00158206
-0.00928798
-0.0110382
-0.0037777
0.00703902
0.00183678
0.00887262
0.00357881
0.00369054
-0.00350255
-0.00371846
0.0108528
-0.00383781
0.00283229
0.0167209
0.00251553
0.00960957
0.0173651
-0.00526917
0.0166063
0.00058212
0.00278509
0.0026351
-0.00313014
0.00286531
0.0142859
-0.0310311
0.00253881
-0.0023661
0.00265424
0.000657549
0.00912927
0.000782851
0.00929546
0.0018277
-0.00370459
0.010213
0.0168185
0.00289203
-0.001737
2.52846e-05
2.91237e-07
5.3982e-07
0.00188175
-0.00442272
0.000256092
0.00547003
2.77556e-17
5.55112e-17
0.0006491
0.000642861
0.00023261
0.00600249
0.00274309
0.0055697
0.000670178
0.000675227
1.11022e-16
-2.96081e-08
0.000596191
-0.00124499
0.0102814
0.0070742
-0.00035388
0.000322667
0.00722947
0.0075339
0.00903048
0.00897615
0.00416168
0.00419129
-0.00167715
3.2248e-05
4.23332e-07
5.5372e-07
0.00195589
0.000321195
0.000331192
0.00544431
0.0059827
0.000290707
0.00046138
0.00558562
-0.00120185
0.000518081
0.00705538
0.0109885
0.0853851
0.107074
0.00872917
0.0313642
0.103039
0.016886
0.0021479
0.0977475
0.00857485
0.049473
-0.00152372
0.0168618
0.0228357
0.0322481
0.00549476
0.0468747
0.0866562
0.0311902
0.0142951
0.116717
0.0222554
0.0456406
0.0070805
0.0327246
0.00959028
0.00792421
0.00195846
0.0478021
0.107576
0.103822
0.00151891
0.0180898
-0.0140886
0.000388521
0.00264723
0.000848964
-0.0141818
0.000105082
0.00267108
0.000379789
-0.000267208
-0.000127069
0.00263541
0.00454817
-0.000456943
0.00456259
0.00263605
-0.000120693
0.0307916
0.0219469
0.0391449
0.0167201
0.0124628
-0.00942249
0.00658232
0.0272395
0.0173464
0.0278965
0.0065027
-0.00800805
0.030516
0.0164664
0.0389964
0.0220722
0.10319
0.00256486
0.0146525
0.066075
0.0333783
0.0594274
0.0339266
0.0403534
0.0361522
0.042129
0.0339185
0.0600543
0.0995891
0.0628705
0.0145815
0.00643554
0.0869859
0.0816661
-0.00111741
-0.00411515
0.0652299
0.000236987
0.000536145
0.0738287
0.0233133
0.0225522
0.00648282
0.005952
0.0234483
0.00457644
0.00452086
0.0223105
0.0875996
-0.00395952
-0.00097439
0.0820108
0.0241317
0.0228092
0.00462141
0.00497686
0.0233641
0.00585661
0.00644704
0.0229875
0.0651777
0.0739405
0.000473496
0.00014856
-9.06701e-05
0.00063021
0.000655906
-0.000113713
-8.09036e-05
-0.000119893
0.000649951
0.000623605
-0.000100621
0.000676256
0.000663728
-0.000120656
-0.000101238
-0.000121168
0.0006691
0.000680746
0.100585
0.0957836
0.0277663
0.0146081
0.0510738
0.0101394
0.0162439
0.0560826
0.0514511
0.0564609
0.0162554
0.0101315
0.102988
0.0146989
0.0281037
0.0953277
0.0794704
0.0481528
0.00190446
2.83306e-05
0.059284
0.0388499
0.00411031
0.048809
0.0443466
0.020225
0.00741414
0.0275685
0.0292686
0.00548067
0.00521159
0.0274407
0.0766112
-0.00115455
0.00359892
0.053403
0.0293581
0.0263858
0.00417964
0.00548642
0.0453033
0.0284955
0.00588185
0.0204083
0.056336
0.0504196
0.0041564
0.036508
-0.000557303
0.000355538
0.00211614
-0.0139793
-0.000561097
-0.00302173
0.00210183
0.00035188
0.0041379
0.00289076
-0.000248417
0.00268644
0.0259267
-0.00194929
-0.000388943
0.00391396
0.0684402
0.159963
0.0060362
0.00891171
0.0700964
0.0157784
0.0218836
0.132745
0.0696215
0.1309
0.0219776
0.0158088
0.0687673
0.00893885
0.00610563
0.159098
0.0127111
0.0416799
0.0291263
0.0401508
0.0277956
0.0385188
0.0282264
0.0419
0.0382518
0.0545855
-0.023444
0.00300166
0.041015
0.00505052
-0.0231264
0.054565
0.000367998
-0.00411496
0.00190959
0.000848947
0.00172036
0.00283568
-0.00117418
0.00733595
0.00695918
0.00660955
0.0100557
0.00979398
-0.00727657
0.000426509
0.00189076
0.00240114
0.000841275
0.00231698
0.00761597
-0.000213911
0.00666429
0.00942085
0.00567809
0.0110725
0.00298482
-1.48851e-06
0.0320264
-6.53313e-05
9.99336e-06
-2.52903e-06
0.0571732
-2.39179e-06
-2.66763e-05
0.00188904
-0.000459378
0.0327978
-0.000741931
-0.00526453
0.000286521
0.000162501
0.00298375
-8.67797e-05
-1.00944e-07
0.0314064
1.11415e-05
-2.31108e-06
-1.78959e-06
0.056701
0.0011608
0.0340334
0.00211687
2.77532e-05
0.000230964
0.000371307
-0.0050592
0.000206819
0.0125424
0.000489171
0.00840546
0.00940317
2.11407e-05
1.61055e-05
0.000104002
0.162216
1.98918e-06
0.00203171
0.101106
-4.50688e-05
0.00652153
-0.00124706
0.0128012
0.0149602
-0.000410461
0.000207203
0.00323358
0.0219488
-0.00334482
-7.26975e-06
0.0478836
9.26977e-05
0.00164723
0.00167727
0.00525892
0.0117727
0.00155151
-0.0010209
0.0303295
0.0159996
0.000497966
0.000429089
0.00338804
0.0116921
0.00104736
-0.000959703
-0.00144778
0.0309988
0.0112203
0.000796896
0.00790066
0.00884177
-8.23788e-06
0.00175801
0.102419
0.000217115
0.00580877
-0.0010456
0.0128465
0.0142238
-0.00353636
7.14335e-05
0.0510442
1.40343e-05
0.00154608
-0.00116263
0.0298591
0.0163328
0.00119966
-0.000724396
-0.00192705
0.0317001
-2.26726e-08
1.92238e-07
0.0529808
-5.45694e-06
0.00124921
-0.00140898
-5.93319e-05
-0.00658856
2.77556e-17
2.77556e-17
0.000357597
-4.34704e-07
0.000181165
-0.000291937
3.64303e-06
-0.000710099
-5.55112e-17
-5.55112e-17
-9.87573e-07
5.56229e-06
-2.99981e-06
5.31743e-05
-0.00167183
-0.00162884
0.000861261
0.000876497
0.0020714
0.00217525
0.00274121
0.00270313
0.00120992
0.000214959
3.72621e-08
2.44452e-07
0.0528149
-4.13284e-06
0.00126972
-0.00152194
-0.000290253
-0.00640284
0.00018879
-0.000286662
1.73922e-05
-0.000620583
1.50338e-05
-3.73811e-05
-0.000828798
-0.000824107
-0.00220305
-9.18564e-05
-0.000115116
7.75603e-06
0.00241699
1.0768e-05
-0.000460328
-3.89165e-06
-2.72185e-06
5.11573e-11
1.0529e-08
0.00264661
0.00029747
-5.64092e-05
-4.59114e-05
-0.00829717
0.000444196
0.0125708
0.0129141
0.000392773
0.000294322
-0.000124402
-1.82068e-05
-0.000249596
0.000257488
-4.71089e-07
-6.66065e-05
-0.000314125
5.04422e-12
2.05253e-08
1.21685e-07
2.77556e-17
0.0024779
0.00241368
0.00152706
0.00244844
8.75203e-05
8.7215e-06
0.000755997
0.000470278
0.00028712
2.02464e-05
0.00115028
-0.000206465
0.00492786
-0.000898446
0.000410515
0.00249076
0.00650115
0.00195526
0.00189219
0.000856065
0.00120066
0.0173078
-0.0168018
0.00123071
-0.00585598
-0.00786447
0.0171772
0.0548796
0.000381609
0.000489014
0.000375612
0.0996383
1.19483e-05
4.86771e-05
0.0835873
0.00609515
-0.00541297
0.000537276
0.0151968
0.00979241
-0.0374951
8.12573e-05
0.00536803
0.0128622
0.000326978
-0.000110146
0.0442238
0.0025507
-0.00180681
0.00626403
0.00683842
0.0112492
-0.000689472
0.00137451
0.00617423
0.0199535
0.00129709
0.00187794
-0.0052957
0.0110463
-0.00024422
-0.00503985
0.0149063
0.00980267
0.00160617
0.000988392
0.00354629
0.0271108
0.00305618
0.000451439
-0.000323218
0.0379458
0.000368462
0.000486929
0.000388842
0.100002
-0.006657
-0.00636927
0.0199197
0.0512997
-3.22712e-06
2.85671e-05
0.084393
0.00593203
0.000186262
-0.000756966
0.0028116
0.0143968
-0.00548249
0.000518928
0.0150805
0.00987288
-0.000564322
3.43802e-05
0.0452241
0.00131325
-0.00105346
0.00135591
0.00606421
0.0141639
-0.00188701
0.00666957
0.0080406
0.0120362
0.000660601
0.00206202
-0.006809
0.0114471
0.00184521
0.00089345
0.00368457
0.0258805
-0.000625264
-0.00434437
0.0174697
0.0107148
0.00290872
0.000638417
0.000111119
0.0364694
-0.00130906
-7.06843e-05
0.0941111
0.00100893
-2.08416e-06
7.51684e-07
0.045093
-3.07935e-05
0.000309673
0.000343665
0.00553116
-0.00378943
0.00011099
0.000634575
0.00098789
-9.16544e-07
1.12902e-05
-0.0230189
0.0468809
0.0012399
-1.7486e-07
-4.06088e-07
0.0608871
-2.18086e-06
0.00163254
-2.8979e-05
-4.62752e-07
-0.000298127
8.22058e-05
0.000688465
-1.68841e-06
0.000693928
-0.00152833
0.00116349
0.0132925
0.0237224
0.00702378
0.00230668
-0.000307173
-0.00285252
-0.000160688
3.69672e-05
0.000160123
0.00511459
0.00528108
0.00156403
0.0039599
-6.45374e-05
0.000299442
0.000311159
0.00077118
0.0237074
0.0083523
0.00190532
0.000106811
-0.000302716
0.000414713
1.09183e-05
-0.00447566
5.96874e-05
0.0484415
0.00167054
0.00220599
0.00169823
-0.000884648
-0.000133268
0.0983277
0.00105732
8.96195e-05
0.000627624
0.000989541
-1.33579e-07
-1.95299e-06
9.38666e-07
0.0447231
-3.44829e-05
0.000269359
0.000250595
0.00248703
-0.00374401
2.27759e-06
-0.0226675
0.0500212
0.00123503
8.21718e-05
0.000684408
-1.08404e-06
0.00069007
-7.81282e-08
-4.78064e-07
0.0608744
-2.29387e-06
0.00176212
-4.73486e-05
-6.48175e-07
-0.000342392
-0.00104366
0.000843246
0.0134701
0.0243185
0.00530995
0.00165886
0.00380738
0.000245351
0.00671201
0.00224732
-0.000388973
-0.00255949
-0.000109636
8.14114e-05
0.000910194
0.00481768
-0.000245168
2.83924e-05
0.00056592
0.0235839
0.0486374
0.00163927
0.00205448
0.00135771
0.00816135
0.00194699
0.000117827
-0.000291517
1.47673e-05
0.00100752
-0.00435208
0.000255836
0.00386795
0.00718745
0.000396049
-0.000702189
0.00444376
0.00156389
0.0217757
0.0016603
-1.56534e-05
0.00255608
-1.18167e-06
-1.15534e-06
-0.00891056
-0.0229083
0.0019076
0.00186019
0.002211
-0.00261956
-0.00220032
9.98266e-05
0.000689038
-2.85937e-10
-2.81388e-06
0.00264589
0.00285656
0.00130159
-0.00107905
-0.000223193
-0.00189499
0.003895
0.0159154
-0.0126957
0.000198008
0.000456128
0.00255417
-0.000999838
0.0197722
-3.02485e-07
0.00264948
0.00267632
-0.000192979
-0.00147283
6.28285e-05
1.1706e-05
0.00645356
0.000422191
0.000275886
-0.000151307
0.00150814
-0.0163477
0.00115258
0.00115478
0.0213529
-0.0222523
0.00351187
0.00462351
0.0045676
0.00211753
0.000826898
0.000917113
0.00211713
-0.0128769
0.000831984
-0.000759604
0.00209544
0.00482072
0.00123834
0.00111634
0.019694
0.00137148
0.00124128
0.000475026
-0.00683963
0.00425828
0.00146707
-0.00174237
0.0098384
-0.00024706
0.00163878
0.00559576
0.00414267
0.00913246
0.000175668
-0.000728527
0.00436852
0.00151587
0.00178433
0.0198815
0.000449891
0.00241994
0.00183986
0.000588065
0.00106456
0
-2.62977e-06
0.00264734
0.00249215
0.00491311
-0.00137138
0.0054324
-0.00105053
0.00396963
0.0141269
-0.0143327
0.00197123
0.00165618
-4.19934e-05
3.70215e-05
0.00500487
-8.32667e-17
0.000193375
0.00128159
0.00545075
0.00131168
0.00290696
1.62249e-05
0.00213678
-0.0127833
-0.000699823
0.000832414
-0.00641034
0.0026771
-0.00108451
0.00260876
0.00936635
-0.000160811
0.00533625
0.00175361
0.00639793
-1.20002e-05
-2.56931e-05
-1.89474e-05
0.000124782
0.00066214
3.92724e-08
1.91329e-07
-0.00353955
-5.12676e-07
-2.75232e-05
0.00148189
0.00104266
-0.000362873
0.000291075
-0.000319366
-0.000114648
-7.2551e-06
-2.77556e-17
-2.77556e-17
-9.78546e-07
4.4036e-07
5.55112e-17
8.32667e-17
-2.91018e-06
0.00047308
0.000217477
-0.000288243
-0.000350639
0.000951688
0.000270069
0.000113972
-8.54643e-08
-1.88636e-07
2.77556e-17
2.77556e-17
3.11013e-06
0.00209046
-5.55112e-17
1.38778e-16
0.00615782
0.00222334
-7.05944e-05
-4.42846e-06
0.0560413
0.00271746
0.00581422
0.00187264
-0.0211616
-0.000936515
0.00023888
0.00023813
0.000944387
8.63082e-05
0.00127106
0.00127602
0.000166353
0.0012173
0.00302837
0.00292862
0.000271435
0.00068068
0.00145917
0.00142757
0.00638406
-3.01548e-05
-7.13975e-06
-2.80612e-05
0.000126105
0.000656438
-1.0886e-08
1.37983e-07
0.00122883
-0.000254831
-0.000358386
-3.61456e-05
0.000954596
-0.000395567
0.000293354
-0.000270229
0.000108027
0.000646104
-0.000302736
0.000209263
-0.000263155
-0.00182451
0.000284179
0.000160997
0.00597871
0.00210675
-1.75023e-05
-4.91586e-05
0.0555189
0.00265898
0.00177539
0.00564004
0.00338578
-0.00657537
0.00160882
0.0131236
0.00265169
-0.00265439
-1.54017e-05
0.000279055
0.00356756
0.0130171
-0.000170985
0.00280216
0.0153479
0.016625
0.00398537
0.00547216
0.0039432
-0.00698015
0.00141617
0.0184601
0.0167065
0.015496
0.00381393
0.00353216
0.00341911
0.0130255
-0.00085288
-0.00158035
-0.000696244
-0.00239835
0.000133915
0.000313085
8.88613e-05
0.000467203
1.35822e-08
0.001675
8.22881e-05
0.000450652
3.6871e-10
0.00162761
1.1355e-05
-9.75164e-05
-9.89914e-06
5.55112e-17
1.30392e-05
-0.000127198
-4.62001e-06
2.77556e-17
0.00168796
0.00132048
-0.00193246
0.000258424
0.000260974
-0.0155228
0.00367071
-0.000829442
0.000124447
-0.0161027
0.00348178
-0.000755742
0.00137742
0.00136663
-0.00253538
0.000136925
-0.000586142
-0.0195926
-0.0141237
0.00275301
0.000168631
-0.0230859
-0.00326137
-0.017534
-0.02803
0.00104574
-0.0164447
-0.00359377
-0.0164989
-0.00472416
-0.000346464
-0.019066
0.00715432
0.00255318
-5.09315e-05
-4.76593e-05
0.00394218
3.84471e-05
4.61673e-05
-6.26797e-05
-6.10036e-05
0.00712605
0.00195586
0.000426281
0.000894062
0.00476899
0.00242379
-0.000432903
0.00713851
0.00252043
-1.03708e-05
2.26567e-05
0.00074825
0.0045701
0.00226482
-0.000468795
-0.000151222
0.00737734
0.00182974
0.000504544
0.00401501
3.64298e-05
4.18884e-05
2.30353e-05
0.000122013
-1.36948e-06
4.74591e-07
0.0006491
-1.20899e-06
0.000118372
0.000642861
6.26297e-07
-7.3405e-08
0.000105269
0.000670178
-2.26371e-07
0.000105245
-1.28925e-07
-2.63853e-07
0.000675227
0.017343
0.00141657
-0.000399889
0.00134569
0.0477909
0.00107391
0.00184554
0.00270628
0.00112964
0.0470211
0.00270373
0.00179427
0.00173833
0.0184378
0.00152751
-0.000358752
-0.000322023
0.00205336
0.00186067
-0.00302717
0.00627316
-0.00346805
-0.00101604
8.832e-05
0.00191246
-0.000369263
-0.00130693
0.00355105
0.00336509
0.000417921
-0.000206568
0.000253425
-1.62491e-05
-0.000187663
0.00163632
-0.000522177
0.00348676
0.000217722
-0.000431345
0.00020798
0.00298471
5.7735e-05
-0.0013749
0.00382045
0.0111112
0.00124676
0.00131459
-7.13587e-05
5.61704e-05
4.7659e-06
0.00259532
0
5.6204e-05
1.42351e-06
0.00252104
-2.96081e-08
0.00190782
-0.00121131
5.17627e-06
0.00323428
0.000369187
0.0142844
-1.11022e-16
0.000377463
0.00827358
0.000846401
0.000535048
0.000485906
0.00217409
0.00902397
0.000338295
0.0040375
0.00225103
0.00861404
0.000482459
0.00428102
0.00839918
0.000741212
0.000592035
0.000492867
0.00314946
0.0101973
4.79185e-05
0.00325729
0.0103028
0.00316568
0.00324277
4.84361e-05
0.00399002
0.0054544
-0.00509373
-0.00348604
0.00634346
0.00797589
-0.00333159
-0.00521146
0.0143384
0.0215406
6.26596e-06
0.0474254
0.0505851
0.00546328
0.0162014
0.0302701
0.02288
-0.0138411
0.0305767
-0.00622046
0.01208
0.0132052
0.00977901
0.0135571
0.0135124
0.00381177
0.00976217
0.0149384
0.00552778
0.021611
0.0159424
0.0233498
-1.06933e-05
0.0362746
0.0135127
0.0216664
0.0512274
0.00281793
0.0021819
0.00888575
0.0160556
0.0236405
0.0304191
0.00105014
0.00954142
0.0123419
0.0124848
0.012362
0.0131451
0.00363425
0.00603813
0.0195383
0.0110664
0.0121515
0.0164702
0.0229103
0.000684965
0.000174854
0.0410345
-4.84676e-05
0.0210379
-0.00360102
0.000635783
-6.31915e-06
0.0326603
-3.5015e-07
0.0622297
-2.20941e-06
-0.000742831
0.00149945
-1.88066e-06
1.05204e-05
-0.00328828
0.0165558
0.000275555
0.00233411
0.00179264
0.0356168
0.00393113
0.00234685
-0.0057778
3.50201e-06
-9.85519e-05
0.000107938
-0.00433741
0.000526565
-0.000461744
0.000218071
-0.00139394
-1.09404e-05
0.000688791
-1.67472e-05
0.0405691
-5.32714e-05
0.0181962
-0.00347952
0.0340386
-3.0441e-07
-1.21678e-06
1.13814e-05
0.0621915
-2.26894e-06
-0.000647634
0.00197538
-0.00319479
0.0156025
0.00443443
0.00209714
-0.000544794
0.00195751
0.00230803
0.0337143
-0.00576418
6.89727e-05
-0.000489169
9.33864e-05
-0.000101079
0.000346256
-0.00460448
3.72146e-06
0.0309655
0.0427622
0.00776296
0.00881245
-0.00037112
1.83758e-05
0.0194703
0.000280491
0.000120196
0.136738
0.000116378
0.137358
2.77556e-17
-1.66533e-16
0.00242157
0.00234049
0.102136
0.00110417
0.0963232
0.000658484
-0.00203365
0.000476851
0.000623478
0.00035306
0.0122558
0.0101869
0.0157905
0.0163129
0.00610325
-0.000493518
0.00971956
-0.0131264
0.00285769
0.01605
0.0023959
0.0180613
-1.11022e-16
-1.83492e-05
0.000136033
0.000217498
0.0468756
0.000829344
0.0516121
1.73892e-05
8.90324e-05
-0.000340693
-0.0013435
0.00146292
0.00574298
0.00962682
0.005684
0.00956386
0.000889869
0.000899525
0.00265679
0.00260993
0.00969395
0.0158263
0.0240771
0.0160196
-9.50695e-05
0.00175414
0.000166215
-7.09992e-05
0.00340906
0.0209646
0.00359624
0.0212464
0.000829299
0.000760438
9.13924e-05
-8.19873e-05
-0.00169306
0.0580256
-0.000273368
0.0254767
-0.000717903
-0.00212066
-0.00221756
0.0119355
0.0304599
0.0401173
0.00776037
0.00934048
-0.00023375
3.31082e-05
0.000214949
0.016596
0.103191
0.0013452
0.099473
0.000667478
-0.00182453
-1.55076e-05
0.000195109
0.000771441
0.0123117
0.00992133
0.0162234
0.0161111
-0.00102421
0.0055636
0.00914987
-0.0131196
0.049284
2.17268e-05
0.054761
-0.00488399
0.000157266
1.29245e-05
0.00249985
0.00175489
0.0108949
0.016374
0.0237924
0.0173219
0.00172473
0.000265492
-0.000157242
0.000196199
-0.00154803
0.057753
-0.000517496
0.0253528
-0.00260653
-0.000711826
0.0133628
-0.00188524
0.0490495
-1.70603e-05
0.0569431
-2.15502e-06
-5.12045e-06
6.2677e-05
3.5735e-07
-3.1481e-06
-0.000103737
-0.00598993
-0.00864471
-0.0028272
0.00189491
0.00594581
0.000397342
-0.000189423
0.000355456
-5.13708e-07
0.000359738
-3.56864e-07
5.55112e-17
-2.77556e-17
0
-9.70622e-10
8.59805e-07
-0.000346604
-4.05202e-06
-0.000343302
0.000192683
-0.000283
-6.79139e-05
-5.37479e-05
-1.02645e-06
5.51242e-06
-9.47097e-07
5.61216e-06
2.102e-09
2.23384e-10
-8.32667e-17
-5.55112e-17
-0.000847922
-0.000884161
-0.00298357
-0.000800831
0.000103131
0.000140633
-0.00230852
-0.00139842
0.0027173
0.00167273
0.00244055
0.00181616
0.000723906
0.000769916
0.00101783
0.00103016
0.00134002
0.000354788
0.00129634
0.000354608
0.00294619
0.00288505
0.00185407
0.0018268
0.0487838
-1.39702e-05
0.0568532
-2.39055e-06
-3.07483e-07
7.1263e-05
-5.17129e-06
2.24833e-07
-0.00322081
-0.00602685
-0.00524766
-0.00280015
0.0114184
0.00406815
0.000307462
-0.000206383
1.25101e-05
-0.000315466
-3.74811e-05
-0.000333393
-0.000318782
0.000189963
-7.01214e-05
-2.78093e-05
-1.59996e-05
-0.00100352
-0.00229642
-2.69751e-05
0.000219035
4.73842e-05
-0.00124634
-0.00258588
0.00147562
-1.19626e-05
-0.00119541
2.43334e-06
0.000468159
0.00214202
9.33658e-05
0.000321125
0.000106381
-4.61942e-06
0.00257299
-9.73888e-07
0.00190724
0.000810864
-0.00100667
-1.66807e-06
9.76521e-11
8.76336e-10
-2.76838e-06
0.00264625
-2.67127e-06
0.00264698
0
-2.77556e-17
0.000548976
0.000520711
0.00168836
-0.00523386
-0.00572898
0.00165587
4.80453e-05
4.8932e-05
0.0160325
0.00477335
0.000530428
0.000457832
0.00438505
0.00507847
0.00497308
0.0153557
-0.000103519
-5.73242e-07
0.000289944
-0.000289684
0.000258399
-0.000261987
-2.26748e-05
-0.000205204
1.87625e-05
-7.53223e-06
0.00029345
-0.000242004
-0.000308985
0.000262478
-3.59899e-08
-0.000109827
2.1164e-08
1.18467e-07
2.77556e-17
1.11022e-16
5.55112e-17
5.55112e-17
1.98916e-08
1.21932e-07
0.00338233
0.00174284
0.00204463
0.00187986
0.00299954
0.00289139
0.00165008
0.00307933
1.80061e-05
0.000472971
0.000155968
7.07152e-05
-0.000962028
0.000252667
0.000286628
-0.00222886
0.00560526
2.93759e-05
-0.000187854
0.000230321
-0.00121238
0.00564784
4.36694e-05
0.00191447
-0.000889379
0.000861214
1.09476e-05
0.00227923
-0.000209926
0.00170043
-0.000467262
-0.000467262
0.00153591
0.00146256
0.00107107
0.00640471
0.00638983
0.00104332
0.00168275
0.00163969
0.0172585
-0.0152783
0.000545597
0.000562998
0.00128065
0.00146093
0.0161543
-0.0161194
-0.0103944
0.00127054
0.0136418
-0.0171311
0.000565825
0.00010005
0.0216581
0.00632257
0.000247602
0.0113046
-1.52551e-05
0.0019715
0.00270121
0.000127166
0.014654
-5.25668e-06
0.0219459
-0.000364173
0.00205943
0.000157543
0.00238994
0.000108493
-0.00379599
0.00113657
-0.00160011
0.00753451
0.00179372
0.00797669
-0.000647838
0.000489323
0.0158822
0.0154195
-0.00495296
0.010984
0.00085165
0.00170407
-0.00451297
-0.00228226
0.000828264
-0.0024107
0.00456999
0.000451907
0.00279485
0.000617534
0.00744092
0.00178158
0.00276084
0.00198138
0.00058482
9.224e-05
0.0207273
0.00447555
-0.0107078
0.00111419
0.0111686
-0.0243283
8.41311e-05
0.00895566
2.31337e-06
0.00223084
-0.000191604
-0.000259316
0.00142182
0.00523953
0.00244127
-0.000309415
0.00726019
-3.10258e-06
0.00590914
-5.05643e-05
0.000718066
0.00808179
-0.000815956
0.000483311
0.0107561
0.00968173
-0.0016737
0.00865548
0.00204019
0.00663181
-0.00536155
0.0121364
0.00068051
0.00158952
0.00368475
0.000611631
0.00240377
0.000511834
-0.00322997
-0.000251303
0.000597079
-0.00313889
0.00857867
0.00185571
0.00247778
0.00276699
0.00963073
-1.26649e-05
0.00088582
7.26605e-06
4.86371e-05
1.62618e-05
2.59119e-06
-7.85023e-06
0.0113639
0.00422026
0.00916412
9.89633e-05
0.00105828
5.55112e-17
0.000115613
0.00064277
4.20551e-05
-0.00105021
0.000968205
-0.00508724
0.000269214
4.77878e-05
-1.05273e-07
-3.35526e-07
0.00312154
-6.12137e-05
-0.0011816
-1.01838e-05
9.36833e-05
0.000682083
0.00102571
-2.77556e-17
0.016619
0.0010169
-0.0130112
0.00382808
0.00800245
-0.00569905
0.0042594
0.00264344
0.00100183
-0.000138246
0.00623187
0.00421163
0.002653
0.00201286
0.0104551
0.00172171
0.00136309
0.0011192
0.0192143
0.00175791
0.00691219
0.00188203
0.0108239
0.00227639
3.49146e-05
0.000139043
0.00076962
-0.000502025
0.0460547
0.00121849
0.0664068
0.000428094
0.0108176
-4.68388e-05
0.000905233
-1.11814e-05
0.000992045
3.76238e-08
0.000110819
0.000636129
5.48038e-05
1.16139e-05
-1.21873e-06
2.54242e-06
0.0150038
0.00327948
0.00906462
8.03732e-05
-0.00172074
0.00137388
0.000958349
-0.00823064
9.37078e-05
0.000677313
0.00102092
-8.32667e-17
0.000292844
4.75637e-05
-9.65363e-08
-5.20248e-07
0.00318292
-8.34756e-05
-0.000953604
-1.18923e-05
0.0156232
0.000890386
-0.0132961
0.00425838
0.00294472
0.00192753
0.0107531
0.00159055
0.00760563
-0.00223678
0.00447166
0.00258198
0.000698481
-0.000213125
0.00680988
0.00471774
0.00173096
0.00100793
0.0217796
0.00195726
0.0460627
0.0011789
0.0661869
0.000425593
0.0072994
0.00181539
0.0104868
0.00228765
-1.82076e-05
0.000261859
0.000301503
-0.00040901
0.00792321
0.00040264
0.00851225
0.0079128
0.00269154
0.00202003
0.00118662
0.00336428
-1.27345e-05
0.00264627
0.00169047
-1.27353e-05
-0.019716
-0.0166404
-0.0159955
-0.02042
0.002184
-0.000208831
-0.00188583
0.00174376
-5.55112e-17
2.66009e-06
1.83651e-05
1.13186e-09
0.00159116
0.00112245
0.00317077
-0.00190216
0.00211216
0.0018048
0.00100702
-0.000251497
0.00200749
0.00132535
0.000410955
0.00100688
0.0203434
0.000331057
0.000360989
0.0203385
0.00143168
-0.000757319
-0.00169639
-0.00190391
5.55112e-17
0.0113356
0.0119571
5.38576e-07
-0.0182446
0.00151742
0.00158055
-0.0181974
-0.0126428
-0.0287318
-0.0293835
-0.0134243
0.00428965
0.00266595
-0.000598942
0.00431387
0.00276433
-0.0197215
0.00149001
0.00169096
0.00210697
0.0043142
0.00457148
0.00215784
0.0228515
0.00101624
0.000304293
0.0223173
-0.00728257
-0.00105598
0.00628018
-0.00203054
0.00941764
0.000469308
0.000313521
0.0119092
0.000729017
0.0140938
0.00553547
0.00839173
0.00311591
0.00117767
-0.00021998
0.00225037
0.00246918
0.000591049
-0.000439838
0.00112651
0.000359383
-8.32667e-17
2.77556e-17
1.9308e-05
-0.00109946
0.00353215
0.00144226
-0.00124675
0.00178413
0.00212706
-0.000456621
0.00084458
0.00116989
0.000324588
0.00302826
0.0022921
0.00586988
1.2993e-08
-4.34614e-05
0.00233154
0.00257373
0.00380963
0.000236527
0.000737431
0.00172291
0.00159252
-0.019249
0.00268064
-0.0022186
0.00642776
-0.000757163
-0.00602291
0.0119458
0.000355571
0.000463985
0.00965369
0.00774356
-3.53913e-05
-3.57234e-05
0.00501602
0.000655628
0.00012442
0.000116695
0.00066865
-0.00502751
5.1573e-05
0.000925519
0.00128181
-0.000219048
0.0015315
0.000700295
-0.000519497
-0.000106101
-8.57211e-06
-5.93812e-06
-0.000121135
-9.83504e-07
4.32283e-07
4.48437e-07
-9.74757e-07
4.86856e-06
0.000269099
0.000507376
2.95962e-06
-0.00185425
-0.000220353
4.73248e-06
-0.000284277
-7.57001e-08
-1.86232e-07
-1.9104e-07
-9.36292e-08
3.93671e-06
0.00257647
0.00253939
2.28238e-06
0.00681053
0.0020482
0.00230795
0.00518093
0.0415766
0.00317465
0.00255686
0.0505188
-0.0190578
0.000653826
0.000246756
-0.0197413
-0.000247116
0.000819849
0.000820845
-0.000185546
0.000180463
0.00139785
0.00133483
0.000158667
0.000700289
0.000272994
0.000248869
0.000737004
-5.70141e-06
0.00769579
0.00504448
-4.58338e-05
0.000127624
0.000649615
0.000663271
0.000116472
0.000899359
-0.000912638
1.51345e-06
-0.0043218
0.00151621
-0.000235761
-0.000470478
0.000653582
9.84034e-05
0.00064396
0.00039004
0.000109978
-0.000133182
8.88952e-05
-0.000248711
5.78337e-05
0.00502223
0.00222183
0.00197221
0.00725083
0.0503479
0.00259402
0.00333631
0.042622
0.0421628
0.0681428
0.000500676
0.00809493
0.0994679
0.000331387
0.00845104
0.104475
-0.00156729
0.00582738
0.0137731
-0.00360417
0.0174811
0.0236289
-0.0022749
0.00172343
0.0146912
0.0095218
0.00585763
0.0960256
0.00155484
-0.00407565
-0.00301255
0.00392298
0.000113212
-0.00228201
-0.000707934
8.51581e-05
0.098612
0.0949275
0.00222256
0.00202511
-0.000364682
0.01081
0.020601
0.00825728
0.0283455
0.00169841
0.00494191
0.0214388
0.000123882
0.000875026
0.000599032
0.00248906
-0.00283336
-0.00338583
0.00764565
-0.00117058
0.0162622
0.00667516
0.0124478
0.00661228
0.00860834
0.00874575
0.00834596
0.0142942
0.000881292
0.00115713
0.0106727
0.00510796
0.028303
-0.00504039
0.0101092
0.00960401
0.0425984
0.00828386
0.00129034
0.0688878
0.0170569
0.00180078
-0.00161212
0.0230153
0.00250701
0.00483132
0.0141738
0.0111351
0.101124
0.102378
0.0160139
0.000673722
0.0170336
0.00477434
0.0123524
0.00780353
0.0295338
0.00706267
0.0082907
-0.003291
0.00225868
0.0070892
0.00815156
0.00453431
0.00857462
0.0144762
0.00875317
0.00925832
4.87254e-05
0.00800189
0.0204451
0.0102751
-0.00132716
0.00407724
0.00789848
-0.0015355
-0.00072093
0.000779923
-0.00100291
-0.00106678
0.0266585
0.0209278
0.0033495
0.00448787
0.0133703
0.100848
0.00509795
0.00702755
0.100809
-2.4874e-05
-0.000568738
0.0987584
1.64119e-05
-1.87972e-05
0.000734047
0.00180784
0.00066626
0.00134177
-0.00278139
-0.00203897
0.00136888
0.000480706
0.000710592
0.00945795
0.000112099
-1.22575e-05
4.37827e-05
0.000465216
-2.74512e-06
-2.79113e-06
0.00169414
0.00260118
0.000594454
0.0035954
0.00189337
0.000343012
-0.00115553
0.00660322
0.000754205
0.000476879
0.000844959
0.000709361
0.0020037
0.00358435
-2.69656e-06
0.00261198
0.00165946
-2.65052e-06
0.00011019
0.000455287
3.82776e-05
-1.22579e-05
0.00167067
0.0016507
0.000408219
0.000136656
0.000358667
-0.000110374
-0.000101809
0.000674639
0.0026468
0.00264716
-9.2343e-06
-7.9136e-06
0.00285956
0.000872889
4.76778e-06
0.00318946
0.00171615
-6.04672e-05
0.000405529
0.00168962
0.00280576
0.00299942
1.17441e-05
0.000833923
0.00264643
-6.59661e-06
-5.27907e-06
0.00264607
0.000356526
0.000671673
-0.00012418
-0.000118091
0.0121476
0.00760065
0.00116706
0.00614604
0.0163293
0.00314956
0.00332649
0.0177601
0.000745812
-0.0161675
-0.00794401
-0.0160245
0.00673297
0.00682163
0.00129201
0.00256345
0.0250739
0.00849143
-0.0134293
0.0168853
0.00315403
-0.0200156
-0.0164831
0.00499305
-0.00830975
-0.00706603
0.00240873
-0.000169868
0.0166817
0.0213706
0.00562773
0.00136283
0.0273118
0.0157816
-0.0137691
0.0086058
0.0169123
0.00133287
0.00536256
0.0222805
-0.00859228
-0.000371149
0.00202898
-0.00685234
0.002923
0.00479511
-0.0172707
-0.0202607
0.0119729
0.00567656
0.00103387
0.00813686
0.0067217
0.0025557
0.00104538
0.00672463
0.00073362
-0.0160001
-0.0106089
-0.0161369
0.016541
0.0177764
0.00317917
0.00320223
0.0486622
0.0157465
-0.0330024
0.0853674
0.027435
0.0250741
-0.0117589
0.0490467
0.0148502
-0.0200665
-0.0149194
0.0203832
0.156013
0.116121
-0.0154128
-0.010488
0.019017
0.0105222
0.00988482
0.0124049
0.0141252
-0.00712953
-0.0164719
0.0175962
0.00935891
0.0046889
0.00537205
-0.0226765
0.00789106
0.0216549
0.00457929
0.0045512
0.0210078
0.0137665
0.00712536
0.00632278
0.00783026
0.00443192
0.00385874
0.0218018
0.00940814
-0.0223717
-0.00175118
0.00480937
0.0141222
0.0146727
-0.0186956
-0.00556808
0.0480824
0.0862781
-0.0358537
0.0134565
0.156654
-0.0102163
-0.0169444
0.116813
0.0144891
0.0190664
-0.0175937
-0.0204557
0.0256283
0.0456689
-0.0152994
0.0227316
0.0365238
0.0430599
0.00813722
0.00407949
0.0510151
0.00721986
0.00739268
0.047072
0.000178056
-1.23552e-05
-0.000176962
-0.000116307
-0.00649564
-0.00437976
0.00182941
0.00157416
0.0588611
0.00238821
0.00367627
0.0609395
0.000189453
0.000195796
-6.07283e-05
-4.55136e-05
0.000277052
-2.47736e-05
0.000107832
0.000620449
0.0549625
0.0589148
0.00460517
0.00551428
-0.00501149
-0.00467103
0.00704568
0.00830075
-0.00240383
0.00607716
0.0070022
-0.00351834
-0.000262396
0.000224692
0.00250289
0.00213466
-0.000288989
0.00191059
0.00180698
-0.000284422
0.0037386
0.00286673
0.00567094
0.00163543
-0.00490965
0.000591068
0.00333581
-0.000102545
-0.000403114
0.00219439
0.00190756
-0.000705528
-0.00126059
-0.000155227
0.00446216
0.00558497
0.0359831
0.00396843
0.00809842
0.0426421
-0.00638781
0.0015246
0.00184727
-0.00440359
0.000305983
-1.09368e-05
-0.000141474
-3.4438e-05
0.0507993
0.0467547
0.00736161
0.00723869
0.00381886
0.00221245
0.00531297
0.00305433
-0.000409829
0.005312
0.00425843
0.000542748
-0.000238414
-0.000699349
0.00170247
0.00217236
-0.00480947
6.58383e-06
0.00303593
0.000524863
-0.00498605
0.00829121
0.00735225
-0.00469054
-0.000313626
-0.000187685
0.00175358
0.00192479
-0.000323748
0.00204387
0.00256331
0.00036383
-0.0015938
-0.00290783
0.00729951
0.00610707
0.0587775
0.0609568
0.00375685
0.0024825
0.0548345
0.00554322
0.00462036
0.058863
0.000252415
0.000763148
0.000236429
-4.57508e-05
0.000195518
-4.04164e-05
7.89882e-05
0.000307318
-5.79282e-05
0.000112303
0.000117325
-4.11819e-05
-4.74206e-07
-9.81025e-07
0.000644953
0.000638123
2.08446e-08
0.000658906
0.000652792
4.36321e-07
-1.12183e-05
-2.34334e-05
0.000123744
0.000124637
-7.01098e-05
-4.53488e-05
0.000113258
0.000100071
-9.0269e-06
0.000126857
0.000123674
-2.34842e-05
2.02084e-08
4.44398e-07
0.00064669
0.000653048
-3.95784e-07
0.000631558
0.000638521
-9.76649e-07
-3.74233e-06
8.67201e-05
9.94082e-05
-2.32631e-06
-9.67335e-07
-8.05822e-08
0.000673674
0.000679932
1.21809e-07
0.000659977
0.00066654
-1.87434e-07
-3.13922e-06
-2.61951e-06
0.00011062
0.000121442
-4.30682e-06
-2.41431e-06
9.93187e-05
8.60878e-05
-3.53441e-06
0.000120942
0.000110682
-2.49799e-06
1.21565e-07
-1.89838e-07
0.000671746
0.000665509
-1.00701e-06
0.000684229
0.000678558
-8.95467e-08
0.042748
0.0195389
0.0166786
0.00840388
-0.00295593
0.052293
0.027471
-0.000725129
0.00490408
0.00142569
0.00173635
0.00811485
0.00298227
0.00267947
0.00261388
0.00204506
5.6186e-05
0.0464098
0.0491561
0.000490745
0.00410021
0.00316033
0.00235153
0.00287714
0.00427646
0.00439836
0.00403398
0.00428323
-0.0014772
-0.000462122
0.0490403
0.0540394
-0.000121426
0.00012668
0.0488793
0.0466422
-0.000512496
0.0540649
0.0490313
7.5476e-06
0.00418967
0.00417315
0.00400652
0.00436544
0.00402764
0.00285029
0.00227727
0.0030768
0.0422326
0.0088425
0.0171501
0.0182715
0.00306592
0.00206567
0.00273514
0.00290866
0.00474825
0.00765443
0.00190565
0.00148757
-0.00181709
-0.000896046
0.0292867
0.0527148
0.0388983
0.05078
-0.00154512
-0.000139842
0.0500803
0.000634609
0.00268431
0.045657
0.000320618
-0.0028681
-1.80598e-05
-0.00107036
-0.000301104
-0.00036565
0.00091375
-0.000200762
0.0309796
0.0136229
0.00644958
0.0385309
0.0195797
0.00881056
0.00561617
0.0134362
8.87562e-05
-0.0015772
-0.00123155
0.0021504
0.0469894
0.0445699
-0.00282616
-0.00104563
0.0218383
0.0108176
0.00370546
0.0125142
-0.00221398
-0.00753508
-0.000816583
0.000502944
0.00171759
0.00462217
0.00140624
0.00272047
0.0137657
0.0141114
0.00183554
-2.69319e-05
-0.00528965
0.00957989
0.00786038
-0.00466207
-0.000822772
-0.000226173
0.00154579
0.00177696
-0.000273844
0.00338046
0.00329349
0.000660763
-0.0031352
0.00280056
0.00221481
-0.0060156
0.0396486
3.81698e-06
-0.00355419
0.0502377
-0.000246925
-8.72945e-05
-0.00016591
-0.000356047
-0.000179711
0.00124936
0.00151958
-0.000968089
0.0531301
0.048358
0.00181098
0.000856864
-0.00520879
-0.0048337
0.00747263
0.00919268
-0.00289099
-0.006208
0.00194061
0.00262752
0.0007349
-0.000682721
0.00395025
0.00224267
-0.00079128
0.0018398
0.00146102
-9.94896e-05
0.0226786
0.014538
0.00488244
0.0118383
0.0139309
7.92083e-05
0.00180739
0.0154788
0.00396418
0.00159931
0.00170335
0.0108273
-0.00223028
0.000753044
-0.000172728
-0.00772592
0.0307953
0.0425619
0.00995041
0.0135743
0.0502649
0.00260963
0.00215002
0.0471445
0.000284467
0.00345948
0.00198968
0.00217574
0.0192158
0.0133949
0.0080743
0.00723455
1.00991e-05
0.001379
0.000546141
0.00172201
5.53736e-06
3.52465e-06
4.3513e-06
0.00034972
-0.000670456
0.000143417
0.00258589
0.00233342
-0.000396606
-0.0141994
0.00830073
0.00867015
1.09338e-05
0.00170846
0.000539513
0.0013724
-0.00270744
0.0058324
0.00547478
-0.0163157
-0.000780893
0.00231492
0.00253022
-8.27582e-06
5.58722e-06
0.000347841
1.85294e-06
2.69626e-06
0.0030338
0.00223249
0.000910196
0.00231547
0.00289649
0.00162058
0.00195782
0.00269799
0.00423545
0.00149105
0.00227981
0.000513223
-0.00243731
0.00228907
0.0020355
0.00471279
0.00120225
-0.00318099
0.0157498
0.0399559
-0.000893522
0.00836729
0.0129923
0.00241586
0.00103544
0.000355394
0.000394209
-4.00903e-06
0.0029965
0.00422154
0.000688031
0.00134828
0.000161619
0.0122742
0.0396335
0.0661707
0.0257316
0.0110551
0.00949796
0.0261155
0.00268738
0.00224204
0.00109279
0.00160418
0.00254404
0.00138768
0.00117618
0.00195307
0.0249111
0.0067273
0.00896333
0.0323049
0.00409647
0.00314106
0.00266652
0.0042343
0.00821024
0.00623855
0.00462009
0.00597885
0.0410704
0.0534536
0.0146751
0.0171519
0.0239416
0.0313295
0.00832157
0.00669682
0.0421876
0.0179152
0.0144118
0.0518725
0.00811682
0.00594168
0.0048284
0.00622707
0.00407728
0.00445259
0.00274234
0.00308346
0.000226161
0.0658026
0.0394452
0.0123128
0.00251048
0.00190254
0.00111544
0.00119391
0.00262387
0.00155591
0.00113412
0.00221781
0.0268242
0.0265294
0.00931891
0.01115
0.0416756
-0.00727111
0.015434
0.00265094
0.0191295
0.022173
0.0184582
0.0145271
0.0188548
0.0191433
0.00301054
0.000513826
0.0191169
0.00996367
0.00247871
0.0142139
0.0405542
-0.000666943
0.0118436
0.0184621
0.0180505
0.0129874
0.00247197
0.00983516
0.0183573
0.000560261
0.00301231
0.0177651
0.020112
0.016269
0.0181925
0.0226237
0.0216534
0.0281212
0.00670237
0.011191
0.0177726
0.0225552
0.00865879
0.0243059
-0.0150924
-0.01489
-0.00275438
0.00255249
0.0147249
0.00512703
-0.00172459
-0.0130541
0.0250591
0.0130204
0.00664453
0.0303965
0.0151556
-0.0120517
-0.00100094
0.00632653
-0.0147231
0.00254183
-0.00270099
-0.0134359
0.0175198
0.0251724
0.0149825
0.0227839
