-0.764053
0.195
-2.055
-0.775
0.435
2.23365
-0.735494
0.685
-2.135
-0.775
0.905
2.21915
0.764054
0.195
-2.055
0.775
0.435
2.23365
0.735
0.685
-2.13553
0.775
0.905
2.21915
-0.00321457
0.104693
0.0549228
0.00771214
-0.00321495
0.103674
0.0552654
0.00786148
-0.0187503
-0.00629149
0.0211431
0.0979057
0.0573418
0.0185915
-0.000741281
-0.0153985
0.00251813
0.013129
0.0830078
0.0346859
-0.00308247
-0.0202787
-0.00633091
0.0155139
0.0394414
0.0227013
0.00876296
-0.0249023
-0.0451186
0.018696
0.035243
0.0372672
0.00406847
-0.028768
-0.0486815
-0.0648508
-0.0232302
-0.0124636
0.0111343
0.110221
0.0411041
0.00457241
-0.00979311
-0.0198355
-0.0193928
-0.0302097
-0.0132838
-0.0346466
-0.0532081
0.0175843
0.0361767
0.0402007
0.000935307
-0.0347568
-0.0542031
-0.069727
-0.0232167
-0.0124615
0.0110263
0.109544
0.0408472
0.00438235
-0.00998881
-0.0198159
-0.0195179
-0.0303803
-0.0132489
-0.0347322
-0.053345
0.0176517
0.0362692
0.0403018
0.00096592
-0.0348043
-0.0542913
-0.0698404
-0.0187166
-0.00626446
0.0209464
0.0970026
0.0567119
0.0181449
-0.00114865
-0.0153374
0.00261152
0.0131053
0.0820783
0.0341413
-0.00345281
-0.0206462
-0.00622927
0.0156879
0.0397605
0.0225485
0.00845235
-0.0251713
-0.0454184
0.0188205
0.0354056
0.0374229
0.00408654
-0.0288923
-0.0488743
-0.0650848
0.0241648
0.0171447
0.176632
-0.0458792
0.0190557
0.0203763
-0.00418759
0.0755918
-0.0183095
-0.0301257
0.0243693
0.0762014
-0.0461055
0.0420595
0.076032
-0.0299803
0.00498247
0.0739778
0.112964
0.0989414
0.252168
0.0335954
0.23912
0.432571
0.00501207
0.0742201
0.098629
0.0338465
0.143962
0.144192
0.0673366
0.156283
0.146337
0.0765511
0.0766947
0.168628
0.510417
0.0398589
0.0398156
0.186982
0.124604
0.0021626
-0.0497031
0.0171295
0.0451102
-0.0353754
0.0190715
-0.0409182
0.0274667
-0.0246541
0.0517671
-0.0743373
-0.0184588
-0.0766291
0.0171858
-0.0491858
0.0445688
0.0190186
-0.0353637
-0.0409174
-0.0249552
0.0279518
0.0521603
-0.0184997
-0.0745866
-0.0766375
0.0988313
0.000840927
0.0352236
0.118118
0.0539456
0.00902895
0.102422
0.252045
0.0653482
0.0837944
0.0442846
0.227473
-0.00852383
0.057559
0.0226477
0.409743
0.0985689
0.118118
0.000848291
0.0353403
0.0850945
0.251274
0.00907154
0.102827
0.0657383
0.227403
0.0840866
0.0445801
-0.0084165
0.409804
0.0575787
0.0228391
0.109179
0.128326
0.0408914
-0.0564253
0.159301
0.0934392
0.000398195
-0.00455623
0.190586
-0.0108283
0.0512967
0.178263
0.125872
0.115214
0.0963566
0.162462
-0.0183374
-0.0140018
0.014535
0.0895627
0.109487
0.12835
0.145254
0.0812561
0.000348263
-0.00458939
0.0521586
0.185595
0.0967101
0.162531
0.0145823
0.0896136
0.0405042
0.169052
0.099062
0.0753795
0.16214
0.14077
0.0778796
0.0904267
0.19645
0.207167
0.0737627
0.514664
0.163362
0.457714
0.488194
0.296514
0.040583
0.169056
0.09945
0.0755883
0.0779738
0.0896408
0.0739174
0.514715
0.112846
0.0930229
0.0900131
0.0747192
0.10543
0.0752533
0.090329
0.0862244
0.0527228
0.0453689
0.164052
0.17534
0.101852
0.15781
0.157902
0.101789
0.0169309
0.0823685
0.080535
0.0159046
0.0378648
0.0461435
0.0685458
0.0787814
0.0379671
0.0790039
0.0686303
0.0461638
0.143588
0.14359
0.198455
0.198506
0.432328
0.496809
0.496855
0.432248
0.0830484
-0.0140966
-0.021724
0.0364058
0.084384
0.036957
-0.0217318
-0.0136321
0.203722
0.206503
0.174832
0.180795
0.261845
-0.0312466
-0.0312246
0.261887
-0.0131338
-0.0132029
-0.0199723
-0.0199557
-0.0571682
0.0148029
0.0110975
-0.00292898
0.0190748
-0.0230184
0.032
0.0253461
0.0231253
-0.0350379
-0.000338442
-0.0397917
0.0149577
-0.0571378
-0.00529516
0.019
-0.00302322
-0.0230617
0.0255373
0.0321371
0.0235097
-0.00032549
-0.0350441
-0.0398183
-0.00562253
-0.00118831
0.0159569
0.120769
0.0565427
0.0106337
0.103972
0.239023
0.0601571
0.0717097
0.0496099
0.174145
-0.000534814
0.0358813
0.0152817
0.25672
-0.00562293
0.140894
-0.00118027
0.0160194
0.0898668
0.239899
0.010668
0.103732
0.0605199
0.174094
0.0720267
0.04993
-0.000425255
0.256776
0.0359642
0.0154495
-0.0418645
0.0531993
0.0711226
0.0972127
0.0171242
0.0171653
0.0300334
-0.0147961
0.177743
0.163705
0.16663
0.102757
-0.0364647
-0.0590831
-0.0221953
-0.00791566
0.0190637
0.0190372
0.158551
0.042789
-0.0176584
0.0413658
0.0375716
0.170365
0.00304691
0.00292144
0.0892481
0.0553498
0.0695896
0.0704804
0.0892908
0.144195
-0.00324142
-0.00319347
-0.0278302
-0.0795574
-0.0510634
-0.0165154
-0.00285356
0.0498645
-0.0428525
0.0532618
0.0713902
0.0971239
0.05877
0.0903287
0.145215
0.231222
-0.0365191
-0.0593455
-0.0222316
-0.00796538
-0.0177129
0.0681093
0.0409909
0.173168
0.0700712
0.0708915
0.0896958
0.144294
-0.0510406
-0.0164306
-0.00284163
0.0499469
0.00308947
0.00704873
0.0227662
0.169391
0.0551603
0.0904753
0.0711067
0.0747748
0.116269
0.116269
0.10306
0.12685
0.102815
0.0736726
0.0775233
0.0947759
0.256751
0.256568
0.21037
0.217147
0.0389658
0.0282043
0.0562698
0.304525
0.243629
0.243583
0.146863
0.348397
0.433382
0.433409
0.471036
0.372613
0.0032934
0.00705394
0.0228107
0.179021
0.0553424
0.0907243
0.0713507
0.0750031
0.102759
0.0736139
0.0775903
0.0944408
0.0392394
0.0284314
0.0564683
0.304724
0.135969
0.151175
0.152129
0.134739
0.136218
0.144349
0.152458
0.134965
0.0955478
0.0803879
0.0744133
0.0822155
0.145519
0.15964
0.159664
0.162112
0.137366
-0.0979307
0.165611
0.137518
0.0593556
0.0760513
0.0773981
0.0854335
0.0594877
0.0762359
0.0775237
0.0855385
0.16962
0.15469
0.18253
0.169621
0.522255
0.521486
0.49929
0.522273
0.0210447
0.0540596
0.0282447
0.0555563
0.02089
0.0554526
0.0281655
0.0554036
0.192111
0.181024
0.186292
0.197252
0.0293029
0.114092
0.114119
0.213935
-0.00119681
0.00114703
0.00726887
-0.00121339
0.0154635
0.0107394
0.0359468
0.00347388
0.107463
0.0513108
-0.0247675
-0.016134
0.156843
0.0399785
-0.0276422
0.163998
0.0565825
0.0887421
0.0598252
0.0413765
0.0677307
0.112234
-0.0479639
-0.0304597
-0.034103
-0.0809136
-0.0404979
-0.0465712
0.0322779
0.000518653
0.00925706
0.0107736
0.103614
0.0480168
0.15763
0.0399494
-0.024366
-0.0161932
-0.0271264
0.159085
0.0596661
0.039033
0.0569398
0.0880854
0.0681314
0.112225
-0.0341051
-0.0809848
-0.0480059
-0.0305045
-0.0404691
-0.0465784
0.0958877
0.183289
0.019361
0.145083
0.0365193
0.0365457
0.112924
0.130847
0.0680864
0.191026
0.0275632
0.19574
0.0484159
0.0857875
0.213183
0.21944
0.0808826
0.13896
0.087211
0.081281
0.0640631
0.301669
0.14571
0.333025
0.0189106
0.219036
0.0640739
0.047973
0.0484237
0.28445
0.464842
0.339713
0.0921512
0.165536
0.109247
0.130848
0.0194159
0.159966
0.0349317
0.03666
0.0763554
0.194548
0.213105
0.220689
0.0275798
0.200058
0.0484361
0.0841381
0.0812391
0.139037
0.145733
0.332962
0.0875183
0.0815365
0.0643161
0.301897
0.0189604
0.219126
0.46489
0.339812
0.0641263
0.047979
0.0485658
0.28461
0.0615662
0.0796997
0.0349715
0.147127
0.0468071
0.0431302
-0.0570389
-0.0570061
0.14519
0.143485
0.114577
0.101792
0.00506794
-0.00906071
-0.00459889
0.00289132
0.181815
0.205958
-0.0120073
-0.0120156
0.0736456
0.0182226
0.191164
0.186544
0.127797
0.127789
0.0867389
0.0866067
0.0912362
0.0917372
0.126185
0.162766
-0.0250123
-0.0250032
-0.0169871
-0.0169788
-0.00260486
0.0244006
0.179349
-0.00341048
0.0614408
0.0796655
0.146999
0.0306683
0.134317
0.133081
0.081438
0.0907617
-0.00909277
0.0057089
-0.00462375
0.00286646
0.0739862
0.0201337
0.196247
0.180443
0.0920786
0.0933324
0.162706
0.126393
0.0244168
-0.00259981
-0.0032196
0.179426
0.0391836
0.0433069
0.156329
0.183788
0.093411
0.10544
0.0574265
0.0879807
0.164917
0.16874
0.142944
0.142945
0.0628597
0.0826849
0.0984768
0.0539127
0.198255
0.198281
0.205481
0.206839
0.0711869
0.0762739
0.516356
0.506787
0.164725
0.16475
0.469094
0.469058
0.497838
0.497851
0.286996
0.287065
0.0392749
0.0433523
0.156332
0.183765
0.105706
0.0898691
0.0575989
0.0881582
0.0827215
0.0629143
0.0974135
0.0539166
0.0764622
0.0713077
0.506829
0.516413
0.00504681
0.151814
0.140526
0.0169345
0.0128694
0.0538691
0.139331
0.149176
0.0766376
0.0851065
0.140171
0.0915395
0.0438752
0.069625
0.142734
0.0830414
0.00292119
0.0159777
0.134979
0.138688
0.0442597
0.0834437
0.142705
0.0692579
0.0769795
0.0918447
0.140773
0.0854861
0.0124657
0.136746
0.134017
0.0532231
0.0341728
0.0329901
0.105062
0.125896
0.031329
0.203616
0.0761946
0.0311557
0.153637
0.106153
0.0864886
0.177361
0.119767
0.107435
0.092004
0.107992
0.0799173
0.132674
0.148177
0.0899275
0.134584
0.146366
0.164465
0.14355
0.134628
0.143635
0.16449
0.146384
0.0798954
0.0898917
0.148189
0.132801
-0.00821666
0.0509828
-0.0974319
-0.0151991
0.046998
0.0193009
0.156577
0.117504
0.0465251
0.117348
0.156522
0.0191273
-0.00798493
-0.0152031
-0.0974701
0.0510089
0.0176447
0.0210676
0.0584027
0.0562107
0.0325201
0.0639171
0.0611065
0.0251648
0.0427845
0.0523461
0.084059
0.079225
0.0678967
0.0892097
0.0867184
0.0601629
0.0177002
0.0563766
0.0585557
0.0211293
0.0681841
0.0603938
0.0868589
0.0894209
0.0428938
0.0792371
0.0841304
0.0525176
0.0324884
0.025195
0.0611878
0.0639478
0.132915
0.129607
0.156282
0.157233
0.150437
0.169475
0.156283
0.129607
0.215296
0.21319
0.183938
0.189545
0.213666
0.182584
0.18395
0.213247
0.264574
0.30308
0.533632
0.356257
0.268817
0.47613
0.510018
0.296075
0.268935
0.296254
0.510033
0.476151
0.264465
0.356217
0.533646
0.303294
0.0722225
0.0565668
0.0870298
0.108005
-0.038064
-0.0147579
0.0275155
0.00528696
-0.0557608
-0.0208383
0.0107979
-0.0335292
0.0274416
0.0634289
0.0412186
0.00936579
0.0919036
0.106559
0.0869226
0.0650743
0.0275076
0.00942504
0.0415462
0.0634067
-0.0557114
-0.033573
0.0107665
-0.0208027
-0.0379115
0.00445362
0.0288071
-0.0143062
0.211825
0.219738
0.193657
0.181321
0.220598
0.186621
0.196747
0.218909
0.149126
0.158089
0.186361
0.168853
0.151276
0.172994
0.194815
0.157695
0.233476
0.138085
0.203957
0.366605
-0.0389974
-0.0310596
0.0195789
-0.0180374
-0.0389992
-0.0180192
0.0195909
-0.0310606
0.233608
0.366668
0.204002
0.138161
0.0334591
0.04148
-0.00172593
-0.00838245
0.033501
-0.00841059
-0.00173836
0.0414711
-0.0847403
-0.0802097
0.00506767
-0.00310823
-0.0847235
-0.00306097
0.0050801
-0.0802042
-0.0664192
0.00528365
-0.00546378
0.00480996
0.0190722
0.00451894
0.00513134
0.0145344
0.00851871
-0.0144291
-0.00393508
-0.0179081
0.00558871
-0.0663412
-0.00237751
0.0189909
0.00481002
0.00458616
0.0142005
0.0198233
0.00892448
-0.00377442
-0.0144288
-0.0172818
-0.00458889
-0.00220174
0.00632708
0.12487
0.0463217
0.092731
0.10427
0.235653
0.0575633
0.0638703
0.0522561
0.137389
0.00343958
0.0226929
0.0115115
0.133073
-0.0045924
0.142158
-0.00219507
0.00635661
0.0831641
0.166132
0.0928003
0.10403
0.0579163
0.137307
0.0642046
0.0525893
0.00357811
0.133219
0.0228035
0.0116634
-0.0353502
0.0558336
0.0490629
0.0795788
0.0171345
0.017155
0.0246628
0.0205511
0.177024
0.176479
0.171872
0.108731
-0.0404222
-0.0517299
-0.0331809
-0.00959537
0.0190598
0.0190465
0.144721
0.0432347
0.00385
0.0368791
0.0283668
0.167403
-0.000668049
-0.000735509
0.0639953
0.0254602
0.0737306
0.0730996
0.0832207
0.140636
-0.000327563
-0.000324696
-0.0323939
-0.0587897
-0.0425305
-0.0208804
-0.0129262
0.0231
-0.0353286
0.0558176
0.0492865
0.079578
0.0692026
0.0827615
0.145679
0.233864
-0.0404513
-0.0517912
-0.0332116
-0.00965338
0.00409106
0.0552835
0.0421311
0.170709
0.0741799
0.0735225
0.0836436
0.140701
-0.0424042
-0.0207505
-0.0128526
0.0231839
0.00411936
0.0060389
0.0138389
0.176664
0.064851
0.0844477
0.072373
0.0744736
0.114599
0.114599
0.107995
0.11989
0.103032
0.0830406
0.0767813
0.0916954
0.254536
0.254598
0.21733
0.225481
0.0362912
0.0308994
0.0455504
0.169738
0.241217
0.241194
0.181989
0.293742
0.435184
0.435196
0.454622
0.405561
0.0043655
0.00603733
0.0138805
0.19343
0.0650618
0.0847201
0.0726175
0.0747177
0.103057
0.0828936
0.0768476
0.0915287
0.0365517
0.0311405
0.0457745
0.169951
0.144647
0.147033
0.148264
0.143779
0.144877
0.143907
0.148541
0.144007
0.107121
0.0738622
0.0709919
0.074227
0.151495
0.15809
0.158102
0.15973
0.141765
0.0755994
0.170791
0.14194
0.0677735
0.0763893
0.0770655
0.0854645
0.0678966
0.0765612
0.0772121
0.0856284
0.169115
0.16165
0.17557
0.169116
0.516163
0.515969
0.504839
0.51617
0.0308816
0.0457347
0.0343958
0.0494925
0.0308381
0.047118
0.0343643
0.0494212
0.185587
0.183493
0.186636
0.192302
0.0774037
0.122231
0.122244
0.170157
0.000482902
0.00118683
0.00718361
0.000474606
-0.0506191
-0.044993
-0.0121961
-0.015128
0.017123
0.0171179
0.0276173
0.0188224
0.0261217
0.161907
0.104795
0.0508767
-0.0503861
-0.0342649
-0.0278742
-0.0176341
0.0190754
0.0190677
0.144634
0.0420647
-0.0486002
-0.0329895
-0.0340114
0.155887
0.0344589
0.0309122
0.0443452
0.0786087
0.0357548
0.00641259
0.0335001
0.000988354
0.0384438
0.0618634
0.0607955
0.109327
-0.0555058
-0.0671074
-0.0615648
-0.0357115
-0.000336359
-0.000332174
-0.0352296
-0.0578582
-0.063187
-0.0622296
-0.050366
-0.0579819
0.0171799
0.0171755
0.0257909
0.0188658
-0.0507258
-0.0449245
-0.013383
-0.0149626
0.02546
0.0518629
0.103167
0.0499417
0.0190094
0.0190279
0.145048
0.0420518
-0.0487265
-0.034202
-0.0277038
-0.0176882
-0.0485999
-0.0330326
-0.0337519
0.151974
0.0356648
0.00623436
0.0339688
0.000673736
0.0347937
0.0310758
0.0447265
0.0782187
0.0388191
0.0622812
0.0611939
0.109305
-0.00032541
-0.000325257
-0.035226
-0.0578609
-0.0555076
-0.0671595
-0.0615702
-0.0357705
-0.0631527
-0.0621607
-0.0503425
-0.0579825
0.0135976
0.134039
0.0973564
0.153891
-0.000174554
0.00182073
0.0101289
0.150615
0.0256011
0.0457581
0.0360555
0.0358862
0.119479
0.117938
0.116265
0.124477
0.0552889
0.0474425
0.0614905
0.180474
0.0100857
0.00805608
0.0182817
0.20685
0.103602
0.102334
0.0929341
0.0989216
0.253955
0.258354
0.220538
0.231421
0.0627523
0.0679428
0.0739058
0.133648
0.0783633
0.0878419
0.0855596
0.0825306
0.0469507
0.0416232
0.0548346
0.174263
0.204431
0.240447
0.172193
0.280948
-0.00452407
-0.0125687
0.00696281
0.143039
0.0475015
0.06614
0.0608252
0.0526528
0.0190732
0.0254578
0.0362816
0.154221
0.376693
0.426155
0.439875
0.375205
0.0136116
0.0963863
0.0954649
0.132301
0.119481
0.117938
0.114427
0.124477
-0.000166253
0.00187701
0.010155
0.176949
0.0256962
0.0459134
0.0353204
0.0360029
0.0878197
0.0740858
0.0891612
0.185246
0.248849
0.258538
0.220447
0.229409
0.0100778
0.00806194
0.0182949
0.211147
0.0945167
0.102102
0.0928806
0.106429
0.0631264
0.0683506
0.0742878
0.133741
0.204369
0.240397
0.172133
0.280902
0.0786743
0.0881098
0.085856
0.0828028
0.0472587
0.0419069
0.0551047
0.174512
-0.00443115
-0.0124907
0.00703557
0.143128
0.376777
0.426203
0.439926
0.375284
0.0475487
0.0661229
0.0608606
0.0526689
0.0192564
0.0256622
0.0364396
0.154407
0.0908358
0.121654
0.0692388
0.111423
0.114271
0.132967
0.0783964
0.152553
0.0353768
0.0728744
0.0438492
0.0420108
-0.0356579
-0.0770906
-0.0565768
-0.0565241
0.162481
0.155315
0.156755
0.155858
0.099959
0.0869135
0.129718
0.0970668
-0.0105584
0.0110537
0.00405874
-0.00397203
-0.00623595
-0.00287652
-0.00504563
0.00163539
0.164735
0.192361
0.185591
0.19546
-0.0194484
0.00106771
-0.0114178
-0.0114219
0.0441302
0.0530798
0.0618278
0.034198
0.176882
0.207579
0.18474
0.175218
0.109777
0.137704
0.126967
0.126963
0.0852077
0.143819
0.0899619
0.0899209
0.0937923
0.104822
0.0947961
0.0946066
0.147318
0.160892
0.133907
0.162389
-0.02311
-0.0058091
-0.0214532
-0.0214498
-0.0509291
0.00307822
-0.0154945
-0.0154904
0.00627781
0.0215289
0.00630084
0.0216466
0.0711173
0.103269
0.135501
0.0429501
0.0909943
0.121729
0.0729919
0.111802
0.114259
0.133009
0.152443
0.0783096
0.145535
0.144791
0.144206
0.143706
0.0847334
0.0778347
0.091432
0.0859768
-0.0106131
0.0109995
-0.004039
0.00451502
-0.00627739
-0.00290139
-0.00507458
0.0016064
0.0438871
0.054072
0.0642049
0.035587
0.181276
0.189068
0.19112
0.184105
0.0941895
0.105084
0.094947
0.095142
0.147422
0.160928
0.162034
0.133966
0.00629587
0.0215062
0.0216438
0.00630585
0.0711683
0.103302
0.043004
0.135563
0.0316194
0.0505167
0.0398431
0.0419054
0.16927
0.170125
0.1627
0.176429
0.082664
0.124876
0.0962537
0.103134
0.0750716
0.0757134
0.0661873
0.0847262
0.0981248
0.0871387
0.163529
0.16544
0.13381
0.14773
0.141857
0.141858
0.0780284
0.0777361
0.0704762
0.0851958
0.102654
0.0688583
0.106768
0.0617746
0.20341
0.18949
0.197353
0.197366
0.212136
0.202212
0.208011
0.207003
0.0656519
0.0804787
0.0724814
0.0750184
0.439009
0.522343
0.519166
0.510709
0.160855
0.163371
0.164182
0.164195
0.403052
0.508377
0.463633
0.463612
0.482368
0.493742
0.493077
0.493085
0.335469
0.256139
0.294416
0.29443
0.0316987
0.0506788
0.0399285
0.0419696
0.169246
0.170127
0.162703
0.176419
0.0822865
0.125262
0.103391
0.0948785
0.0752929
0.0759104
0.0663485
0.0849571
0.0781164
0.0778495
0.0853027
0.0705733
0.102338
0.0662527
0.105201
0.0617316
0.0658265
0.0806057
0.0751898
0.0726192
0.439187
0.522376
0.510755
0.519212
0.0325979
0.110153
0.108805
0.13356
0.0944812
0.089398
0.122933
0.0924869
0.0861086
0.0888116
0.0916046
0.0929091
0.0673082
0.0725743
0.0776528
0.0844933
0.0263481
0.104921
0.101015
0.124437
0.0676631
0.073017
0.07784
0.0848241
0.0864397
0.0891257
0.0919325
0.0932021
0.0888358
0.084713
0.113567
0.0870975
0.0442519
0.0525075
0.049765
0.0886825
0.0387413
0.0469563
0.0442495
0.0691588
0.169983
0.104067
0.0942605
0.166306
0.179528
0.109582
0.103453
0.17204
0.0837361
0.114369
0.12862
0.116154
0.143684
0.155354
0.159354
0.164971
0.143763
0.155433
0.159477
0.165009
0.0833597
0.11437
0.128615
0.116086
0.0284631
0.0101796
0.0248569
-0.0571726
0.111014
0.0602661
0.121606
0.0814851
0.0599502
0.110483
0.0813008
0.121908
0.00719695
0.0284408
-0.0571993
0.0224918
0.0285812
0.0372053
0.038524
0.0480077
0.0368702
0.0474997
0.044709
0.0548721
0.0664716
0.0591992
0.0764764
0.0698767
0.0800311
0.0720631
0.0841712
0.0775294
0.0286567
0.0373136
0.0386214
0.0481265
0.0802702
0.0722974
0.0843699
0.0777344
0.0665445
0.059311
0.0765372
0.0699772
0.0368857
0.0475129
0.0447328
0.0549078
0.144372
0.137218
0.149959
0.144032
0.137219
0.144361
0.144033
0.149961
0.205801
0.196384
0.199158
0.19111
0.197128
0.205865
0.191147
0.199196
0.39298
0.383511
0.478944
0.46033
0.414582
0.483782
0.502893
0.5012
0.483837
0.414731
0.501219
0.502934
0.383435
0.392862
0.460296
0.478901
0.0757032
0.0860514
0.07842
0.0899161
-0.0194031
-0.0209564
-0.00162703
0.00811302
-0.034902
-0.0309521
-0.0150001
-0.0117938
0.0290497
0.0432205
0.0290423
0.0467508
0.0810104
0.0867827
0.0794593
0.0897489
0.0287413
0.0431919
0.0290629
0.046759
-0.0349246
-0.0309527
-0.0150235
-0.011808
-0.0190226
-0.0200827
-0.00211197
0.00887224
0.202227
0.212241
0.19758
0.217943
0.208612
0.213589
0.201373
0.206675
0.162596
0.167638
0.178011
0.179324
0.163028
0.172233
0.251325
0.184796
0.243162
0.301885
0.221569
0.276609
-0.0324598
-0.0387308
-0.0282514
-0.0193075
-0.0324563
-0.0387249
-0.0282376
-0.0192915
0.243216
0.301971
0.221641
0.276634
-0.0146339
-0.0242002
-0.00417966
-0.0125968
-0.0242166
-0.0146979
-0.0126092
-0.00420037
-0.0548144
-0.0252383
-0.0184795
-0.000794794
-0.0252076
-0.0548071
-0.000774082
-0.0184671
-0.0213466
-0.028459
0.0264057
-0.00840385
-0.00897013
0.0298019
0.00501202
0.0323934
0.143735
0.0404449
-0.0320198
0.148058
0.0319834
0.0317949
0.0626892
0.0379546
0.0344828
0.0764372
-0.0453715
-0.0863193
-0.0355399
-0.0347385
-0.0433247
-0.0460481
0.0239573
-0.00931907
-0.0218949
-0.0283928
-0.0115963
0.0246549
0.143632
0.0404304
0.00548835
0.0324282
-0.0318439
0.14571
0.062647
0.0377698
0.0324325
0.0316601
0.0348608
0.0762685
-0.0355338
-0.034746
-0.0452653
-0.0863301
-0.0433201
-0.0460526
0.00375124
0.131648
0.00822828
0.138921
0.0142805
0.0167983
0.120255
0.126831
0.0625659
0.18386
0.0215516
0.227099
0.09167
0.0681363
0.222629
0.214365
0.0690792
0.136639
0.0741951
0.069797
0.0593947
0.176506
0.125768
0.220395
0.0150889
0.114843
0.0393236
0.0317852
0.0299074
0.142178
0.263799
0.243214
0.00349602
0.164357
0.150136
0.145694
0.00826273
0.151296
0.0142177
0.0168583
0.0900334
0.192925
0.223205
0.213752
0.0215692
0.220933
0.0915473
0.0871946
0.0694347
0.136684
0.125653
0.220367
0.0745314
0.0700986
0.0596993
0.176781
0.0151977
0.11497
0.263874
0.243372
0.0394187
0.031861
0.0300412
0.142322
-0.000568244
0.00312075
0.0757981
0.102807
0.0239003
0.0855137
0.0489893
0.122363
0.0261382
0.0196678
0.0252268
0.0197082
0.0315118
0.0305946
-0.0148461
-0.0148481
0.166367
0.143382
0.156058
0.114878
0.160469
0.162234
0.140558
0.104992
-0.0244607
-0.00966463
-0.0457479
-0.00588698
-0.018057
-0.0274718
-0.00861705
-0.00302047
0.144678
0.0426505
0.144884
0.0426441
0.158319
0.158122
0.042135
0.0421305
-0.00763114
0.16306
0.0507252
0.179444
0.0481954
0.031186
0.183129
0.168884
0.0638411
0.0272079
0.0637932
0.0269172
0.089723
0.089706
0.0221755
0.022122
0.0772961
0.13038
0.078674
0.139343
0.0872383
0.0874923
0.139453
0.144834
-0.0317195
-0.0390021
-0.0317126
-0.0389772
-0.0292538
-0.0292541
-0.0798622
-0.0798594
-0.0306488
-0.0293505
-0.0012344
0.106252
-0.0115639
0.0046078
0.0947732
0.0031261
-0.00121195
0.00310122
0.0760712
0.102598
0.0235404
0.0857768
0.122222
0.0489159
0.142087
0.210593
0.139069
0.17335
0.143687
0.145488
0.238245
0.222135
-0.023903
-0.00968667
-0.0457796
-0.00594905
-0.0275209
-0.0178468
-0.00865593
-0.00306894
-0.00711104
0.160103
0.0669055
0.183992
0.0530696
0.03537
0.183838
0.168476
0.0777079
0.130475
0.0790737
0.139433
0.0878915
0.087647
0.144924
0.139534
-0.0307052
-0.0293254
-0.00115914
0.106344
0.00466644
-0.0115162
0.00318674
0.0948394
0.0120105
0.163359
0.0160583
0.191447
0.0219284
0.0239655
0.163342
0.176006
0.0541594
0.0557331
0.0910729
0.0894947
0.0624983
0.0815974
0.0656473
0.0847088
0.11213
0.122938
0.111211
0.122938
0.104607
0.105526
0.128228
0.128229
0.0672567
0.107924
0.0762087
0.0682738
0.0708195
0.0842646
0.114788
0.0700417
0.22073
0.235066
0.220658
0.227236
0.21178
0.211809
0.217833
0.218018
0.0501836
0.171961
0.0409385
0.162689
0.0543074
0.0582301
0.303838
0.300356
0.185781
0.299837
0.185738
0.299794
0.145973
0.145993
0.352425
0.352403
0.457517
0.402725
0.457536
0.402775
0.474939
0.47495
0.372529
0.372545
0.0120513
0.185468
0.0160773
0.201858
0.0219715
0.0240028
0.174248
0.184279
0.0539125
0.0559103
0.091334
0.0897419
0.0818667
0.0622791
0.0658363
0.0849591
0.0782743
0.108071
0.0761987
0.0682394
0.0843587
0.070892
0.114598
0.0699765
0.0504323
0.172197
0.0411375
0.162886
0.0584468
0.0544936
0.300548
0.304042
0.138175
0.139362
0.150321
0.149286
0.151994
0.151767
0.137118
0.138737
0.135524
0.139638
0.144103
0.143781
0.152079
0.152262
0.138999
0.134502
0.100305
0.0975201
0.11842
0.0856469
0.0854544
0.0798442
0.0843521
0.0871098
0.14698
0.146986
0.154504
0.162647
0.162603
0.154522
0.163422
0.163436
0.0770633
0.161881
-0.097515
-0.0975341
0.161333
0.161313
0.161834
0.0770187
0.0588723
0.0602296
0.0669728
0.0851577
0.069243
0.0855986
0.0844583
0.0857779
0.0590136
0.0603243
0.0671206
0.0853384
0.0857049
0.0693859
0.0859023
0.0845482
0.162951
0.176785
0.155486
0.155487
0.183234
0.18324
0.162952
0.17678
0.528101
0.515941
0.527645
0.527652
0.504363
0.504371
0.515958
0.528118
0.023982
0.0163328
0.0749326
0.0373657
0.0200601
0.0352692
0.0942248
0.0485181
0.0162708
0.024621
0.0735093
0.0391074
0.0352848
0.020031
0.0949706
0.0484711
0.189214
0.193449
0.187414
0.178386
0.191711
0.184847
0.196357
0.197001
0.0273354
0.0273441
0.159974
0.0671518
0.067189
0.159993
0.211696
0.211709
-0.00192941
0.00440951
-0.000289448
-0.000295662
0.00616827
0.00617448
-0.00194387
0.00439501
0.00446664
0.0122753
0.00113771
0.0384151
0.0352113
0.0344685
0.00404236
-0.015242
0.0249907
0.131586
0.0426996
0.0948486
-0.0314989
-0.0189817
-0.0280632
-0.00816923
0.153998
0.157269
0.0366894
0.0408254
-0.0338781
-0.0167746
0.154041
0.172383
0.051205
0.0538109
0.0861396
0.0939866
0.082419
0.0901256
0.061285
0.016372
0.0568234
0.0763792
0.0972376
0.123479
-0.0540393
-0.0403404
-0.0611505
-0.00834551
-0.0362345
-0.0328906
-0.0829375
-0.080548
-0.0496755
-0.0303237
-0.0425082
-0.0349701
0.032448
0.0317168
0.00409837
-0.0152809
0.00230828
0.0104545
0.00112178
0.0382855
0.0178042
0.123039
0.0396094
0.147912
0.154589
0.15786
0.0367235
0.0408119
-0.0313586
-0.0186357
-0.0280701
-0.0081866
-0.0335742
-0.0161651
0.151502
0.168004
0.0823821
0.090073
0.0610819
0.016133
0.0515674
0.0541524
0.0850497
0.0934783
0.0572107
0.0767585
0.0971925
0.123537
-0.0362364
-0.0329012
-0.0829818
-0.0805563
-0.054078
-0.0403775
-0.0611812
-0.00839154
-0.0502984
-0.0302897
-0.0425138
-0.0349487
0.0846313
0.126393
0.118183
0.109633
0.0184992
0.0202168
0.138999
0.151169
0.0251621
0.045276
0.0270914
0.0468733
0.117459
0.110458
0.131926
0.130984
0.0719636
0.0612911
0.214636
0.186872
0.0302617
0.0263641
0.204703
0.189162
0.0405054
0.0565434
0.0779656
0.0926437
0.213465
0.214047
0.224147
0.220742
0.0787679
0.0829535
0.137375
0.141585
0.0826449
0.0903234
0.075216
0.0860079
0.0659936
0.0621067
0.300328
0.302356
0.141224
0.147363
0.302554
0.351739
0.0231593
0.0143098
0.256341
0.179696
0.0541796
0.0724446
0.0384723
0.0563243
0.0457482
0.0503844
0.276482
0.291161
0.397418
0.474485
0.321028
0.355995
0.0819998
0.118899
0.141448
0.140949
0.120075
0.1077
0.131921
0.130985
0.0185502
0.0202833
0.155202
0.164703
0.0240584
0.044006
0.0271785
0.0470144
0.0882795
0.0730732
0.205561
0.189851
0.212381
0.213979
0.22791
0.219799
0.0302538
0.026387
0.207679
0.196202
0.0404897
0.0565545
0.0846929
0.0914114
0.0791163
0.0833208
0.137424
0.141666
0.141264
0.147392
0.302527
0.351711
0.0829643
0.0906074
0.0754863
0.0862406
0.0662674
0.0623462
0.299556
0.30258
0.0232167
0.0143639
0.256621
0.179783
0.397547
0.474519
0.321104
0.356074
0.0542631
0.0724661
0.0385104
0.0563212
0.0458767
0.0505412
0.276635
0.291333
0.130417
0.04291
0.0685674
0.114893
0.0695439
-0.0970064
0.151983
0.134326
0.0398144
0.080779
0.0636918
0.0370586
-0.0771495
-0.0361544
-0.0361456
-0.0771814
0.146543
0.142865
0.141435
0.146249
0.109819
0.117752
0.107131
0.0968983
-0.00543577
0.0140671
0.00125291
-0.0211222
-0.00316241
-0.00649067
-8.48235e-05
0.00398571
0.163815
0.185795
0.196066
0.163617
-0.022411
-0.00155597
-0.00156633
-0.0224191
0.0665331
0.0788779
0.0225203
0.0143479
0.213774
0.189609
0.179161
0.243078
0.14001
0.110995
0.110973
0.140013
0.0670529
0.134413
0.134506
0.0669526
0.0900171
0.0934093
0.10886
0.0872584
0.135069
0.149089
0.165212
0.147054
-0.0279048
-0.0107481
-0.0107395
-0.0279009
-0.0497451
0.00114172
0.00115207
-0.0497418
-0.0114166
0.00450332
0.0287932
0.0183116
0.160793
0.193397
0.00883462
-0.011416
0.0402632
0.125808
0.1151
0.0673437
0.134263
0.151892
-0.0971052
0.0695939
0.134636
0.135095
0.134987
0.133544
0.105646
0.0794237
0.0886251
0.0951709
-0.0211668
0.00122894
0.0148499
-0.00495832
-0.00651717
-0.00318105
0.00396707
-0.000120882
0.0802895
0.0675205
0.0156562
0.0233598
0.197486
0.196494
0.183434
0.175227
0.0876804
0.109822
0.0979294
0.0903734
0.147135
0.16525
0.149103
0.135131
0.0183581
0.0287937
0.00449448
-0.0113956
-0.0113871
0.00886711
0.193453
0.160867
0.0300914
0.0494064
0.0525617
0.0342326
0.157079
0.156821
0.183199
0.184661
0.0897498
0.121301
0.122961
0.0906428
0.0579094
0.0566907
0.0882817
0.0870511
0.101096
0.0906996
0.0952958
0.103854
0.136275
0.149613
0.149614
0.136276
0.0635085
0.0619832
0.0830934
0.0811784
0.0923025
0.0998791
0.0590629
0.0481827
0.205723
0.191097
0.191116
0.205764
0.217186
0.199775
0.201798
0.212864
0.0624268
0.0784778
0.0823337
0.0688546
0.434174
0.533997
0.511753
0.428979
0.161326
0.165221
0.165247
0.161374
0.520051
0.412655
0.412615
0.52004
0.489687
0.50381
0.503825
0.489699
0.246387
0.327584
0.327654
0.246449
0.0495429
0.0301557
0.0342932
0.0526236
0.156804
0.15708
0.184643
0.183148
0.0909622
0.12308
0.116796
0.087569
0.0568441
0.0580983
0.087211
0.088478
0.0811985
0.0831492
0.0620511
0.0635501
0.0996357
0.0936977
0.0471244
0.0590386
0.0690593
0.0824986
0.0785717
0.0625697
0.429143
0.511775
0.534076
0.434369
-0.0224842
0.0247888
0.0246621
-0.0167036
0.169012
0.1584
0.132587
0.136883
0.147095
0.128004
0.132021
0.153543
0.00904499
-0.00661057
0.0345399
0.0463461
0.00497966
0.0256406
0.0874241
0.0401026
0.0633281
0.0907751
0.0894704
0.0451078
0.146458
0.152572
0.121484
0.123145
0.168162
0.130688
0.125115
0.159193
0.0665055
0.0715005
0.084507
0.0805079
0.0810033
0.091943
0.0880608
0.076237
0.147945
0.126608
0.0953351
0.10145
0.0834948
0.0890667
0.09157
0.0830518
0.021125
0.0386841
0.0630071
0.0486037
0.0731903
0.098156
0.0676765
0.0434361
0.148134
0.110314
0.098308
0.123997
0.081502
0.0700605
0.0811713
0.0919303
-0.0238754
-0.0175829
0.0210786
0.0200038
0.00891259
0.0456659
0.0326214
-0.00753661
0.143974
0.144108
0.124992
0.125591
0.143799
0.123912
0.124136
0.144418
0.0215797
0.0489995
0.0633817
0.039081
0.0819125
0.0923089
0.0814869
0.0704715
0.148415
0.124159
0.0986047
0.111761
0.073456
0.0437725
0.0680679
0.0984197
0.066853
0.0808183
0.0848382
0.0718675
0.0837849
0.0806283
0.0918613
0.0893443
0.148209
0.10171
0.0955874
0.127389
0.0814148
0.0766297
0.0884061
0.09231
0.0048971
0.0390198
0.0833575
0.0251367
0.1467
0.144804
0.116221
0.121706
0.143888
0.120998
0.11447
0.143786
0.063325
0.0446171
0.086465
0.0899409
0.0179386
0.0270742
0.0437754
0.0401042
0.0254005
0.0375956
0.0420332
0.0268778
0.11277
0.124069
0.0847314
0.0768267
0.160725
0.0996971
0.0901544
0.134576
0.0152778
0.0375821
0.0396229
0.0257076
0.240683
0.119256
0.082663
0.150184
0.0824656
0.0745027
0.0669279
0.0884432
0.0249448
0.0255088
0.0378996
0.0362177
0.165745
0.121209
0.112466
0.137273
0.109603
0.0996104
0.102581
0.112819
0.0767196
0.0829107
0.09248
0.0889192
0.226034
0.112691
0.09945
0.0902447
0.136382
0.116234
0.113925
0.11937
0.112195
0.102999
0.108197
0.113161
0.0799369
0.0912173
0.0993743
0.0913568
0.110063
0.114198
0.106718
0.100989
0.0581817
0.094032
0.0994661
0.0644838
0.136458
0.14207
0.125852
0.120755
0.153136
0.138992
0.141012
0.155576
0.0643659
0.0636745
0.111524
0.110521
0.128125
0.152536
0.142868
0.130876
0.18396
0.160507
0.162343
0.183446
0.161291
0.163652
0.165723
0.164429
0.141236
0.136712
0.145642
0.148026
0.128186
0.130964
0.142922
0.152482
0.141333
0.147959
0.145714
0.136803
0.161303
0.164443
0.165761
0.163621
0.183938
0.183395
0.162428
0.160531
0.0581487
0.0643457
0.0993973
0.0939438
0.0643386
0.11051
0.111434
0.0635718
0.153145
0.155602
0.141032
0.138994
0.136497
0.12076
0.125884
0.142139
-0.0292095
-0.0213789
0.0151592
0.00264706
0.0125199
0.0704063
0.0555342
-0.0061714
0.0764491
-0.0769575
-0.0770091
0.0777296
0.0202534
0.0193869
-0.0362474
-0.035759
0.0124284
0.0442253
0.0849505
0.049383
0.0242562
0.0695471
0.0626257
0.012569
0.166576
0.157175
0.127981
0.138035
0.106405
0.0785135
0.111344
0.139271
0.0124018
0.0462865
0.0796109
0.0445439
0.106222
0.139267
0.11126
0.0782319
0.16656
0.138066
0.127958
0.157254
0.0239599
0.012129
0.0624157
0.0695025
-0.0295344
0.00262746
0.0160446
-0.0214478
0.0202736
-0.0357664
-0.0362405
0.0194058
0.0764268
0.0778032
-0.0770964
-0.0769734
0.0125451
-0.00615129
0.0555499
0.0704636
0.00727001
0.0091702
0.0278362
0.0263469
0.0129337
0.0308578
0.0293338
0.0110749
0.0673396
0.0665763
0.048822
0.0499646
0.0652342
0.0463156
0.0474399
0.0660477
0.0882671
0.0924235
0.0389207
0.0201344
0.0718926
0.0707797
0.0558836
0.085652
0.0683914
0.0513865
0.0537188
0.0698588
0.0149561
0.0171687
0.0355585
0.0329241
0.0262959
0.0332346
0.0568391
0.0508567
0.0432442
0.0640393
0.0608134
0.0386299
0.0855343
0.0854295
0.0774771
0.0794783
0.0829476
0.0692668
0.0746518
0.0850387
0.0616274
0.0767811
0.0736459
0.0571518
0.084576
0.0848619
0.0850898
0.08692
0.0853111
0.0814151
0.0832524
0.0848782
0.0478685
0.0525001
0.0704561
0.0672536
0.00729394
0.0264375
0.0279187
0.00921487
0.065449
0.0659671
0.0475703
0.0464643
0.0674765
0.0501093
0.0489989
0.0667305
0.0129679
0.0111074
0.029405
0.0309246
0.0619457
0.0574402
0.073899
0.077071
0.0481033
0.0674431
0.0706756
0.0527612
0.0854834
0.0850903
0.0834341
0.0815631
0.084837
0.0871698
0.0853053
0.0850955
0.0264248
0.050924
0.0569376
0.0333733
0.0830294
0.0851417
0.0746967
0.0692746
0.085689
0.0795888
0.0775543
0.0855367
0.0434548
0.0388126
0.0609407
0.0641978
0.0881185
0.0201463
0.0389184
0.0923108
0.0149777
0.0329959
0.0355916
0.0171811
0.0687492
0.0699811
0.0537665
0.0514939
0.0719897
0.0858634
0.0559052
0.0708635
0.132081
0.125702
0.138149
0.144768
0.121414
0.135043
0.137508
0.124461
0.162301
0.163602
0.150555
0.148672
0.169826
0.156984
0.150597
0.163046
0.146742
0.15585
0.138141
0.125701
0.189378
0.163025
0.150582
0.180997
0.162301
0.148672
0.150557
0.163604
0.121414
0.124461
0.137509
0.135043
0.193093
0.220457
0.204405
0.216114
0.218994
0.204566
0.206568
0.222011
0.176175
0.177385
0.1919
0.190293
0.197645
0.206789
0.196354
0.176197
0.240618
0.216826
0.205285
0.221584
0.183617
0.176235
0.190164
0.199435
0.176178
0.190303
0.191929
0.177393
0.21903
0.222111
0.206622
0.204587
0.175423
0.1754
0.348809
0.254344
0.170849
0.436664
0.430367
0.173106
0.522122
0.514454
0.512425
0.528646
0.296821
0.296576
0.406499
0.408029
0.13775
0.388887
0.406004
0.146938
0.457883
0.486643
0.490581
0.45298
0.51008
0.517001
0.506481
0.498707
0.166212
0.159037
0.422217
0.434205
0.137901
0.147112
0.406147
0.389004
0.166417
0.434375
0.422376
0.159226
0.510086
0.498714
0.506501
0.517032
0.457896
0.453022
0.490607
0.486652
0.174909
0.254299
0.348789
0.175659
0.296799
0.408008
0.406486
0.296538
0.522129
0.528687
0.512383
0.514443
0.171075
0.17335
0.42939
0.436818
0.0544722
0.0630795
0.0788864
0.0741981
0.0427744
0.0547837
0.0711068
0.0552428
0.0630633
0.102072
0.0849599
0.0694416
0.104536
0.106032
0.0928905
0.109173
0.0101742
-0.0331749
-0.0266191
-0.0394641
-0.0284068
-0.00667107
-0.01255
-0.0245049
0.0342281
0.0395648
0.0117967
0.0143961
0.0261882
-0.0256392
-0.00552479
0.0313057
-0.0305323
-0.0546982
-0.0425729
-0.0615312
-0.0215573
-0.00230059
-0.0208229
-0.0401485
0.0257999
0.0065271
-0.00489177
0.013633
-0.0390173
-0.0532152
-0.0275932
-0.0154412
0.0188428
0.0429185
0.0339327
0.0109585
0.0786366
0.0659628
0.0514262
0.0612344
0.0416726
0.028525
0.0408901
0.0546207
-0.00517714
0.00299272
0.0224948
0.0136243
0.0859777
0.08421
0.0841797
0.0921255
0.104582
0.11064
0.0913217
0.109498
0.0650324
0.0698906
0.0851997
0.101827
0.0533153
0.0747812
0.0717947
0.0592454
0.0189532
0.0110625
0.0339775
0.042959
-0.00510634
0.0136294
0.0225242
0.00307031
0.0416268
0.0528044
0.0407254
0.0285337
0.0785588
0.0612023
0.051399
0.065907
-0.0300384
-0.0614512
-0.0427865
-0.0548562
-0.0390707
-0.0154848
-0.0276262
-0.0532722
0.0258014
0.013621
-0.00490298
0.00648814
-0.0214891
-0.0401461
-0.0208122
-0.00227425
0.010264
-0.0392741
-0.0260195
-0.0330344
0.0238589
0.0355945
-0.00523963
-0.0249853
0.0350697
0.0149681
0.0129664
0.0411961
-0.0282848
-0.0243982
-0.0122311
-0.00633677
0.182935
0.235468
0.214861
0.186388
0.227617
0.212169
0.222507
0.230153
0.19126
0.208517
0.215936
0.21149
0.176425
0.18168
0.196028
0.183252
0.176538
0.185443
0.219561
0.234214
0.182997
0.212309
0.201035
0.185291
0.192007
0.202005
0.201585
0.191414
0.226877
0.228565
0.213228
0.2125
0.14454
0.144492
0.158467
0.147183
0.144803
0.164275
0.163356
0.144966
0.185218
0.189465
0.182552
0.189027
0.162675
0.160106
0.173182
0.189592
0.147692
0.149988
0.159067
0.144177
0.16032
0.1727
0.176953
0.164115
0.185393
0.194224
0.247202
0.202092
0.144699
0.144656
0.191023
0.164176
0.122921
0.128462
0.283536
0.353588
0.0669196
0.116904
0.203024
0.137849
0.167858
0.253977
0.235834
0.149173
0.406796
0.39319
0.317494
0.334354
-0.0387711
-0.0353424
-0.0374086
-0.0517179
-0.0319361
-0.0252563
-0.0305607
-0.0338564
0.075237
0.0563273
-0.0149333
-0.00661965
-0.0142972
-0.0462163
-0.0266389
0.0248349
-0.0386285
-0.0517188
-0.0374073
-0.035368
-0.0142634
0.02488
-0.0266233
-0.0462125
0.0752483
-0.00661524
-0.0149207
0.0563691
-0.0319326
-0.0338699
-0.030563
-0.0252552
0.123057
0.353697
0.283633
0.128578
0.406809
0.33437
0.317574
0.393247
0.16787
0.149202
0.235902
0.253991
0.0669914
0.138569
0.203121
0.116954
0.0392349
0.0412817
-0.0261318
-0.0289141
0.0429432
-0.0215163
-0.0233056
0.0423579
-0.000371288
-0.00348753
-0.00286782
-0.000244132
-0.010098
-0.00985922
-0.00617444
-0.00683138
0.0392208
-0.0289236
-0.0261434
0.0412696
-0.010138
-0.00686529
-0.00619348
-0.00987103
-0.000378522
-0.00024931
-0.00288335
-0.00350923
0.04294
0.0423483
-0.0233179
-0.0215204
-0.0335585
-0.0473754
-0.0588829
-0.0656212
-0.0445295
-0.0486328
-0.0508583
-0.0442625
0.00578931
0.00300071
0.000173465
0.00210997
-0.00533336
-0.0121166
-0.00459316
-0.00073127
-0.0335534
-0.0655872
-0.058307
-0.0506085
-0.00527334
-0.000692542
-0.0045598
-0.0120562
0.00579656
0.00211515
0.000188998
0.00302245
-0.044542
-0.044254
-0.0508534
-0.0486312
