-0.699551
0.145
-2.055
-0.682076
0.235
2.085
-0.717216
0.705
-1.965
-0.635
1.055
2.19192
0.695
0.145
-2.05582
0.681481
0.235
2.085
0.717209
0.705
-1.965
0.635
1.055
2.19192
0.0705552
0.0999639
0.110279
0.109889
0.0709109
0.100875
0.110296
0.109984
-0.0352218
0.0135098
0.0779144
0.0972084
0.0270139
-0.0284973
-0.065266
-0.0380559
0.0143735
0.0835911
0.100889
0.017239
-0.0381032
-0.0720915
-0.0269042
0.0263908
0.113665
0.114324
0.0217881
-0.0328749
-0.0648759
0.0480399
0.0989537
0.156034
0.153038
0.0914813
0.0381912
-0.00159989
-0.0461616
0.00210582
0.0699281
0.0964549
0.0159032
-0.0401523
-0.0752752
-0.0507172
-0.051656
-0.0835016
-0.0430354
-0.0481532
-0.0771495
0.0395382
0.0924963
0.155322
0.152156
0.0850244
0.029697
-0.00966534
-0.046075
0.00221058
0.0702866
0.0971254
0.0161549
-0.039945
-0.0750415
-0.050667
-0.051518
-0.0832959
-0.0429992
-0.0480432
-0.0769677
0.0396301
0.0925875
0.15544
0.152313
0.085195
0.0298802
-0.00946432
-0.035008
0.0137779
0.0785398
0.0982303
0.0276661
-0.0279974
-0.0647696
-0.0379041
0.0145295
0.0841212
0.101929
0.0177823
-0.0376898
-0.07164
-0.026789
0.026471
0.113893
0.114812
0.0221669
-0.0325332
-0.0644725
0.0482432
0.0991616
0.1563
0.15338
0.0918544
0.0385815
-0.00118404
0.0331591
0.00124059
0.0467826
0.0894649
0.00584146
0.0461015
0.141356
0.0999548
0.020236
0.0267291
0.0317181
0.0470141
0.0892668
0.0477346
0.0999685
0.0267703
0.0867566
0.1963
0.0745871
0.23262
0.113138
0.0948779
0.278082
0.383261
0.0874598
0.197961
0.233721
0.0948759
0.188188
0.193501
0.0492223
0.210405
0.298346
0.206384
0.207753
0.100426
0.472916
0.234054
0.23488
0.0678793
0.122815
0.170484
-0.00485168
0.00107031
0.0295937
0.0861788
0.000826579
0.00862456
-0.0226227
0.104363
0.0742904
-0.0927759
0.0108755
0.0136648
0.00137974
-0.00546135
0.0296215
0.000826172
0.0861663
0.00945747
0.103731
-0.0223543
0.0740798
0.0108747
-0.0938241
0.0136862
0.0608444
0.0774991
0.181113
0.0732629
0.0531347
0.0968104
0.231641
0.112207
0.107548
0.209597
0.0922532
0.260973
0.0730553
0.226535
0.0932784
0.374441
0.0609265
0.0733111
0.0780685
0.183143
0.0522465
0.112308
0.0973672
0.23307
0.107544
0.260922
0.210454
0.0925266
0.0731403
0.374446
0.226744
0.0932903
0.175253
0.249069
0.0291553
0.125642
0.199007
0.0508923
0.181387
0.157016
0.0591719
0.128236
0.212687
0.0696826
0.208306
0.172718
0.203756
0.164651
0.00960404
-0.00568093
0.194051
0.102273
0.177649
0.248582
0.202021
0.050926
0.181854
0.156925
0.213938
0.0694666
0.20475
0.167765
0.194404
0.102299
0.200871
0.097978
0.19017
0.202593
0.0619912
0.084232
0.209656
0.24745
0.1104
0.0840088
0.223924
0.469879
0.139173
0.424592
0.447545
0.269474
0.202816
0.0980604
0.193677
0.20411
0.210873
0.248356
0.224621
0.469883
0.172811
0.188133
0.195176
0.180586
0.179966
0.181547
0.196086
0.190885
0.0298738
0.0298862
0.0628524
0.062813
0.166203
0.184832
0.184363
0.165657
0.0806704
0.128184
0.12839
0.0802456
0.193778
0.206188
0.240829
0.21853
0.195862
0.219303
0.240863
0.207919
0.0828797
0.0829444
0.107859
0.107767
0.418114
0.441843
0.441798
0.41811
0.22278
0.162711
0.169869
0.226602
0.223584
0.227107
0.170133
0.162858
0.0836807
0.0838898
0.0583692
0.0579272
0.249209
0.00159996
0.00160233
0.249205
0.15252
0.149482
-0.0110749
-0.0110654
-0.0234515
0.00771218
0.0171114
0.031637
-0.0281269
0.00444604
-0.00984443
0.0691655
0.0474139
-0.0503813
0.00667246
-0.00648178
0.00777301
-0.0240295
0.0174005
-0.0280834
0.0103185
0.00470206
0.06766
-0.00961438
0.0473388
0.0069307
-0.0502009
-0.00636652
0.0644334
0.072514
0.149153
0.0753176
0.0501335
0.100162
0.198378
0.111876
0.106849
0.177067
0.0982544
0.231603
0.0895931
0.170613
0.112787
0.322662
0.0650539
0.0753766
0.0731012
0.152067
0.0504684
0.112299
0.100677
0.200714
0.106785
0.231687
0.177474
0.0983693
0.0895942
0.322419
0.171194
0.112787
0.0239703
0.0425203
0.135219
0.176763
0.00113333
0.00112293
0.0205851
0.19156
0.0365563
0.0540552
0.19593
0.0500986
0.0965169
-0.054103
0.16737
0.132499
0.00482432
0.00481369
0.0405304
0.0108657
0.0468816
0.0452796
0.199152
0.0587421
0.126971
0.126413
0.185275
0.297193
0.090406
0.105873
0.180758
0.154938
0.0171876
0.0170212
0.0154644
0.0216413
-0.0198494
0.0550235
0.149492
0.0804558
0.0229747
0.0409616
0.138091
0.175651
0.0365967
0.0540423
0.201105
0.0501572
0.0964009
-0.0538761
0.167152
0.132415
0.0471885
0.0455195
0.200662
0.0591509
0.090428
0.10581
0.181307
0.153478
-0.019847
0.0550125
0.149682
0.0804772
0.0825541
0.0876738
0.159785
0.0983659
0.201293
0.208765
0.192726
0.200001
0.0746106
0.0746298
0.075319
0.0794003
0.232138
0.237278
0.213323
0.248661
0.113417
0.113465
0.115197
0.112716
0.0943021
0.0944405
0.181001
0.355446
0.274996
0.275001
0.192613
0.357729
0.384579
0.384584
0.420029
0.335266
0.0831447
0.0887392
0.16264
0.0997068
0.203395
0.21001
0.194433
0.201586
0.23359
0.238096
0.214466
0.249668
0.0940534
0.0944404
0.181414
0.35544
0.184146
0.184369
0.195258
0.189717
0.186702
0.194215
0.196742
0.195993
0.0375409
0.0500583
0.0500751
0.0556874
0.214194
0.208698
0.208357
0.210907
0.279606
0.271291
0.257888
0.279184
0.214138
0.204642
0.208333
0.222433
0.215979
0.206083
0.209618
0.223475
0.101105
0.0959677
0.105603
0.101142
0.476907
0.463547
0.466234
0.476906
0.196603
0.225926
0.223128
0.243419
0.197192
0.227067
0.223629
0.244337
0.0649817
0.0675529
0.0676729
0.0711361
0.0400072
0.116125
0.116138
0.196987
0.169504
0.183226
0.0217385
0.169425
0.127398
0.0518679
0.0209342
0.146252
0.173509
0.0315347
0.139383
0.106962
0.040137
0.107611
0.14653
0.0392096
0.114698
0.0933729
0.145064
0.15675
0.158844
0.133972
0.138763
-0.0485247
0.00465922
0.00657378
0.120344
-0.00949881
0.0209812
0.146072
0.131281
0.0513813
0.178687
0.0315565
0.0402986
0.108342
0.139441
0.107029
0.147059
0.0393759
0.144468
0.15624
0.115883
0.0904625
0.159531
0.13257
0.00466018
0.00680452
0.13884
-0.0485485
0.120487
-0.00949168
0.187387
0.0632474
0.158446
0.0854671
0.18056
0.189767
0.0757511
0.0780648
0.209096
0.0582209
0.160136
0.106966
0.20969
0.230278
0.112657
0.112813
0.17783
0.159132
0.206006
0.214627
0.18106
0.365333
0.171967
0.345585
0.165619
0.225285
0.228115
0.221014
0.176616
0.348743
0.41246
0.316461
0.190546
0.0632769
0.075792
0.0781213
0.161812
0.0856626
0.183315
0.19202
0.210465
0.058336
0.112753
0.112954
0.162418
0.10766
0.211476
0.231657
0.178289
0.157676
0.173307
0.345455
0.206882
0.215431
0.181456
0.365101
0.165413
0.225288
0.412463
0.316467
0.22872
0.221527
0.176963
0.345277
0.172178
0.177819
0.226677
0.237171
0.0295304
0.0295365
0.103038
0.102796
0.193888
0.192897
0.0386897
0.0569328
0.180916
0.180501
0.166743
0.0235443
0.0588308
0.0587711
0.116128
0.116109
0.227708
0.197524
0.0742294
0.0643057
0.199027
0.198583
0.191866
0.182704
0.198382
0.193842
0.168988
0.185761
0.00843758
0.00845543
-0.00884337
-0.00888211
0.182711
0.214602
0.178286
0.0204348
0.183806
0.179258
0.236359
0.226194
0.197128
0.195771
0.0387122
0.0569713
0.179974
0.180589
0.166036
0.0259012
0.229574
0.197847
0.0749002
0.0643982
0.194808
0.199345
0.185285
0.159898
0.214887
0.184098
0.0204388
0.178293
0.197614
0.204116
0.0931616
0.10327
0.18917
0.195053
0.208824
0.21731
0.0624213
0.0624036
0.0842494
0.0842777
0.2173
0.226446
0.233089
0.250766
0.110875
0.110833
0.0838377
0.0839389
0.226396
0.221269
0.4625
0.462666
0.149542
0.160557
0.428696
0.429132
0.450861
0.45086
0.26334
0.263343
0.199589
0.205923
0.0932348
0.103358
0.196412
0.192233
0.210829
0.218445
0.227352
0.219025
0.234275
0.25145
0.222018
0.227007
0.46267
0.462497
0.116648
0.184316
0.180107
0.136986
0.132875
0.195715
0.187336
0.196215
0.180335
0.170753
0.197744
0.204682
0.101995
0.131618
0.188859
0.192617
0.120718
0.140815
0.190499
0.189635
0.102532
0.193183
0.190321
0.129892
0.180737
0.20597
0.199175
0.171234
0.13564
0.200428
0.193268
0.197894
0.0227432
0.0207614
0.0381469
0.0387096
0.0216377
0.0387798
0.0381574
0.0207849
0.0737346
0.0755568
0.0563303
0.0567636
0.0737093
0.0566947
0.0563111
0.0755365
0.110366
0.148046
0.208262
0.174446
0.135954
0.189301
0.207688
0.158458
0.145605
0.156993
0.207358
0.188921
0.108957
0.173924
0.207878
0.146537
0.0925322
0.139827
0.254296
0.170704
0.11984
0.220352
0.254408
0.174706
0.120522
0.173514
0.253915
0.212071
0.092061
0.170638
0.253977
0.139077
0.156595
0.15946
0.211969
0.205462
0.157924
0.223492
0.217442
0.159564
0.174625
0.179544
0.224853
0.229458
0.179668
0.213658
0.220008
0.181186
0.159879
0.207482
0.213799
0.162143
0.180088
0.181585
0.221096
0.214853
0.17488
0.230305
0.225825
0.179905
0.159585
0.161773
0.219083
0.224884
0.0804422
0.0794251
0.0961395
0.09435
0.0805103
0.095314
0.0961725
0.0794488
0.111823
0.115591
0.106018
0.103767
0.111153
0.102508
0.105978
0.115546
0.316445
0.354892
0.468112
0.356943
0.345751
0.421984
0.469968
0.349603
0.345921
0.349622
0.469966
0.421984
0.316357
0.356935
0.468094
0.354792
0.196015
0.206502
0.24026
0.238504
0.115764
0.158635
0.207828
0.184315
0.0963333
0.136276
0.192913
0.157551
0.166619
0.246318
0.248607
0.157933
0.197006
0.239803
0.240901
0.207911
0.166916
0.158157
0.249204
0.246582
0.0963255
0.157004
0.192744
0.136427
0.115878
0.185603
0.208551
0.158591
0.0965584
0.112765
0.0708889
0.0547516
0.0971099
0.0550067
0.0709958
0.112835
0.0153829
0.0414047
0.0647036
0.044522
0.015283
0.0441144
0.0646138
0.0413781
0.291784
0.155379
0.191069
0.331432
-0.00239772
0.0108588
0.0343086
-0.00286205
-0.00239982
-0.00281139
0.0343114
0.0108984
0.29175
0.331488
0.191091
0.155381
0.0476224
0.0889632
0.181135
0.141554
0.0476411
0.141477
0.18061
0.0889598
-0.0221052
0.0188406
0.0219479
-0.00887604
-0.0220423
-0.00910773
0.0220238
0.0188669
-0.0092827
0.00483282
0.00870082
-5.51799e-05
-0.0315986
0.00479126
-0.00490853
0.0384544
0.0281845
-0.0202289
0.0163784
0.00688674
0.00487509
-0.00963191
0.00884957
-0.0314525
7.52153e-05
0.00494253
0.0367676
-0.00466155
0.0280259
0.0162651
-0.0214334
0.00678744
0.0662136
0.070296
0.147119
0.0758483
0.111053
0.102122
0.184844
0.114047
0.110926
0.148398
0.109588
0.215002
0.100091
0.126283
0.108813
0.226885
0.067006
0.0737044
0.0708857
0.149154
0.111089
0.11422
0.102548
0.185824
0.110958
0.214944
0.148602
0.109687
0.0999196
0.226746
0.125319
0.108802
0.0322282
0.0442986
0.075351
0.113972
0.00119851
0.0011934
0.01627
0.175805
0.0427302
0.0505321
0.203209
0.0490227
0.0948582
-0.0671166
0.156104
0.115551
0.00541864
0.00542055
0.0271332
0.10659
0.0457209
0.046272
0.171537
0.0507536
0.136549
0.135989
0.166157
0.242107
0.0957387
0.103461
0.138729
0.132626
0.0193197
0.0193201
0.0224467
0.061965
0.00276554
0.0420915
0.106606
0.0617749
0.0312621
0.042887
0.0739394
0.11287
0.0429268
0.0505617
0.206922
0.0490903
0.0947343
-0.0841309
0.155839
0.115452
0.0464934
0.0465236
0.17025
0.051021
0.0957599
0.103444
0.138969
0.131664
0.00285474
0.0421364
0.106453
0.0616434
0.0847056
0.0886701
0.167115
0.0969744
0.191112
0.202549
0.196132
0.198295
0.0745988
0.0746084
0.0714307
0.0769919
0.232489
0.23653
0.230982
0.24067
0.113284
0.113308
0.117594
0.113312
0.0948866
0.0948863
0.146073
0.234762
0.277721
0.277715
0.235471
0.318278
0.385537
0.385539
0.402999
0.357928
0.0853595
0.0892785
0.168467
0.0971994
0.192988
0.204003
0.197869
0.199914
0.233975
0.237498
0.231354
0.241726
0.0948962
0.0948891
0.146268
0.234742
0.186085
0.189187
0.193793
0.191423
0.188632
0.191448
0.195903
0.200475
0.0460341
0.0496403
0.0496487
0.0524906
0.213469
0.210718
0.210543
0.210874
0.290333
0.288536
0.31099
0.290073
0.199921
0.205537
0.207484
0.214727
0.20147
0.206942
0.208811
0.215937
0.100946
0.0984067
0.103205
0.100964
0.47674
0.470725
0.471072
0.47674
0.224854
0.228977
0.235888
0.240343
0.225596
0.229707
0.236779
0.241101
0.0664352
0.0677167
0.0677773
0.0695208
0.0848908
0.11952
0.119521
0.160479
0.171601
0.179249
0.0683972
0.171545
-0.0219744
0.0121039
0.0720306
-0.00335725
-0.00132759
0.00105171
0.0164299
0.139929
0.0261212
0.0330732
0.179031
0.0303379
0.0702054
0.0936784
0.127128
0.0899079
-0.0152697
0.00305285
0.0249667
0.0809476
0.00540565
0.0339226
0.139489
0.034456
-0.0157065
-0.0335973
0.0860919
0.0378533
0.0911876
0.115832
0.128394
0.206257
0.0623419
0.083401
0.113339
0.110455
-0.117611
-0.07032
0.108608
-0.0723308
0.00755987
0.0141201
0.0113995
0.0482832
-0.0117134
-0.0288318
0.078723
-0.0182268
-0.0013106
0.00104147
0.0165025
0.140609
-0.0227406
0.0110589
0.0714124
-0.00367565
0.02611
0.0331136
0.182974
0.0303583
-0.0142497
0.00305652
0.0249742
0.0808868
0.0702289
0.0935465
0.127062
0.0899547
0.0057707
0.0350005
0.13888
0.0346562
0.0904149
0.115263
0.12777
0.205515
-0.0152831
-0.0321596
0.0871281
0.0389095
0.0623526
0.0834308
0.113716
0.109367
0.00767723
0.0141199
0.0113977
0.0483286
-0.117599
-0.070208
0.0984709
-0.0746678
-0.0117263
-0.0288304
0.0787862
-0.0182234
0.0615248
0.0575144
0.191971
0.0624621
0.0749724
0.0800783
0.153546
0.0853072
0.167947
0.194171
0.185145
0.187581
0.0729869
0.0746215
0.0716691
0.0756615
0.0511562
0.0496606
0.166723
0.0602063
0.0981901
0.0930361
0.177288
0.106934
0.202948
0.230812
0.209936
0.235362
0.112048
0.113549
0.115098
0.113626
0.107194
0.106655
0.153338
0.134898
0.198655
0.210657
0.205964
0.212311
0.0976255
0.0941125
0.14997
0.231596
0.247496
0.26815
0.217578
0.303017
0.0819804
0.0667487
0.104185
0.206325
0.203451
0.235157
0.227333
0.224686
0.092451
0.0937809
0.133968
0.22714
0.360764
0.381258
0.39476
0.345533
0.0621314
0.0574945
0.195345
0.0623921
0.0730444
0.0746504
0.0717105
0.0757138
0.0755523
0.0806673
0.155374
0.0854197
0.170442
0.196469
0.187885
0.189933
0.0511886
0.0503854
0.168643
0.0605346
0.112172
0.113621
0.115197
0.113744
0.0984817
0.0940149
0.178468
0.107105
0.20466
0.232222
0.211591
0.237186
0.107139
0.106622
0.153607
0.133711
0.247646
0.268175
0.217527
0.303051
0.199294
0.211703
0.206825
0.213123
0.0977028
0.094134
0.150178
0.231509
0.0820383
0.0660212
0.104246
0.20655
0.360758
0.381262
0.394781
0.345576
0.203993
0.235607
0.227916
0.224373
0.0928686
0.0937788
0.134146
0.227091
0.161855
0.176978
0.177282
0.174828
0.225322
0.266253
0.239047
0.25873
0.0249438
0.0333533
0.0293429
0.0293459
0.108549
0.142793
0.114295
0.114147
0.183729
0.189281
0.197841
0.19982
0.0513093
0.0504754
0.0474722
0.0539395
0.172893
0.18885
0.176127
0.181931
0.146339
0.164884
0.162108
0.0208793
0.0463015
0.0606561
0.0590019
0.0589723
0.128421
0.183592
0.122598
0.122582
0.206101
0.219078
0.221266
0.209485
0.0501694
0.0673893
0.0708173
0.0678037
0.19928
0.21309
0.20513
0.204884
0.186228
0.159196
0.165957
0.165346
0.200717
0.20124
0.207185
0.1985
0.172615
0.195445
0.165271
0.168861
-0.00110536
0.0165905
0.00928214
0.00928297
-0.0163325
0.00804059
-0.00558514
-0.0055781
0.177162
0.20222
0.189153
0.200166
0.0924086
0.111528
0.140561
0.0640641
0.164241
0.179403
0.179489
0.182921
0.224464
0.265605
0.258085
0.238436
0.203821
0.192208
0.20088
0.20276
0.0513514
0.0505006
0.047502
0.0539834
0.17324
0.18934
0.182354
0.176687
0.146247
0.164689
0.161845
0.0213982
0.207193
0.220175
0.223123
0.210612
0.0504693
0.0675694
0.0706559
0.0677434
0.201447
0.202479
0.199466
0.20816
0.172427
0.193861
0.168011
0.162123
0.177431
0.202587
0.200573
0.189432
0.0924205
0.111535
0.0640812
0.140565
0.177434
0.207519
0.199158
0.202871
0.0981996
0.101263
0.0959917
0.100825
0.189367
0.195272
0.19137
0.190501
0.201381
0.203746
0.196431
0.210152
0.0651068
0.0588499
0.0622062
0.062198
0.0818115
0.0935248
0.0842364
0.0842505
0.209705
0.209173
0.20315
0.218904
0.248178
0.246094
0.239478
0.247756
0.112798
0.108002
0.110637
0.110616
0.098305
0.0727746
0.0839233
0.0839739
0.20796
0.225507
0.225053
0.222574
0.461356
0.474347
0.46859
0.468373
0.152753
0.210685
0.115116
0.132256
0.39499
0.449988
0.428198
0.428481
0.434863
0.458466
0.451276
0.451276
0.302851
0.233266
0.266483
0.266482
0.179393
0.209402
0.201081
0.204742
0.0983013
0.101319
0.0960686
0.100911
0.191137
0.198279
0.192082
0.193425
0.202933
0.205225
0.198148
0.211482
0.210894
0.210432
0.219963
0.2046
0.249135
0.247015
0.240516
0.248551
0.208515
0.226365
0.223276
0.22574
0.46137
0.474344
0.468421
0.468609
0.15852
0.164455
0.173382
0.182959
0.19022
0.175672
0.194334
0.190331
0.19109
0.200481
0.190845
0.196281
0.163105
0.181166
0.178555
0.185401
0.165614
0.175299
0.175981
0.18909
0.163828
0.181926
0.179696
0.186323
0.191781
0.201376
0.19178
0.197416
0.193879
0.178307
0.197157
0.192805
0.0254767
0.0304987
0.0297033
0.0342872
0.0255105
0.0305078
0.0297125
0.0343046
0.0632119
0.0657759
0.0599239
0.0626368
0.0631769
0.065734
0.0598831
0.0626083
0.157584
0.155208
0.180337
0.157278
0.17513
0.135577
0.185829
0.163888
0.174578
0.138401
0.185335
0.173115
0.156979
0.154477
0.179205
0.159039
0.153841
0.0632563
0.137329
0.0919683
0.160477
0.141552
0.11823
0.145082
0.140525
0.159403
0.14484
0.118533
0.0628667
0.153321
0.0916252
0.109732
0.171003
0.191893
0.195792
0.202279
0.182439
0.205072
0.205493
0.212426
0.226928
0.206536
0.230575
0.241287
0.216686
0.205301
0.219834
0.220068
0.173326
0.194026
0.197851
0.204369
0.217476
0.20589
0.220782
0.220825
0.227719
0.207034
0.231311
0.241869
0.184095
0.205965
0.207279
0.214094
0.0826392
0.0804718
0.0906896
0.0842617
0.0805324
0.08272
0.0843042
0.0907589
0.110699
0.108242
0.111112
0.105806
0.108141
0.110604
0.105715
0.111049
0.40556
0.384411
0.446314
0.425965
0.430469
0.428207
0.453634
0.447727
0.428202
0.430505
0.447719
0.453634
0.383958
0.405566
0.426039
0.446244
0.210628
0.224892
0.228012
0.234559
0.150643
0.151637
0.155435
0.176386
0.154441
0.150758
0.17712
0.176903
0.196853
0.219158
0.224868
0.249785
0.211851
0.226556
0.228659
0.235228
0.197227
0.219997
0.225322
0.250301
0.154496
0.150979
0.177103
0.177315
0.150772
0.151914
0.154043
0.176652
0.0823096
0.0981766
0.0772416
0.0837523
0.0824018
0.0983615
0.0777249
0.0839041
0.050403
0.0439939
0.0586605
0.059708
0.0503355
0.0438491
0.0585711
0.0598463
0.240652
0.283247
0.214483
0.25833
-0.00982936
-0.00345003
0.00567847
0.010141
-0.00982829
-0.00345454
0.00568002
0.010144
0.240651
0.283259
0.214472
0.258323
0.121406
0.138052
0.165408
0.109649
0.134581
0.121765
0.109675
0.165257
-0.0312815
-0.0302438
-0.00490876
0.00912819
-0.030242
-0.03127
0.00905004
-0.00443782
0.0557149
0.0393651
0.01647
0.106547
0.129682
0.0218851
0.0935236
0.0242943
-0.00344755
0.0747366
0.0598117
0.00896701
0.0768699
0.0596567
0.0933136
0.146463
0.0834137
0.0838119
0.0861941
-0.0357125
0.00304329
0.0219332
0.0605734
-0.00503584
0.0164145
0.106172
0.0554079
0.0390096
0.129575
0.0219644
-0.00338006
0.0747388
0.0923448
0.0234988
0.0596577
0.00903674
0.0918539
0.144342
0.0774332
0.0592399
0.0836877
0.082574
0.00300131
0.021882
0.0856706
-0.0355869
0.0606009
-0.00502773
0.141403
0.0790958
0.148543
0.0804098
0.143745
0.153242
0.072247
0.0778803
0.128678
0.0547455
0.181568
0.111345
0.17138
0.253496
0.113269
0.115428
0.150305
0.117574
0.177226
0.178857
0.149575
0.242679
0.184858
0.274286
0.117249
0.198854
0.172997
0.168683
0.130219
0.238158
0.334846
0.308327
0.142993
0.0735895
0.0722883
0.0779401
0.150479
0.0793748
0.146795
0.156394
0.129184
0.0565455
0.11383
0.115675
0.182783
0.111505
0.172246
0.255379
0.150696
0.117718
0.185191
0.27434
0.177273
0.179289
0.149793
0.243443
0.117444
0.199108
0.334595
0.308262
0.173234
0.169094
0.130364
0.238201
0.0940802
0.0574684
0.0987101
0.113575
0.139968
0.14335
0.167294
0.185654
0.0163418
0.152879
0.0163547
0.151288
0.0206733
0.020685
0.181137
0.181129
0.190765
0.0373096
0.206419
0.0557478
0.194126
0.19745
0.04649
0.0534114
0.146408
0.123423
0.127397
-0.0320294
0.164175
0.162554
0.138619
-0.0157868
0.0268989
0.0635476
0.0269139
0.0635871
0.0415797
0.0415593
0.0885496
0.0885478
0.182576
0.0504904
0.174411
0.0503979
0.205495
0.196921
0.0542775
0.0572783
0.15408
0.227822
0.153531
0.22729
0.182035
0.181704
0.274037
0.27239
0.147189
0.125369
0.146404
0.135363
0.16728
0.1941
0.152094
0.157027
0.0183541
0.0592605
0.0183337
0.0591872
0.0132096
0.0132098
0.0207861
0.020841
0.102422
-0.00732474
0.104497
0.136368
0.143541
0.153841
0.118974
0.0427692
0.0929507
0.0565198
0.0968692
0.112077
0.143484
0.146467
0.184414
0.166394
0.19458
0.037352
0.209936
0.055782
0.199492
0.201942
0.0465396
0.0534682
0.146258
0.123361
0.122937
-0.0319701
0.162628
0.163993
0.138537
-0.0365799
0.183459
0.0502856
0.175319
0.0507064
0.206966
0.198603
0.0572554
0.0575597
0.147674
0.124401
0.146655
0.134289
0.194643
0.167802
0.155527
0.15063
0.10238
-0.0072848
0.10461
0.136571
0.154033
0.143631
0.0427784
0.118978
0.161071
0.0922296
0.172679
0.101616
0.159641
0.159104
0.0976248
0.100699
0.200408
0.20333
0.204491
0.211326
0.187429
0.198983
0.194246
0.206982
0.0715507
0.077016
0.0715715
0.0770375
0.0754379
0.0754277
0.0794127
0.0794246
0.224813
0.23937
0.231745
0.235037
0.206232
0.223126
0.243383
0.251546
0.117901
0.113469
0.117948
0.113528
0.115394
0.115371
0.11274
0.112776
0.148305
0.233039
0.142832
0.23129
0.180345
0.181145
0.355171
0.352556
0.232211
0.316015
0.231844
0.316016
0.191729
0.191729
0.358613
0.358584
0.404815
0.356446
0.404816
0.356447
0.42268
0.422679
0.333792
0.333786
0.162538
0.0924332
0.173927
0.101855
0.162237
0.161352
0.0981717
0.102304
0.202547
0.205381
0.205618
0.212545
0.200502
0.189385
0.196045
0.208368
0.22585
0.240712
0.2327
0.235853
0.224119
0.207623
0.244731
0.252425
0.148526
0.233073
0.143009
0.231278
0.181521
0.180719
0.352545
0.35516
0.185078
0.184826
0.182096
0.188339
0.199207
0.191924
0.190025
0.195667
0.187294
0.194007
0.192324
0.196704
0.193395
0.200638
0.197329
0.192385
0.0378439
0.0378491
0.0467541
0.053216
0.046769
0.053238
0.0560088
0.0559992
0.21244
0.212228
0.209636
0.208696
0.208387
0.209247
0.210215
0.210071
0.269649
0.291249
0.264335
0.264094
0.259179
0.258345
0.290814
0.269249
0.213444
0.215333
0.198326
0.2123
0.201695
0.217152
0.22377
0.221337
0.215227
0.217052
0.199958
0.213567
0.21828
0.203164
0.222406
0.224779
0.0986518
0.103552
0.0960537
0.0960701
0.105811
0.105791
0.0986877
0.10359
0.475186
0.475063
0.467666
0.467663
0.470186
0.470186
0.475059
0.475187
0.198424
0.19502
0.236261
0.221204
0.200051
0.242357
0.236139
0.243678
0.195496
0.199114
0.23755
0.222092
0.242985
0.20026
0.237075
0.244389
0.0648432
0.0647986
0.0692325
0.0660873
0.0693525
0.0661925
0.071013
0.0710663
0.0367306
0.0367963
0.153992
0.0786666
0.0786773
0.153997
0.194012
0.194013
0.17694
0.0708978
0.183608
0.18342
0.023349
0.0233585
0.175139
0.0709389
0.119655
0.132976
0.0461418
0.0828878
0.0212161
0.0208479
0.133665
0.159781
0.161421
0.18283
0.0274743
0.0351106
0.125831
0.14982
0.0766724
0.141064
0.0195077
0.0409808
0.0638656
0.0902526
0.133196
0.163733
0.0272492
0.0353525
0.110678
0.119323
0.106672
0.0812963
0.131594
0.158356
0.181629
0.18443
0.124336
0.184853
0.123126
0.142311
0.123456
0.148865
-0.0637595
-0.0258589
0.00125105
0.00754904
-0.00849996
0.0172873
0.107605
0.128951
-0.0194448
-0.000141897
0.0212488
0.0208831
0.13334
0.159666
0.123425
0.136805
0.0451649
0.0832824
0.167185
0.18825
0.027512
0.0351748
0.0195944
0.0410465
0.0638856
0.0904986
0.125925
0.149783
0.0766851
0.141004
0.133461
0.165481
0.0273888
0.0355764
0.130903
0.157714
0.180563
0.185465
0.111457
0.121114
0.106997
0.0805088
0.125022
0.185184
0.121697
0.140839
0.00124901
0.00754975
-0.00836243
0.0170718
0.123515
0.149003
-0.0638012
-0.0238778
0.107701
0.129112
-0.0194451
-0.000138029
0.166644
0.193681
0.067473
0.0599774
0.157842
0.159068
0.0830064
0.0914961
0.167423
0.188958
0.168338
0.198739
0.0769217
0.0756439
0.077806
0.0794364
0.214303
0.207647
0.0617241
0.0599955
0.158743
0.160281
0.11072
0.106523
0.186938
0.215146
0.228033
0.233451
0.112917
0.115861
0.113324
0.112789
0.180252
0.174177
0.11048
0.159399
0.200955
0.206655
0.202844
0.215754
0.180472
0.181228
0.35291
0.355809
0.155032
0.18125
0.334374
0.352715
0.16611
0.161995
0.264399
0.191888
0.206644
0.232086
0.201207
0.233374
0.174863
0.178107
0.351247
0.347974
0.398921
0.418801
0.311646
0.325679
0.169863
0.196911
0.0674985
0.0600372
0.0769527
0.0756744
0.0778751
0.079472
0.161524
0.161789
0.0830858
0.09187
0.169995
0.191339
0.170798
0.200932
0.2156
0.20903
0.0618359
0.0601479
0.113031
0.115929
0.113498
0.112895
0.16069
0.162338
0.111075
0.106501
0.188463
0.216719
0.229718
0.234859
0.18068
0.174645
0.114367
0.157847
0.158695
0.180231
0.334129
0.352517
0.201603
0.207741
0.203474
0.216748
0.180876
0.181628
0.35264
0.35548
0.166523
0.162235
0.264374
0.191886
0.398956
0.418799
0.311645
0.32569
0.207099
0.232793
0.201603
0.234169
0.175203
0.178452
0.351248
0.348094
0.173169
0.158197
0.165038
0.181084
0.201807
0.242566
0.247086
0.217636
0.0252189
0.0338439
0.0338522
0.0252357
0.120371
0.0857708
0.0855735
0.120098
0.174921
0.185426
0.187495
0.182828
0.0384193
0.0391873
0.0573233
0.056622
0.169131
0.191899
0.184745
0.168714
0.175419
0.156016
0.00310652
0.0309109
0.0513138
0.0603522
0.0602772
0.0512695
0.126249
0.180689
0.180551
0.126308
0.21358
0.231249
0.206115
0.196004
0.0707657
0.0553038
0.0463583
0.0644298
0.204952
0.189447
0.188963
0.204519
0.189106
0.16205
0.157932
0.208645
0.182199
0.200285
0.196115
0.19922
0.167088
0.191409
0.197902
0.176009
-0.00263861
0.0159665
0.0159702
-0.00260279
-0.0246942
0.00677738
0.0067164
-0.0245562
0.163371
0.189881
0.241704
0.187834
0.169396
0.186688
0.0300255
0.0106789
0.165507
0.183699
0.182535
0.166842
0.217509
0.24644
0.242079
0.201087
0.188197
0.190279
0.199191
0.190417
0.0392119
0.0384366
0.0566508
0.0573637
0.168121
0.18513
0.191651
0.168637
0.155775
0.174636
0.0313476
0.00308311
0.232983
0.21496
0.197218
0.207144
0.0555056
0.0709263
0.0645649
0.0465837
0.199939
0.197337
0.201466
0.182873
0.175401
0.196798
0.189605
0.16642
0.188139
0.242283
0.189482
0.165536
0.0106723
0.0300342
0.186709
0.169417
0.173836
0.204918
0.209838
0.180093
0.096369
0.0933148
0.103185
0.106187
0.191573
0.191039
0.198823
0.199719
0.210313
0.207282
0.215693
0.219001
0.0654422
0.0593878
0.0593675
0.0654213
0.0818369
0.0936238
0.0936543
0.0818629
0.217424
0.217704
0.226106
0.226078
0.236163
0.235771
0.252214
0.249794
0.113233
0.108447
0.108406
0.113189
0.0982407
0.0725672
0.0726678
0.0983332
0.208133
0.228069
0.22276
0.206704
0.451112
0.466505
0.467694
0.451682
0.160659
0.206477
0.206123
0.145589
0.454461
0.395701
0.396305
0.454407
0.437201
0.462069
0.462069
0.437203
0.227393
0.297801
0.297931
0.227492
0.206908
0.175998
0.181936
0.211613
0.0934067
0.0964186
0.106247
0.103287
0.201054
0.200501
0.195836
0.193794
0.209261
0.212187
0.220119
0.216864
0.226961
0.227046
0.219525
0.219044
0.237013
0.236887
0.250441
0.252932
0.207263
0.223673
0.228877
0.208671
0.451675
0.467694
0.466496
0.450703
0.0720352
0.161742
0.155965
0.0563161
0.20139
0.181432
0.171623
0.189303
0.187072
0.178147
0.177104
0.187258
0.100921
0.0847753
0.159453
0.161411
0.141665
0.167191
0.174241
0.170931
0.190871
0.183959
0.184743
0.193669
0.192123
0.19149
0.189766
0.193053
0.204683
0.19925
0.185733
0.185706
0.147774
0.154616
0.196538
0.19819
0.142443
0.195566
0.186723
0.150213
0.197294
0.198466
0.194489
0.20374
0.202568
0.206299
0.201783
0.19486
0.0627297
0.0843457
0.147142
0.0990381
0.109845
0.161612
0.163352
0.0653782
0.188366
0.198968
0.185571
0.177127
0.146586
0.137659
0.187434
0.202239
0.0719883
0.0559955
0.164107
0.17127
0.0995632
0.16452
0.16228
0.0839401
0.189291
0.190115
0.179879
0.18035
0.205154
0.193183
0.185896
0.2005
0.0630277
0.0993195
0.147852
0.0852945
0.146877
0.202976
0.188145
0.137989
0.194752
0.185496
0.186782
0.2002
0.108104
0.066182
0.164418
0.170751
0.14812
0.198849
0.197211
0.154853
0.204102
0.196413
0.202892
0.207371
0.198989
0.204948
0.195481
0.200103
0.142696
0.150452
0.187437
0.196339
0.143361
0.174411
0.177199
0.169726
0.208298
0.205605
0.200556
0.202696
0.194519
0.195309
0.192615
0.194484
0.192791
0.196012
0.187166
0.185957
0.0127778
0.0170504
0.02593
0.0262066
0.0163059
0.0250813
0.0253485
0.0163851
0.0463941
0.0471132
0.0340666
0.0335986
0.0453007
0.0338212
0.0348485
0.0479448
0.0129294
0.0262609
0.0259565
0.0170954
0.0453501
0.0479803
0.0348652
0.0338604
0.0464015
0.0336028
0.0340798
0.0471356
0.0163124
0.0164303
0.0253737
0.0250897
0.0728636
0.072373
0.0665362
0.0667979
0.0715011
0.0652745
0.0656091
0.071641
0.0528643
0.0536107
0.0596559
0.0591189
0.0524346
0.059088
0.0602997
0.054392
0.0757217
0.0670371
0.0665015
0.0723315
0.0523716
0.0543435
0.0602604
0.0590639
0.052854
0.0591087
0.0596253
0.053577
0.0714907
0.0716099
0.0655776
0.065264
0.0651233
0.0986706
0.144563
0.114805
0.129686
0.170491
0.161943
0.119049
0.212422
0.210644
0.186961
0.194456
0.162466
0.140999
0.170997
0.196172
0.168064
0.20212
0.124396
0.125587
0.234862
0.154241
0.151809
0.225158
0.210671
0.197188
0.197123
0.209141
0.134115
0.1354
0.175739
0.173744
0.168058
0.132153
0.12799
0.202212
0.133037
0.173856
0.175175
0.134364
0.210542
0.208984
0.196191
0.19574
0.234841
0.225121
0.147178
0.151794
0.063768
0.114068
0.143849
0.0974894
0.162104
0.195884
0.170316
0.140377
0.212255
0.192667
0.185202
0.210421
0.128727
0.11806
0.161466
0.170135
0.0542195
0.0124472
0.137343
0.144702
0.105153
0.214723
0.138954
0.0106005
0.28042
0.131441
0.109404
0.256302
0.180612
0.142822
0.0746319
0.0970591
0.0710569
0.196155
0.171528
0.0494085
0.239558
0.179338
0.155499
0.21866
0.302623
0.276813
0.129847
0.15788
0.120916
0.0253472
0.149801
0.2339
0.0694657
0.04962
0.170098
0.195729
0.119623
0.232903
0.148896
0.0240622
0.302345
0.156821
0.129585
0.27615
0.238886
0.217963
0.155016
0.178732
0.0539255
0.144429
0.137438
0.0110519
0.165528
0.0969485
0.0743451
0.141329
0.280166
0.255695
0.108979
0.131251
0.104129
0.00969288
0.136508
0.213897
0.1476
0.150865
0.16965
0.165638
0.16449
0.175681
0.1724
0.157396
0.199105
0.197547
0.203619
0.206217
0.192849
0.196321
0.200796
0.195294
0.182876
0.201603
0.185399
0.179323
0.230065
0.203736
0.21207
0.21598
0.200793
0.208719
0.211539
0.202555
0.169784
0.175278
0.181099
0.178738
0.127686
0.128676
0.205303
0.205258
0.143773
0.208069
0.207171
0.137791
0.215992
0.21837
0.229636
0.226821
0.230137
0.233859
0.229886
0.218904
0.1491
0.201098
0.20412
0.149756
0.204787
0.208534
0.217828
0.213336
0.213482
0.224215
0.221362
0.211341
0.147216
0.149302
0.206125
0.207335
0.14959
0.168081
0.172038
0.152739
0.194686
0.197049
0.202941
0.19856
0.200696
0.208153
0.20566
0.19922
0.165884
0.159069
0.174631
0.17776
0.149327
0.149952
0.204728
0.201744
0.147327
0.207907
0.206728
0.149493
0.214717
0.21264
0.222294
0.225102
0.206216
0.214363
0.218805
0.209896
0.127857
0.205703
0.205798
0.12948
0.23112
0.219928
0.230599
0.234578
0.217158
0.227663
0.230399
0.219462
0.143928
0.13795
0.207622
0.208605
0.184046
0.18054
0.186702
0.203372
0.171081
0.180642
0.182852
0.176486
0.202298
0.203986
0.213237
0.210562
0.231335
0.217487
0.213689
0.205125
0.0781252
0.0753939
0.0802221
0.0828578
0.077004
0.0818242
0.0818487
0.0770272
0.0985293
0.098846
0.093745
0.0935743
0.0948007
0.0895854
0.0908216
0.0958031
0.0765988
0.0824186
0.080297
0.0754572
0.0950393
0.0958988
0.0909091
0.089768
0.0985472
0.0935895
0.0937907
0.0988998
0.0770147
0.0770594
0.0818877
0.0818372
0.113601
0.115061
0.110636
0.109226
0.117771
0.113016
0.113521
0.118195
0.103397
0.103793
0.10868
0.108224
0.0994881
0.104619
0.105765
0.100809
0.113421
0.109064
0.110529
0.114942
0.0992492
0.100708
0.105664
0.104431
0.103378
0.108204
0.108618
0.103735
0.117748
0.118125
0.113455
0.112994
0.238885
0.23323
0.371909
0.291908
0.234027
0.458267
0.433199
0.232175
0.474627
0.453402
0.451838
0.472994
0.318492
0.310953
0.39207
0.396721
0.233955
0.381442
0.414602
0.223288
0.405619
0.437996
0.434286
0.401448
0.475103
0.472768
0.459208
0.462392
0.23316
0.229237
0.442001
0.457998
0.233677
0.223266
0.414629
0.38149
0.233131
0.457591
0.442043
0.229231
0.475103
0.46239
0.459207
0.47277
0.405617
0.401456
0.434283
0.437996
0.238861
0.291976
0.37174
0.233192
0.318489
0.397365
0.391644
0.310963
0.474627
0.472996
0.451691
0.453327
0.234064
0.232174
0.433088
0.457863
0.184963
0.159537
0.213732
0.237129
0.170682
0.212312
0.212244
0.169928
0.23454
0.237804
0.238041
0.226015
0.240644
0.233613
0.230184
0.241494
0.0089608
0.110948
0.138464
0.10764
0.151883
0.168355
0.154938
0.13806
0.226058
0.214333
0.174952
0.18465
0.180278
0.155882
0.16834
0.20847
0.0490386
0.0709274
0.136472
0.105457
0.10589
0.171543
0.158381
0.0865163
0.209379
0.188816
0.184393
0.196712
0.150221
0.114215
0.163126
0.171961
0.119114
0.20308
0.199293
0.106442
0.244006
0.249966
0.243191
0.232429
0.242283
0.224244
0.249994
0.245772
0.106168
0.104757
0.193111
0.182799
0.186816
0.238905
0.215025
0.160851
0.241844
0.242667
0.231566
0.234696
0.235426
0.227166
0.239759
0.238791
0.170874
0.171993
0.213331
0.213681
0.119006
0.106584
0.199678
0.203445
0.106242
0.1831
0.19346
0.104863
0.242901
0.246527
0.250656
0.224745
0.244281
0.23281
0.243833
0.250803
0.0493303
0.105473
0.136594
0.0708434
0.149804
0.172318
0.163117
0.113381
0.209965
0.196933
0.180303
0.189203
0.10588
0.0865229
0.159641
0.171888
0.00764973
0.107377
0.138667
0.110082
0.180264
0.209473
0.169251
0.156084
0.22756
0.185271
0.174722
0.215323
0.151674
0.137824
0.154459
0.168799
0.118699
0.11395
0.0977371
0.0618719
0.113391
0.0982729
0.0982086
0.113547
0.0693767
0.0690892
0.0724642
0.0726711
0.0504949
0.0556196
0.0684363
0.042179
0.118739
0.0622865
0.097886
0.114105
0.0508837
0.0424392
0.0685833
0.055766
0.0694378
0.0727214
0.0726152
0.0692689
0.11342
0.113636
0.0983474
0.0983191
-0.00585299
0.00130545
0.0321949
0.0221189
0.0273249
0.0515531
0.0510348
0.0262737
0.0663146
0.0660713
0.060199
0.0605056
0.0505076
0.0391002
0.036623
0.0485412
-0.0057709
0.0219209
0.031941
0.00125577
0.050436
0.0482775
0.0364396
0.0388329
0.066262
0.0604683
0.0600865
0.0659134
0.0273262
0.0262506
0.050989
0.0515311
0.218111
0.216726
0.278533
0.336985
0.100251
0.131296
0.206401
0.175557
0.157303
0.230055
0.22287
0.149605
0.359098
0.35342
0.29219
0.300048
-0.00153811
0.00758386
-0.0144538
-0.0283279
0.0207915
-0.00169977
-0.00561376
0.0150212
0.0817259
0.074194
0.0133256
0.0166513
0.0223972
-0.011423
0.00566259
0.0538962
-0.0015489
-0.0283129
-0.0144531
0.00764686
0.0223506
0.0538999
0.00562258
-0.0114212
0.0817268
0.0166522
0.0133279
0.0741777
0.0207718
0.0149947
-0.00561437
-0.00169634
0.21749
0.336984
0.27855
0.216698
0.359118
0.300237
0.292199
0.353332
0.157304
0.149641
0.222865
0.230176
0.10036
0.176438
0.206511
0.131302
0.0488004
0.0839824
0.0898385
0.0619284
0.0671301
0.130329
0.119293
0.0912088
0.178755
0.172221
0.174229
0.18371
0.12118
0.122402
0.155039
0.153292
0.0480366
0.0610461
0.0898468
0.0842306
0.12108
0.153038
0.154937
0.122337
0.17696
0.18361
0.174074
0.169211
0.0671456
0.0914696
0.119612
0.130405
0.00211306
0.0358205
-0.0466194
-0.0957248
0.0614551
-0.0193821
-0.0277415
0.0575306
0.0701004
0.0676286
0.0133296
0.00887898
-0.0592074
-0.0510555
-0.00628767
-0.02382
0.00298276
-0.0956185
-0.0466227
0.0357902
-0.0395631
0.00097338
-0.00617726
-0.0510896
0.0700732
0.00888775
0.0142875
0.0672761
0.0614716
0.0577703
-0.0266403
-0.0193509
