-0.735
0.115
-1.80511
-0.843063
0.175
1.735
-0.735
0.794959
-1.615
-0.500604
1.435
1.565
0.735
0.115
-1.80511
0.843037
0.175
1.735
0.775
0.815
-1.56514
0.50058
1.435
1.565
0.0150596
-0.0166654
0.114449
0.128167
0.0151974
-0.016202
0.0824567
0.11206
0
0
0
0
0
0
0
0
0
0
0
0
0
0
0
0
0
0
0
0
0
0
0
0
0
0
0
0
0
0
0
0
0
0
0
0
0
0
0
0
0
0
0
0
0
0
0
0
0
0
0
0
0
0
0
0
0
0
0
0
0
0
0
0
0
0
0
0
0
0
0
0
0
0
0
0
0
0
0
0
0
0
0
0
0
0
0
0
0
0
0
0
0
0
0
0
0.0792326
0.00516951
0.00183524
0.117716
0.00502437
0.00853889
0.120311
0.0329723
0.0352746
0.0318297
0.0754134
0.00343517
0.117627
0.00581368
0.0109536
0.0318269
0.00198005
0.117109
0.00275927
0.151453
0.0375082
0.0120914
0.238278
0.21265
0.00182946
0.115029
0.150137
0.0123675
0.141786
0.13089
-0.00113809
0.095066
0.333688
0.140952
0.139397
0.0201314
0.304792
0.174414
0.174648
0.0122253
0.134595
0.267748
-0.00526952
0.00256645
-0.000645914
0.0598895
0.00234459
-0.00293954
0.00538199
0.0384247
0.0286039
0.00194612
0.00969592
0.0191666
0.00257209
-0.00248263
-0.00135376
-0.0376868
0.0592121
-0.00565866
0.0332391
0.00120923
0.0171123
0.00987589
0.00235273
0.0190073
0.012102
0.000212053
0.0479716
-0.00346667
-0.0025085
-4.9608e-05
0.019489
0.0127735
0.00772686
0.0462492
0.00300187
0.100685
0.00297481
0.00969843
0.00222857
0.103178
0.0113944
-0.00352198
0.000199686
0.0472904
6.43157e-05
0.0125885
-0.000171603
0.0191631
0.00722527
0.113812
0.0478765
0.00295218
0.00300864
0.105425
0.0120412
0.00294166
0.0420388
0.0843265
-0.00187941
-0.0243467
0.0507526
-0.000967625
0.0525408
0.065271
0.00122026
0.203051
0.0395975
0.00304742
0.0125752
-0.0265055
0.0593857
0.0434152
0.00437527
0.0352623
0.0053708
0.0473396
0.0336221
0.0931934
0.0505002
-0.0015607
0.0519762
0.0656366
0.0401729
-0.0108782
0.057182
0.0301928
0.00913376
0.0482566
0.0253037
0.00388982
0.0122579
0.00151602
-0.00245909
4.06088e-07
0.00248882
-0.00382024
-9.69589e-07
0.0038452
0.0332844
0.141544
0.00753584
0.0312336
0.00910232
0.00305178
0.026005
0.00382885
0.0045255
0.00142897
0.0022824
-0.00434685
0.0353378
0.146821
0.07205
0.0572536
0.0444242
0.0886651
0.067221
0.0756016
0.0442294
0.0570419
-0.00129555
-0.00159034
-0.00249225
-0.00217321
0.0474941
0.0588295
0.073096
0.0488644
0.0425471
0.0114419
0.0212968
0.049196
0.0407157
0.0204701
0.0271545
0.0430587
0.0417129
0.044797
0.0302344
0.0204779
0.000199818
0.000142425
0.00820059
0.00832318
0.145969
0.131724
0.135088
0.155998
0.0311764
0.0627119
0.0451042
0.00616734
0.0318863
0.00596939
0.0446216
0.06262
0.0146586
0.0150175
-0.0214753
0.00612654
0.0748681
0.0323039
0.032673
0.0762992
0.219603
0.219501
0.0682563
0.0682646
-0.00168003
0.00255147
-0.000142449
-0.00120112
0.00180538
-0.00532409
0.00541898
0.0236645
0.016652
0.000248605
0.00728601
0.00899576
0.00255424
-0.00207839
-3.89176e-06
0.0218072
-0.000652576
-0.00328493
0.0217906
-0.00572849
0.00279966
0.00722614
0.000195894
0.0090327
0.00734253
5.07697e-07
0.00192545
-0.000267225
-0.00790207
-0.000181471
0.0320008
0.0192484
0.00413484
-0.0173413
0.000505624
0.0791849
0.00145949
0.00352232
0.00635797
0.0842002
0.00717745
-0.000307345
5.76433e-06
0.00186234
-0.00895173
0.0190728
-0.000329793
0.0316711
0.00473568
0.0932034
-0.012101
0.000827879
0.00149654
0.0855602
0.00243898
0.00632137
0.00662049
0.0079652
0.0274196
0.0477544
1.93648e-06
4.80057e-06
-0.00187437
0.145331
-0.000321823
0.00103077
0.054797
-0.000418967
-0.00611804
0.0116953
0.0108137
0.0385547
4.6218e-05
0.0200558
0.00249032
0.124646
0.00119646
0.0137502
0.0318958
0.00322968
0.00672258
0.00680995
0.00578354
0.0810188
-0.00574281
0.00244407
0.00468149
0.000515434
0.00109385
0.00150051
0.000897482
0.0154239
0.00448235
0.000585482
0.00791396
0.039675
0.00633181
0.00473544
0.0217864
0.0555724
-0.000501294
0.00480925
0.056514
-0.000925764
-0.0059894
0.0112756
0.0107245
0.0383998
0.00445584
0.013846
0.0321261
0.0115139
-0.00533587
0.0031041
0.00670355
0.0254502
0.00488766
0.00049552
0.00564633
0.0405089
0.000159236
-5.09403e-05
0.0175795
0.00867137
-0.0101125
0.0163617
-0.0136034
6.0036e-05
0.00226795
0.0022684
-0.00231535
-4.43194e-08
0.00846315
0.0349547
0.000446712
0.000572886
0.0071213
0.00712159
-7.10641e-07
-0.00406741
0.00103816
0.000734236
-0.0138785
0.0945566
0.00623486
0.00624999
0.00202111
2.87223e-05
0.00392259
0.00398956
0.00115885
0.00117236
0.000163799
-6.47948e-05
0.0165628
0.00861884
-0.0106187
0.0153194
-0.00949911
0.000111185
0.00843608
0.0341607
0.00054305
0.000552181
0.000681629
0.000720019
-0.0150305
0.0924913
-0.00229383
0.00175068
0.0084285
-0.000276367
-0.0023705
0.00188035
0.00823192
0.00388438
-2.1936e-06
-5.53962e-05
-5.58872e-05
-4.01497e-06
-0.0137255
-0.000365313
0.00285486
0.0013046
0.0118821
-0.0677129
-0.0553075
0.0116001
0.00481519
0.000550491
0.000674198
0.0246761
0.00425528
0.000614937
0.00074205
0.0231777
0.00296332
-6.62868e-07
-3.37553e-08
0.00296379
0.00495878
0.00583172
0.00364216
0.00504787
0.00961267
0.0117232
0.00930258
-0.0064789
0.00963713
0.0113353
0.00470528
-0.00696081
0.00197015
2.35807e-05
0.00742668
-0.00390623
0.00134594
0.00204149
0.00208564
0.000707875
0.00047403
-0.0377218
0.0272611
0.000252259
0.0345027
0.0643823
-0.00171321
0.10646
0.0560384
0.00027658
0.0141349
0.0625223
0.00121568
0.10928
0.017146
0.00454279
0.0222264
0.0800058
0.00890609
0.0388796
0.00818232
0.0190469
0.0191905
0.0278773
0.00247661
0.0151151
0.0128452
0.0173606
-0.00171565
0.105666
0.0365152
0.066727
0.0584449
0.000244393
9.09095e-05
0.127444
0.0144354
0.0626982
0.0182969
0.0181186
0.00838642
0.074142
0.0193121
0.0885946
0.00812686
0.0256271
0.00226876
0.0148689
0.0188317
0.0277551
0.0127342
0.0174211
0.0450059
-0.00423889
0.00506942
0.00401173
0.00405822
0.00338376
8.41835e-07
-2.53969e-07
0.0265478
0.0170833
0.0271894
0.0141152
-1.30241e-05
-0.0104092
0.00377412
-0.000416888
0.00696498
0.0354383
0.000968333
0.000443099
-0.0196872
0.107717
0.00213842
0.00336036
0.00812292
0.0632547
-0.000560628
-0.00280414
-0.00578836
0.0912344
0.00182223
0.00161834
0.0450089
-0.00427684
1.38147e-06
1.82506e-07
0.00413107
0.00396574
-0.000518042
0.00266925
0.0276594
0.0165217
-0.00540454
-0.000416276
0.0267026
0.0140502
-1.65516e-05
-0.0105667
0.00832503
0.0500149
0.00192107
0.00341515
0.00100153
0.000347152
-0.020689
0.102837
0.0079439
0.0646418
0.00162797
0.00156244
-0.000256683
0.000323938
-0.00467893
0.0901798
0.00444742
0.00114466
-0.0439317
0.0467649
-6.53254e-05
-6.58097e-05
-1.76925e-05
0.00011877
-0.00413444
0.00201836
-2.01903e-06
-4.81838e-06
0.0147396
0.00645148
-0.0216427
0.0144027
0.0128783
-0.00114173
0.00754867
0.00754
0.00422766
0.000108799
-0.00389481
0.000674755
0.0028921
0.003004
0.0146031
0.0125773
-0.00351002
0.00375168
-0.00666521
-0.0157614
0.00160553
0.00154389
0.00539624
0.00545336
0.00844248
-0.000502054
0.000790263
0.00118066
0.00480121
0.00102159
0.0393988
-0.0417646
-0.00418711
0.00183735
1.08404e-07
-3.67796e-06
0.00651756
0.0150048
-0.0215471
0.0142871
0.00496684
0.000376072
-0.00702347
-0.000297659
0.00257065
-0.00534247
-0.00114266
0.00402697
-0.00273613
0.00636312
0.00116036
0.000749854
-6.96362e-05
-0.00105517
1.05283e-06
9.46857e-06
0.000589105
0.00268478
-0.00372175
0.0192377
-4.5112e-05
-4.46694e-05
0.00262113
0.00262129
0.00827736
0.0345141
-0.00288934
0.03624
0.0033428
0.00334605
3.90223e-05
3.87103e-05
0.00138139
0.000868181
0.0119637
0.00348576
0.00476056
0.0043312
0.00634766
0.00892728
0.0047039
0.00473232
0.00227981
0.00240501
1.58749e-05
-0.00117273
1.61277e-06
8.71968e-06
0.00232637
0.00442817
-0.0046655
0.0181722
0.0299255
0.00790193
-0.00320182
0.0363988
0.00123289
0.000646391
0.00333143
0.0109303
0.059221
0.0556241
0.000588744
0.0326306
0.0803131
-0.000111677
0.00124868
0.0499943
-0.00531053
0.00680901
0.0124781
0.006308
0.0220346
0.0316356
0.00279365
0.0144453
0.0654125
0.0283021
0.00042556
0.055237
0.0138138
0.0137309
0.00332936
0.0309358
0.00141985
0.00758685
0.0136976
0.00935293
0.078852
0.0495991
0.00326703
-0.000260551
-0.000453611
-0.0018615
-6.27258e-05
-7.4081e-05
-0.000477959
-0.00039323
-6.19361e-05
-0.00186211
-0.00866334
-0.00119483
-5.44858e-05
-0.00265438
-0.00858583
-0.00234376
-5.45486e-05
-0.00119497
0.0274791
0.0187425
-0.00910407
0.011293
0.0687613
0.00726347
-0.00231868
0.00806491
0.0841472
0.0302617
0.00428683
0.00718747
0.0305831
0.0113004
-0.00995386
0.0315527
0.0836211
0.0586742
-0.0557426
0.13497
0.0820596
0.0898789
0.0207061
0.0726774
0.091925
0.0737582
-0.0163357
0.0902337
0.08475
0.134492
-0.0544187
0.0668761
0.00319316
0.0104279
0.00125444
-0.00697373
0.0301638
0.00873067
0.00736496
0.0226144
0.00507761
-0.00920578
0.0377684
0.0328141
-0.0219663
0.0181929
0.0220322
-0.016308
0.00275119
-0.0074477
0.000695442
0.00923851
-0.0233779
-0.017441
0.0209162
0.0171725
0.00380129
0.0319238
0.037012
-0.0107207
0.0297145
0.0218905
0.0069443
0.00862423
0.00183962
0.00244446
0.0027916
0.00642911
0.0018189
0.00638746
0.00279218
0.00244481
0.0166043
0.00676149
0.0031435
0.0114196
0.0167311
0.0114718
0.00314326
0.00676096
0.1086
0.103833
0.013653
0.0080724
0.0884566
0.00574444
0.00824182
0.0937917
0.0885102
0.0917771
0.00821529
0.00570258
0.115347
0.00804182
0.013363
0.10045
0.0275076
0.0410668
0.00707053
0.00320552
0.0246007
0.0407051
0.014128
0.0262899
0.0251561
0.0186579
0.0172664
0.0297128
0.00753726
0.0364633
0.0314355
0.00885431
0.0268007
0.00303279
0.00687438
0.0411227
0.00671825
0.00756142
0.0301897
0.0361431
0.024074
0.0295667
0.0159329
0.0176438
0.0255014
0.0266095
0.013943
0.0408282
0.0142194
-0.00221022
-0.00387017
0.00430174
0.0136904
0.00816183
-0.000168779
-0.00221033
0.0187219
0.0159973
0.0120653
0.0162305
0.00388327
0.00438154
0.00135372
0.00188299
0.0875224
0.0522424
0.00286147
0.00443488
0.0138256
0.00299722
0.00309073
0.0293814
0.0137443
0.029863
0.00308673
0.00263834
0.0874531
0.00449291
0.00289944
0.0532762
0.117636
0.1246
-0.0299733
0.0348518
0.126523
0.0349801
-0.0300457
0.133816
0.0276374
0.0194747
0.0259855
0.0456888
0.0277492
0.045929
0.0246803
0.019532
0.000151526
0.00254237
-2.07352e-07
0.000647669
0.00163989
-0.00441091
0.00187592
0.0126618
0.00647728
-0.00610553
0.00547862
0.00711501
0.00254512
0.000184624
1.11315e-06
0.00154104
0.00350555
-0.00446616
0.0107399
-0.00706132
-0.00398925
0.00546944
-0.00587086
0.00711737
-0.00442259
1.54799e-06
0.00115767
0.000216172
-0.000306691
-0.000187228
-0.00563638
0.0180614
0.00450617
-0.00206127
-0.000175715
0.0468027
0.000184191
0.00222978
-0.00206649
0.00721725
-0.00435303
0.000159499
1.80924e-06
0.00114463
-0.000173274
0.0178706
-0.000300871
-0.00570683
-0.00406396
0.0336611
-0.0054621
0.000210293
0.000213266
0.00614473
0.00237912
-0.00229842
0.000840168
0.00877989
0.00705625
0.0258086
7.30559e-08
1.29957e-06
-0.00189041
0.0944095
0.000243152
0.00351122
0.0687632
0.000134601
-0.00697306
0.0160751
-0.000236081
0.0221608
1.06381e-05
8.74943e-06
0.00285309
0.114789
-0.00246608
0.00289026
0.0173449
0.0032516
0.0012763
0.00132502
0.00248049
0.0248521
-0.000519842
-2.44292e-05
0.00508329
0.0228882
5.43782e-05
0.000264445
0.000368765
0.0101979
0.00348513
5.48292e-05
0.00252188
0.0362913
0.00138404
0.00665236
0.00716507
0.0313049
-0.000834496
0.00110457
0.0675209
-0.000486503
-0.00684222
0.0162081
-0.000363657
0.0221509
-0.00223527
0.0039744
0.0185606
0.00407967
-0.00237382
-8.38685e-05
0.00695891
0.0191057
0.00329664
9.00487e-06
0.00248841
0.0372482
8.75038e-05
2.49296e-06
-0.00253356
0.00847561
0.00161821
0.00148438
-1.32649e-05
9.70035e-06
-3.33098e-06
-3.48639e-06
-0.00229645
-4.9681e-08
0.00134347
0.00484419
0.000295668
0.000316351
-0.00171743
-0.0017173
-6.20846e-07
-0.00406708
0.00028456
0.000310045
0.00122801
0.00189102
0.00124519
0.00124691
0.000357816
0.000472762
0.000719777
0.000732491
8.12757e-07
0.000393506
0.000113033
4.68368e-06
-0.0023747
0.00841484
0.00198499
0.00134416
4.9263e-06
9.55627e-06
0.00131097
0.00463387
0.000299263
0.000387081
0.000234368
0.000303974
0.00125356
0.00207882
-0.00234305
0.00236545
0.00130796
-0.000925463
-0.00233258
0.00221251
0.00135857
-0.00104188
4.32667e-08
-1.54294e-05
-1.43557e-05
-4.29673e-06
-0.00368067
-0.00511063
0.00236373
-0.000299733
0.00342999
0.0666166
0.066526
0.00323491
0.000961819
9.2227e-05
-3.08662e-05
0.00262501
0.000913088
7.85053e-05
2.00176e-05
0.00263188
1.99229e-06
1.78482e-08
-6.0262e-08
1.98764e-06
0.00115054
0.00157989
0.000540612
0.00115914
0.00256739
0.00362649
-0.0146811
-0.002652
0.00254994
0.0034532
-0.0167689
-0.00212053
1.52059e-05
5.24793e-06
5.02624e-06
0.00239521
0.000510744
0.000476972
0.000482183
-2.25911e-07
0.00650862
0.00393773
0.0151575
0.00653598
-0.0019032
0.00194455
0.00621011
-0.0268846
2.66238e-06
1.14687e-06
-0.00172156
0.0754128
-0.000120849
-0.000217676
0.0720219
0.000724486
0.00337581
0.0127475
0.0102555
0.0376989
-1.84288e-06
1.36534e-05
0.0028402
0.10029
-0.00169386
0.000282607
0.0118776
0.00476896
-0.000937538
-0.00324112
0.00676916
0.0147372
-0.00378686
0.00197998
0.00269926
0.0329209
0.00272548
-5.91696e-05
0.00169183
0.0109895
0.00264576
-0.000175644
0.0093921
0.0127978
0.000222619
0.00037201
-0.000398592
0.00963361
0.000862085
0.00133009
0.00360574
0.0152446
2.66156e-06
1.14872e-06
-0.00172416
0.0754476
-0.00226124
0.00218272
0.00421932
-0.0187529
-3.8498e-05
0.000333116
0.0707744
0.00067817
0.0200054
-0.0326559
0.00148166
0.112346
0.00298133
0.0126258
0.0110273
0.0377938
0.000280729
0.00246543
0.0135276
0.00528457
-0.00439821
0.00183478
0.00301257
0.0200706
0.000203883
-0.0017528
0.00680687
0.0207494
0.0020701
0.00207522
-0.00168004
0.0156674
0.000100159
-4.80051e-06
-0.0013542
0.00984196
0.00249041
-0.000502504
0.00920128
0.0126215
0.000953969
0.00119741
0.00352179
0.0159255
0.000172327
0.00199659
0.0662074
-0.00395907
9.28869e-07
-2.48127e-06
0.000443855
0.00433242
0.00614784
-0.00724505
-0.0037967
-0.000153225
-0.000467806
0.0022783
1.98202e-05
-4.82089e-08
-0.00793286
0.0474531
0.00745311
0.0150305
2.62358e-06
8.13164e-05
-0.00455246
0.0132651
0.0190386
0.00422666
0.000159881
-2.56585e-05
0.00234987
0.00535279
0.00200038
-0.000416549
-0.000545758
0.00270644
-0.0109047
0.0304206
0.01071
0.00642343
9.13427e-05
3.49398e-05
0.000100902
0.000301453
0.00140998
0.00615557
0.00178831
0.0019386
0.000150577
0.000482554
9.77983e-05
0.000366739
0.00210169
0.0531945
-0.00158114
0.0139275
0.000408438
-0.00274675
0.0024306
7.17479e-05
0.00141775
0.00193248
0.00297963
0.00135515
1.86787e-05
0.00047599
-0.000160465
2.7592e-05
0.0660998
-0.00403805
-0.000477013
0.00227824
1.97286e-05
-1.56877e-08
5.94377e-06
-3.01976e-06
0.000476578
0.00428012
0.0056375
-0.00771429
-0.00145618
-7.88604e-05
-0.00847927
0.080017
0.00821902
0.0144617
0.00234329
-0.00350528
-0.00286512
-0.000415953
2.02368e-05
7.17579e-05
-0.00446768
0.0131882
0.0190776
0.00412773
8.19305e-05
-0.000128331
-0.000223412
0.000529818
-0.0118067
0.0449518
0.00135657
0.00163554
1.85813e-05
0.000180675
0.00933988
0.00686537
0.000508755
-1.70156e-05
0.00014073
0.000462493
0.00157317
0.00650183
0.000131881
0.000424437
0.00209391
0.0536166
0.00334099
0.00137074
-7.99576e-06
0.000581129
-0.00287533
0.0132461
-0.000299918
-0.00297716
0.00231549
-0.000102031
0.00257144
0.00120675
-0.00011835
8.65113e-05
-0.0042401
-0.000990429
0.00378298
0.00270006
0.0448569
0.020928
-2.23971e-06
-1.45618e-06
-1.80559e-05
-1.78926e-05
0.0509218
-7.00671e-05
0.000111487
0.000115126
-0.00381053
-0.000466508
-0.00214108
-6.22766e-06
-0.000198927
-1.55554e-05
4.10331e-08
-4.98028e-06
0.00510468
0.00265257
0.0116621
-0.00779659
0.00321419
-0.00464981
0.00245993
0.00222927
-0.000374349
0.00197645
5.64792e-06
5.28763e-06
0.00445691
0.0338452
0.00195188
0.00195115
-0.00343307
0.00159555
0.00189667
6.54181e-07
-0.000246587
7.92123e-06
0.00236094
1.48941e-05
0.00129843
0.0075756
0.000571935
0.000608949
-0.0255699
-0.000561276
0.00365881
0.00459759
0.0033669
0.00385838
0.000958151
0.00206176
0.0091027
0.0094673
-0.0261313
-0.0160951
0.000326593
0.000518899
0.00036386
0.000391
0.00213759
-0.00821859
0.00126837
0.00127492
0.000898238
0.0160121
0.0054585
-0.000722814
0.000781753
0.000504355
-1.54534e-05
0.000597078
0.00157402
-6.53208e-06
-0.00439622
-0.00176983
0.00494646
0.00264568
0.020931
0.0436914
-0.00578733
-0.000451783
-0.00182375
0.000195274
-0.000237594
-1.25862e-05
1.49723e-06
-4.06538e-06
0.00522399
0.00280362
-0.00772305
0.0116842
0.00286979
-0.00461659
0.00236924
0.00209166
-0.00307948
0.00211105
0.0014062
-8.50298e-07
0.00715551
-0.00744374
0.000698968
-1.15267e-05
0.00272452
0.00357848
0.0041746
0.000670885
0.00349659
0.0209511
-0.000529118
-0.0112527
-0.000648026
0.0153548
-0.00287221
0.00311123
0.000819363
0.000517901
0.000549315
-2.30635e-05
0.0167149
-0.00461339
-0.000105159
-0.000518584
-0.000935898
0.00295803
4.45575e-06
-5.66268e-08
0.00184826
0.00213879
0.00207182
0.0016534
8.44429e-05
1.78013e-05
0.00110982
0.00219319
-5.50267e-05
1.09978e-07
-1.11026e-05
-1.10989e-05
-1.78436e-08
6.84597e-07
-6.69224e-07
-6.88301e-07
0.000258628
1.41666e-05
0.0011995
0.000731022
0.000133385
0.000115563
0.00144508
0.00497699
3.71463e-08
-1.76101e-08
-6.93531e-06
-6.85508e-06
-3.95268e-07
0.00898889
1.04755e-05
1.047e-05
-0.017887
0.00696458
0.000177408
0.000100536
0.0167486
0.00137343
0.00161622
0.00100572
0.000463581
0.000476316
0.00112058
0.00116627
-0.00170866
0.00161276
0.00255566
0.00152395
0.000151844
0.000339487
0.000977104
0.000984272
-7.63091e-07
0.000581956
0.000497099
0.000493129
0.0162255
-0.00563003
-2.56972e-05
-0.000310606
-0.000940411
0.00295861
4.39793e-06
-1.4442e-07
0.00282674
0.00618337
0.00514731
0.00172184
8.87651e-05
4.0757e-05
0.0012492
0.0020356
0.000266468
0.000113343
0.00224971
0.00115959
0.00020171
0.000125102
0.00140537
0.00482609
-0.0159255
0.00714296
-6.27186e-06
0.000284825
0.0202156
0.00131853
0.000596687
0.00187197
0.00561692
-0.00633378
0.00102597
-0.000232526
-0.00195765
-0.00309752
-5.34214e-05
0.000436747
0.00360941
-0.000188913
-0.00221602
0.00084776
0.0042304
0.00482348
0.00309189
0.00112927
0.00152097
-0.00523592
-7.32275e-05
-0.000230587
0.00494962
0.00541312
0.00158658
-1.05354e-05
0.00344459
-4.88417e-05
-0.00224575
0.00235089
-0.00162726
0.00515982
-7.72722e-05
0.000424283
1.53964e-06
-0.000110215
-1.68826e-05
-1.20488e-06
1.31004e-06
-0.000117737
-1.69361e-05
-1.11685e-06
-0.000442392
-5.37133e-05
2.20901e-07
-9.86255e-06
-0.000425069
-5.33371e-05
2.15437e-08
-9.439e-06
0.000969407
0.00179536
0.000841126
0.00106197
0.00152687
0.000323161
0.00016363
0.00136604
0.00164933
0.000166577
0.000138722
0.00111132
0.00145098
0.00149116
0.000850359
0.000860809
0.0354706
0.0310053
-0.000167705
0.000244101
0.0496831
-0.0142293
-0.053154
0.00399296
-0.0275591
0.0498902
0.0025889
0.0181743
0.0300781
0.0347169
-0.000162917
-0.000233826
0.0105215
4.83305e-05
1.62184e-05
-0.0132417
0.0183774
-3.52422e-05
-0.000252868
0.00256153
-0.00143662
-0.0104783
0.00627416
0.000421644
0.000323625
-0.00245334
0.00564634
8.16496e-05
0.00963901
0.000551069
1.87838e-05
-0.0138614
9.39658e-05
0.00362903
0.00566818
0.000190207
-0.000843316
-0.00940674
0.00733783
7.24197e-06
0.0182593
-5.22818e-05
-0.000294203
0.00196506
-0.000654268
-1.13844e-07
-6.25487e-06
0.00262334
4.59115e-08
-0.000658192
0.00262374
-6.34801e-06
0.00272036
-0.00125954
0.00331826
8.76704e-06
-0.00125581
-0.00187723
8.77583e-06
0.00332123
0.0021663
0.000709483
0.00581114
0.0014172
0.0104933
0.000215906
0.000320347
0.00130059
0.000231434
0.0124909
0.00128553
0.000158847
0.000342724
0.00907657
0.000590021
0.00538904
0.00450024
-0.00705228
0.00221674
-0.00383608
-0.000632125
-0.000221629
-0.00189504
0.000169812
0.00253148
0.00221588
0.000481491
0.00227268
0.00249654
-0.000114462
0.000905154
0.0142949
0.00316514
-0.00550376
0.00148725
-0.00342043
0.00234549
-0.00230275
0.000973052
0.0149865
0.00258012
0.00215915
0.000659551
0.00227168
-0.000313539
-0.000259868
0.0014388
0.000413892
-0.00179549
-4.08953e-07
0.0089132
9.79267e-06
-0.00178582
-3.9273e-07
0.0141791
9.60917e-06
0.000128286
0.0128571
-0.0146317
0.000139753
-0.00163809
0.00018367
0.00118403
0.00068141
0.00109723
4.22432e-05
0.00050824
0.000663586
5.22391e-05
0.0004836
0.000474867
0.00051615
0.000113991
0.000499623
0.000438493
0.000510819
0.00113533
-6.68652e-07
0.000581589
0.000679207
0.00442205
0.00414061
0.0255701
0.00205004
0.00291503
0.00443825
0.00197627
0.0254755
0.00277356
0.00285367
0.00149911
-0.0053717
0.00281665
0.00268102
-0.00580256
0.00147342
0.00701787
0.0143623
-0.00148321
0.050693
0.0444677
0.000828957
0.00535898
0.0378959
0.00228348
0.0649038
0.0128273
0.00521071
0.00446361
0.0155847
0.00375173
0.0139622
0.00337071
0.0119618
0.0118863
0.00895206
0.0019462
0.00369505
0.00275389
0.00761883
-0.00148449
0.0506723
0.00392946
0.0154967
0.0414268
0.000762015
0.00229243
0.0655386
0.00523349
0.0374276
0.0128601
0.00507732
0.00268354
0.0178813
0.00226576
0.0251522
-0.000500864
0.0163392
0.00206216
0.00368602
0.0119077
0.00889599
0.00303689
0.0079929
0.0118507
-0.00856917
0.000957425
0.00229506
-0.0155519
-0.000660318
-0.0029866
-5.05615e-06
-0.00633111
0.0212843
-0.00530945
0.015789
0.000150683
-1.829e-05
-3.92924e-05
-0.00509328
-0.00413784
0.0424346
-0.00100442
-0.0029682
0.001726
0.0154872
0.000890693
-0.00358817
0.00171643
0.00415128
-0.00196492
2.7046e-05
0.00177961
0.00767674
0.000958908
0.00047578
0.00957468
-0.00856448
-0.00300396
-8.10707e-08
0.000936457
0.00222588
-0.0159098
3.16565e-05
-0.00618337
0.0212942
-3.6179e-05
-0.00509612
-0.00521916
0.0157091
0.000225447
-4.93994e-05
-0.00797388
0.0329358
-3.98214e-05
0.00497312
-0.00179135
0.00152768
0.00196416
0.0099894
0.00179329
0.00418464
-1.16599e-05
0.000394289
-0.00219386
0.000202004
0.00171147
0.00708219
0.00805835
-0.0134015
0.00528498
0.0209874
0.00348852
0.00308179
0.00605316
0.0183712
-0.00184562
0.0892674
-0.00184785
0.0892794
-1.89303e-05
-1.8854e-05
0.00248153
0.00247482
0.0746675
0.000544238
0.0712621
-0.00227516
-0.00236373
0.000543245
-1.31588e-06
1.51494e-05
0.0116839
0.0284107
0.00973145
0.0175767
0.00615605
-0.00200378
0.00243903
0.0013907
0.00284941
0.111103
0.0028504
0.109998
6.45256e-06
6.34146e-06
0.00197958
0.00198656
0.0153174
0.0037695
0.0180636
0.0016669
0.000124524
-2.22225e-05
0.00188493
-3.33107e-06
0.00278717
0.023844
0.00297299
0.0259482
0.000664769
0.000684456
0.00368603
0.00293082
0.00795803
0.0167314
-0.0151803
0.0106563
-9.78308e-05
0.00112799
0.00661781
-0.00585956
0.0010953
0.0109934
0.00111151
0.0108206
0.000244887
0.000314937
0.00102305
0.00101534
0.00375023
0.0244471
0.00211786
0.0466479
0.00503124
5.68726e-05
2.79928e-05
0.000377722
0.00859594
-0.00575692
0.00433121
0.0238377
0.00262224
0.00423235
0.0175765
0.00519133
0.0744154
0.000299302
0.0695926
-0.00393564
-0.00360443
-0.0007001
-3.58442e-05
-1.01147e-05
0.0116262
0.0285541
0.00976373
0.0176725
-0.00210658
0.00616186
0.00241977
0.0014933
0.0157918
0.0037428
0.018131
0.00172408
-3.74856e-05
-0.000228523
0.00188738
1.5194e-05
0.00551479
0.0240815
-0.0139638
0.0251791
0.00101585
-0.000528043
-0.00761171
-0.00476321
0.00351224
0.0250213
0.00209537
0.047684
9.11289e-05
0.00504947
0.000413287
1.12276e-05
-0.000657975
0.00627968
-0.00363197
0.0108326
8.90442e-05
0.000197764
-9.7346e-05
-9.30941e-05
-0.00580509
4.09872e-06
7.92698e-05
8.63893e-05
0.00099697
0.000984204
0.00142966
0.00170031
-0.00228777
-8.14338e-08
-0.00228787
-3.41665e-08
-9.42958e-06
-9.40994e-06
-1.92041e-06
-2.09527e-06
0.000136194
5.70692e-05
0.000241398
0.00023079
0.00122
0.00412342
0.00136423
0.00511643
-0.0033588
-0.00579006
-0.00335851
-0.00579008
-0.00162704
-0.00162721
8.59933e-06
8.46293e-06
0.00100846
0.00255986
0.00125234
0.00207866
0.000246585
-0.000125752
0.000635002
-0.000792877
-3.79032e-05
0.000178904
0.000343101
0.000363891
0.00124342
0.00125943
0.00128418
0.00135489
9.8028e-06
0.000438556
5.65059e-06
0.000437193
0.000812427
0.000816138
0.000586608
0.000596421
-0.000457485
0.00621654
-0.00351799
0.0107617
0.000100095
0.00023915
-9.3568e-05
-9.1179e-05
-0.00870066
3.87302e-05
0.000160348
7.67704e-05
0.000835613
-0.000870681
0.00154309
0.00159417
0.000138213
5.85011e-05
0.000286978
0.00029521
0.00390046
0.00116323
0.00133078
0.00495883
0.00131239
0.0028776
0.00106398
0.00201234
2.36952e-05
0.000218789
-0.00121394
-0.000744538
0.00117123
0.00184116
-0.00183923
0.000104357
-2.85858e-05
-0.00130957
0.000951254
0.00274228
0.00220569
0.00186224
-0.00175975
8.05476e-05
0.00157318
-7.03153e-05
0.00237237
0.000738454
-1.65935e-05
-1.6637e-05
4.32662e-08
-4.81408e-06
8.38105e-07
-4.23523e-06
-1.27288e-05
-1.3005e-05
-0.00121283
-0.00131237
-0.011473
-0.00501643
-0.000456648
-0.00273525
0.00110665
0.00132095
0.0609779
0.0374531
0.000111156
0.000106854
-0.0217431
-0.00821641
0.0539802
0.0602969
0.00020503
-7.76405e-05
0.000881469
0.00258252
0.00107937
-0.00221553
-0.00513545
-0.000227292
0.000165767
-1.98495e-05
0.000877288
0.00243295
-0.00240405
0.0010463
-0.000140212
0.000597915
1.919e-08
-6.02789e-08
5.91743e-07
6.12344e-07
3.3479e-06
3.38391e-06
1.76936e-08
-8.31357e-08
0.00185016
0.0006201
0.00119645
0.00117264
0.00115125
0.00113649
0.000481744
0.00164957
0.00696015
-0.00632249
0.00088496
0.000879099
0.00773515
0.00742268
-0.000361888
0.00497103
-0.00594129
0.00687257
0.00108565
0.000833339
0.00854367
0.00868142
0.000799078
0.00485063
6.70529e-06
6.65278e-06
0.00238762
1.50868e-05
0.0023876
1.50602e-05
6.89917e-06
6.89162e-06
0.000431612
0.000439941
-1.60916e-05
0.000492846
0.000454505
1.97856e-05
0.000504236
0.000505693
0.00102235
0.019261
0.00169288
0.00172327
-0.000716473
-0.000879657
0.00100408
0.0185612
0.00112555
0.000416296
-1.85545e-05
-0.00434601
-7.56767e-05
-1.97668e-05
0.00434552
0.00209524
0.0145361
0.00286006
-1.5211e-05
-1.29764e-06
-0.000208629
0.00154807
0.00403835
0.0237859
0.000177602
7.40633e-06
0.00467391
0.0020378
-0.000725368
0.00203641
-0.00134382
0.000507283
0.00312043
7.41399e-06
0.00252747
-0.011634
0.000604292
0.00123956
0.00709221
0.0178448
0.00373185
0.00268802
0.000204063
0.000618233
0.00169737
-0.0021635
0.00214906
-0.00525843
0.000510631
0.000350028
0.00234266
0.00120186
0.00224093
0.00110062
-0.000113974
0.000179902
-7.50324e-05
-1.97774e-05
0.00435025
0.00224853
-0.0024071
0.00567355
1.93307e-05
-0.00482151
0.00872297
0.00164749
-1.05707e-05
3.49647e-07
0.0148441
-0.0198654
0.00458959
0.00211561
-0.000163478
0.00224368
0.00345477
0.0237297
-0.000544839
0.00164971
-0.000416386
0.00142283
-6.58133e-05
0.00126851
0.00171797
0.00229974
0.00362725
0.00125578
0.00254853
-0.0102428
0.00293811
0.00267007
0.0003558
0.000937008
0.000309245
0.000445304
0.0023397
0.00120029
0.0020499
-0.00202385
0.00214309
-0.00496335
0.00261249
0.0010182
0.000213096
0.000442026
-0.00990932
-0.000207915
0.00197729
-4.94265e-05
-0.000116949
-0.000311993
-1.10629e-05
1.22428e-05
0.00136042
-0.00363998
0.00634439
-0.0158375
0.00158422
-1.119e-05
-0.000540568
0.00245093
-0.00245611
0.0032889
0.00359732
0.0110406
4.56004e-05
6.9726e-05
-7.20398e-05
-7.29251e-05
0.0184786
0.00372273
0.0185303
0.00458808
0.000313403
0.000156994
0.0018888
7.98218e-06
0.0028805
0.000447638
0.00132416
0.000257659
0.00872015
0.00653746
0.00947611
0.00584036
-0.000531928
1.48168e-05
0.00203394
-0.00377055
0.00255871
0.0015253
-0.00331424
0.00187538
-2.70602e-05
0.000402841
0.0030551
0.000574293
-0.00271217
0.0125521
0.00278388
0.0162196
0.00215721
0.000343818
0.000318587
0.000944038
0.00695687
0.00146967
0.00443086
0.000972214
-0.00932046
-0.000238595
0.00198822
-3.12082e-05
0.00158139
-1.12124e-05
-0.000558815
0.00245088
-0.000118324
-0.000178376
-1.00656e-05
1.56926e-05
6.43897e-05
0.00391072
0.00614089
-0.0153069
-0.00342309
0.00229794
0.00351674
0.0110213
0.00489896
-0.000875683
0.00189788
7.88967e-06
5.03801e-05
4.70876e-05
-6.74905e-05
-6.58849e-05
0.0184505
0.00350223
0.0186335
0.00443152
0.00232672
0.000700435
0.0012028
0.000268442
0.0030194
0.00137077
-0.00108561
0.0017836
0.00618608
0.00646873
0.0118798
0.00619312
0.000851196
-1.33615e-05
0.00192027
0.00285823
-2.55846e-05
0.000448655
0.0039398
0.000694769
0.00804521
0.00148344
0.00519733
0.000993978
-0.00472096
0.0114909
0.000446346
0.0145354
-0.0023481
-0.00117618
0.000683217
0.000932395
0.000468703
0.00151838
0.00483875
0.000707126
0.0433015
0.000250167
0.00448088
0.00766814
-1.98844e-06
-1.48956e-06
-1.35763e-06
-2.2168e-06
-7.0055e-05
0.0456972
0.0451494
-7.94859e-05
-0.006753
0.000124667
-0.000667068
-0.00354277
-1.59806e-05
-0.000154668
-0.000301789
-1.14065e-05
0.00145937
0.000985964
0.000900342
0.00243092
-0.00468032
0.00368328
0.00254903
0.00156086
-0.000424029
0.00191907
0.00191909
-0.000423943
0.00435246
0.0330715
0.0332393
0.00360796
-0.00457901
0.000747035
-0.000508981
-0.00194322
8.47151e-06
-0.000126256
3.22559e-05
8.31892e-06
0.00457006
0.0012514
0.00116242
0.00743787
-0.0283707
-0.0314107
-0.0140818
-0.0275431
-0.00058199
0.00569579
0.000409742
0.00678775
0.00140754
0.00382905
0.00146659
0.0012764
0.000169459
0.000476209
0.000487176
0.000320824
0.00236905
-0.00229864
-0.00646329
0.00233675
0.00290378
0.00244875
0.011818
0.00242947
0.000945781
0.000578751
0.000523722
0.000629031
0.00319314
-0.000198701
-0.000201186
0.00186235
0.00944005
0.0200762
-1.27825e-05
0.0429369
0.000189558
-0.00680717
-0.00372706
-0.000581729
-0.000153271
-1.60657e-05
-1.12644e-05
-0.000313243
0.00236886
0.00095859
0.00089488
0.00146429
0.0036146
-0.00471128
0.00291278
0.00246112
0.000251511
-0.00386418
-0.00149079
0.00147697
0.00514005
-0.00531565
-0.0112555
0.0112247
0.00681842
-0.000412983
0.00460149
0.0127692
0.0013193
0.00127319
-0.000692943
0.00124148
0.00245481
0.012482
0.00284206
0.00303705
0.000679562
0.0005012
0.000593255
0.00100343
0.0143239
-0.00961125
-3.08424e-05
0.0180318
0.00279009
-0.000834631
-0.00113239
0.00312981
0.000936689
1.78217e-05
0.00321359
-0.00375667
0.000115614
1.21082e-05
0.000257882
1.05161e-05
-5.47308e-05
7.85733e-08
1.0986e-07
-5.48377e-05
-1.87033e-08
4.88003e-07
5.58594e-07
-1.69679e-08
0.000110725
-1.55214e-06
0.00225204
-0.00225155
-0.00375858
0.000167563
0.0002038
0.000143719
-0.0016446
-9.76284e-06
-1.16321e-05
-0.00164676
-3.96964e-07
0.00896644
0.0089667
-4.74305e-07
-0.0156509
0.00244548
0.00657113
-0.0118468
0.0145214
0.00158543
0.00133862
0.0152479
0.000336108
0.000220551
0.000478551
0.000290988
0.00341886
-0.000790396
-0.00196461
0.0020061
0.000173908
0.000323628
0.000214472
0.000162228
0.000537461
-8.68984e-06
1.30508e-05
0.000512989
-0.0104
0.0136651
0.0178059
-0.000743446
-0.000841918
0.00279038
0.00313049
-0.00114132
-0.00214567
0.00266294
7.03603e-05
0.00177832
3.48618e-05
1.54712e-06
1.67522e-05
0.00018145
-0.000422619
0.00418717
0.000139949
0.000212659
0.000169687
-0.00273613
0.00011203
0.000217622
-0.00876598
0.00623126
0.00199138
-0.0162552
0.018131
0.00138718
0.00159825
0.0199733
0.0295892
0.0783049
0.00386923
0.00449825
0.0716726
-0.00778709
-0.00561224
0.077745
-7.18142e-05
-0.003263
1.11219e-05
-0.00228135
0.00896049
0.00870971
0.00722546
0.000773494
-0.0201723
-0.00839456
-0.0117614
0.0536653
-0.00396544
0.00113928
0.00192673
-0.0019408
0.00152622
-0.000791996
0.000730273
-0.000241297
0.0743589
0.0686727
-0.00185054
-0.00440076
0.00272435
-0.00733964
0.00608063
0.0106326
-0.00915331
0.0016801
0.00187571
-0.0121693
0.00170994
0.00493849
0.0023503
0.00931761
0.00125967
0.00700954
0.00398883
-0.00373919
0.00931414
0.00743431
0.00813719
0.00518226
0.0113944
0.00311111
0.0109662
0.00482668
4.51333e-06
0.00160584
0.0018663
-0.00137443
0.00730981
0.00595427
0.00871277
0.00669889
0.0280003
0.00209564
-0.00116068
0.0776576
0.010102
-0.000615053
0.00361931
0.00793805
-0.000115545
-0.00220371
-0.000238534
-0.00111928
0.070629
0.0769946
-0.0062629
-0.00809488
0.00273177
0.00123539
0.0079923
0.00678286
0.00713621
0.0060908
0.00852403
0.00315244
0.00334573
-0.000890947
0.000254932
0.00326638
0.00947123
0.00508677
0.0098598
0.000754023
-0.0129935
0.00913029
0.00467985
-0.00952958
0.00118337
-0.00417697
0.00415574
0.00758666
0.00176555
0.00733972
0.000370594
0.00727096
0.00310552
-0.0129679
0.00242421
0.000768078
-0.0194549
0.0538981
-0.0102566
-0.00740495
0.0726083
-0.00502414
-0.00204811
0.0677764
0.00145855
0.00160388
0.000617992
-0.00078403
-0.00321648
-0.00137821
0.00353398
0.00310535
7.50427e-05
-0.00166637
-9.19197e-05
0.000781736
-0.00188738
-2.06574e-05
-1.64933e-05
-0.00180132
-1.59616e-05
-1.54586e-05
-1.78198e-05
-1.87745e-05
0.000340258
0.000633641
-0.000131798
-0.000176498
4.24369e-05
0.000724271
-9.46579e-05
-0.00166909
-9.28716e-05
-0.000195504
-0.000135051
0.000488216
-1.54527e-05
-1.86774e-05
-1.77896e-05
-1.42553e-05
-0.00188859
-0.00180359
-1.69223e-05
-2.07234e-05
-0.00663589
0.000692817
0.000516137
-0.00315477
-0.00230073
-6.51733e-05
-6.31991e-05
-0.00114447
-1.78227e-05
-1.60828e-05
-1.04558e-05
-1.18068e-05
-0.00221428
-0.00398858
-0.000379957
-0.000279333
-0.00660365
-0.00311635
0.000526954
0.000697802
-0.00107314
-0.000254369
-0.000365225
-0.00312045
-1.85052e-05
-1.19417e-05
-9.97417e-06
-1.76748e-05
-0.00230054
-0.00114427
-6.30893e-05
-6.52087e-05
0.0175716
0.0135093
0.00257432
0.00144926
0.0206608
-0.0162258
0.00233823
0.0140445
0.00698673
0.0065228
0.00351059
-0.0177046
0.00354549
0.00453142
0.00232262
0.00188344
0.0407772
0.00285535
0.00291923
0.0405375
0.00153058
0.00163212
0.00152582
0.00160277
-0.00176167
-0.00933725
0.0015279
0.00151022
0.008656
0.0205137
0.00166099
-0.0115568
0.0310098
0.0614837
0.00289725
0.0024876
0.0188135
-0.000201717
0.00168548
0.0349763
0.000888411
0.00170423
0.00141703
0.000779825
0.00160779
0.00155918
0.00146102
0.00168465
0.0159268
0.000433268
0.0019975
0.0166996
0.00372289
0.00183297
0.00239782
0.00452209
-0.00226734
-0.00618449
0.00485037
0.0080588
0.0282657
0.0200947
0.00241701
-0.0127961
0.0387457
0.0145709
0.0199034
0.0671463
0.0279635
0.0297725
0.0349872
-0.013311
0.0670255
4.12565e-05
0.000210302
0.0554701
0.0942703
0.0843944
0.0406047
0.0508477
0.0255477
0.0146712
0.029279
0.0170017
0.0275949
-0.0235188
-0.0178491
0.0317716
0.0553248
0.0320162
-0.0383934
-0.0122085
0.0422716
0.0106022
0.015634
0.0216303
0.0316938
0.024756
0.0356908
0.0123595
0.0451273
0.024078
0.0196037
0.0131309
0.0634604
-0.00315998
-0.0293856
0.0400717
0.028964
0.0264101
-0.0251996
-0.0209147
0.0390891
0.0672691
0.0194911
0.0160724
0.0942891
0.0505113
0.0398577
0.0844194
0.0665113
0.0545938
-0.00018526
4.09662e-05
0.0329119
-0.00482531
0.0342235
0.0291513
0.00105758
0.000707895
0.00846395
0.00567476
-0.00159699
0.0155701
0.0124228
-8.67772e-05
0.00104798
0.00100675
-0.0115636
-0.00713762
0.0015679
-0.0146268
-0.0148245
0.00131049
-0.00548048
0.0187589
0.0184069
-0.00493099
0.00152276
0.00141169
0.00328603
0.00416614
0.000977847
-0.00241634
0.00139618
0.00116014
-0.00307111
-0.00411939
0.018223
0.0174596
0.000434321
0.00380829
-0.00456381
-0.0043144
0.00123956
-0.0166072
-0.0135467
0.00156896
0.000167094
-0.000722701
0.00422699
0.004863
0.00463525
0.0135114
0.00992241
0.00272922
-0.000416874
0.0103891
0.00476629
0.00180548
0.00158579
0.002101
0.00602339
0.00606793
0.00278972
0.00703567
0.00617234
0.00240921
0.000972864
0.00137722
-0.00821788
-0.0126738
0.00104057
0.00550809
0.00793689
0.000714372
0.00176264
0.00147056
-0.0150203
-0.0137461
0.00098104
-0.00811672
-0.0122641
0.00107226
-0.00141567
2.46147e-05
0.0116451
0.0150493
-0.00169008
0.00208789
0.00944094
0.0106112
0.00118775
-0.010253
-0.00330657
0.00163002
0.00259177
0.00222211
0.0060225
0.00681229
0.00143927
0.00645242
0.00610603
0.00191766
0.000195555
-0.00588817
-0.0390367
0.00310149
0.00443947
0.00340271
0.0101305
0.0127299
0.000190026
0.00500962
0.00467494
2.95951e-05
0.00128896
0.000666264
-0.0155159
-0.0175217
-0.00546689
-0.0048433
0.0183325
0.0187701
-0.00293676
0.0171394
0.0180497
-0.00402518
0.000982242
0.00123183
0.000883301
-0.00328362
0.00149567
0.00403048
0.00315264
0.00139611
0.00125563
-0.000503889
-0.000600841
0.00331717
-2.67537e-06
-1.24936e-06
0.00253712
0.00236457
1.30984e-06
0.00287408
0.00270723
5.71898e-07
0.0073782
0.00532405
-0.000752007
-0.00088275
0.00119294
0.00325613
-0.000611893
-0.000517998
0.00731555
-0.000893862
-0.000758342
0.00526718
1.31779e-06
6.36427e-07
0.00270757
0.00287446
-2.84051e-06
0.00236451
0.00253729
-1.40889e-06
0.0167408
0.00362115
3.4897e-05
0.0144486
-0.00167279
-0.000816923
0.0038026
-0.00219045
2.56416e-06
0.00304449
0.00321545
-8.23771e-07
0.0096184
0.0119749
-0.00120577
-0.00104105
0.0168787
0.014527
-0.00225861
0.00133222
0.00968194
-0.00103415
-0.00119998
0.0120503
2.6353e-06
-1.75398e-06
0.00321398
0.00304386
-0.00167294
0.00104073
0.00172483
-0.000818016
0.0333093
0.011318
0.00127124
0.000355361
0.00249468
0.0172695
0.0140907
0.00473122
0.00281972
0.00375136
0.00605588
0.00319586
0.00161396
0.001941
0.00161786
0.000178318
0.00498306
0.00497216
0.00890751
0.00817407
0.000767653
0.00105865
0.00159585
0.0014125
0.00174987
0.00211816
0.00170699
0.0014193
0.00232365
0.00214441
0.0134195
0.0173802
0.0038853
0.00766826
0.0104957
0.00565589
0.00240581
0.0201045
0.0156042
0.00178498
0.00168987
0.00138236
0.00152842
0.00189276
0.000772128
0.00141462
0.00159278
0.0010474
0.0201076
0.000823583
0.00494632
0.00898974
0.00180403
-0.000301213
0.000869517
0.00196448
0.00272064
0.00315968
0.00523265
0.00305969
0.00253182
0.00500568
0.0204028
0.0216299
-0.00633083
-0.00854534
0.0114643
0.0176687
0.0181492
-0.00238695
0.00444645
0.0342453
0.0061515
-0.0032021
0.00207585
0.00548132
0.00155692
0.00448216
-0.000305302
0.00154943
0.0128138
0.00742211
-0.00100937
0.0121137
0.00534272
0.0147765
-0.00025805
0.0156082
0.00662985
0.000571487
-0.0009968
0.0107276
0.0157043
0.016459
1.22064e-05
-0.00280552
0.0144085
0.00452149
0.00402741
0.0122368
0.00768335
0.00737411
0.00420414
0.0049382
-0.000459506
-0.00477462
0.00285837
0.00932547
0.0158559
0.00658495
0.00143908
-0.00387969
0.00201889
0.000616862
0.00266222
0.00198286
0.00514236
0.0053077
0.0153112
0.0152868
0.00558202
0.0140271
0.0131268
0.00528244
0.00237091
0.00244137
0.00303689
0.00162676
-0.00630015
0.0179456
0.0109295
-0.00989927
0.00156697
0.00155997
-0.000534588
0.00436225
0.00609875
0.00522323
0.000965041
-0.00325068
0.0172895
0.0338192
0.00388045
-0.00243592
0.00227108
0.00197716
0.00137826
-0.00107417
0.00230666
0.000609482
0.00309524
0.00246161
0.00585359
0.00515276
0.0137821
0.0139488
0.00498139
0.014098
0.0148071
0.00516654
0.0142735
0.0121563
0.00420188
0.00457968
0.015806
-0.00383043
0.0015946
0.00642288
0.000234271
0.00916811
0.00324264
-0.00452695
0.00761229
0.0047126
0.0041702
0.00613477
0.0128979
0.0129543
-0.000740163
0.00761658
0.0165469
-0.00241577
0.000461782
0.0175207
0.00674865
0.0107459
0.00153515
0.00191134
0.00541253
0.0163221
0.00192129
0.0147763
0.0170431
-2.79327e-05
4.62581e-05
0.0184551
-0.00492091
9.14048e-06
8.4906e-06
-0.00309623
0.00239921
0.00238685
0.0089524
0.00899112
0.00417946
0.0187344
0.00798059
0.00213461
0.0169398
0.018182
5.56389e-05
-2.30446e-05
0.00474156
0.00846472
0.010624
0.0185144
0.00239907
0.00899126
0.0115856
-0.00568096
-0.00492105
-0.00309603
8.35645e-06
9.04541e-06
0.00525314
0.0173267
0.0133514
0.0048259
0.00285966
-0.000393403
-0.0171133
-0.0213497
2.10329e-05
-0.0093615
-0.012347
0.00195531
0.00395292
0.00582957
0.0138233
0.00920444
0.00528169
0.00379717
-0.00144717
0.00288617
0.0035445
-9.32936e-05
0.000762879
0.0047206
2.1133e-05
0.00195512
0.00130929
2.18693e-05
0.00285879
0.00285488
-0.00102434
-0.000393817
0.00536485
0.04182
0.0029531
0.00407055
0.0415508
0.00089126
0.00157289
0.0517323
0.000489952
0.0010761
0.00110252
0.000585057
0.00105643
0.00158266
0.000819618
0.000541256
0.0082741
0.00161829
0.000358679
0.0113656
0.000931721
0.00058149
0.000553056
0.0021114
0.000965016
0.00103251
0.00096183
0.000909417
0.0310767
0.02028
0.000886479
0.00113091
0.00839134
0.0119215
0.000557205
0.00167142
0.0317604
0.00113603
0.000991694
0.0208935
0.000952026
0.000920751
0.000943987
0.00098742
0.000950053
0.0020785
0.000654331
0.000661726
0.0048041
0.00481537
0.00303383
0.0411917
0.00107961
0.000545212
0.000852867
0.00163956
0.000494352
0.000615452
0.00113563
0.00107375
0.0426356
0.0529149
0.001698
0.000944863
0.0611065
0.078507
0.00870423
0.0417514
0.114881
0.00637244
0.00623041
0.107695
0.00861811
-0.00286115
0.0311991
0.0353429
0.0287429
0.0568423
0.0287588
0.00611081
0.0608213
0.0412845
0.0077518
0.0906299
0.0288015
0.00585225
0.0286947
0.0569121
0.00865149
0.0353384
0.0311944
-0.00293349
0.114323
0.112844
0.00527882
0.00575009
0.00600968
0.00994808
0.00512859
0.0132998
0.0112634
0.00333352
0.00396167
0.0108385
0.0189328
0.0177061
0.020444
-0.00315697
0.0215778
0.00995083
-0.00337572
0.00428429
0.00602623
0.0133859
0.00506959
0.00866249
0.0215148
0.00449259
-0.00361375
0.0101121
0.0191131
-0.00623914
-0.00466913
0.0179071
0.0113183
0.0108445
0.00382283
0.00332092
