-0.742951
0.175
-2.155
-0.715
0.275
2.15659
-0.705
0.745
-2.12683
-0.585
1.105
2.27347
0.742946
0.175
-2.155
0.715
0.275
2.15659
0.705
0.745
-2.12683
0.585
1.105
2.27372
0.0305343
0.0728041
0.20598
0.21465
0.0305366
0.0728052
0.205968
0.214646
-0.0980371
-0.037483
0.00367082
0.0257593
-0.0285476
-0.0916346
-0.144225
-0.0687119
0.0101403
0.0625599
0.0753769
-0.0101369
-0.0748506
-0.122406
-0.012622
0.0675066
0.211234
0.205288
0.0388007
-0.0254498
-0.0587682
0.20196
0.287069
0.396145
0.396559
0.285058
0.197214
0.140576
-0.108685
-0.0474468
-0.0152467
0.0242044
-0.0238972
-0.0939207
-0.150726
-0.0848983
-0.0804761
-0.131903
-0.0464812
-0.0467809
-0.0748257
0.18299
0.271664
0.395537
0.398898
0.275477
0.183188
0.127646
-0.108686
-0.0474471
-0.0152457
0.0242052
-0.0238971
-0.0939208
-0.150726
-0.0848994
-0.0804763
-0.131903
-0.0464828
-0.0467812
-0.0748264
0.182986
0.271659
0.395532
0.398894
0.275475
0.183186
0.127645
-0.0980403
-0.0374856
0.00366989
0.0257594
-0.0285476
-0.0916351
-0.144226
-0.0687154
0.0101365
0.0625573
0.0753766
-0.0101368
-0.0748511
-0.122408
-0.0126267
0.0675
0.211222
0.205283
0.0387996
-0.0254509
-0.0587697
0.201953
0.28706
0.396136
0.396552
0.285054
0.197211
0.140573
0.0587817
0.00520619
0.0216928
0.0860396
0.00210116
0.0702583
0.112749
0.185729
0.0388391
0.159383
0.0588282
0.0216942
0.0857009
0.0702571
0.185712
0.159348
0.0519087
0.221673
0.0304846
0.254501
0.0747946
0.210556
0.54633
0.524716
0.0519101
0.221673
0.254502
0.210546
0.175552
0.175541
0.0224673
0.258831
0.187816
0.237854
0.237857
0.052462
0.608686
0.253619
0.253704
0.0680514
0.258418
0.184695
0.0376723
0.00519628
0.0114425
0.0685599
0.00203952
0.0638601
0.0480728
0.100801
0.108045
0.0548225
0.0377486
0.0872078
0.00520737
0.0376557
0.0114431
0.00201162
0.0685207
0.0638672
0.100848
0.048075
0.108148
0.0377413
0.0565715
0.0873309
0.0212182
0.0414778
0.184352
0.0313752
0.0714381
0.0623535
0.214315
0.0742425
0.205383
0.252088
0.205997
0.557661
0.208234
0.283545
0.21486
0.536914
0.0212195
0.0313753
0.0414788
0.184349
0.0714375
0.0742428
0.0623572
0.214316
0.205421
0.557473
0.252076
0.205964
0.20813
0.536905
0.283516
0.214862
0.156888
0.165512
0.0132254
0.144758
0.153645
0.0234261
0.209013
0.176001
0.051528
0.208704
0.225432
0.0730164
0.20348
0.256144
0.212844
0.259318
0.100196
0.0632135
0.265618
0.229005
0.156897
0.165517
0.153646
0.0234261
0.20899
0.175955
0.225433
0.073016
0.212854
0.259331
0.265602
0.228973
0.199594
0.052914
0.204486
0.229807
0.0207289
0.0415277
0.246083
0.256616
0.0633964
0.0756311
0.272051
0.629799
0.418265
0.607131
0.579631
0.419764
0.199592
0.0529142
0.204488
0.229807
0.246083
0.256623
0.272043
0.629799
0.135061
0.169466
0.234947
0.171623
0.135068
0.171623
0.23494
0.169468
0.0133389
0.013339
0.0212458
0.0212457
0.207084
0.412862
0.412831
0.207079
0.122389
0.232007
0.231979
0.122392
0.191944
0.207144
0.278875
0.262066
0.191935
0.262063
0.278875
0.207142
0.0422143
0.0422146
0.0635785
0.0635784
0.631206
0.597603
0.597601
0.631211
0.226807
0.181996
0.228102
0.279778
0.226806
0.27972
0.228055
0.181883
0.0781114
0.0781111
0.0539055
0.0539056
0.417675
0.10102
0.101012
0.41766
0.190825
0.190779
0.0905614
0.0913559
0.0191973
0.00517883
0.00626813
0.0373092
0.00109085
0.0343978
0.0230345
0.0879674
0.0728781
0.0225456
0.0311371
0.044278
0.00518973
0.0191714
0.00626808
0.0010785
0.0372664
0.0344093
0.0883575
0.0229363
0.0727448
0.0307268
0.0222923
0.0443779
0.026321
0.0358816
0.159237
0.0306965
0.0775506
0.0675715
0.184806
0.073204
0.205942
0.233793
0.205992
0.483545
0.213707
0.244414
0.216203
0.485572
0.0263219
0.0306967
0.0358832
0.159239
0.0775534
0.0732037
0.067573
0.184797
0.205943
0.483564
0.233788
0.205992
0.213707
0.485572
0.244413
0.216208
0.0541462
0.0625265
0.143207
0.188428
0.00519554
0.00520683
0.00859167
0.114116
0.0165692
0.0267993
0.144583
0.0236872
0.0872148
0.0693787
0.180264
0.154107
0.00211113
0.00209119
0.0272758
0.211088
0.0743744
0.0750195
0.184157
0.0711657
0.107606
0.107605
0.159903
0.205532
0.143876
0.204095
0.203652
0.255116
0.0383177
0.0383145
0.0703279
0.088846
0.124058
0.185759
0.220744
0.228704
0.0541394
0.0627752
0.143218
0.188447
0.0165703
0.0268006
0.144587
0.0236874
0.0871275
0.0691823
0.180204
0.154009
0.0743764
0.0750188
0.184143
0.0711634
0.143893
0.204175
0.203602
0.255114
0.124027
0.185736
0.220681
0.228679
0.0466925
0.0571249
0.172048
0.0520747
0.204188
0.237098
0.213514
0.225928
0.0305417
0.0305418
0.0257238
0.0360606
0.235874
0.274758
0.25006
0.254836
0.0743584
0.0743584
0.0688635
0.0754149
0.206963
0.213442
0.24239
0.509935
0.554629
0.554621
0.482175
0.586669
0.533332
0.533327
0.556231
0.477628
0.0466952
0.057126
0.172051
0.0520745
0.204189
0.237094
0.213515
0.225928
0.235866
0.274758
0.250059
0.254838
0.206976
0.213448
0.242394
0.509961
0.166395
0.165876
0.190572
0.183578
0.166399
0.165915
0.190559
0.183564
0.0178473
0.0229467
0.0229466
0.0274638
0.225588
0.264872
0.264796
0.341092
0.179952
0.172808
0.2143
0.179955
0.220073
0.233686
0.242107
0.256073
0.220072
0.233686
0.242106
0.256071
0.0525289
0.0469949
0.0579292
0.0525288
0.619986
0.614197
0.598111
0.619989
0.237145
0.239595
0.26275
0.256051
0.237156
0.239595
0.26276
0.256032
0.0625532
0.0705339
0.0705337
0.0706768
0.160443
0.23612
0.236073
0.345917
0.184067
0.206365
0.103472
0.184045
0.126464
0.0983891
0.00866392
0.0862632
0.126789
0.0133599
0.145045
0.167822
0.0284616
0.187599
0.150822
0.0586811
0.136837
0.175175
0.156964
0.18177
0.169941
0.199077
0.193747
0.0743226
0.0703563
0.0605751
0.162815
0.102373
0.00866551
0.0862649
0.126465
0.0986166
0.126794
0.013359
0.0284588
0.187573
0.145023
0.167696
0.150774
0.0586849
0.156965
0.181778
0.136841
0.175219
0.169766
0.199071
0.0703486
0.0603158
0.193654
0.0743952
0.16273
0.102381
0.147784
0.0207828
0.165661
0.0414937
0.17729
0.188144
0.026047
0.0368641
0.190624
0.07384
0.178419
0.0626392
0.210737
0.216428
0.0689104
0.0766799
0.227369
0.40451
0.243968
0.257256
0.238098
0.497179
0.483063
0.605788
0.242862
0.413056
0.281837
0.281664
0.243986
0.503338
0.572043
0.482406
0.147786
0.0207828
0.026047
0.0368643
0.165664
0.0414933
0.177289
0.188142
0.190605
0.0738394
0.0689107
0.0766802
0.178421
0.0626389
0.210737
0.21643
0.227377
0.404486
0.48307
0.605771
0.243961
0.257243
0.238103
0.497179
0.24291
0.412999
0.572037
0.482386
0.281858
0.281655
0.243991
0.503341
0.144003
0.164427
0.154512
0.176864
0.0132821
0.0132821
0.134909
0.134911
0.144296
0.160998
0.0183834
0.0281832
0.199261
0.219813
0.193308
0.133438
0.0527167
0.0527168
0.204625
0.204597
0.226176
0.215517
0.0744015
0.0662079
0.204215
0.204215
0.247705
0.247717
0.222656
0.193043
0.233415
0.337993
0.100854
0.10085
0.0669729
0.0669795
0.256285
0.27545
0.328645
0.1525
0.144011
0.164431
0.176934
0.154516
0.1443
0.160996
0.0183835
0.0281832
0.219736
0.199141
0.19323
0.133335
0.226176
0.215506
0.0744014
0.0662077
0.193103
0.222726
0.337996
0.233415
0.275449
0.256227
0.152485
0.328586
0.19576
0.203373
0.0475642
0.0582462
0.186845
0.221284
0.212151
0.246218
0.0209871
0.0209872
0.0415961
0.0415962
0.227967
0.264958
0.24299
0.27248
0.0634436
0.0634436
0.0768713
0.0768711
0.275758
0.266764
0.637201
0.617182
0.420425
0.420382
0.61962
0.619623
0.590307
0.590305
0.421674
0.421664
0.19575
0.203369
0.0475644
0.0582463
0.221282
0.186849
0.212151
0.246216
0.26495
0.227967
0.242991
0.272483
0.266677
0.275719
0.617182
0.637208
0.117919
0.135568
0.154328
0.134435
0.165028
0.19627
0.171544
0.148288
0.232714
0.215196
0.206729
0.229381
0.123186
0.145147
0.177671
0.196923
0.117914
0.134437
0.154342
0.135573
0.123202
0.197051
0.177673
0.145147
0.232679
0.229378
0.206735
0.215196
0.165032
0.148292
0.171534
0.196271
0.00828819
0.00862771
0.0181153
0.0185246
0.00828847
0.0185242
0.0181152
0.00862846
0.0262751
0.0258852
0.0278234
0.0279183
0.0262759
0.0279181
0.0278235
0.0258852
0.155442
0.223145
0.228995
0.159065
0.453062
0.487884
0.345101
0.328726
0.453111
0.328734
0.345021
0.487885
0.155263
0.159066
0.228995
0.223145
0.107637
0.187256
0.163898
0.0991917
0.152694
0.194627
0.196143
0.193242
0.152722
0.193241
0.196145
0.194613
0.107648
0.0991927
0.1639
0.187294
0.162449
0.168852
0.216102
0.20814
0.181611
0.231908
0.224021
0.175233
0.2443
0.24382
0.2606
0.269743
0.235935
0.241457
0.250975
0.240253
0.162452
0.208141
0.216101
0.168854
0.235883
0.24024
0.250972
0.241459
0.244303
0.26974
0.260593
0.24381
0.181611
0.175235
0.224019
0.231915
0.0361732
0.0361258
0.0470625
0.0467847
0.0361733
0.0467839
0.0470625
0.0361259
0.0679221
0.068901
0.0579862
0.0573569
0.0679226
0.0573567
0.0579862
0.068901
0.491304
0.504209
0.626235
0.597408
0.498093
0.565874
0.609117
0.506431
0.498093
0.50643
0.609117
0.56587
0.491356
0.597354
0.626237
0.504217
0.224166
0.189824
0.241242
0.238253
0.10548
0.166025
0.227812
0.189141
0.140793
0.190365
0.249083
0.190541
0.243522
0.277591
0.268591
0.231127
0.224165
0.238253
0.241243
0.189798
0.243522
0.231141
0.268589
0.277657
0.140669
0.190547
0.249031
0.190394
0.105477
0.189125
0.227583
0.165931
0.0765202
0.0760475
0.0725392
0.0725827
0.0765202
0.0725826
0.0725392
0.0760474
0.0310489
0.0278673
0.0643804
0.0687476
0.0310498
0.0687471
0.0643805
0.0278688
0.457972
0.319313
0.337225
0.482999
0.0681787
0.0704442
0.161445
0.152128
0.0681782
0.152089
0.161586
0.0704407
0.45796
0.48299
0.33721
0.319279
0.1577
0.205031
0.204068
0.170702
0.157679
0.170588
0.204025
0.204998
0.0421253
0.0670165
0.108918
0.11304
0.0424505
0.113058
0.1086
0.0672071
0.0102237
0.00516345
0.00387966
0.0203598
0.00108625
0.0194374
0.0128016
0.0559601
0.0407086
0.0189151
0.0296328
0.0226422
0.00517424
0.0101898
0.00387945
0.00107617
0.020209
0.0194418
0.0559385
0.0128019
0.0407088
0.029528
0.0185631
0.022762
0.028875
0.0332075
0.146703
0.0304847
0.0749031
0.0701806
0.169941
0.0729925
0.205939
0.219943
0.20598
0.340799
0.214162
0.229523
0.215414
0.352998
0.0288768
0.0304852
0.0332099
0.146712
0.0749052
0.0729919
0.0701808
0.169943
0.205966
0.340806
0.219942
0.205979
0.214161
0.352968
0.229522
0.215411
0.0564786
0.0610626
0.105596
0.141251
0.00519889
0.00520647
0.00623121
0.177809
0.0191219
0.0242446
0.140061
0.0239538
0.093755
0.0815561
0.159948
0.122596
0.00210615
0.00209618
0.0155079
0.212355
0.0739656
0.0691172
0.171816
0.0713094
0.110364
0.110367
0.137094
0.166483
0.164893
0.198036
0.196097
0.251914
0.0386021
0.0386011
0.055424
0.0829276
0.142443
0.174326
0.192946
0.234826
0.0564749
0.0611715
0.106014
0.141248
0.0191226
0.024246
0.140065
0.0239525
0.0936231
0.0811959
0.159888
0.122697
0.0739689
0.0691121
0.171821
0.0713067
0.164897
0.198067
0.196103
0.251755
0.142395
0.174295
0.192645
0.23476
0.0493
0.0545173
0.158377
0.051887
0.21299
0.229596
0.217628
0.223854
0.0305132
0.0305132
0.0282231
0.0332348
0.246549
0.264672
0.252136
0.254645
0.0743447
0.0743447
0.0715971
0.0747558
0.20862
0.21297
0.223855
0.361197
0.551053
0.55105
0.5141
0.568838
0.529121
0.529118
0.54358
0.501482
0.0493027
0.0545176
0.158379
0.0518852
0.212986
0.229594
0.217628
0.223854
0.246477
0.264672
0.252136
0.254647
0.208601
0.212988
0.22384
0.361182
0.170545
0.171186
0.183105
0.179915
0.170612
0.171188
0.183104
0.179916
0.0201546
0.0227067
0.0227067
0.0249656
0.236558
0.261871
0.261766
0.300003
0.183954
0.180313
0.201172
0.183956
0.229817
0.235839
0.240027
0.246993
0.229799
0.235842
0.240027
0.24699
0.0524954
0.0497285
0.0551956
0.0524954
0.614506
0.614168
0.603315
0.614506
0.246572
0.246048
0.25799
0.255192
0.246513
0.246049
0.257659
0.255192
0.0646376
0.0692926
0.0692925
0.0690047
0.209417
0.25024
0.250226
0.304127
0.184507
0.204513
0.160124
0.184483
0.0284348
0.04691
0.0873118
0.102683
0.00519323
0.00519597
0.00628169
0.148647
0.00888982
0.0140155
0.122456
0.013468
0.0537573
0.0799404
0.126231
0.13089
0.00109552
0.00211612
0.0160979
0.18644
0.0497765
0.0747725
0.131638
0.0613812
0.0340715
0.060792
0.0884375
0.119968
0.0952982
0.104455
0.12969
0.143672
0.0903743
0.122854
0.158884
0.163276
0.0405096
0.0641922
0.15924
0.0673203
0.0372791
0.0380331
0.0549716
0.0583432
0.0657171
0.108778
0.132813
0.102367
0.00520426
0.00520715
0.00628484
0.148672
0.0284133
0.0468982
0.0873124
0.10282
0.00889024
0.0140163
0.122461
0.0134681
0.00108088
0.00209532
0.0160937
0.186424
0.0537024
0.0799427
0.126209
0.13084
0.0493888
0.0747728
0.131585
0.0613873
0.0953037
0.104473
0.129659
0.143639
0.0338842
0.0608676
0.0883889
0.119959
0.0903755
0.122861
0.158915
0.16308
0.0372705
0.038028
0.0549639
0.0581721
0.0408825
0.0640546
0.159356
0.0676355
0.0658315
0.108813
0.132553
0.102397
0.0237668
0.0293515
0.136361
0.0206089
0.0388592
0.0440852
0.152581
0.0413259
0.171848
0.195427
0.180968
0.18625
0.0309094
0.0305702
0.0284494
0.0340754
0.0701131
0.0726824
0.172467
0.0732779
0.0649623
0.0597323
0.164159
0.0624402
0.199736
0.225236
0.212526
0.211302
0.0734177
0.0743721
0.0715764
0.0754148
0.205767
0.20478
0.217897
0.373175
0.245028
0.244792
0.248548
0.254665
0.205985
0.205978
0.222458
0.349442
0.554996
0.555982
0.520219
0.586872
0.212836
0.197067
0.225669
0.390427
0.268363
0.284949
0.283025
0.282662
0.215575
0.214136
0.228503
0.359092
0.532919
0.535057
0.557312
0.510607
0.023767
0.0293529
0.136366
0.0206084
0.0309099
0.0305704
0.0284495
0.0340756
0.0388594
0.0440874
0.15258
0.0413257
0.171849
0.195428
0.180967
0.186247
0.0701119
0.0726795
0.172435
0.0732771
0.073417
0.0743721
0.0715767
0.0754152
0.0649651
0.0597347
0.164161
0.0624399
0.199738
0.225237
0.212526
0.211302
0.20576
0.204834
0.217915
0.37317
0.554967
0.555977
0.520221
0.586883
0.245028
0.244786
0.248531
0.254631
0.206004
0.205972
0.222453
0.349444
0.212858
0.197052
0.22566
0.390454
0.532944
0.535063
0.557296
0.510694
0.268354
0.28494
0.283029
0.282644
0.215582
0.214137
0.228507
0.359097
0.154196
0.164119
0.152639
0.160668
0.151121
0.173596
0.160637
0.171233
0.0109176
0.01554
0.0132536
0.0132536
0.129206
0.160363
0.139901
0.139902
0.148745
0.158437
0.147147
0.157267
0.0234241
0.0231862
0.020902
0.0258046
0.194559
0.223432
0.202816
0.214881
0.165222
0.183614
0.193493
0.15479
0.0396508
0.0604645
0.0521224
0.0521224
0.209956
0.207532
0.206767
0.206754
0.209449
0.231887
0.225834
0.216364
0.0713889
0.071775
0.0733494
0.0689471
0.182725
0.214541
0.203847
0.203847
0.24123
0.279745
0.25533
0.252744
0.217145
0.198548
0.217744
0.204392
0.256471
0.262693
0.244107
0.298731
0.0853354
0.115167
0.100526
0.100524
0.0779727
0.0832705
0.0651984
0.0651635
0.251289
0.265705
0.261623
0.270387
0.228775
0.229264
0.273288
0.190627
0.154206
0.164125
0.152647
0.160675
0.151231
0.1736
0.171237
0.160642
0.148748
0.158436
0.147148
0.157266
0.0234227
0.0231862
0.020902
0.0258046
0.194512
0.223394
0.214762
0.202804
0.165153
0.18357
0.193458
0.154744
0.209475
0.231888
0.225835
0.216358
0.0713889
0.0717748
0.0733487
0.0689469
0.217217
0.198549
0.204384
0.21775
0.256441
0.262699
0.298738
0.244108
0.251285
0.265703
0.270356
0.261608
0.228733
0.229237
0.190592
0.273257
0.185823
0.21039
0.197681
0.201487
0.0522655
0.0525619
0.0502391
0.0555801
0.209397
0.195126
0.195663
0.214414
0.227867
0.231746
0.221346
0.237783
0.0232245
0.0299621
0.0208581
0.020858
0.0387941
0.0442613
0.0415618
0.0415619
0.248071
0.244095
0.238185
0.255559
0.260234
0.256971
0.249806
0.264148
0.06613
0.0606628
0.06342
0.0634201
0.0749444
0.0762625
0.0762513
0.0762511
0.274289
0.265127
0.274122
0.269729
0.625487
0.624453
0.637224
0.623425
0.450179
0.38221
0.419342
0.419319
0.603377
0.610666
0.61341
0.613412
0.568935
0.589045
0.585124
0.585124
0.448671
0.387741
0.420719
0.420714
0.185823
0.210387
0.197679
0.201483
0.0522643
0.052562
0.0502393
0.0555803
0.209381
0.195128
0.214413
0.195666
0.227867
0.231746
0.221346
0.23778
0.248071
0.244095
0.255549
0.238185
0.260234
0.256944
0.249808
0.264158
0.27429
0.265121
0.269727
0.274127
0.625486
0.624453
0.623424
0.637224
0.132939
0.130552
0.139611
0.141555
0.159241
0.173612
0.171735
0.178022
0.235645
0.239424
0.228426
0.228051
0.16173
0.173111
0.168025
0.182582
0.132941
0.130557
0.139617
0.14156
0.161738
0.17318
0.168029
0.182585
0.235646
0.239415
0.228438
0.228046
0.159245
0.173613
0.171736
0.178028
0.0110105
0.0132551
0.0133105
0.0158648
0.0110113
0.0132541
0.0133104
0.0158649
0.020959
0.0236445
0.0305618
0.0211167
0.0209597
0.0236445
0.0305618
0.0211166
0.184249
0.209938
0.205498
0.22093
0.40917
0.447166
0.377039
0.417216
0.409173
0.447174
0.377034
0.41698
0.184252
0.209944
0.205498
0.220931
0.106822
0.104495
0.140999
0.129529
0.225041
0.213624
0.248524
0.239887
0.21362
0.225043
0.239864
0.248484
0.104532
0.106819
0.129486
0.140963
0.178847
0.190045
0.193847
0.202882
0.19278
0.208949
0.205259
0.217827
0.280398
0.265842
0.274759
0.277305
0.259395
0.25332
0.254746
0.264327
0.178847
0.190039
0.193839
0.20288
0.259326
0.253207
0.254741
0.264311
0.280397
0.265844
0.274755
0.277304
0.19278
0.208947
0.205256
0.217826
0.0416625
0.039539
0.0448893
0.0416302
0.0395393
0.0416626
0.0416303
0.0448895
0.0662446
0.0628416
0.063467
0.0609124
0.0628428
0.0662444
0.0609123
0.0634671
0.625226
0.624709
0.634203
0.62553
0.592146
0.585642
0.607608
0.593945
0.585669
0.592157
0.593943
0.607606
0.624723
0.625102
0.625534
0.634209
0.217595
0.215576
0.226419
0.234336
0.163663
0.172753
0.190897
0.198224
0.213348
0.222182
0.224499
0.24371
0.275854
0.280962
0.277847
0.276683
0.217599
0.215566
0.226419
0.234337
0.275851
0.280956
0.277817
0.276679
0.213396
0.222131
0.224471
0.243647
0.163642
0.172688
0.190869
0.198175
0.0743517
0.0768186
0.0793608
0.0774912
0.0743513
0.0768181
0.07936
0.077491
0.0410855
0.0559823
0.0533111
0.0634644
0.0414427
0.0559821
0.0533111
0.0634645
0.416428
0.449501
0.379711
0.4204
0.0858435
0.101697
0.101031
0.117644
0.0858276
0.101697
0.101025
0.117636
0.416408
0.44948
0.379666
0.420385
0.179798
0.189074
0.192067
0.202043
0.189041
0.17969
0.201977
0.192007
0.0709817
0.0813332
0.0670056
0.111736
0.0814242
0.0716005
0.11211
0.068275
0.06992
0.0715516
0.00608723
0.0925727
0.11352
0.00825814
0.0840381
0.114145
0.0172946
0.151045
0.082083
0.0327094
0.0813773
0.0886165
0.126196
0.134611
0.103597
0.112912
0.130564
0.0329674
0.0526545
0.0459239
0.117515
0.0671706
0.00608997
0.0925781
0.0699489
0.0715055
0.11352
0.00825804
0.0172929
0.151189
0.0840217
0.1141
0.0820714
0.0327129
0.125716
0.134525
0.0813284
0.088628
0.103598
0.113117
0.0525976
0.0420949
0.130102
0.0326855
0.117926
0.0671803
0.127895
0.0259692
0.149633
0.0359924
0.162141
0.160847
0.0287206
0.0335142
0.185378
0.0770661
0.167049
0.0677152
0.183209
0.18878
0.0705633
0.0745846
0.219045
0.331474
0.233256
0.234829
0.221239
0.345107
0.469286
0.489053
0.228622
0.340835
0.244726
0.243976
0.230051
0.357199
0.494304
0.47244
0.127768
0.0259682
0.0287204
0.0335145
0.149635
0.0359929
0.162144
0.16085
0.18684
0.0770661
0.070563
0.0745843
0.167051
0.0677155
0.183203
0.188776
0.219042
0.331516
0.469363
0.489059
0.23325
0.234837
0.221239
0.345113
0.22862
0.340843
0.494321
0.472425
0.244719
0.243975
0.230048
0.357192
0.104079
0.139159
0.104132
0.145152
0.139654
0.144731
0.187811
0.190667
0.0062559
0.162129
0.00625791
0.16213
0.0086096
0.00860991
0.107815
0.107815
0.131112
0.0187121
0.143673
0.0287207
0.137398
0.146359
0.0211034
0.0258026
0.146727
0.136538
0.165235
0.0948823
0.174005
0.185344
0.170686
0.133846
0.015807
0.205467
0.0158043
0.205458
0.0275716
0.0275723
0.208172
0.208164
0.168096
0.0717961
0.171828
0.0741306
0.189203
0.183942
0.0703237
0.0694002
0.134276
0.154968
0.134274
0.154969
0.160263
0.160262
0.200293
0.200241
0.181087
0.210652
0.209177
0.320201
0.209084
0.20298
0.235747
0.29034
0.0552515
0.0650185
0.055248
0.0648943
0.070457
0.0704552
0.0697636
0.069895
0.150896
0.149753
0.203513
0.322351
0.214561
0.22661
0.270275
0.190381
0.104073
0.13915
0.104284
0.145144
0.139067
0.144644
0.190791
0.187867
0.131117
0.0187116
0.143677
0.0287196
0.137402
0.146363
0.0211034
0.0258029
0.146655
0.136439
0.165139
0.0947601
0.185258
0.173947
0.170822
0.133796
0.168101
0.0717967
0.171823
0.0741304
0.189191
0.183932
0.0703175
0.0694003
0.181106
0.210655
0.209184
0.319568
0.202978
0.20908
0.290329
0.235843
0.150906
0.14974
0.203924
0.322302
0.226608
0.214523
0.190337
0.270241
0.155483
0.0466065
0.161267
0.0571643
0.170453
0.173641
0.0494297
0.0547156
0.200219
0.206227
0.233292
0.239217
0.204884
0.222207
0.217167
0.233689
0.0283361
0.0332939
0.0283362
0.033294
0.0258045
0.0258045
0.0360932
0.0360933
0.233878
0.23373
0.272138
0.274724
0.242358
0.25987
0.246315
0.26519
0.0716297
0.0750854
0.0716297
0.0750854
0.0688823
0.0688824
0.0757313
0.0757312
0.223013
0.35434
0.226874
0.35999
0.243424
0.241314
0.508135
0.508151
0.521154
0.578859
0.521156
0.578857
0.484863
0.484863
0.592188
0.592159
0.552702
0.508548
0.552696
0.508603
0.561174
0.561173
0.480314
0.480309
0.15548
0.0466052
0.16127
0.0571628
0.170455
0.173643
0.0494292
0.0547158
0.20022
0.206228
0.233288
0.239215
0.222205
0.204891
0.217168
0.233687
0.233889
0.23373
0.272136
0.274724
0.259867
0.242359
0.246307
0.265194
0.223012
0.354342
0.226901
0.35999
0.241315
0.243426
0.508185
0.508152
0.162077
0.17211
0.157904
0.170415
0.196568
0.186168
0.175541
0.197963
0.162081
0.172112
0.157908
0.170417
0.186168
0.197104
0.197966
0.175528
0.017981
0.017981
0.0205282
0.0253851
0.0205281
0.025385
0.0276433
0.0276433
0.227296
0.227296
0.241285
0.305029
0.30495
0.241286
0.343291
0.342916
0.171926
0.188919
0.168423
0.168424
0.205545
0.205546
0.188921
0.171928
0.218095
0.222047
0.225524
0.242179
0.234008
0.2514
0.258376
0.253706
0.218094
0.222045
0.225525
0.242177
0.251398
0.234008
0.253703
0.258374
0.0497957
0.0552576
0.0470286
0.0470286
0.0579577
0.0579577
0.0497956
0.0552575
0.6257
0.61446
0.620251
0.620253
0.603767
0.603767
0.614462
0.625683
0.230428
0.243208
0.240485
0.231367
0.258834
0.266543
0.248163
0.263252
0.243238
0.230388
0.240486
0.231358
0.266542
0.258803
0.248164
0.263251
0.0634669
0.0634669
0.0711771
0.0667924
0.0711768
0.0667923
0.071608
0.0716079
0.161874
0.161861
0.281659
0.198825
0.198809
0.281611
0.347351
0.347405
0.203228
0.16236
0.205229
0.205207
0.10605
0.106068
0.203192
0.162548
0.12207
0.130499
0.0479713
0.171816
0.00839926
0.00864598
0.0716443
0.0927296
0.125316
0.133848
0.0108316
0.0159458
0.129657
0.15554
0.163343
0.169587
0.0297548
0.0281652
0.174673
0.201278
0.127528
0.182277
0.045442
0.0680868
0.130338
0.141999
0.160091
0.191091
0.158009
0.157041
0.179268
0.188325
0.152968
0.185679
0.179987
0.211058
0.187915
0.194668
0.0559293
0.0924385
0.0692296
0.070389
0.0514739
0.0644289
0.147103
0.176529
0.0853705
0.1195
0.00840014
0.00864713
0.0716389
0.0927308
0.122052
0.130501
0.0481516
0.172343
0.125319
0.133854
0.0108313
0.015945
0.0297529
0.0281631
0.174692
0.201241
0.129628
0.155506
0.163094
0.169503
0.127546
0.181004
0.0450877
0.0680876
0.158016
0.157043
0.17916
0.188326
0.130343
0.1421
0.160159
0.191168
0.152968
0.185782
0.17954
0.21106
0.0692255
0.0703833
0.0513225
0.0637471
0.187566
0.194832
0.0559079
0.0924811
0.145353
0.17648
0.0853745
0.119502
0.156209
0.158807
0.0232928
0.0300336
0.16406
0.167262
0.0388323
0.0441392
0.171465
0.187655
0.175348
0.199156
0.0258538
0.0259662
0.0363479
0.0361624
0.19327
0.190652
0.0733487
0.0745689
0.180014
0.176826
0.0652805
0.0599979
0.196258
0.221531
0.223005
0.229533
0.0681302
0.0689197
0.0768025
0.0763637
0.230706
0.221289
0.450319
0.367123
0.240861
0.236521
0.249571
0.249779
0.237008
0.239194
0.494061
0.500293
0.492585
0.484715
0.602413
0.601714
0.243276
0.235638
0.453689
0.368576
0.267725
0.279736
0.266003
0.282144
0.244232
0.243883
0.501257
0.504898
0.567244
0.568868
0.492448
0.482816
0.156212
0.158805
0.0232929
0.0300337
0.0258534
0.0259663
0.0363482
0.0361626
0.164062
0.167264
0.0388322
0.0441386
0.171467
0.187657
0.175348
0.199152
0.19327
0.190612
0.073347
0.0745667
0.0681293
0.0689196
0.0768025
0.0763637
0.180018
0.176828
0.0652799
0.0599979
0.196259
0.221532
0.223006
0.229534
0.230716
0.221296
0.450343
0.367094
0.492583
0.484721
0.602308
0.601432
0.240879
0.236517
0.249571
0.249773
0.237007
0.2392
0.494097
0.5003
0.243274
0.23565
0.453769
0.368507
0.567236
0.568863
0.49251
0.482801
0.267717
0.279734
0.266001
0.28214
0.244247
0.24389
0.501255
0.504902
0.150586
0.141318
0.160369
0.173327
0.141818
0.159206
0.186488
0.240677
0.010964
0.0157023
0.0157023
0.0109643
0.150948
0.118366
0.118319
0.151011
0.139578
0.14901
0.166627
0.155174
0.0182493
0.0183422
0.0278996
0.0280031
0.18303
0.214551
0.234447
0.205433
0.202776
0.18215
0.123328
0.110882
0.0405461
0.0619644
0.0619645
0.0405468
0.204897
0.204213
0.204175
0.204857
0.213678
0.233062
0.222709
0.202357
0.0734702
0.0716479
0.0667697
0.0652943
0.216607
0.18386
0.183858
0.216607
0.228372
0.265277
0.265266
0.228415
0.226675
0.214233
0.183255
0.20148
0.233493
0.231759
0.342101
0.333935
0.0857418
0.116667
0.116661
0.0857384
0.0719201
0.0876866
0.0877038
0.0735986
0.24399
0.254905
0.273069
0.258579
0.324786
0.330056
0.153124
0.152314
0.141322
0.150588
0.17333
0.160376
0.240915
0.186552
0.159209
0.141807
0.149013
0.139579
0.155175
0.16663
0.0183407
0.0182492
0.0280032
0.0278983
0.205433
0.234382
0.214532
0.182992
0.18197
0.202713
0.109765
0.123291
0.233063
0.213739
0.20235
0.222695
0.0716476
0.0734702
0.0652942
0.0667698
0.201499
0.183254
0.214234
0.226659
0.333937
0.342107
0.231759
0.233461
0.258592
0.273065
0.254862
0.243982
0.152291
0.153205
0.330024
0.324723
0.182335
0.206609
0.214112
0.189301
0.0470961
0.0469641
0.0575554
0.0580145
0.192321
0.17843
0.214108
0.225472
0.214126
0.210176
0.243836
0.248599
0.0234343
0.0302619
0.030262
0.0234343
0.0388608
0.0443293
0.0443294
0.0388609
0.229936
0.225994
0.262756
0.267348
0.241782
0.243536
0.275323
0.2693
0.0661723
0.0607149
0.0607149
0.0661723
0.0758816
0.0778117
0.0778112
0.0758812
0.263441
0.269892
0.259706
0.256683
0.631867
0.631761
0.613115
0.611293
0.454174
0.385249
0.385124
0.454177
0.622937
0.615121
0.61512
0.62294
0.579068
0.599859
0.599857
0.579066
0.390131
0.452312
0.452301
0.390114
0.206607
0.182335
0.189301
0.214109
0.0469634
0.0470961
0.0580145
0.0575539
0.22547
0.214111
0.17841
0.192322
0.210176
0.214126
0.248595
0.243834
0.267346
0.262752
0.225993
0.229936
0.243575
0.241783
0.269311
0.27532
0.256683
0.259695
0.269886
0.263452
0.61129
0.61311
0.631765
0.631472
0.0622799
0.120944
0.128593
0.0779672
0.132898
0.142231
0.137016
0.129444
0.165315
0.159879
0.14618
0.151949
0.106615
0.0973287
0.13721
0.150206
0.133202
0.171849
0.164933
0.140666
0.208936
0.200844
0.183797
0.191515
0.175143
0.162481
0.170989
0.188939
0.141787
0.153898
0.163949
0.151915
0.219451
0.21848
0.23846
0.242941
0.202655
0.224016
0.229802
0.214915
0.187514
0.20656
0.22092
0.208156
0.225941
0.240609
0.23242
0.218453
0.0672198
0.0866198
0.162247
0.138433
0.105174
0.157267
0.162516
0.0995144
0.17864
0.192553
0.177722
0.168797
0.18836
0.172285
0.191486
0.210246
0.062226
0.0779811
0.128577
0.120948
0.106685
0.150214
0.137214
0.0973282
0.165355
0.151949
0.146173
0.159885
0.132903
0.129449
0.137018
0.142235
0.0672697
0.138459
0.16225
0.0863677
0.188357
0.210253
0.191435
0.172316
0.178717
0.168801
0.17772
0.192548
0.105177
0.0996502
0.162369
0.157278
0.219452
0.242946
0.23846
0.218485
0.225939
0.218452
0.23242
0.240605
0.187514
0.208217
0.221072
0.206576
0.202659
0.215126
0.229736
0.224002
0.133437
0.14067
0.164936
0.17185
0.141791
0.151917
0.166166
0.153902
0.175145
0.189142
0.17099
0.162481
0.208935
0.191516
0.183798
0.200845
0.00571945
0.006118
0.0108356
0.0108715
0.00624347
0.0109407
0.0109871
0.00626898
0.0203411
0.020715
0.0157835
0.0156209
0.0213305
0.0160935
0.015802
0.0208798
0.0057207
0.0108714
0.0108355
0.00612116
0.0213296
0.0208781
0.0158007
0.0160933
0.0203411
0.0156209
0.0157834
0.0207149
0.00624442
0.0062715
0.0109876
0.0109408
0.028492
0.028269
0.0234044
0.0231889
0.0282797
0.0233294
0.0235396
0.028393
0.025175
0.0255947
0.0304117
0.0301116
0.0263373
0.0303238
0.0301364
0.0256604
0.0284927
0.0231894
0.0234049
0.0282691
0.0263387
0.0256618
0.0301373
0.0303247
0.025175
0.0301116
0.0304116
0.0255947
0.0282796
0.028393
0.0235395
0.0233294
0.0946094
0.136287
0.186323
0.129702
0.230889
0.244726
0.222437
0.190273
0.238922
0.215574
0.218632
0.243856
0.136535
0.131958
0.182899
0.183369
0.33597
0.522549
0.451187
0.369044
0.517803
0.452051
0.45091
0.519212
0.302663
0.302443
0.381827
0.383782
0.282504
0.352141
0.372756
0.295175
0.335962
0.369439
0.451208
0.522516
0.282383
0.295168
0.372751
0.352143
0.302298
0.383656
0.381576
0.302448
0.517802
0.519213
0.450949
0.452053
0.0946773
0.129703
0.186285
0.136284
0.136535
0.18337
0.1829
0.131954
0.238922
0.243865
0.218632
0.215574
0.230804
0.190302
0.222443
0.244728
0.0564603
0.086866
0.0900386
0.133273
0.140068
0.14646
0.124653
0.123942
0.176188
0.155693
0.146036
0.167493
0.168834
0.155399
0.110575
0.124133
0.0757592
0.139431
0.207
0.0966659
0.160981
0.23539
0.221253
0.149325
0.196386
0.180076
0.256908
0.272403
0.143228
0.144822
0.23693
0.192485
0.0757403
0.0966632
0.206897
0.139385
0.14322
0.189047
0.236677
0.144842
0.196388
0.272377
0.256875
0.18008
0.160725
0.149318
0.221239
0.235066
0.0564509
0.133274
0.0900953
0.086924
0.168855
0.124133
0.110556
0.1554
0.17619
0.167497
0.1461
0.155756
0.140058
0.123946
0.1247
0.146518
0.148171
0.151108
0.177097
0.173598
0.15693
0.184079
0.180591
0.154033
0.227697
0.223435
0.204745
0.208523
0.215079
0.197292
0.201019
0.219257
0.168495
0.197997
0.194519
0.165604
0.244445
0.240271
0.219679
0.223382
0.231917
0.212249
0.21597
0.236096
0.159822
0.162713
0.19104
0.187562
0.229955
0.229278
0.266783
0.268654
0.225856
0.266778
0.264808
0.227698
0.24924
0.253477
0.27225
0.267544
0.262189
0.282193
0.277248
0.257617
0.220612
0.247308
0.251493
0.22187
0.231643
0.235736
0.252262
0.247286
0.244724
0.262631
0.257227
0.239916
0.223246
0.22275
0.254895
0.274221
0.148174
0.173599
0.177097
0.151108
0.215078
0.219257
0.201016
0.197289
0.227689
0.208521
0.204744
0.223435
0.15693
0.15403
0.180591
0.184079
0.220613
0.221862
0.251452
0.247309
0.223242
0.274229
0.254885
0.222745
0.244721
0.239914
0.25722
0.262623
0.231641
0.24728
0.252257
0.235733
0.229953
0.268639
0.266802
0.229291
0.262187
0.257613
0.277243
0.282189
0.249238
0.267552
0.272225
0.253474
0.225854
0.22769
0.264811
0.26658
0.168497
0.165606
0.19452
0.197998
0.159824
0.187562
0.19104
0.162715
0.231921
0.236097
0.215968
0.212246
0.244445
0.223383
0.219679
0.240272
0.0331704
0.0336903
0.039005
0.038659
0.0332644
0.0388275
0.0388963
0.0333254
0.049762
0.049829
0.0443631
0.0442952
0.0492468
0.0439663
0.0443133
0.0496148
0.0331712
0.0386596
0.0390056
0.0336909
0.0492452
0.0496139
0.044313
0.0439654
0.049762
0.0442953
0.0443632
0.049829
0.0332644
0.0333255
0.0388965
0.0388276
0.0703537
0.0707732
0.0654855
0.0650777
0.0716135
0.0661512
0.0661932
0.0716459
0.0552266
0.0552882
0.0607407
0.0606889
0.054525
0.0598013
0.0601978
0.0549084
0.0703541
0.0650777
0.0654865
0.070774
0.0545271
0.0549098
0.0601992
0.0598023
0.0552266
0.0606889
0.0607408
0.0552882
0.0716136
0.0716459
0.0661933
0.0661512
0.342944
0.347286
0.618928
0.584772
0.357479
0.632416
0.628919
0.351532
0.620107
0.616841
0.628813
0.631216
0.574003
0.582588
0.619808
0.609294
0.355123
0.552714
0.580564
0.35879
0.548265
0.574159
0.582353
0.55504
0.609053
0.618546
0.603637
0.59462
0.360705
0.359471
0.601994
0.618327
0.355132
0.358794
0.580564
0.552702
0.360715
0.618326
0.601993
0.359478
0.609054
0.594619
0.603635
0.618546
0.548262
0.555032
0.58235
0.574158
0.34294
0.584773
0.619029
0.347299
0.574002
0.609295
0.619813
0.582587
0.620107
0.631216
0.628819
0.616843
0.357515
0.351523
0.628733
0.632413
0.180791
0.172894
0.206614
0.20303
0.172787
0.211606
0.215819
0.172645
0.247187
0.248874
0.233474
0.232516
0.246644
0.22189
0.230195
0.251738
0.0597001
0.108072
0.151248
0.105386
0.156349
0.188444
0.174038
0.137132
0.238243
0.223265
0.206218
0.217729
0.166232
0.162067
0.1869
0.202655
0.0985325
0.125261
0.211104
0.147071
0.169252
0.249575
0.232939
0.140513
0.252544
0.229157
0.239719
0.262357
0.162622
0.167753
0.210096
0.200117
0.229091
0.267523
0.276262
0.228254
0.264734
0.268755
0.279428
0.284871
0.261425
0.269687
0.274523
0.263654
0.198887
0.214655
0.274632
0.254991
0.180817
0.20303
0.206615
0.172784
0.246645
0.251739
0.230275
0.221889
0.247187
0.232517
0.233474
0.248875
0.172778
0.172617
0.215828
0.211651
0.22909
0.228253
0.276258
0.267519
0.198927
0.25504
0.274634
0.214633
0.261423
0.263662
0.274516
0.26968
0.264734
0.284867
0.279425
0.26876
0.0987338
0.147055
0.211125
0.125558
0.162145
0.200087
0.210123
0.16781
0.252495
0.262335
0.239617
0.229095
0.169103
0.140493
0.232893
0.249566
0.0596963
0.105385
0.151228
0.108146
0.166242
0.202653
0.18685
0.162068
0.238232
0.217694
0.206185
0.223258
0.1563
0.137127
0.173896
0.188417
0.0747621
0.0752264
0.0738046
0.0729409
0.0749207
0.0754131
0.0763501
0.0752502
0.0700909
0.0722632
0.0785861
0.0770372
0.0707804
0.0744058
0.0744278
0.070163
0.0747618
0.0729388
0.0738043
0.0752265
0.0707743
0.070161
0.074427
0.0744028
0.0700907
0.0770369
0.0785855
0.0722627
0.0749206
0.0752502
0.0763497
0.0754129
0.0180674
0.0166923
0.0430852
0.0472846
0.0156562
0.0400985
0.0409938
0.015949
0.0657149
0.0678695
0.0627145
0.0612145
0.0715512
0.0709637
0.0657486
0.0677857
0.0180675
0.0476318
0.0434417
0.0166953
0.0715511
0.0677853
0.065748
0.0709626
0.065715
0.0612146
0.0627146
0.0678696
0.0156575
0.0159525
0.0409947
0.0400988
0.346481
0.381467
0.455241
0.513575
0.279327
0.27262
0.375332
0.363493
0.296039
0.388936
0.385054
0.274367
0.505029
0.509516
0.451258
0.450491
0.0500015
0.0537931
0.0855396
0.0849622
0.0554029
0.0855658
0.0857833
0.0550967
0.211081
0.191088
0.117268
0.115912
0.187718
0.119246
0.118572
0.190443
0.0499742
0.0849674
0.0855375
0.0537612
0.187646
0.190402
0.11857
0.119263
0.211069
0.115909
0.117262
0.191061
0.0554016
0.0550911
0.0857776
0.0855637
0.346482
0.513582
0.455204
0.381481
0.505048
0.450486
0.451243
0.509671
0.296167
0.274328
0.385068
0.388927
0.279328
0.363398
0.375273
0.272581
0.0991619
0.172471
0.177362
0.125767
0.209012
0.207461
0.201948
0.200447
0.203961
0.202151
0.202422
0.206001
0.138676
0.133671
0.181173
0.182357
0.0991891
0.125726
0.177252
0.172493
0.138507
0.182213
0.181024
0.133602
0.203949
0.205984
0.202365
0.202115
0.209008
0.200417
0.201944
0.207446
0.0295503
0.0496925
0.0632378
0.0484374
0.0692497
0.07555
0.0671383
0.0614023
0.162737
0.161732
0.0883352
0.0855196
0.108605
0.0860186
0.102133
0.144502
0.0337932
0.0485473
0.0632818
0.0498243
0.108565
0.14456
0.102036
0.0860476
0.161674
0.0855371
0.089527
0.161798
0.0688455
0.0616404
0.0721688
0.0756993
