-0.831386
0.245
-1.705
-0.829883
0.255
1.735
-0.845
0.945
-1.67359
-0.845
1.14354
1.665
0.831386
0.245
-1.705
0.829883
0.255
1.735
0.845
0.945
-1.67357
0.845
1.14354
1.665
-0.0123507
0
0.0476346
0.0667012
-0.0123506
0
0.0476217
0.0667108
0
0
0
0
0
0
0
0
0
0
0
0
0
0
0
0
0
0
0
0
0
0
0
0
0
0
0
0
0
0
0
0
0
0
0
0
0
0
0
0
0
0
0
0
0
0
0
0
0
0
0
0
0
0
0
0
0
0
0
0
0
0
0
0
0
0
0
0
0
0
0
0
0
0
0
0
0
0
0
0
0
0
0
0
0
0
0
0
0
0
0
0
0
0
0
0
0.0430182
0.00509127
-0.00654233
0.0541789
0.000644618
-0.011135
0.185581
0.0194199
0.167337
-0.013382
0.0430182
-0.00655173
0.0541522
-0.0111297
0.0194264
-0.0133959
0
0.0238285
0.0163616
0.0166678
0.0102457
-0.00954251
0.244682
0.52663
0
0.0237915
0.0166558
-0.00955395
0.0269305
0.026933
0.0103368
0.261698
0.276878
0.0121469
0.0121385
0.0129518
0.434499
0.0289013
0.0288996
0.0126082
0.440791
0.266784
0.000120545
0.00254237
-0.00334602
-0.0208185
-0.00148165
-0.0052542
0.0309606
0.0543619
0.0210499
0.0237208
0.0836554
-4.85223e-06
0.00270844
0.000120124
-0.00335501
-0.00148379
-0.0204566
-0.00525174
0.0543499
0.0309472
0.02105
0.083682
0.0248105
-1.03575e-05
-0.00107924
0
0.00490065
0.00755906
-0.00588906
0
-0.0910117
0.00393123
0.00224034
0.00251759
-1.22944e-06
0.0650794
-0.013309
-0.00671212
-0.00957784
0.200345
-0.00108159
0.00755913
0
0.00491764
-0.00588617
0.00393179
0
-0.0909924
0.00223378
0.0651385
0.0025357
-1.35697e-06
-0.0132823
0.200336
-0.00672099
-0.00958934
0.000289083
0.0968985
0.000360932
0.170286
0.00583785
0.00747232
0.00111482
0.114237
0.0069062
0.115685
0.00539295
0.0102394
0.0446099
0.122012
0.00375548
0.0767464
0.0317565
0.0586952
0.00798966
0.184143
0.000267173
0.096904
0.00584096
0.00747573
0.00112426
0.114246
0.00539088
0.0102378
0.00375536
0.076732
0.0079929
0.184179
-0.0890284
0.00545027
0.000376422
-0.00859057
-1.58719e-06
-0.000352397
0.000445973
0.000289933
1.17478e-07
0.000351266
0.00601189
0.191484
0.0153316
-0.114576
0.0388817
0.0306888
-0.0890295
0.00545049
0.000397096
-0.00857511
0.000446526
0.000294187
0.00601187
0.191489
0.00445078
0.00488415
0.00238265
0.0117624
0.00442918
0.0117623
0.00239524
0.00489589
0.00499139
0.00499308
0.00782312
0.00782132
0.103399
0.0913685
0.0915438
0.103473
0.140791
0.169051
0.169094
0.140793
-0.0915629
-0.0900237
-0.000541617
0.00426472
-0.091567
0.00427376
-0.000546235
-0.0900204
0.00601348
0.00601351
0.00469114
0.00469075
0.0338139
0.229781
0.229713
0.033739
0.00315894
0.00397726
0.011986
-7.12525e-05
0.00316019
-6.92133e-05
0.0119924
0.00398092
0.00803061
0.0080298
0.0121392
0.01214
0.218993
0.16114
0.161137
0.219017
0.162624
0.162634
0.163495
0.16345
-0.00374431
-0.0107558
-0.00203402
-0.044406
-0.000126281
-0.0052522
0.00940627
-0.0146982
0.00614496
0.00146736
0.0179777
5.50511e-05
-0.0110384
0.00619454
-0.00204073
0.00015636
-0.0455896
-0.00524973
-0.0147118
0.00941492
0.0060188
0.0179603
0.000920974
4.70005e-05
-0.000647969
0
0.00509884
-0.0119019
-0.00588705
0
-0.0914133
-0.0404898
2.06287e-05
-2.72295e-07
-4.44079e-07
0.0488288
-0.0130501
-0.00735193
-0.0129918
-0.0105138
-0.00065029
-0.0119013
0
0.00509615
-0.00588415
-0.0404849
0
-0.0914234
2.05784e-05
0.0488148
-2.23391e-07
-4.7641e-07
-0.0129495
-0.0105195
-0.00736093
-0.01298
-0.0211639
0.00267815
-0.000122597
0.0453461
-8.87137e-05
8.94439e-06
0.000362983
0.134897
-0.000786021
0.000110993
0.00496703
-0.00670715
0.0118254
0.000963201
0.00111482
0.0438352
-0.000903137
-0.000904383
0.0069062
-0.0114864
2.06486e-06
2.05683e-06
0.00522646
-0.00532675
0.0192194
0.0192136
0.0143738
0.0210281
0.000146452
-0.00208086
3.20122e-05
0.0419187
-1.57009e-16
-3.14018e-16
0.01885
-0.00829614
4.46517e-06
-4.69842e-05
0.00797531
0.111635
-0.0212822
0.00264927
-0.000134006
0.0453501
-0.000783756
0.00011177
0.00497103
-0.00808862
0.0116224
-0.00119714
0.00112426
0.0438647
2.04632e-06
2.04425e-06
0.00522463
-0.0039388
0.000146429
-0.00207435
3.20097e-05
0.0419196
3.78632e-06
-9.00955e-05
0.00797855
0.111629
0
0
-0.088929
-0.0378235
0.000219247
0.00225102
-0.000537727
-0.00858449
0.000709096
0.000709059
-7.05317e-07
-0.000352295
0.00171898
0.000580313
0.000497446
0.00028993
0.000803761
0.000803503
2.19262e-07
0.000351266
-5.80604e-07
-7.75362e-06
4.37063e-07
0.0683205
0.0321407
0.0321165
-0.000434353
-5.13145e-13
0.0387367
0.0387376
0.0135526
0.00383446
0
0
-0.088931
-0.0378262
0.000201136
0.00226723
-0.000516964
-0.008569
0.0017091
0.000579885
0.000498119
0.000294187
-6.30097e-07
-7.39051e-06
4.92838e-07
0.0680068
0.000273202
0.000225836
0.00370713
2.87591e-05
0.000283969
0.000204934
0.003707
7.47905e-06
-1.63654e-06
4.58446e-06
4.53904e-06
-7.00489e-09
0.00151335
0.0236177
0.0235615
0.00117148
0.0131645
0.0199517
-0.0206894
0.0131641
0.00100424
2.69085e-05
-7.36113e-06
0.00537602
0.00100384
2.64629e-05
-7.46683e-06
0.00537594
0.000800307
-1.01784e-07
-1.01784e-07
0.000800199
0.024672
-0.0120482
0.0108223
0.0246741
0
0.000724467
2.12112e-06
-0
-3.13372e-09
0.000724623
2.11317e-06
-1.11022e-16
-2.98953e-11
7.80698e-07
6.43303e-07
1.73547e-10
0.0127343
0.0204926
0.0205358
2.69743e-05
0
1.03765e-06
0.0165011
2.22045e-16
0.00158645
0.031933
0.000358417
0.0826607
0.00495226
-0.00851933
0.00864413
0.0340369
0.00754419
-0.0615066
0.0051331
-0.00515964
-0.00125008
0.0385887
0.0108909
0.0253619
2.40139e-05
0.0171644
-0.000398757
0.0473436
0.0199637
-0.00860961
0.0114147
0.0768049
0.000299723
0.0826494
0.00159808
0.0317924
0.00496863
-0.00990386
0.00754495
-0.0614991
0.00852084
0.0338544
0.0051313
-0.00377172
0.0108577
0.0253391
-0.00124536
0.0385838
2.39632e-05
0.0171287
0.019942
-0.00842724
-0.000779489
0.0467146
0.0114183
0.0768121
0.00552376
-0.00591494
-0.0876655
-0.0364733
0.000270803
-0.0494971
0.00070541
-0.000491209
0.00551165
-0.00576501
-0.0901709
-0.0391554
-4.1836e-06
0.0430727
-9.93014e-17
0.00115283
-0.00145529
0.0482769
-0.000675702
-1.10294e-08
6.57404e-07
0.0500896
-0.00182547
-0.0142579
0.00719901
0.124675
-0.000191516
0.000798902
1.47026e-05
0.00594126
0.0051764
0.00797866
0.0055061
-0.00591298
0.000705463
-0.000491277
-0.0876639
-0.0364759
0.000272856
-0.0494979
0.00550957
-0.00437712
0
0.00115251
-0.0901744
-0.0391542
-1.06739e-05
0.043066
-0.00145068
0.0485601
-0.00192153
-0.0143124
-0.000671137
5.74961e-09
7.21266e-07
0.0501492
0.00718024
0.124927
0.00521664
0.00797407
-0.000191676
0.000794101
1.48024e-05
0.00598385
-0.00021145
0.00406939
-0.00457959
0.00736445
5.15488e-06
5.11056e-06
0.0460041
0.0460043
4.54448e-05
-0.000152663
-1.63381e-06
2.21026e-09
0.000743303
2.91792e-06
0.00514768
0.00747545
2.24261e-07
2.94563e-07
0.00514659
0.00514415
-7.5186e-05
-1.01422e-08
-2.10328e-10
-4.12183e-10
0.0231784
0.0231417
0.0197516
0.0197334
-2.74767e-07
9.23251e-05
0.000828821
0.000438107
0.0129169
0.0129191
2.50358e-06
2.29402e-05
4.36064e-08
5.72979e-09
6.76485e-05
0.0086147
-0.000189892
0.00408036
0.00736458
-0.00452867
5.72762e-05
-0.000152518
-1.61331e-06
-2.27748e-09
2.90897e-06
0.000743416
0.00514518
0.00745501
-7.51791e-05
-3.12085e-08
6.91167e-10
1.66882e-09
9.23976e-05
-2.69645e-07
0.000359861
0.00079849
8.3623e-09
3.89308e-08
0.00861345
3.77503e-05
-8.58495e-08
5.10533e-07
-4.96507e-17
-4.96507e-17
-0.000157817
0.00283251
0.00101334
0.00810881
4.04481e-06
4.11615e-06
0.000798664
0.000798638
0.000955154
0.00266489
0.000414051
1.77675e-06
0.000801792
0.000801975
1.26747e-06
1.20138e-06
4.10438e-10
7.12785e-09
0.00334158
0.00856879
0.0235618
0.0234753
0.0136818
0.0137176
0.0364224
0.036481
0.0279593
0.0279466
-1.35665e-07
1.07553e-06
9.93014e-17
0
0.00283249
-0.000157778
0.00101842
0.00810915
0.00266444
0.000952594
0.000434962
1.76699e-06
-3.45165e-09
1.59187e-09
0.0086012
0.00336222
0.00531332
0.0042764
-0.000486939
0.00100318
0.00612212
-0.000229404
0.000362846
0.00524932
0.000515134
-0.000710939
0.00326955
0.00222753
0.0067997
0.00371497
0.00397259
0.000127993
0.00532185
0.000993092
-0.000475748
0.00428659
0.00680209
0.000127997
0.00397797
0.00372267
0.000511761
0.00224019
0.00326947
-0.000708641
0.00612027
0.00523191
0.000362951
-0.00021829
-0.010596
0.000366126
3.22594e-06
-0.00761052
-0.0120171
-0.00899309
3.19708e-06
0.000336762
-0.0131642
0.00035624
4.28492e-06
-0.00630854
-0.0127186
-0.00631091
4.3433e-06
0.000356295
0.00233421
0.0375945
0.0233481
0.0347468
0.0578404
0.0273791
0.0247611
0.0452792
0.0577774
0.0452491
0.0247218
0.0273237
0.00237782
0.0347323
0.0233336
0.0375804
0.0171176
0.0388426
0.0494258
0.158335
0.0260146
0.0501963
-0.00226139
0.0437889
0.026001
0.0437885
-0.00227071
0.0501932
0.016564
0.158253
0.0494257
0.0388459
-0.111784
-0.0882991
0.00103038
-0.0318483
-0.090791
0.0011612
0.000985628
-0.08955
-0.00385954
7.53081e-06
0.00402046
0.00144666
2.66545e-07
0.00517992
0.00674242
5.66086e-07
-0.111785
-0.0318387
0.00103269
-0.0882994
3.47772e-07
6.10227e-07
0.00674254
0.00518819
-0.00386407
0.00144619
0.00402018
7.65827e-06
-0.0907977
-0.0895527
0.000984161
0.0011555
-0.0360437
0.000401981
0.000799486
-0.0371484
-0.0360463
-0.037151
0.000799419
0.000401946
-0.0398195
0.000802648
0.000800996
-0.0384893
-0.0398226
-0.0384882
0.000801141
0.000802868
0.0363535
0.0985286
0.00695456
0.0226978
-0.00229976
0.0494351
0.0419994
0.0255148
-0.00227716
0.0255396
0.0420153
0.0494526
0.0363392
0.0227036
0.00697472
0.0985476
0.030485
0.00536899
0.000629599
0.0217178
0.00753263
0.00563227
0.000733852
0.00517978
0.0160328
0.0096951
2.518e-06
0.000361405
0.000217042
0.000687173
1.95613e-06
0.00624346
0.0304846
0.0217167
0.000629851
0.00536704
0.000197987
0.00624029
1.94464e-06
0.000535569
0.0158351
0.000175766
2.51359e-06
0.00969847
0.00747006
0.00517795
0.000733985
0.00557546
-0.0149588
0.000753559
1.02426e-06
-0.00554589
-0.0144786
-0.00415797
9.22516e-07
0.0007534
-0.00202918
0.00722559
4.33807e-07
-0.00385526
-0.00341784
-0.0052432
5.37601e-07
0.00722525
0.0391095
0.120135
0.0242528
0.0388446
0.0588867
0.025503
0.0294397
0.0998282
0.0588801
0.0998032
0.0294325
0.0255452
0.0390957
0.0388395
0.0242382
0.12012
0.00882751
-0.094263
0.00257436
0.0501755
0.00868887
0.0500865
0.00257311
-0.0942073
0.0508466
-0.00862921
0.0119781
0.0531005
0.0511528
0.0533924
0.0119883
-0.00861168
0.00905721
0.0103335
-0.00205982
-0.0433851
0.00241734
-0.00308132
6.9148e-06
-0.00249787
0.00132105
0.000342749
0.00395286
4.59587e-05
0.010572
0.00403055
-0.00206588
0.00232407
-0.0434352
-0.00306846
-0.00249689
5.7143e-06
0.00135925
0.00395253
0.000336786
4.03268e-05
-0.000500104
0
0.00340024
-0.0355256
-0.00588706
0
-0.0914373
-0.0921234
2.02359e-05
-6.35139e-07
-2.85032e-07
0.0458007
-0.0132557
-0.00735234
0.00724468
-0.0294509
-0.000502435
-0.0357067
0
0.00340247
-0.0058842
-0.0921265
0
-0.0914307
2.01637e-05
0.0457784
-6.08738e-07
-3.2207e-07
-0.0132551
-0.0294545
-0.00736131
0.00766322
0.012913
-0.00785025
-0.00013884
0.0297462
-1.57009e-16
0
0.000363011
0.0549247
5.87126e-05
5.42178e-05
0.00292885
-0.039534
-0.000609742
-7.32594e-05
0.000902948
0.0169179
0.000909091
0.000897184
0.00691095
0.0521461
4.27631e-09
1.0454e-08
0.00351534
-0.0813686
8.91715e-07
-1.61085e-08
0.00909498
0.0186915
-8.06083e-08
-7.9596e-08
1.77308e-06
0.0460354
1.57009e-16
0
0.00070167
0.0354988
6.83104e-06
-2.22225e-06
0.0112124
-0.0192111
0.0129271
-0.00910641
-0.000148799
0.0297452
5.91886e-05
5.49174e-05
0.00291213
-0.0403466
-0.000641116
0.00075833
0.000913325
0.0169222
6.8556e-09
6.23899e-09
0.00351292
-0.0792725
-5.08329e-08
-8.33234e-08
1.76173e-06
0.0460291
5.59944e-06
1.1642e-05
0.0112062
-0.0191942
0
0
-0.088977
-0.0887433
-5.37783e-06
0.00212735
-8.93441e-05
-0.00858232
-3.93883e-07
-3.93883e-07
-3.9388e-07
-0.000352295
0.000645919
0.000575637
0.000501456
-0.000501599
2.19262e-07
2.19262e-07
2.19262e-07
0.000351266
-9.17501e-07
-1.2359e-05
-5.70426e-09
-0.00802594
-3.78323e-05
-3.78331e-05
-0.000434353
-5.12923e-13
0.00166222
0.00166287
2.01533e-06
4.73115e-05
0
0
-0.0889745
-0.0887465
-5.40568e-06
0.00200319
-6.93367e-05
-0.00856692
0.0006465
0.000575359
0.000500769
-0.000506
-9.85077e-07
-1.265e-05
5.92075e-08
-0.00785747
-2.43266e-06
-0.000151332
0.00180309
-0.000157079
-2.5776e-06
-0.000141222
0.00180293
-0.000146973
-1.08543e-09
0
-8.32667e-17
-1.0919e-09
-4.43983e-05
-2.06854e-08
-3.19469e-05
-5.60731e-05
0
-0.0203387
-3.91799e-06
-2.22045e-16
-3.71008e-05
-9.51229e-07
-1.97529e-06
0.00537601
-3.70901e-05
-8.87845e-07
-1.89038e-06
0.00537592
-1.01784e-07
-1.01784e-07
-1.01784e-07
-1.01784e-07
-2.19361e-06
-7.35746e-05
0.0108247
-2.20057e-06
1.11022e-16
1.00312e-05
-8.55003e-09
0
4.5454e-10
1.00722e-05
3.22074e-09
1.11022e-16
-1.80727e-11
-5.55112e-17
0
-2.95752e-12
0.00392651
-2.20997e-08
-3.00091e-05
-1.84707e-05
0.000415334
4.94447e-07
4.44089e-16
0.000397931
0.011543
-0.0978658
-0.0263931
0.0233211
0.00668744
-5.37863e-06
0.000358474
0.0420494
4.48125e-05
-5.32913e-05
0.00171747
-0.0374244
0.0194984
-0.0373882
0.0090197
-0.000324023
-0.000226116
2.35514e-16
0.00754874
-0.0176194
4.09587e-06
2.05454e-06
0.00348572
-0.0320013
0.00717796
0.00223429
-0.00126817
0.0321035
-0.01724
0.0192163
0.00445028
0.0217887
0.0049254
4.94201e-05
4.78477e-07
0.0236426
0.00112635
0.00220772
0.00118775
0.017589
0.0064231
0
0.00509376
0.0352426
-4.92466e-06
-3.50039e-06
0.0148299
0.0559483
0.00685353
3.92941e-06
0.000299756
0.0418882
0.00654157
-0.0984269
-0.0262914
0.023335
4.52069e-05
-5.27152e-05
0.00172298
-0.0381042
0.000126843
-1.22878e-07
0.0075495
-0.0174882
0.0200556
-0.0347488
0.00890862
-0.000565844
4.08055e-06
2.04633e-06
0.00348341
-0.0313208
-0.0172376
0.0192136
0.00447387
0.0218023
0.00689731
0.00224504
-0.00126346
0.0321133
0.00498777
4.94184e-05
4.28925e-07
0.0236297
0.00640469
0
0.00503874
0.0351212
0.000586072
0.00247449
0.00154063
0.0170363
-4.77723e-06
-2.99138e-06
0.014824
0.0548711
-0.000147678
5.95508e-05
0.00338882
-0.0387726
0
0
-0.0877399
-0.0870396
-4.20144e-05
0.000229182
0.000348991
-0.0494887
0.00975365
0.000707364
0.000705792
-0.000491242
4.09439e-06
2.05426e-06
0.00337501
-0.0814466
0
0
-0.0902064
-0.0904339
3.99513e-05
0.00111515
-4.1836e-06
0.0434334
0.0222025
0.000802765
-2.48253e-17
0.00115273
3.87396e-07
-0.00208052
-0.00148288
0.0517614
4.36714e-07
-6.25126e-08
0.000700585
-6.565e-09
9.50296e-08
-1.60973e-07
6.5399e-08
0.0537165
0.000628223
0.0317108
-0.00144504
-0.000854883
-5.44623e-05
-1.11873e-05
0.00623692
-0.0447294
3.30478e-06
4.55948e-06
0.000195428
-0.000162897
0.000208881
-1.55265e-05
1.43792e-05
-0.00963197
0.0461477
0.00341103
2.65833e-05
0.0019183
-0.000147686
5.97559e-05
0.00340307
-0.0402599
0.00975374
0.000707471
0.000705771
-0.000491255
0
0
-0.0877432
-0.0870449
-4.15226e-05
0.000210705
0.000330247
-0.0494931
4.07066e-06
2.04139e-06
0.00337254
-0.0794953
0.0222
0.000802619
-4.96507e-17
0.00115258
0
0
-0.0902017
-0.0904372
3.3248e-05
0.00114004
-5.90751e-06
0.0434467
3.71186e-07
-0.00207404
-0.00147825
0.0515911
0.00059746
0.0316711
-0.00148935
-0.000848602
4.37187e-07
-7.01731e-08
0.000695926
-1.56554e-08
2.6934e-07
1.50217e-08
1.46122e-07
0.0534168
-0.000122307
-3.74503e-05
0.00622274
-0.0448885
0.0461393
0.00341219
3.28054e-05
0.00191653
3.31273e-06
4.64395e-06
0.000195009
-0.000163098
0.00021959
-1.53233e-05
1.45293e-05
-0.00961655
2.50904e-05
3.76169e-05
0.000176733
0.000576187
0.00136925
0.0545548
-0.0041532
0.00736461
-2.37256e-09
-1.83433e-07
1.23323e-08
-3.43312e-09
0.00732295
0.000395648
-1.16303e-09
-0
-5.78538e-05
0.000331788
4.45023e-05
2.67654e-07
0.00707946
2.23943e-06
-1.04002e-09
-2.17078e-08
1.11022e-16
-1.11022e-16
1.55087e-05
-3.228e-10
0.010875
0
4.59581e-07
0
-5.53551e-11
2.95272e-12
5.42241e-11
1.11022e-16
-0.12219
8.45275e-08
0.00155477
0.00159402
-0.00936453
-7.84458e-05
8.34254e-08
-2.12968e-09
0.00778134
2.37404e-07
-1.79597e-09
-4.08657e-10
-5.40622e-05
0.00156549
-7.11164e-05
-7.07289e-05
0.00233714
-0.0206855
0.00209356
0.00209356
-4.06895e-07
4.81625e-06
-4.61033e-08
-1.73422e-07
-0.00531916
0.0235722
6.67077e-05
-1.19219e-05
8.12441e-05
5.33025e-06
-9.26781e-06
-9.20332e-06
-0.00121417
0.0165011
3.27216e-05
3.27216e-05
-3.20487e-07
2.10235e-06
1.49413e-08
3.06927e-09
0.00984014
0.0115564
2.52755e-05
0.00415046
4.69973e-05
2.64056e-05
0.000166962
0.000586933
0.00136879
0.0545544
0.00736467
-0.00383508
-5.81658e-05
0.000342389
4.43825e-05
2.60647e-07
0.00777191
2.26778e-06
3.46847e-09
-3.01403e-09
-1.0561e-09
-3.13372e-09
-1.93621e-09
1.55374e-05
0.0108682
2.22045e-16
4.93809e-07
2.22045e-16
-0.00938231
-5.77988e-05
8.33953e-08
1.19726e-08
0.00708634
2.84075e-07
3.09321e-09
1.27987e-09
-4.02913e-07
4.80669e-06
-1.99437e-07
-7.71004e-08
-0.00531488
0.023548
-7.02679e-06
7.51402e-05
-3.27775e-07
2.11949e-06
1.66194e-09
1.61043e-08
0.00983342
0.0116876
0.00412608
2.0119e-05
-1.83005e-05
0.000963331
-3.13798e-10
8.53699e-07
0.0216237
0.000799116
-2.48253e-17
-4.96507e-17
-2.29951e-07
0.000172512
-6.18254e-06
0.00282595
-1.44326e-06
1.85856e-05
2.00872e-05
0.00810879
-3.10868e-07
-1.05958e-09
-0
2.77556e-17
-2.77556e-17
-5.55112e-17
2.77556e-17
-5.55112e-17
-2.05722e-05
-1.61722e-06
3.24195e-05
0.00266491
-2.16489e-09
-1.11022e-16
0.000259033
1.46513e-09
5.55112e-17
2.77556e-17
1.11022e-16
5.55112e-17
-7.38123e-12
-2.30172e-11
2.77556e-17
-5.55112e-17
3.19211e-07
-1.73972e-07
7.91351e-09
-6.77615e-09
0.0316281
0.00846837
0.000455259
0.00752127
-2.22045e-16
0.00122771
-4.44089e-16
-2.22045e-16
2.22045e-16
-0.0119774
-0.000175569
-0.00017557
0.00745914
3.1946e-06
0.000620924
0.000607193
0.00378715
4.6161e-05
4.44089e-16
2.22045e-16
-1.55401e-05
0.000963053
-3.97428e-08
6.28634e-07
0.0216255
0.00079917
2.48253e-17
-4.96507e-17
-2.2318e-07
0.000182367
0.00282592
-6.1501e-06
-1.42698e-06
1.85455e-05
2.01875e-05
0.00810911
2.03992e-05
-1.65742e-06
0.00266445
3.23972e-05
0
0
0.000248632
7.38471e-09
3.09038e-07
-1.70447e-07
-5.53902e-09
-8.28815e-09
0.0317794
0.00846137
0.0075226
0.000451676
-2.58379e-05
0.00055411
-0.00025237
-4.79306e-05
0.000165595
-5.76351e-05
-0.000152326
-0.0001494
3.8165e-06
1.65601e-05
-6.11426e-08
6.0942e-06
4.74681e-06
-9.76034e-07
1.03029e-06
2.14304e-05
-1.50611e-05
0.000565638
-0.000240496
-5.80623e-05
4.79242e-06
-8.64086e-07
9.57885e-07
2.14014e-05
3.81586e-06
1.65858e-05
-7.02598e-08
6.09365e-06
0.000175945
-5.75017e-05
-0.000152192
-0.000149254
-1.58814e-08
0.00724532
2.27875e-06
-1.9754e-07
-3.11629e-08
0.00794004
2.29598e-06
-1.84595e-07
0.00705044
-3.1054e-07
-1.02608e-09
2.03789e-06
0.00705015
-3.11745e-07
-5.52707e-09
1.99799e-06
0.000839688
-0.00916555
0.0216027
0.000714535
-0.0043484
0.000143358
0.000478333
0.0235121
-0.00460606
4.93938e-05
0.000392895
0.0234258
0.000803413
-0.00920489
0.0215661
0.000702417
0.00667541
0.0064391
0.00011704
0.0114345
-0.0071968
0.00592983
1.17283e-07
0.0156539
0.00591825
-0.00721546
0.0180443
7.79937e-08
0.00643454
0.00674658
0.0114336
6.76307e-05
-4.03686e-06
-3.71849e-07
2.67044e-08
0.00103605
3.15387e-05
-9.93014e-17
-5.93672e-09
0.000957238
-1.06298e-08
1.55998e-07
-1.95095e-07
3.94998e-10
1.19149e-08
3.85931e-07
-1.21897e-07
-6.07089e-09
-5.88762e-07
-4.40807e-06
3.65021e-08
0.00104114
1.28492e-09
4.12793e-07
-1.31652e-07
1.03424e-08
1.80327e-09
-2.04287e-08
-1.99141e-07
9.42786e-09
4.1235e-05
1.48952e-16
5.14658e-08
0.00095622
0.0213263
1.2887e-08
-4.96507e-17
0.000797147
-8.74634e-09
0.0213281
0.000797278
0
0
0.0219123
0.000800895
-1.48952e-16
0.0219127
-7.4476e-17
-7.4476e-17
0.000800941
0.0046515
-0.0129796
0.000725263
0.013443
0.0466437
0.00516368
0.000958709
0.00288982
0.00517592
0.0466646
0.00290682
0.000945749
-0.0129043
0.00462775
0.0134771
0.000773043
-0.0256682
0.000317245
-3.12454e-05
-0.000163506
-3.41937e-09
-0.00936518
2.02024e-05
-1.21243e-08
1.02854e-08
-3.77459e-07
2.95719e-06
6.53451e-09
0.00096183
0.000961799
1.81157e-09
1.76001e-06
-0.0256801
0.000337727
-3.12265e-05
-0.000173899
0.000957204
0.000957198
5.86859e-10
1.76381e-06
7.01577e-09
-4.21033e-07
2.948e-06
5.31999e-09
-5.03434e-09
-0.00937762
4.08698e-05
1.86989e-09
0.00784824
2.55213e-09
-2.02883e-11
4.39783e-07
0.00715326
-2.02816e-09
3.74748e-10
6.16926e-07
-1.96415e-10
0.00715646
8.99774e-08
3.9906e-10
-1.94618e-10
0.00785139
-1.69229e-08
5.82415e-12
0.0166317
0.00604828
1.60455e-05
0.006947
1.0175e-05
0.00315144
0.0129311
-4.69795e-05
1.76227e-05
0.00316975
0.0129332
-3.09753e-05
0.0166597
0.00594713
2.76543e-06
0.00691006
0.0118541
-0.0248905
0.00148296
0.0051466
-0.0249639
0.0120414
0.00514415
0.00148166
-0.00117573
0.0149254
-2.94028e-05
0.00745501
0.0148965
-0.00104662
0.00747545
-9.17306e-06
0.00410775
0.028936
-0.00393466
0.0419817
0.000979823
-0.0402153
0.0208408
0.0041523
-0.000805594
-0.0460853
0.00330666
-0.0318499
0.00659107
0.0171098
0.000357993
0.0141474
0.00862344
0.0068396
0.00830084
0.0117097
0.000241106
0.0184987
0.0150686
0.0334865
-0.0031644
0.0424173
0.000615941
0.0236891
0.000964046
-0.0395117
-0.00020928
-0.046376
0.0211906
0.00367902
0.00330448
-0.0311699
0.000319397
0.0141638
0.00658114
0.0171272
0.00865881
0.00704594
0.000244253
0.0185187
0.00829911
0.0117218
0.0150686
0.0334976
0.00291226
-0.0277409
-0.0871269
-0.0861879
0.000109728
-0.0705008
-0.000126125
-0.0118561
0.00324221
-0.0258694
-0.0908224
-0.0912787
3.22603e-07
0.0826498
1.48952e-16
0.0159622
5.01151e-08
0.0568071
1.49838e-05
-3.32546e-09
-1.57635e-07
0.0417496
-0.000225391
9.04971e-05
0.00617647
-0.0117926
0.000196916
-0.000223707
0.00137079
-0.0135106
-1.25565e-05
-0.0109606
0.0029174
-0.0279607
-0.000299225
-0.0118577
-0.0871321
-0.0861942
0.000110558
-0.0705037
0.00323612
-0.0256271
-4.96507e-17
0.0157219
-0.0908168
-0.0912818
-9.20121e-08
0.0826487
7.99268e-08
0.0568174
-0.000224444
8.44963e-05
1.48456e-05
9.01567e-09
-1.29154e-07
0.0417698
0.00611044
-0.0122181
-8.43653e-06
-0.0109611
0.000196796
-0.000223851
0.0013615
-0.0135178
-0.0315751
0.0278638
0.000714532
0.031666
0.000140101
-0.00027155
-2.11615e-06
0.00182147
0.000394952
0.0550215
0.000331069
0.0548303
2.77556e-17
-5.55112e-17
2.48022e-06
2.22045e-16
0.00246015
-0.0350169
0.00308543
-0.0391975
-5.74529e-05
-1.20763e-05
1.20034e-08
-3.30803e-08
0.00129727
0.0127034
-0.000116688
0.0211793
1.81091e-05
-3.10452e-09
0.0034492
-5.14664e-07
0.007549
0.0068839
0.00754982
0.00733702
5.55112e-17
1.11022e-16
-0.0481337
-0.0518738
0.00349966
-0.0813073
0.00344436
-0.0814084
-1.24299e-08
3.73707e-09
-2.28225e-09
-3.16939e-10
0.0111094
0.018681
0.011118
0.0186903
-6.9074e-08
-4.61562e-08
-6.39335e-06
-6.47711e-06
7.50068e-07
0.0418482
7.12783e-07
0.0501642
6.48759e-07
-9.40938e-08
7.88814e-06
-2.3314e-05
0.00148128
0.0359058
0.00144891
0.0359454
8.30054e-05
5.90291e-05
3.56253e-05
-3.10718e-06
0.0130194
0.0427882
0.00941306
-0.0329043
-2.62339e-08
8.98048e-10
0.000801353
0.00119589
-0.031786
0.0278777
0.000727169
0.0316864
0.000160915
-0.000261513
0.00182148
-2.10158e-06
0.00244465
-0.0357009
0.00307864
-0.040695
-5.70046e-05
-1.77767e-06
1.28957e-08
-0.000692018
0.00131365
0.0127169
0.000468171
0.0221082
-4.05322e-09
1.81244e-05
0.00344381
-3.86674e-07
0.00349731
-0.0793035
0.00344193
-0.079385
-7.00099e-09
-1.28968e-09
1.1838e-08
-3.57517e-10
7.44783e-07
0.0418583
7.01895e-07
0.0501467
-9.42505e-08
6.55481e-07
-1.78366e-05
1.2877e-05
0.0130138
0.0428135
0.00941586
-0.0328788
8.3289e-09
-3.88343e-08
0.00120858
0.000786746
-0.0883618
-0.0878914
-0.0895917
-0.0895892
-1.52381e-07
1.24127e-16
4.96507e-17
8.48748e-07
5.54238e-05
-0.0325216
-0.000328763
1.11022e-16
-9.39338e-05
0.00282694
2.31226e-05
0.00947217
5.11347e-10
-0.0003519
5.5544e-10
-0.000351903
5.55112e-17
-2.77556e-17
2.77556e-17
-2.77556e-17
0.000160149
0.0204115
0.000174589
-0.000171654
7.40373e-06
0.00128362
-1.62595e-06
-0.000533622
5.55112e-17
0.000351046
5.55112e-17
0.000351048
1.11022e-16
5.55112e-17
-5.55112e-17
5.55112e-17
2.61752e-07
0.0112992
1.0234e-05
-0.00325127
7.22387e-09
-3.65388e-08
0.0129009
-0.011629
-0.000472185
-3.78323e-05
-0.000472186
-3.78331e-05
0
2.22045e-16
0
0
-1.00538e-07
0.00155075
-1.00952e-07
0.00155019
0.00198609
0.00198551
0
-2.22045e-16
-0.0883601
-0.0878957
-0.0895881
-0.0895923
-7.44805e-08
-7.4476e-17
-9.93014e-17
-5.44348e-09
7.57196e-05
-0.0325051
-0.000324204
0
0.00282693
-9.43004e-05
-1.78017e-05
0.00947268
0.000160108
0.0204152
0.000174574
-9.83479e-05
0.00128293
6.88501e-06
-1.5782e-06
-0.000455657
3.54531e-07
0.0115586
1.02175e-05
-0.00323907
-2.47669e-08
-4.93188e-08
-0.0114509
0.0130721
-8.20553e-05
0.00149695
-1.21274e-05
0.000126473
-7.79733e-08
-1.43268e-07
0.00012653
0.00202229
-8.2155e-05
0.00147565
-2.27124e-06
0.0001368
-9.76183e-08
-7.05737e-08
0.00203199
0.000116059
-0
-5.55112e-17
-1.08184e-09
1.53364e-09
-1.08184e-09
-7.48198e-09
-2.77556e-17
1.11022e-16
-1.27926e-05
-1.27926e-05
3.13477e-05
-5.61182e-05
-2.42104e-05
-7.50345e-07
2.02081e-09
0
-0.0202836
-3.918e-06
-5.40055e-07
-5.49015e-07
2.22045e-16
-0
-3.91799e-06
-0.0202835
1.3174e-06
-3.83306e-10
-4.19921e-05
0.00672894
1.99783e-05
0.00402414
0
-3.64396e-11
1.31551e-06
-6.15397e-09
-4.16566e-05
0.00672928
0.00402392
1.99894e-05
-4.16345e-11
1.57125e-09
-8.32667e-17
-1.66533e-16
-5.55112e-17
2.77556e-17
5.55112e-17
-8.32667e-17
-5.55112e-17
5.55112e-17
-7.15483e-05
0.010824
-5.28997e-06
-5.29458e-06
2.76601e-06
2.75244e-06
0.0108232
-7.15497e-05
1.29998e-05
-3.20376e-09
4.99743e-05
-6.44703e-09
0
6.13467e-10
0.000104275
-7.13758e-09
1.8826e-09
1.30372e-05
5.00058e-05
-7.49496e-09
1.11022e-16
-5.01316e-10
0.000104241
6.66477e-09
5.55112e-17
5.55112e-17
5.72814e-10
-1.80713e-11
5.01397e-10
-1.80712e-11
2.77556e-17
-5.55112e-17
5.7147e-06
5.71319e-06
-1.85198e-05
0.00321692
0.00318691
-4.84528e-05
2.22045e-16
2.22045e-16
4.7704e-07
-2.22045e-16
0.000793441
0.000822819
6.59234e-05
0.000117698
4.94128e-07
2.22045e-16
0.000265346
-7.7785e-05
0.0220184
0.000189169
0.00741201
2.37958e-06
0.026339
-0.0249541
-3.39509e-06
-5.74055e-05
1.34987e-06
3.80411e-07
-0.0148863
6.93621e-05
0.0224578
3.31039e-06
0.00801437
2.42264e-08
0.0702653
-0.0182907
1.90701e-08
2.27833e-10
-1.38583e-06
-4.24427e-10
-1.16151e-06
-1.52874e-07
0.00276332
0
-0.0184171
0.0220968
-0.0146247
0.0270631
3.71205e-06
2.81709e-05
0.000589964
0.00770987
-0.00147173
3.42519e-06
-4.27141e-06
0.00779952
0.00614345
0.0059983
0.0271472
-0.000206776
0.000708754
1.16793e-08
0.00267568
0.00030233
0.00810914
2.39186e-06
0.0265476
-0.0260316
0.000244806
-6.77954e-05
0.0223202
0.000260726
-3.5231e-06
-5.74037e-05
1.50296e-06
4.17743e-07
0.00731993
1.4897e-07
0.0699273
-0.0182949
-0.0148765
8.99884e-05
0.0225625
2.69787e-05
2.19537e-08
-5.08688e-09
-1.24001e-06
-5.04036e-10
-0.0184435
0.022099
-0.0146897
0.0270714
-1.18594e-06
-4.30747e-08
0.00279166
0
3.75915e-06
2.8149e-05
0.000531042
0.00778851
0.00588887
0.00597946
0.0270583
-0.000315857
-0.00154558
3.43785e-06
-1.87752e-05
0.00781106
0.0012224
9.3487e-09
0.00271106
0.000322512
4.61678e-05
-1.39831e-06
0.00226307
3.90959e-09
-1.30571e-07
-1.63968e-06
3.35374e-08
2.20605e-08
0.000305785
7.69658e-07
2.43726e-06
0.00103106
0.00875887
1.86714e-06
0.0211776
0.000796184
0.000311132
-1.56836e-08
0.00349613
4.01443e-10
6.50401e-07
-4.53944e-08
-4.96507e-17
-8.56698e-09
4.20141e-05
0.000952519
-0.00122822
-3.86734e-05
0.0220576
0.000801853
0.0094256
6.12622e-07
-0.00105101
1.38214e-07
0.00225171
0.000204874
-0.00106313
5.07415e-06
3.73952e-07
-9.42087e-08
5.5106e-08
-2.05423e-08
-0.0136138
0.00154659
-0.00066072
0.0284596
-0.00128885
0.0289856
-2.26109e-07
0.00138177
-0.0351875
0.000482713
-2.97108e-07
-1.96704e-07
-1.77345e-07
2.85011e-08
-3.1795e-07
4.38478e-08
8.29474e-07
1.61309e-05
0.0439304
0.00458851
0.0469036
0.00269627
3.79009e-05
-1.25262e-06
0.00244618
3.43656e-09
0.00891719
1.91435e-06
0.0211794
0.000796322
2.10824e-07
-1.47285e-06
3.38659e-08
2.22151e-08
0.000307841
7.39842e-07
1.40849e-06
0.000992252
0.00032965
-1.51069e-08
0.00260767
3.49914e-10
0.0220562
0.000801757
0.00925547
8.14134e-07
1.07079e-06
4.96507e-17
1.48952e-16
2.30204e-07
4.48423e-05
0.000990912
-0.00123288
-3.87296e-05
-0.00104632
1.79919e-07
0.00206872
2.71308e-05
-0.000664375
0.0284551
-0.00126568
0.0290145
-0.00105846
5.06785e-06
3.74605e-07
-9.74813e-08
3.27166e-08
3.61845e-08
-0.0136079
0.00156314
-2.32555e-07
0.00137717
-0.035343
0.000114695
0.0439133
0.00458568
0.0468926
0.00269205
-2.28946e-07
-1.87781e-07
-2.15449e-07
7.33845e-05
-2.86074e-07
-3.48926e-09
7.30102e-07
1.66242e-05
-3.25054e-05
2.26336e-05
3.7089e-06
1.59463e-05
0.00911651
0.0285493
0.035871
-0.00620198
-1.4978e-08
-1.98627e-07
-1.82614e-07
1.03114e-09
0.000450711
0.00710502
0.00713119
0.000450697
0.000172951
2.59607e-06
1.69855e-08
-1.35115e-05
2.35427e-06
0.00716029
0.00706474
2.1189e-06
-7.27532e-09
-1.16063e-08
-1.52073e-09
1.11022e-16
0
0.00905593
0.0112219
-2.22045e-16
-1.70029e-10
5.72626e-11
3.03857e-12
5.66724e-10
-0.121436
5.93562e-08
6.12083e-08
-0.121528
-0.0175787
-0.000111411
-2.90477e-05
-0.00936861
3.25977e-07
0.00781482
0.00781639
9.72622e-08
9.34431e-05
-2.89414e-05
-2.86138e-05
9.33993e-05
0.0101299
-0.0187155
-0.0187155
0.0101298
1.23722e-06
5.72988e-06
3.20469e-06
-4.75845e-07
-0.00597456
0.0222075
0.0239108
-0.00524247
-4.66667e-07
-1.02581e-05
-1.01945e-05
2.44164e-05
-0.00103057
0.0119768
0.0119768
-0.00103041
-3.97459e-07
2.50393e-06
1.92425e-06
-2.9384e-07
0.0133138
0.00954474
0.0165476
0.00466587
3.37412e-05
-3.2556e-05
1.58821e-05
3.65066e-06
-0.00621161
0.035876
0.0285235
0.00898079
-1.80043e-05
0.000172738
-3.12154e-06
-7.08718e-08
0.00785356
2.37718e-06
2.15291e-06
0.00706505
3.19875e-09
1.20085e-09
-5.4757e-09
-5.69644e-09
0.00909295
-4.44089e-16
-2.22045e-16
0.0112421
-9.09821e-05
-0.0176006
-0.00938505
-8.37351e-06
0.00711978
4.49823e-07
1.8642e-07
0.00712138
-4.86238e-07
3.205e-06
5.74007e-06
1.24039e-06
-0.00523814
0.0239107
0.0221444
-0.0059749
-3.25775e-07
1.93198e-06
2.50085e-06
-3.82207e-07
0.0046704
0.0165374
0.00954599
0.0133803
-1.27829e-05
0.000989009
0.000954801
5.97186e-06
0.00079812
0.021475
0.0217677
0.000800028
-0.000173844
-1.81379e-06
-6.47864e-08
1.45055e-05
2.02835e-05
-8.12049e-06
-1.95127e-11
1.91069e-11
-3.10872e-07
-1.05958e-09
-1.05958e-09
-3.10865e-07
0
-1.11022e-16
0
5.55112e-17
-1.73738e-06
-6.21132e-06
4.73783e-10
8.99717e-10
-1.02956e-05
0.000251844
-0.000533626
-5.79542e-09
8.32667e-17
-5.55112e-17
-5.55112e-17
8.32667e-17
-7.38126e-12
-2.30171e-11
-2.3017e-11
-7.38129e-12
2.4829e-07
-1.81109e-07
-1.40287e-07
3.75851e-07
-0.000113581
0.0114016
0.00453433
0.0489521
-2.22045e-16
0.00122761
0.0012278
0
-0.0121536
-0.000175569
-0.00017557
-0.0121524
0.0068778
0.000621772
0.000608024
0.00673981
4.61283e-05
0.00378707
0.00378722
4.61938e-05
0.000991425
-1.05399e-05
1.11616e-05
0.00095309
0.0214768
0.000798224
0.000800033
0.0217687
1.4526e-05
-8.56554e-08
-1.88849e-06
-0.000173426
-7.95544e-06
-2.04502e-05
1.96954e-11
-1.11022e-16
2.41136e-09
-1.63844e-09
-6.20139e-06
-1.91688e-06
0.000241395
1.13744e-08
-6.03481e-09
-0.000455663
3.66362e-07
-1.50893e-07
-1.98575e-07
2.35055e-07
0.0489441
0.00453192
0.0114125
-9.62756e-05
0.0020327
0.00122581
0.00043396
0.00299041
0.00268976
5.85358e-05
0.000315586
0.00198925
-0.000246283
5.92211e-05
-0.000196664
0.000182799
0.00435891
-0.0726999
-0.000162615
0.000155991
0.00285826
0.000532214
0.00016437
0.00322741
-1.91053e-05
-9.01775e-05
-0.000186529
0.000193479
-6.04772e-06
0.000165637
-7.29341e-05
0.00021419
0.00300496
0.00324559
7.4056e-05
-0.000150444
1.77215e-05
0.000540398
-0.000512097
0.000355568
1.32411e-06
3.64261e-07
2.45245e-06
-0.000741258
0.0016223
0.00249536
5.86209e-06
5.23508e-06
0.00238803
-0.00050611
2.13401e-05
0.00283985
0.015287
0.00384689
2.92879e-06
0.00262443
-1.6345e-06
0.000149456
4.52431e-06
-0.000277116
0.00179118
3.86054e-06
2.07363e-05
0.00104178
3.03757e-06
2.87791e-05
2.39657e-05
-5.54414e-07
0.000283109
0.00122879
0.0004184
0.00123266
0.00436992
0.000151645
-0.000151496
-0.0726843
-0.000241132
0.00016719
-0.000191834
6.44303e-05
0.00267346
0.00199393
0.000321125
5.82169e-05
0.0152997
0.00264691
2.96749e-06
0.00343082
3.03992e-06
-5.80514e-07
2.3993e-05
2.87601e-05
0.00179112
0.00102681
2.06196e-05
3.88585e-06
1.0263e-05
-0.000268565
4.4267e-06
0.000139229
1.76361e-05
0.000353215
-0.000509735
0.000538094
0.00240068
0.00283985
2.13538e-05
-0.000501555
0.00162753
5.21373e-06
5.84563e-06
0.00247884
1.35541e-06
-0.000738911
2.47197e-06
3.53054e-07
0.00286089
0.00323721
0.000170671
0.000514563
0.00299321
-0.0001455
8.46172e-05
0.00325978
-1.65247e-05
0.000219558
-7.29138e-05
0.000170878
1.05294e-06
0.000204518
-0.000186534
-8.99327e-05
-0.044372
0.00640773
0.00732865
-0.0395219
0.000378982
-8.67529e-09
2.31413e-06
0.000379134
-1.08364e-09
2.29578e-06
2.21305e-06
-1.9103e-07
-0.0397787
-0.0365496
0.00720262
0.00711987
-0.045364
-0.0388185
0.00802456
0.00676222
-0.0406044
0.00781274
0.00789664
-0.0372299
-1.08364e-09
-1.83024e-07
2.24912e-06
2.32379e-06
0.00034704
0.000317848
2.33105e-06
-6.70714e-10
-0.0278036
0.00968847
0.00798351
-0.0361755
-1.96998e-07
-3.1087e-07
1.66521e-06
0.000354637
-4.32394e-10
2.20523e-06
2.09435e-06
-1.05958e-09
-0.0405208
-0.0404774
0.00705774
0.00741847
-0.0275153
-0.0362148
0.00790417
0.00960935
-0.0393658
0.00707208
0.00705744
-0.038985
-1.75258e-09
-1.05958e-09
2.05502e-06
2.16471e-06
-1.9688e-07
0.000354562
1.62189e-06
-3.10867e-07
0.00282384
0.0158839
-0.013969
-0.0172322
0.0439486
-0.00564636
-0.00186088
0.0393428
-3.80465e-05
0.000803465
0.0219245
0.0228898
0.0101334
0.0334533
0.0225367
-6.43698e-05
0.054444
4.73862e-05
-0.00197036
0.053754
-0.000453269
0
0.0259883
0.0297495
-5.60957e-05
0.0236853
0.0249411
0.00122766
0.048083
0.0511019
-0.00482198
-0.00533764
0.0544924
0.0536653
-0.00209484
3.04851e-05
0.0480763
-0.0053269
-0.00495011
0.0510005
-4.01409e-05
0.00122776
0.0248981
0.0237051
-0.000453269
0.0297369
0.0259415
0
0.00291034
-0.0173698
-0.0139928
0.0158917
0.0101378
-6.41555e-05
0.02252
0.0334624
-2.21468e-05
0.0228461
0.0219064
0.000803464
0.0439569
0.0393486
-0.00188289
-0.0056386
0.0488764
0.0229288
0.0215588
0.0408284
0.0295971
0.00540351
0.00848739
0.000184507
-0.0203111
0.000423179
0.0215235
0.0431694
0.0549731
0.0376079
0.000212752
0.00721399
0.0150685
-0.00120639
-0.00772606
0.0322032
0.0186883
0.00626509
0.0373713
0.0438028
-3.918e-06
0.0422205
0.0248994
-0.0197005
0.0337577
0.0318847
-0.00669939
-0.00111159
0.0150299
0.0322169
-0.00771404
-0.00117562
0.0337686
-0.00111666
-0.00671354
0.0318999
-3.91799e-06
-0.0197005
0.0249013
0.0421991
0.0186929
0.0437758
0.0373663
0.00622283
0.0464817
0.0409389
0.0217094
0.0212824
0.0548775
0.00722707
0.000199218
0.0374481
-0.0203111
0.0431562
0.0215105
0.000423178
0.0296475
0.000184536
0.00851
0.00539024
-0.122071
-0.0874332
-1.45809e-06
-0.0599923
-0.0886694
-1.75952e-05
-9.30029e-06
-0.0880551
-4.19704e-05
-6.79399e-06
0.00101256
0.000976171
-0.0205505
-0.043837
0.00103194
3.11262e-05
-0.0911299
4.09447e-05
4.15588e-05
-0.0905144
0.000494199
1.68094e-05
0.000954801
0.00122767
-2.88572e-05
0.000956461
0.000956073
2.75303e-05
-0.0892844
-0.089899
1.85749e-05
-6.3356e-06
-0.00279814
0.000692668
-1.83289e-07
0.000197384
5.1057e-06
3.01368e-07
2.42425e-07
1.23554e-05
0.00470007
0.00334452
-1.95211e-07
-1.72628e-07
0.00110415
0.000176906
-1.86447e-07
0.00197427
-3.56022e-07
4.00517e-07
3.87962e-07
-4.2045e-09
0.00586157
0.0087905
-9.90265e-08
-8.54351e-08
0.00605248
-1.58433e-07
-1.40905e-07
0.00741886
8.2242e-08
1.32922e-07
3.87426e-07
3.23618e-07
-0.122077
-0.0599965
-6.60171e-08
-0.0874374
-0.0205343
3.10485e-05
0.00103562
-0.0438285
-4.18456e-05
0.00097724
0.00101629
-6.43867e-06
-0.0886673
-0.088054
-6.46679e-06
-1.52366e-05
-3.46113e-07
5.8787e-08
4.04563e-07
3.95427e-07
1.76247e-07
3.23794e-07
4.20398e-07
2.8397e-07
0.0060526
0.0074192
-1.31239e-07
-1.7324e-07
0.00586992
-9.55974e-08
-1.12897e-07
0.00879091
-0.00281275
0.000197157
-1.3247e-07
0.000688066
0.00110355
0.00197369
-2.0125e-07
0.00017663
0.00469992
-1.84235e-07
-1.9245e-07
0.00334418
5.07797e-06
1.23517e-05
1.30919e-07
2.36157e-07
-0.0911238
-0.0905092
4.43897e-05
4.05649e-05
-0.0892813
-2.44889e-06
2.59033e-05
-0.0898949
-2.88197e-05
2.75249e-05
0.000954647
0.000955488
0.000493903
0.00122122
0.000993854
1.65181e-05
-0.0916907
0.0149378
0.021252
-0.0866137
-0.000352097
2.77556e-17
0.000796666
0.000400071
-5.08919e-08
0.000798615
0.000797634
-2.77556e-17
-0.0883173
-0.0874655
0.0214007
0.0215494
-0.0916983
-0.0866195
0.0212537
0.0149387
-0.0883211
0.0215512
0.0214025
-0.0874703
-5.08919e-08
-0
0.000797751
0.000798697
-0.000352099
0.00040018
0.0007968
-2.77556e-17
-0.0917042
0.0221281
0.0219842
-0.0908595
1.09631e-07
5.55112e-17
0.000801326
0.000802188
-5.08919e-08
0.000799602
0.000800464
2.77556e-17
-0.0891694
-0.0900148
0.0218405
0.0216969
-0.091701
-0.0908563
0.0219851
0.0221301
-0.0891662
0.0216955
0.0218402
-0.0900116
-5.08919e-08
-2.77556e-17
0.000800484
0.000799572
1.09631e-07
0.000802309
0.000801397
1.11022e-16
0.0437775
0.0330517
-0.0159507
-0.000331978
0.00143991
0.0198678
0.00229508
0.0427791
-7.25615e-05
-0.0120656
0.000253646
0.0120701
-1.89162e-05
0.0305601
0.0210287
-8.77847e-05
-0.0214798
0.0451165
0.0452833
-0.0115739
0.00182415
0.00876478
0.011727
0.00399975
0.0108243
0.0151525
0.0037629
0.000312026
-0.00565154
-0.00659005
0.0509725
0.0443606
-0.0214852
-0.0115751
0.0452879
0.0451025
-0.00556148
0.0445134
0.0509242
-0.00657529
0.0108239
0.000305154
0.0037702
0.0151488
0.00182419
0.00399892
0.0117135
0.00861406
0.0437669
-0.000342991
-0.0159193
0.0330692
-1.89165e-05
-8.77852e-05
0.0210597
0.0305645
-7.25621e-05
0.0120749
0.000277374
-0.0120649
0.0015481
0.0427932
0.00231362
0.0199211
0.0387315
0.00334219
-0.0198643
0.0539901
0.00347987
-0.0134966
-0.0216484
0.00340969
5.71346e-05
0.000181631
-0.000137382
-9.66669e-05
0.0103383
0.0319203
0.000326376
0.000128477
0.0121443
-0.0026818
-0.0121022
0.00339619
0.00112475
1.68033e-05
4.47834e-05
0.00530079
1.17669e-05
-5.3741e-05
-4.39666e-06
1.42345e-05
0.0035075
0.0034927
-0.00936588
-0.00936967
0.0201108
0.0149494
-0.000775226
0.00511588
0.0114301
-3.61208e-07
-3.78484e-07
0.0139246
-3.13525e-09
-4.03263e-09
2.72218e-06
2.30054e-06
0.000388791
-0.000266501
3.19514e-06
-1.71366e-09
-0.00178211
-0.00016073
0.000480826
0.00530217
0.000185425
-0.00026681
-0.000728193
-0.000167246
-7.84381e-09
2.01296e-06
1.84213e-06
-2.83623e-09
0.0103127
0.00782495
-0.000672143
-3.05706e-07
0.0387377
0.0539865
-0.0198773
0.00335963
0.0068583
0.000123299
0.000321092
0.0319186
5.71467e-05
-7.60338e-05
-0.00014263
0.000176414
0.00347744
0.00340724
-0.0216679
-0.0135165
-0.00182083
0.00527169
0.000478494
-0.000160896
0.010311
-3.24773e-07
-0.000669887
0.00781934
4.94275e-09
3.8338e-09
1.84789e-06
2.02975e-06
0.000219613
-0.000130706
-0.000686914
-0.000227825
0.0201076
0.0049202
-0.000772956
0.0149464
0.000686155
-2.99472e-09
3.19292e-06
-0.000167671
3.48675e-09
2.3091e-06
2.71468e-06
-2.68039e-11
0.0114235
0.0139189
-4.0518e-07
-3.42973e-07
0.0123395
0.00339394
-0.0121111
-0.00248736
0.00350511
-0.00938017
-0.00938164
0.00349037
1.1824e-05
1.42857e-05
1.6265e-05
-3.30542e-05
0.00113787
0.00527494
6.54379e-05
1.6827e-05
-0.0215525
0.015997
0.00863694
-0.0805023
0.000351156
-7.38123e-12
5.62068e-07
0.000752599
-5.76248e-11
2.80527e-07
3.82677e-07
-2.30171e-11
-0.0813885
-0.0814275
0.00783155
0.00779808
-0.0212365
-0.0776846
0.00820435
0.0159108
-0.0793287
0.00710306
0.00713651
-0.0794401
5.17031e-11
-2.30171e-11
5.33563e-07
3.68111e-07
0.000351157
0.000752637
7.71419e-07
-7.38121e-12
-0.0360844
0.0110794
0.0072382
-0.0312454
0.00723038
-1.97191e-10
1.88263e-07
0.00754977
-1.8072e-11
2.3523e-07
1.3847e-07
3.01077e-11
-0.079288
-0.0793179
0.0071389
0.00710386
-0.0356875
-0.0319257
0.00793288
0.0114757
-0.0813379
0.00779887
0.00783391
-0.0812758
-1.8072e-11
2.99563e-12
4.01734e-08
1.54143e-07
0.00722998
0.00754885
7.26481e-08
4.76903e-10
-0.0259124
-0.0455228
0.0348229
0.053976
-0.0260788
0.0116162
0.0161231
-0.038791
-1.84953e-05
4.61446e-05
0.00829625
0.0106155
0.000878421
0.00309262
0.00905387
0.00378711
0.020657
0.00742805
0.00487746
0.0482731
0.00111189
2.83189e-05
0.00946476
0.00484871
0.00357226
0.0158878
0.0157711
-2.35219e-06
-0.00940054
0.0553832
0.00390185
0.0123807
0.0206665
0.0482515
0.00488228
0.00746335
-0.00938536
0.0122914
0.00390484
0.0554105
0.00355726
-2.38731e-06
0.0157687
0.0166924
0.0010957
0.00482667
0.00945641
1.63283e-05
-0.025944
0.0539627
0.0347391
-0.0456703
0.000878745
0.00378718
0.00905221
0.00309109
-3.34617e-05
0.0105921
0.00829014
4.61774e-05
-0.0260625
-0.0388751
0.0160829
0.0116195
0.00139964
0.0361023
0.0561031
0.00590298
0.239774
-0.0374462
-0.113662
-0.0100279
0.00058586
4.6831e-07
0.00257334
0.00125187
0.0205847
0.00561577
0.0109542
0.0122528
0.00142881
0.00623671
0.0551001
0.0358293
0.0205677
0.0122363
0.010963
0.00555255
0.000612699
0.00126238
0.00257212
4.93969e-07
0.240011
-0.00990552
-0.113745
-0.0375063
0.0190353
0.0383863
0.0209605
0.0143789
0.0351853
-0.00108987
-0.00110411
0.0355385
0.000180722
0
0.00971591
0.0142134
0.0195152
0.0279157
0.019062
0.0110551
0.0191745
0.0146949
0.0209887
0.0384445
0.0190486
0.011047
0.0190441
0.0277673
0.000229815
0.0142272
0.00972612
0
0.0351884
0.0356024
-0.00103934
-0.0010898
