-0.669641
0.205
-2.255
-0.765
0.355
2.22667
-0.681605
0.475
-2.275
-0.739822
0.875
2.115
0.669636
0.205
-2.255
0.765
0.355
2.22667
0.681605
0.475
-2.275
0.739812
0.875
2.115
0.199583
0.168779
0.200292
0.140586
0.199145
0.168775
0.200286
0.140724
-0.0367658
0.0689291
0.217199
0.197574
0.0602032
-0.0298728
-0.0873911
-0.0640829
0.0407978
0.207565
0.180677
0.034173
-0.0546336
-0.109026
-0.0657181
0.0398492
0.203592
0.160555
0.0259527
-0.0620618
-0.11794
0.0267209
0.11925
0.205944
0.179899
0.0800375
-0.000638766
-0.0638863
-0.0632415
0.0412566
0.211901
0.189338
0.0363188
-0.0519123
-0.105165
-0.0933547
-0.0781806
-0.128048
-0.0943991
-0.0833218
-0.136187
0.0132638
0.110216
0.205038
0.17541
0.069087
-0.0132995
-0.0758827
-0.0633018
0.0411584
0.211609
0.189278
0.0363084
-0.0519243
-0.105181
-0.0933878
-0.0781869
-0.128059
-0.0944176
-0.0833218
-0.136193
0.0132315
0.11019
0.205025
0.175423
0.0691005
-0.0132962
-0.0758877
-0.0369053
0.0687157
0.216804
0.197434
0.0601686
-0.0299037
-0.0874274
-0.0641807
0.0406656
0.207158
0.180587
0.0341596
-0.0546516
-0.109053
-0.0657782
0.0398037
0.203473
0.160601
0.0259722
-0.0620634
-0.117955
0.0266499
0.119189
0.205906
0.179905
0.0800513
-0.000638953
-0.0639005
0.0253488
-0.0834883
0.200163
-0.018331
0.0832289
0.197556
0.0640478
0.211548
0.0785809
0.0907495
0.0252909
0.200061
-0.0183078
0.197574
0.21151
0.0907325
0.158515
0.246917
0.178508
0.21382
0.199802
0.170961
0.325788
0.578204
0.158517
0.246859
0.213842
0.170957
0.215371
0.215378
0.149944
0.268337
0.130801
0.230644
0.230624
0.189306
0.63575
0.170122
0.170138
0.194588
0.341412
0.101121
0.00102692
-0.0527141
0.131204
0.0476586
0.0683976
0.0794236
0.00329572
0.0522054
0.154818
0.00975684
0.0690199
0.0560311
-0.0529262
0.00123366
0.131274
0.0683953
0.0475573
0.0793065
0.052136
0.00268781
0.154834
0.0689509
0.00969761
0.0559292
0.213697
0.196714
0.225934
0.1922
0.21273
0.16151
0.207792
0.198423
0.220628
0.24745
0.185514
0.305712
0.119618
0.209957
0.156025
0.576015
0.213727
0.192155
0.196467
0.225906
0.212726
0.198422
0.161525
0.207809
0.220752
0.333775
0.247421
0.185512
0.119701
0.576046
0.2099
0.156026
0.165226
0.115001
0.0920767
0.0269544
0.222224
0.164544
0.134843
0.0761443
0.144976
0.111855
0.180208
0.211161
0.211061
0.13071
0.23763
0.27586
0.193676
0.137887
0.168972
0.32141
0.165226
0.11497
0.222212
0.16453
0.134859
0.0761486
0.180211
0.211164
0.23761
0.275845
0.168994
0.321584
0.216792
0.192802
0.232139
0.238062
0.185138
0.181206
0.223583
0.19558
0.19212
0.199999
0.230012
0.627398
0.294679
0.496528
0.625727
0.477
0.216795
0.192805
0.232096
0.238024
0.223581
0.195601
0.229978
0.627451
0.173553
0.234701
0.241488
0.169399
0.17354
0.169697
0.241463
0.234647
0.10527
0.105263
0.192406
0.192445
0.210241
0.295717
0.295722
0.210219
0.0993861
0.110156
0.11019
0.100493
0.219454
0.214098
0.22091
0.238534
0.219444
0.238503
0.220902
0.214096
0.190521
0.1905
0.195982
0.195981
0.481421
0.622493
0.62295
0.481669
0.198356
0.131702
0.130435
0.190475
0.198373
0.190509
0.130423
0.131705
0.208286
0.208287
0.144723
0.153182
0.45858
0.166444
0.166413
0.459002
0.182775
0.182615
0.105999
0.10599
-0.00583284
0.0161054
0.0703247
0.035045
0.0461223
0.0471975
0.0116096
0.0342169
0.0917208
0.00873095
0.0516296
0.0333696
0.0160159
-0.00538755
0.0706349
0.0470709
0.0350392
0.0470902
0.0341869
0.0114412
0.0916716
0.0518034
0.00879858
0.033571
0.23043
0.195142
0.204024
0.188561
0.219077
0.164377
0.188273
0.219871
0.208568
0.233745
0.192563
0.270949
0.130341
0.183326
0.148621
0.419621
0.235649
0.188647
0.194956
0.203978
0.219079
0.219634
0.164388
0.18828
0.208561
0.270336
0.233706
0.192549
0.13035
0.419317
0.183346
0.148671
0.0194364
0.00613529
0.10898
0.0886855
-0.08406
-0.0840519
0.0726183
-0.18452
0.190056
0.19973
0.217512
0.171492
0.0589189
-0.00262347
0.106441
0.0404951
0.0802343
0.0801866
0.124101
0.102726
0.180319
0.20351
0.190111
0.220999
0.0596196
0.0596125
0.15784
0.112863
0.186823
0.221514
0.247968
0.272713
0.0760041
0.0760779
0.11678
0.133455
0.0744315
0.106448
0.143597
0.288141
0.020125
0.00624813
0.109003
0.0886648
0.190056
0.200078
0.217429
0.171479
0.0589292
-0.00257775
0.106329
0.0405157
0.18032
0.203512
0.19012
0.219606
0.186822
0.222367
0.247948
0.272857
0.0744207
0.106507
0.143592
0.288113
0.194706
0.193091
0.185431
0.200486
0.24712
0.250059
0.239313
0.242296
0.178684
0.17871
0.206308
0.177395
0.211493
0.216316
0.219437
0.205781
0.197979
0.197973
0.193962
0.202758
0.178167
0.16351
0.209543
0.448265
0.323597
0.323794
0.304526
0.411871
0.584351
0.584298
0.606056
0.533935
0.194366
0.192363
0.185438
0.200624
0.247072
0.249974
0.239257
0.242245
0.211509
0.216335
0.219449
0.205802
0.17817
0.163502
0.209518
0.448301
0.199934
0.225492
0.225584
0.225004
0.199905
0.225545
0.22555
0.224963
0.127812
0.157303
0.157295
0.166178
0.245753
0.27196
0.271947
0.284035
0.126016
0.124691
0.132888
0.126032
0.22835
0.234622
0.227093
0.233615
0.228341
0.234595
0.227087
0.233596
0.188426
0.185475
0.188287
0.188439
0.641055
0.579945
0.639123
0.641192
0.154363
0.173261
0.172981
0.184512
0.154359
0.17329
0.172932
0.184479
0.197754
0.202874
0.202876
0.197285
0.269248
0.336713
0.33693
0.412543
0.0947552
0.217275
0.118907
0.0947532
0.112141
0.0584904
0.0835496
0.0403797
0.166072
0.116138
0.102508
0.149759
0.122084
0.159545
0.11598
0.149175
0.10822
0.0659838
0.152486
0.0975759
0.169259
0.208431
0.10602
0.0729545
0.10258
0.109015
0.108217
0.127882
0.0835169
0.0409496
0.112151
0.0586587
0.166098
0.116151
0.120208
0.159538
0.102506
0.14985
0.115993
0.143628
0.152179
0.0976259
0.108251
0.0660112
0.16929
0.208366
0.102586
0.109112
0.105924
0.0729309
0.1081
0.127541
0.224494
0.197896
0.197958
0.200204
0.242944
0.220862
0.207452
0.191078
0.2101
0.232529
0.182523
0.208062
0.211043
0.205744
0.196505
0.207648
0.244979
0.286368
0.244182
0.243015
0.221496
0.424746
0.300792
0.394724
0.167563
0.422618
0.215936
0.201498
0.196829
0.43394
0.603778
0.526486
0.224553
0.197883
0.208745
0.191045
0.197924
0.200386
0.242925
0.220848
0.210106
0.232556
0.196506
0.207648
0.182535
0.208087
0.211049
0.205756
0.245032
0.287578
0.301903
0.393908
0.244155
0.242985
0.221461
0.424663
0.16756
0.422689
0.603812
0.526497
0.21592
0.201468
0.196824
0.433926
0.175648
0.174156
0.110583
0.115079
0.0987064
0.0987021
-0.179096
-0.179089
0.204201
0.228926
0.141687
0.177138
0.135642
0.136862
0.191031
0.0891797
0.143642
0.147857
0.135934
0.135959
0.186572
0.16158
0.209715
0.207248
0.210555
0.210513
0.124327
0.124324
0.239547
0.217725
0.247951
0.287689
0.187168
0.187205
0.127792
0.127811
0.152371
0.181861
0.393735
0.244816
0.17562
0.174171
0.115067
0.110568
0.204194
0.228947
0.141676
0.177111
0.136856
0.13565
0.190726
0.0891916
0.186578
0.161508
0.209717
0.20725
0.217715
0.239522
0.287815
0.247915
0.181873
0.152378
0.245467
0.393786
0.218037
0.215878
0.19147
0.193259
0.236815
0.238079
0.236626
0.241647
0.188806
0.188826
0.180744
0.180759
0.221022
0.225441
0.194498
0.195138
0.190658
0.190648
0.204143
0.204143
0.225769
0.234384
0.560844
0.633832
0.295324
0.295299
0.497195
0.497522
0.632508
0.632458
0.472601
0.472614
0.218035
0.215903
0.191461
0.193261
0.238043
0.236761
0.236547
0.241606
0.225444
0.221023
0.194513
0.195179
0.234356
0.225832
0.633667
0.561139
0.107697
0.201488
0.208158
0.114271
0.233329
0.244171
0.231621
0.220539
0.24
0.248292
0.232354
0.242434
0.100586
0.10846
0.208432
0.215364
0.107724
0.114272
0.208216
0.201239
0.100622
0.215386
0.208619
0.108516
0.239915
0.242397
0.232332
0.248288
0.233782
0.220529
0.231588
0.244112
0.0924913
0.0781059
0.134808
0.150516
0.0924806
0.150514
0.134801
0.0780882
0.208088
0.208222
0.171687
0.183342
0.206603
0.183361
0.171702
0.208244
0.147358
0.245913
0.246882
0.156492
0.291796
0.305132
0.285872
0.283162
0.292835
0.283606
0.28584
0.305818
0.147356
0.156548
0.246886
0.245909
0.0479793
0.0826727
0.12085
-0.182805
0.074631
0.10763
0.127014
0.0696749
0.0746391
0.0696539
0.127036
0.10764
0.048033
-0.182794
0.120876
0.0826767
0.199459
0.191448
0.232058
0.243269
0.182878
0.216801
0.225149
0.18367
0.190398
0.203377
0.229368
0.221557
0.227431
0.245676
0.238009
0.215687
0.19942
0.243238
0.232032
0.19145
0.227399
0.215657
0.237968
0.245634
0.190408
0.221559
0.22937
0.203356
0.182887
0.183682
0.225133
0.216812
0.196365
0.177245
0.184352
0.199451
0.196551
0.199693
0.184367
0.177262
0.213171
0.194315
0.187835
0.202087
0.213149
0.202013
0.187823
0.194312
0.343651
0.44905
0.579901
0.410915
0.424358
0.612357
0.645137
0.441879
0.42432
0.441894
0.645172
0.612396
0.343253
0.41131
0.58033
0.449138
0.218654
0.19613
0.181326
0.207281
0.0863593
0.106475
0.158909
0.163
0.0836527
0.128406
0.157347
0.110167
0.174966
0.20635
0.188611
0.156322
0.21866
0.207298
0.181331
0.196137
0.174978
0.156324
0.188633
0.206364
0.0836582
0.110167
0.157334
0.128345
0.0863099
0.163006
0.158938
0.106489
0.275973
0.205203
0.2035
0.231665
0.275973
0.231677
0.203501
0.205203
0.120384
0.122831
0.202502
0.204229
0.10006
0.204503
0.202501
0.123223
0.398962
0.358963
0.408395
0.534951
0.0797315
0.112694
0.263495
0.208929
0.0823821
0.208549
0.263587
0.112695
0.399044
0.534943
0.408449
0.358759
0.127537
0.134636
0.208912
0.158468
0.127505
0.158489
0.208892
0.135606
0.0744296
0.126621
0.109825
0.0589782
0.0744589
0.0589402
0.109764
0.12648
0.00304242
0.0123277
0.0276312
0.0191726
0.0316112
0.027697
0.00593475
0.0220234
0.0474119
0.00527931
0.0356827
0.0211731
0.0122806
0.000952075
0.0280713
0.0315072
0.0192382
0.0276883
0.0219765
0.00572991
0.0473944
0.034961
0.00528144
0.0211978
0.219197
0.195365
0.187036
0.18543
0.193886
0.166191
0.181872
0.236101
0.204271
0.218298
0.196183
0.272444
0.135437
0.163792
0.14436
0.283138
0.218493
0.18535
0.195245
0.187071
0.19512
0.2361
0.166198
0.181856
0.204305
0.27238
0.218291
0.196182
0.135433
0.283112
0.163842
0.144384
0.0234464
0.0102835
0.074796
0.0684331
-0.0837755
-0.0837664
0.0168372
-0.186611
0.197384
0.199186
0.214852
0.17431
0.0136629
-0.0108155
0.0894865
0.0167279
0.0825682
0.0824739
0.119863
0.0976802
0.194522
0.200526
0.193857
0.274225
0.0619093
0.0618971
0.122055
0.0893257
0.199619
0.219535
0.233985
0.268809
0.0771814
0.0774593
0.0950154
0.130659
0.0828647
0.0991354
0.124097
0.204555
0.023514
0.010881
0.0747981
0.0683238
0.197647
0.198544
0.214807
0.174291
0.0136279
-0.010764
0.0892058
0.016745
0.194523
0.200528
0.193864
0.27423
0.199621
0.219792
0.23404
0.26881
0.0828642
0.0990912
0.124064
0.204567
0.157703
0.159127
0.182224
0.203181
0.246105
0.248509
0.24397
0.24505
0.178591
0.178596
0.180141
0.175494
0.212537
0.216455
0.21682
0.209012
0.197605
0.197602
0.195597
0.19679
0.174541
0.167339
0.192493
0.30276
0.325686
0.324516
0.28813
0.369755
0.582545
0.582411
0.593328
0.55743
0.157699
0.159124
0.182232
0.203181
0.246047
0.248446
0.243915
0.244994
0.212606
0.21647
0.216834
0.209028
0.174543
0.16733
0.192482
0.302764
0.206797
0.221394
0.221349
0.220738
0.206731
0.221309
0.221312
0.220755
0.138887
0.153624
0.15362
0.158062
0.25815
0.270215
0.270205
0.276751
0.128472
0.127868
0.132825
0.128513
0.229538
0.232655
0.228759
0.232471
0.229526
0.232638
0.228751
0.232458
0.188865
0.18739
0.190199
0.188872
0.639791
0.613821
0.637594
0.639863
0.163172
0.17391
0.170888
0.175627
0.163188
0.173925
0.170904
0.175648
0.196129
0.198731
0.198732
0.195959
0.305731
0.339164
0.339395
0.377351
0.097938
0.185133
0.108973
0.0979236
-0.00284276
0.00470309
0.076705
0.0393886
0.0192012
-0.0832269
0.0711804
-0.00774314
0.12656
0.137697
0.15948
0.121361
0.041971
0.0532556
0.081585
0.121778
0.0582734
0.0755422
0.116624
0.129754
0.0634606
0.109635
0.100477
0.156884
0.0150512
0.00437386
0.0715723
0.0445184
0.0445259
0.0561472
0.112705
0.0767077
0.131636
0.172645
0.16709
0.205268
0.0125475
0.00412442
0.0917187
0.0470352
0.0620937
0.0731298
0.0836103
0.105336
0.045639
0.0653075
0.0886597
0.0969817
0.0191333
-0.0835414
0.0711484
-0.00756177
-0.00305081
0.00433417
0.0766959
0.0394212
0.126587
0.137958
0.159478
0.121384
0.0591394
0.0756784
0.117224
0.129616
0.0419427
0.0532191
0.0816268
0.122053
0.0628267
0.109713
0.100457
0.143948
0.0444946
0.0561501
0.112706
0.0766758
0.01544
0.00445907
0.0715781
0.0446092
0.131806
0.172619
0.167301
0.205066
0.0620781
0.0733844
0.0836358
0.105472
0.0124636
0.00404115
0.0915982
0.0470263
0.0456182
0.0653471
0.0886764
0.0969804
0.215988
0.19925
0.219613
0.200177
0.194888
0.156591
0.185915
0.196445
0.212485
0.239262
0.229932
0.221841
0.1918
0.18984
0.18951
0.190797
0.215292
0.212599
0.214414
0.266273
0.162744
0.160585
0.177102
0.206778
0.196441
0.210282
0.209385
0.213312
0.201723
0.19796
0.197465
0.19855
0.213848
0.223357
0.23572
0.278095
0.24465
0.248577
0.246952
0.245424
0.189015
0.181837
0.20531
0.318175
0.287927
0.316538
0.279602
0.349316
0.125511
0.113189
0.147513
0.30076
0.199661
0.214563
0.213933
0.20575
0.152194
0.159912
0.178931
0.291294
0.540024
0.582913
0.590675
0.554091
0.216016
0.20026
0.219643
0.200198
0.191746
0.189935
0.189466
0.190758
0.194765
0.156589
0.186057
0.196401
0.212441
0.23917
0.229896
0.221826
0.2153
0.212586
0.214416
0.266272
0.201716
0.197947
0.197464
0.198549
0.162752
0.160543
0.177098
0.20678
0.196514
0.210281
0.209398
0.213324
0.213862
0.223378
0.235706
0.278491
0.285754
0.320458
0.278744
0.348981
0.244615
0.248532
0.246921
0.245396
0.189032
0.181828
0.2053
0.318233
0.12553
0.113175
0.147519
0.300644
0.539983
0.582948
0.590711
0.554223
0.199673
0.214576
0.214284
0.205744
0.152175
0.15991
0.17893
0.291277
0.138694
0.188997
0.172143
0.167087
0.104672
0.120741
0.11284
0.115778
0.0837243
0.105895
0.0953918
0.0953893
-0.182685
0.120225
-0.0829841
-0.0829436
0.220631
0.224904
0.212617
0.225706
0.168064
0.160982
0.153122
0.170841
0.121005
0.147036
0.136227
0.136526
0.0601387
0.0862768
0.137321
0.0816732
0.135186
0.156498
0.143412
0.146079
0.107446
0.210608
0.110023
0.109883
0.183409
0.176183
0.183418
0.17219
0.215304
0.207018
0.210461
0.209163
0.189049
0.231263
0.210637
0.210938
0.125178
0.132284
0.127822
0.127783
0.240622
0.23443
0.238584
0.228101
0.275487
0.273676
0.26282
0.282402
0.150266
0.232029
0.190511
0.190531
0.140671
0.130716
0.133152
0.133172
0.157291
0.173372
0.160342
0.176615
0.311341
0.331152
0.357383
0.282568
0.138684
0.188979
0.172126
0.166662
0.104792
0.120762
0.115772
0.112823
0.220608
0.224873
0.212477
0.225699
0.168047
0.16097
0.15311
0.170821
0.121018
0.147046
0.136541
0.136244
0.0600511
0.0862609
0.137333
0.0816761
0.183419
0.176194
0.183428
0.172201
0.215307
0.20702
0.210463
0.209165
0.240602
0.234406
0.228082
0.238563
0.275464
0.273584
0.28234
0.262788
0.157313
0.173381
0.176641
0.160345
0.311386
0.331436
0.284663
0.358037
0.201033
0.228098
0.217404
0.216413
0.192084
0.190978
0.192136
0.193475
0.235743
0.228491
0.232988
0.234282
0.239853
0.236338
0.236909
0.239923
0.193249
0.174306
0.186972
0.186982
0.179862
0.18319
0.181292
0.181305
0.221686
0.22533
0.222441
0.225295
0.199625
0.190514
0.195071
0.196633
0.192328
0.189699
0.190676
0.190671
0.201374
0.198624
0.202071
0.202071
0.222234
0.231972
0.228065
0.232331
0.584311
0.637243
0.596168
0.633848
0.298646
0.289592
0.295087
0.294961
0.453786
0.538711
0.497592
0.498163
0.61798
0.633467
0.63031
0.630261
0.505104
0.444772
0.474858
0.474869
0.201032
0.228097
0.217404
0.216416
0.192084
0.190974
0.192133
0.191902
0.235695
0.228453
0.234244
0.232956
0.239808
0.236305
0.236869
0.239887
0.221688
0.225322
0.225298
0.22244
0.199629
0.190532
0.19509
0.196655
0.222208
0.231955
0.2323
0.228052
0.584359
0.638196
0.633665
0.596119
0.145267
0.170515
0.175108
0.194757
0.231831
0.236512
0.23215
0.236068
0.245312
0.243345
0.240513
0.239723
0.140799
0.169735
0.169801
0.195197
0.145263
0.170519
0.175062
0.194475
0.140786
0.169732
0.170302
0.195148
0.245302
0.243319
0.240487
0.239693
0.231832
0.23646
0.232149
0.23604
0.0957824
0.110725
0.102016
0.119161
0.0957625
0.110726
0.10201
0.119152
0.195178
0.198779
0.183413
0.190639
0.195204
0.198819
0.183446
0.190669
0.185454
0.210308
0.209558
0.231294
0.293246
0.298145
0.292377
0.29539
0.293293
0.298731
0.292485
0.295387
0.1852
0.210243
0.209516
0.231256
0.0756724
0.0795718
0.106617
-0.0459106
0.0996461
0.106346
0.112795
0.117493
0.106358
0.100166
0.117528
0.112812
0.0817864
0.0755597
-0.0472668
0.107478
0.204381
0.220086
0.218728
0.233126
0.197977
0.212484
0.215041
0.222474
0.218801
0.211623
0.223589
0.223042
0.240595
0.232663
0.240185
0.236469
0.204365
0.220072
0.218722
0.23311
0.240562
0.232644
0.240151
0.236442
0.218761
0.211609
0.223599
0.223063
0.197989
0.212482
0.21504
0.222475
0.190863
0.189836
0.190805
0.186636
0.189809
0.190836
0.186635
0.19079
0.196783
0.195666
0.193117
0.194621
0.195666
0.196782
0.19462
0.193153
0.458551
0.439277
0.522537
0.493293
0.562649
0.616008
0.629359
0.631061
0.616059
0.562661
0.630057
0.629658
0.438502
0.458035
0.493348
0.522535
0.205789
0.20206
0.195122
0.196469
0.118272
0.128012
0.133896
0.146532
0.118564
0.119444
0.136845
0.142021
0.181541
0.197422
0.186558
0.1926
0.205797
0.202064
0.195131
0.196481
0.181558
0.197363
0.186587
0.192623
0.118552
0.119426
0.13683
0.141967
0.118276
0.12801
0.133921
0.146197
0.212522
0.207962
0.208982
0.206214
0.212523
0.207963
0.208984
0.206215
0.128669
0.144054
0.144136
0.164091
0.136368
0.151323
0.149946
0.167978
0.447464
0.491835
0.425649
0.466662
0.126264
0.151733
0.1808
0.204798
0.12719
0.151672
0.180854
0.206807
0.447857
0.492488
0.426629
0.467151
0.168699
0.177509
0.186845
0.193233
0.17756
0.168736
0.193084
0.186687
0.112155
0.0916244
0.117714
0.100114
0.091621
0.112176
0.100117
0.117488
0.0712531
0.0286458
0.0408682
0.0475389
0.0891642
0.0975057
0.068753
0.102862
0.0796023
0.104811
0.0689233
0.123517
0.067166
0.0559915
0.08915
0.0597854
0.0982665
0.140975
0.071081
0.0503488
0.0661829
0.0692255
0.0653873
0.0646654
0.0408994
0.0474536
0.0712559
0.0286726
0.0898387
0.0975498
0.108422
0.104837
0.0687615
0.102471
0.0689212
0.117099
0.0890267
0.059797
0.0671167
0.0565458
0.098367
0.140934
0.066793
0.0699391
0.0710681
0.0503563
0.0653714
0.0668688
0.239422
0.206769
0.185223
0.190012
0.222958
0.200531
0.200816
0.194714
0.222936
0.28971
0.177538
0.225151
0.183162
0.221999
0.216594
0.235684
0.224557
0.281505
0.236836
0.230386
0.211667
0.290906
0.290004
0.300949
0.154859
0.268189
0.187207
0.179105
0.171907
0.284149
0.419478
0.409107
0.238843
0.208162
0.201027
0.195092
0.185223
0.189966
0.222873
0.200488
0.22294
0.289639
0.216455
0.236461
0.1775
0.225155
0.183171
0.222005
0.224632
0.281424
0.291187
0.302073
0.236798
0.230354
0.211654
0.29099
0.154874
0.26818
0.419459
0.409104
0.187221
0.179115
0.171914
0.284123
0.0776661
0.0570057
0.0736387
0.0493954
0.112248
0.108324
0.0899794
0.0720242
0.0200467
-0.186725
0.0200361
-0.186701
0.0753638
0.0753545
-0.185035
-0.185016
0.205383
0.157826
0.21564
0.184934
0.207555
0.218408
0.161022
0.17743
0.0901052
0.134434
0.0950252
0.0345771
0.108039
0.108835
0.0917804
0.049412
0.11902
0.115399
0.119541
0.123602
0.123232
0.123643
0.101724
0.101242
0.1721
0.271703
0.199864
0.270002
0.193122
0.180487
0.225807
0.20496
0.119429
0.0850781
0.119293
0.085005
0.157018
0.157444
0.110479
0.110464
0.206315
0.243073
0.242072
0.279028
0.248374
0.234439
0.260364
0.278861
0.0913384
0.122843
0.091423
0.12285
0.11476
0.114741
0.130076
0.129901
0.10815
0.144847
0.137663
0.258189
0.136712
0.150425
0.324615
0.248087
0.0777286
0.0572623
0.0736876
0.0496845
0.11229
0.108312
0.0720169
0.0899776
0.205418
0.157821
0.215677
0.184977
0.207456
0.218398
0.161014
0.177414
0.0901245
0.134478
0.0949994
0.0345158
0.108832
0.108037
0.092235
0.0494253
0.172099
0.2717
0.199868
0.270003
0.193129
0.180492
0.225115
0.204506
0.206315
0.243045
0.242039
0.279348
0.234037
0.248365
0.279102
0.260557
0.107976
0.144834
0.137627
0.258153
0.150433
0.136691
0.248175
0.324575
0.187756
0.196966
0.181963
0.208436
0.187233
0.184459
0.200799
0.20138
0.244684
0.245513
0.247233
0.248137
0.239867
0.241913
0.241224
0.244077
0.181138
0.1755
0.181234
0.175517
0.207265
0.207276
0.178126
0.178137
0.214184
0.207465
0.21942
0.211063
0.218096
0.221826
0.203896
0.206256
0.196146
0.198389
0.196145
0.198378
0.194138
0.194137
0.203981
0.203981
0.198938
0.302558
0.185722
0.297584
0.206477
0.212649
0.4478
0.445099
0.286583
0.366659
0.306478
0.367323
0.304947
0.305114
0.412356
0.411833
0.59944
0.561603
0.599465
0.561612
0.610413
0.61038
0.534534
0.53454
0.187777
0.196922
0.181906
0.208361
0.187216
0.184466
0.201655
0.200097
0.244627
0.245476
0.247187
0.248098
0.241864
0.239811
0.241175
0.244029
0.214197
0.207478
0.219434
0.211079
0.221831
0.218105
0.203913
0.206519
0.198933
0.302591
0.185714
0.297581
0.212622
0.20646
0.445076
0.447782
0.208456
0.207088
0.216677
0.229272
0.228903
0.217806
0.226041
0.227608
0.208431
0.207223
0.216722
0.229227
0.217779
0.228903
0.22759
0.225995
0.13131
0.131306
0.146064
0.164503
0.146057
0.164491
0.168933
0.16894
0.246324
0.246421
0.260452
0.279452
0.279448
0.260447
0.285049
0.284926
0.123526
0.127461
0.122688
0.122827
0.1301
0.130225
0.127452
0.123541
0.230158
0.226745
0.23336
0.236466
0.2261
0.228758
0.23135
0.235949
0.230192
0.226733
0.233337
0.23644
0.228757
0.226092
0.235924
0.231338
0.186615
0.18953
0.185139
0.185146
0.187568
0.187562
0.186628
0.187117
0.615416
0.643897
0.581608
0.581678
0.643148
0.64325
0.643991
0.615403
0.158634
0.156392
0.177424
0.16602
0.162229
0.17972
0.184648
0.186074
0.15631
0.158623
0.177442
0.166041
0.179593
0.162232
0.184625
0.186107
0.200128
0.200128
0.20321
0.202646
0.203211
0.202647
0.200393
0.200393
0.266429
0.266536
0.372933
0.300488
0.300579
0.373144
0.410577
0.410583
0.166529
0.101179
0.213795
0.212919
0.11456
0.114451
0.166534
0.101303
0.109872
0.113466
0.0533596
0.06401
0.0880411
0.0808508
0.0686597
-0.181032
0.13968
0.18926
0.105674
0.127003
0.0983293
0.108834
0.143308
0.154026
0.0992342
0.122509
0.14518
0.169862
0.102534
0.129857
0.134872
0.167042
0.107363
0.10847
0.0821811
0.0674096
0.149532
0.154262
0.0875069
0.103489
0.137952
0.194314
0.180105
0.229581
0.094812
0.11162
0.0767035
0.0673731
0.0938741
0.107995
0.0930901
0.118786
0.0966797
0.119465
0.0989955
0.16772
0.0880202
0.0808246
0.0681755
-0.180994
0.109934
0.113464
0.0533463
0.064083
0.139779
0.189093
0.105672
0.128349
0.121587
0.122416
0.145443
0.169891
0.098264
0.108854
0.143248
0.154165
0.102219
0.129866
0.12659
0.165398
0.149515
0.154385
0.0875338
0.103493
0.107504
0.108606
0.0818809
0.0673884
0.13794
0.194343
0.180039
0.229592
0.0938759
0.10813
0.0931922
0.118705
0.0947956
0.111616
0.0766799
0.0673621
0.0966759
0.119409
0.100455
0.167412
0.227461
0.222878
0.203912
0.189313
0.199186
0.194217
0.198074
0.199714
0.236984
0.243629
0.205711
0.235509
0.209822
0.209211
0.191081
0.184968
0.214383
0.207072
0.269603
0.232087
0.181989
0.183001
0.210758
0.204222
0.19762
0.219426
0.213343
0.208692
0.198693
0.195432
0.221156
0.206426
0.243319
0.247984
0.289886
0.285642
0.248156
0.243329
0.238316
0.244736
0.224411
0.218634
0.385537
0.448455
0.301131
0.303113
0.376251
0.405955
0.171375
0.162391
0.427208
0.390727
0.206172
0.219625
0.190925
0.204798
0.193583
0.200147
0.429821
0.437564
0.554684
0.610891
0.516189
0.531311
0.227511
0.222869
0.204111
0.189299
0.211333
0.209178
0.191039
0.184943
0.199012
0.194132
0.198015
0.200023
0.237118
0.243641
0.205692
0.235477
0.214387
0.207077
0.269603
0.232102
0.198692
0.195408
0.221157
0.206426
0.182001
0.183013
0.210755
0.20425
0.197646
0.219367
0.213352
0.208706
0.243232
0.247997
0.290479
0.286873
0.301255
0.305265
0.375926
0.406111
0.248178
0.243295
0.238301
0.244696
0.224392
0.218588
0.385402
0.448421
0.171386
0.162395
0.427491
0.390807
0.554796
0.611137
0.516138
0.531323
0.206179
0.219644
0.190922
0.204815
0.193584
0.20014
0.429801
0.437535
0.196564
0.146757
0.140724
0.195333
0.0990635
0.116065
0.121048
0.0911305
0.0897833
0.112706
0.112701
0.0897722
0.115253
-0.180824
-0.180815
0.115304
0.208429
0.208857
0.229298
0.226037
0.138305
0.146135
0.180283
0.174462
0.122048
0.148715
0.148904
0.124088
0.202517
0.176745
0.0779211
0.100295
0.131418
0.160317
0.161384
0.136441
0.138351
0.204297
0.204297
0.138832
0.190636
0.183753
0.160334
0.160729
0.206608
0.213905
0.208913
0.204875
0.231474
0.188054
0.188076
0.231476
0.118792
0.125657
0.125683
0.118697
0.2423
0.237105
0.212097
0.217695
0.247788
0.246957
0.286529
0.286854
0.14188
0.225887
0.225814
0.142052
0.132344
0.120761
0.120791
0.132343
0.140784
0.158595
0.186814
0.170263
0.382893
0.402848
0.257069
0.232739
0.146724
0.196324
0.195194
0.140717
0.0913679
0.121175
0.116161
0.0987209
0.208815
0.208151
0.226073
0.229234
0.146126
0.138296
0.174441
0.180261
0.123993
0.148907
0.14883
0.122056
0.17676
0.202358
0.10037
0.0779386
0.183765
0.19069
0.16074
0.160981
0.213907
0.206609
0.204876
0.208911
0.217689
0.212054
0.237078
0.242312
0.286975
0.28644
0.246986
0.247633
0.170271
0.186834
0.158592
0.140768
0.232874
0.257795
0.402972
0.382937
0.202649
0.230591
0.226064
0.199862
0.188316
0.191285
0.192747
0.190141
0.239424
0.234215
0.235637
0.240145
0.233783
0.240389
0.243447
0.239977
0.196039
0.178895
0.178912
0.19606
0.179552
0.182618
0.182646
0.179576
0.218912
0.223096
0.227344
0.223499
0.190339
0.198803
0.197226
0.193565
0.192486
0.189454
0.189445
0.192479
0.204668
0.203803
0.203804
0.204668
0.217035
0.22764
0.236247
0.227433
0.533972
0.574275
0.642501
0.572319
0.29915
0.290986
0.290902
0.299476
0.53912
0.454712
0.454976
0.539433
0.624571
0.639938
0.639904
0.624579
0.440558
0.503302
0.503478
0.440581
0.230579
0.202642
0.19987
0.226065
0.19127
0.188311
0.190136
0.192747
0.240106
0.235644
0.234168
0.239364
0.240301
0.233764
0.239943
0.243406
0.223501
0.22735
0.223091
0.218917
0.198818
0.190353
0.193561
0.197258
0.227403
0.236213
0.227641
0.21703
0.572382
0.642934
0.574253
0.533661
0.0663029
0.129021
0.143347
0.0747286
0.207783
0.209846
0.194026
0.180654
0.215338
0.196237
0.195753
0.21689
0.0764029
0.0772976
0.145962
0.144367
0.206118
0.225863
0.234126
0.221065
0.243312
0.236347
0.239756
0.23898
0.223067
0.226756
0.232561
0.229509
0.214634
0.217903
0.22921
0.223004
0.22174
0.232425
0.246146
0.246176
0.239908
0.241551
0.243733
0.241082
0.224349
0.23105
0.238416
0.235776
0.246087
0.247104
0.24159
0.237601
0.0564867
0.0696568
0.13854
0.136277
0.0743792
0.139648
0.141714
0.0730182
0.214901
0.225449
0.194534
0.192177
0.220655
0.189685
0.195591
0.231552
0.0662794
0.0747107
0.143326
0.129028
0.0764321
0.144356
0.145944
0.0773035
0.215265
0.216849
0.195774
0.19615
0.207742
0.180634
0.194049
0.209879
0.0564388
0.136371
0.138547
0.069708
0.220662
0.231535
0.19557
0.189832
0.214867
0.192615
0.194553
0.225428
0.074381
0.0730608
0.141707
0.13964
0.221747
0.246206
0.246126
0.232464
0.246048
0.237558
0.241558
0.247066
0.224316
0.235752
0.238387
0.23102
0.239871
0.241076
0.243712
0.241535
0.206115
0.220948
0.234085
0.225319
0.214645
0.222992
0.229221
0.217921
0.223
0.229462
0.232515
0.226736
0.243254
0.23889
0.239731
0.236305
0.0361828
0.0780317
0.100753
0.110783
0.0184786
0.0867531
0.0928128
0.0245582
0.142476
0.149652
0.116112
0.109302
0.166068
0.133125
0.122416
0.157106
0.0366483
0.110815
0.100745
0.0780002
0.166053
0.157093
0.123764
0.133137
0.142472
0.109299
0.116104
0.149641
0.0184726
0.0245234
0.0927966
0.0867471
0.189097
0.190564
0.201472
0.207246
0.180687
0.194644
0.197434
0.189199
0.161276
0.167706
0.181188
0.1766
0.179632
0.191279
0.186383
0.174157
0.189128
0.206755
0.20139
0.190493
0.179618
0.174176
0.186406
0.191246
0.161282
0.176609
0.181213
0.167723
0.180639
0.189174
0.197465
0.194655
0.0785648
0.176829
0.183598
0.103243
0.257405
0.262553
0.231078
0.226863
0.259369
0.231395
0.231012
0.261322
0.120863
0.116027
0.186176
0.188595
0.277107
0.30092
0.29704
0.277378
0.288176
0.298971
0.298875
0.285347
0.278163
0.280553
0.291545
0.290463
0.275037
0.279018
0.29058
0.281908
0.27757
0.277465
0.297115
0.301577
0.275139
0.281832
0.290876
0.279272
0.278134
0.290102
0.291235
0.280715
0.294421
0.284
0.299423
0.299051
0.0781294
0.103398
0.183588
0.176839
0.120799
0.188561
0.186173
0.116311
0.259342
0.261124
0.231016
0.231428
0.25742
0.226812
0.231046
0.262495
0.0291161
0.0341719
0.0715682
0.0698198
0.0697573
0.103441
0.0860395
0.0452095
0.125622
0.117581
0.100107
0.118397
-0.188019
-0.183958
-0.179339
-0.18301
0.0451551
0.070025
0.0952062
0.0565784
0.0875084
0.121997
0.113399
0.0812558
0.130354
0.12183
0.119146
0.129113
0.0511733
0.0470683
0.096641
0.0933936
0.0451718
0.0565934
0.0954603
0.070054
0.0511636
0.0936177
0.0963694
0.0472742
0.130314
0.129272
0.119425
0.121791
0.0872269
0.0810497
0.113301
0.12208
0.0289089
0.0703602
0.0714738
0.0341966
-0.187992
-0.182995
-0.179318
-0.183832
0.125809
0.118549
0.100305
0.117651
0.0698136
0.0451471
0.0845217
0.103418
0.18472
0.185536
0.205063
0.206521
0.185374
0.201846
0.203513
0.186733
0.231325
0.235134
0.231897
0.229386
0.244105
0.236971
0.234281
0.238709
0.179477
0.196955
0.197368
0.176364
0.215424
0.220268
0.220646
0.214217
0.227741
0.227048
0.224261
0.224426
0.182154
0.179474
0.198881
0.200473
0.168342
0.175422
0.208891
0.203455
0.189054
0.219639
0.214358
0.182322
0.230403
0.227018
0.225581
0.229777
0.219434
0.219062
0.221591
0.22356
0.216043
0.241658
0.235182
0.20849
0.246611
0.241679
0.242275
0.247332
0.234545
0.234183
0.238205
0.238163
0.19575
0.202122
0.230047
0.22483
0.184677
0.206506
0.205044
0.185557
0.24405
0.238666
0.234258
0.236953
0.231311
0.229417
0.231881
0.235105
0.185369
0.18673
0.203502
0.201842
0.215394
0.208467
0.235157
0.241622
0.195733
0.224797
0.230025
0.20211
0.234525
0.238141
0.238168
0.234167
0.246565
0.247295
0.242234
0.241627
0.168357
0.203462
0.208893
0.175415
0.219445
0.223564
0.221604
0.219063
0.230398
0.229767
0.225587
0.227019
0.189034
0.182302
0.21435
0.219616
0.17948
0.176362
0.197378
0.196966
0.182128
0.200477
0.19889
0.179442
0.227731
0.22442
0.224281
0.22707
0.215439
0.214214
0.220652
0.220272
0.187114
0.190596
0.189981
0.193223
0.175498
0.179707
0.185799
0.184221
0.187001
0.189858
0.187556
0.182903
0.202387
0.19902
0.190881
0.191686
0.187051
0.193178
0.189945
0.19055
0.202365
0.191678
0.19086
0.198976
0.187008
0.182917
0.187562
0.189851
0.175506
0.184284
0.185789
0.179719
0.232411
0.200204
0.197182
0.210423
0.195871
0.192407
0.194728
0.196678
0.187444
0.189754
0.191839
0.189576
0.203212
0.204952
0.194206
0.190768
0.232411
0.210421
0.197182
0.20021
0.206217
0.192366
0.194207
0.204989
0.189863
0.189571
0.191887
0.191705
0.195871
0.196706
0.194728
0.192403
0.265714
0.307644
0.417936
0.331852
0.302283
0.565527
0.497531
0.301796
0.616157
0.540149
0.534989
0.609499
0.368607
0.360792
0.45046
0.455043
0.284734
0.548493
0.557172
0.288152
0.597508
0.622435
0.623232
0.597849
0.64176
0.641464
0.638358
0.637841
0.300407
0.294431
0.567329
0.578346
0.284714
0.288135
0.55714
0.548454
0.300415
0.578315
0.567314
0.294426
0.642041
0.637779
0.63759
0.642476
0.597473
0.598013
0.62325
0.622436
0.264823
0.331691
0.416936
0.306905
0.369072
0.455257
0.450543
0.361433
0.616204
0.610138
0.534996
0.540287
0.30229
0.301848
0.496852
0.56531
0.214111
0.218146
0.20946
0.21383
0.196861
0.18679
0.20163
0.211121
0.178733
0.191753
0.192734
0.179974
0.208214
0.209422
0.200517
0.199048
0.05089
0.0756904
0.114468
0.0852979
0.090802
0.12245
0.124498
0.0858706
0.166653
0.168572
0.148029
0.148716
0.186681
0.123467
0.141031
0.174685
0.0518126
0.0777618
0.107509
0.0839261
0.116899
0.149951
0.130967
0.0995195
0.163141
0.148613
0.148438
0.161482
0.0921045
0.0955914
0.12464
0.123185
0.159378
0.194942
0.18642
0.151666
0.211446
0.198359
0.1963
0.209542
0.176837
0.177467
0.19002
0.191535
0.130985
0.143052
0.175981
0.164462
0.220801
0.213839
0.209467
0.218149
0.208225
0.199062
0.200531
0.2096
0.178749
0.179987
0.192746
0.191769
0.196867
0.211124
0.201657
0.1868
0.159389
0.151665
0.186424
0.194937
0.13094
0.164475
0.176
0.143039
0.17686
0.191555
0.19005
0.177481
0.21146
0.209555
0.196262
0.198384
0.0518131
0.0838824
0.107498
0.0777662
0.0920215
0.123157
0.124626
0.0954729
0.163153
0.16149
0.148443
0.148622
0.116886
0.0994881
0.130956
0.149889
0.0508891
0.0847812
0.114428
0.0756892
0.186685
0.174691
0.142653
0.12348
0.166667
0.148719
0.148161
0.168583
0.0908117
0.0858676
0.124492
0.122464
0.26495
0.206043
0.216825
0.269385
0.19759
0.203021
0.206315
0.19791
0.199584
0.206835
0.206393
0.201214
0.272112
0.268143
0.213195
0.214627
0.265282
0.269578
0.216825
0.206031
0.272115
0.21463
0.213196
0.268143
0.199585
0.201214
0.206394
0.206837
0.197585
0.197901
0.206316
0.203021
0.101438
0.113653
0.12776
0.128825
0.119449
0.133479
0.129511
0.118584
0.199388
0.205906
0.1622
0.158434
0.272976
0.169022
0.164781
0.212068
0.100778
0.135648
0.135592
0.0890435
0.272975
0.212067
0.167306
0.169253
0.199388
0.15905
0.163697
0.205905
0.119367
0.11803
0.136516
0.135855
0.275271
0.290913
0.482071
0.533793
0.232431
0.34697
0.415011
0.280957
0.375035
0.442718
0.434595
0.367025
0.560587
0.559563
0.498135
0.50414
0.0522681
0.0756667
0.115299
0.0781524
0.0931245
0.146171
0.136047
0.0875144
0.30314
0.293696
0.21899
0.22905
0.17426
0.11556
0.191671
0.272231
0.0532464
0.0797101
0.115345
0.075708
0.174314
0.272411
0.19215
0.115993
0.303238
0.228963
0.219515
0.294685
0.093308
0.0877411
0.13608
0.146429
0.275253
0.533791
0.4821
0.290882
0.560587
0.504555
0.49921
0.559564
0.375384
0.367331
0.435281
0.442748
0.232437
0.280912
0.415628
0.347195
0.0806245
0.12202
0.162538
0.115297
0.0972002
0.106094
0.188054
0.135987
0.17582
0.152748
0.197871
0.207783
0.061268
0.128025
0.172657
0.116436
0.0805724
0.115291
0.162478
0.121936
0.0632244
0.116447
0.172714
0.128348
0.176394
0.207296
0.197494
0.153402
0.0970118
0.135685
0.188113
0.105664
0.0441476
0.0891851
0.0966164
0.050608
0.127504
0.136485
0.1229
0.115032
0.105522
0.0925062
0.111263
0.125907
0.0246465
0.0420933
0.0856886
0.06864
0.0442648
0.0506551
0.0966171
0.0888814
0.0245772
0.0687516
0.085676
0.0420997
0.104893
0.126029
0.110998
0.0921285
0.127478
0.115199
0.123197
0.136573
