-0.742233
0.325
-2.155
-0.689596
0.415
2.255
-0.743632
0.775
-2.055
-0.685
1.03393
2.225
0.742227
0.325
-2.155
0.689594
0.415
2.255
0.743627
0.775
-2.055
0.685
1.03393
2.225
0.159189
0.186697
0.121042
0.0887127
0.15835
0.186895
0.121048
0.0887084
-0.00946759
0.0670742
0.197629
0.22048
0.0904732
0.00546959
-0.0422629
-0.0408944
0.0305864
0.165238
0.187296
0.0509938
-0.0321027
-0.0771385
-0.0574737
0.0153372
0.122211
0.110833
0.0206858
-0.0606848
-0.112441
-0.0382424
0.02261
0.0742569
0.0557716
-0.0105047
-0.0702417
-0.121665
-0.029818
0.0447836
0.193101
0.219193
0.059143
-0.0213989
-0.0616629
-0.061375
-0.0607633
-0.0974379
-0.0725581
-0.080436
-0.129443
-0.0446384
0.0189938
0.0734731
0.0507635
-0.0195068
-0.080212
-0.131332
-0.029934
0.0445958
0.192559
0.219207
0.0591683
-0.0213965
-0.0616746
-0.0614392
-0.0607604
-0.0974458
-0.0725953
-0.0804366
-0.129453
-0.0447117
0.0189268
0.0734064
0.0507117
-0.0195382
-0.0802388
-0.131361
-0.00973635
0.0666667
0.196893
0.220348
0.0905043
0.00546558
-0.0422955
-0.0410839
0.0303346
0.164446
0.187233
0.0510534
-0.0320955
-0.0771621
-0.0575944
0.0152498
0.121934
0.110733
0.0207151
-0.0606861
-0.112468
-0.0384034
0.0224565
0.0741027
0.0556527
-0.0105777
-0.0703031
-0.121731
0.0423485
0.0833384
0.170025
0.0251245
0.0477865
0.144171
0.101489
0.14335
0.00028303
0.0543449
0.0423791
0.169838
0.0251366
0.143931
0.143386
0.0544457
0.178423
0.182021
0.158536
0.182274
0.184928
0.106945
0.332411
0.498848
0.178439
0.181895
0.182301
0.106949
0.183681
0.183623
0.142667
0.170398
0.266846
0.182272
0.182224
0.171701
0.553521
0.179235
0.179286
0.139431
0.196387
0.10638
0.0353693
0.0747616
0.135129
0.0407145
0.0478079
0.0968218
0.0129534
0.0845991
0.110305
0.0222078
0.000283034
0.0223843
0.0747873
0.0353521
0.13517
0.0477652
0.0407289
0.0968185
0.0845686
0.0127743
0.110296
0.000283046
0.0222557
0.0223906
0.187276
0.168757
0.188544
0.161578
0.146462
0.186017
0.18939
0.179546
0.129455
0.178534
0.114198
0.32131
0.0743871
0.171612
0.0997391
0.499398
0.186655
0.161484
0.168273
0.188391
0.146279
0.179564
0.186839
0.189425
0.129488
0.321287
0.178467
0.114197
0.0743756
0.499406
0.17163
0.0997315
0.154626
0.228117
0.137234
0.242456
0.200574
0.161103
0.104235
0.109975
0.132424
0.140548
0.182716
0.147319
0.147522
0.224181
0.171928
0.175482
0.0417829
0.0982373
0.138523
0.178019
0.154605
0.228224
0.200518
0.161079
0.104239
0.109977
0.182665
0.147281
0.1719
0.175473
0.138537
0.17805
0.189351
0.171024
0.176236
0.182016
0.157557
0.165112
0.182499
0.184144
0.178323
0.153218
0.175259
0.542446
0.191176
0.538691
0.537907
0.398761
0.189334
0.171024
0.176104
0.181932
0.18237
0.184168
0.175232
0.542441
0.169709
0.206602
0.172234
0.151509
0.169708
0.151505
0.172162
0.206482
0.14372
0.14372
0.168349
0.16843
0.147066
0.192705
0.192707
0.147068
0.214782
0.17858
0.178824
0.214805
0.188753
0.18907
0.173296
0.176808
0.188672
0.176758
0.173289
0.189079
0.166311
0.166263
0.175232
0.175228
0.512977
0.529042
0.52904
0.512807
0.194787
0.111139
0.101669
0.159657
0.194796
0.159663
0.101678
0.111127
0.157999
0.157996
0.132563
0.132583
0.386141
0.0421772
0.0421843
0.386148
0.138892
0.138892
0.100041
0.10004
0.0157199
0.0545395
0.0783233
0.0293534
0.0399949
0.0705452
0.0091466
0.0586305
0.075078
0.0132289
-0.000335122
0.00658661
0.0545309
0.0158061
0.0783647
0.0399636
0.0293231
0.0703277
0.0586794
0.00908123
0.0750671
-0.000333686
0.0132236
0.00657351
0.153179
0.163926
0.189899
0.166409
0.197378
0.186185
0.187971
0.180563
0.124484
0.185537
0.117536
0.305917
0.082775
0.17377
0.094089
0.306013
0.153038
0.166233
0.16319
0.189738
0.197462
0.180593
0.186312
0.188004
0.124484
0.305743
0.185514
0.117522
0.0827733
0.306008
0.173814
0.0940945
0.042287
0.0164965
0.125967
0.176439
0.0833184
0.0833568
0.132692
0.214206
0.165427
0.174615
0.199011
0.172952
0.0171951
0.0239221
0.0756773
0.0981084
0.0477972
0.0477758
0.11836
0.105807
0.150964
0.153198
0.186693
0.15168
0.101498
0.101481
0.129765
0.204553
0.127783
0.136786
0.175198
0.168414
0.000283026
0.000283038
0.0229676
0.0900068
0.0341284
0.0658543
0.128208
0.141842
0.0423371
0.0163959
0.12712
0.176662
0.165316
0.174344
0.198958
0.172906
0.0172368
0.0239027
0.0756797
0.0981124
0.15088
0.153145
0.186654
0.151612
0.127586
0.136787
0.17519
0.168454
0.034081
0.065869
0.128232
0.141656
0.173637
0.182999
0.190059
0.174211
0.185998
0.18082
0.17712
0.182124
0.160928
0.160931
0.151893
0.161822
0.185722
0.180773
0.182532
0.17709
0.184653
0.18466
0.181625
0.172068
0.110604
0.106115
0.17767
0.325809
0.324285
0.324305
0.210138
0.448608
0.503424
0.503425
0.519474
0.468743
0.173435
0.183108
0.190055
0.174208
0.185863
0.180724
0.177009
0.18202
0.185753
0.180792
0.182535
0.177111
0.110607
0.106103
0.177636
0.325805
0.178923
0.192137
0.187911
0.190549
0.178882
0.192081
0.18787
0.190475
0.141479
0.152974
0.15305
0.150119
0.160272
0.176268
0.17627
0.18292
0.269947
0.269636
0.218032
0.269949
0.186431
0.182147
0.182484
0.181125
0.186393
0.182077
0.182454
0.181097
0.172795
0.168405
0.175023
0.172829
0.55757
0.556472
0.548304
0.55757
0.12882
0.18039
0.146538
0.189114
0.128829
0.180386
0.146571
0.189138
0.134393
0.143363
0.143343
0.14474
0.0941672
0.194161
0.194153
0.298129
0.10822
0.096011
0.115864
0.108221
0.12516
0.166459
0.137632
0.181012
0.170213
0.157211
0.0827573
0.128386
0.119314
0.111894
0.110304
0.136701
0.110883
0.125818
0.127332
0.171839
0.157295
0.131879
0.0742297
0.0895198
0.0230359
0.0908305
0.091711
0.0420328
0.137629
0.181013
0.125155
0.16646
0.170483
0.157588
0.119301
0.111849
0.0827462
0.128388
0.110297
0.136676
0.12733
0.171785
0.110867
0.125813
0.157288
0.131895
0.0230395
0.0908361
0.0741941
0.0895188
0.0916847
0.0420438
0.214167
0.179344
0.190143
0.170309
0.186342
0.188435
0.159896
0.163929
0.195581
0.158169
0.189466
0.177706
0.189205
0.192878
0.177388
0.173984
0.177549
0.191717
0.175363
0.177807
0.183493
0.324762
0.212391
0.423423
0.152927
0.345895
0.172429
0.165756
0.178784
0.315561
0.515173
0.469949
0.214026
0.179185
0.159806
0.163854
0.190068
0.170216
0.186202
0.188326
0.195572
0.158133
0.1774
0.17399
0.189555
0.177797
0.189228
0.192902
0.177538
0.19172
0.212251
0.423377
0.175309
0.177763
0.183376
0.324768
0.152952
0.345873
0.515147
0.470161
0.172431
0.165815
0.178659
0.31557
0.157689
0.151779
0.23064
0.184562
0.142076
0.142189
0.244303
0.244304
0.190556
0.204666
0.153651
0.164859
0.108243
0.102963
0.0975012
0.109759
0.132468
0.132486
0.139722
0.139723
0.190094
0.174327
0.151212
0.138543
0.14821
0.148211
0.210307
0.212292
0.171788
0.163457
0.164672
0.183626
0.041933
0.0419363
0.0991547
0.099154
0.126079
0.150707
0.279901
0.077235
0.157628
0.151976
0.184659
0.230643
0.190516
0.204579
0.153635
0.164805
0.10297
0.108236
0.0975026
0.109751
0.190081
0.174337
0.151194
0.138516
0.163439
0.171737
0.183589
0.164675
0.150722
0.12609
0.0772565
0.279841
0.189058
0.189212
0.168691
0.173188
0.190236
0.172923
0.186235
0.180917
0.163653
0.163605
0.166829
0.16685
0.186187
0.181018
0.193074
0.168882
0.178687
0.17867
0.155682
0.1557
0.174397
0.176033
0.53805
0.538792
0.192998
0.193
0.528535
0.528532
0.541265
0.541265
0.395172
0.395176
0.189009
0.189208
0.168671
0.173195
0.172785
0.190122
0.186148
0.180853
0.180976
0.186215
0.193094
0.168672
0.175992
0.174384
0.538764
0.538046
0.118243
0.187901
0.184737
0.128483
0.192376
0.18218
0.197619
0.206597
0.191107
0.176579
0.187485
0.176469
0.110847
0.113467
0.181114
0.167694
0.118241
0.128473
0.184697
0.187874
0.110874
0.167688
0.181087
0.113356
0.191047
0.176388
0.187292
0.176563
0.192307
0.206519
0.197539
0.182057
0.138027
0.137743
0.148972
0.166342
0.137999
0.166317
0.14903
0.137802
0.162556
0.156859
0.158283
0.175967
0.162621
0.176062
0.15821
0.15683
0.1062
0.15231
0.163518
0.129319
0.213778
0.209823
0.187223
0.178781
0.213733
0.178765
0.187223
0.209812
0.106218
0.129318
0.16352
0.152322
0.130479
0.179462
0.270435
0.213654
0.120298
0.206674
0.21887
0.131928
0.120185
0.131928
0.218842
0.206675
0.13048
0.213656
0.270436
0.17958
0.189975
0.190195
0.186362
0.186329
0.188704
0.185891
0.186337
0.189884
0.17767
0.178577
0.181162
0.180957
0.184465
0.180964
0.181038
0.18139
0.189871
0.186219
0.1863
0.190158
0.184379
0.181352
0.180991
0.180884
0.177602
0.180902
0.181137
0.178544
0.188768
0.189927
0.186316
0.185905
0.168294
0.163872
0.169809
0.172249
0.168161
0.172228
0.169833
0.163888
0.179201
0.181579
0.175809
0.175984
0.17916
0.175939
0.175781
0.181555
0.322586
0.326786
0.560245
0.435117
0.313127
0.523643
0.55198
0.320385
0.313115
0.320386
0.55198
0.52366
0.322575
0.435068
0.560245
0.326782
0.19312
0.193193
0.189097
0.18891
0.0770295
0.0759362
0.139737
0.174916
0.0632769
0.113584
0.127545
0.0748931
0.168429
0.175625
0.16117
0.141317
0.193137
0.188935
0.189105
0.193157
0.168406
0.141329
0.1612
0.175632
0.0632759
0.0748961
0.127563
0.113591
0.0770262
0.174896
0.139711
0.0759349
0.170634
0.172982
0.148027
0.153564
0.170605
0.153518
0.148019
0.17299
0.116796
0.11883
0.13643
0.142785
0.116803
0.142823
0.136453
0.118836
0.306466
0.252506
0.294795
0.468767
0.0234774
0.0229391
0.0929559
0.0576282
0.0234806
0.0576986
0.0930007
0.0229409
0.306583
0.468764
0.294771
0.252554
0.105664
0.108787
0.0964352
0.0854984
0.105664
0.0855182
0.0964359
0.108797
0.0799411
0.0905253
0.117239
0.0989057
0.0799432
0.0988916
0.117239
0.0905131
0.00670562
0.0358909
0.0431696
0.0125757
0.0317945
0.0502965
0.00536226
0.0390937
0.0436875
0.00672597
0.0013198
0.00239131
0.0358743
0.00672492
0.0431628
0.0317548
0.0125295
0.0502623
0.0391543
0.00526397
0.0437304
0.00140034
0.00669741
0.00238209
0.15742
0.161511
0.1906
0.168254
0.186652
0.189437
0.188026
0.180153
0.122695
0.156089
0.119263
0.212089
0.0860267
0.132968
0.0915374
0.191811
0.155881
0.168295
0.160649
0.190433
0.186688
0.179893
0.19059
0.188065
0.122704
0.212179
0.156029
0.119265
0.0860253
0.1918
0.132971
0.0915506
0.0447682
0.0189102
0.0941381
0.129354
0.0833288
0.083348
0.122175
0.162837
0.167727
0.207371
0.189614
0.177828
0.0230965
0.0245176
0.0612892
0.081476
0.0477919
0.0477812
0.0969449
0.0887012
0.145509
0.152844
0.190906
0.152881
0.101493
0.101485
0.120737
0.172306
0.137099
0.140207
0.17766
0.162292
0.000283026
0.000283034
0.0124529
0.0988163
0.0434808
0.0620653
0.119741
0.106587
0.0448453
0.0184608
0.0941538
0.129518
0.167579
0.207366
0.189627
0.177749
0.023106
0.0245246
0.0612856
0.0814507
0.145232
0.152758
0.190849
0.152816
0.136688
0.140276
0.17763
0.162296
0.0434216
0.0620187
0.119254
0.106619
0.176036
0.180885
0.18783
0.174824
0.184084
0.181682
0.17961
0.18195
0.158696
0.158653
0.152321
0.160179
0.183442
0.181867
0.182402
0.179631
0.184764
0.184767
0.183276
0.17468
0.108743
0.106814
0.142322
0.21214
0.321791
0.321771
0.271113
0.390567
0.501194
0.501194
0.509091
0.487106
0.175949
0.180978
0.187832
0.174432
0.183952
0.181575
0.179492
0.181833
0.183469
0.181889
0.182419
0.179654
0.108745
0.106791
0.142307
0.212143
0.181427
0.187912
0.185798
0.187262
0.181378
0.187854
0.185748
0.187196
0.142074
0.146105
0.146068
0.146394
0.165802
0.173356
0.173357
0.177394
0.268396
0.272823
0.217763
0.268398
0.183937
0.182197
0.182347
0.181921
0.183895
0.182138
0.182309
0.181882
0.17185
0.170053
0.173351
0.171837
0.555609
0.555833
0.550917
0.555611
0.14065
0.182776
0.148747
0.182718
0.140646
0.182785
0.148666
0.182745
0.138438
0.141301
0.141288
0.142126
0.145191
0.195715
0.19572
0.247948
0.1073
0.102695
0.114232
0.1073
0.026002
0.0390291
0.0889187
0.121081
0.0684101
0.0797695
0.11723
0.151254
0.10794
0.163123
0.162334
0.165776
0.0372942
0.0341725
0.0679943
0.115994
0.0478132
0.0478025
0.0975205
0.0892329
0.083993
0.150807
0.106911
0.138071
0.0109725
0.0147718
0.0701501
0.0837158
0.077165
0.0951865
0.116387
0.158671
0.0974909
0.119061
0.15305
0.124584
0.0157408
0.0233487
0.0602695
0.0786972
0.000283038
0.00028303
0.0123406
0.0992691
0.0121533
0.0290654
0.0863057
0.0351364
0.0684646
0.0798463
0.117245
0.151285
0.0260235
0.0390296
0.0889806
0.121085
0.10794
0.163049
0.160768
0.165782
0.0477598
0.0477705
0.0975091
0.0892311
0.0372966
0.0344595
0.0680016
0.11597
0.0839892
0.150761
0.106908
0.138065
0.0770319
0.0955438
0.11638
0.158836
0.0106027
0.0147609
0.0701574
0.0837406
0.0974093
0.119025
0.15306
0.124574
0.00028305
0.000283042
0.0123425
0.0992693
0.0159665
0.0232753
0.060278
0.0786805
0.0121463
0.0291141
0.0862493
0.0351264
0.169706
0.176907
0.206094
0.183594
0.166342
0.171238
0.187696
0.171481
0.189906
0.187964
0.187434
0.188087
0.165035
0.161626
0.159037
0.16274
0.154972
0.152001
0.192973
0.157243
0.185949
0.185255
0.188872
0.177961
0.188596
0.188003
0.18932
0.187225
0.180229
0.184554
0.178437
0.175731
0.127267
0.133096
0.17112
0.182623
0.18037
0.179895
0.177054
0.178187
0.115878
0.112527
0.149801
0.21332
0.317804
0.325114
0.267072
0.372704
0.0786679
0.0702101
0.137796
0.216257
0.171139
0.175823
0.171994
0.168718
0.0974999
0.102492
0.139516
0.206223
0.417928
0.505472
0.507685
0.489619
0.161872
0.176594
0.206769
0.183429
0.164923
0.161569
0.158944
0.162654
0.165731
0.170921
0.187602
0.171304
0.189747
0.187816
0.187273
0.187947
0.154562
0.151768
0.192937
0.157199
0.180193
0.184571
0.178457
0.175746
0.186054
0.185341
0.188986
0.177765
0.188632
0.188034
0.189349
0.187255
0.127259
0.133096
0.171073
0.182633
0.317711
0.325014
0.267036
0.372695
0.180337
0.179803
0.176993
0.178119
0.115885
0.112505
0.149774
0.213323
0.0786668
0.0702123
0.137806
0.216222
0.417932
0.505476
0.507581
0.48964
0.171162
0.175844
0.172003
0.168735
0.0975115
0.102524
0.139511
0.206122
0.146741
0.175917
0.157012
0.15333
0.206518
0.246983
0.234804
0.186816
0.136838
0.140879
0.137371
0.137359
0.225482
0.265108
0.243379
0.24338
0.199553
0.196359
0.195661
0.202707
0.168529
0.157112
0.157302
0.162981
0.0900282
0.118341
0.103736
0.103616
0.110708
0.10909
0.105649
0.110966
0.131451
0.13343
0.132493
0.132497
0.129662
0.133109
0.140138
0.140138
0.183461
0.183603
0.184842
0.183492
0.149563
0.145403
0.149304
0.144329
0.138591
0.154701
0.147815
0.147815
0.212251
0.223371
0.218243
0.218454
0.171883
0.190007
0.179478
0.171567
0.177151
0.175173
0.170036
0.179275
0.0335821
0.0489912
0.0417277
0.0417295
0.0884787
0.117522
0.098696
0.0986957
0.135092
0.139402
0.132249
0.144426
0.162418
0.189022
0.228519
0.12733
0.146757
0.175885
0.15699
0.15332
0.206581
0.247335
0.186792
0.234807
0.199552
0.196303
0.195614
0.202636
0.168492
0.1571
0.157282
0.16294
0.0900365
0.118354
0.103623
0.103735
0.110663
0.109065
0.105651
0.110968
0.183426
0.183587
0.184821
0.18347
0.149518
0.145379
0.149274
0.144299
0.171864
0.189975
0.17155
0.179389
0.17714
0.175173
0.179221
0.170038
0.135097
0.139416
0.144443
0.132266
0.162383
0.189025
0.127364
0.228515
0.189558
0.188321
0.189185
0.189359
0.171755
0.173464
0.169882
0.17214
0.174617
0.192695
0.185067
0.17311
0.182156
0.182073
0.183969
0.181762
0.160721
0.15384
0.159313
0.159376
0.163467
0.166758
0.165287
0.165254
0.182471
0.182513
0.183953
0.181993
0.181589
0.191934
0.191003
0.178428
0.179973
0.176673
0.178332
0.178344
0.155915
0.147353
0.154178
0.154167
0.17838
0.179618
0.174829
0.175646
0.441443
0.559514
0.540513
0.54073
0.153316
0.187092
0.192012
0.192012
0.506797
0.550643
0.534302
0.534331
0.529579
0.543782
0.539651
0.53965
0.443613
0.348581
0.397327
0.397329
0.189545
0.188295
0.189152
0.189349
0.171562
0.173476
0.169872
0.172141
0.174516
0.193029
0.173011
0.18498
0.182062
0.181997
0.183881
0.181689
0.182468
0.182489
0.181907
0.184009
0.181629
0.191959
0.191016
0.178466
0.178371
0.179587
0.175612
0.174806
0.441441
0.559514
0.540738
0.540495
0.147079
0.171315
0.165113
0.185019
0.210605
0.18525
0.206315
0.20041
0.173653
0.173614
0.172038
0.172846
0.136791
0.153851
0.151637
0.160892
0.147074
0.17125
0.165019
0.184986
0.136781
0.153852
0.151631
0.160813
0.173619
0.173565
0.171992
0.17278
0.210477
0.185117
0.206211
0.201081
0.142219
0.154406
0.142974
0.149907
0.142217
0.155798
0.142975
0.149896
0.17419
0.164208
0.166676
0.166155
0.174299
0.164978
0.16674
0.166197
0.13711
0.146132
0.147775
0.157606
0.194235
0.159057
0.188294
0.192877
0.194181
0.159058
0.188298
0.192888
0.136891
0.146144
0.147777
0.157609
0.196318
0.195637
0.225518
0.231284
0.15907
0.176296
0.181249
0.197654
0.176378
0.157974
0.1976
0.18125
0.195638
0.196382
0.231269
0.225521
0.189132
0.188587
0.188892
0.188027
0.189035
0.189135
0.189017
0.188276
0.172863
0.176078
0.177819
0.173964
0.177426
0.179254
0.179779
0.17642
0.189042
0.188492
0.188827
0.187941
0.177381
0.179232
0.179725
0.176374
0.17286
0.176077
0.177798
0.173956
0.189078
0.189151
0.18901
0.188281
0.168353
0.16512
0.167503
0.167539
0.165058
0.168234
0.167516
0.167468
0.176342
0.175785
0.17902
0.174245
0.17564
0.176339
0.174238
0.179004
0.434262
0.470691
0.531284
0.522127
0.424869
0.522248
0.535437
0.542658
0.522242
0.424874
0.542659
0.535339
0.470581
0.434164
0.522108
0.531169
0.195447
0.193495
0.192302
0.195654
0.0971813
0.11143
0.111546
0.122863
0.0880701
0.0971062
0.102315
0.115949
0.156026
0.162641
0.156388
0.163707
0.195437
0.19351
0.192298
0.195668
0.156037
0.162658
0.156386
0.163681
0.0880715
0.0971055
0.102324
0.115939
0.0971829
0.111411
0.111536
0.122819
0.157881
0.15983
0.153123
0.156946
0.157861
0.159829
0.15311
0.156951
0.131311
0.135334
0.132488
0.135553
0.131328
0.135532
0.132508
0.135579
0.38386
0.442914
0.332331
0.391668
0.0337744
0.0420112
0.0421352
0.0495208
0.0338398
0.0420158
0.0421404
0.0495286
0.383877
0.442978
0.332306
0.391707
0.140537
0.130336
0.129433
0.139307
0.130336
0.140539
0.139308
0.129434
0.0874553
0.101211
0.0995843
0.105369
0.101207
0.0873929
0.105389
0.0995834
0.074736
0.0882934
0.103048
0.119762
0.108885
0.124755
0.0632358
0.0950336
0.0943439
0.0778287
0.0770576
0.116509
0.0680273
0.0789619
0.0924633
0.10656
0.105099
0.099396
0.0471771
0.0661323
0.0124219
0.0880595
0.0571471
0.0174284
0.103052
0.119761
0.0747438
0.0883611
0.108883
0.124762
0.0943367
0.0778281
0.0632271
0.0948423
0.0770334
0.11648
0.0924592
0.106583
0.0681075
0.0789741
0.105102
0.0994282
0.0124043
0.0880589
0.0471946
0.0660707
0.0570529
0.0174457
0.197447
0.162431
0.189208
0.169781
0.190889
0.189862
0.16497
0.167361
0.197795
0.169781
0.188681
0.178854
0.188322
0.186094
0.179861
0.171256
0.158255
0.204881
0.189966
0.185501
0.15289
0.212882
0.263487
0.321382
0.126955
0.187759
0.174963
0.171866
0.136322
0.199107
0.310225
0.30433
0.197331
0.162395
0.164507
0.16719
0.189067
0.169716
0.190756
0.189744
0.197811
0.169974
0.179894
0.171259
0.188725
0.178586
0.188374
0.186122
0.158214
0.204869
0.26301
0.321387
0.189946
0.185439
0.152849
0.212893
0.126979
0.187752
0.310218
0.304328
0.174796
0.171782
0.136334
0.199104
0.0945884
0.132317
0.0732176
0.0882535
0.129097
0.114986
0.183275
0.134634
0.122586
0.167098
0.122589
0.167097
0.132447
0.132441
0.21393
0.213931
0.181194
0.173414
0.196311
0.180158
0.19342
0.202559
0.169687
0.174508
0.0589592
0.0725948
0.0608407
0.0789196
0.0753869
0.0752435
0.0939384
0.0995564
0.097231
0.0890954
0.0972256
0.0890945
0.118595
0.118598
0.107297
0.107302
0.184214
0.148509
0.193214
0.154863
0.187806
0.182981
0.152661
0.148562
0.120494
0.179508
0.120492
0.179501
0.129489
0.129488
0.205584
0.205585
0.170777
0.146339
0.17435
0.172402
0.175859
0.171591
0.160402
0.173658
0.0123334
0.0990437
0.0123343
0.0990438
0.0228187
0.0228196
0.0902327
0.0902323
0.105226
0.0549284
0.129669
0.186622
0.121149
0.134652
0.197513
0.0893006
0.0945803
0.132315
0.0731385
0.0882681
0.129138
0.114904
0.134634
0.183372
0.181066
0.173626
0.196326
0.180028
0.193376
0.202502
0.169633
0.174437
0.0588824
0.0725439
0.0608423
0.0789205
0.0752499
0.0753863
0.0939611
0.0995621
0.184191
0.148475
0.193196
0.154829
0.187781
0.18295
0.152597
0.148516
0.170747
0.146359
0.174317
0.172374
0.171587
0.175846
0.173682
0.160425
0.10518
0.0549709
0.129525
0.186596
0.134639
0.12117
0.0893042
0.197565
0.187591
0.173153
0.188041
0.176393
0.190157
0.18988
0.173227
0.175073
0.184138
0.18606
0.178644
0.18085
0.17971
0.176882
0.184236
0.181773
0.156689
0.1624
0.156703
0.162409
0.152819
0.152868
0.161992
0.161953
0.185807
0.18313
0.180855
0.178182
0.183643
0.181969
0.178403
0.176775
0.183188
0.175204
0.183203
0.175215
0.181537
0.181537
0.172468
0.172465
0.146164
0.213685
0.142861
0.209832
0.177791
0.17956
0.327555
0.321743
0.266852
0.379844
0.266842
0.379899
0.207801
0.207802
0.436138
0.436298
0.513827
0.488478
0.513811
0.488479
0.521601
0.521601
0.468346
0.468333
0.187556
0.172863
0.188075
0.17602
0.190136
0.189896
0.173203
0.175097
0.184009
0.185939
0.178555
0.180762
0.176792
0.179594
0.184126
0.181682
0.185829
0.183155
0.180863
0.178196
0.181975
0.183653
0.178425
0.176788
0.146137
0.213686
0.142831
0.209822
0.17952
0.177757
0.321747
0.327567
0.181829
0.180018
0.188546
0.194993
0.190614
0.184649
0.194087
0.19177
0.181789
0.179983
0.188498
0.194925
0.184615
0.190568
0.191706
0.194009
0.143289
0.143254
0.151004
0.155593
0.150992
0.155673
0.152697
0.152746
0.161864
0.161865
0.170402
0.182536
0.182538
0.170408
0.185046
0.185047
0.274773
0.219437
0.270035
0.270036
0.218878
0.218877
0.219439
0.274775
0.186398
0.186385
0.183915
0.181831
0.184105
0.18197
0.181148
0.181088
0.186347
0.186356
0.183849
0.181773
0.181947
0.18408
0.181048
0.181123
0.171303
0.174214
0.168585
0.168557
0.175101
0.175116
0.171329
0.174252
0.559591
0.555034
0.558418
0.558417
0.550318
0.550318
0.555031
0.559589
0.134175
0.128264
0.182531
0.177835
0.133657
0.151567
0.188688
0.188128
0.128287
0.134213
0.182533
0.177834
0.151597
0.13367
0.188687
0.188161
0.135359
0.135369
0.145733
0.141374
0.145711
0.141359
0.14616
0.146145
0.0940866
0.0940762
0.244554
0.143546
0.143542
0.244556
0.296852
0.296856
0.10406
0.115839
0.0962231
0.0962235
0.116552
0.116551
0.104061
0.11584
0.121252
0.12771
0.147613
0.173992
0.145539
0.137763
0.16076
0.199189
0.148261
0.182656
0.152048
0.161935
0.0809781
0.0816492
0.12022
0.116912
0.119539
0.119074
0.117541
0.110404
0.0934584
0.126496
0.132755
0.139763
0.110904
0.112151
0.123125
0.128885
0.124172
0.128463
0.154249
0.193712
0.139931
0.163347
0.119124
0.143094
0.0690932
0.0745358
0.0768523
0.0947459
0.0229673
0.0230666
0.0913426
0.090656
0.0785947
0.104938
0.0327786
0.0495656
0.145739
0.137767
0.16079
0.199191
0.121253
0.127712
0.147601
0.173994
0.14825
0.182637
0.151968
0.1624
0.11949
0.119065
0.11754
0.110354
0.0809704
0.0816434
0.120258
0.116884
0.0934607
0.126478
0.132745
0.139739
0.124171
0.128461
0.154364
0.193456
0.110863
0.112091
0.12312
0.128852
0.139939
0.163347
0.119184
0.143098
0.0229703
0.0230693
0.0913452
0.0906649
0.0687179
0.0745448
0.0768273
0.0947409
0.0785857
0.104945
0.0335246
0.0495745
0.196185
0.210567
0.173906
0.17775
0.190037
0.190197
0.169215
0.171268
0.189963
0.184676
0.189686
0.188196
0.163763
0.158519
0.166569
0.164581
0.194683
0.194527
0.160946
0.154472
0.189086
0.189697
0.178457
0.176872
0.188515
0.188048
0.194361
0.190885
0.177374
0.18177
0.174592
0.173555
0.185344
0.177417
0.19946
0.185096
0.182914
0.176031
0.179895
0.179927
0.185727
0.181917
0.32361
0.325693
0.213404
0.211784
0.40715
0.429595
0.161096
0.147363
0.347105
0.302878
0.174621
0.176787
0.167583
0.172779
0.177705
0.178798
0.314343
0.316837
0.421434
0.525956
0.44903
0.468815
0.195229
0.210457
0.173178
0.177626
0.163697
0.158469
0.166489
0.164541
0.189949
0.190141
0.169121
0.171194
0.189858
0.184555
0.189561
0.18808
0.194679
0.194507
0.160924
0.154432
0.177447
0.181789
0.174603
0.173556
0.189162
0.189763
0.178521
0.176937
0.188556
0.188066
0.194384
0.190909
0.185322
0.177381
0.199354
0.185112
0.213301
0.211761
0.407154
0.429637
0.182877
0.175951
0.179869
0.179863
0.18568
0.181817
0.32367
0.325731
0.161108
0.147361
0.34704
0.302892
0.421421
0.525958
0.449038
0.468844
0.174655
0.176788
0.167585
0.172719
0.177584
0.178779
0.314336
0.316832
0.180468
0.147599
0.138346
0.165013
0.210105
0.248843
0.203013
0.161887
0.141581
0.146931
0.147027
0.14163
0.266096
0.226335
0.226337
0.266097
0.190228
0.187645
0.201145
0.205983
0.151499
0.162347
0.171414
0.161655
0.0921198
0.123861
0.117223
0.0890086
0.0972469
0.0993503
0.110686
0.10918
0.131352
0.134466
0.134505
0.131374
0.129999
0.131271
0.131272
0.129999
0.191019
0.192063
0.146619
0.171722
0.149718
0.152245
0.14086
0.137537
0.156498
0.138715
0.138716
0.1565
0.210202
0.215212
0.215901
0.210723
0.173206
0.181547
0.179607
0.165268
0.165197
0.164851
0.185356
0.189889
0.0335908
0.049231
0.0492354
0.0336477
0.086818
0.118665
0.118664
0.0867562
0.121621
0.126855
0.156831
0.148065
0.268321
0.289772
0.0877705
0.0621293
0.147609
0.180435
0.165024
0.138329
0.16188
0.202935
0.248852
0.210107
0.187605
0.190195
0.20589
0.201061
0.162325
0.151496
0.16163
0.171345
0.0890134
0.11723
0.123864
0.0921155
0.099466
0.0972852
0.109168
0.11069
0.192063
0.190999
0.171702
0.146437
0.152215
0.149709
0.137518
0.140831
0.165258
0.179559
0.181502
0.173185
0.189885
0.185359
0.164854
0.165207
0.148074
0.156541
0.126871
0.121595
0.0621253
0.0877821
0.289807
0.268318
0.189163
0.188106
0.188321
0.189553
0.1705
0.169966
0.17375
0.176248
0.180252
0.19983
0.178968
0.174295
0.186298
0.186388
0.181023
0.18098
0.15998
0.161019
0.160975
0.160598
0.165354
0.168316
0.168339
0.165369
0.185955
0.186291
0.181149
0.180948
0.191144
0.189133
0.171578
0.163261
0.180133
0.177246
0.177225
0.180113
0.157971
0.15032
0.150327
0.157994
0.177733
0.178929
0.179864
0.178732
0.439768
0.562661
0.553589
0.43038
0.155306
0.190241
0.190243
0.155307
0.549356
0.487525
0.487513
0.549375
0.533187
0.547057
0.547057
0.533184
0.344963
0.444048
0.444108
0.344966
0.18805
0.189116
0.189572
0.18831
0.16994
0.170495
0.176262
0.173748
0.174219
0.178598
0.199737
0.180136
0.18629
0.186224
0.180924
0.180952
0.180943
0.181159
0.186279
0.185959
0.189138
0.191156
0.163288
0.171604
0.178713
0.179823
0.178917
0.177728
0.43036
0.553586
0.562658
0.4398
0.0706883
0.13716
0.147502
0.0813842
0.185729
0.1953
0.185146
0.173477
0.184987
0.17819
0.182747
0.192103
0.0962131
0.0926148
0.147855
0.147222
0.19594
0.190037
0.190291
0.197613
0.181957
0.177462
0.182961
0.186418
0.191132
0.198851
0.203078
0.196566
0.190846
0.200338
0.208629
0.202936
0.157118
0.164588
0.178267
0.181791
0.175907
0.172754
0.173563
0.172717
0.188944
0.183288
0.172606
0.186103
0.17928
0.177876
0.174164
0.174432
0.0659305
0.0691609
0.13838
0.13379
0.0782499
0.139854
0.137414
0.0715099
0.183038
0.186249
0.162338
0.176489
0.174418
0.164922
0.161333
0.168556
0.0705721
0.0813965
0.147549
0.137274
0.096203
0.147206
0.147845
0.0926041
0.184938
0.192056
0.182716
0.178158
0.185675
0.173489
0.185122
0.195256
0.0659254
0.133784
0.138425
0.0691812
0.174404
0.168545
0.161322
0.164887
0.182997
0.176038
0.162329
0.186223
0.0771972
0.0715076
0.137387
0.139829
0.157069
0.181755
0.178236
0.16461
0.179178
0.174344
0.174057
0.177824
0.188888
0.185886
0.172573
0.183206
0.175881
0.172676
0.173534
0.172727
0.195881
0.197477
0.190174
0.189905
0.190814
0.202915
0.208517
0.200695
0.191064
0.196478
0.20298
0.198781
0.181834
0.186278
0.182834
0.177354
0.0860709
0.113888
0.150342
0.155683
0.122381
0.136787
0.142124
0.120186
0.144691
0.154309
0.148698
0.141868
0.175362
0.169545
0.159241
0.165447
0.0860764
0.155689
0.150348
0.113986
0.175761
0.165416
0.159227
0.169524
0.144655
0.141841
0.148697
0.154302
0.122381
0.120192
0.142126
0.136777
0.167361
0.162715
0.16941
0.175549
0.152853
0.15531
0.16224
0.157984
0.149384
0.159366
0.163892
0.156008
0.178889
0.181729
0.172769
0.169923
0.167755
0.175911
0.170095
0.162807
0.178994
0.169977
0.172861
0.181853
0.149427
0.156063
0.163925
0.159382
0.152904
0.158036
0.162962
0.156095
0.0794375
0.112078
0.134983
0.112
0.154505
0.171421
0.156975
0.135525
0.168056
0.155549
0.15713
0.170673
0.120563
0.118855
0.138138
0.138599
0.208944
0.266048
0.164246
0.194585
0.264628
0.153491
0.15717
0.268702
0.179975
0.179918
0.189359
0.188658
0.167886
0.176783
0.192461
0.184451
0.208951
0.19457
0.164281
0.266018
0.167871
0.184339
0.192471
0.17676
0.179975
0.188659
0.189348
0.179914
0.264591
0.268649
0.157171
0.153492
0.0794456
0.11196
0.134429
0.112086
0.120562
0.138599
0.138127
0.118871
0.168057
0.170686
0.157132
0.15555
0.154492
0.135516
0.156601
0.171411
0.0762432
0.104478
0.17722
0.145506
0.135874
0.213731
0.204864
0.126994
0.273798
0.266272
0.244196
0.253091
0.164979
0.160686
0.212707
0.225956
0.0743345
0.142721
0.1589
0.0813754
0.175909
0.21213
0.193409
0.172206
0.218601
0.207652
0.19948
0.218716
0.0906555
0.0860325
0.159611
0.165227
0.0743146
0.0813926
0.158474
0.142702
0.0896108
0.165046
0.159662
0.0860392
0.2186
0.218454
0.199451
0.207423
0.175893
0.172295
0.192636
0.212065
0.0762495
0.145665
0.177312
0.104488
0.165044
0.225957
0.212709
0.160652
0.273799
0.253155
0.244206
0.266273
0.135948
0.126995
0.204865
0.213698
0.189904
0.188517
0.189413
0.189958
0.187732
0.18936
0.188971
0.187515
0.183889
0.183943
0.188054
0.1882
0.184061
0.187978
0.188217
0.184208
0.188354
0.188551
0.188639
0.188983
0.183553
0.183728
0.188061
0.188054
0.184021
0.188329
0.188299
0.184105
0.187914
0.18847
0.189294
0.189628
0.134851
0.138428
0.175256
0.172057
0.14237
0.177969
0.177231
0.140718
0.181945
0.181992
0.178499
0.179296
0.18188
0.177
0.177292
0.181941
0.154493
0.180168
0.179636
0.151365
0.181757
0.181916
0.179954
0.179892
0.181878
0.179797
0.179821
0.181809
0.144137
0.148192
0.179
0.178513
0.189746
0.189817
0.189293
0.188403
0.18394
0.184109
0.188116
0.187846
0.183834
0.188161
0.187983
0.183866
0.187716
0.187439
0.188896
0.18933
0.154435
0.15133
0.179615
0.18014
0.144116
0.178501
0.178979
0.148149
0.181828
0.181747
0.179774
0.179761
0.181662
0.179812
0.179895
0.181833
0.134852
0.172078
0.175253
0.138418
0.181894
0.181941
0.177289
0.177021
0.181914
0.179269
0.178492
0.181977
0.142338
0.140715
0.177229
0.177958
0.188397
0.189068
0.188681
0.188589
0.187932
0.189632
0.189325
0.188543
0.183988
0.184089
0.188295
0.188311
0.183572
0.18808
0.188072
0.183729
0.168977
0.165819
0.167548
0.170591
0.160344
0.163639
0.16606
0.163105
0.170235
0.171981
0.169018
0.166936
0.173986
0.172317
0.169159
0.170857
0.168974
0.170469
0.167432
0.165713
0.173646
0.170739
0.169069
0.172083
0.17021
0.166905
0.169005
0.171985
0.160303
0.163056
0.166028
0.163603
0.179133
0.179253
0.176611
0.178093
0.183152
0.179949
0.180404
0.183185
0.173451
0.174856
0.177641
0.176717
0.175178
0.176823
0.174799
0.172381
0.179395
0.17833
0.176538
0.179221
0.175609
0.172504
0.174663
0.177104
0.173463
0.17673
0.177626
0.174842
0.18315
0.183168
0.180387
0.17996
0.212589
0.213101
0.42454
0.366076
0.213664
0.44151
0.437921
0.213513
0.557719
0.550198
0.549096
0.561424
0.377753
0.377469
0.479592
0.494693
0.195471
0.419705
0.423147
0.202764
0.511346
0.531281
0.534858
0.516156
0.55309
0.556894
0.548602
0.545537
0.211339
0.206955
0.426665
0.435325
0.195451
0.202759
0.423164
0.419677
0.211332
0.435317
0.426683
0.20691
0.55309
0.545537
0.548601
0.556893
0.511434
0.516138
0.534857
0.531281
0.212601
0.365705
0.424552
0.213111
0.377797
0.494785
0.479634
0.377495
0.557718
0.56142
0.549078
0.550194
0.213668
0.213544
0.437941
0.441496
0.186721
0.194168
0.195112
0.187319
0.18986
0.185566
0.193237
0.19274
0.185263
0.189837
0.193895
0.185487
0.180865
0.185526
0.19177
0.184954
0.0586211
0.0659498
0.0959754
0.0918891
0.0604231
0.0895327
0.0967591
0.0655637
0.171165
0.180747
0.126923
0.118167
0.190408
0.124883
0.12581
0.179533
0.0397152
0.0731082
0.083822
0.054069
0.111992
0.128599
0.111493
0.0977236
0.137689
0.117894
0.116595
0.132953
0.0610332
0.0606064
0.0885494
0.0894819
0.130255
0.170966
0.161466
0.132413
0.179293
0.176701
0.168266
0.172825
0.171016
0.145454
0.157754
0.17329
0.127411
0.135047
0.153817
0.141586
0.186734
0.187348
0.19514
0.19415
0.180892
0.185002
0.191789
0.185552
0.185262
0.18548
0.193903
0.189848
0.189829
0.192723
0.193224
0.185538
0.130275
0.132432
0.161479
0.170972
0.127311
0.1416
0.153863
0.135059
0.171098
0.173315
0.157772
0.14547
0.179312
0.172841
0.168221
0.177258
0.0396447
0.0540766
0.0838274
0.0730903
0.0610368
0.0894892
0.0885421
0.0606255
0.138507
0.132968
0.116595
0.117902
0.111583
0.0975993
0.111504
0.128599
0.0585585
0.0918779
0.0960376
0.0659519
0.190368
0.179505
0.125779
0.124746
0.171218
0.118178
0.126918
0.180734
0.0603878
0.0655544
0.0967538
0.0895349
0.170155
0.176218
0.160047
0.162059
0.174812
0.156608
0.159032
0.17554
0.14377
0.147599
0.151836
0.148548
0.153907
0.154716
0.153561
0.150944
0.170393
0.162028
0.159993
0.176253
0.153858
0.150908
0.153521
0.154676
0.143756
0.148533
0.151835
0.147582
0.174809
0.175555
0.159042
0.156597
0.0909314
0.0975132
0.133135
0.134359
0.0970852
0.131507
0.13127
0.0973671
0.13985
0.142859
0.135016
0.133948
0.147647
0.143306
0.137993
0.146573
0.0909498
0.134384
0.13305
0.0975206
0.147771
0.146619
0.13804
0.143331
0.139861
0.133953
0.135032
0.14288
0.0970875
0.0973756
0.131288
0.131508
0.190118
0.199648
0.433993
0.432636
0.149555
0.214957
0.323354
0.212648
0.24649
0.347139
0.340869
0.239501
0.487779
0.489306
0.444334
0.443887
0.0101006
0.0122792
0.0336649
0.0259947
0.0122572
0.0334802
0.0337569
0.0124103
0.144844
0.138041
0.0494614
0.0489833
0.0646343
0.0450811
0.0494549
0.111133
0.010103
0.0260156
0.0337293
0.0122808
0.0648078
0.111129
0.0494634
0.0450534
0.144839
0.0489856
0.0494676
0.138093
0.0122577
0.0124117
0.0338209
0.0334815
0.190109
0.432665
0.434048
0.199591
0.487774
0.443905
0.44439
0.489299
0.246478
0.239513
0.340869
0.347128
0.149523
0.212715
0.323351
0.214927
0.0665989
0.08951
0.131815
0.108586
0.0889226
0.129831
0.130168
0.0891641
0.103378
0.104959
0.130352
0.13219
0.0818227
0.103494
0.13006
0.106445
0.0664051
0.108424
0.131816
0.0895084
0.0818274
0.106451
0.130062
0.103739
0.103378
0.13219
0.130353
0.104972
0.0889238
0.0891628
0.130168
0.129831
0.0645607
0.0995106
0.088332
0.067058
0.09893
0.0876954
0.0871114
0.0991556
0.115036
0.110167
0.104941
0.118093
0.07987
0.077975
0.106335
0.111879
0.0645626
0.0663076
0.0882673
0.0995094
0.0798519
0.111915
0.106333
0.0779774
0.115036
0.118093
0.104968
0.110184
0.09893
0.0991554
0.0870493
0.088647
