-0.775
0.245
-2.11248
-0.814574
0.355
2.155
-0.722874
0.805
-2.085
-0.785
1.02884
2.215
0.768631
0.245
-2.115
0.815
0.355
2.16098
0.719061
0.805
-2.085
0.785
1.02891
2.215
0.00211522
0.000607824
0.10164
0.0575258
0.0043238
0.00980752
0.100369
0.0552352
-0.0452847
-0.0218265
-0.0168292
-0.0207538
-0.0249412
-0.0373689
-0.0518061
-0.0288522
0.00507505
0.0148767
-0.000310388
-0.0124563
-0.0257974
-0.0390111
0.000581934
0.0361763
0.0949067
0.0559244
0.007996
-0.00482885
-0.0117279
0.103272
0.138045
0.172612
0.151031
0.103698
0.0767703
0.0621348
-0.0498523
-0.0259796
-0.02313
-0.0191295
-0.0177115
-0.033349
-0.0504163
-0.0366433
-0.0226901
-0.0386121
-0.0165095
-0.00852143
-0.0143605
0.0953367
0.132513
0.174247
0.151393
0.100016
0.0725025
0.0587008
-0.0494667
-0.0253961
-0.0206194
-0.0127179
-0.015334
-0.0315531
-0.0485288
-0.0364772
-0.0215174
-0.036981
-0.016498
-0.00773672
-0.013061
0.095385
0.132406
0.174012
0.15133
0.100474
0.0733596
0.0598352
-0.0443546
-0.0204992
-0.0127048
-0.0118256
-0.0190464
-0.0331259
-0.0478514
-0.0283618
0.0055337
0.0177148
0.00853979
-0.00746467
-0.0223245
-0.0354767
0.00066511
0.0358206
0.0943057
0.0571224
0.010685
-0.00235376
-0.00885945
0.103487
0.138022
0.172507
0.1514
0.104984
0.0786921
0.0645049
0.0523254
0.00734515
0.019068
0.0522879
0.00273613
0.0236675
0.070817
0.0895949
0.000197426
0.0298556
0.0525795
0.0219991
0.0495804
0.033035
0.0893141
0.0272822
-0.00142062
0.104137
0.0337226
0.079094
0.0549285
0.0848668
0.396724
0.606483
0.00627345
0.10389
0.0773887
0.0830691
0.110364
0.120199
0.0271194
0.1495
0.189544
0.089699
0.0885453
0.0443189
0.649708
0.0859517
0.10562
0.0693476
0.53532
0.0479069
0.00250006
0.00734461
0.0126888
0.0913113
0.00281619
0.0216502
-0.013967
0.0433316
0.0663012
0.0412598
-0.000337112
0.0162571
0.00734013
0.00243837
0.0128404
0.00255348
0.0903713
0.0146917
0.0433173
-0.0159279
0.0656254
0.000730469
0.0390466
0.013661
0.026022
0.000578259
0.0776498
0.0317119
0.0189591
-0.00131353
0.0613673
0.058172
0.0944363
0.120999
0.0943092
0.384034
0.0429044
0.093727
0.071988
0.613668
0.0267594
0.0356123
0.00541849
0.077612
0.0262342
0.0595646
0.00796645
0.0597818
0.0932717
0.383778
0.120242
0.092683
0.040008
0.61315
0.0915472
0.0699914
0.100316
0.175595
0.0203953
0.120417
0.0912073
0.0249576
0.072308
0.0569229
0.0204439
0.0985925
0.0829253
0.0730317
0.126675
0.132807
0.154195
0.13488
0.322124
-0.000539425
0.0781131
0.531037
0.111175
0.175146
0.0970109
0.0303064
0.0672559
0.0554476
0.102906
0.0738141
0.164009
0.134858
0.0748224
0.530633
0.0668241
0.0450094
0.120076
0.0969515
0.0350021
0.0359624
0.0838082
0.0835478
0.0465643
0.0620423
0.108214
0.649502
0.170734
0.63346
0.637815
0.575057
0.066009
0.047819
0.120319
0.0962723
0.08239
0.0887691
0.10654
0.649063
0.0793274
0.102659
0.137151
0.111654
0.0864648
0.118538
0.136525
0.107915
0.0182774
0.0215091
0.0367437
0.0339
0.103005
0.154713
0.154536
0.102979
0.114623
0.085629
0.0855418
0.10445
0.0722657
0.0633077
0.101085
0.113259
0.071793
0.112229
0.0994011
0.0621265
0.0362052
0.0392417
0.0515837
0.0481024
0.621689
0.636977
0.636506
0.621026
0.0734078
0.0792268
0.0759377
0.0833779
0.0872403
0.0810296
0.0724362
0.0739297
0.06304
0.0646603
0.0222108
0.0230671
0.570693
0.322222
0.322057
0.570316
0.102942
0.101609
0.0373119
0.0378325
-0.00534871
0.00529895
0.00476108
0.0110439
-0.0512826
0.0150044
-0.00531281
0.0273911
0.0430475
0.0217013
-0.00059564
0.0094861
0.00528574
-0.00537627
0.00490766
0.00227336
0.00570134
0.0106527
0.027368
-0.00100599
0.0430955
0.00101235
0.0215593
0.00687622
0.00267224
0.00148541
0.04697
0.0309223
0.0242997
-0.000147135
0.0316535
0.0550105
0.097206
0.122347
0.0980326
0.303801
0.0502859
0.0891484
0.0647676
0.374428
0.0036597
0.0312591
0.00502612
0.0489721
0.0213825
0.0553479
0.00892095
0.0304002
0.0963819
0.303135
0.121322
0.0965528
0.0478951
0.37346
0.0869034
0.0626156
0.0406933
-0.0137528
0.0876071
0.146189
0.00734697
0.00734667
0.0122729
0.131823
0.0148071
0.0221313
0.112176
0.0272368
0.109019
0.0474536
0.0736088
0.0610389
0.00280593
0.00267471
0.0116268
0.0252901
0.0253113
0.020852
0.0660666
0.042144
0.0601018
0.0600927
0.102615
0.146938
0.0800939
0.0944295
0.129751
0.121381
-7.30354e-05
0.000458839
0.163289
0.0306321
0.0230484
0.0366327
0.0666275
0.478335
0.040722
-0.0139316
0.0873154
0.145506
0.0168489
0.0237489
0.117122
0.0278336
0.105705
0.044657
0.0679107
0.0588617
0.0380979
0.0272045
0.0864899
0.0460342
0.0796068
0.0936303
0.129325
0.121494
0.0204645
0.0341021
0.0647786
0.47616
-0.000369273
-0.00238862
0.0355564
0.0428631
0.0973036
0.119274
0.106035
0.100566
0.0330523
0.0347629
0.0293084
0.0317943
0.0724534
0.0876705
0.0814362
0.0762613
0.0550526
0.0566602
0.0507581
0.0585419
0.0899199
0.0792146
0.116874
0.404364
0.400045
0.400147
0.269744
0.517706
0.620728
0.620716
0.618914
0.59177
0.0058142
0.00666273
0.0449364
0.0445866
0.0972774
0.118928
0.10618
0.10012
0.071301
0.085921
0.079865
0.0744118
0.0882776
0.0773105
0.113892
0.403369
0.107558
0.104363
0.13477
0.114771
0.12015
0.114606
0.145349
0.124456
0.0237572
0.0236881
0.028758
0.0310656
0.141157
0.147084
0.147063
0.154703
0.188482
0.175742
0.104589
0.188191
0.0833183
0.0933359
0.0861949
0.102192
0.082532
0.0924921
0.0849513
0.100993
0.0439949
0.0401368
0.0423715
0.0457214
0.66185
0.64739
0.64375
0.668107
0.0949789
0.0894566
0.0860382
0.0895751
0.0805421
0.108161
0.0859876
0.10928
0.0732056
0.0714745
0.071579
0.0656915
0.49582
0.535403
0.535256
0.5562
0.0533165
0.110624
0.0236872
0.0525567
0.0504686
0.0926301
0.0118068
0.112395
0.0869054
0.0178792
0.0955026
0.114014
0.0128808
0.0275246
0.0445378
0.0269491
0.0692984
0.044421
0.0794657
0.095651
0.114676
0.0896218
0.0769926
0.042009
0.162768
0.0296903
0.0524379
0.316601
0.0128703
0.103187
0.0519247
0.0917148
0.0947977
0.0179867
0.0121037
0.0260419
0.0917045
0.114975
0.0385206
0.0240965
0.0794678
0.095166
0.0696169
0.0438435
0.113571
0.0892302
0.163171
0.02989
0.0733186
0.0411232
0.050408
0.317423
0.0928376
0.0358568
0.0411473
0.034549
0.0864608
0.0749463
0.027739
0.0318025
0.0577183
0.0485311
0.0314582
0.0460018
0.0623256
0.0658823
0.0526316
0.0598168
0.126974
0.13605
0.124306
0.116424
0.116422
0.392158
0.254823
0.502316
0.0788716
0.515634
0.0973094
0.0885978
0.100724
0.390529
0.625871
0.597236
0.0962236
0.0361631
0.031213
0.0349985
0.0469362
0.0353258
0.0866834
0.0746777
0.0713151
0.056499
0.0559089
0.061666
0.0303061
0.0476951
0.060942
0.0763181
0.125866
0.135801
0.255521
0.501781
0.123637
0.115306
0.115151
0.391198
0.076407
0.514181
0.625365
0.596642
0.0954742
0.0860968
0.0983848
0.389227
0.0936092
0.113031
0.165379
0.0758721
0.0178479
0.0209683
0.129737
0.122247
0.0871812
0.0938915
0.0216197
0.0272403
0.0980276
0.0741667
0.116862
0.0473626
0.0213275
0.0212672
0.101193
0.0999795
0.0841811
0.0734485
0.0680367
0.0764185
0.121591
0.121592
-0.0572028
-0.0553915
0.145696
0.143625
0.121517
0.143212
0.322131
0.322091
0.00251799
0.00281646
0.0771211
0.0804153
0.551855
0.493602
0.105126
0.118606
0.0755003
0.165575
0.0951948
0.0976986
0.0259109
0.0335228
0.0703575
0.0937772
0.115534
0.0463629
0.104002
0.0922761
0.0692367
0.0764296
0.155749
0.146983
0.143136
0.121486
0.0778749
0.0769439
0.493311
0.551474
0.0695446
0.0642623
0.0406075
0.0435751
0.111199
0.131521
0.0901877
0.11075
0.0359151
0.0333034
0.0350823
0.037049
0.0771802
0.0945496
0.083884
0.0780639
0.0480687
0.0460101
0.0624229
0.0633592
0.104863
0.110611
0.653654
0.645318
0.167508
0.167477
0.646384
0.646255
0.650029
0.656087
0.575125
0.574985
0.0688704
0.0632417
0.0435461
0.0472177
0.131456
0.115788
0.0899198
0.109989
0.0930335
0.0764964
0.095015
0.0775462
0.10937
0.103325
0.644886
0.653267
0.0429374
0.105204
0.101404
0.0782668
0.0487879
0.100661
0.107286
0.111451
0.125795
0.129102
0.141258
0.122469
0.076355
0.0640544
0.129113
0.125866
0.0446296
0.0791104
0.114556
0.116082
0.0782743
0.130718
0.142133
0.0640921
0.124955
0.122304
0.14899
0.12817
0.0484358
0.118803
0.11735
0.100879
0.00793878
0.0114852
0.0207705
0.0225432
0.00798413
0.0229171
0.0248654
0.0125519
0.0268661
0.0302811
0.0323315
0.0318531
0.0272288
0.0314213
0.026353
0.0271102
0.0648896
0.108293
0.137477
0.0982254
0.197166
0.269493
0.15197
0.12893
0.19679
0.128986
0.151936
0.269431
0.0649247
0.0981613
0.137439
0.108094
0.0838802
0.135361
0.179469
0.127374
0.0514744
-0.0177097
0.0943367
0.0439791
0.0517612
0.0435336
0.0938909
-0.0177589
0.0831083
0.117287
0.179085
0.134488
0.0439196
0.0382501
0.0868304
0.0937461
0.0319515
0.0747746
0.0796143
0.0311465
0.0949307
0.106411
0.098056
0.0910756
0.119376
0.11495
0.106458
0.113404
0.0479722
0.0936034
0.0862567
0.0432751
0.118246
0.111994
0.105555
0.114467
0.0926354
0.0894547
0.0967026
0.104116
0.0303649
0.0390664
0.079023
0.0739507
0.0300459
0.030739
0.0395388
0.0389486
0.0306009
0.0399556
0.0413853
0.0328433
0.0518517
0.0524197
0.0437981
0.0436086
0.0499486
0.04215
0.0416733
0.0505313
0.383893
0.399995
0.662657
0.52667
0.382408
0.633398
0.655971
0.398557
0.381751
0.396618
0.662062
0.633503
0.38309
0.526685
0.662492
0.400125
0.0560469
0.0682892
0.0917823
0.0694869
0.0532499
0.109677
0.0792528
0.057999
0.0480874
0.0583362
0.0747011
0.0753189
0.0872661
0.0833035
0.111077
0.0733372
0.0726731
0.0776368
0.110828
0.0862971
0.0851004
0.0710311
0.0914145
0.0812483
0.0457697
0.0706314
0.0740411
0.0565802
0.0438007
0.0776983
0.0914048
0.108373
0.0632729
0.0588654
0.066949
0.0452639
0.0637549
0.050291
0.0674683
0.0601149
0.0118744
0.0118634
0.074808
0.0378903
0.0138584
0.0397394
0.0752964
0.0122607
0.384801
0.498107
0.556276
0.599227
0.162249
0.163057
0.495849
0.440778
0.163009
0.438724
0.495768
0.16323
0.382957
0.599138
0.556131
0.49643
0.0305562
0.0269528
0.11391
0.123838
0.0316851
0.124457
0.112828
0.0256305
0.0318407
0.0289286
0.0276555
0.0499786
0.0317242
0.0515246
0.0281938
0.0288201
0.00288296
0.005292
0.00250683
-0.0191704
0.00256986
0.00656732
0.00105136
0.0168582
0.0264718
0.0118128
-0.000722458
0.0061157
0.00527379
0.00287544
0.00248094
0.00213268
-0.0230368
0.00453809
0.0168206
0.00316399
0.0251983
0.00115505
0.0108163
0.00348036
0.00222508
0.00187265
0.0308632
0.0310287
0.000838652
0.000233197
0.0194439
0.0553645
0.103402
0.113882
0.0998403
0.239475
0.0539209
0.0765141
0.0611461
0.214136
0.00383372
0.031421
0.00466524
0.033225
0.010134
0.0570837
0.00935341
0.0301253
0.102178
0.238048
0.112782
0.0984521
0.0515755
0.212524
0.0743619
0.0589235
0.0482633
0.0563201
0.0792163
0.126827
0.00734752
0.00734744
0.0105564
0.152438
0.0162525
0.0207001
0.108482
0.0278008
0.0689957
0.0500612
0.0742248
0.0630832
0.00276997
0.00270686
0.00811306
0.00346623
0.0231103
0.0222997
0.0754113
0.035002
0.0627404
0.0627479
0.0892699
0.141239
0.0862399
0.0920808
0.115307
0.109796
6.27638e-05
0.000327569
0.0835674
0.0261766
0.0264441
0.0332703
0.0463551
0.260592
0.0486315
0.0564872
0.0794336
0.126042
0.0188369
0.02367
0.114341
0.028496
0.070973
0.0468842
0.0691385
0.0605641
0.0357228
0.0302733
0.0954849
0.0393836
0.0853311
0.0919302
0.114654
0.109648
0.0238698
0.0306977
0.043956
0.25666
-0.000932751
-0.00181164
0.0228593
0.0431974
0.103033
0.114168
0.104065
0.102377
0.0318783
0.0342784
0.0312721
0.0358092
0.0732782
0.0864564
0.0802384
0.0776026
0.0544177
0.0557676
0.0528549
0.0566287
0.0874321
0.0822512
0.101149
0.240774
0.399393
0.399289
0.333031
0.457288
0.613767
0.613845
0.613188
0.599588
0.00610068
0.00642464
0.0320283
0.0444671
0.10283
0.113741
0.103817
0.102005
0.0732911
0.0853099
0.0786655
0.0759014
0.0857872
0.0805142
0.0994959
0.239497
0.107402
0.107191
0.12591
0.112561
0.119902
0.117307
0.136532
0.125034
0.0254387
0.0230478
0.0280014
0.0290706
0.147396
0.148313
0.148288
0.152049
0.18818
0.184877
0.197579
0.188079
0.0882403
0.0915329
0.0879162
0.0995493
0.0876104
0.0904308
0.0866578
0.0982136
0.0435792
0.0422279
0.0414722
0.0450448
0.655713
0.65232
0.646681
0.658933
0.085771
0.0906889
0.0914469
0.0878004
0.097687
0.109131
0.109834
0.107491
0.0712801
0.0707011
0.0704642
0.0675188
0.522445
0.535337
0.535284
0.546047
0.0512619
0.0823414
0.0359208
0.0508809
-0.00929888
0.0136391
0.0339448
0.0683401
0.00734652
0.00734661
0.0103802
0.127425
0.0108698
0.0143713
0.0833942
0.0182679
0.0535773
0.110131
0.101367
0.119554
0.00273744
0.00284221
0.00865011
0.00470777
0.0210329
0.0262333
0.0254961
0.0281176
-0.0147848
-0.00897671
0.0464454
0.0231975
0.0366824
0.0487191
0.0639346
0.102039
0.0551968
0.07395
0.0974153
0.081866
0.0325326
0.0447152
0.0774785
0.0441021
-0.000466726
-0.000206676
0.0842842
0.0182072
0.0128657
0.0196524
0.034346
0.246048
0.00733755
0.00734537
0.0109068
0.126529
-0.00933164
0.0135949
0.0354427
0.0672818
0.0115487
0.0148407
0.0910238
0.0183199
0.00241342
0.0026421
0.0084022
0.00293644
0.0494097
0.107199
0.0996981
0.121703
0.0175886
0.0249425
0.0198302
0.0243464
0.036753
0.048788
0.0639444
0.101998
-0.0125518
-0.0335202
0.0467504
0.0229152
0.0555405
0.073214
0.0972801
0.0816584
0.000870266
0.000592751
0.0842044
0.0188456
0.0321038
0.0420821
0.073949
0.0430382
0.0102697
0.0170618
0.0320458
0.241758
0.00288177
0.021791
0.0900976
0.0372812
0.00102268
0.000172007
0.0270859
0.0344804
0.0617154
0.0916253
0.0782979
0.0762963
0.0330401
0.0333786
0.0298301
0.0351383
0.0152221
0.0210687
0.0599017
0.0472446
-0.000728458
-0.00187831
0.0205607
0.0460791
0.0464073
0.0678868
0.0618425
0.0609935
0.0565328
0.0556901
0.0548956
0.0580097
0.094604
0.0954449
0.117419
0.119201
0.122517
0.120291
0.122122
0.118695
0.0961607
0.0922345
0.107052
0.242609
0.349603
0.393868
0.317796
0.449919
0.0466541
0.039661
0.0648453
0.290041
0.0985142
0.0905655
0.0954212
0.0910079
0.0683833
0.0756057
0.089616
0.227661
0.537253
0.624567
0.620167
0.60598
0.00324759
0.025235
0.0947875
0.0375492
0.0355664
0.035255
0.0332629
0.0377347
0.00533346
0.00557145
0.0327762
0.0353771
0.061838
0.0916845
0.0783189
0.0761518
0.0223791
0.0283601
0.0718396
0.0497064
0.0583787
0.0575616
0.0580715
0.0600175
0.00848848
0.00732073
0.0314101
0.0477729
0.0451448
0.0667254
0.0603583
0.0592767
0.0935267
0.0943273
0.116755
0.118846
0.34917
0.393916
0.317541
0.449413
0.121431
0.119588
0.12153
0.117684
0.0946258
0.0905863
0.105674
0.24323
0.0442248
0.037005
0.0623464
0.286387
0.534944
0.624542
0.619649
0.605424
0.0951856
0.08883
0.0935112
0.088826
0.0663118
0.0736509
0.0877176
0.22627
0.090758
0.104905
0.0968925
0.10399
0.163722
0.185499
0.172556
0.178752
0.0187111
0.0220749
0.0176534
0.0207235
0.10535
0.143502
0.124051
0.121345
0.0916023
0.0964327
0.0874542
0.0925494
0.0255724
0.0243274
0.0232861
0.026096
0.0729963
0.0715849
0.0973873
0.0733289
0.0589921
0.0553711
0.0864312
0.0521397
0.0176654
0.0222553
0.0208866
0.0208569
0.0618908
0.114835
0.0998925
0.099286
0.0775424
0.0877564
0.0835578
0.0825915
0.0738117
0.072251
0.0705337
0.0747297
0.11459
0.134775
0.124344
0.124332
0.141319
0.120637
-0.0311866
0.0041729
0.160265
0.143068
0.156023
0.148602
0.129676
0.139098
0.12834
0.139034
0.242203
0.402162
0.322086
0.322107
0.0325317
0.0114581
0.00166333
0.00181268
0.0794936
0.0762128
0.0774849
0.0796495
0.519346
0.533925
0.541901
0.51828
0.0977305
0.117659
0.108351
0.110757
0.163208
0.185196
0.178335
0.17206
0.0982204
0.106492
0.0958061
0.100469
0.030882
0.0295254
0.0281128
0.0319169
0.0691216
0.0681944
0.0689927
0.0944056
0.0571564
0.0542341
0.080026
0.0508956
0.0920164
0.10626
0.103479
0.0962012
0.0750295
0.0726957
0.0715271
0.0751252
0.168489
0.153222
0.159938
0.16849
0.129599
0.139089
0.138971
0.128304
0.0767156
0.07333
0.0763645
0.0744863
0.518487
0.533603
0.517901
0.54149
0.0512467
0.0778294
0.0681842
0.0654923
0.0451372
0.0444128
0.0428085
0.0432632
0.113449
0.126782
0.116474
0.126845
0.0987587
0.0951443
0.0956279
0.106778
0.0273449
0.0330264
0.0355142
0.0330047
0.0338782
0.0380448
0.0347683
0.0365327
0.0826173
0.0850008
0.0812861
0.0930837
0.078706
0.0900284
0.085891
0.0835578
0.0486612
0.0444676
0.0473386
0.0455767
0.0601412
0.0638713
0.0621187
0.0627155
0.112053
0.104807
0.106477
0.109275
0.561556
0.668008
0.651917
0.647461
0.225947
0.157187
0.170641
0.1706
0.578233
0.649639
0.641081
0.641038
0.624579
0.640858
0.643868
0.646936
0.583843
0.565949
0.575071
0.575017
0.0508138
0.0773123
0.0674263
0.0645495
0.0478442
0.0464055
0.0456827
0.0450597
0.113546
0.138914
0.126841
0.117203
0.0982337
0.0943785
0.0952149
0.106013
0.0811265
0.0836538
0.0916176
0.0806335
0.0852869
0.103137
0.0967346
0.0861006
0.110152
0.103093
0.107899
0.105027
0.559018
0.677183
0.647046
0.65153
0.0655222
0.0848188
0.0820609
0.083877
0.100271
0.0978401
0.0961637
0.10696
0.13758
0.130691
0.142642
0.134802
0.0916363
0.119604
0.107045
0.13798
0.0749108
0.0936336
0.0879722
0.0928329
0.0917054
0.120002
0.115598
0.150766
0.137053
0.130139
0.142297
0.134429
0.105108
0.0984549
0.102071
0.112431
0.0168838
0.0187014
0.0180548
0.0199445
0.0195741
0.0218518
0.0212292
0.023714
0.0379797
0.0291633
0.0351243
0.0363241
0.0353282
0.0256485
0.0283907
0.0336016
0.0917688
0.0964157
0.109991
0.113907
0.147889
0.197096
0.147518
0.162252
0.147564
0.194431
0.147427
0.164611
0.091761
0.0963462
0.110149
0.113875
-0.111378
0.101005
0.12914
0.127266
0.0639296
0.090455
0.0441248
-0.0583337
0.090826
0.0635758
-0.0594782
0.0394383
0.088724
-0.114762
0.117921
0.1285
0.0564758
0.0735985
0.0708962
0.0847022
0.0479913
0.0627992
0.0637828
0.0722517
0.0991968
0.105807
0.0978663
0.102974
0.114594
0.117313
0.111357
0.111933
0.0562894
0.073225
0.0703302
0.0845822
0.113437
0.115896
0.110462
0.110727
0.0974383
0.103388
0.0963166
0.101364
0.0471902
0.0615351
0.0626569
0.0714924
0.0363383
0.0340037
0.0384066
0.0353981
0.0371354
0.0392456
0.0375744
0.0414095
0.0537463
0.0515498
0.0488072
0.0494211
0.0479623
0.0503664
0.0458385
0.046446
0.536182
0.562195
0.646777
0.644847
0.553656
0.63151
0.642444
0.6562
0.631022
0.551846
0.665184
0.64199
0.56182
0.534764
0.644662
0.646312
0.0663292
0.0644254
0.0766283
0.0802191
0.0890767
0.0622529
0.095123
0.0803812
0.0764949
0.0716681
0.0750378
0.0764876
0.0866447
0.0859889
0.0820757
0.0813785
0.0804004
0.0748675
0.0960939
0.0921288
0.084007
0.0833653
0.0796941
0.0793106
0.072873
0.0694441
0.0721563
0.0731058
0.0849025
0.0567288
0.0909796
0.0821175
0.0638495
0.0612554
0.0655388
0.0627299
0.0655714
0.0630145
0.0669547
0.0640075
0.0188466
0.0225235
0.0217668
0.0247567
0.0200057
0.0242026
0.0222226
0.0242149
0.558442
0.585868
0.56177
0.573522
0.242336
0.322267
0.322217
0.402318
0.24211
0.321934
0.322074
0.402074
0.557673
0.585531
0.561376
0.573234
0.108475
0.0651344
0.120164
0.102493
0.0636888
0.108248
0.100673
0.118633
0.0350064
0.0392025
0.00337107
0.0418645
0.0399088
0.0352887
0.0426257
0.00382035
0.0252994
0.0578085
0.00572336
0.0956205
0.0410366
0.00767391
0.0527566
0.027927
-0.0221784
0.000339945
0.03463
0.0150581
0.0507994
0.0299085
0.0487084
-0.0365762
0.0627116
0.0573393
0.0460414
0.0328987
0.0822768
0.0190694
0.0287531
0.159116
0.00574003
0.0943419
0.0271908
0.0560828
0.0427859
0.00770742
0.00802676
0.00539479
0.0393382
0.0292463
0.0265454
0.0123496
0.0486631
-0.040567
0.0515023
0.0301704
0.0625199
0.0572985
0.0839042
0.0199597
0.0437772
0.0331148
0.0263518
0.160754
0.0328996
0.0296076
0.0289081
0.0301859
0.0478299
0.0454435
0.0282414
0.0334473
0.0601126
0.0682175
0.020073
0.0510131
0.0319602
0.0309107
0.0519221
0.0580007
0.116696
0.15487
0.124214
0.120816
0.110401
0.242738
0.248007
0.352099
0.0705219
0.216484
0.0920264
0.087153
0.0832025
0.220912
0.378331
0.379624
0.0338597
0.0294132
0.0282308
0.0338979
0.0329734
0.0308316
0.0486732
0.0485443
0.0749697
0.0684347
0.0539299
0.0591304
0.0309257
0.0516073
0.0304581
0.0289619
0.11611
0.155021
0.247431
0.349925
0.123268
0.119785
0.109162
0.244343
0.0682253
0.214443
0.377625
0.378186
0.0900302
0.0849128
0.0812138
0.219384
0.0664825
0.115897
0.0402822
0.0233944
0.0838387
0.0882925
0.142273
0.148204
0.0101317
0.14626
0.0107058
0.145554
0.0113702
0.0124185
0.128939
0.124551
0.101145
0.0228589
0.108322
0.0322985
0.104406
0.111842
0.0248901
0.029324
0.118767
0.132712
0.076013
0.0536923
0.103004
0.0744931
0.0900482
0.0562823
0.00839504
0.00461673
0.00826911
0.00311993
0.0117421
0.0119445
0.0261215
0.0254603
0.060498
0.0337683
0.0764195
0.0326173
0.0671
0.0648903
0.0439933
0.0409896
0.0838315
0.128537
0.08376
0.128304
0.100795
0.100786
-0.0259756
0.056419
0.111251
0.0989124
0.118972
0.11614
0.128453
0.127393
0.11487
0.1246
0.0830811
0.0179127
0.0839462
0.0182337
0.163198
0.163259
0.0284368
0.0283826
0.040489
0.25339
0.0547333
0.272867
0.0626902
0.0704044
0.488603
0.465848
0.0675132
0.114913
0.0398911
0.0222563
0.0834262
0.0890672
0.147576
0.141564
0.111452
0.0233339
0.119434
0.0327241
0.118089
0.124195
0.0253773
0.0298455
0.119072
0.134251
0.0715352
0.0518295
0.0693849
0.102946
0.0887561
0.054406
0.0849115
0.0409111
0.0948943
0.036072
0.0862407
0.0865066
0.0494247
0.0446844
0.11104
0.098735
0.118448
0.115948
0.134004
0.127985
0.124654
0.114711
0.038276
0.249333
0.0525375
0.268582
0.0681893
0.0609556
0.464118
0.48641
0.0249243
0.0387607
0.0208868
0.0422864
0.0367109
0.0345263
0.0409004
0.0419723
0.0976529
0.095493
0.120273
0.117109
0.105902
0.115631
0.099332
0.110468
0.0291894
0.035226
0.0322911
0.0368585
0.0298348
0.0267971
0.030419
0.0323416
0.0736637
0.0708288
0.0893774
0.085375
0.0776985
0.0900803
0.0689238
0.0824196
0.052792
0.0568968
0.0545952
0.0583356
0.0516085
0.0499972
0.0583939
0.0593485
0.103675
0.24163
0.0959758
0.235153
0.108498
0.111847
0.402712
0.401465
0.334594
0.463555
0.334468
0.46342
0.269951
0.269913
0.522649
0.522718
0.627523
0.610617
0.627489
0.610543
0.626367
0.62645
0.595461
0.595458
0.0324251
0.0399217
0.0318675
0.0439113
0.0386617
0.0444168
0.0422705
0.0414773
0.0977147
0.0954307
0.119996
0.116656
0.115342
0.105974
0.0990221
0.109884
0.0725628
0.0696681
0.0876248
0.0835171
0.0886934
0.0773007
0.0679972
0.0809944
0.102036
0.241372
0.0942024
0.233212
0.110392
0.107095
0.39999
0.402158
0.104442
0.115114
0.101285
0.105856
0.137395
0.130603
0.110654
0.132942
0.117346
0.127497
0.11445
0.118923
0.143529
0.150079
0.143471
0.120594
0.0203524
0.0243616
0.0222291
0.0250177
0.0268142
0.0305459
0.0317514
0.0258882
0.139728
0.139698
0.143612
0.149529
0.149509
0.143575
0.153207
0.153179
0.18591
0.193493
0.177618
0.177424
0.0997116
0.0997077
0.193278
0.185572
0.0848778
0.0813618
0.0919241
0.103141
0.084464
0.0958405
0.0999049
0.10431
0.0843442
0.0807173
0.0915736
0.102189
0.0944596
0.083777
0.103136
0.0986421
0.0417669
0.0406898
0.0391739
0.0407888
0.0431244
0.0412486
0.0435534
0.042832
0.665092
0.658778
0.655358
0.655286
0.649842
0.652913
0.665045
0.670495
0.0808359
0.0732315
0.0907276
0.0888059
0.074242
0.092616
0.0934303
0.0939662
0.0697432
0.090382
0.109584
0.0988319
0.115876
0.0727991
0.112228
0.113785
0.0739976
0.0747407
0.0692118
0.0733901
0.0695251
0.0731969
0.0664096
0.0665892
0.502972
0.502945
0.546127
0.52251
0.522389
0.545981
0.556216
0.556162
0.082227
0.0408732
0.112267
0.111726
0.0263909
0.0266599
0.0812594
0.040225
0.0457902
0.0573613
0.0879731
0.0987655
0.0118264
0.011626
-0.0561948
0.124423
0.0583049
0.0974109
0.0154615
0.0202091
0.0751933
0.109005
0.0720823
0.129046
0.0134659
0.0125679
0.0290826
0.0277842
0.0479768
0.0606055
0.0203857
0.0293538
0.0744442
0.0663658
0.0485815
-0.0743937
0.0725476
0.0859024
0.0737872
0.0355007
0.100322
0.123216
0.0775402
0.100267
0.067397
0.0761342
0.0383988
0.0467667
0.162477
0.162954
0.0307056
0.0292581
0.0502582
0.0551184
0.242273
0.385885
0.0128264
0.012699
-0.0650435
0.110985
0.0472696
0.0586734
0.0872411
0.0979498
0.0740178
0.111495
0.0155234
0.0204551
0.0120821
0.0119865
0.0288632
0.0258008
0.0662427
0.107862
0.0731248
0.129189
0.0438968
0.0690611
0.0176847
0.0297089
0.0724937
0.0859088
0.0737085
0.0355166
0.0745346
0.06714
0.0480644
-0.0603506
0.100632
0.123751
0.0774837
0.100092
0.163046
0.1632
0.0308664
0.0294207
0.0651538
0.0718891
0.0378307
0.0455509
0.0481171
0.0532297
0.241926
0.385626
0.0511628
0.111151
0.0272713
0.0335296
0.0424329
0.0397552
0.0323366
0.0367491
0.0719001
0.0955106
0.0590796
0.0881292
0.0288102
0.027424
0.0319261
0.0309469
0.0535547
0.0633005
0.0521163
0.0468836
0.0317946
0.0313097
0.0479752
0.0440757
0.0471924
0.0700284
0.0627082
0.0695875
0.0522476
0.0510414
0.0638538
0.0593399
0.125587
0.127978
0.14709
0.133192
0.125796
0.123369
0.119851
0.115778
0.117859
0.114885
0.388196
0.396134
0.241961
0.267715
0.464829
0.5204
0.084933
0.0761177
0.465305
0.507196
0.102349
0.0942379
0.0947395
0.0859555
0.097839
0.103574
0.386473
0.394629
0.545606
0.6373
0.574852
0.60007
0.0504865
0.114507
0.0272255
0.0338556
0.03172
0.0307395
0.0350096
0.0332263
0.0474181
0.0463613
0.0330042
0.0376411
0.0723011
0.0959524
0.0591317
0.088135
0.0666009
0.0816245
0.0531456
0.0556709
0.0548063
0.0532571
0.0650765
0.0608881
0.0302678
0.0306823
0.0497735
0.0456207
0.046125
0.0691009
0.0751309
0.0805105
0.124926
0.126959
0.146799
0.133187
0.243447
0.26751
0.463781
0.520337
0.125109
0.122893
0.118632
0.114996
0.116709
0.113564
0.387167
0.396175
0.07954
0.0737251
0.46235
0.505625
0.543418
0.637461
0.573552
0.599862
0.0994197
0.0925802
0.0919828
0.0837393
0.095897
0.101245
0.385477
0.393001
0.0984125
0.0854822
0.0853871
0.124809
0.153485
0.176298
0.0841366
0.0616967
0.0165261
0.019306
0.0229194
0.0191517
0.14608
0.116336
0.0975916
0.145652
0.0903958
0.0904613
0.102409
0.087326
0.0211929
0.0221466
0.0282369
0.026806
0.106193
0.09227
0.0741323
0.0747437
0.115554
0.12035
0.0494507
0.0297239
0.0182563
0.0235041
0.0232315
0.0183482
0.0640771
0.117664
0.116513
0.0627533
0.0777257
0.0892703
0.0777301
0.0691357
0.0674913
0.0688331
0.0773403
0.0758553
0.131205
0.11003
0.110043
0.13121
-0.0446297
0.0895565
0.0893141
-0.044714
0.150189
0.144088
0.135622
0.153178
0.116493
0.127006
0.148496
0.139071
0.242193
0.402198
0.402118
0.242156
0.0338609
0.0150863
0.0155053
0.0339842
0.0757361
0.0758165
0.0783757
0.0831713
0.539922
0.554754
0.49507
0.474694
0.0936251
0.111734
0.138206
0.0850693
0.0612423
0.0838159
0.175934
0.152909
0.102437
0.1018
0.0929681
0.110651
0.0263515
0.0253802
0.032921
0.0344599
0.0708142
0.0715577
0.0867042
0.103172
0.120002
0.11393
0.0289205
0.048174
0.1082
0.0946507
0.0824368
0.0936073
0.0702828
0.0683511
0.0756187
0.0773842
0.165482
0.147996
0.146989
0.150014
0.13892
0.147552
0.126995
0.116418
0.0805049
0.076419
0.0756967
0.0731838
0.474529
0.494855
0.554449
0.539117
0.0538475
0.0812547
0.0744951
0.0488076
0.0399056
0.0407378
0.0437146
0.0419431
0.107262
0.107836
0.135011
0.127219
0.0883685
0.0919306
0.112895
0.108606
0.0282713
0.0341152
0.0276919
0.0250313
0.0329105
0.0373107
0.0392173
0.0349461
0.0760703
0.0784933
0.0962855
0.0928416
0.0852866
0.0718353
0.0811826
0.0853136
0.0502442
0.0459488
0.0438415
0.0482707
0.0604723
0.0646884
0.0654196
0.0615873
0.108836
0.101597
0.10706
0.114528
0.548767
0.667656
0.662161
0.55925
0.232128
0.154603
0.15456
0.219707
0.665076
0.588597
0.588553
0.66504
0.63916
0.652968
0.659171
0.63934
0.566022
0.587612
0.587491
0.565879
0.0810284
0.0535648
0.0482358
0.0738987
0.043547
0.0419909
0.0444118
0.0472071
0.126972
0.137477
0.118698
0.107498
0.091749
0.0880812
0.10769
0.112159
0.0911576
0.094803
0.0777838
0.0752236
0.0825055
0.103178
0.0879224
0.0789672
0.112993
0.10605
0.10005
0.106732
0.557974
0.671209
0.667498
0.547111
0.0247636
0.0550165
0.0619612
0.0272874
0.100589
0.0884799
0.0897586
0.093397
0.104239
0.101608
0.086469
0.0919521
0.0737698
0.0421947
0.0708296
0.0880778
0.0319902
0.0626351
0.0866754
0.0343979
0.103328
0.11165
0.102151
0.0920007
0.108934
0.0996484
0.104669
0.125214
0.108567
0.108232
0.0909163
0.0854676
0.115776
0.117135
0.131917
0.123236
0.117228
0.148393
0.144601
0.117935
0.129467
0.129958
0.139461
0.144525
0.114144
0.121169
0.129879
0.121905
0.0431229
0.0495002
0.097053
0.0817562
0.0777371
0.0928799
0.0883108
0.0433679
0.120195
0.138813
0.128631
0.106968
0.11527
0.106852
0.133512
0.155833
0.0265881
0.0290299
0.0765445
0.0709315
0.0749412
0.0957362
0.079259
0.0435476
0.117161
0.104503
0.0961911
0.114637
0.1147
0.107567
0.10267
0.0994916
0.0424896
0.0818121
0.0972589
0.0498729
0.114928
0.167996
0.138202
0.106738
0.133146
0.117644
0.141099
0.151699
0.0784396
0.0433337
0.0883339
0.0991202
0.114809
0.122386
0.1308
0.116325
0.113807
0.121612
0.129399
0.120627
0.142169
0.16229
0.139157
0.141
0.116835
0.117388
0.144203
0.157651
0.0337099
0.0347234
0.0871941
0.0629849
0.122417
0.0953979
0.0956809
0.113251
0.121781
0.12854
0.114388
0.11142
0.103281
0.0922957
0.102572
0.111746
0.00522387
0.0102937
0.0170905
0.0154975
0.010059
0.0163738
0.0166934
0.0102332
0.0217003
0.0227585
0.0196204
0.0190009
0.0253291
0.0205569
0.0204018
0.0238611
0.00523507
0.015526
0.0197114
0.010764
0.0259172
0.02862
0.0241289
0.0208317
0.0261831
0.0225418
0.0233082
0.0274562
0.0106311
0.0107937
0.0193535
0.0189618
0.0314428
0.0335113
0.030063
0.0272236
0.0318241
0.0278458
0.0287093
0.03277
0.0298769
0.031225
0.0346141
0.0336252
0.0306128
0.0349209
0.0362112
0.0326344
0.0314564
0.0271319
0.0269007
0.0305346
0.0300445
0.0268993
0.0295911
0.0346135
0.0244663
0.027314
0.0280534
0.0255645
0.0288704
0.0295092
0.0253394
0.0247239
0.041859
0.070203
0.0852845
0.0558337
0.105358
0.123102
0.10734
0.0918245
0.145841
0.133047
0.120265
0.133619
0.0867893
0.0718773
0.0980494
0.112999
0.195055
0.298273
0.174362
0.121923
0.334478
0.230404
0.225771
0.330702
0.150807
0.143295
0.152064
0.155911
0.112564
0.118124
0.143219
0.134632
0.196979
0.121339
0.173836
0.297842
0.112339
0.134538
0.143018
0.117893
0.150784
0.155876
0.152441
0.143226
0.334437
0.330482
0.216043
0.21296
0.0404532
0.0558297
0.0855329
0.069969
0.0867825
0.112968
0.0980629
0.0718446
0.145824
0.133614
0.120313
0.133034
0.105452
0.0914509
0.107272
0.123025
0.0726461
0.0616242
-0.116552
0.114472
0.123061
0.160275
-0.0070545
0.0753203
0.184258
0.14479
0.142065
0.182695
0.149396
0.139444
0.114316
0.110852
0.0334683
0.0820093
0.0689403
0.0264755
0.137163
-0.0541793
-0.0541382
0.115268
0.195601
0.189078
0.0404647
-0.0354612
0.127374
0.0211847
0.0593852
0.166389
0.0335829
0.0263553
0.0688062
0.0822036
0.126675
0.165978
0.059808
0.0209342
0.195515
-0.0341943
0.0404405
0.188807
0.137113
0.114208
-0.0530159
0.0200856
0.0710945
0.113208
-0.123392
0.0604663
0.14901
0.101272
0.0935972
0.138673
0.18409
0.182369
0.141589
0.144577
0.122064
0.0747893
-0.00700215
0.159695
0.0298314
0.0280328
0.0577802
0.0604115
0.0239491
0.0525444
0.0551495
0.0259655
0.0900723
0.0937759
0.0829785
0.0795299
0.101184
0.0898441
0.0864224
0.0974802
0.0198114
0.0467987
0.0475849
0.0203224
0.0754964
0.0797114
0.0711386
0.0689188
0.0863888
0.0761151
0.0733731
0.0828754
0.021812
0.0208186
0.0483987
0.0499944
0.0798634
0.0864247
0.104238
0.100429
0.0983564
0.110102
0.107322
0.0927946
0.0976171
0.0944616
0.0997475
0.10318
0.0882694
0.0924329
0.09605
0.0917028
0.112093
0.121175
0.118533
0.10884
0.112315
0.108623
0.113566
0.118016
0.101322
0.105763
0.109159
0.104959
0.101857
0.10531
0.115869
0.113398
0.0331619
0.0604609
0.0576709
0.0328532
0.100926
0.0971185
0.0863588
0.0899087
0.0895005
0.0790802
0.0828012
0.0934692
0.0321982
0.0326385
0.0549499
0.0521918
0.110944
0.107509
0.117229
0.12003
0.10026
0.111593
0.114418
0.103808
0.100103
0.104098
0.108198
0.104408
0.111821
0.117291
0.112729
0.107948
0.0778223
0.0972988
0.101777
0.0844702
0.0871632
0.0901555
0.0944449
0.0907041
0.0962387
0.101656
0.0981841
0.0930734
0.0965243
0.090974
0.104971
0.108533
0.030559
0.0311684
0.0466714
0.0456608
0.0319353
0.0494594
0.0477092
0.031638
0.0855317
0.0822672
0.0726959
0.0755529
0.0755143
0.0679123
0.0702966
0.0789313
0.0332187
0.0352491
0.034132
0.032333
0.0349038
0.0325936
0.0331725
0.0354924
0.0413766
0.0421593
0.0376521
0.0369713
0.0408937
0.036619
0.0385383
0.0429376
0.033737
0.0331043
0.0371286
0.0376938
0.0421947
0.0456964
0.0413978
0.0376469
0.0429168
0.0386609
0.0397828
0.0441983
0.0363666
0.0372935
0.0354002
0.0344372
0.0535185
0.0563221
0.0531779
0.0496871
0.0537434
0.0494735
0.0510327
0.0554638
0.0421771
0.043402
0.0466095
0.0452315
0.0420323
0.0458421
0.0494065
0.0450669
0.0531844
0.0480044
0.050105
0.0543902
0.0419975
0.0435195
0.0458372
0.0441825
0.0402353
0.0434125
0.0441944
0.0439312
0.0522074
0.0533658
0.0487437
0.047787
0.241694
0.243139
0.510456
0.400953
0.241224
0.554891
0.542582
0.242141
0.658762
0.657758
0.667876
0.665324
0.461032
0.455202
0.585971
0.584467
0.217525
0.541684
0.549626
0.224295
0.620573
0.632101
0.643104
0.631409
0.652745
0.664996
0.659301
0.646947
0.238106
0.231408
0.55782
0.560636
0.215948
0.222827
0.547589
0.539314
0.236348
0.558757
0.556206
0.229741
0.655864
0.650018
0.668328
0.674221
0.620663
0.63146
0.643377
0.632372
0.243945
0.40058
0.509103
0.244207
0.461141
0.584407
0.585787
0.455171
0.661269
0.669274
0.667878
0.657779
0.240461
0.242262
0.541199
0.552987
0.0191848
0.05395
0.0608565
0.0468267
0.0759693
0.077595
0.0709304
0.068429
0.0921748
0.0899557
0.0809449
0.0885956
0.0705941
0.0663711
0.06811
0.074042
0.0363642
0.0770848
0.0684593
0.0294392
0.102448
0.102956
0.104523
0.116254
0.0902621
0.0873295
0.0896154
0.0930826
0.0723522
0.0559407
0.0754965
0.0780762
0.0260593
0.031551
0.0695057
0.0657507
0.0435733
0.0776359
0.0737646
0.0374168
0.0966732
0.0729986
0.0753062
0.0757334
0.0751247
0.0767424
0.0755972
0.0739116
0.0736471
0.0959997
0.0908561
0.0679835
0.0843909
0.0804216
0.0835878
0.0882018
0.0930053
0.0777602
0.0802772
0.0915973
0.0497373
0.0598269
0.084892
0.0817638
0.0305944
0.0453957
0.0731899
0.0659172
0.0705561
0.0844205
0.0789844
0.0652232
0.110774
0.107254
0.100347
0.104792
0.0959163
0.0885924
0.0891152
0.0932876
0.0713765
0.0655042
0.0872776
0.0929536
0.047688
0.0786268
0.0823125
0.0575137
0.111963
0.107196
0.0782083
0.0748089
0.0831281
0.0862477
0.0812339
0.0788121
0.0236567
0.0636581
0.0678343
0.0291939
0.0703078
0.0699084
0.0720725
0.0727482
0.0958597
0.0735157
0.072843
0.070053
0.0413943
0.0351586
0.0713233
0.0750371
0.0235917
0.0250122
0.0645841
0.0697341
0.0945599
0.0874893
0.0764583
0.0713082
0.100031
0.0886318
0.0842372
0.0971146
0.103128
0.116704
0.101695
0.100882
0.064351
0.0602207
0.063679
0.0519851
0.056345
0.060085
0.0608624
0.0574514
0.0685559
0.0698707
0.0651121
0.0642677
0.0339589
0.0502273
0.0663414
0.071321
0.0649095
0.0370599
0.0651835
0.0618052
0.0378293
0.072658
0.0679215
0.0521476
0.0685279
0.0646575
0.0661855
0.070525
0.0575049
0.0591741
0.0622983
0.0608817
0.00809317
0.0083475
0.0190057
0.0180423
0.0081896
0.0179616
0.0185486
0.00834979
0.0722343
0.0741606
0.024129
0.0228804
0.0401791
0.0308659
0.0252855
0.0762104
0.00579475
0.0215889
0.0208208
0.00541928
0.0329584
0.0755807
0.0252455
0.0310576
0.0727254
0.0227445
0.0237207
0.0740578
0.00825318
0.00853436
0.0196628
0.0180081
0.215476
0.254704
0.570238
0.571078
0.264521
0.529949
0.549537
0.281286
0.546064
0.565964
0.564475
0.544609
0.605111
0.612768
0.587261
0.585701
0.0817607
0.0829889
0.242327
0.220901
0.0832518
0.242146
0.242298
0.0844833
0.522452
0.520994
0.402274
0.402149
0.257005
0.24967
0.402336
0.506595
0.0841214
0.220399
0.241985
0.0840339
0.253005
0.505723
0.401962
0.24555
0.522412
0.40214
0.402096
0.520691
0.0837568
0.0841348
0.242133
0.242179
0.213834
0.569773
0.569473
0.251821
0.60514
0.585666
0.587002
0.612626
0.54601
0.544294
0.564177
0.56591
0.260325
0.27719
0.548762
0.529122
-0.00693733
-0.00482312
0.0679931
0.0737772
0.00404148
0.0630108
0.0651434
0.00518135
0.0805008
0.0839488
0.119079
0.11625
0.0945376
0.136179
0.124605
0.0882376
0.00241823
0.0754467
0.0679573
0.00417101
0.0941068
0.0859911
0.12391
0.137012
0.0800078
0.115674
0.117352
0.0825093
0.00329308
0.00293612
0.0631845
0.062322
0.0206216
0.0194024
0.0364104
0.0394003
0.0179275
0.0331961
0.0345258
0.01854
0.038755
0.0416965
0.0161466
0.0140273
0.0561748
0.0474339
0.0436882
0.0526597
0.0196072
0.0400529
0.0368233
0.0186385
0.0583879
0.0542217
0.0446798
0.0488972
0.0390785
0.0142384
0.0167723
0.0426707
0.0177667
0.0180598
0.0347116
0.0332576
