-0.727605
0.245
-2.065
-0.715
0.325
2.09474
-0.751147
0.675
-1.975
-0.704833
0.965
2.025
0.727607
0.245
-2.065
0.715
0.325
2.09474
0.75115
0.675
-1.975
0.704833
0.965
2.025
0.108625
0.12707
0.131823
0.117802
0.108609
0.127049
0.131824
0.117797
0
0
0
0
0
0
0
0
0
0
0
0
0
0
0
0
0
0
0
0
0
0
0
0
0
0
0
0
0
0
0
0
0
0
0
0
0
0
0
0
0
0
0
0
0
0
0
0
0
0
0
0
0
0
0
0
0
0
0
0
0
0
0
0
0
0
0
0
0
0
0
0
0
0
0
0
0
0
0
0
0
0
0
0
0
0
0
0
0
0
0
0
0
0
0
0
0.0599334
0.0605945
0.0628378
0.0749051
0.07265
0.108943
0.128776
0.0456757
0.108613
0.0211832
0.0599958
0.0628526
0.0746267
0.0882522
0.0456177
0.0212205
0.00484189
0.0746489
-0.0045984
0.080332
0.00995345
0.00878769
0.395044
0.488663
0.00493112
0.0746526
0.0803408
0.00877929
0.112283
0.112284
0.0379664
0.182809
0.259539
0.0798375
0.0798437
0.00394157
0.529056
0.13368
0.13369
0.0368483
0.343574
0.159904
0.0222058
0.0302524
0.0503267
0.0488024
0.0304949
0.034706
0.0158164
0.0322816
0.0360123
0.00642728
0.0309613
0.0063481
0.0303204
0.0222112
0.0501244
0.0306164
0.0489759
0.0450986
0.0322567
0.0157319
0.0360467
0.0310912
0.00655651
0.00632068
0.00697774
-0.0023065
0.0190819
-0.00581305
0.0175503
0.00271648
0.0170627
-0.000464145
0.00489324
0.0216807
0.000824029
0.169016
0.00196438
0.0286891
0.00307199
0.230355
0.00698354
0.00112872
-0.0023907
0.0190838
0.007621
0.00817703
0.00360001
0.017072
0.00492122
0.169094
0.0216933
0.000813051
0.0019342
0.230358
0.0286877
0.00308722
0.0463154
0.0627856
0.00679035
0.083251
0.0270544
-0.0033659
0.0167899
0.0279983
0.0300117
0.100179
0.012266
-0.0268216
0.0260593
0.055706
0.0340004
0.0830063
-0.0225117
0.00575093
0.0198848
0.122362
0.0456773
0.0631219
0.0270355
0.00744231
0.0168594
0.0281467
0.020859
0.0308718
0.0340071
0.0830188
0.0198682
0.122291
0.0147321
-0.00896127
-0.00117795
-1.06332e-05
0.00795321
-0.00152004
0.00118543
-0.00830164
-0.00328913
-0.0174483
0.0251131
0.255351
-0.0050056
0.0387374
0.0120706
0.0278818
0.0147008
0.00196707
-0.00117802
-1.27158e-05
0.00118544
-0.0083607
0.025127
0.255358
0.0705751
0.0379921
0.0226392
0.0443311
0.0706392
0.0445597
0.0226483
0.0378508
0.019867
0.0277976
0.0166286
0.00502783
0.0755666
0.100424
0.10041
0.0756849
0.0372453
0.044371
0.0421794
0.0374021
0.0169075
0.0160436
0.029151
0.0236104
0.0168773
0.0236109
0.0291556
0.0160314
-0.00835029
0.00154837
0.00500856
-0.00283708
0.248627
0.262778
0.262783
0.248618
0.0211539
0.0488863
0.0370397
0.0248476
0.0252444
0.0247811
0.0370501
0.0533726
-0.0249839
0.0244249
0.0697158
0.0314847
0.201817
0.045985
0.045697
0.201694
0.114668
0.114433
0.0469729
0.0461438
0.00495196
0.0214782
0.00953467
0.00834127
0.0194166
0.0123303
-0.00275253
0.0154256
0.0225929
0.00343524
-0.0118333
0.00550366
0.021616
0.00437736
0.00929141
0.0193366
0.00825689
0.0119632
0.0155876
-0.00284854
0.0226224
-0.0115921
0.00343753
0.00551566
-0.00337464
0.00050919
0.0131157
-0.00133565
-0.0187238
-0.00159073
0.00713012
-0.000453521
0.000185364
0.00841427
0.000266598
0.0956502
0.000616149
0.0113225
0.000769935
0.0366262
-0.00352974
-0.00424947
0.000518263
0.013119
-0.0084428
-0.00270888
-0.00201304
0.00719628
0.000183173
0.0959221
0.00840553
0.000254819
0.000624882
0.0365534
0.0113257
0.00076825
0.00497321
0.0028548
0.00571137
0.0323269
-8.34165e-06
1.92149e-06
-0.00365698
0.0395511
-7.26567e-05
0.00283468
0.0243081
0.00159932
0.00782982
-0.0021659
0.010985
0.0244069
0.00269742
0.00260674
0.0163862
0.0449267
0.0321506
-0.00241493
-0.00138914
-0.00598292
0.0045516
0.00452558
0.00828036
0.0342579
0.000922434
0.000520756
0.00791217
0.0601679
0.00661912
0.00659155
-0.0177849
0.0599874
0.00232181
0.000379442
0.0142752
0.103382
0.00477829
0.00304863
0.00615178
0.0320637
3.33113e-05
0.00283431
0.0247529
-0.00380867
0.00789036
-0.0020426
0.0108761
0.0245535
0.0164315
-0.00364924
0.010122
-0.0249283
0.000946713
0.00051482
0.00791922
0.0603737
0.00229358
0.000346202
0.0142343
0.102333
-0.00235755
-0.00411674
0.00863882
-0.00190654
0.0055699
0.00413912
0.000138261
2.96995e-05
0.003961
-7.8166e-05
-0.0084957
-9.43074e-07
0.00607987
0.00438922
0.000329385
0.000326098
0.00265341
-0.00473796
-0.00176569
-0.00753288
0.000552417
0.000764514
-0.00880758
0.0216361
0.0125646
0.0123114
0.00354739
0.00354685
0.00999562
0.00976613
0.00349554
0.00437759
-0.00239962
-0.00455552
0.00861449
-0.00404732
0.00557305
0.00413202
0.00013027
2.95008e-05
0.0060912
0.00434504
0.00032951
0.000353973
0.00058531
0.000788562
-0.00932043
0.0216413
0.0021822
0.00226924
-0.000415752
0.00657327
0.00248865
0.00227699
-0.000412173
0.00657464
0.00203585
1.54388e-05
-0.00539223
-1.49228e-05
0.0127263
-0.00717951
0.00344533
-0.0148154
0.00579093
7.84987e-05
0.00907306
0.0057925
0.00619298
9.64982e-05
0.000276496
0.00434192
0.00618989
0.000109915
0.000276508
0.00433641
0.00410562
-0.0015178
-0.0015185
-0.00383148
0.00606417
0.0069843
0.00301793
0.00616474
0.00811242
0.00330489
-0.00538023
0.00798774
0.00806585
0.00259524
-0.00547731
0.00801241
-0.00669253
0.00302777
-0.0222064
-0.0112063
0.00441382
0.0083927
0.00826046
0.00555351
0.00490001
0.0179349
-0.00329833
0.00461046
0.00666575
0.00564121
-0.00561428
0.0475854
0.0247539
0.00120841
0.0102637
0.030674
0.00499687
0.0305147
0.00932864
-0.0123809
0.0150079
0.0518406
0.0114104
-0.00541566
0.00627223
0.0408103
0.0122001
0.00548666
-0.0059776
0.00850351
0.0148965
0.0422887
-0.0079897
0.0303217
0.00642619
0.00565873
0.0250322
-0.00268765
0.0349939
0.0305642
0.00997271
0.0305171
0.00957846
0.0162412
0.01136
-0.00425813
0.0150604
0.0530842
0.00615158
0.0407036
-0.00563308
0.00828845
0.012196
0.00508485
0.014912
0.0422975
0.0307821
0.00392898
0.0119313
-0.000921129
-0.010806
5.28215e-06
-0.00699855
0.00222233
0.0219437
-0.00394706
0.00702263
-0.00318542
8.66746e-05
-0.00457422
4.20742e-06
-0.00484653
0.00854341
0.0710021
-0.000139579
-3.79445e-05
0.00988574
0.0349542
0.00458912
0.000340862
0.00560741
0.167363
0.000595932
0.000469887
0.0114236
0.0206781
0.0055581
0.00198855
0.0308758
-0.00187127
-0.00952409
8.43975e-07
0.0119391
-0.00316673
-0.0107177
1.00432e-05
0.0355854
-0.0183405
3.00101e-05
-0.00216803
0.0066195
-0.00720472
8.68983e-05
-0.00450122
0.00854855
0.0709481
0.00451697
0.000264246
-0.000139043
-4.8678e-05
0.00987809
0.0349687
0.0055817
0.167303
0.00555383
0.00113901
0.000599974
0.000504671
0.0114142
0.0206739
0.00619581
0.0101244
0.0493587
0.0054519
0.00205896
-0.00190989
-0.0308236
-0.0295308
0.000945533
0.00213939
-1.46009e-05
-1.49322e-05
0.00546379
0.00340464
0.0161664
0.00359718
-0.01591
-0.00195401
0.00499535
0.00509927
0.00240438
0.0136337
-0.00782509
-0.00603705
0.00317295
0.00291444
-0.0366482
-0.0354819
0.00520678
0.0142026
0.00235766
-0.0320165
0.00647652
0.00667948
-0.00927312
-0.00911904
0.0037344
0.000439452
0.00576267
0.00202553
0.00658678
0.0137131
0.00665269
0.049075
0.000899637
0.00220647
0.00103741
-6.95354e-06
0.00338131
0.00483026
0.0162656
0.00381227
0.000248272
0.0125355
-0.000288841
0.00135979
0.0140858
0.00529009
-0.032811
0.00260933
0.000471825
0.00374377
0.00221163
0.00586026
-2.58933e-05
3.25829e-07
0.00355258
0.00186687
0.00186716
0.00412153
0.00592955
0.00419637
-0.00578338
1.88454e-05
0.0052245
-0.0019917
0.00620245
0.00438377
0.00632523
0.00363348
-0.00262077
0.00419224
-1.19028e-06
-0.022891
0.000627614
0.000211018
0.00782374
0.00627515
0.00884623
0.00885331
0.00968091
0.00975921
0.0052051
0.00517972
0.00849376
0.00849512
-2.49166e-05
1.64718e-06
-2.63502e-07
1.92552e-05
0.00412167
0.00192512
0.00594019
0.00419745
0.00438259
0.0061979
0.00612977
0.00369803
0.000205214
0.000621062
0.00626432
0.00780661
0.019172
0.0260524
0.00456782
0.00873868
0.00525959
-0.00042319
0.00653286
0.0290264
0.00968612
0.00694984
0.00815955
0.00396847
0.0197428
0.0141293
0.00826417
0.0141302
0.0190092
0.00877218
0.004656
0.0264524
0.0196827
0.0141884
0.00836177
0.0142484
0.00968635
0.00396521
0.00816146
0.0069565
0.00529666
0.0293016
0.00657271
-0.000385651
0.00596012
-0.00463326
0.00102627
0.00139158
0.00512547
-0.00325836
-0.00366267
-0.00662763
-0.0190297
-0.0121969
-0.00560282
-0.0028516
-0.0169306
0.00275251
2.22246e-06
-0.00774336
0.0439876
0.0518606
0.0114581
0.0131966
0.112464
0.0155187
-0.0155074
0.0410327
0.111933
0.0412302
-0.0154857
0.0155084
0.0438705
0.0131122
0.0113112
0.0519671
-0.010651
0.0595472
0.0212253
0.0306005
0.0415261
0.0425004
-0.0318685
0.0475783
0.0421068
0.0480719
-0.0359413
0.0431788
-0.0106545
0.0307254
0.0210877
0.0594774
0.0125145
0.0102901
0.00603802
0.005707
0.00714093
0.0063365
0.00639295
0.00791603
0.0120599
0.011901
0.00482751
0.00484638
0.00916771
0.00419865
0.00440272
0.0107203
0.0125224
0.00571193
0.00604015
0.0102811
0.00916445
0.0107156
0.00440069
0.00419583
0.0120537
0.0048463
0.00482466
0.0118502
0.00694424
0.00770239
0.00639964
0.00633139
-0.0018204
0.00459384
0.0046649
-0.00141548
-0.0036941
-0.00360741
-0.0029113
-0.00183059
-0.00414774
-0.00368298
-0.00322654
-0.00371484
-0.00181563
-0.00254653
0.00414855
0.00342629
0.0578713
0.0292723
0.0150493
0.0137846
0.0287469
0.0110932
0.00884846
0.0216187
0.0287476
0.0216099
0.00887033
0.0109929
0.0578606
0.0136656
0.0150769
0.0292806
-0.00581811
0.0322284
0.00746359
0.00259633
0.0206432
0.0147292
0.0151891
0.0106451
0.0189065
0.0182732
0.00400674
0.0139125
0.013534
0.0044154
0.00268893
0.0142289
-0.000520252
0.00257889
0.00701921
0.0434262
0.0135481
0.0143644
0.00272301
0.00444443
0.0188586
0.013908
0.00400938
0.0182589
0.0206564
0.0132028
0.0146146
0.0143182
-0.00635924
-0.00619028
-0.00951733
-0.00499025
-0.0109277
-0.0201002
-0.0335663
-0.0195567
0.0543825
0.0189864
-0.0262804
-0.0244936
0.0124124
-0.00178386
-0.00503783
0.0104694
0.0625855
0.147314
0.0141702
0.0140076
0.0282565
-0.0080146
0.0108695
0.0732976
0.0286368
0.0734057
0.0109389
-0.00778901
0.0626033
0.0138172
0.0142947
0.147651
0.0420524
0.0442954
0.0207064
0.0403189
0.0419469
0.0404453
0.0207537
0.0442233
0.00169379
0.0415342
-0.0132589
0.0136669
0.00215918
0.013921
-0.0131616
0.041858
0.00258726
0.0134531
0.00903744
0.00350672
0.00586625
0.00899863
0.00207515
0.00461298
0.0111808
0.00151564
-0.00371116
0.00546484
0.0134059
0.00172605
0.00902396
0.0058917
0.00352739
0.00925481
0.00454861
0.00181721
0.0111554
-0.00373078
0.00152662
0.00570098
0.00147834
0.000451321
0.00713257
-0.00247238
-0.000309451
-0.000158782
0.00262745
0.003304
4.30174e-05
0.00171044
0.00020201
-0.0123291
0.000115595
0.000906166
0.000200315
-0.0037374
0.00127399
-0.00271118
0.000449726
0.00713685
-0.000373014
0.000728556
-0.00016464
0.00263255
4.31322e-05
-0.0124997
0.0017083
0.000202383
0.000114396
-0.0037021
0.000895383
0.000210819
-3.07897e-05
0.000691731
0.00813229
0.0211238
2.5946e-07
4.72857e-07
-0.00319141
0.0849014
8.98894e-08
2.25274e-06
0.0200418
-0.00209436
0.00196146
-0.00406373
0.0062027
0.013888
5.63189e-05
5.53741e-05
-0.014596
0.0332218
0.00193916
0.00400188
-7.16606e-05
0.0160803
0.00157499
0.00156597
0.00371236
0.0188803
-0.00028751
0.000328216
0.00355174
0.0525128
0.00100559
0.00101769
0.000540164
0.0258515
0.000917901
0.000214895
0.00170673
0.0639326
0.000401039
0.000646367
0.008369
0.0212316
9.20505e-08
2.25117e-06
0.0198215
-0.00166367
0.00223214
-0.00390288
0.00662397
0.0138496
-0.00132139
0.000244832
0.016749
0.0254168
-0.000200034
0.000377999
0.00360049
0.0528417
0.000854966
0.000286799
0.00170967
0.0644079
-0.00226422
0.00189927
0.00322353
-0.00173479
0.000748944
0.00125652
4.04164e-05
2.86875e-05
0.000298636
0.000769468
-0.000250399
-2.43262e-07
0.00129767
0.00135763
6.71317e-05
0.000193848
-0.00352488
0.00176515
0.00170933
0.0076548
-4.40374e-05
2.06795e-05
0.00247607
-0.00443283
0.00302656
0.00303682
-0.000168461
0.00090357
0.00232676
0.00241793
0.00140316
0.00149327
-0.00230858
0.0023495
0.00319103
-0.00218366
0.000748915
0.00125713
4.46058e-05
2.94561e-05
0.00129227
0.00138014
6.70039e-05
0.000194029
-5.0279e-05
5.56429e-05
0.00272923
-0.004442
3.66358e-05
-0.00249754
3.19627e-06
-0.00234329
3.48544e-05
-0.00249647
4.06429e-06
-0.00234265
9.12793e-07
3.18203e-08
-9.80303e-07
2.31127e-05
0.0108254
0.000394798
-0.00403562
-0.0121982
0.000308214
-0.000782715
0.00422343
0.000309843
0.000970887
-1.20378e-05
8.01345e-06
0.00158586
0.000973655
-2.39133e-05
8.10078e-06
0.00158099
-0.00303505
-0.00151834
-0.00151765
-0.00151772
0.00245456
0.00113127
0.000859742
0.00245204
0.00266315
0.00219226
0.0150834
0.000121999
0.00269498
0.00219234
0.0149786
0.000121993
2.06934e-05
7.90143e-05
7.77532e-05
0.00713615
0.00194198
0.00275012
0.00268161
0.00233846
0.00177118
-0.0306296
0.0186434
0.00198941
0.000953337
0.0030861
0.00911978
-0.00417823
0.0044003
-1.0125e-05
-0.00310567
0.0539109
-0.0048212
-6.50739e-05
0.0201321
-0.00409899
0.00189535
0.00278569
0.00405185
0.0242519
0.00176371
0.00254118
-0.00693319
0.018948
-0.00223891
0.00159224
0.00396795
-0.0021136
0.00555504
0.00107204
0.00685637
0.0241243
0.0028378
0.000980546
0.00535077
0.0310273
0.00303226
0.000962733
0.00275861
0.0315929
0.000516615
0.000799492
0.00835193
0.0133553
0.000468103
0.00428531
0.00137659
0.00354404
-0.000477883
0.00045407
0.000843498
0.0490738
0.0036893
4.16864e-07
-0.00363467
0.0624698
0.00114274
0.0032119
0.00898457
-0.00396937
-0.00440549
1.84683e-05
0.0199537
-0.00376682
0.000777119
0.00245296
-0.0316259
0.0188342
0.00194457
0.00264733
0.00408667
0.0244825
-0.00220497
0.0139527
0.00383276
0.00730927
0.00273448
0.000950849
0.00535849
0.0310596
0.00577444
0.00117262
0.00695863
0.0240767
0.00302907
0.000960525
0.00279626
0.0317293
0.000585574
0.00420729
0.00119857
0.00354865
0.000531844
0.000818696
0.00829901
0.0134129
-0.00047341
0.000457264
0.000834099
0.0493838
0.00479142
0.00283614
0.0209651
-0.000479866
-4.78571e-05
-6.68128e-05
0.00624397
-0.00137136
-0.00535836
0.00201529
0.000237155
-7.12205e-06
-0.00068231
0.00178781
0.00117687
0.000536438
0.0170633
0.00092309
-0.00981822
0.0149315
-0.00150549
0.00178979
0.00202544
-0.00076826
-0.00394695
0.00163786
3.95445e-05
-0.000910374
0.00112087
0.00264406
7.67054e-07
0.0101998
4.75767e-05
-0.000197717
0.00408238
0.0803072
0.00113835
0.00180255
3.01335e-05
0.000146438
1.08163e-05
3.11155e-05
0.00132363
-0.00504153
0.0183636
0.00287788
0.000464107
0.00266012
4.19624e-05
0.000115454
-0.0124429
0.0120554
0.00196738
0.000807796
8.90272e-05
-7.33229e-06
0.000303067
0.000184384
0.000808387
-0.00334481
0.0326406
0.00178856
0.00168404
-0.000531999
0.000234884
0.00283577
0.0208147
-1.9534e-05
0.00534437
-0.000840915
0.00144525
-5.69893e-08
-5.77525e-05
-4.85814e-05
0.0062761
-0.00159205
-0.00536064
0.00201415
0.000247394
-1.01215e-05
0.00672533
0.00140307
0.00348623
0.00484149
0.0107145
-0.00298677
2.3523e-05
0.00149397
-0.00195144
0.00252853
0.00160517
-0.0015864
-0.00397144
0.0016355
4.06057e-05
-0.000802079
4.09394e-05
-0.000258315
0.00406006
0.0803429
0.0182133
0.00314637
0.000602476
0.00261182
0.00113069
0.00179151
2.27216e-05
0.000148778
2.59186e-05
8.36047e-06
0.0013144
-0.00503782
2.1175e-05
0.000117731
-0.012435
0.0121411
0.03268
0.00174256
0.00168817
-0.000112601
0.00197325
0.000828947
8.4756e-05
-2.38163e-05
0.000321418
0.000170769
0.000810165
-0.00336268
-0.00898171
0.000595738
-0.000735909
0.00497981
0.00294704
0.00391602
-5.1132e-05
0.0124593
-0.000544246
0.00203172
0.00146904
0.00146995
0.0222963
0.000689123
0.0429557
0.0422677
0.0146652
-4.90042e-05
-7.2092e-05
-0.0027519
-0.00248122
5.70951e-06
6.01534e-06
2.31233e-05
0.000925239
-0.00447123
0.00121838
-0.000180465
-0.00454824
0.00121998
-0.0285212
0.00273967
0.00542962
-0.00662649
0.0007075
0.000313445
0.00285975
0.00731123
0.00116572
0.00119608
0.00811645
0.00118646
-0.000405857
-0.00185794
-0.0107416
0.00277799
-0.00782124
-0.00164823
0.00110816
0.000579229
0.000772775
0.000908102
0.00344081
0.00200454
0.0338071
0.0335416
0.00841637
-0.000240294
0.00473524
-0.00013209
0.00120667
-0.00915813
0.00115149
-0.0149563
-0.00814347
0.00119518
0.00281814
0.00278974
-0.0294577
0.000112578
0.00706365
0.00720217
0.00118974
-0.000572978
0.00104104
8.45186e-05
0.000628863
0.00168305
0.00130087
0.000422405
-0.00863896
0.000798789
-0.000490955
0.00358765
0.00278463
0.00363876
0.0121439
0.000265004
0.014453
-3.88399e-05
-7.20733e-05
-0.00275001
0.00020126
-0.00540029
1.51167e-06
1.03211e-05
0.000641582
-0.00473069
-0.000131613
0.00128725
-0.00458603
0.00140581
-0.0285365
0.00307496
0.00360394
0.000505088
-0.00059594
-4.80779e-05
0.0200059
-0.022311
-5.80683e-06
0.000116954
0.00843348
-0.000239159
-0.000134794
0.00470056
0.00165727
-0.0141992
-0.014178
0.00110999
0.00118469
-0.000476698
9.07821e-05
0.0010439
0.00117815
0.00168743
0.000459133
0.00116153
-0.00533412
0.00178719
4.69372e-06
5.60856e-06
0.00216533
0.00409893
0.00186466
0.00186693
0.000180182
0.00394848
-0.000939472
-0.000606867
1.23664e-06
-1.25109e-05
0.000863051
0.00159769
-0.00147092
3.34992e-06
-6.80098e-07
1.78765e-07
1.46436e-07
0.0028462
-0.00138941
0.00278292
0.000108125
3.81698e-05
0.00106016
0.00150642
0.000230224
0.00765957
0.00277431
-0.0019894
0.00335753
0.00323109
0.00329763
-0.00164783
0.00141264
-1.2915e-05
-6.759e-08
-3.01146e-08
0.010999
0.00120637
-5.3865e-06
-1.08217e-05
0.0172852
-0.00133
0.00129316
0.00141353
0.000767952
0.000923596
0.00186223
0.00186454
0.00399379
0.00177771
0.00291849
0.00287844
0.000865366
0.000530228
0.00228473
0.00230152
0.00103901
0.00346384
0.00183106
0.00183718
-0.00533861
0.00178978
4.27556e-06
5.9439e-06
0.0079021
-0.00232026
-1.763e-07
-2.13687e-07
0.000184366
0.00394773
-0.000609969
-0.000937162
1.47649e-07
-1.56009e-05
0.000863915
0.00159317
0.000108082
3.82207e-05
0.00150627
0.0010631
0.000258331
0.00768457
0.00287487
-0.000348869
0.0112487
0.00119334
-1.58935e-05
-1.1237e-05
0.0172972
-0.00134616
0.00140645
0.00126956
-0.00849843
-0.00565844
-0.000691842
0.00125897
0.0107547
0.0130523
-5.15774e-05
-0.00153004
0.00162138
-0.000161543
-0.00517173
0.00106687
0.0022633
0.00105753
-0.00550588
0.014444
-0.00807786
-0.0057878
-0.000741897
0.00121268
0.00199243
0.0010222
-0.00567494
0.014331
0.00162049
-0.000160056
-0.00515096
0.00106671
0.0107791
0.0131279
1.5668e-05
-0.001521
-0.00257598
-0.00230141
4.4806e-06
-1.33813e-05
-0.00456092
0.000145184
-0.00396272
0.000295451
0.000843444
-0.00220171
1.55219e-06
-0.00579361
-0.00267297
0.00135034
3.3563e-06
6.997e-06
0.00147427
0.000375223
0.000777829
0.000608427
0.00281745
0.000136876
-0.000403661
0.00244489
0.00278402
3.87381e-05
-0.00109287
0.00243205
0.00137871
0.000443249
0.000800047
0.000449772
-0.0018586
0.0077561
0.0458675
0.00319484
0.0122906
-0.00739725
0.0331353
-0.00413137
-0.00611899
0.0135842
-0.00315887
0.0329163
0.0157104
-0.00190246
0.00262952
0.0458158
-0.00540472
1.72268e-06
-1.58603e-05
0.00180535
-0.00489673
6.12607e-06
3.26136e-05
0.00183763
0.000368571
0.00148116
0.000918693
4.39796e-05
-3.23836e-05
0.000761959
0.00150978
4.98757e-05
-0.00538304
6.28057e-06
-1.6152e-05
0.00181211
-3.07873e-05
0.000754807
0.00150888
4.96815e-05
0.000364462
0.00148681
0.000918227
4.39742e-05
-0.00489917
8.20683e-06
3.31373e-05
0.00184267
0.00157292
0.00168458
0.00168435
0.00382632
2.426e-07
0.00645107
-0.00199669
-1.38038e-07
5.025e-06
0.0106991
-0.00262954
1.92953e-05
0.00071052
9.97593e-07
-2.63939e-08
0.00253617
0.0323043
-0.0022678
0.00183472
0.00155745
0.0179935
0.00122925
0.000978266
-0.00172166
0.00124825
0.0179928
-0.00177128
0.000981557
-0.0022278
0.0352276
0.00152629
0.00183639
-0.00523166
0.00378308
0.00259283
-0.000351432
0.00306496
0.00448024
0.00254777
0.00521189
0.00120928
0.000510198
0.0010729
0.00080114
0.00521572
0.000178967
-0.00025922
0.000973409
-0.00889989
0.00424278
0.00231648
-0.000581159
0.00524139
0.000218862
-0.000218428
0.000975717
0.00123601
0.000527004
0.00105824
0.00079496
0.00280425
0.00428652
0.00198098
-0.000931202
-0.00925751
0.00142719
-1.281e-05
-5.49278e-07
0.0152082
0.0036358
0.000260898
-0.0228904
0.00173753
0.00722153
-0.0156672
-5.25321e-05
0.00270181
-0.0102424
-0.00109508
-0.00392982
-0.00376265
0.00131431
0.00331599
0.00255007
-0.0140225
0.000400157
0.0009367
-2.94005e-05
-0.0141562
0.000618729
0.00109501
0.000649656
-0.00368823
0.0014063
0.0031225
0.00253781
0.0015172
0.00372557
0.00575614
0.00110523
0.00374892
0.00155536
0.00113358
0.00596895
0.001432
0.000333766
0.0192199
0.000396656
-1.28514e-05
0.00153055
0.000451542
0.0199098
0.0102123
-0.0236993
0.000600194
0.0579384
0.00677773
0.00410587
0.00765458
0.0151071
-0.00497758
0.00704637
0.00404872
0.00649541
0.00881922
0.0160287
0.00755183
0.00380486
0.00189349
0.0178713
0.00682132
0.0106681
0.0162466
0.00208159
-0.00165065
0.0258506
0.000147602
0.0577623
0.0101031
-0.0235258
0.00690746
0.00366559
-0.0207582
0.00703937
0.00770018
0.0156649
0.00430927
-0.00947315
0.00750167
0.00378079
0.00892129
0.016027
0.00151837
0.018254
0.0159338
0.00226644
0.00684137
0.0107696
-0.00162509
0.0256723
0.00588865
-0.00720242
0.00644783
-0.00120273
9.69625e-07
1.11981e-05
-0.0023229
-0.00069332
0.00279546
0.0155088
0.00304698
0.00283132
-2.65275e-05
-6.24523e-05
7.72045e-07
-0.00319829
0.00224781
0.0065264
-4.50837e-05
2.3317e-05
0.00163834
-0.00494445
0.00126811
-0.00703088
0.000820079
-0.00384545
0.000144144
-0.00013289
0.00080207
-0.00335004
-0.000321536
-0.000133782
0.0059609
-0.00921154
-0.000240325
0.000399143
0.00645199
-0.0023535
6.99989e-06
1.09343e-05
0.0027425
-0.00121994
-1.53161e-05
-0.000527874
0.00302365
-0.000452057
-2.92218e-05
-9.37062e-05
0.00224012
0.0067972
0.00137429
-0.00711227
-2.31443e-05
1.93542e-05
0.00163665
-0.00493075
0.000831102
-0.00385609
-0.00028486
-0.000100773
0.000148399
-0.000112513
0.000804923
-0.00334739
0.00865843
0.0216266
0.00863846
0.0218568
0.000541269
0.000254997
0.000312334
0.000766457
-0.00315675
0.081842
-0.00317091
0.0817681
-9.56199e-07
-1.7455e-06
0.00354
0.00352945
0.0205464
-0.0021008
0.0203242
-0.0022924
-0.000149553
-0.00285564
6.74816e-07
1.78433e-05
0.00420533
0.023122
0.00870014
0.0124646
0.00117417
-0.000612144
0.0020595
-0.00399357
-0.011438
0.0285639
-0.0111713
0.0285847
-0.000124082
-0.000183035
0.00182073
0.00185783
0.00500709
0.0214474
-0.0139269
0.015669
0.0198091
0.00215477
-2.25753e-05
1.50439e-05
0.00437831
0.0131432
0.00440983
0.0131814
0.000977235
0.00100874
-0.00051546
-0.000529319
0.00217259
0.0446067
0.00513754
0.0714118
-0.00232566
0.00741004
-0.000385734
0.00830664
-0.000490808
0.0189533
-0.000597668
0.0189925
0.000932793
0.000929694
0.00125343
0.00121034
0.00141741
0.0689491
0.00182396
0.0382818
0.000681741
0.000248359
-0.00192558
2.38601e-05
0.00833709
0.0216024
0.00861935
0.0217692
0.000557892
0.000339353
0.000741401
0.000371492
0.0203264
-0.00192124
0.0201992
-0.0016573
-0.000145719
-0.00287882
-3.5056e-07
1.78413e-05
0.0043192
0.0230881
0.00864376
0.0125501
-0.000441027
0.00140768
0.00211895
-0.00393981
0.00988209
-0.0103151
0.00491768
0.00467242
0.0161698
-0.00172496
0.00154129
0.00273218
0.00218498
0.0442901
0.00513925
0.0713206
0.00732575
-0.00228182
0.00859717
0.000483019
0.00141846
0.0689981
0.00177144
0.0390459
0.000273458
0.000631332
0.00042507
-0.00138746
0.0058477
-0.000626395
0.00454753
0.000310479
-1.28676e-05
-1.90159e-05
-4.02402e-07
-3.70536e-07
-4.78705e-05
4.98425e-05
4.42319e-05
0.000101571
0.000620639
0.000959682
0.000821051
0.00139148
-0.00151451
-0.00259019
-0.00104721
-0.000794956
-9.20038e-07
8.16708e-08
-0.00132646
5.18387e-08
4.3375e-05
6.27345e-05
-1.86881e-05
-3.95193e-05
0.0011326
0.00136524
0.00128742
0.00132717
-0.00347431
0.00762069
0.0034755
0.00938356
0.00341953
0.00170953
1.85306e-08
-1.52703e-08
0.00106361
-0.00511273
0.000922118
0.00480262
0.0118472
0.0110218
-4.61828e-05
-2.03181e-05
-0.000197299
0.00130675
-0.000198696
0.00141821
0.00213945
0.00203858
0.00315007
0.00297016
0.00131745
0.00149349
0.00145097
0.00167663
0.00231398
0.00237221
0.00201201
0.0020682
0.00586807
-0.00223272
0.00452737
-0.0016014
-1.06518e-05
-2.24842e-05
-0.0015624
-0.0017107
-5.17629e-05
5.08222e-05
4.44119e-05
0.000101775
0.000963857
0.000621515
0.000822689
0.001392
3.97049e-05
5.87709e-05
2.48351e-06
-1.9201e-05
0.00136505
0.0011357
0.0012805
0.00132707
0.00106426
-0.00512451
0.000930645
0.0047906
0.0112497
0.0150398
-1.67855e-05
-6.22316e-05
-0.00273661
7.91247e-05
-5.35104e-05
-0.00256163
0.000954924
2.15964e-05
-0.00245567
-5.58634e-05
-0.00271097
7.96085e-05
-8.54306e-05
-0.00256197
2.37648e-05
0.001074
-5.62835e-05
-0.00245425
1.4308e-06
2.2168e-06
3.96441e-06
2.31179e-05
2.81364e-06
2.31184e-05
-8.41561e-07
1.04485e-07
0.000670738
0.000817898
0.0110151
-0.0107393
-0.0163223
0.00586789
0.00157482
0.00156605
-0.00135024
0.0306271
0.00881731
0.00882027
0.0127497
0.0152072
0.0327993
-0.00144176
-2.03497e-05
0.000130039
0.000950015
0.00165647
0.00102489
0.00156016
-7.76341e-06
-2.83421e-05
-1.9179e-05
0.000129679
0.000945657
0.00164929
0.00149273
0.00102235
-2.82158e-05
-7.7172e-06
-0.00297042
-0.00310099
-0.00145196
0.002908
0.00316698
-0.0015824
0.00297123
0.00310128
0.00118416
0.00097626
0.00279367
0.00279825
0.00231697
0.00231572
0.000945298
0.00124086
0.00677368
-0.00489035
-1.63304e-05
-0.00233299
0.00129795
0.00815511
0.00220684
0.0110175
-0.00482442
0.00686447
-1.34093e-05
-0.0023206
0.00839674
0.00134335
0.00227328
0.011014
9.47348e-05
9.39394e-05
0.00699179
1.96676e-05
0.00697917
3.5209e-06
-8.8421e-08
-4.89353e-08
0.00277604
0.00275883
0.00224854
0.00128369
0.00136561
0.00225808
0.00217296
0.00220228
-0.0278945
0.0199773
0.00097239
0.00100801
0.00966966
0.00971092
-0.0271643
0.0198645
0.00105994
0.00130064
-0.0134696
0.0383493
-0.00125073
-9.76506e-06
0.0101137
-0.012091
-0.0124252
0.00221892
-0.00273014
-1.3311e-05
0.00188459
0.00120837
0.00283978
0.00582667
-0.00199576
-2.90152e-05
0.00165525
0.00147805
0.000751929
0.00130645
0.00665909
0.00747025
0.000468777
0.00101876
-0.00355091
0.00295787
-0.000147981
0.000790985
0.0217839
0.0222651
0.00351303
-0.00197014
0.00279354
-0.000536429
0.000420697
0.00131214
-0.000653993
0.000674856
0.000208801
0.00117821
0.000243217
0.00191656
0.00086424
0.00106595
0.000508928
2.92562e-06
0.0016673
-0.000816006
0.0181267
-0.00325491
0.00108626
0.00147427
-0.0135033
0.0382664
-0.0118958
0.00224345
-0.00329468
-1.43097e-05
0.015704
-0.00762135
0.00150278
0.00149541
0.00195005
0.000980971
0.00280457
0.00600936
0.000684606
0.000464226
-0.0127828
0.00129035
-2.65272e-05
0.00081618
0.0219408
0.0219841
0.000418974
0.000933078
-0.00371537
0.0029452
0.00356418
-0.00196528
0.00288778
-0.000476675
1.36632e-05
0.00111274
0.000729364
0.00179414
0.000454746
0.00135701
-0.0005171
0.000783829
0.000797859
0.00106558
0.000502562
6.79213e-05
0.0241213
-0.000573819
-0.000261645
2.60295e-06
4.21121e-06
-1.48646e-05
1.27016e-07
-2.64855e-07
-0.00546744
0.00165123
-0.00538489
0.00194826
0.00120495
8.52355e-07
-0.000318455
-0.000386775
0.016514
0.00490887
0.00117046
-1.48719e-05
2.10022e-05
1.30225e-05
9.24736e-07
-8.7287e-08
-0.00448601
0.00181128
0.00146187
0.000230226
0.000916192
0.00258995
-0.00522227
-2.87429e-07
-0.000224479
8.70214e-05
0.00235771
-0.00762448
0.00151576
0.00151947
0.00108508
0.00176413
-0.000239727
-0.000234333
6.82803e-05
8.91748e-05
0.00501943
0.00359627
0.0578195
0.00303413
0.00552616
0.00550542
0.0219329
0.00423511
0.00184777
0.000762908
0.00230961
0.00094222
0.000469944
8.26188e-05
-2.26066e-05
0.00749851
0.0192914
-0.000500002
0.0750729
0.00352868
0.0241141
-0.000576766
-0.002488
2.61554e-06
0.0045993
-0.00318817
0.00594327
-0.00183453
3.33561e-06
-1.31629e-05
1.76624e-07
-0.0014089
-0.0054755
0.00164385
-0.00538955
0.00194818
0.0129849
0.00439875
0.0010256
-1.57288e-05
0.0102923
-0.00282336
0.0100446
-0.0147058
2.56254e-05
1.85734e-05
0.000836624
-4.11839e-05
-0.00448795
0.00181675
0.00148051
0.000250443
-0.000188468
9.12398e-05
0.00229539
-0.00869807
0.00522286
0.0035988
0.0578428
0.00322368
0.00152574
0.00151593
0.001086
0.00176426
-0.000235701
-0.000245416
7.57574e-05
8.27091e-05
0.00555793
0.00546085
0.0239714
0.0042091
0.019289
-0.000517862
0.0755444
0.00352735
0.00185651
0.000754951
0.00232361
0.000930867
0.000492741
0.000129645
-1.82126e-05
0.00750489
0.000391264
-0.0108594
-0.00742623
0.00330344
0.00297223
0.0124353
-0.0212139
0.01408
-0.00259821
-1.81395e-05
-1.78318e-05
-0.00259812
0.0349201
0.0207734
0.0204617
0.0342331
-0.00508221
-0.000422775
-3.94604e-05
0.0164551
4.44728e-06
-0.00239749
-0.00257869
6.36e-06
0.00118715
-0.00161975
0.00119265
0.00146759
0.000956533
0.00124101
0.000791279
0.0176995
0.00540344
-0.00713486
-0.00544417
0.00514096
0.00361477
0.0060776
0.00614796
0.00363211
-0.00871177
0.000394412
0.00059137
0.00220293
-4.09453e-07
-0.0128914
-0.0125213
0.00108138
0.000494193
0.00110245
0.00122608
0.000574381
0.0235472
0.00349631
0.00397267
0.0239013
-0.0043746
0.00270678
6.64983e-06
0.0130262
0.000971569
0.0011286
0.00112936
-0.00261087
-0.0110722
0.000720742
0.000752435
-0.0114416
-0.0192222
-0.00143393
-0.00153488
-0.0208114
0.000649954
0.000778136
-0.000575628
0.00144544
-0.0039593
0.00209979
0.00123738
0.000867544
-0.0107844
0.000335748
0.0015983
-0.00912323
0.0139026
-0.01927
0.0124047
0.00304746
-0.000387986
-0.00527793
0.0163426
-2.91691e-05
-0.000489578
-0.00520779
-0.00560096
0.000528526
0.00155277
0.00122093
-0.00194954
0.00132474
0.00127691
0.000985332
0.0168461
0.00137108
0.00102916
-0.0103351
0.00872219
0.0020892
0.0170312
-0.0278179
-0.0238305
0.0243087
0.0129657
8.49719e-06
0.0026235
-0.00426804
-0.000503338
0.00109514
0.00103299
0.0012728
0.00139175
-0.000578941
0.000758699
0.000663332
0.000555701
0.00119685
0.00210044
-0.00433688
-0.00538253
0.00184972
0.00175625
-0.00520197
-0.000534856
8.96489e-05
0.000504243
0.00248247
-0.00409499
0.00189572
0.00367357
-0.000150096
6.63883e-05
2.86384e-05
-6.05391e-05
4.1554e-05
-0.00146527
3.34458e-06
3.35135e-06
-0.00146685
-0.00271817
-0.00284426
0.00284411
1.45183e-07
0.000176633
1.86103e-05
7.80253e-05
0.000217091
0.00263075
-0.00268361
0.000166525
0.000480503
0.00336039
0.00323272
-0.00323273
-0.00336072
0.00141978
-1.28674e-05
-1.29584e-05
0.00140553
0.00123915
0.00106312
0.00133748
0.000937989
0.0209046
-0.000102737
-0.00253781
0.0126319
0.000497184
0.0003954
0.00020184
0.000497233
0.00185813
0.0011029
0.00111943
0.00189833
0.000854268
0.000561325
0.000579325
0.000885569
0.00360302
0.00121735
0.00123561
0.00346292
0.00184686
-0.0053716
-0.00520496
0.00175337
0.00696797
-0.00215821
-0.00248373
0.00831539
-0.000150134
0.00367503
0.00190298
-0.0040881
2.95325e-05
6.82203e-05
4.15424e-05
-6.57463e-05
0.000217151
7.82174e-05
2.92101e-05
0.000181451
-0.00272879
0.00262626
0.000446506
0.000163378
0.000932268
0.00134131
0.00105084
0.00126381
0.0126648
-0.00250106
-0.000105109
0.0209237
0.0155525
-0.00161638
-0.0101405
0.0107508
0.0201145
-0.00422348
-0.00430226
0.0224791
-0.00261268
-0.00162167
0.000179147
-0.000271002
0.00867722
0.0106398
-0.00942287
-0.00939845
0.0067681
-0.0052701
0.0190933
0.0502212
0.000694613
-0.00138491
0.00632015
0.00175514
-0.00499116
-0.00270812
0.000799742
0.000540943
0.0173368
0.0194811
0.0148841
0.0112264
0.00215904
0.00315953
0.00159404
0.00138287
0.00474998
0.00909406
0.00510159
0.00480534
-0.000662699
0.00388697
-0.00258459
0.00311387
0.00111116
0.00172233
0.00110433
0.000771251
0.0100691
0.00834537
0.00374418
0.0045583
0.00908726
-0.00750844
-0.00218233
0.00931354
7.91494e-05
-0.000129247
0.00892093
0.00276447
0.00442305
0.0040098
0.0107662
0.0121408
0.0156751
0.0108014
-0.00978696
-0.00136516
0.00903647
-0.00922206
-0.0109348
0.0107457
-0.00259949
-0.000248506
0.000147312
-0.00148607
0.0199023
0.022273
-0.00449299
-0.00442975
0.0101121
0.00460995
0.00365532
0.00845225
0.00439742
0.012253
0.0107228
0.00398308
7.97827e-05
0.00206882
0.00801512
-0.000126901
0.00905418
0.00937194
-0.00316258
-0.0082722
0.00215708
0.00139917
0.00159672
0.00315725
0.0011107
0.000773418
0.00110103
0.00171648
-0.000597947
0.00309692
-0.00260621
0.00381651
0.00479284
0.00475415
0.00514559
0.00908537
0.00680386
0.0502445
0.0191188
-0.00527382
0.0171494
0.0110638
0.0148579
0.0193603
-0.00499105
0.000539476
0.000845291
-0.00269881
0.000691208
0.00175625
0.00613356
-0.00137946
0.0118122
-0.00215363
-0.00436548
-2.47485e-05
-0.00317523
-0.00158063
-0.00258878
-0.00313418
3.84776e-06
9.42107e-06
-1.60512e-05
0.00100819
-0.00200535
-0.00216248
-0.00237155
-0.00243826
0.0115622
0.00205639
-0.00196616
0.00062679
-0.001986
5.40689e-05
-0.000118454
-0.00182835
4.24245e-06
0.00100904
-0.00460589
-0.00530067
-0.00318314
-0.00355625
-0.00497585
-0.00157963
-0.0080637
0.00545735
0.00073818
-0.00236996
-0.000649648
-0.00146892
-0.00595231
-0.00307987
2.21476e-05
-0.0054775
-0.00569401
2.59012e-06
-0.00164395
-0.000835871
0.000687705
0.000382839
-0.00696147
0.000891862
0.000606002
0.0011345
-0.00217601
-0.00250683
-0.00262248
-0.00138354
2.31845e-05
3.49239e-06
1.00322e-05
2.91559e-05
-0.000882316
-0.000167647
-0.00145922
-0.00146914
0.0219094
0.0263416
0.00175445
0.00751463
0.0497357
0.00239842
0.00101049
0.0396933
0.0116219
0.00120905
0.00143428
0.00714283
0.00521851
0.005622
0.00193129
0.00193615
0.00612001
0.0133727
0.00485469
0.0703784
0.0024738
0.00279872
0.00316596
0.0030169
-0.0104137
-0.012288
0.00229288
0.00255408
0.056965
0.0708251
-0.00233259
-0.0113087
0.00618015
0.0706901
0.00496086
0.0134
0.0564521
-0.010617
-0.00232026
0.0706147
-0.0141018
0.00255178
0.00206175
-0.0146706
0.00247777
0.00319626
0.00315074
0.00279922
0.0219231
0.00752933
0.00182201
0.02688
0.00522421
0.00200524
0.00196791
0.00564751
0.00899984
0.00453618
0.00139443
0.00137253
0.0496838
0.0396369
0.00111527
0.00244027
0.04406
-0.0291957
-0.00554132
0.0579799
0.0214764
0.00347084
0.0451544
0.0421389
0.00779802
0.026588
0.054334
0.00823942
0.0854162
0.0695715
0.0265237
0.0490511
0.0141226
0.0196282
0.0213556
0.0123065
0.0140821
0.0198294
-0.0167513
0.0242585
0.0154362
0.0228543
0.0397827
0.0312967
0.0223527
0.0236831
0.0228273
0.00928945
0.0140902
0.0122999
0.0220947
0.0195727
0.0223185
0.0091032
0.023256
0.0236858
0.0167331
0.0317753
0.0449309
0.0240246
0.0141211
0.0243717
-0.0163488
0.0197988
0.0440237
0.0622353
-0.00164928
-0.0291938
0.085361
0.0486986
0.0302833
0.0738102
0.00775429
0.00827113
0.0538764
0.0262452
0.0216612
0.0420917
0.0450541
0.00333853
0.00682095
0.0063905
-0.00539712
-0.00537048
0.00449008
-0.00534342
-0.00540704
0.00602393
0.000953145
0.000920189
0.00180597
0.00180845
0.000832843
0.00199034
0.001874
0.000803054
0.00284527
-0.00424885
-0.00469176
0.00255809
0.00119095
0.00120596
0.00178039
0.00186101
0.00101576
0.0017786
0.00181475
0.00111798
0.00387942
0.00330808
-0.00502568
-0.00526863
0.000935112
0.00111205
0.00198663
0.00196767
0.0053515
0.00620839
0.00146348
0.000975477
0.00164842
0.00154813
0.00100788
0.00112508
0.00147863
0.000924175
0.00115792
0.00164425
0.00188395
0.00128437
0.000883864
0.00149558
0.00136357
0.00150738
0.00168682
0.00192423
0.00156992
0.00124853
0.00137857
0.00167635
0.00750084
0.00123305
0.000875434
0.0060735
0.00682307
-0.00537326
-0.00539058
0.00640776
0.000833921
0.000804346
0.00188022
0.0019877
0.000952323
0.00182218
0.00180904
0.00091829
0.00448608
0.00604981
-0.00538622
-0.00534115
0.0018846
0.00150416
0.000885601
0.00128161
0.00767361
0.00621903
0.000872755
0.00123482
0.00156572
0.00167397
0.0013786
0.00124811
0.00136434
0.00192148
0.00168764
0.00150849
0.000938421
0.00197178
0.00199212
0.00111585
0.00149008
0.00164407
0.00115464
0.000934177
0.0016483
0.00111399
0.00101963
0.00154785
0.00548509
0.000974179
0.00147632
0.00634334
0.00283269
0.00232833
-0.00469505
-0.00426297
0.00385538
-0.00527213
-0.0050272
0.00308956
0.00101591
0.00111827
0.00181527
0.00177853
0.00118964
0.00186317
0.00178398
0.00120893
-0.00189917
-0.000500519
0.000627408
-0.000717012
-0.0012942
-0.00135779
0.00304617
-0.000108451
-0.00224274
0.00323489
0.00309997
-0.00142072
-0.00116634
-0.000999056
0.000828676
0.0011271
-0.00247831
-0.00197385
0.00619737
0.00569525
-0.00158422
0.00770407
0.00670771
-0.00128839
-0.000758976
0.00284527
-0.00207747
-0.0022395
-0.000397601
-0.00215022
-0.00191546
2.5115e-07
0.000139059
0.0105041
0.0104973
-0.00108853
0.00259305
0.00335944
-0.00272786
-0.00290483
0.0023423
-0.00240154
-0.00255675
0.00323223
-0.0025338
-0.00159402
0.00948414
0.00810812
0.00309881
0.000226444
0.000814432
0.00101944
-0.000708045
0.00133438
0.000607286
-0.000228966
-0.00230826
-0.00161523
0.00250925
0.00329044
-0.00261665
0.00261779
0.0025639
-0.00167973
-0.00867229
-0.00471883
0.052708
0.0436347
-0.00484679
0.0191782
0.0271414
-0.00499632
0.00373842
0.00463987
0.00273894
0.000549363
0.00415584
0.00500299
0.00272344
0.00501767
-0.0034023
0.0250584
0.0163945
-0.00312145
0.00358873
0.00316307
-0.000148061
0.00197858
0.00331823
-0.0009219
-0.00144955
0.0028607
-0.0041213
0.00393165
0.0203049
0.0151078
-0.00337297
-0.00312697
0.0163974
0.0251054
-0.00412381
0.0151339
0.0203316
0.00392424
0.00329839
0.00286263
-0.00143219
-0.000922533
0.00377558
0.00198525
-0.00016536
0.0031995
-0.00878003
0.0425017
0.0527807
-0.00470554
0.00406294
0.00496056
0.00280259
0.0050495
0.00377046
0.000539128
0.00274846
0.00469027
-0.00485031
-0.00500569
0.0271905
0.0191741
0.00258557
0.00634434
0.0070501
-0.00395786
-0.00556572
-0.000614918
-0.00433821
-0.0100708
0.0022979
0.00709974
0.00271456
0.000673468
0.00137109
0.000806608
0.000591764
-0.00131758
0.0125887
0.00756878
0.00405869
0.00282365
0.00635584
0.0023078
0.00334601
0.00559333
0.00244422
-0.00309066
0.00417412
-0.00282722
-0.00486573
0.0085762
0.0114923
0.00106439
0.00744327
-0.000460984
0.00153053
0.00805627
0.00248919
0.00187101
0.00142147
0.00185684
0.012989
-0.00200566
0.00178779
0.00185433
0.00656891
0.00981402
0.00266689
0.00118652
0.00105932
0.00230662
0.00398082
0.00341137
0.00139402
0.0013861
0.00115319
0.000987416
0.0137068
0.000102449
-0.000233561
0.00384961
0.00200985
0.00358343
0.00355633
0.00146712
0.00255021
-0.00389018
0.00366885
0.012257
0.001365
-0.000759058
0.000375187
0.000816117
0.00230524
0.000654385
0.00291602
0.00716697
0.0117181
0.00647064
-0.00695976
-0.00341504
0.00104243
0.00348047
0.00399738
0.00229008
0.00198046
0.00144287
0.00353534
0.00360279
0.0136946
0.00387647
2.59344e-05
0.000125729
0.00140486
0.000996216
0.0011507
0.00139813
0.00743982
0.00806342
0.00156228
-0.000453248
0.0067183
0.00130776
0.00271869
0.00982498
0.0134666
0.00188025
0.00178958
-0.00164412
0.00240676
0.00184839
0.00143432
0.00185496
0.012785
0.0029544
0.00406804
0.00762477
0.0111025
-0.00230183
0.0114258
0.0123423
0.0025237
-0.00282287
0.00490454
-0.0022334
0.00647377
0.00557449
0.00318147
0.00228753
0.00130923
0.00818566
-0.00580913
0.0211086
0.00763962
0.00141615
0.00142302
0.00891718
0.00713655
0.0082061
-1.31932e-05
-1.29694e-05
0.015869
0.0161394
-0.0110876
-0.01863
-0.00153329
0.00113566
0.0156904
0.0104352
0.0239318
0.0185668
0.0161241
0.00594556
0.00712852
-1.29762e-05
-0.0253671
-0.0182173
0.00852063
0.00051274
-0.0173961
0.00140906
-0.00436521
0.00773139
0.0114628
-0.0136585
-0.016865
0.00547612
-0.00701807
-0.0163013
9.6097e-05
-0.0230514
-0.0274081
-0.00676354
-0.00172294
-0.0102884
0.0166918
0.022392
0.00517247
-0.0025633
0.00266796
-0.00910462
0.0160677
-0.0115648
-0.0126977
-0.0118379
0.000107456
-0.0059157
-0.00545095
0.00197153
-0.012971
-0.00911282
0.00362893
0.00530418
-0.00335182
0.00299454
0.0370852
0.0769818
0.0570721
-0.000278884
-0.00143031
0.0243565
0.00488262
0.00556411
0.0058882
0.00361393
0.00362474
0.00400801
0.00439252
0.0030358
0.0290478
0.00959719
-0.00782692
0.0367992
0.0010911
-0.00741777
-0.0126033
0.00120328
0.00440742
0.00223893
0.00135559
0.0039184
0.0713701
0.0584997
0.00104114
0.00105999
0.0288043
0.0366302
-0.00953966
0.00939579
0.0716224
0.00138684
0.000841688
0.0585333
0.00446483
0.00391637
0.00167939
0.00230645
0.00101293
0.00107463
-0.0129197
-0.00716188
-0.00335632
0.0771973
0.037329
0.00301854
0.00370206
0.0030558
0.00445282
0.00426996
0.00496365
0.00352573
0.00566569
0.0055109
0.0573474
0.024303
-0.0014285
-7.98629e-05
0.0162881
0.0148983
0.00481034
0.0216067
0.0329677
0.0047412
0.00505949
0.0254119
-0.0281577
-0.0275431
0.00684492
0.00768719
0.0206561
0.0301647
0.0070331
-0.0315935
0.0164606
0.0220611
0.00475536
0.0148032
0.020634
-0.0320847
0.00728621
0.0302627
-0.0280443
0.00771099
0.00697151
-0.0274566
0.0330072
0.0253736
0.00509619
0.004732
0.00922299
0.00331269
0.00142855
0.0135353
0.0260678
-0.0226018
0.0124839
0.0133533
0.0216205
0.0120757
0.0187148
0.00814645
0.00872254
0.0138059
0.00131609
0.00125364
0.00925346
0.0134419
0.000913318
0.00314204
0.00854138
0.00220585
0.000925622
0.0137013
0.0215068
0.00823258
0.0189093
0.0118198
0.0260741
0.0133813
0.0129699
-0.0224828
