-0.735
0.115
-1.80114
-0.827886
0.235
1.705
-0.768739
0.485
-1.675
-0.787385
0.675
1.695
0.735
0.115
-1.80114
0.827886
0.235
1.705
0.768739
0.485
-1.675
0.787389
0.675
1.695
0.0723693
0.118828
0.105201
0.100569
0.0723695
0.1183
0.105186
0.100504
-0.0307071
0.0174277
0.0873867
0.119429
0.0419005
-0.0185194
-0.0563264
-0.0362753
0.0147008
0.0860009
0.116335
0.0256889
-0.0342024
-0.0690908
-0.0287518
0.0235591
0.106679
0.108487
0.0217363
-0.0368376
-0.0714677
0.0335551
0.0822882
0.133897
0.12726
0.0672271
0.0148973
-0.0253673
-0.0420789
0.00519433
0.0788076
0.120437
0.0265137
-0.0334434
-0.0682368
-0.0488604
-0.051237
-0.0823672
-0.0436037
-0.0531493
-0.0847221
0.0260605
0.0768652
0.133394
0.125535
0.0601822
0.00607908
-0.0337631
-0.0420998
0.00518045
0.0787387
0.120077
0.0263738
-0.033555
-0.0683599
-0.0488734
-0.0513117
-0.0824763
-0.0436155
-0.0532089
-0.0848185
0.0260255
0.0768285
0.133341
0.125456
0.0600934
0.00598376
-0.0338667
-0.0307629
0.0173747
0.087217
0.118913
0.0415449
-0.0187868
-0.0565865
-0.0363158
0.0146724
0.0858931
0.115791
0.0253852
-0.0344261
-0.069329
-0.0287889
0.0235329
0.106611
0.108234
0.0215236
-0.0370227
-0.0716806
0.0334776
0.0822053
0.13378
0.127092
0.0670352
0.0146957
-0.0255806
0.00253596
0.0171398
0.0348597
0.0559888
0.116462
0.061465
0.0651776
0.133161
-0.0351943
0.104528
0.00252172
0.0348878
0.055613
0.0613881
0.133161
0.104527
0.090756
0.121211
0.075447
0.131244
0.128979
0.0936595
0.440691
0.29163
0.09077
0.121218
0.131151
0.0936675
0.12112
0.121115
0.0443839
0.227516
0.194509
0.0963314
0.0966267
0.102188
0.454046
0.115524
0.115465
0.130704
0.13509
0.217617
-0.0299598
0.0110157
0.0210631
0.0492341
0.054903
0.0537114
0.016365
0.0448585
0.111489
0.039729
-0.0193534
0.083608
0.0109432
-0.0299512
0.0206664
0.0553582
0.0492016
0.0537372
0.0448409
0.0166592
0.111555
-0.0192897
0.0397187
0.0836174
0.0568534
0.0845128
0.106626
0.0736688
0.121308
0.103231
0.122195
0.127692
0.121881
0.121803
0.0959763
0.349755
0.105297
0.129476
0.0971125
0.306988
0.056866
0.0736689
0.0844712
0.106611
0.121349
0.127637
0.103228
0.122105
0.121882
0.349777
0.121804
0.095972
0.105291
0.30701
0.129418
0.0971158
0.117628
0.154841
0.0317562
0.035915
0.12173
0.0420873
0.101352
0.20087
0.133755
0.15701
0.103315
0.130963
0.139825
0.208132
0.127522
0.187535
-0.0231567
0.148266
0.126417
0.141413
0.117624
0.158765
0.12173
0.0420886
0.101275
0.200702
0.10328
0.130949
0.127521
0.187523
0.126396
0.141492
0.0488795
0.100157
0.123715
0.118217
0.0601233
0.0888076
0.034026
0.125941
0.115574
0.130272
0.115266
0.385239
0.34089
0.473168
0.403698
0.217083
0.0488125
0.100159
0.123728
0.118195
0.0339987
0.125836
0.115228
0.385253
0.109063
0.122956
0.123575
0.115816
0.109037
0.115815
0.123587
0.122957
0.0266107
0.0266034
0.0597279
0.0597258
0.140801
0.252847
0.252838
0.140853
0.104622
0.182666
0.182742
0.108862
0.0720035
0.0139648
0.121131
0.115565
0.0720012
0.115543
0.121082
0.0139308
0.0868997
0.0869005
0.113898
0.113924
0.384817
0.355991
0.356007
0.384722
0.11508
0.0855232
0.108282
0.131668
0.115018
0.131627
0.108244
0.085561
0.130323
0.130278
0.101187
0.101193
0.249705
0.0313692
0.0314333
0.249715
0.11591
0.115898
0.147876
0.14802
-0.0504871
0.00776177
0.0115905
0.0325808
0.0693168
0.0442137
0.0119175
0.040014
0.0722201
0.0237895
0.0598912
0.0560522
0.00775013
-0.0503317
0.0115935
0.068913
0.0325692
0.0442557
0.0398688
0.0119762
0.0721923
0.06011
0.0237123
0.0560035
0.065357
0.0793324
0.093794
0.0711829
0.121136
0.109661
0.107174
0.127139
0.11288
0.116089
0.0984976
0.199927
0.103069
0.122674
0.0976605
0.163365
0.065357
0.0722425
0.0793711
0.0937797
0.121153
0.127057
0.109675
0.107099
0.112858
0.199777
0.116088
0.0984721
0.103057
0.163358
0.12264
0.0976784
-0.0121631
0.0129035
-0.00265336
0.0602483
0.017131
0.017136
0.0186146
0.0246624
0.0279691
0.0485012
0.119394
0.0421609
0.057851
0.0506008
0.0979843
0.166018
0.070293
0.0702831
0.132119
0.145344
0.0590785
0.0663171
0.0902006
0.112829
0.0408567
0.0407292
0.116292
0.158193
0.130486
0.124377
0.130611
0.222932
-0.0400673
-0.0400582
-0.0226192
0.130703
0.0976112
0.106647
0.133299
0.153444
-0.0121687
0.0129125
-0.00266682
0.0602227
0.0279564
0.0485341
0.119399
0.0421685
0.0577683
0.0505835
0.0979149
0.165908
0.0590962
0.0657939
0.0901925
0.110804
0.130431
0.12479
0.13061
0.222983
0.0976133
0.106662
0.133254
0.153448
0.084353
0.101195
0.0934588
0.0992342
0.115966
0.122739
0.120489
0.119207
0.0754336
0.0754337
0.067844
0.0821249
0.130814
0.132059
0.00465243
0.128053
0.129178
0.12915
0.122266
0.129616
0.0937823
0.0960012
0.107564
0.200575
0.422172
0.421887
0.382783
0.47014
0.389001
0.389009
0.363588
0.184542
0.0843566
0.101623
0.0934615
0.0992363
0.115967
0.122742
0.120487
0.119196
0.130739
0.131985
0.00465902
0.127976
0.0937903
0.0959739
0.107546
0.200586
0.119625
0.11936
0.124423
0.122549
0.119616
0.119359
0.124422
0.122546
0.0380507
0.0442861
0.0442882
0.0524834
0.191118
0.182302
0.181705
0.286936
0.187164
0.0471487
0.211665
0.187163
0.0583894
0.1179
0.0659318
0.118533
0.0583544
0.117864
0.0659472
0.118486
0.102038
0.0954949
0.108881
0.102038
0.476802
0.468338
0.433022
0.476813
0.110573
0.110494
0.119743
0.121863
0.110476
0.110454
0.119709
0.121806
0.132374
0.130866
0.130858
0.130281
0.0840693
0.157284
0.157272
0.177731
0.215691
0.244271
0.16581
0.215652
0.028079
0.0589598
0.0149411
0.0244202
0.102097
0.0281454
0.0853984
0.172773
0.0812006
0.186078
0.0760916
0.108008
0.088982
0.136504
0.105138
0.126701
0.118843
0.172627
0.0973158
0.139159
0.00138793
0.111643
0.115839
0.132523
0.0149259
0.024386
0.0283128
0.0589789
0.102084
0.0280803
0.0805992
0.185556
0.0854157
0.172766
0.0760764
0.108034
0.105016
0.126688
0.089065
0.136402
0.118863
0.172636
0.00136737
0.111656
0.0972922
0.139214
0.115826
0.132504
0.120484
0.058453
0.0897256
0.0863533
0.118479
0.10367
0.0674906
0.0802813
0.109087
0.134831
0.0980277
0.113023
-0.0221352
0.116187
0.120808
0.129782
0.122077
0.212848
0.122593
0.117622
0.107554
0.213437
0.306417
0.37363
0.130038
0.160697
0.124765
0.130874
0.114461
0.169387
0.3342
0.282257
0.120485
0.0584569
0.0674917
0.0802817
0.0897107
0.0863493
0.118478
0.103665
0.109067
0.134815
0.120767
0.129732
0.0980108
0.11301
-0.0222362
0.116118
0.122063
0.212846
0.306376
0.373725
0.122591
0.117655
0.107539
0.213473
0.130008
0.160667
0.334213
0.28226
0.124711
0.130824
0.114436
0.169613
0.117564
0.116682
0.1367
0.175901
0.0310727
0.0310738
0.0358082
0.0358759
0.121517
0.122318
0.0343599
0.0520227
0.0958209
0.104878
0.221879
0.151314
0.120631
0.120524
0.173341
0.173469
0.111609
0.0970813
0.130446
0.117916
0.148722
0.148729
0.190666
0.190701
0.126856
0.121896
0.167244
0.192632
-0.00974536
-0.00975115
0.168265
0.168284
0.119613
0.130005
0.198022
0.0760674
0.117562
0.116677
0.175914
0.136695
0.121517
0.12232
0.0343574
0.0520259
0.104819
0.0957591
0.222161
0.151429
0.111552
0.0970425
0.130419
0.117909
0.121893
0.126855
0.191142
0.167246
0.130038
0.119585
0.0760807
0.198041
0.0588652
0.0374924
0.0935243
0.107041
0.122147
0.124489
0.107043
0.118049
0.0600751
0.060074
0.0887247
0.0887251
0.0198208
0.124285
0.121205
0.129945
0.115594
0.115608
0.130361
0.130339
0.117882
0.114112
0.384707
0.373013
0.308798
0.307578
0.480426
0.480439
0.443524
0.443524
0.279229
0.279215
0.0588151
0.0374076
0.0935254
0.107028
0.124487
0.122146
0.106838
0.118026
0.124214
0.0197761
0.121185
0.129877
0.11408
0.11784
0.373028
0.384716
0.0551167
0.120151
0.118423
-0.00684852
0.125786
0.118416
0.120575
0.119906
0.120643
0.129037
0.124815
0.118631
0.0835534
0.0183352
0.120824
0.126022
0.0551
-0.00684203
0.118421
0.120122
0.0836393
0.126026
0.120821
0.0196431
0.120655
0.11863
0.124812
0.129035
0.12578
0.11991
0.120571
0.118416
0.0139097
0.0178287
0.037664
0.0351516
0.0128071
0.0351259
0.0376655
0.017824
0.0624807
0.0678132
0.0524114
0.0504496
0.0624785
0.0504444
0.0524098
0.0678127
0.120828
0.205171
0.181585
0.10358
0.201014
0.36802
0.246387
0.22271
0.201052
0.22229
0.246352
0.368421
0.120876
0.103612
0.18158
0.205126
0.0238211
0.0373386
0.0464262
0.0253135
0.1074
0.107408
0.204746
0.125481
0.109509
0.125574
0.204769
0.107454
0.0235403
0.0253066
0.0464251
0.0373469
0.0908913
0.0906464
0.0747751
0.113797
0.103011
-0.00526752
0.0433235
0.0956933
0.118272
0.110995
0.121137
0.0634698
0.109949
0.119525
0.117239
0.106247
0.0908867
0.113794
0.0748369
0.0906419
0.10994
0.106231
0.117204
0.119517
0.118239
0.067347
0.121085
0.110974
0.102966
0.0956811
0.043293
-0.00535569
0.0796176
0.0820768
0.095378
0.0927889
0.0796156
0.092788
0.0953786
0.082077
0.120033
0.122372
0.108817
0.106123
0.120081
0.106129
0.108823
0.122393
0.213595
0.209933
0.484001
0.461223
0.161347
0.418494
0.463309
0.19114
0.161546
0.189969
0.463304
0.418501
0.21358
0.461214
0.483989
0.20998
0.10463
0.101848
0.118221
0.1236
0.0670217
0.0919395
0.105779
0.0873726
0.0877697
0.126778
0.114825
0.0998576
0.129321
0.0677301
0.125497
0.132543
0.104605
0.123523
0.118164
0.10181
0.129293
0.132386
0.125456
0.0908887
0.0877617
0.0998009
0.114779
0.126766
0.0670447
0.0873611
0.105727
0.0918802
0.131823
0.129771
0.130406
0.116411
0.131798
0.116432
0.130392
0.129746
0.107753
0.0986178
0.129158
0.110681
0.107723
0.110556
0.129394
0.0985956
0.151156
0.15944
0.221588
0.339115
0.110588
-0.0240205
0.081586
0.144957
0.108645
0.14434
0.0815719
-0.0248403
0.151128
0.339103
0.221578
0.159441
0.140168
0.18238
0.238875
0.18677
0.140153
0.186749
0.239165
0.182307
0.113574
0.127596
0.165776
0.118398
0.11358
0.118391
0.1658
0.12761
-0.0293538
0.00638484
0.00658127
0.0173217
0.0457259
0.0306758
0.0082208
0.0254276
0.0413133
0.0138004
0.0107662
0.0331003
0.00630813
-0.0303659
0.00656887
0.0456057
0.0175163
0.0306771
0.0254174
0.00801256
0.0413271
0.0107843
0.0137884
0.0330762
0.0688097
0.0758478
0.0875154
0.0726133
0.119468
0.112927
0.101371
0.126965
0.108453
0.111451
0.102393
0.186778
0.101804
0.119071
0.0993368
0.158146
0.0688098
0.0726133
0.0758483
0.087521
0.11932
0.126868
0.112931
0.101293
0.108442
0.186658
0.111446
0.102377
0.10177
0.158197
0.119006
0.0993435
-0.00424546
0.00917758
0.00783718
0.0214824
0.0171354
0.0171405
0.0206246
0.020647
0.0313679
0.0384399
0.120602
0.0389246
0.0589336
0.0539836
0.0865478
0.141972
0.132657
0.135129
0.129257
0.168368
0.060381
0.064201
0.0814071
0.104027
0.0628125
0.0628119
0.0921742
0.111785
0.132818
0.128279
0.131875
0.217857
-0.0402057
-0.0402068
-0.0281898
0.14715
0.101026
0.107169
0.128575
0.150851
-0.00424574
0.00913909
0.00781137
0.0219886
0.0313694
0.0384589
0.120618
0.0389486
0.058764
0.0538815
0.0865072
0.14196
0.0603554
0.0641132
0.0810721
0.103628
0.132776
0.128211
0.131875
0.217974
0.101024
0.107174
0.128575
0.150884
0.0918212
0.0939381
0.0856814
0.0988805
0.119232
0.122219
0.118848
0.120268
0.07544
0.0754406
0.0716302
0.0787846
0.131089
0.131654
-0.0235264
-0.00555253
0.129068
0.129055
0.125612
0.129289
0.0923629
0.0949912
0.101837
0.162383
0.438138
0.438146
0.411515
0.458433
0.302354
0.30248
0.329419
0.241062
0.0919592
0.0939451
0.0856616
0.098883
0.119233
0.122219
0.118849
0.120263
0.130993
0.13158
-0.0235776
-0.0056301
0.0923989
0.094985
0.101828
0.162415
0.120372
0.121698
0.122833
0.121936
0.120366
0.121698
0.122832
0.121935
0.0412098
0.0443349
0.0443361
0.0481922
0.194625
0.190359
0.191381
0.259723
0.191921
0.181393
0.207377
0.191919
0.0712952
0.11648
0.0798219
0.118904
0.0713148
0.113486
0.0799821
0.118857
0.102112
0.0988417
0.105535
0.102114
0.452855
0.461988
0.443612
0.452893
0.113342
0.111973
0.116444
0.118586
0.113276
0.11193
0.116404
0.118534
0.134271
0.130784
0.130781
0.13047
0.110603
0.134759
0.134756
0.156618
0.218679
0.240652
0.175021
0.218671
-0.0389595
-0.0211555
0.0329516
0.0229165
0.00950655
0.0171263
0.0146358
0.0935591
0.0156971
0.0246427
0.100836
0.0258184
0.0422271
0.054673
0.0753133
0.139443
0.0454592
0.0592455
0.0631009
0.103111
0.04576
0.0580433
0.0686416
0.102556
0.0145157
0.0156221
0.061318
0.0938093
0.0465506
0.0332814
0.0784607
0.0877278
0.0949003
0.126681
0.118881
0.167279
0.0318161
0.0454834
0.0757968
0.112656
0.0690504
-0.0327819
-0.00925735
0.134991
0.0705979
0.0942288
0.106948
0.130485
0.00939841
0.0171283
0.0146133
0.0933635
-0.0388984
-0.0211568
0.0337098
0.0229083
0.0157178
0.0245838
0.100738
0.0256978
0.045067
0.059299
0.0630984
0.102566
0.0422241
0.0545588
0.0752025
0.13947
0.0457646
0.0580293
0.0686531
0.102391
0.0465047
0.0332528
0.078505
0.0877304
0.0145125
0.0156858
0.0613283
0.093809
0.0949137
0.126615
0.119193
0.16727
0.0697209
-0.0327596
-0.00925166
0.134995
0.0320613
0.0454206
0.0756469
0.112715
0.0705987
0.094236
0.106879
0.13012
0.0618683
0.0526694
0.121415
0.0587297
0.0826322
0.0817552
0.0828755
0.0861909
0.100209
0.112179
0.107464
0.104641
0.073382
0.0753653
0.0713049
0.0769733
0.121304
0.134624
0.106316
0.137158
0.110072
0.10011
0.0912473
0.112678
0.112666
0.128159
-0.0454634
0.116822
0.127438
0.12913
0.12425
0.129512
0.117706
0.123951
0.123619
0.208108
0.118907
0.12304
0.123063
0.119883
0.0968511
0.095063
0.102303
0.171523
0.281925
0.394304
0.328347
0.364724
0.104527
0.106028
0.127429
0.156033
0.12723
0.131366
0.127323
0.129954
0.0969887
0.0966008
0.109572
0.159808
0.214791
0.376528
0.32077
0.29567
0.0618682
0.0526959
0.121419
0.058735
0.073377
0.0753917
0.0713055
0.0769736
0.0826541
0.0817568
0.0828696
0.0861847
0.100227
0.112173
0.107466
0.10464
0.121308
0.134614
0.106312
0.137156
0.127369
0.129088
0.124202
0.129459
0.110792
0.100103
0.091239
0.112671
0.112589
0.128139
-0.0455676
0.116749
0.1177
0.123958
0.123739
0.208105
0.282019
0.394325
0.32808
0.364728
0.118908
0.123049
0.123065
0.11988
0.0968412
0.0950635
0.102296
0.171507
0.104524
0.106024
0.127473
0.156012
0.214804
0.376518
0.320771
0.295683
0.127181
0.1313
0.127269
0.129899
0.096972
0.0965445
0.109565
0.159765
0.0817891
0.118799
0.115028
0.117094
0.0887466
0.175485
0.148273
0.165656
0.0218533
0.0348988
0.0314145
0.0314151
0.0303924
0.0414754
0.0348152
0.0348951
0.122713
0.120601
0.121596
0.121987
0.0419931
0.044235
0.0382204
0.0463155
0.0993928
0.108184
0.0992845
0.103105
0.187583
0.2122
0.21757
0.15834
0.134079
0.134042
0.126012
0.12527
0.167952
0.240843
0.198769
0.197182
0.0979678
0.107942
0.107485
0.100212
0.126121
0.130883
0.130682
0.125162
0.130541
0.171554
0.160424
0.160423
0.196661
0.212119
0.20791
0.20791
0.12902
0.126013
0.127253
0.124684
0.214727
0.185381
0.177477
0.193572
-0.022792
-0.0314967
-0.0371958
-0.0381091
0.139486
0.157052
0.148538
0.148546
0.130034
0.123067
0.123054
0.128632
0.142622
0.185504
0.172462
0.106511
0.0817187
0.118778
0.115013
0.117092
0.0887497
0.175497
0.163473
0.148402
0.122723
0.120603
0.121596
0.121988
0.0419995
0.0442368
0.0382236
0.0463181
0.0993086
0.108114
0.103037
0.0992113
0.187562
0.212332
0.217229
0.158968
0.0979285
0.107892
0.107438
0.100177
0.12622
0.130872
0.130662
0.125263
0.129019
0.126013
0.124683
0.127252
0.214711
0.185384
0.193578
0.177516
0.13002
0.123037
0.128606
0.123029
0.142623
0.185504
0.106504
0.172446
0.068984
0.050588
0.0538992
0.0431937
0.099768
0.101747
0.0968408
0.103599
0.120288
0.123448
0.124231
0.124087
0.118339
0.117991
0.115181
0.118228
0.0640415
0.0563073
0.0600994
0.0600985
0.0854662
0.0921489
0.0887657
0.0887666
0.0202308
0.0502862
0.0262285
0.0664067
0.126987
0.124671
0.122263
0.128477
0.11892
0.112228
0.115584
0.11559
0.129944
0.130615
0.130316
0.130306
0.11122
0.118042
0.11662
0.113651
0.295336
0.456264
0.387764
0.379079
0.361452
0.312786
0.31877
0.317522
0.475404
0.472172
0.479728
0.479893
0.388427
0.419382
0.403015
0.403017
0.140025
0.198653
0.21662
0.216605
0.0690602
0.0506129
0.0538385
0.0431188
0.0997656
0.101748
0.0968419
0.103594
0.120244
0.123446
0.124088
0.124235
0.118297
0.117964
0.115152
0.118203
0.0202018
0.0503088
0.0664394
0.0261833
0.126921
0.124604
0.122236
0.128385
0.111194
0.117996
0.113616
0.11658
0.295312
0.45627
0.379122
0.3878
0.063705
0.114315
0.119466
0.121489
0.124031
0.123144
0.122641
0.122371
0.122703
0.121546
0.126819
0.124913
0.106134
0.118465
0.116255
0.118945
0.0641876
0.114667
0.119464
0.121494
0.106121
0.1184
0.116251
0.118944
0.122679
0.12169
0.126816
0.124909
0.124033
0.123154
0.12264
0.12237
0.0186818
0.0264733
0.0307307
0.0304996
0.018678
0.026444
0.0307314
0.0304919
0.0599405
0.0636629
0.0558804
0.0600388
0.0599393
0.0636612
0.0558778
0.0600331
0.124946
0.165013
0.13073
0.156825
0.201283
0.280829
0.222822
0.290106
0.201023
0.280485
0.222803
0.289419
0.124867
0.165017
0.13069
0.156813
0.0866642
0.0289986
0.123817
0.0336989
0.160079
0.163717
0.180552
0.188973
0.163665
0.161593
0.188995
0.180663
0.0290229
0.086936
0.0337632
0.123718
0.0866849
0.0837081
0.0641187
0.080303
0.0382219
-0.00365004
0.0279137
0.0177076
0.1229
0.118515
0.123286
0.119362
0.11601
0.111628
0.117567
0.114747
0.0867784
0.0836904
0.0641232
0.080489
0.115994
0.111608
0.117544
0.114718
0.122848
0.118478
0.123233
0.11941
0.0384572
-0.00374133
0.0278378
0.017637
0.0867158
0.0835904
0.090209
0.088457
0.083591
0.086709
0.0885111
0.09021
0.117332
0.113499
0.115418
0.110463
0.113522
0.117366
0.110483
0.115438
0.308162
0.380648
0.387331
0.454882
0.262651
0.346843
0.364734
0.426711
0.346896
0.262678
0.426773
0.364742
0.380456
0.308175
0.454874
0.387315
0.111884
0.115555
0.120408
0.118797
0.0845269
0.0841006
0.0928079
0.0939117
0.105427
0.112208
0.106619
0.116126
0.131295
0.131397
0.132364
0.131413
0.111849
0.115492
0.120337
0.11885
0.131256
0.131351
0.132173
0.131368
0.105398
0.112179
0.10657
0.116095
0.0845491
0.0840695
0.0927551
0.0938808
0.132598
0.130052
0.130708
0.130278
0.132567
0.130005
0.130672
0.130245
0.0895982
0.115319
0.10834
0.112574
0.0895836
0.114762
0.108332
0.112612
0.148028
0.268384
0.223891
0.295617
0.0161051
0.118033
0.0548326
0.0501577
0.0161459
0.117904
0.0548209
0.0502965
0.148044
0.268309
0.223899
0.295605
0.194545
-0.0768854
0.217632
0.0970062
-0.078087
0.194379
0.097007
0.217694
0.123925
0.159552
0.158082
0.154704
0.159359
0.123933
0.155212
0.158143
0.0158513
-0.00993033
0.0123438
0.070276
0.0633904
0.0134173
0.0599123
0.107622
0.102572
0.111418
0.0585516
0.102935
0.0557143
0.0858271
0.0839789
0.0769442
0.0793514
0.113077
0.0617757
0.0849907
0.0907599
0.0522702
0.0775995
0.101425
0.0120556
0.0698836
0.0157662
-0.00982093
0.0632509
0.0134048
0.102574
0.111135
0.0589242
0.107609
0.0585513
0.102984
0.0839534
0.0770121
0.055708
0.0857735
0.0793998
0.113059
0.0907676
0.0521759
0.061725
0.0850631
0.0774046
0.101392
0.116431
0.0653851
0.0844909
0.0794912
0.0960203
0.0915496
0.0664802
0.0762511
0.0994852
0.133892
0.0960635
0.119678
0.105146
0.105601
0.12361
0.129484
0.118846
0.204021
0.118232
0.112934
0.104693
0.177302
0.189137
0.206192
0.124028
0.158764
0.120484
0.126083
0.113718
0.157969
0.162188
0.156482
0.114749
0.0653853
0.0663433
0.0762502
0.0844862
0.0794942
0.0960144
0.0915485
0.0994719
0.13388
0.123545
0.12943
0.096037
0.119656
0.105083
0.105542
0.118917
0.203997
0.188927
0.206141
0.118232
0.112893
0.104683
0.177292
0.124008
0.158791
0.163604
0.156477
0.120455
0.126045
0.113697
0.157906
0.0230013
-0.0011711
0.00919682
0.0854507
-0.0052547
0.00152223
0.0478334
0.073245
0.0202287
0.0214384
0.0202223
0.0214127
0.018222
0.0182189
0.0242369
0.0242331
0.121826
0.03224
0.121342
0.050426
0.119667
0.119507
0.0386531
0.0461586
0.0866157
0.157954
0.0833222
0.096408
0.0959335
0.0985263
0.179882
0.124679
0.0869555
0.120796
0.0869659
0.120767
0.127611
0.127374
0.207954
0.208271
0.0778648
0.101726
0.0875856
0.104762
0.0969652
0.088938
0.116203
0.109969
0.0734036
0.0739076
0.073416
0.0740788
0.118598
0.118595
0.155527
0.155105
0.129318
0.203179
0.126797
0.21644
0.1299
0.128349
0.219329
0.225547
-0.033886
0.136644
-0.0338821
0.136643
-0.0319356
-0.031961
0.130476
0.13048
0.125691
0.14618
0.129667
0.154661
0.130625
0.130342
0.158712
0.148975
0.0230324
-0.0011694
0.00920068
0.0855007
-0.00533257
0.00150704
0.0732204
0.0478817
0.121816
0.0322218
0.121352
0.0504399
0.119656
0.119511
0.0386436
0.046164
0.0865535
0.157843
0.0832919
0.102321
0.0984522
0.0958571
0.179513
0.124695
0.0778087
0.101308
0.0874187
0.104551
0.096961
0.0889305
0.116214
0.109954
0.129312
0.202879
0.126787
0.216498
0.128352
0.129898
0.2256
0.219322
0.125634
0.146171
0.129634
0.154692
0.130376
0.130616
0.146879
0.158692
0.0828923
0.0921887
0.0889935
0.106217
0.092099
0.0946273
0.0960116
0.102682
0.113784
0.11485
0.122683
0.121538
0.120129
0.115629
0.117433
0.119811
0.0716079
0.0787539
0.0716082
0.078754
0.0678289
0.0678281
0.0821005
0.0821013
-0.0248037
0.124665
0.00665075
0.000668692
-0.00541425
0.0158676
0.125743
0.13004
0.125785
0.129476
0.125761
0.129449
0.122319
0.122329
0.129693
0.129681
0.10089
0.166103
0.105973
0.161251
0.109271
0.105734
0.20611
0.195891
0.394422
0.446723
0.394712
0.446733
0.378701
0.378997
0.469559
0.469537
0.403674
0.365456
0.403675
0.365445
0.364385
0.364386
0.257258
0.258696
0.0828923
0.0921886
0.0890191
0.106259
0.0921032
0.0946184
0.0960121
0.10268
0.113801
0.114856
0.12269
0.121544
0.115707
0.12012
0.117424
0.119802
-0.0249022
0.124581
0.00645262
0.000607854
0.0181308
-0.00542349
0.125669
0.129964
0.100881
0.1661
0.105955
0.161244
0.105723
0.109251
0.196073
0.20613
0.117421
0.120209
0.118886
0.119959
0.124664
0.12266
0.123048
0.123755
0.117383
0.120208
0.118885
0.119955
0.122659
0.124663
0.123753
0.12304
0.0378573
0.0378582
0.0409671
0.0481066
0.0409687
0.0481084
0.0524476
0.0524465
0.190691
0.190691
0.192291
0.214225
0.214239
0.192716
0.255684
0.255833
0.175174
0.19963
0.0463062
0.046306
0.210365
0.210365
0.199561
0.175214
0.0651596
0.0509834
0.10067
0.117531
0.0502804
0.111515
0.119891
0.116798
0.0653532
0.0509583
0.10044
0.117495
0.11072
0.0502421
0.116758
0.119842
0.0987078
0.10543
0.095436
0.0954371
0.108849
0.108852
0.0987086
0.105428
0.480651
0.470224
0.467663
0.467648
0.431656
0.431661
0.470226
0.480652
0.107986
0.112353
0.114304
0.108114
0.117325
0.12254
0.119347
0.122935
0.1123
0.10793
0.114255
0.108067
0.1225
0.117285
0.11929
0.122885
0.131484
0.13141
0.130612
0.133358
0.130603
0.133346
0.130343
0.130337
0.0854828
0.0854899
0.192347
0.11451
0.114393
0.192349
0.177727
0.177757
0.235019
0.176198
0.242869
0.243047
0.166498
0.166508
0.235292
0.17553
0.0623041
-0.00129499
0.045056
0.0743246
0.0144672
0.0174431
0.0458903
0.0239444
0.081864
0.120648
0.0184766
0.0316525
0.0787479
0.0889218
0.157618
0.184184
0.0773797
0.0862754
0.142987
0.182719
0.0717974
0.0836159
0.106925
0.106503
0.0892606
0.0754753
0.132821
0.131865
0.114976
0.0899236
0.123579
0.106047
0.105288
0.12361
0.146856
0.190371
0.0925818
0.100578
0.128598
0.128905
0.0926347
-0.0062061
0.135493
0.120218
0.105186
0.122894
0.121091
0.140273
0.0144475
0.0174348
0.0458432
0.0239306
0.062876
-0.00129643
0.0450775
0.0744881
0.0818529
0.120601
0.0182026
0.03161
0.0848169
0.0863109
0.156507
0.18284
0.0787279
0.0888799
0.157607
0.184167
0.071784
0.0836037
0.106942
0.106497
0.114934
0.0898706
0.124207
0.106057
0.089219
0.0750659
0.132922
0.131915
0.105165
0.123616
0.146839
0.190378
0.0926134
-0.00620133
0.135489
0.120189
0.0925431
0.100715
0.128667
0.128866
0.105048
0.122884
0.121057
0.140178
0.126774
0.120355
0.0618054
0.0544498
0.0904162
0.0893386
0.0829854
0.0895677
0.121533
0.118131
0.0971087
0.109756
0.0671346
0.0677629
0.0800444
0.081932
0.10667
0.122503
0.134418
0.134093
0.100361
0.0969176
0.116552
0.109576
0.10904
-0.0105599
0.110609
0.120864
0.120481
0.122284
0.131913
0.129705
0.118676
0.128737
0.207747
0.217968
0.121671
0.121519
0.113927
0.119175
0.10832
0.106921
0.214852
0.211952
0.247432
0.347524
0.30171
0.43357
0.129872
0.131322
0.156487
0.159901
0.122307
0.127247
0.130403
0.0514626
0.116283
0.112653
0.161916
0.180923
0.245126
0.403877
0.184629
0.339877
0.126781
0.120358
0.0618086
0.0544538
0.067135
0.0677688
0.0800411
0.0819814
0.090408
0.0893327
0.0829824
0.0895653
0.121533
0.118129
0.0971913
0.109746
0.106645
0.122471
0.134398
0.134077
0.120435
0.122253
0.131876
0.129667
0.100334
0.096904
0.116521
0.109567
0.108982
-0.0106651
0.110559
0.120796
0.118673
0.128735
0.207753
0.217945
0.247428
0.347166
0.30174
0.433634
0.121681
0.12153
0.113919
0.119167
0.108307
0.106906
0.214858
0.212006
0.12986
0.131312
0.156355
0.159876
0.245118
0.403903
0.184596
0.339892
0.122264
0.127189
0.130352
0.0597736
0.116254
0.112634
0.161907
0.180917
0.118017
0.0694631
0.088465
0.118816
0.113837
0.153667
0.193647
0.150955
0.021122
0.0343654
0.034365
0.0211202
0.0410628
0.0307001
0.0306963
0.0410616
0.121308
0.119974
0.12149
0.123897
0.0374684
0.0342369
0.052105
0.0523673
0.0940026
0.103437
0.112274
0.102507
0.233179
0.207846
0.137096
0.161135
0.110403
0.127085
0.127076
0.110379
-0.043769
0.236561
0.236657
-0.0452095
0.108263
0.114229
0.103623
0.0926585
0.130384
0.131611
0.117779
0.120558
0.16687
0.127685
0.127685
0.16687
0.148935
0.20825
0.208271
0.149054
0.127918
0.12593
0.121281
0.123943
0.196253
0.165606
0.2268
0.211852
-0.0166973
0.0559637
0.0559414
-0.0166896
0.140123
0.172584
0.172037
0.140256
0.123175
0.117264
0.128329
0.131137
0.141439
0.242524
0.120083
0.130712
0.0694005
0.118016
0.118817
0.0884342
0.150919
0.193668
0.153652
0.115307
0.119971
0.121273
0.123895
0.121491
0.0342304
0.0374701
0.0523695
0.0521092
0.10245
0.112222
0.103381
0.0939424
0.206985
0.23319
0.161126
0.137086
0.114314
0.10821
0.0926017
0.103578
0.131586
0.130363
0.120551
0.118018
0.123944
0.121279
0.125931
0.127917
0.211901
0.226794
0.165564
0.196209
0.130775
0.128362
0.117225
0.123154
0.130703
0.120084
0.242528
0.141413
0.0740039
0.0651972
0.03608
0.0556399
0.0950904
0.0932367
0.106646
0.108593
0.121862
0.121235
0.125188
0.120821
0.0870196
0.112907
0.118338
0.117592
0.064002
0.0562472
0.0562458
0.0640012
0.0854008
0.092049
0.0920496
0.0854011
0.00525514
0.0339003
0.122499
0.119717
0.122989
0.122754
0.130501
0.12834
0.118983
0.112206
0.112215
0.119
0.130066
0.130722
0.130704
0.130042
0.114642
0.120661
0.116524
0.110376
0.302855
0.461194
0.444464
0.280199
0.339351
0.278432
0.27767
0.338316
0.483329
0.471966
0.471962
0.483327
0.432311
0.454455
0.454453
0.432301
0.250653
0.311337
0.311346
0.250639
0.0651871
0.074119
0.0553476
0.0360007
0.0932349
0.0950912
0.108584
0.106635
0.120819
0.125188
0.121234
0.121892
0.112895
0.0871077
0.117563
0.11832
0.119786
0.122461
0.0338614
0.00517907
0.122686
0.122502
0.128286
0.130445
0.110351
0.116491
0.120613
0.114614
0.280218
0.444473
0.461197
0.302852
0.028853
0.083651
0.0854856
0.0241378
0.121103
0.122009
0.120433
0.122564
0.119729
0.115592
0.119747
0.120277
0.0134723
0.0405803
0.0648404
0.0769508
0.090163
0.103156
0.125952
0.124906
0.116005
0.121874
0.122311
0.111957
0.122672
0.12103
0.121928
0.123694
0.120819
0.121541
0.123986
0.123305
0.114723
0.121406
0.117876
0.120669
0.130753
0.12854
0.127753
0.129294
0.123352
0.124431
0.126077
0.126035
0.121395
0.123812
0.121294
0.120337
0.0518586
0.0598629
0.107031
0.101345
0.00185959
0.0856619
0.102687
0.0586594
0.121566
0.123657
0.11876
0.118781
0.130592
0.126688
0.12123
0.126483
0.0285077
0.0251508
0.0848775
0.08327
0.0134192
0.0769963
0.0648417
0.0405964
0.119723
0.120278
0.119736
0.11558
0.121106
0.122515
0.120368
0.122024
0.051861
0.101419
0.107022
0.0598451
0.130587
0.126483
0.121232
0.126644
0.121563
0.11878
0.118756
0.123658
0.0018537
0.0569999
0.103116
0.0856665
0.114725
0.120676
0.117877
0.12143
0.121396
0.120335
0.121289
0.12383
0.123352
0.126036
0.126075
0.124431
0.130784
0.129325
0.127751
0.128538
0.0901883
0.124907
0.125963
0.103164
0.120831
0.123304
0.12399
0.121549
0.122667
0.123691
0.121925
0.121032
0.116011
0.111957
0.122315
0.12174
0.0110975
0.0135284
0.0183906
0.0175093
0.0204268
0.0214879
0.0207679
0.0184966
0.0410884
0.0408435
0.0340972
0.0346321
0.0355148
0.0290401
0.0303632
0.0381103
0.0110598
0.0174639
0.0183727
0.0134965
0.0355071
0.0381104
0.0303435
0.0289312
0.0410894
0.0346316
0.0340974
0.0408446
0.0204227
0.0184778
0.0207634
0.0214864
0.0690103
0.0711075
0.0635907
0.0638061
0.0716194
0.064022
0.0639583
0.0715633
0.0481504
0.0480624
0.0562101
0.0562774
0.0431037
0.0545831
0.0560291
0.0463019
0.0690799
0.0638041
0.0635906
0.0710806
0.0430958
0.0462966
0.0560258
0.054574
0.0481493
0.0562764
0.0562045
0.0480604
0.0716188
0.0715615
0.0639526
0.0640211
0.0727123
0.139538
0.144036
0.0850735
0.212211
0.206942
0.183002
0.186855
0.169488
0.177628
0.148923
0.181629
0.0925284
0.0646176
0.111685
0.140684
0.197733
0.269585
0.223164
0.202888
0.406385
0.349818
0.320091
0.371486
0.222192
0.194784
0.258707
0.287345
0.221867
0.216338
0.201077
0.214692
0.197791
0.202885
0.223152
0.269584
0.22189
0.214762
0.201086
0.216381
0.224312
0.286474
0.258666
0.194795
0.406368
0.371459
0.319832
0.349622
0.0726934
0.0850861
0.144017
0.139441
0.0925272
0.140697
0.111695
0.0646223
0.169535
0.181727
0.148917
0.177597
0.212204
0.186858
0.183005
0.206946
0.0274436
0.00956859
0.0712831
0.102862
0.0102628
0.0800476
0.101671
0.00734017
0.178946
0.0405022
0.0387129
0.164866
0.0201315
0.035599
0.0288864
0.0295756
0.0590037
0.0904688
0.150249
0.0944491
0.115626
0.188738
0.149995
0.0640347
0.204719
0.187795
0.198752
0.212858
0.0550899
0.0916462
0.157409
0.100053
0.0592565
0.0944106
0.150195
0.0905199
0.0534955
0.100227
0.157385
0.0915764
0.204497
0.212857
0.198706
0.187743
0.115633
0.0641259
0.149972
0.188621
0.0272847
0.10131
0.0713049
0.00944932
0.0201102
0.0295737
0.0288783
0.0368042
0.178961
0.164871
0.0387098
0.0405018
0.0103513
-0.000723936
0.101764
0.0800719
0.0852567
0.0836882
0.0972799
0.0980692
0.0842529
0.0706033
0.0757911
0.08186
0.0838145
0.114893
0.0734789
0.0577931
0.118369
0.110902
0.0971759
0.116224
0.098652
0.067222
0.0210348
0.0934972
-0.0279145
0.0109429
0.00243146
-0.0252471
0.0594148
0.0435261
0.0293701
0.0405207
0.0873474
0.0902306
0.0472643
0.0616132
0.116164
0.111321
0.120304
0.125022
0.10368
0.112724
0.116672
0.107761
0.12025
0.0862456
0.122036
0.119349
-0.0144589
0.129303
0.125285
0.0419749
0.108192
0.11678
0.112329
0.103238
0.121175
0.118538
0.118102
0.121285
0.117298
0.116276
0.117045
0.117963
0.100391
0.101537
0.111001
0.109895
0.0852481
0.0980849
0.0972802
0.0836832
0.118365
0.11621
0.0972032
0.110899
0.0838851
0.0577814
0.0734692
0.114869
0.0842465
0.0818581
0.0757444
0.0702851
0.108177
0.10323
0.112314
0.116789
0.100383
0.109868
0.110977
0.101528
0.117256
0.117931
0.117014
0.116237
0.121169
0.121281
0.118093
0.118519
0.116085
0.124977
0.120266
0.111316
-0.0145063
0.0420354
0.12523
0.129241
0.120199
0.119302
0.12199
0.0866286
0.103677
0.107744
0.116671
0.112696
0.0986026
0.0934461
0.0209387
0.0665216
0.0873571
0.0613311
0.0468154
0.0902484
0.0594174
0.0404784
0.0292437
0.0436572
-0.0280168
-0.025352
0.0023632
0.0108944
0.0760501
0.07671
0.0833807
0.082841
0.0787689
0.0854331
0.085172
0.0786473
0.0987743
0.0984188
0.091763
0.0920986
0.0955345
0.089186
0.089972
0.0965033
0.0760516
0.0828394
0.0833739
0.0767084
0.0955357
0.0964997
0.0899697
0.0891829
0.0987754
0.0920995
0.0917951
0.0984198
0.0787696
0.0786978
0.0852273
0.0854339
0.123262
0.123902
0.116967
0.116163
0.125687
0.118952
0.118836
0.125671
0.105482
0.105166
0.112001
0.112217
0.102571
0.109465
0.110067
0.103201
0.123322
0.116178
0.117
0.12396
0.102549
0.103206
0.110085
0.109448
0.105482
0.112221
0.112016
0.10517
0.125698
0.125707
0.118861
0.118959
0.181599
0.177944
0.306295
0.293941
0.16341
0.300588
0.305169
0.168903
0.461017
0.471268
0.45956
0.459253
0.457642
0.417405
0.446353
0.478606
0.15816
0.230023
0.258073
0.158964
0.333507
0.388584
0.416608
0.390439
0.44225
0.450348
0.436343
0.418052
0.162189
0.160371
0.271689
0.287711
0.158182
0.158951
0.258057
0.23192
0.162188
0.287733
0.271697
0.160279
0.442269
0.41805
0.436367
0.450327
0.333683
0.390493
0.416617
0.388692
0.181517
0.294179
0.306355
0.17793
0.457602
0.478603
0.446377
0.416826
0.461041
0.459256
0.459566
0.471262
0.163406
0.168892
0.305155
0.300591
0.0993361
0.104397
0.111102
0.11149
0.0836953
0.103078
0.121494
0.120487
0.115585
0.123791
0.121162
0.111099
0.0338217
0.121669
0.119842
0.124622
0.0483481
0.0703319
0.0812812
0.0638028
0.0888955
0.0980738
0.0909565
0.079288
0.110005
0.106458
0.100781
0.106598
0.0792362
0.0761965
0.091505
0.0949034
0.0523876
0.0928435
0.108045
0.0687026
0.127679
0.126646
0.119659
0.120502
0.114436
0.110226
0.114268
0.120209
0.0854285
0.0801582
0.104022
0.100946
0.121231
0.128598
0.131088
0.126227
-0.00244528
0.129271
0.131713
0.129645
0.119592
0.125547
0.130277
0.126408
0.129481
0.128803
0.132335
0.131302
0.0993076
0.111426
0.111056
0.104388
0.0363587
0.124563
0.119776
0.1216
0.115535
0.111055
0.121152
0.123722
0.0837005
0.120434
0.121442
0.103024
0.121324
0.126086
0.131051
0.12855
0.128865
0.131223
0.132318
0.128739
0.119546
0.126347
0.130229
0.125514
-0.00251438
0.110596
0.131665
0.129204
0.0522721
0.0687031
0.108022
0.0927859
0.0856147
0.100875
0.103978
0.0801405
0.114388
0.120174
0.114223
0.110165
0.127707
0.120389
0.119634
0.126629
0.0478963
0.0638717
0.0812563
0.0697646
0.0792151
0.0948631
0.0914705
0.0761968
0.109956
0.106573
0.100732
0.106417
0.0888571
0.0795798
0.090909
0.0980029
0.130956
0.13061
0.132254
0.135685
0.129381
0.130004
0.129991
0.129418
0.130541
0.130611
0.130654
0.130668
0.104316
0.134022
0.132421
0.131287
0.130929
0.135679
0.13222
0.130556
0.103643
0.131268
0.132395
0.133979
0.130537
0.13066
0.130627
0.130596
0.129369
0.129379
0.129956
0.129994
0.0904511
0.0583467
0.106961
0.102232
0.128575
0.127834
0.0978395
0.0750066
0.133809
0.12663
0.116767
0.132637
0.10445
0.101085
0.11717
0.121858
0.0904663
0.102268
0.101805
0.0579893
0.104502
0.121714
0.11713
0.101204
0.133813
0.132594
0.116776
0.126799
0.128209
0.0748715
0.097822
0.127752
0.160523
0.154822
0.168812
0.196021
0.153806
0.143922
0.138475
0.155538
0.156422
0.197875
0.269081
0.215897
0.255726
0.359223
0.319951
0.240126
0.0824526
0.0761369
0.10557
0.116554
-0.03408
-0.0347627
0.0237494
-0.0207319
0.110103
0.152689
0.0868348
-0.0627383
0.146558
0.1398
0.125733
0.135833
0.0824669
0.117225
0.105557
0.0761518
0.146549
0.135824
0.12573
0.140795
0.110104
-0.0596251
0.0868415
0.15269
-0.0340775
-0.0207207
0.0237467
-0.0347594
0.160518
0.196038
0.169116
0.154809
0.255821
0.240131
0.319954
0.359236
0.156425
0.21588
0.269083
0.197878
0.153829
0.155554
0.138465
0.143884
0.0844693
0.0867225
0.164496
0.123897
0.17313
0.196428
0.211675
0.110605
0.239251
0.22935
0.229452
0.240502
0.153942
0.152335
0.203443
0.201771
0.0844797
0.123893
0.163921
0.0863311
0.153975
0.202007
0.203497
0.152319
0.239291
0.240118
0.229434
0.229318
0.172894
0.110399
0.211651
0.193896
0.0170489
0.116229
0.148122
0.101015
0.146585
0.13951
0.132551
0.13927
0.175883
0.171536
0.164704
0.15757
0.0999349
0.122888
0.142076
0.144348
0.0171162
0.100895
0.148131
0.116468
0.0997294
0.144352
0.142096
0.122848
0.175895
0.157579
0.164863
0.171748
0.146581
0.139194
0.13261
0.139516
