-0.715
0.255
-1.98011
-0.704861
0.345
2.025
-0.745
0.769295
-1.845
-0.675
1.0614
1.995
0.715
0.255
-1.9796
0.705
0.345
2.02528
0.745
0.769295
-1.845
0.675
1.0614
1.995
0.112392
0.127707
0.105162
0.113033
0.112052
0.127658
0.107941
0.116832
0
0
0
0
0
0
0
0
0
0
0
0
0
0
0
0
0
0
0
0
0
0
0
0
0
0
0
0
0
0
0
0
0
0
0
0
0
0
0
0
0
0
0
0
0
0
0
0
0
0
0
0
0
0
0
0
0
0
0
0
0
0
0
0
0
0
0
0
0
0
0
0
0
0
0
0
0
0
0
0
0
0
0
0
0
0
0
0
0
0
0
0
0
0
0
0
0.0390262
0.0442601
0.0336276
0.0246751
0.0526893
0.0237514
0.0958992
0.048761
0.0533724
0.0622149
0.0389856
0.0340047
0.024817
0.0236941
0.0473865
0.0602994
0.00295264
0.09155
0.00654835
0.0769008
0.0214741
0.0117816
0.398644
0.482688
0.00139849
0.0919851
0.0784997
0.0125961
0.122061
0.121872
0.0310525
0.0984197
0.280262
0.0841641
0.0829433
0.010535
0.526846
0.152548
0.151803
0.0531163
0.291721
0.127196
0.00239897
0.0203928
0.0287144
0.0271661
0.0275455
0.0487624
0.0119507
0.0214448
0.0196443
0.00456112
0.0200464
0.0155369
0.0204152
0.00234282
0.0287168
0.0235018
0.027171
0.0488413
0.0215413
0.0118868
0.0196505
0.02042
0.00438114
0.0155582
0.00792947
-0.000116032
0.010706
0.00290937
-0.0174732
-0.000581229
0.0100876
0.00593497
0.0136814
0.0354427
-0.00184923
0.185647
0.0127025
0.0467538
-0.00320085
0.250879
0.00799537
0.0030436
0.00126503
0.0108965
-0.0173726
0.00595372
0.000363076
0.0114578
0.0146713
0.184339
0.0356672
-0.00332222
0.0149374
0.249184
0.0470658
-0.00225535
0.0502004
0.0812393
0.00515038
0.0502677
0.0346995
0.00385779
0.0386404
0.0363208
0.00562933
0.041855
0.0477907
0.0178847
0.0352304
0.0718246
0.0378977
0.0624885
-0.0692634
0.0439415
0.0262397
0.103818
0.0500339
0.0811626
0.0351349
0.00379354
0.0387976
0.037944
0.0476918
0.017909
0.0375816
0.062582
0.0261424
0.103742
0.0144374
0.00327434
-0.0187131
0.0012437
0.00686259
0.00259455
-0.000638629
0.00345047
-0.00265036
-0.00150497
0.0422902
0.264821
-0.00155123
0.0512247
0.00646385
0.0533724
0.0159183
0.00301549
-0.0192692
0.00422305
0.000960053
-0.00132361
0.0424308
0.263021
0.070156
0.0417615
0.0317325
0.0743498
0.0705302
0.0741428
0.0322305
0.0413708
0.0144839
0.0144523
0.0104901
0.0104667
0.0541686
0.0903485
0.0896529
0.0542118
0.0940378
0.107626
0.107319
0.094141
0.0126592
0.0124521
0.0445702
0.0389386
0.013432
0.0391731
0.0455895
0.0149772
0.00529523
0.00570825
0.00394248
0.00358779
0.278061
0.267664
0.265932
0.276462
0.0456468
0.091982
0.0528064
0.0467232
0.044886
0.0417162
0.0526329
0.0915962
0.0122596
0.0122804
0.0246577
0.0222864
0.221328
-0.0135332
-0.0135497
0.220541
0.0562386
0.0561356
0.0593805
0.0580713
-0.00602156
0.0252091
0.0252657
-0.00590604
0.0231385
0.0204324
0.00399483
0.000687323
0.00763711
0.00163483
0.0104762
0.00955153
0.0246833
-0.0060294
0.0251993
0.0220295
-0.00588024
0.0198193
0.000921295
0.00408241
0.00765919
0.0112065
0.00163535
0.00960229
0.000133272
0.000444522
-0.000549285
0.00239205
0.0193804
0.00290954
-0.00595265
0.00792384
0.00935524
0.00849347
0.000288787
0.14965
-0.00930368
0.00203538
0.000140801
0.0979157
0.000275665
0.00252604
0.000387769
-0.000680806
0.0194903
0.00794207
0.00328492
-0.00490626
0.00914365
0.150872
0.00872996
0.000201331
-0.00852545
0.099475
0.00212478
-0.000411074
0.0138623
0.00283603
0.0232368
0.0407598
0.000338727
0.00033441
0.00431561
0.0574184
-0.00464745
-0.00301552
0.0334656
0.0016717
0.0162153
0.000277402
0.0270401
0.00996257
0.000282868
0.000179845
0.0053461
0.0678109
0.000617851
0.0035936
0.0444358
-0.00121499
0.00359655
0.00361406
0.00525263
0.0411722
0.00337715
0.00310442
0.0032691
0.0298582
0.00159107
0.00165507
0.00278182
0.0333151
0.00216679
0.00511952
-0.00676424
0.0830806
0.0136848
0.00279306
0.0232987
0.0408002
-0.00428605
-0.00294199
0.0334532
0.00156811
0.0162335
0.00015791
0.0269568
0.01504
0.000302973
0.00355686
0.0394997
-0.00118351
0.00335898
0.00186197
0.00328671
0.0298667
0.002162
0.00306098
-0.00678717
0.0830617
0.000515696
-0.000580839
-0.0022238
0.00335934
-0.00317362
-0.00232391
0.00808271
0.000973655
0.00032338
0.000323168
0.00310245
0.00030922
0.00367073
0.00600639
6.9396e-05
-0.0110266
-0.00063356
-0.000634715
-0.00177564
0.000746318
-0.0019711
0.0148602
0.00267279
0.0846089
0.00912227
0.00911006
0.00307577
0.0173559
0.00414275
0.00416926
0.00211898
0.0091363
0.000415584
0.000257927
-0.00168336
0.0037908
-0.00331187
-0.00258349
0.00853667
0.000906659
0.00365758
0.00597855
0.000191542
-0.00755883
-0.00284135
0.00849247
0.00234843
0.0843898
-0.000596375
0.000175369
0.00556202
0.0114712
-0.000650765
-0.000313293
0.00553874
0.0112175
0.00193734
0.000231008
0.000227824
-0.00214677
0.0232743
-0.00769957
-0.00718268
-0.0116333
0.016921
0.0227377
0.0080446
0.0170745
0.00335702
0.00207905
-0.000726011
0.00481936
0.00399039
0.00262846
0.0027194
0.00536058
-0.00129216
0.00259359
-0.000874512
-0.00089309
0.00461997
0.00588129
0.0037701
0.00463155
0.0197109
0.00275155
-0.00269562
0.00734326
0.0196332
0.00278592
-0.00308389
0.00900991
-0.000730792
-0.00425607
-0.000123742
-0.00116827
0.00388124
0.00425044
0.00423547
0.00643484
0.00612073
0.0521061
-0.00513357
0.00555984
0.0340409
0.0401111
0.00518765
0.0453747
0.0280495
-0.000707723
0.0102751
0.0545656
0.0104886
0.0602208
0.0285242
0.00159379
0.00446096
0.02812
0.00527527
0.0397176
-0.00155985
0.0165278
0.0235297
0.0116081
0.00384125
0.0241901
0.00487601
0.0139652
0.00518249
0.0454494
0.0338143
0.0399658
0.0279554
-0.000741246
0.00427255
0.0611933
0.0106923
0.0536792
0.0285639
0.000430366
0.00525618
0.039965
0.00452846
0.0284659
-0.00148329
0.0165928
0.00410544
0.0249174
0.0234761
0.0125872
0.00489122
0.0145899
0.0411281
0.00312035
-0.00136937
0.00397008
-0.0137345
2.07661e-05
0.00222127
-2.89837e-07
0.0387066
-0.00285404
-0.0035735
0.0056968
0.000175368
-0.019025
-0.00145901
-0.00160548
0.00292819
0.06181
0.000473809
-1.14954e-05
0.00616711
0.0926374
0.00291359
0.0141403
-0.0118081
0.178544
0.000104193
-0.00429274
0.00439158
0.0873036
0.00306022
0.0116302
0.0411116
0.00311902
0.0022203
-2.41252e-07
-0.0017427
0.00383614
-0.0132635
-4.46526e-06
0.0370833
-0.00292267
-0.00145943
-0.00160583
-0.00268224
0.00567789
0.000158966
-0.0173977
0.00372974
0.0607252
0.00292351
0.0139243
0.000791882
-1.39462e-06
0.00678828
0.0940848
-0.00823302
0.176894
0.00281777
0.01167
0.00013522
-0.000863935
0.00396022
0.0880363
-0.00319204
0.00341164
0.0243378
-0.00119985
2.59349e-05
2.843e-05
0.00643367
0.00644889
-0.000443446
-0.00518323
0.00172955
-0.0015715
0.00326722
0.00465959
0.0503293
-0.00458834
-7.71284e-05
0.000816681
0.0043761
0.00438209
0.00302049
0.00604261
-0.000318229
-0.013405
0.00439045
0.00438121
-0.0221926
-0.0220449
-0.00571334
0.0103387
0.0020756
-0.0391054
0.00530371
0.00531726
0.00549202
0.00581982
0.00517788
0.000856856
0.0057987
0.00303538
-0.00338024
0.00336201
-0.00130287
0.0244042
-0.000274486
-0.00508188
0.00172854
-0.00157126
0.00456554
0.00318398
0.0495037
-0.00474869
0.00303088
0.00641337
-0.000320451
-0.00070229
0.0107042
-0.00636359
-0.039021
0.00202961
0.00260328
0.00521008
0.00301432
0.00579695
-1.65365e-05
1.29505e-05
0.00220372
-0.000780686
0.00522945
0.00450755
-0.000464357
0.000709189
9.67687e-05
9.67686e-05
3.30244e-05
3.27382e-05
0.00366231
0.00573142
0.00628961
-0.0117895
-0.00126366
-0.00126305
-0.000339506
-0.000351504
-0.000166708
-0.000433286
0.0074226
0.00275092
0.00675474
0.00675536
0.00736447
0.00739797
0.00475972
0.00478391
0.0020075
0.00199699
6.78847e-06
0.00110602
0.0026789
-0.000306448
0.00502929
0.00717718
-0.0016826
-0.000770727
0.00569734
0.00363215
0.00792187
-0.00538606
2.35785e-05
0.000640476
0.00274373
0.00745928
0.0470999
0.031037
0.00036094
0.0350554
-0.00799758
-0.00660636
0.00394323
0.0269777
0.00590449
0.00749011
0.00698849
0.00104103
0.0143337
0.0160935
0.0050496
0.00595485
0.04854
0.0353195
0.000137094
0.0309916
0.0143972
0.00593873
0.00509855
0.0155562
0.00642837
0.00124405
0.00636057
0.00644844
-0.00803289
0.0270612
0.0037454
-0.00607257
0.0112966
0.00472949
0.00188516
0.00168701
0.0112985
0.00158621
0.00188291
0.00472923
0.00495981
0.00211597
-0.00146089
0.000915548
0.00487723
0.000953023
-0.00145995
0.00211644
0.0153824
0.0252282
0.0166364
0.00918817
0.12765
0.0107693
-0.018596
-0.00140975
0.12672
-0.000999579
-0.0186564
0.010762
0.015465
0.00915949
0.0165116
0.0252671
0.0578438
0.062058
0.0362316
0.0572484
0.0395813
0.0486591
-0.0353305
0.0431874
0.0396745
0.0427147
-0.0352445
0.0486887
0.058028
0.0573019
0.0362479
0.0621707
-0.000865868
-0.00180365
0.00151699
-0.00175454
-0.00462352
0.00378184
0.0034011
-0.00270538
0.00334642
0.00355296
0.005182
0.00587265
0.00747233
-0.000782827
0.00279369
0.0042553
-0.00113043
-0.00244041
0.00121086
-0.00171534
0.00788136
0.0044323
0.00229024
-0.00162224
0.00316008
0.00598774
0.00637969
0.00368109
-0.00371347
-0.000873748
0.00504284
0.0037031
0.00318089
5.82129e-05
0.002268
0.00472467
0.00318093
0.00523986
0.00248022
5.79112e-05
0.00649506
-0.00271748
-0.00137559
0.0047349
0.00649542
0.00416132
-0.00158752
-0.00271656
0.128024
0.0884808
0.0112609
0.0278952
0.0931979
0.00675857
0.00778062
0.102412
0.0943252
0.103487
0.00779403
0.0067923
0.12576
0.027924
0.011287
0.0889173
0.0030009
0.04431
0.0071857
-0.0121504
0.0243203
0.0253951
0.0143206
0.039224
0.0250378
0.0032761
0.00582773
0.0279491
-0.00416303
-0.00305191
-0.00461274
-0.00331295
0.00216235
-0.00965799
0.00802102
0.0393669
-0.00251452
-0.00376558
-0.00286865
0.00019783
0.0249698
0.0278302
0.00583056
0.00324099
0.0245859
0.0392788
0.0143391
0.0256414
0.0112361
-0.00276312
-0.00785677
-0.00269851
0.0112295
-0.00280812
-0.000581672
-0.00276904
0.0134709
0.00484145
-0.000714301
-0.000883519
0.0168198
-0.000539199
-0.00034333
0.0061593
0.122257
0.136111
0.00945533
0.0128912
0.0110526
0.00601058
0.00844497
0.040105
0.0115569
0.040054
0.00841603
0.00614238
0.12342
0.0129
0.00943571
0.135224
0.0549173
0.0690563
0.0566386
0.0598781
0.055506
0.0593668
0.0562146
0.0695254
0.0228609
0.0352122
-0.000506093
0.0107929
0.0213344
0.0104725
3.75858e-05
0.0351449
0.00801092
0.0209683
0.00818592
0.0121633
0.0140976
0.00960253
0.00165239
0.00222044
0.00388263
0.0123453
0.00436935
0.00431461
0.0212416
0.00794653
0.00797989
0.0151538
0.0122478
0.00998909
0.00104511
0.00171222
0.00389571
0.00467659
0.0120822
0.00427642
-0.00171053
0.000369051
0.0299685
0.00252379
1.8548e-05
0.00213172
0.0302609
0.00783118
-0.00834289
0.002726
0.000353431
0.00904409
0.000456853
-0.00330088
-8.25881e-05
0.0121482
-0.00178531
0.00265774
0.000507831
0.0300675
-3.10392e-05
0.00784901
0.0021438
0.0290126
-0.0090766
0.00863743
0.00306212
-0.000201775
0.000168608
0.0121646
-0.00397755
0.000112796
0.00439529
0.000238812
0.00323434
0.0205251
0.000174645
0.000173488
0.000522746
0.0748316
-0.00364954
-0.000262371
0.0251233
0.00256105
0.000111751
-0.00109383
0.0239822
0.00959247
2.47923e-05
-8.90657e-05
0.0012816
0.0438308
0.000247311
0.00359084
0.0336284
-0.00214545
0.000324805
0.000333514
0.00284971
0.0245511
0.00179875
0.000609464
0.00229007
0.0269429
0.000188445
0.000111842
0.000966444
0.0437215
0.000797357
0.00159182
-0.00301168
0.0799906
0.00437079
-3.65539e-05
0.00286048
0.0204601
-0.00325825
-0.000184381
0.0248377
0.00251282
0.000423437
-0.00129279
0.0240901
0.00652202
0.000217802
0.00362402
0.0361259
-0.00212804
0.00179972
0.000606279
0.00228339
0.0269917
0.000803477
0.00162231
-0.0029908
0.0799613
5.40876e-05
-0.000565933
0.0287477
0.00348295
-0.00641153
-0.00549535
-0.000489985
0.000213796
8.65529e-06
8.65529e-06
-0.00275503
0.000204387
0.000203279
0.000511815
9.47551e-05
-0.000161569
-0.00164465
-0.00140466
-0.00177531
0.00360014
-0.00197511
0.00774056
-0.000574325
0.00806386
0.00168407
0.00170241
0.000604442
0.00106761
0.000455797
0.000450023
0.00110462
0.00116939
0.000361415
0.000228973
0.0294108
0.00374507
-0.00660107
-0.00582919
8.87357e-05
-0.000424315
0.000203815
0.000543197
9.37628e-05
-1.47259e-05
-0.00294944
0.00908611
-0.00164886
0.00682267
-0.00153417
-0.000433537
0.00195502
0.00162438
-0.00159389
0.000404474
0.00181618
0.00162078
-0.000119979
0.000190609
0.00019207
-7.60321e-06
0.0215254
-0.00164739
-0.00214481
-0.0124853
0.00106875
-5.95589e-05
-0.00224958
0.00103208
-0.000379786
0.000523571
0.0020642
-0.000152101
0.000163071
0.000473228
0.00197008
0.000415572
-0.00096931
0.00259374
-0.000874893
-0.000968484
0.000575618
-1.04736e-05
0.000218458
0.000558764
0.00200484
0.00432846
0.0113174
9.50002e-05
0.00196175
0.00420599
0.0114172
8.88465e-05
-0.000475356
-0.00129986
-0.000152123
9.51477e-05
0.00201852
0.000469587
0.000466037
0.00209433
0.00117623
-0.0288747
-0.00124678
0.00106663
0.00163479
-0.00358932
0.0114488
-0.00941658
-0.00355644
1.49118e-05
0.000433352
0.0708159
0.00187098
-0.00106029
0.0270987
0.000842001
0.00343738
0.000888515
0.0122637
0.0164828
0.0141324
0.000112593
-0.00924719
0.0375271
0.0042302
0.00039905
0.0224474
0.002018
0.000992728
-6.14491e-06
0.00760334
0.0203027
0.0049542
0.00100729
0.00332356
0.0192411
0.000842593
0.000645762
0.00344349
0.0128861
-0.00039409
0.000845892
0.00825748
0.00672996
0.00124403
0.000296229
-0.000656782
0.0374192
0.00103147
0.00124719
0.00249735
0.00843203
-0.00327569
1.15847e-05
0.000471217
0.0708291
0.00161344
-0.00358974
0.0114219
-0.00805426
0.00183352
-0.0010884
0.0269712
0.000814196
0.000168323
0.000150506
-0.00455748
0.0408611
0.003422
0.000875303
0.0122861
0.0167438
0.00312554
0.000352705
0.0228145
0.00207547
0.00487872
0.000995773
0.00335057
0.019306
0.000972078
0.000661338
0.00769388
0.020416
0.000823935
0.000643414
0.00343451
0.0128274
0.000931644
6.44539e-05
-0.000592146
0.0374753
-0.000466539
0.00082723
0.00810917
0.00592748
0.001061
0.00123993
0.00249479
0.00875875
-0.000194974
-0.00173055
0.0412486
0.00362787
5.15327e-05
0.000426499
0.029803
0.00406686
0.00045181
0.000676158
0.000161674
7.21369e-06
0.000123703
0.000314725
-0.00176596
0.000255018
0.0247785
0.000259691
0.0311063
-0.00184315
-0.00143796
9.41696e-07
0.0300426
0.00569409
0.00224177
0.00119625
9.28934e-05
0.000137244
-0.00153609
0.000770832
-0.00115192
0.00206331
0.000182513
0.00219039
-0.00365839
0.0561899
0.00250611
0.00195696
-1.14603e-05
1.13169e-05
-9.27416e-05
3.42626e-05
-9.35374e-05
0.00976767
0.00365892
0.00335079
0.000445848
0.0015093
-0.00889161
-0.0112761
-0.00415561
0.119572
0.00386769
0.00383626
1.59208e-05
8.41989e-05
2.32056e-05
-0.00950238
-0.00381735
0.0116879
0.0610247
0.00154395
0.00102069
0.00130188
-0.000203013
-0.00179056
0.0412494
0.00362703
0.000123671
0.000314512
-0.00176641
0.000254568
-0.000153151
2.09645e-08
0.0295921
0.0039329
0.000183698
0.000577904
0.000349988
1.7828e-05
0.0248142
0.000260115
0.0318307
-0.00184063
-0.00153584
0.000771717
-0.00115222
0.00206258
-0.00159261
2.30898e-06
0.0288172
0.005675
0.00209822
0.00136502
9.30268e-05
0.000248179
0.000157
0.00105232
-0.0035192
0.0551536
0.00237214
0.00329347
0.000446101
0.00156451
0.0022796
0.00156413
-4.57867e-06
-1.07258e-05
7.6701e-05
0.000116273
-5.6465e-05
0.00999031
-0.00939316
-0.0131299
-0.00420681
0.113505
0.0614628
0.001555
0.00111364
0.00128109
0.00375595
0.00346146
1.56459e-05
4.72649e-05
-0.000549946
-0.00567505
-0.0015752
0.011297
0.00740893
0.00185157
0.000292938
-0.00200414
0.00368711
0.00445496
-0.000386089
0.0113899
9.09091e-05
0.00176329
-2.11517e-05
-2.23806e-05
-3.98475e-05
-0.0148734
0.00133673
0.0013393
0.000124232
0.000375977
-0.0019758
0.00192581
0.00102171
3.26973e-05
-0.000101982
-9.72706e-06
0.000701371
-0.00201321
-0.00189182
0.000448272
0.00572402
0.00171354
-0.0190275
-0.00785406
-0.000224485
-0.000257128
2.50493e-06
-8.03047e-06
-0.000122704
-0.00704984
0.000511339
0.000508147
0.00063134
0.000376936
0.000397619
-0.00154693
0.00961848
-0.00094133
-2.3257e-06
0.00662684
0.00223583
0.000787764
0.000433894
0.000435009
-0.00248598
-0.00563214
0.000115822
-0.00214255
-0.0044373
0.00842106
-0.00224991
0.0048951
0.00218294
-0.000677433
6.34048e-05
-0.00604344
0.000589829
0.000895138
0.000441404
0.000424652
0.00704725
0.00111755
0.000525525
0.00055165
0.00636872
-0.00111443
0.00313016
0.002538
0.00325749
0.00146374
0.00133825
0.000934134
0.00739051
0.00175154
0.000298099
-0.00147337
0.00372642
0.00451046
0.0118196
-0.000270095
-0.000344522
0.000749162
-0.00202494
0.00197212
0.00103368
3.58692e-05
-9.45965e-05
-8.67703e-06
0.000767203
-0.00243102
0.000316084
-0.00169106
0.00333182
0.00141714
-0.0185977
-0.00771925
0.00304948
0.000405168
0.000435706
-0.00137387
0.00961464
-8.45509e-06
-2.26817e-06
-0.000316687
-0.00436928
0.00848045
0.00476948
-0.00230393
0.00214083
-0.00153312
-0.0326185
2.96406e-05
0.00634493
-0.000685801
0.00226051
0.00299062
0.00326596
0.00147969
0.000981493
0.00133413
0.0010122
0.000884102
-8.72075e-06
-0.0103011
0.000102001
-0.000323322
0.000963001
-0.000474515
0.00153608
0.00253087
-0.00417635
-0.0177246
0.00157975
-0.00378062
-0.00395205
-0.00358458
-5.12893e-05
0.00107518
9.67687e-05
9.67687e-05
0.000105064
0.000160022
-0.000612754
-0.00061281
-4.051e-05
-3.41001e-06
0.000268114
0.000520626
-0.010896
0.00608231
0.00144038
-0.0102048
2.03144e-07
-2.80217e-07
-0.00103255
-0.0011206
-0.000554775
0.000586944
-0.00337842
-0.000342686
0.00347936
0.00294532
-0.000123865
0.0107945
0.0666003
0.0017683
0.000494249
0.000143934
0.0010073
0.000858683
0.00061208
0.00063245
0.0011688
9.58237e-05
0.000924396
0.000913929
0.000166273
2.49503e-05
0.000536976
0.000513829
0.0033572
0.00384064
0.000275105
0.000256815
0.000782939
0.000774698
-9.44896e-06
-0.00708564
-1.53258e-05
7.57554e-05
0.00143713
4.82846e-07
0.00229272
0.00241282
0.00319821
-0.00523814
0.000807281
0.000344681
-0.00527604
-0.00464211
9.21944e-07
-0.00101051
0.000483365
0.000230917
-0.00790418
0.00752964
0.00305941
-0.00711876
0.00350947
0.00277057
0.0120804
0.000652654
0.0681727
0.00177172
0.000144407
0.000486923
0.00327617
0.00106986
0.00302381
-0.00201057
-2.54527e-05
-0.0140165
-0.0070887
0.00103759
0.00214222
-0.00124842
0.00148746
0.000173611
0.00169493
0.00388016
0.0033666
0.00555346
0.00338759
0.000896998
0.0027054
-0.00201916
0.00242595
0.00387267
0.00317217
0.00503036
0.00226246
0.000200011
0.00145754
0.000145414
-3.01562e-05
-0.0137085
-0.00704892
2.953e-06
1.23489e-05
0.0011567
8.31887e-05
0.00174424
1.18348e-05
0.00116775
7.15647e-05
0.0017985
0.000508134
-0.000322749
0.00215138
-2.77556e-17
0.000507413
-0.000322245
0.00215334
9.70397e-11
0.00155274
0.000758515
0.000419948
0.000420806
0.00228368
0.000743163
0.000718674
0.00182901
0.00234128
0.000742223
0.000633755
0.00188032
0.00158528
0.000759167
0.000432057
0.000415554
0.0157863
0.000230473
-0.0123237
0.00249338
-0.00275558
-0.00234593
0.000357457
-0.0180237
-0.00199417
-0.00264745
-0.0172422
0.000659383
0.000304948
0.0150516
0.00251054
-0.0122857
0.000738899
1.80922e-05
-6.22515e-06
0.000758702
0.00165001
3.13708e-05
5.03608e-05
0.0011317
8.83688e-06
0.00357914
0.00337202
-1.51323e-05
1.35789e-05
0.00322378
0.00245948
0.000250724
0.00051503
-1.42146e-05
1.65134e-05
0.000688879
-3.63774e-05
0.00302583
0.00219114
6.86653e-05
1.78413e-05
0.0038061
0.00334494
-2.6208e-05
0.00144765
2.14761e-05
4.39658e-05
0.00104639
8.74783e-05
2.90645e-07
6.98422e-08
0.000407264
1.8555e-07
8.74499e-05
0.000406969
-2.38949e-07
-0.000306404
-0.000585051
-0.00022945
-0.000306989
-0.000584698
-0.000306311
-0.000306617
-0.000229565
0.059919
0.00604549
0.00142471
0.00248476
0.0637474
0.00103495
0.00020025
0.00168106
0.00115894
0.0650398
0.00169067
0.000198378
0.00611335
0.063945
0.00247851
0.0014184
0.00144934
0.0190203
0.00273656
0.000887738
-0.008708
-0.00275433
0.00265408
0.00397648
0.000714785
0.00356787
0.00113742
0.00234766
0.000210822
0.00477039
-0.00725572
-0.003226
0.0023554
0.0174729
0.00275569
0.00212624
0.00350476
0.00934814
-0.00169936
3.41385e-05
0.000746826
0.00353951
0.00121214
0.002364
-0.00838321
-0.00187822
0.00262882
0.00403722
0.0111918
-0.000553372
0.00210645
2.77556e-17
0.0112186
-0.000553578
0.00210806
5.99905e-06
0.000144326
0.00209639
-7.64606e-05
-0.00039249
0.000545231
0.00528467
-5.97322e-05
0.00311188
0.0014792
0.0032316
0.00317019
0.00100569
0.00340083
0.00139531
0.000391522
-0.00038496
0.00364482
0.00135874
0.000398247
-0.000407296
0.00143893
0.00323345
0.00315612
0.00103031
0.0263111
-7.44349e-05
0.0153061
0.00106243
-9.42344e-05
0.0257711
0.00105705
0.0151061
0.00196943
0.00328743
0.00123901
0.000757512
0.00355899
0.0019916
0.000795954
0.00160931
0.0181134
-0.00949884
0.000345892
0.0460455
0.015004
0.000401834
0.0133477
0.0148404
-0.00545458
0.0288165
0.022059
0.00437381
0.00862801
0.017407
0.00315403
0.00395828
0.00432861
0.00859687
0.017699
0.00179099
-0.000881368
0.0297326
0.0051102
0.00359979
0.000442825
0.0462593
0.0170332
-0.00866704
0.0140423
0.000415644
-0.00401369
0.0308221
0.0134095
0.0148085
0.0225235
0.00429407
0.00317196
0.0155147
0.00862033
0.0176134
0.00433231
0.00858633
-0.00102904
0.0297382
0.0176555
0.001888
0.00509734
0.00381038
0.0336026
0.00463593
0.0297647
0.00311932
-4.22736e-05
5.4311e-06
-0.00153976
-2.53619e-08
0.0284627
0.00521497
0.0289871
0.00563311
3.08825e-05
-0.00540831
-0.00144136
-0.000648885
-0.00447877
0.0214814
-4.18702e-05
0.000108305
0.00134378
0.00559185
-0.00113239
0.00948725
-0.00175693
0.00145277
7.78449e-05
-0.000117086
-0.00378911
0.0119036
3.81657e-05
-0.00666226
0.0335666
0.00464802
-0.00154063
-1.27069e-09
0.0297402
0.00314178
-4.56754e-05
5.31663e-06
0.0283841
0.00515592
-0.00144181
-0.000653674
0.0276113
0.00548419
-1.31305e-05
-0.0041365
-0.00442433
0.022743
0.00222367
0.0115716
-7.89736e-05
0.00010824
0.00141932
0.00738396
-0.00431942
0.0011132
-8.8532e-05
-0.00675225
6.63759e-05
-0.000107384
-0.00396955
0.0121003
0.0110128
0.0205947
0.00483646
0.0267301
0.00360492
0.00223423
0.00247635
0.00445884
0.000371724
0.067726
0.000376048
0.0677671
8.62017e-05
9.16064e-05
0.00120035
0.00120184
0.0299181
0.00149489
0.0234471
0.00344668
-0.00113159
0.0020714
-0.000101616
-7.06952e-06
0.0138568
0.0155965
0.0109241
0.00959666
0.00197167
0.000142463
-0.00509844
-0.00318583
-0.00333147
0.0427897
-0.000389415
0.0444103
-1.71629e-05
-2.16459e-05
0.000409901
0.000405207
0.029079
-0.000140521
0.0301865
-0.000973863
0.00178818
0.0019104
0.000642971
1.74266e-05
0.00304007
0.0225076
0.00295573
0.0225527
-0.000272648
-0.0002546
0.00192177
0.00182996
0.00246572
0.0186382
-0.000679261
0.0296134
0.000624642
-0.000890727
0.000385913
-0.0026621
0.000557306
0.0417179
0.00056896
0.0417548
0.000218517
0.000186207
0.000373534
0.000469068
-0.00172066
0.033791
-0.00445843
0.107663
0.000917998
0.00170039
0.00106088
0.000157365
0.010686
0.0206512
0.0048375
0.0269908
0.00369203
0.00214357
0.00471908
0.00243838
0.0294673
0.00133413
0.0237429
0.00339294
-0.0011493
0.00209054
-5.17121e-05
6.88866e-06
0.0138106
0.0156787
0.0109483
0.00903397
7.43648e-05
0.00206548
-0.00759244
-0.00577025
0.0290972
-0.000141312
0.0326191
-0.000901224
-8.00656e-05
0.000671385
0.000640657
-7.77487e-05
0.00249301
0.0186817
-0.00065908
0.0298899
-0.000881436
0.000604562
-0.0216571
0.000397931
-0.00169918
0.0337333
-0.00427705
0.106658
0.00152159
0.000911732
0.000159842
0.00105865
0.0290541
0.00414269
0.0298345
0.00460433
-1.78414e-08
-0.0176376
0.00134629
-0.000667776
-0.000331663
-2.66615e-06
-6.92232e-05
3.95574e-06
-0.00609364
-0.00569728
-0.00572257
-0.00486606
-0.00208077
-8.97319e-08
-0.00208088
-9.94817e-08
-0.000545422
-0.000545423
-0.000397055
-0.000397055
8.07042e-05
-0.000283533
-6.26916e-06
-6.45097e-05
0.000209214
0.000604748
0.000312379
0.000421975
-0.00176745
0.00122984
-0.00176749
0.0012251
-0.00134931
-0.00149413
-0.00400226
-0.00233597
-0.00110044
0.0103273
-0.00780795
0.010133
-0.00538759
-4.44845e-05
8.41515e-05
0.00739886
0.000514328
-5.85623e-05
0.000513282
-7.45456e-05
0.00123577
0.0012549
0.00150433
0.00151587
0.00114558
0.00103015
0.00114671
0.00103393
0.000493147
0.000488604
0.000435177
0.000428242
0.0293229
0.0044603
0.0286339
0.00460833
1.22914e-07
-0.0184508
0.00171324
-0.000301461
-0.000219081
-5.21622e-06
-6.88455e-05
-0.000110871
-0.0055836
-0.00617087
-0.00643376
-0.00569786
1.27703e-05
-0.000158325
0.000163282
-6.79166e-05
0.000486763
0.00021461
0.000200703
0.000392912
-0.00193278
0.0104119
-0.00513725
0.0140097
2.75586e-05
-0.00457424
0.00825202
0.000169716
-0.00104768
0.000249674
-0.00142441
0.000903441
0.0074791
-0.00181685
-0.00250572
0.000718684
-0.000873211
0.00250487
-0.00134046
0.000864619
-0.00182605
0.00675168
0.000816689
-0.00183063
-1.48268e-05
-1.46979e-05
-0.000110479
-7.83687e-06
-0.000101565
-7.80072e-06
0.000399102
0.000398391
-6.14428e-05
-9.62346e-05
0.0165243
-0.0180395
-0.0163424
0.0162876
0.000587859
0.000606299
6.43042e-05
0.0301381
0.000641938
0.000655852
-0.0259153
-0.0259062
0.0291867
1.97043e-05
-6.50721e-05
-0.00044
-0.00322076
-0.00288961
0.000237092
0.000481016
-2.65147e-05
0.000197911
-7.06799e-05
0.000667485
-0.0038762
-0.0033305
-0.000417254
-0.000762836
0.000371399
0.000751461
0.0018509
-0.00030947
-0.000970724
-0.00097079
-0.000715045
-0.000746115
0.00186239
-0.000296654
0.000167638
0.000210405
0.000549927
0.000524769
0.000554361
0.000539189
0.000209049
0.000160219
0.00301691
-0.00244547
1.07557e-05
0.00224852
-0.00101518
0.00447511
0.00316298
0.00796237
-0.00281324
0.00300661
1.07107e-05
0.00224676
0.00446849
-0.00133135
0.00315964
0.00777125
3.82158e-05
0.000102551
0.00084443
0.00158759
-2.58022e-06
-0.00030045
0.000878586
0.000179679
0.000485379
0.00048764
0.00187568
0.00189425
0.00188793
0.00186895
0.000400333
0.000392646
-0.022287
-0.00902124
0.000903699
0.000902027
0.000887041
0.000832706
-0.0222167
-0.0090662
0.00084206
0.000413886
-9.8721e-05
-0.00764365
0.000929255
-0.000140629
0.0215569
0.00234199
0.00553276
-0.000268295
0.000477196
0.00123097
0.000281808
0.000892418
0.000547805
0.00382087
0.00817223
-0.00173088
0.00217509
0.00141194
-0.00312233
0.00230445
-0.00153505
-0.000779271
0.00129688
0.00092137
0.00191015
-0.00381747
0.00137181
0.000568582
0.00534615
0.00379254
0.00133328
0.00221161
0.00104452
-2.34727e-06
0.00120205
0.000949413
0.000784039
0.00194547
0.000767979
0.000555168
0.00368121
0.00146006
0.00234727
0.00253428
0.000674187
-0.0122132
0.000925116
-0.000142529
0.021554
0.00234174
0.000440292
0.000537967
3.42344e-05
-0.00734323
0.00450502
-0.000362124
0.000456141
0.00127348
-0.00117956
6.73936e-05
0.0024458
0.0014525
0.00030806
0.000898101
0.000252934
0.00419664
-0.00333201
0.00233955
0.00578302
-0.000505995
0.00134303
0.000580969
0.00574894
0.00368068
0.00133079
0.00130717
0.00184786
-0.0033505
0.00132004
0.00224026
0.00102345
-2.00851e-05
0.000715079
0.00048595
0.00342922
0.000934107
0.00130883
0.00110097
0.000784304
0.0017985
0.00217671
0.00246865
0.000688921
-0.0125401
-0.0396193
-0.00894809
0.000938737
0.000976298
5.8362e-05
-6.98095e-06
3.15498e-07
0.000544836
0.000858473
0.000375385
0.000595737
0.000700545
0.00114724
-1.11022e-16
0.000105573
0.000300797
0.0309921
0.00164108
0.00892597
0.00131041
-0.000101903
-9.61054e-05
-0.000852215
-0.000577222
0.00183496
0.00125834
-0.000304604
0.00104322
-0.000409874
0.000173873
0.00192482
-2.77556e-17
4.55523e-05
0.00258773
0.000960925
-0.00026272
0.00229046
0.000895967
0.00273178
0.00223628
-7.55703e-06
-5.67385e-05
-0.00294745
1.4973e-05
0.00373473
0.00337977
0.0352902
0.00274558
-7.45485e-05
-0.00280812
0.0576251
0.00167731
0.00367365
0.00362451
0.00423815
0.00245162
3.64126e-05
1.05208e-05
0.000162862
-0.00939258
0.0631709
0.00168805
0.0599202
0.00102468
-0.0388878
-0.00912561
0.000938932
0.000978345
0.00114736
-5.55112e-17
0.000105544
0.000300464
5.58511e-05
-2.6115e-06
2.83918e-07
0.000545436
0.000509693
0.000356586
0.000378374
0.0006319
0.0315196
0.00167361
0.00895077
0.00127669
-0.000410087
0.000174336
0.00192735
2.87863e-06
-8.99682e-05
8.26928e-06
-0.000852683
-0.000577751
0.00172198
0.00108922
0.000100117
0.000985975
9.08815e-06
0.00112322
0.000781897
-0.000764784
0.00351283
0.00336875
0.0359398
0.0027676
0.0021004
0.000503009
0.00256334
0.00188878
5.2157e-06
-0.000127838
-0.00154457
-0.000232393
-8.06405e-05
-0.000596278
0.0549859
0.00165416
0.0645319
0.00180372
0.0586454
0.00100748
0.00371993
0.0035841
0.00427822
0.00225932
-8.56379e-06
-5.73848e-08
0.000231925
-0.00935229
-0.00312036
0.00137447
0.0119864
0.00204062
0.00372533
0.00319458
0.0232911
-7.46372e-05
1.13116e-05
0.00168653
0.00173341
9.8267e-06
-0.0164137
-2.07783e-05
-1.75263e-05
-0.0163958
0.000769322
0.00134283
0.000275526
4.71922e-05
6.99031e-05
0.00140862
0.000704252
9.01168e-08
-0.00232822
0.00885523
0.00440502
0.00131387
0.00171847
0.00147036
0.00255927
0.00161396
-0.00016694
-0.000335058
-0.000112291
-0.000226821
-0.000207521
-0.000742412
-0.000742809
-0.000155834
0.00162272
-0.000134648
0.00144304
-0.00266514
0.00354223
0.0105782
0.0128338
-0.000186787
0.00108971
0.00225337
0.00226311
0.00114084
-0.00351501
-0.000945846
-0.000846126
-0.00350715
0.00253038
-0.00423079
0.00143283
0.00623592
0.00165778
0.000961345
0.00117958
0.000443276
0.000919771
0.000522413
0.000555658
0.00102497
0.00226649
0.00095305
0.000897339
0.00222426
0.0059167
0.00484334
-0.000738253
0.00494516
0.0026916
0.00131319
0.00139507
0.00286879
0.00407745
-0.00314219
0.0021468
0.0125421
-0.00017205
0.0233813
0.00311443
0.00383103
0.00093821
0.00030897
-0.000262921
0.000364016
0.00142998
6.90566e-05
8.75768e-07
0.000704687
0.00130241
0.00441111
0.00889822
-0.00209229
0.000772251
0.00171826
0.00131383
0.00272786
-0.000132714
0.00411806
-0.00277807
0.00160262
0.0106337
1.15939e-05
-6.67212e-05
0.00577118
0.0064369
0.00130404
-0.0044098
0.00249378
0.00694482
0.00112588
0.000986554
0.00166901
0.00497795
-0.000694232
0.00505141
0.0059234
0.00295221
0.0014499
0.00132995
0.00265132
0.000832197
0.000809115
0.000950258
0.00137998
0.0005022
0.000614489
-0.000147042
-8.57191e-05
-0.00743458
0.000909512
-0.00385561
-0.000136575
-5.28564e-08
-1.3224e-05
1.13808e-05
3.8182e-06
-0.000322633
0.00215258
0.00215311
-0.000322375
-0.000119522
-1.6483e-07
-1.51038e-07
-0.000119575
-0.00013219
-3.42335e-05
-2.63202e-05
-0.00026969
0.00257655
-0.00269564
-0.000141603
-0.00101475
-2.05733e-07
-3.2612e-07
-3.63256e-07
-1.55352e-07
-0.000737049
0.00575674
0.00210999
-0.00073734
0.00385913
0.00319694
0.00291974
0.00370781
0.0671208
0.00191701
0.00174846
0.0485208
0.00106038
0.000990379
0.000990399
0.00106212
0.000218405
0.000839476
0.000818186
0.000207652
0.00047226
3.63689e-05
2.4518e-05
0.000476309
0.00412434
0.00346143
0.00346163
0.00412171
0.000711729
0.000582578
0.00117051
0.000866196
0.000615058
0.00050158
-8.55477e-05
-0.000147077
-9.8278e-05
-0.00441621
-0.000176365
-0.00799156
-5.53538e-06
-1.85227e-06
-8.29657e-06
-3.44189e-05
-1.60533e-05
-4.38256e-05
-0.000184662
-1.79233e-05
-0.00407839
0.00258291
-0.00252493
-9.82275e-05
0.00335631
0.00249847
0.00321251
0.00380755
0.0582311
0.0017535
0.00192037
0.0683282
0.0213948
0.0331662
0.00540393
0.0192036
0.0254762
-0.00146304
-0.000485167
0.0283049
-0.0023853
-0.000606175
0.00026685
-0.000352172
0.0130302
0.00508621
0.00487099
0.00642228
0.0340547
0.000899607
-0.020033
0.0155735
-0.00644293
-0.00540285
-0.0103563
0.000248489
0.000319902
0.00211036
0.0030094
0.000949762
0.0233258
0.0193591
-0.00958899
0.0020997
-0.00147272
-0.00407329
0.00227964
0.00245573
0.00126742
-0.00093717
0.00441304
0.000284106
0.00366493
-0.0010542
-0.000373365
0.00615925
-0.00593816
0.00149453
0.000268856
-0.00142749
0.0113516
0.0110039
-0.00108989
0.00522165
0.00422771
0.0118956
0.00850385
0.00641204
-0.000423486
0.00410183
0.00505973
8.47419e-05
0.00278383
0.00397579
0.00959876
0.00202575
0.0207249
0.0185724
0.00484686
0.0325746
0.0126056
0.00808226
0.00598293
0.00492895
-0.00174734
-0.000822959
-6.13228e-05
-0.000436552
0.0251426
0.0280094
-0.000868323
-0.00196366
0.0114215
0.00520459
-0.000901644
0.0110884
0.00286319
0.00200052
0.00966913
0.00398154
0.000258663
0.00273402
0.00504216
0.00416728
0.00398967
0.00639184
0.0086114
0.0121782
-0.000647859
0.00226321
0.00217097
-0.00399032
-0.00584116
-0.00140637
0.000290371
0.00104222
0.00364895
0.00610445
-0.000770962
-0.000680136
0.00127307
-0.00103993
0.00337901
-0.000903316
0.0340928
0.0157027
-0.0199992
0.000920607
0.02316
0.0017156
-0.00972383
0.0193578
0.00123352
0.000359826
0.00235987
0.00238471
-0.00648372
0.000314691
-0.0105077
-0.00567542
0.00820649
-0.000598302
0.00104842
0.00159255
0.000570407
6.35077e-05
-1.33797e-05
0.000245576
-2.54231e-05
-5.75153e-05
0.00179876
0.00162196
0.000282951
0.00180759
0.00312172
0.00111486
0.00835444
0.0015772
0.00104623
-0.000486614
0.000587092
0.00114433
0.0031703
0.00171154
-1.711e-05
0.00162284
0.00186447
-4.39133e-05
0.000568038
0.000261426
-2.31299e-05
6.21571e-05
0.00254371
-0.00100057
0.000504931
0.00447588
-0.00234924
-0.000546896
-0.000322691
-0.00192365
0.000287771
1.12272e-05
0.00215198
0.00240065
0.00294458
0.00218678
0.00275876
0.000861468
0.00245397
0.00447173
0.000505144
-0.00100012
0.00299142
0.000855233
0.00275936
0.00220688
0.00028615
0.00240097
0.00215323
8.54731e-06
-0.00234918
-0.00192337
-0.00032231
-0.000546767
0.00897795
0.0107743
0.00193835
0.00566496
0.0234698
0.00205417
0.00129477
0.0158952
0.0189696
0.00101131
0.00134222
0.00920433
0.00307231
0.00365827
0.0021839
0.00225699
0.00738049
0.00428325
0.00509201
0.0762766
0.0020734
0.00197671
0.00356777
0.00427787
-0.0150188
0.00170105
0.00249804
0.001503
0.0344543
0.0348587
0.00192166
0.00223378
0.00761878
0.0800631
0.00498705
0.00354741
0.0342925
-0.0276834
0.00166574
0.0355047
-0.0151615
0.00152286
0.00249802
-0.000729238
0.00209181
0.00422422
0.00361239
0.00199568
0.00894658
0.0056472
0.00195524
0.01076
0.00308849
0.00227248
0.00221054
0.00365994
0.0188506
0.00907778
0.00136248
0.00103647
0.0235615
0.0158816
0.001307
0.00201484
0.0411573
-0.00744207
0.0198155
0.0613464
0.0239062
0.00480862
-0.00839202
0.0175423
0.00107789
-0.0142502
-0.0116986
0.00426595
0.0730854
0.0625753
0.00246454
0.000987045
0.0191794
0.0282802
-0.0134486
0.0206557
0.0246448
-0.00108596
-0.0124034
0.0238749
0.0161587
0.0264033
-0.0145084
-0.0205455
0.0237653
0.0186537
-0.00101034
0.0115045
0.0190879
0.0206824
-0.00491225
0.0282944
0.0238627
0.0118391
-0.000523223
0.0188859
0.0161732
-0.0202212
-0.0141039
0.0259176
0.024629
0.0238994
-0.0123152
-0.00105076
0.0408132
0.061474
0.0197131
-0.00708278
0.0731093
0.00118231
0.00250684
0.0625483
0.0010791
0.00433785
-0.0116725
-0.0142404
0.0243442
0.0175679
-0.00728913
0.00495098
0.0298662
0.0299039
0.000692571
0.000550747
0.0289006
0.000884335
0.000786582
0.0294286
-0.0017705
-0.00355135
0.000783399
0.000866256
-0.00607878
0.000678077
0.000749684
-0.00485074
0.0297878
0.00212892
0.00178091
0.0295177
0.000291782
0.000211186
0.00128296
0.00119406
-0.000195923
0.000962556
0.00107906
0.000252631
0.0295331
0.02994
0.00152319
-0.0575278
-0.00243243
-0.00337534
0.00379522
0.00392429
-0.00611014
0.00381558
0.00379478
-0.00719244
6.45433e-05
0.000490481
0.00327471
0.00301977
0.000611898
0.00383523
0.00311446
0.000509825
0.00135241
0.00258952
0.00299839
-0.000358882
-0.00518545
-0.00405766
0.00235327
0.00210477
-0.00138285
-0.0118831
0.0026995
-0.00322481
-0.00313258
-0.00167892
0.0034764
0.00345529
0.0299034
0.000316314
0.000471801
0.0297882
-0.00653707
-0.00586864
0.000677272
0.000592778
-0.0018318
0.000760264
0.000702264
-0.0045301
0.0293679
0.0294575
0.000546455
0.000647454
0.00252872
0.00131594
0.00281167
0.00243687
-0.00288498
0.00308102
0.00319204
-0.000245015
-0.0013423
-0.00397354
0.00235227
-0.00976505
-0.00577953
0.00173677
0.002042
-0.00516885
-0.00345661
0.0039995
0.00389723
-0.00103755
0.000647312
0.000481107
0.00346739
0.00382948
0.000748974
0.00381572
0.00322992
-3.80639e-05
-0.00841744
-0.00442834
0.00379651
0.00422903
0.0284747
0.0282146
0.00158149
0.00199552
0.0292664
-0.0570972
0.00131813
0.028736
0.000458881
-0.000348415
0.000929178
0.00168974
0.000323026
0.0012245
0.00108764
0.000222394
0.00282154
0.000114601
9.68285e-05
0.00359341
-0.000194289
-0.000504828
0.000365793
0.000307666
0.00091642
0.00193709
0.0004544
-0.00079193
0.00515148
0.00459985
0.000350712
0.00135766
0.00289975
0.00353767
9.67322e-05
0.000114612
0.005839
0.0017784
0.000351005
0.00469234
0.0011176
-0.000791989
0.000454135
0.00215504
-0.000194289
0.000307371
0.000365613
-0.000504854
0.00653207
-0.00120886
-0.000497686
0.00557958
-0.00327886
-0.00119113
-2.77629e-05
-0.00115979
-0.00114165
-0.00029843
-0.000157559
-0.000874072
0.0041775
0.00514123
-0.000366506
-8.06528e-05
0.00659737
0.00566359
-0.000497407
-0.00120849
0.00364638
-0.000501501
-0.000366316
0.00514878
-0.0011506
-0.000933719
-0.000157726
-0.000517142
-0.00345202
-0.00116022
-2.80014e-05
-0.00130753
0.00735349
0.00789375
0.0597874
0.0204763
0.00918233
0.0672674
0.0672621
0.0100517
0.000629486
0.000812569
0.00258324
0.00208061
0.00225757
0.00386339
0.00559378
0.0022072
0.0119504
0.0640533
0.063577
0.0120201
0.00159492
0.000816154
0.00235979
0.00265008
0.000734256
0.00190991
0.00184438
0.000545227
0.0192905
0.000942017
0.0602967
0.0626959
0.0121635
0.0120098
0.0649843
0.0655909
0.0197008
0.063949
0.0616386
0.00273211
0.000715281
0.000526052
0.00184229
0.00191397
0.0015867
0.00271575
0.00242401
0.000813128
0.00804136
0.0201425
0.0594639
0.00888866
0.002266
0.00218022
0.00564223
0.00385439
0.000601268
0.00207283
0.00257706
0.000787728
0.00864229
0.0102254
0.0693683
0.0688979
0.0316191
0.0590958
0.0251225
0.000471006
0.0310563
0.00173745
0.00474696
0.030631
0.00430605
0.00676075
0.00254041
8.03034e-05
7.09372e-05
0.000861376
0.0145505
-0.0133708
0.0337107
0.0142406
-0.00727469
0.0220341
0.0207649
0.00100835
-0.00425446
0.0135699
0.00534134
0.00199907
0.00788527
0.0117699
0.0321309
0.0284172
-0.00119614
0.000612896
0.0181026
0.00466487
0.00295699
0.0138566
-0.00193802
0.00922975
0.00565852
0.00104652
0.00918247
-0.00213968
0.00471279
0.00327275
0.0139975
0.0034792
0.00174859
0.000934767
-0.00172579
0.00423629
0.00218081
-0.0173615
0.000357082
-0.00509495
-0.0037423
0.00313278
0.0121799
0.000415367
-0.00446537
0.000962848
-0.00265385
-0.00651313
-0.000197178
0.00729688
0.0308649
0.00112716
0.0247194
0.0594468
0.000107633
-0.0112803
0.0129411
0.00092414
0.00431112
9.46866e-05
0.00253605
0.0075822
0.0335496
0.0321584
0.00638468
0.00423552
-0.0024971
-0.0099359
0.00374887
0.00426953
-0.00256677
0.00730319
0.00363963
-0.00420675
0.012263
0.000772288
-0.00134456
0.000583724
0.000402406
0.00293803
-0.00242965
-0.00361029
0.0181843
0.0140417
0.00302159
0.00468962
0.0143525
0.000832859
0.00186857
0.00351179
0.00910369
0.00350107
0.00472506
-0.00228071
-0.00191917
0.00107819
0.00567609
0.00918697
0.0338552
0.0217292
-0.00750026
0.0142557
0.0333581
0.00171594
-0.00120236
0.0285005
0.00522198
0.0114476
0.00772481
0.00204597
0.0209205
0.0136463
-0.00397727
0.00120884
0.00705776
0.0031556
0.00609835
0.0150993
-0.00250471
-0.00461635
-0.00064521
0.00164657
0.000918646
0.00246024
0.0039316
2.6584e-05
0.00121367
-0.000751103
0.0129912
0.010096
0.00703423
0.015082
0.00611283
0.00315609
0.0012638
0.0101219
0.0130344
-0.000712513
1.16663e-05
0.00202868
0.0021168
-4.76002e-07
-0.000674739
0.00164774
-0.000640941
-0.00216887
0.0143434
-0.00418517
0.00231417
0.00335763
0.00156771
-0.000235559
-5.53411e-05
-0.00155882
-0.000381659
-0.000361619
-0.000432075
-0.000263281
-0.00110342
0.000789995
0.00356051
0.00736941
0.0127935
0.00181121
0.00595116
-0.000550757
-0.00110639
0.0109064
0.00666716
0.000802137
0.000416996
-0.000167193
0.00163158
-0.00682538
0.000828426
-0.0069195
-0.000370556
-0.000255309
0.00540436
0.0951405
0.0338541
0.0635982
0.102433
0.00451562
0.00474165
0.115473
0.00252416
0.00438628
0.00492032
0.00328432
0.00152366
0.00236923
0.00454031
0.00338513
0.00454572
-0.000176961
0.00297842
0.00677293
0.00097878
0.000927348
0.00269228
0.000307878
0.00249974
0.00315248
0.00154924
0.00112688
0.0585077
0.00211587
-0.00368824
0.00416729
0.00467713
0.00703117
0.00302751
-0.000264034
0.0584804
0.00419066
-0.00379767
0.00187939
0.00249928
0.00122746
0.00156906
0.0032273
0.000943252
0.000238328
0.002811
0.000942899
0.00529225
0.0622514
0.0332005
0.0959759
0.00150899
0.0033709
0.00454345
0.00236756
0.00251571
0.00330032
0.00493557
0.00438617
0.10188
0.112046
0.0046695
0.00447068
0.0402561
-0.123238
0.0142524
0.0179405
0.0437918
0.000196485
0.00110646
0.0418423
-0.0243179
-0.0187045
0.00442997
-0.00337761
0.00740341
0.020145
0.0177009
-0.0127706
0.0406919
0.018014
0.0147183
0.0391599
0.00591112
-0.0134559
0.0172627
0.0202705
-0.024399
-0.00337909
0.00437745
-0.0188565
0.0446283
0.044293
0.00108605
0.000288367
0.0280051
0.0357934
0.00536427
0.00514614
0.0431001
0.0026533
0.00328546
0.0405255
-0.00766035
-0.00682134
0.00260352
0.0015647
0.00564558
0.00839565
0.00397953
-0.00414435
0.0274149
0.00673871
0.00571649
0.0359292
0.00749265
-0.00327255
0.00406088
0.00913916
-0.00766295
0.0015424
0.00303924
-0.00665701
0.0431284
0.040723
0.0037324
0.00271985
