-0.815
0.445
-2.25642
-0.795356
0.545
2.245
-0.785
0.642293
-2.275
-0.805
0.805
2.25971
0.815
0.445
-2.25642
0.795354
0.545
2.245
0.785
0.642293
-2.275
0.805
0.805
2.25971
0.0575398
0.0753522
0.102859
0.0819781
0.0575376
0.0753538
0.10286
0.0819771
0
0
0
0
0
0
0
0
0
0
0
0
0
0
0
0
0
0
0
0
0
0
0
0
0
0
0
0
0
0
0
0
0
0
0
0
0
0
0
0
0
0
0
0
0
0
0
0
0
0
0
0
0
0
0
0
0
0
0
0
0
0
0
0
0
0
0
0
0
0
0
0
0
0
0
0
0
0
0
0
0
0
0
0
0
0
0
0
0
0
0
0
0
0
0
0
-0.0286481
0.0165086
0.0842289
-0.0316919
0.00993816
0.0173979
0.00926768
0.0525647
0.0184778
0.0161329
-0.0285731
0.0842248
-0.0316988
0.0173888
0.0525312
0.0161443
7.66473e-05
0.0171235
0.262646
0.0200366
0.283202
-0.000772261
0.104173
0.441122
7.82669e-05
0.0171243
0.0200351
-0.000780401
0.0581965
0.0581955
0.229065
0.102888
-0.0438134
0.0189288
0.0189291
0.273121
0.452398
0.0564291
0.0565214
0.203658
0.302794
-0.00212985
-0.0232895
0.00521632
-0.0154631
-0.0363497
0.00413677
0.0130819
-0.0144156
-0.00423765
0.0238845
0.00415778
0.0059494
0.00437256
0.0052718
-0.023299
-0.0154583
0.00397085
-0.0372716
0.00953857
-0.00326406
-0.0140477
0.0238897
0.00595584
0.00376302
0.00436763
0.0201394
4.86355e-05
0.00481369
0.144526
-0.00453626
0.000344542
0.00361488
0.156107
0.00306227
0.00604778
0.000692465
0.0408651
0.00513752
0.00538229
-0.000824218
0.221729
0.020144
0.144527
4.54123e-05
0.00480674
-0.00454842
0.156106
0.000341018
0.00360503
0.0030742
0.0408256
0.00605106
0.000728602
0.00512562
0.221768
0.00478449
-0.000828202
0.0297882
-0.00863077
0.087485
-0.0211506
0.00467647
0.080581
0.000723482
0.00846489
0.106391
-0.0191296
-0.000875701
0.107271
0.0180729
0.0303358
0.0207424
0.0254877
0.0448009
0.0072166
0.00128384
0.134935
0.0297933
-0.0161824
0.00467888
0.080566
0.000679433
0.00846797
-0.000815327
0.107318
0.0206849
0.0254969
0.00122458
0.134933
0.00563825
0.150147
0.00502646
-2.54409e-05
-0.0173537
-9.83774e-05
0.000101036
0.00165871
-9.83774e-05
-0.00265155
0.00713214
0.220864
0.00433632
0.00333924
0.0134446
0.0166746
0.00563741
0.150146
0.00502746
-3.02364e-05
0.000105883
0.00162122
0.00712939
0.220849
0.00897834
0.00943897
0.00327483
0.0312331
0.0089473
0.0312283
0.00316679
0.00944067
0.134488
0.134489
0.0929019
0.0928996
0.0324374
0.0360823
0.0360869
0.0324432
-0.0174156
-0.0149849
-0.00983761
-0.00065051
0.00528309
0.00476091
0.00755603
0.00649283
0.00528348
0.00649603
0.00756514
0.00475907
0.147366
0.147366
0.153126
0.153127
0.114959
0.236689
0.236698
0.11496
0.00373376
-0.0041685
0.00695246
0.00935576
0.00360467
0.00933423
0.00690806
-0.00415493
0.0832977
0.0831946
0.152285
0.152269
0.189026
0.115289
0.115294
0.189037
-0.0141977
-0.0141959
0.0131848
0.0132355
-0.00310279
0.00419298
0.0196567
-0.0300326
0.00984429
0.00583453
0.00761948
0.00014144
0.00985182
2.61812e-05
0.00313106
0.000736684
0.00456467
-0.00320163
0.0196849
0.00968215
-0.0282965
0.00764265
-0.00034864
0.0122379
0.00989112
0.00314075
0.00228361
0.000731048
-0.0261352
-0.000114625
0.0012053
0.0923421
0.0359832
0.000115892
0.00126258
0.0959603
0.00062385
0.00245555
2.5082e-05
0.0441245
0.000331294
0.00775898
-0.000176909
0.041758
-0.0261357
0.0923198
-0.000108015
0.0012049
0.0359922
0.096016
0.000117568
0.00126295
0.000624587
0.0441334
0.00245314
1.72127e-05
0.000329902
0.041735
0.00802442
-0.000175659
-0.00748557
-0.00081438
0.0206922
0.027822
0.000754291
0.000753752
0.048868
0.032493
0.0120184
0.00580732
-0.000305519
0.076219
-3.17444e-06
-0.00036279
0.00640255
0.0234994
0.000241177
0.000237044
0.0376715
0.0466302
-0.00344721
0.0037024
0.0095246
0.111465
-0.00267085
-0.00315832
0.00919157
0.0146803
0.00431762
0.000654588
-0.00633882
0.0302244
0.000883597
0.000885744
0.0470586
0.00734494
0.00153184
0.00229523
0.00570958
0.131512
-0.00724739
-0.00112418
0.0204925
0.0315219
0.0120152
0.00581053
-0.000303651
0.076096
0.000495066
0.000282212
0.00640973
0.0235017
-0.00199647
0.00459873
0.00949574
0.112054
0.00434271
0.000611542
-0.0061779
0.0301583
0.00151466
0.00228523
0.00566543
0.131765
-5.91921e-05
1.36576e-05
0.00150124
0.0941487
0.00230896
0.00151655
-0.00612433
-3.04266e-05
0.00077075
0.000770897
0.0180883
2.77556e-17
0.000312434
0.00274165
-0.000502201
-0.00232913
0.00076655
0.000767968
-5.55112e-17
-0.0031307
0.000561158
-0.000196215
0.00475533
0.040091
0.00149307
0.00151755
-0.00196115
-0.00509678
0.00396799
0.00395611
0.00335675
0.00733086
-5.86199e-05
1.60171e-05
0.00149747
0.0941559
0.00231625
0.00151126
-0.00612446
-3.16482e-05
0.000315575
0.00300933
-0.000469364
-0.00232869
0.000566049
-0.000193871
0.0047612
0.0388175
-0.000580939
0.00420053
0.000344478
0.00643114
0.000254665
0.00420118
0.000378436
0.00643809
0.0108436
0.00203716
0.00204653
2.18519e-05
0.00387913
0.00214337
0.00214174
0.00216981
-0.00251139
-6.3455e-05
0.00119036
0.00155049
0.00146989
1.56878e-05
0.000112584
0.00202571
0.0014687
2.10527e-05
0.00011065
0.00202942
0.00068345
-9.83774e-05
-9.83774e-05
0.00068407
0.00723389
0.00433051
0.00762259
0.00723594
-0.00798447
-0.000609831
-0.0042784
0.00754105
-0.00803872
-0.000727663
-0.0043507
0.00725347
-0.00531188
-0.00576448
-0.00578613
-0.00116149
0.000910891
0.00191535
0.00191464
0.00115124
0.00108709
0.000130855
-0.000127636
0.00108679
0.0220591
0.0217422
0.0566911
0.0172839
0.000318738
0.0897811
0.00828272
0.00293003
0.0349511
0.0397667
-0.0129721
0.0921823
0.0265121
0.0161915
0.0121601
-0.0169593
0.00671345
0.0200082
0.00478093
0.0046278
0.0465431
0.00744439
0.00351927
0.0866227
0.0566702
0.00890391
0.0219925
0.0131347
0.000325546
0.0898844
0.0350069
0.0397188
0.00863089
0.00323958
-0.0114879
0.0932151
0.0116911
0.0238932
0.0264405
0.013436
0.00671955
0.0200163
0.0465394
0.00745703
0.00491922
0.00468187
0.00351858
0.0866119
-0.000749826
0.0925196
0.00144382
0.0931915
-0.0110334
-4.54926e-05
0.0207268
-5.88089e-05
0.00974784
0.110166
0.00191996
0.0949031
-0.000161837
0.00220095
-2.48253e-17
-0.0175798
0.00207675
0.0376192
0.000241829
-5.7268e-05
0.00333561
0.0877806
-0.000347954
-0.0225301
0.00650816
0.170198
0.00114319
0.000332129
0.00595488
0.0283984
0.00168287
0.00856222
-0.000748349
0.0925263
0.0221861
-5.88089e-05
0.0014436
0.0932024
-0.0110376
-4.10998e-05
0.00979748
0.110516
-4.53378e-10
-0.0175993
0.00192176
0.0949125
-0.000155612
0.00227534
0.00203594
0.0376293
-0.000335771
-0.0225161
0.000310961
-4.61979e-05
0.00332125
0.0877705
0.0065105
0.169617
0.00168189
0.00853851
0.00142425
0.000539095
0.0059517
0.0284169
0.000314341
0.000345408
0.00676531
0.0122009
-5.90539e-05
-5.95067e-05
-0.00196497
0.0297027
0.00233908
0.00443344
0.00562721
0.000652992
0.00102843
0.00142197
0.000247846
-0.00018813
0.0173826
0.0172634
0.00126682
0.0012659
0.00502102
0.000685103
-0.00558333
0.00439472
0.00184718
0.00184728
-0.0407798
-0.0403285
0.0100789
-0.00669797
0.00410345
0.00248129
0.00138666
0.00140657
0.00110897
0.00108293
-0.00193023
0.000777128
0.000767571
0.00109646
0.000320484
0.000304077
-0.0122854
-0.00531713
0.00234836
0.00443385
0.00563472
0.000667858
0.00135063
0.00101766
0.000251062
-0.00016627
0.00502856
0.000513508
-0.0055251
0.0044482
-0.00594377
0.0101943
0.00248641
0.00410511
0.000786773
-0.00192089
0.00109016
0.000759792
1.6914e-05
0.000292803
-2.94036e-05
-1.18353e-09
7.77191e-05
0.000151818
0.00194724
0.00182301
-0.00116155
-0.00116173
0.00076321
0.000763446
0.000417752
0.00184204
0.00347053
-0.000610995
0.000775209
0.00077419
0.0163561
0.0164083
-0.00011702
-0.000130419
0.00361389
0.0119711
0.00310345
0.00310503
0.00971425
0.00970483
0.00380792
0.00380492
0.00140565
0.00146246
1.64173e-05
0.000296735
-2.94044e-05
0
0.000274698
-3.92916e-05
0.0019499
0.00182473
0.00183653
0.000416565
0.0035017
-0.000626625
-0.000127135
-0.000110728
0.0119821
0.0036037
0.0131536
0.0046654
0.00188152
0.0213621
-0.0186996
-0.00658165
0.00673705
0.00390742
0.00279695
-0.00398528
0.00809358
-0.00114748
0.0253709
0.0245624
-0.00359126
0.00375141
0.0129692
0.021274
0.00187822
0.00464792
0.0253129
0.0037794
-0.00355587
0.0244413
0.00283281
-0.00114015
0.00813651
-0.00393659
-0.0187017
0.00391171
0.00673747
-0.0065829
0.0943799
0.056212
0.00812494
0.0886055
0.0943667
0.0883618
0.0080321
0.0562033
0.0914804
0.0178071
0.000464021
0.0817179
0.0914784
0.0816934
0.000459074
0.0178068
0.0210376
0.0291394
0.00574529
0.0120577
0.0525122
0.00194372
0.00472175
0.0361209
0.0525266
0.0361341
0.00472218
0.00194689
0.0206862
0.0117995
0.00574601
0.0291536
0.00772452
0.0263726
-0.00194968
0.0267264
-0.0225449
-0.0180864
-0.0222635
0.0226912
-0.0250441
0.0232321
-0.0199439
-0.0276507
0.00352363
0.0225463
0.0147873
0.0238694
0.00129621
0.00158184
0.00168854
0.00220325
0.00190246
-5.18915e-05
0.000999817
0.00170936
0.00685062
0.00535756
0.00200952
0.00233441
0.00288547
0.00154011
0.0019638
0.00404673
0.00129945
0.00220712
0.00169004
0.00157902
0.00287701
0.00404266
0.00196614
0.00153933
0.00700022
0.00247025
0.00200817
0.00536044
0.00190819
0.00170844
0.00100057
-5.2149e-05
0.0927525
0.000767056
0.00072333
0.0936698
0.0927633
0.0936787
0.000723758
0.000767095
0.0954645
0.000771588
0.000729639
0.0945342
0.0954419
0.0945264
0.00072882
0.00077037
0.0300846
0.0794084
0.0125262
-0.00441356
0.0308591
0.00567974
0.0140698
0.033123
0.0308735
0.0331296
0.0140691
0.00566964
0.0300805
-0.00441634
0.0125063
0.0794331
0.0246858
0.0129818
0.00426016
0.000171958
-0.0092161
0.00737021
-0.00166016
0.00375818
0.00450077
0.00448114
-0.00463095
0.00748631
0.00872646
-8.0927e-05
0.0142833
0.00909719
0.0247296
0.000198761
0.00424224
0.0129865
0.0088086
0.00909554
0.0128183
5.07875e-05
0.00457841
0.00756639
-0.0046625
0.0044831
-0.00902811
0.00429035
-0.00149989
0.00754903
0.113294
0.0055197
0.00413669
0.113889
0.110094
0.113789
0.00415202
0.00554731
0.0795008
0.0377086
0.00652511
0.115656
0.079078
0.115494
0.00653992
0.037672
0.0602021
0.155995
0.00309735
0.010692
0.0911619
0.0477796
0.00255904
0.108469
0.091144
0.1085
0.00255693
0.047779
0.0602034
0.0106812
0.00309182
0.155992
0.030378
0.0437256
0.00130742
0.0281143
0.0304155
0.0282828
0.00130713
0.0437462
0.00946121
0.0083906
0.00100051
0.00379025
0.00945728
0.00366962
0.000989496
0.00838359
0.00619798
0.00209182
0.00529475
0.0283792
0.00608717
0.00253716
-0.00107515
-0.0116815
0.00353877
0.00222923
0.00166417
0.000452621
0.00165
0.00494335
0.00528697
0.005279
0.0275313
0.00214156
-0.0117168
0.00180501
0.00355036
0.00166524
-0.000701578
0.000415012
6.00994e-05
-4.67519e-05
4.17648e-05
0.0242613
-0.0140933
9.9043e-05
0.00091142
0.0275216
8.66907e-06
0.00255401
-4.20803e-05
0.0404118
7.02434e-06
0.00154578
2.76767e-05
0.00398325
5.72801e-05
0.024275
-4.6222e-05
4.40762e-05
-0.0140935
0.0275147
9.90267e-05
0.000916481
6.94411e-06
0.0404014
0.00255346
-4.09654e-05
7.32731e-06
0.00398317
0.00154962
2.91482e-05
0.00130097
-0.00137595
0.0176362
-0.00131926
9.31271e-06
9.29877e-06
0.0172076
0.0200262
0.000474104
1.77287e-05
0.00138776
0.0590302
0.00042177
0.00101761
0.00526153
0.0135709
3.70788e-05
3.66044e-05
-0.00508359
0.0313109
-0.00304661
-0.000988687
0.00843085
0.0875542
-0.00336866
-0.00458548
0.00301827
0.0124212
0.000807765
0.000705669
0.000191523
0.0257024
1.09747e-05
1.01229e-05
0.0372822
0.00497844
-0.00016779
0.000637865
0.00143694
0.0676311
0.00143477
-0.00132943
0.0176732
-0.00131835
0.000469591
1.84625e-05
0.00138659
0.058225
0.000510498
0.000198907
0.00526382
0.0135738
-0.0029269
-0.00142825
0.00839109
0.0876805
0.000838491
0.000783017
0.000146381
0.0257175
-0.000163497
0.000630588
0.00144339
0.0671208
-6.94806e-05
-2.18833e-08
0.000136615
0.0259112
9.43935e-05
-3.70549e-05
-8.50174e-05
-2.77558e-06
7.55932e-05
7.62731e-05
3.74395e-05
5.55112e-17
2.34046e-05
0.00120401
-9.54301e-05
4.43744e-05
6.52431e-05
6.47683e-05
2.77556e-17
0.0176495
1.9256e-05
-0.000167508
0.00281438
-0.00274656
-8.58771e-05
-9.76802e-05
-0.00266453
-0.0206306
0.000375422
0.000373469
0.000865829
0.0018205
-6.99865e-05
3.2776e-06
0.000139245
0.0259032
9.35371e-05
-3.51797e-05
-8.50594e-05
-1.45073e-06
4.66149e-05
0.00120619
-8.15421e-05
4.35468e-05
5.62514e-06
-0.000168658
0.00280196
-0.00208792
0.00075655
-0.0034155
0.00585086
-0.00032378
0.000330791
-0.00343182
0.0058523
-0.000343592
1.43316e-05
1.7486e-05
1.71889e-05
7.91112e-05
0.000752079
0.000103314
0.00010341
0.000365472
0.0362776
0.000211196
-0.00466988
0.0517626
-4.81609e-05
1.5912e-06
-2.41715e-06
0.000119687
-4.71462e-05
2.35256e-07
-2.58318e-06
0.000120437
-2.81066e-05
-9.83774e-05
-9.83774e-05
-2.78143e-05
0.00139679
0.00287307
0.00708171
0.00140587
-0.00881959
0.000788634
-0.00115863
0.0013247
-0.00897776
0.000710991
-0.00116515
0.00135346
-0.00777027
0.0171778
0.0171229
-8.80191e-05
0.000728565
7.36451e-05
7.35471e-05
0.00108912
5.54602e-05
-7.92638e-05
6.31383e-05
5.55137e-05
0.000205253
-0.00543745
0.0195467
0.00214523
7.38248e-05
-4.39312e-05
0.0140913
0.021298
0.0122738
0.00884023
0.000162595
0.0624887
-0.00373089
0.000532541
0.00826767
0.00188401
0.00416648
8.80769e-05
-0.00790382
0.0294828
0.00226304
-0.0195025
0.0102379
0.0707638
-0.0170918
-0.00401152
0.0203926
-0.00608242
-0.000830929
0.000250831
0.00702863
0.0249815
0.000801758
0.00127941
0.00512027
0.0155744
-0.00106267
-0.000487578
0.00416573
0.00180108
0.000145264
0.000825796
0.0372012
0.00492089
7.51195e-05
0.000710501
0.00222384
0.0895292
-7.58445e-05
-4.42913e-05
0.0139626
0.0212639
2.07609e-06
-0.00367659
0.019572
0.00221133
0.012746
0.0116236
0.000140949
0.0624317
0.00420266
9.30582e-05
-0.00782612
0.0295897
-0.00390651
0.00116792
0.00863947
0.00222548
0.00406689
-0.0175582
0.00220272
0.0736207
0.000429792
8.0812e-06
0.0065989
-0.0141685
-0.0195246
0.000945301
0.0201695
-0.00607873
0.000796533
0.00131567
0.00512446
0.0155766
0.000146603
0.000829924
0.0372001
0.00491292
-0.00234019
-0.00180413
0.00423761
0.00196861
7.5948e-05
0.000621867
0.0022269
0.0897354
0.0135952
0.00578665
-0.000432671
0.0702293
3.64148e-06
2.20408e-05
-2.42472e-05
0.0250663
0.000339851
0.000343739
3.87617e-05
-2.62077e-05
0.0363745
0.000678899
0.00430239
-2.95042e-05
-0.0225278
0.00262334
0.00174952
0.0824388
1.6933e-05
1.04659e-05
0.000484992
0.0265163
-0.000144196
0.000356284
-0.000157441
5.6345e-05
0.0403849
0.00067518
7.4476e-17
0.0393116
-5.82544e-05
0.0003763
0.00180179
0.0331964
-0.000222049
0.000880847
-3.23127e-05
-1.71035e-05
1.22183e-05
6.85575e-05
0.00257464
0.0147671
0.00412331
0.000619337
-0.000940485
-0.0181444
0.00030033
0.000310626
0.0020852
0.00156112
0.00096624
0.00111651
-0.00188216
0.00110866
-0.000128109
-5.47718e-06
0.00256233
-0.00280081
0.0327862
0.00125673
0.000918933
0.00202047
0.0135961
0.00578646
-0.000432022
0.0702325
0.0363861
0.000679442
0.00357245
-2.95042e-05
4.51208e-06
2.37027e-05
-2.34766e-05
0.0250597
0.000345248
0.000337717
4.52055e-05
-2.59282e-05
-0.0225424
0.00218807
0.00175976
0.0815237
0.040482
0.000675277
2.48253e-17
0.0393475
1.86365e-05
1.11376e-05
0.000509647
0.0265125
-0.000139359
0.000359213
-0.000158288
6.53328e-05
-5.66279e-05
0.000409555
0.00179879
0.0331989
0.00415694
0.000640903
-0.000922444
-0.0182372
-0.000209731
0.0008811
-4.05116e-05
-1.59223e-05
4.34739e-06
7.46722e-05
0.00255851
0.0148048
0.000303921
0.000310951
0.00209022
0.00185718
0.0325476
0.00123804
0.000912615
0.00199622
0.00128187
0.00139806
-0.00251452
0.00141793
-0.000125169
-1.4553e-06
0.0025686
-0.00281502
0.00121884
-0.000231778
0.000369197
0.000349265
-0.0147716
0.039149
-0.00438627
0.00513706
0.000126164
0.0106981
-0.000223829
-0.000221791
-0.0254448
-6.61802e-06
0.0245752
0.00454696
-0.000232738
0.00014532
0.000328282
3.58193e-05
-0.000613933
-0.000331226
-0.00165293
0.00011173
0.00115661
-0.00029904
-7.45566e-06
0.00112622
0.009316
0.000992731
-8.97954e-05
6.47221e-05
0.00186978
7.13659e-05
0.00395797
0.0031372
-0.0337349
0.000186738
1.15662e-05
1.19964e-05
-0.00618872
0.000942785
0.00177849
-0.00045801
-0.00664406
-0.00404434
0.000687289
0.00203772
0.000607332
0.00134034
0.000205343
0.0002052
-0.0365059
0.0083783
-0.0178961
-0.00739728
0.00384021
-0.00143492
0.000217168
-0.00864778
0.00436277
0.000243708
0.000750041
0.00035942
-0.003117
0.000116176
6.72461e-05
8.4179e-05
-4.60021e-05
-4.70264e-05
-2.19485e-06
-2.29195e-06
0.00025087
7.66256e-05
-0.00188719
0.00372554
-2.0838e-05
0.000683626
0.000953414
8.39087e-05
0.00132465
-0.000668685
0.000119009
0.000343913
-0.0110179
0.0349841
0.0387331
0.0348758
-0.0002327
0.000133298
0.000327841
3.57974e-05
-0.000543635
-0.000333067
-0.00161758
0.000214508
0.00111384
-0.00034781
0.00105997
-6.65386e-06
0.00931574
0.000992406
-8.53131e-05
6.5708e-05
-0.00619498
0.000950547
0.00235161
-0.000401658
-0.00696022
-0.00406605
0.000728422
0.00198683
-0.000720968
-0.00144649
-0.00463566
0.000240448
0.00433758
0.000245232
0.000359346
0.000751969
0.000209832
2.14071e-05
0.00372692
-0.00188229
-0.000143035
0.000685296
0.000114475
0.000942636
1.83656e-06
0.00095026
2.66723e-07
0.000179957
0.0383879
0.000696566
-3.83153e-10
-2.48253e-17
-0.00285723
0.00571675
-5.69891e-05
0.000450709
-2.76146e-05
-3.09875e-06
-3.68658e-05
1.08859e-05
-0.0180581
0.000181908
2.06588e-05
2.04022e-05
5.55112e-17
-5.55112e-17
7.27905e-05
7.34551e-05
-2.1709e-05
0.000107203
-4.46537e-05
0.000658562
-0.00292474
0.00751048
0.00399845
1.48458e-05
2.77556e-17
1.11022e-16
6.76657e-05
6.77569e-05
0.00116015
-0.000310209
-4.36592e-06
-4.40203e-06
-0.000295585
0.000209065
-4.84414e-05
-6.06872e-05
0.0408027
0.00239432
0.000764324
0.0110728
0.000432511
0.000748434
0.000142012
0.000141924
0.000297086
0.00108532
0.000107374
0.000111999
5.92193e-06
0.000240333
0.000463342
0.000464839
0.000846744
-0.00205053
4.58403e-05
7.58481e-05
1.79371e-05
0.000945875
-4.38678e-07
0.00019126
0.038384
0.000697568
3.6121e-10
4.96507e-17
-0.0018395
0.00571682
0.000477584
1.22023e-06
-3.0135e-05
2.06815e-05
-3.44818e-05
7.36091e-06
-1.96355e-05
0.000102137
0.000656889
-4.74455e-05
-0.00285583
0.0075441
0.00401234
2.06539e-05
-0.000292417
0.00021395
-6.08587e-05
-5.07138e-05
0.0421484
0.00240203
0.011077
0.000740948
0.00138405
-4.77698e-05
0.000130583
-0.00686922
0.000135024
0.00278391
0.00428192
0.000181508
0.00026829
0.000272598
-0.011816
-0.000367409
0.000994683
-2.18878e-06
-0.00012936
0.000976435
0.00142631
-2.78506e-05
0.000129082
-0.00685364
0.000948291
-4.42876e-06
-5.50866e-05
0.000611942
0.000336298
0.000322857
-0.0117819
-0.000271895
0.0001176
0.00279303
0.00428221
0.000240468
-0.00322162
-0.00194218
-4.05184e-05
0.00601839
-0.00321311
-0.0019336
-4.98097e-05
0.00606967
0.000102113
-0.0175771
7.06892e-05
-0.00118744
0.000105557
-0.0168825
6.31966e-05
-0.00118734
0.00067942
0.00276832
0.000121543
0.00157826
0.00418029
0.000417753
0.000423697
0.00027255
0.00417694
0.000421799
0.000416483
0.000273512
0.000707
0.00280558
0.000121786
0.00157892
0.00638191
0.00583444
-0.0125618
-0.00768353
-0.0012376
-0.0118655
0.013167
-0.00138116
-0.0478856
-0.00111513
-0.00579949
0.00288408
-0.0025251
-0.0018739
-0.0361011
-0.0197289
9.45217e-05
4.50493e-07
1.40179e-05
0.000831707
0.00031475
1.98408e-07
1.47512e-06
0.000462669
-9.56145e-05
-0.000305748
2.39451e-05
-8.13876e-05
-5.25703e-05
-0.000257976
0.000547155
-6.20118e-05
8.67516e-05
5.69023e-07
1.35192e-05
0.000837351
-4.95394e-05
-0.000259375
0.000543569
-6.25843e-05
-9.49909e-05
-0.000308206
1.72259e-05
-7.66573e-05
0.000319274
-8.01071e-07
-2.11272e-08
0.00046141
0.0373765
-2.94043e-05
-2.94036e-05
0.00067454
-2.94043e-05
0.0373717
0.000675389
-2.94043e-05
-4.53378e-10
0.0393895
0.000679003
-7.4476e-17
0.0393938
9.93014e-17
-1.0078e-09
0.000678073
0.00225326
0.000285989
0.00107673
0.00113983
0.027673
7.54628e-05
-6.76451e-05
0.0012135
6.71135e-05
0.0276693
0.00121177
-6.93207e-05
0.000290199
0.00225415
0.00114321
0.00101757
-0.00119533
0.0088451
-8.23655e-05
0.00150871
-0.000569214
-0.000156018
0.000404285
0.00092773
-0.000637452
8.61028e-05
0.000127058
0.000408799
1.28569e-06
0.000340438
0.00336255
-0.00105091
-0.00113403
0.00890394
-0.00014989
0.00139262
-1.48838e-07
0.000293347
0.00341918
-0.000902156
-0.000626494
9.88728e-05
0.000138634
0.000414434
-0.000580374
-0.000189668
0.000414585
0.00096046
0.0174191
-0.00770846
-0.000944369
0.0163599
0.0173613
-0.00903756
-0.000994045
0.016412
0.00186844
0.00342523
-0.00636796
0.00972492
0.00186642
0.00335086
-0.00634418
0.0101209
0.00207043
0.000779829
-0.00222993
0.000376647
-0.00316111
0.000735529
0.000929634
0.000242441
-0.00316463
0.000737388
0.000932879
0.000241051
0.00233697
0.000770938
-0.00221515
0.000399106
-0.00117955
-0.030575
0.000249466
0.00122333
-0.0305128
-0.00118611
0.00122214
0.000250824
6.615e-05
-0.000552268
0.00101122
2.63039e-06
-0.000433462
4.36069e-05
-2.3236e-05
0.000984152
0.0128637
0.0026017
0.0225216
0.0206283
0.00255485
0.0540023
0.00698821
0.0153775
-0.017002
0.0278257
0.0227274
0.058105
0.0139126
-0.0208413
0.00522715
-0.00968822
0.00445794
0.00895567
0.00283069
0.00385014
0.0361933
0.00446146
0.00200271
0.0654187
0.0222565
0.0204809
0.0129401
0.00268188
0.00259518
0.05449
-0.0166791
0.0279857
0.00938087
0.0151083
0.0229786
0.0582264
0.00529405
-0.0083902
0.0119273
-0.020531
0.00430677
0.0089377
0.0361883
0.00446104
0.00214087
0.00311652
0.002001
0.0654454
1.86873e-05
0.0726423
-1.06902e-05
0.0247337
-3.55842e-05
3.67159e-06
1.6829e-05
2.73043e-06
-0.0002294
0.0815027
0.000975284
0.0269491
2.65522e-05
-0.00930057
9.93014e-17
0.00837817
0.00227937
0.046827
-0.000124122
-0.000295232
0.00271119
0.0376418
-0.000329578
-0.0108655
0.000996951
0.00262269
-0.000419066
2.4245e-05
0.00207717
-0.00286777
-0.00322068
-0.00282411
2.22709e-05
0.074202
1.83408e-05
2.92619e-06
-1.22074e-05
0.0247235
-3.43822e-05
1.5786e-07
-0.000225311
0.0818999
2.51017e-07
0.00996786
0.000991775
0.0269421
2.93558e-05
-0.00929938
0.00227227
0.0468237
-0.000395528
-0.010857
-0.000121557
-0.000295305
0.00270234
0.0375838
0.00103212
0.00261826
-0.00322652
-0.00283138
-0.000402785
9.22354e-05
0.00208865
-0.00287218
0.0214204
0.00221152
0.0188158
-0.00235941
-0.00011759
1.71594e-05
8.05023e-05
0.000204151
0.0187934
0.021109
0.0187792
0.0210872
0.00358881
0.00358807
1.89525e-05
1.88944e-05
-0.000114269
0.0778938
0.00111796
0.0630459
-2.00442e-06
-0.000122651
-0.00037848
0.000505554
0.00683112
0.0159892
0.00399937
0.00213392
1.08788e-06
0.000305114
9.99004e-05
0.00753066
-0.00372411
0.0315736
-0.0036179
0.0316034
0.00380644
0.0103351
-0.000117055
-0.000167274
0.00743667
0.0993443
0.00323099
0.082189
0.00217065
-0.00374177
-0.00256828
0.000846882
0.00592925
0.0135046
0.00594885
0.0182649
4.8882e-05
8.1049e-05
-0.0323015
-0.0510589
0.00417837
0.0208375
0.000390283
0.0303504
0.000599224
-0.000342606
0.000793042
0.000596496
0.0379239
0.00509432
0.037917
0.00507679
0.000170475
-6.8058e-06
-1.0179e-06
5.21962e-07
0.00243807
0.0948438
0.00177722
0.0261133
-0.000432441
0.00075003
0.00155052
-0.000430469
0.0213438
0.00238392
0.0188469
-0.00217479
-3.89306e-05
8.92711e-05
0.000197949
0.00023318
-8.92558e-05
0.0780322
0.00111179
0.0619632
9.2469e-06
-0.000124167
-0.000451736
0.00114988
0.00682364
0.0159783
0.00382281
0.00194866
0.00029691
-5.53585e-06
9.98928e-05
0.00753055
0.00759365
0.0998738
0.00263358
0.0817517
0.0025237
-0.003786
-0.00247555
0.000589011
0.00411222
0.0208353
0.000397038
0.0303698
-0.000371806
0.000564092
0.000639033
0.000845121
0.00240257
0.094861
0.00177831
0.0261207
0.000730545
-0.000414042
-0.000558508
0.00186247
5.00416e-05
0.0255211
0.000298065
0.0262211
-8.86699e-07
-1.17674e-06
3.59308e-07
3.61255e-07
4.26975e-05
1.93551e-05
2.04202e-05
-0.00010934
0.000423583
0.000116335
7.11091e-06
9.07277e-05
4.51156e-05
2.14531e-08
4.53873e-05
-2.11092e-08
8.33513e-05
8.34317e-05
7.40492e-05
7.49022e-05
-0.000187493
-7.1276e-05
3.83299e-05
-2.23225e-05
-5.63874e-05
0.0010405
0.000108669
0.000519696
5.55112e-17
0.0175645
-8.32667e-17
0.0175647
6.6217e-05
6.65e-05
5.62953e-06
4.89262e-06
0.00312907
-0.0026895
0.00294525
-0.00230459
-0.000399784
-0.000367354
-0.00260783
-0.0011073
-0.00113252
-0.0188668
-0.00113519
-0.0188914
0.00022877
0.000230043
0.000489614
0.00049558
0.000991692
0.00173372
0.000984854
0.00172796
0.000232929
0.000235606
0.000178716
0.000174367
4.81189e-05
0.0255128
0.000304199
0.0262226
-1.71867e-06
-1.20645e-06
6.06303e-07
3.88645e-07
4.41533e-05
1.75121e-05
3.26617e-05
-0.000107138
0.000126454
0.000425143
8.63861e-06
8.6941e-05
-0.00018779
-7.14292e-05
3.90145e-05
-2.55881e-05
0.00101896
-7.85982e-05
0.000106878
0.000518374
0.0031209
-0.00271827
0.00294785
-0.00231047
-0.000366488
-0.000400239
-0.000465334
-0.00197124
0.000432925
0.00085427
0.000415771
5.97072e-05
-3.766e-06
0.00390118
-0.00477148
0.00174725
2.65509e-06
0.000424538
0.000415887
5.96779e-05
0.00387678
-1.11641e-05
0.00174566
-0.00477637
0.00166168
0.00171159
0.00165829
8.00272e-05
0.00171402
0.000143773
1.86756e-05
1.84116e-05
0.000156497
0.00015661
0.000707258
0.000319673
0.000321983
0.000709202
0.000131328
0.00013167
0.0308247
0.0517653
0.0324537
0.0154512
-0.00242684
0.0308724
0.0494425
0.00964873
8.73662e-07
5.6685e-05
-5.27657e-05
4.15433e-05
0.000195629
0.000295548
5.45957e-05
9.81387e-06
1.84214e-06
5.75277e-05
-5.40983e-05
4.0751e-05
0.000295995
0.000179508
9.50441e-06
5.45484e-05
-2.77556e-17
5.55112e-17
7.15307e-05
7.20091e-05
6.91144e-05
6.90139e-05
-2.77556e-17
-2.77556e-17
0.00240482
0.00811408
0.000165922
2.93685e-05
0.000882507
0.000884315
0.00811718
0.00238565
0.000130193
0.000734774
0.000756139
-0.00477512
-0.00298628
0.00596551
4.83899e-05
0.00356276
0.000732887
9.85861e-05
0.000564025
-0.00452439
0.00678252
-0.00296609
5.65336e-05
0.00430813
0.0125066
0.0127827
-8.92715e-05
0.00889501
-8.92701e-05
0.00889379
-9.59978e-06
-9.65553e-06
0.000404825
0.000403358
0.000993634
0.00030321
0.000363874
0.000994876
7.10564e-05
7.16757e-05
-7.85227e-05
6.44247e-05
5.42725e-05
5.43834e-05
1.07209e-05
1.04111e-05
-7.85381e-05
6.53253e-05
-0.000196524
0.000148143
-0.00166231
-0.000146868
-0.00457923
-0.000141168
-0.0014608
7.78124e-05
0.000697462
-0.00264709
0.00609936
0.00531068
-0.00108023
2.09621e-05
-0.026036
0.0150715
0.000335983
0.000458258
0.000721986
-0.0328067
-0.00139759
-0.00380889
0.00205705
0.00626023
0.000169143
0.000455217
0.00898181
0.000396808
0.00081982
0.000203112
0.0192425
-0.0200853
0.0011129
0.00034506
0.00156213
0.00158865
-8.14499e-06
0.000821754
1.118e-05
0.000805531
7.39774e-05
0.000949496
0.000126161
0.000990248
-0.000209719
5.10375e-06
-0.00339296
0.000100596
-0.00451643
-0.000140379
-0.00139538
5.37631e-05
-0.000112172
0.000191634
-0.00153606
4.5709e-05
0.000820989
-0.00266852
0.00611959
0.00544354
0.000435539
0.000466524
0.000792595
-0.0329654
-0.000694903
2.36271e-05
-0.0259146
0.0150839
-0.000963965
-0.00366675
0.00232579
0.00425272
0.000729265
0.000203106
-0.00029481
-0.0376625
0.000120533
0.000416157
0.00934433
0.000379646
0.00110059
0.000421143
0.00163753
0.0015987
7.9801e-05
0.00094915
0.000153301
0.00100236
-1.20754e-05
0.000629518
6.45012e-05
0.000894401
-0.000205938
9.56729e-06
-0.00334393
0.00013451
0.00454579
0.00458801
0.00982063
0.00149387
1.52176e-08
2.9752e-05
-1.52671e-07
1.90766e-07
0.000513419
-3.71635e-05
0.000252583
0.000580964
0.0416567
-0.00168371
0.0369121
0.000702987
-0.0101611
0.0016458
0.000298629
-0.00114668
0.000190427
-4.38878e-10
6.67817e-06
2.84406e-07
5.4043e-05
0.000337525
0.00162481
0.000355274
0.0398842
0.000676626
0.0112016
0.0158684
2.68041e-05
-0.00241821
0.000760845
0.00029546
-2.35047e-05
0.00050271
-0.000188917
0.000815838
-0.00033456
-0.000337467
3.86003e-05
0.0236117
0.00486403
0.000236819
0.00234299
0.000958386
0.000268175
0.000726542
-0.00285367
0.000682279
-0.000218607
7.94905e-05
0.000774352
-4.50737e-05
-0.000434192
-0.000412232
-2.354e-05
1.94202e-05
0.0294374
0.0013339
0.0716776
4.77411e-05
0.00454698
0.00456605
0.00993499
0.00162812
0.040926
-0.00241345
0.0369072
0.000703759
5.56459e-08
2.96048e-05
-9.93014e-17
3.57129e-07
0.000520034
-3.12199e-05
0.000244304
0.000575346
-0.0100141
0.00164439
0.00122795
-0.00110718
0.039873
0.00067714
0.0123517
0.0159036
0.000193558
-1.30249e-08
-4.05057e-11
1.69278e-07
4.88825e-05
0.000335441
0.00193249
0.000346985
8.83504e-05
-0.002359
0.00076665
0.000294824
0.00486589
0.000235332
0.00233928
0.000971572
-3.01928e-05
0.000505912
-0.000177448
0.000809199
-0.000335069
-0.000338226
4.10407e-05
0.0235375
0.000270326
0.000716145
-0.00255411
0.000932405
0.0294124
0.00132423
0.0716725
4.7386e-05
-0.000211675
4.95994e-05
0.00078853
-4.18057e-05
-0.000433408
-0.000410896
-3.23589e-05
2.01101e-05
-0.0038368
0.00117995
0.00125908
0.0011369
-0.00874267
-0.00562658
0.0137282
-0.0352631
-0.00355775
0.00597315
0.00602318
-0.0035418
0.0214042
-0.00323802
-0.0235067
-0.0238612
-0.000448874
0.000322235
0.000629288
-0.000373271
-0.000529562
-0.00208022
-0.000278792
9.82783e-05
-0.000163908
-0.000945385
0.000620208
0.000453466
0.00106669
0.0114421
-0.000344307
0.00100875
-0.0064598
-0.00124297
-0.0011023
-0.00639737
-0.0317568
0.00019011
0.000190466
-0.0317486
-0.00341203
0.00158597
0.00169078
-0.0037655
0.00751785
-0.00943152
-0.00979049
3.06098e-05
0.00130819
0.000807288
0.000832704
0.00130752
-0.00041015
0.0471735
0.0476923
0.00839714
0.00305588
0.00095157
-0.000424539
0.000837103
0.00370478
0.000273506
0.000241817
0.00412973
-0.0029964
0.000413847
0.000404482
-0.00300886
8.62377e-06
-3.41082e-05
-3.49641e-05
5.92788e-06
-7.54965e-06
-0.000162901
-0.00805091
-0.000656465
-0.000790196
0.000564068
0.000628139
0.000772215
0.00122466
-0.00333736
0.0011397
0.00128523
-0.0224569
0.0120925
-0.0152371
-0.00494635
0.000295368
-0.000437824
-0.000374836
0.000624946
-0.00195402
-0.000508147
9.55074e-05
-0.000287642
0.000481643
0.000624496
-0.00105745
-0.000165675
0.0114402
0.00106493
0.00100894
-0.000372005
0.00159772
-0.00341269
-0.00335033
0.00157168
-0.00933597
0.00750391
-1.69375e-05
-0.00961437
0.000489328
-0.000758114
0.000953272
-0.00147078
0.00412519
0.000240703
0.000275095
0.00371733
-0.000654094
-0.00733563
-0.000158663
-7.26447e-06
0.000755206
0.000629102
0.000564305
-0.000802322
-1.03329e-05
0.00113215
0.000589476
0.000215073
0.000698705
0.037897
0.0388906
0.000679785
0.000172285
0.00250823
0.00781527
-0.00202388
-1.18576e-06
9.27486e-06
-1.39003e-06
1.46107e-05
-0.0179662
0.000179932
0.000180469
-0.0179659
5.55112e-17
8.32667e-17
-5.55112e-17
-2.77556e-17
2.75664e-09
6.07564e-08
1.60336e-06
-4.34481e-06
0.00116563
0.000585168
-0.00116195
-0.00017147
2.77556e-17
8.32667e-17
1.11022e-16
2.77556e-17
0.00116728
-0.00031015
-0.000310097
0.00116665
-0.000222244
0.000163634
0.000375601
-0.00020655
0.0296321
0.00175865
0.00178045
0.026686
0.000412072
0.000676776
0.000673619
0.000416693
0.00147538
0.00114908
0.00114525
0.00147718
-2.4117e-05
0.000234766
0.000236259
-2.43098e-05
-0.00205221
0.000993151
0.000961143
-0.00208233
0.00113288
-6.82663e-06
0.000236919
0.000586375
0.0378928
0.000699631
0.000680865
0.0388868
-0.00205153
0.00777266
0.0025218
0.000224509
8.94975e-06
-1.14637e-06
1.53177e-05
-1.0573e-06
-4.49352e-06
1.46322e-06
4.23747e-07
8.14357e-09
0.00066774
0.00116576
0.000628916
-0.00120021
-0.000212129
0.000405966
0.000149323
-0.00022606
0.0266909
0.00177518
0.0017459
0.0296298
0.0154565
-0.00244061
0.00106663
0.0160151
0.00110398
-7.9959e-05
-0.00614399
0.00579467
-0.00120256
0.000183087
-0.00305951
0.000629413
0.0194174
0.020612
0.0013438
0.00119385
3.08225e-05
0.00055071
0.00374111
0.00640855
0.00020305
-0.000817134
0.000920205
8.41833e-05
-0.00412039
0.000635597
0.00492627
8.12662e-05
0.00121269
0.00499053
0.00429679
-0.000284972
0.00246598
0.0018431
0.000144261
-0.000101062
0.00063704
0.00833531
-0.00692196
-0.00106954
0.00388544
0.00653837
0.00538888
0.000328705
-0.000188073
0.000721534
-0.000586215
-0.00364025
0.0107955
0.0173528
0.00108513
0.00662313
0.0181777
0.00198995
0.00105688
0.0196101
0.00473642
0.00322796
0.00109067
0.00115102
0.00476427
0.0053753
0.000842494
-0.00479873
0.0157288
0.0161625
0.00116731
-0.00249004
0.0194009
0.00128954
0.00145047
0.0205781
-0.00142917
0.000598388
-0.00302983
-0.000808442
0.00110821
0.00579999
-0.006113
-7.47872e-05
0.0107561
0.00659773
0.00105234
0.0162546
0.00474031
-0.00499608
0.000681157
0.00521323
0.00451787
0.000855095
0.000913036
0.00303848
0.0182113
0.0195106
0.00104359
0.0020842
0.00245117
-0.000106508
0.00021432
0.00186866
-0.000177994
-0.00366568
-0.000572563
0.00072323
0.00388534
0.000399322
-0.000292937
0.00650947
0.000629274
-0.00103088
-0.00686715
0.00285041
3.50142e-05
0.00641178
0.00374373
0.000557248
0.00120654
-0.000285749
0.00429856
0.00499144
-0.00412427
0.000107139
0.00495576
0.000626912
0.000203249
8.82878e-05
0.000952221
-0.000787279
0.0508549
0.0246849
0.00158023
0.0639549
0.0205412
-0.00173653
-0.00333218
0.0219833
0.000852756
-0.00101013
0.00591886
0.00905737
0.06147
0.0912195
0.00312231
-0.00247766
0.0507106
0.0638181
0.00155305
0.0243917
0.0608771
-0.00237354
0.00316828
0.0907496
0.000880736
0.00887397
0.0059952
-0.000985742
0.020538
0.021956
-0.0033342
-0.00173742
0.0206782
0.0386906
0.00117717
0.0842972
0.000124284
-0.0179925
-0.0196907
-0.000828789
0.000124522
0.00124074
-0.00036819
0.000201597
0.0613321
0.0685747
0.000707771
0.000155419
0.0206742
0.0846707
0.00137559
0.0390507
0.0623068
-0.000565364
0.000716321
0.0685561
9.72272e-05
0.000201616
-0.000365967
0.00113741
0.000123776
-0.00046419
-0.0193256
-0.0179928
0.00886799
0.0137134
0.0030571
0.00616292
0.0241162
0.00475022
0.00562061
0.0197935
0.000891641
0.00140798
0.00154526
0.000856645
0.00468784
0.0065827
0.00106407
0.000749806
0.0478048
0.00406866
0.0050845
0.0340664
-0.00165447
0.000586261
0.000681208
-0.000767796
0.000506316
0.000809153
0.00104516
0.000869812
0.0284356
0.0319775
0.00442377
0.00474997
0.047776
0.0340518
0.00508344
0.00396442
0.0284717
0.00476916
0.00442234
0.0319878
0.000507594
0.000869895
0.00104053
0.000811174
-0.00165494
-0.000759147
0.000684102
0.000588552
0.00890167
0.00599523
0.00314992
0.0137427
0.004697
0.000761324
0.00109081
0.00638019
0.000892485
0.000859817
0.00154658
0.00140776
0.0241497
0.0198039
0.00563559
0.00475804
0.0187481
-0.000324006
0.00673283
0.0215864
0.000779118
-0.0107917
-0.00116824
0.00148792
0.0165587
0.0376417
-0.00856709
-0.00668701
0.0205865
0.0212608
0.0105587
0.0159848
-0.0217041
0.0378212
0.0198403
-0.00584616
0.0161023
0.00240838
0.0247098
0.0152607
0.0024496
0.00496854
-0.00729962
-0.00938759
-0.00158762
-0.00361517
-0.0314246
-0.02506
-0.0217967
-0.00978382
0.00879842
-0.0162807
-0.0015166
-0.0167639
-0.0241307
-0.00379546
-0.00885064
-0.0251655
0.0211201
0.00362647
0.0263004
0.00201515
0.0325444
-0.0176095
0.0186881
0.0214957
0.00269806
-0.000335402
0.0205756
0.00596389
-0.00363348
0.0212328
-0.00540457
-0.00777486
-0.0256749
0.0228663
0.00109066
0.00137841
-0.0034044
-0.00674174
-2.27948e-05
-1.74449e-05
0.000188766
0.000270568
3.17138e-05
-1.30364e-06
4.19749e-05
3.24306e-05
-5.01876e-05
-5.40452e-05
0.000989087
0.00120434
5.09529e-05
0.00046455
0.00073077
-1.48775e-05
0.00121463
-1.39974e-05
0.00018655
0.000747657
-0.000151472
-5.27416e-05
0.000400102
8.38919e-05
0.000118674
0.000793431
0.000526099
8.8864e-05
0.00021733
0.000384129
0.000479357
0.000109517
0.00183632
0.0023703
-0.000279918
-0.00416288
0.00275833
-0.000259394
-0.000253263
0.00275845
0.00020769
0.000477111
7.01217e-05
0.000189978
0.0011863
0.000649833
3.94812e-05
0.000884998
0.00274632
-0.000193602
-0.000230724
0.00253107
1.16698e-05
1.56292e-05
0.000681658
0.000857984
8.49327e-05
0.000290918
0.000450855
2.60874e-05
0.00305935
0.00288665
-0.000229272
-0.000252171
-2.11487e-05
0.000269866
0.000182443
-1.7861e-05
5.13311e-05
-1.2904e-05
0.000736718
0.000462326
-5.03064e-05
0.00120713
0.00100268
-5.43959e-05
3.22578e-05
3.21402e-05
4.01286e-05
1.06503e-05
0.00274409
0.00250367
-0.000224633
-0.000176563
0.00305788
-0.000251612
-0.000240024
0.00286724
8.50806e-05
2.57436e-05
0.000445972
0.000308862
2.72181e-05
0.00085312
0.000678046
8.22785e-06
0.00184353
-0.0031787
-0.000277356
0.00238315
0.00117387
0.000869405
4.18512e-05
0.000755797
0.000208452
0.000204782
5.84569e-05
0.000476434
0.00274828
0.00275881
-0.000256025
-0.000259808
0.00122633
0.000772737
0.000184249
-1.36268e-05
0.000221721
0.000127449
0.000494032
0.000403704
0.000118978
8.72316e-05
0.000523894
0.000791026
-0.000172474
8.3841e-05
0.000398371
-6.40933e-05
0.0244974
0.0366433
0.0371443
0.0249
7.48103e-05
7.34199e-05
0.000688764
0.000690943
2.1712e-05
0.000697636
0.000686623
7.21606e-05
0.0257162
0.0252937
0.0376367
0.0381424
0.0244973
0.0248916
0.0371395
0.0366467
0.0257075
0.0381384
0.0376323
0.0252862
2.20974e-05
7.27321e-05
0.00068751
0.000698599
7.55877e-05
0.000691601
0.000689574
7.41786e-05
0.0272278
0.0401148
0.0396313
0.0267273
6.54926e-05
6.69413e-05
0.000678071
0.000676209
2.06501e-05
0.000681796
0.000679934
6.83901e-05
0.0260663
0.0263647
0.0391382
0.0386354
0.0272368
0.0267322
0.039639
0.0401345
0.0260733
0.0386392
0.0391422
0.0263691
2.04536e-05
6.83854e-05
0.000678816
0.000680753
6.58716e-05
0.000675903
0.000677349
6.71285e-05
0.0348774
0.0493136
0.003333
-0.0146431
0.0019069
0.0523707
0.0164549
0.00618365
0.0033053
0.00147074
0.00176613
0.00338682
-0.0187489
-0.0183738
0.00186773
0.000562621
-0.00138986
0.0302033
0.0285213
-0.00316544
0.00123151
0.000510345
0.00123243
0.00228577
0.00807396
0.0111595
0.00162525
0.000876774
-0.00262675
-0.00255321
0.0272292
0.0346718
-0.0013848
-0.00317954
0.0285072
0.0301823
-0.00230036
0.0354547
0.0272286
-0.00256445
0.0080775
0.000879519
0.00162365
0.0111646
0.00123027
0.00225713
0.00122588
0.000512292
0.0348487
-0.0146408
0.00330334
0.0489888
-0.0187505
0.000566554
0.00186689
-0.0184211
0.00331572
0.00339176
0.0017745
0.00145272
1.9165e-05
0.00614727
0.0164469
0.0524695
-0.0106414
-0.0179328
0.00711113
-0.0038211
0.00722311
-0.00258685
-0.000613693
0.00220463
0.00149609
0.00396264
0.00155724
0.00293432
6.80613e-06
0.000265896
0.0047297
-0.000931066
0.0269176
0.00677464
-0.00117905
0.0209328
0.00604409
0.000517537
-0.000342121
0.00757476
-0.00951509
0.000345137
0.00035735
-0.000713357
0.00589129
-0.0102295
-0.00153729
-0.00682266
0.00280904
0.00267054
-0.000446995
0.00403285
0.00251867
-0.0014166
0.00020515
0.00239544
-0.00702336
0.00129868
0.000617462
-0.00238816
0.00510207
0.00408189
-0.000140531
0.00166823
0.00134062
0.000575293
0.000589784
0.00157087
0.000796836
-0.0015659
-0.00110078
0.000533851
0.00989259
0.000960166
0.00153953
0.00616818
0.00202806
0.00239273
0.00137183
0.00235393
-0.0106325
-0.00383732
0.00491904
-0.0179864
1.05735e-05
-0.000850928
0.0048043
0.000263018
0.00150026
0.00294734
0.00151206
0.00400958
0.0069154
0.00208149
-0.00057089
-0.00263214
0.00136409
0.00159398
0.000540227
0.000714025
0.00201619
0.0023657
0.00145178
0.00239537
0.0102903
0.00654668
0.00202313
0.00117468
0.000792439
0.000692348
-0.0013642
-0.00254341
0.00241662
0.00364707
-0.000436186
0.00266115
0.00492426
0.00168854
-0.000106629
0.00408083
-0.00703293
-0.00237286
0.000639184
0.00126424
0.0025155
0.00238308
0.000211066
-0.00141102
0.0264662
0.0179039
-0.000974396
0.0069041
0.00596316
-0.0066766
-0.00144518
-0.00929591
-0.00938417
-0.000780839
0.000318309
0.000366116
0.00603951
0.00775587
-0.000348529
0.000510136
0.0204334
0.0648403
-0.00418318
0.0581517
0.0176763
0.00116219
0.0172881
0.0257611
0.00516884
0.0014149
0.0116288
-0.000317196
0.0853047
0.0862596
-0.00755143
-0.00751435
0.0212277
0.0595057
-0.00342721
0.0654183
0.0849334
-0.007643
-0.00749969
0.0860119
0.00516494
-0.000317219
0.0116479
0.0013971
0.0176771
0.02578
0.0172174
0.00116194
0.0121581
-0.0111319
0.00208967
0.0716041
-0.00437195
0.00053605
-0.00185612
-0.00418864
0.0178844
0.00553663
0.00636972
0.0081349
0.098725
0.0880361
-0.00074921
-0.00639582
0.0120299
0.0702867
0.00203752
-0.0112458
0.0981361
-0.00635652
-0.000554529
0.0855211
0.0180558
0.00683911
0.00670282
0.00557227
-0.00442549
-0.00428179
-0.00182705
0.000537407
0.000216869
0.0043523
0.0379889
0.0753679
0.0424594
0.000430281
-0.00134347
0.0130749
0.001121
-0.00190554
-0.0018721
0.00168128
0.00197494
0.00227788
0.00116323
0.000997689
0.0667619
0.036623
-0.00268453
0.0777864
0.0376395
-0.00300057
-0.00218816
0.0393242
0.000551214
0.00105377
0.000889629
0.000332785
0.0821595
0.0987417
0.00125031
0.000524189
0.0668795
0.0777834
-0.00266738
0.0366316
0.0820612
0.00048052
0.00125372
0.0986891
0.000609585
0.000327248
0.000883616
0.00109155
0.0376343
0.0393174
-0.00219614
-0.00300703
0.000215376
0.0754625
0.0381466
0.00451864
0.00197297
0.00098157
0.00112962
0.00226477
0.00112175
0.00168117
-0.00188874
-0.0019211
0.0423182
0.0131808
-0.00117624
0.000351915
0.039068
0.0289378
-0.0296114
-0.0129463
0.0317442
-0.03274
-0.0300192
0.0311575
-8.59507e-06
0.00095145
0.00134207
0.000221455
0.0148915
0.0248201
0.0202511
0.0104539
0.0389298
-0.0130332
-0.0295336
0.0290703
0.0148876
0.0104527
0.0202562
0.024991
-4.74177e-06
0.000221739
0.00134164
0.000950198
0.0317565
0.0312213
-0.029984
-0.0327361
0.00591027
0.00504571
-4.8326e-05
0.00247057
0.00507417
-2.20171e-05
0.00103879
0.00593235
9.68617e-05
0.00106581
0.000969581
-4.23465e-05
0.0160664
0.00187439
-0.000355821
0.011984
0.00627308
0.00275827
-0.000110509
0.00502995
0.0161543
0.0119915
-0.000387338
0.00187451
9.63248e-05
-4.26636e-05
0.000954529
0.00106449
0.00509401
0.00594545
0.00101813
-2.33582e-05
