-0.845
0.315
-2.04927
-0.775172
0.375
1.985
-0.815
0.741
-2.015
-0.815
1.07041
2.015
0.855
0.305
-2.04122
0.765259
0.375
1.985
0.815
0.740973
-2.015
0.795
1.07041
2.015
0.0946604
0.102937
0.0391542
0.0580221
0.0908673
0.111435
0.0432343
0.0715833
0.00208249
0.0419205
0.1166
0.124342
0.0477282
-0.00118202
-0.028807
-0.0193661
0.0143632
0.0924099
0.105149
0.0259828
-0.0221985
-0.0487005
-0.0359993
-0.00318652
0.0458765
0.0643747
0.0107389
-0.0373486
-0.0680364
-0.0468466
-0.0183408
0.0123564
0.0200258
-0.00832538
-0.0422245
-0.0727688
-0.00714429
0.0316702
0.117275
0.123817
0.0309298
-0.0154433
-0.0387406
-0.0278262
-0.0373507
-0.0591546
-0.0390524
-0.0476509
-0.0764533
-0.0479488
-0.0186721
0.0127827
0.0209646
-0.00982249
-0.0451747
-0.0759297
-0.00647051
0.0315179
0.116418
0.129669
0.0335098
-0.012948
-0.0356068
-0.0272253
-0.0355849
-0.0562415
-0.0381761
-0.0456917
-0.0733654
-0.045413
-0.015571
0.0176351
0.027428
-0.00430427
-0.0405614
-0.071632
0.00405004
0.0429639
0.118726
0.134397
0.0549663
0.00503749
-0.022046
-0.017456
0.0156542
0.0942392
0.117379
0.0321748
-0.0167628
-0.0422205
-0.0333785
-0.000287719
0.0532369
0.0806573
0.0180165
-0.0314095
-0.0611997
-0.0415289
-0.0119315
0.0217888
0.0321381
0.00254841
-0.0328435
-0.0640369
0.0171453
0.0376567
0.037846
0.0146948
-0.00801956
0.0795204
0.0316679
0.0386099
0.0105126
0.037605
0.010252
0.0145553
0.013512
0.1156
0.0437651
0.0366625
0.112122
0.073331
0.17684
0.103395
0.184794
0.0501095
0.4001
0.472599
0.109487
0.0749843
0.114942
0.061101
0.0361824
0.0312966
0.111868
0.224578
0.0644032
0.0849965
0.0915259
0.173654
0.512809
0.0472268
0.0780674
0.162316
0.234956
0.111563
-0.0169241
0.0304119
0.023825
0.0395159
-0.00894995
0.0729149
0.0229298
0.0185961
0.034913
0.0261109
0.00705932
0.0208312
0.0274968
-0.00902462
0.00277495
-0.00833405
0.0363167
0.103906
0.0206165
0.0200992
0.0389378
0.00709854
0.0244865
0.0213406
0.0483337
0.106958
0.0754
0.190882
0.0983875
0.106207
0.121055
0.18983
0.03886
0.0762962
0.0513652
0.405959
0.0533542
0.105243
0.0439399
0.495822
0.0326915
0.186661
0.104279
0.0744098
0.11895
0.188187
0.107457
0.129837
0.0460719
0.4075
0.0813039
0.0611142
0.0710236
0.497576
0.119315
0.0643884
0.0254162
0.0638316
0.0991942
0.0720944
0.0394088
0.112467
0.0549107
0.0875176
0.14803
0.11104
0.0656518
0.166538
0.170933
0.120881
0.0416877
0.223132
0.0774775
0.109561
0.0534571
0.228871
0.0208297
0.0684828
0.0229778
0.104936
0.0511393
0.0869988
0.0990778
0.170972
0.0401748
0.224354
0.0506978
0.228027
0.101184
0.187972
0.0476482
0.0807787
0.126291
0.174765
0.0931877
0.0690237
0.181492
0.172184
0.0847543
0.5401
0.291049
0.485359
0.506802
0.393763
0.104455
0.184602
0.0475348
0.0848982
0.102308
0.0960988
0.0942391
0.540349
0.0279598
0.0501412
0.0376681
0.0279912
0.0111378
0.0270255
0.0408559
0.0438311
0.0978236
0.0915931
0.121968
0.127657
0.166509
0.279707
0.281417
0.167456
0.0501546
0.0673331
0.0681997
0.0523678
0.088865
0.111772
0.0893178
0.0905351
0.089977
0.0975553
0.10111
0.117995
0.189373
0.185565
0.187818
0.190044
0.497952
0.533726
0.534697
0.500015
0.0817404
0.0700522
0.0387509
0.076563
0.107287
0.0911115
0.037101
0.0676187
0.174407
0.176399
0.151987
0.149848
0.384384
0.071936
0.0718759
0.384316
0.105046
0.104331
0.0801998
0.0802455
-0.00461823
0.0202663
0.000581868
0.0202929
0.0242643
0.0525803
0.0148235
-0.00467356
0.0211009
0.0135799
0.00220747
0.00578479
0.0158959
0.00266806
-0.0121643
0.0253245
0.0218621
0.0471727
-0.00562855
0.0138003
0.022777
0.00227353
0.0184782
0.00582559
0.0756299
0.102588
0.0839261
0.194037
0.11061
0.105541
0.12943
0.195863
0.0344479
0.0638482
0.0509767
0.360693
0.0581294
0.0869366
0.0566609
0.267979
0.0607771
0.183743
0.099042
0.0808541
0.139559
0.193982
0.10956
0.136299
0.0429421
0.38021
0.0699821
0.0597907
0.0728924
0.300543
0.101087
0.0690692
-0.00657839
0.0223934
0.0199656
0.0637289
0.0360298
0.0345379
0.0945387
0.103927
0.0347617
0.0447314
0.0392438
0.112527
0.0357013
0.0130927
0.0484514
0.0565944
-0.00625518
-0.00795546
0.0692521
0.094351
0.0788358
0.0857083
0.072714
0.167224
0.0280386
0.0290108
0.129288
0.0553669
0.0383782
0.0387362
0.0429909
0.211499
0.00960786
0.00963112
0.0456509
0.102759
0.0297875
0.0464365
0.0460014
0.222922
0.000236195
0.0170672
0.0143215
0.0701422
0.0106258
0.0233364
0.018627
0.101254
0.0373633
0.0130403
0.044999
0.0558891
0.116765
0.114399
0.107363
0.17375
0.0436411
0.0449936
0.0432019
0.213671
0.0295209
0.044221
0.0439014
0.22141
0.110121
0.109892
0.111129
0.192558
0.0638572
0.0788614
0.0580366
0.0784349
0.180728
0.178638
0.179085
0.174759
0.101652
0.110648
0.0991583
0.100482
0.187231
0.187119
0.183158
0.178616
0.0516034
0.0364694
0.0719066
0.303165
0.406251
0.406774
0.347347
0.445669
0.484195
0.485073
0.493234
0.441722
0.108042
0.107492
0.112088
0.187962
0.0642029
0.0823084
0.0597886
0.0812133
0.111858
0.123821
0.109741
0.112348
0.0620892
0.050851
0.0823294
0.333267
0.0339735
0.0360329
0.0390358
0.0431954
0.0246476
0.0235042
0.03601
0.0395138
0.103859
0.112216
0.108449
0.117793
0.200092
0.224775
0.225432
0.24533
0.0638677
0.0735327
0.0593944
0.0663083
0.0818831
0.0846989
0.0799193
0.0889002
0.0871867
0.0899894
0.0876968
0.0971329
0.180455
0.171985
0.179805
0.178803
0.526448
0.505423
0.513531
0.526573
0.0497301
0.0557192
0.0556615
0.0569377
0.0706315
0.0842475
0.0617183
0.0831309
0.153873
0.164427
0.166644
0.16744
0.155534
0.23351
0.232913
0.314438
0.105943
0.125939
0.0977029
0.105619
0.00779036
0.0205343
0.0938198
0.07473
0.0263759
0.0970803
0.0657956
0.0896893
0.0970994
0.0818795
0.0645713
0.154956
0.0271484
0.0577083
0.121924
0.0279513
0.0362285
0.155144
0.0338663
0.0483764
0.0423048
0.074481
0.0303582
0.0730727
0.0878183
0.0797264
0.00146847
0.025238
0.00585298
0.0863702
0.0819889
0.0816117
0.0607356
0.0889245
0.0975926
0.160016
0.123175
0.0284127
0.0250153
0.0590646
0.0374042
0.157127
0.0423339
0.0746097
0.0326276
0.0481773
0.0300223
0.0728941
0.0498116
0.126519
0.0981029
0.19357
0.0709163
0.0822961
0.189723
0.18889
0.0887374
0.178674
0.120771
0.195645
0.118421
0.0933507
0.189625
0.181726
0.0384414
0.264491
0.0534272
0.0865959
0.0755892
0.311486
0.34504
0.455332
0.0696614
0.355613
0.101521
0.0982606
0.0746422
0.283871
0.518701
0.45308
0.0382234
0.11769
0.184715
0.184792
0.0970805
0.188177
0.0618011
0.0823368
0.112999
0.181459
0.18802
0.182197
0.124769
0.192519
0.1259
0.117327
0.0435566
0.269129
0.346394
0.456914
0.0579796
0.0928245
0.0840488
0.343236
0.0865802
0.365202
0.520073
0.454783
0.114392
0.112558
0.0872286
0.31622
0.0269088
0.0254095
0.0514519
0.0581599
0.0985777
0.0954602
0.0652305
0.0661008
0.0380042
0.0465966
0.103501
0.118881
0.0622172
0.0469969
0.102693
0.0706617
0.150232
0.149157
0.10743
0.107242
0.0729212
0.0598489
0.171483
0.156927
0.169815
0.170348
0.0659296
0.0623256
0.0466353
0.038503
0.197049
0.243745
0.0730561
0.0729019
0.0869747
0.0870222
0.0461064
0.0606687
0.308324
0.146897
0.0153556
0.0227669
0.0611143
0.0551593
0.0177298
0.033418
0.0966171
0.112271
0.0443092
0.0581385
0.102053
0.0703797
0.101248
0.0916038
0.17322
0.160211
0.0327859
0.0458917
0.244783
0.198134
0.0579283
0.0438965
0.145615
0.30826
0.0954216
0.0995412
0.187309
0.190437
0.0441218
0.0481933
0.0733647
0.0908549
0.124129
0.126974
0.182379
0.180502
0.0894363
0.0954314
0.0719029
0.0768269
0.184828
0.185939
0.173295
0.174292
0.0607165
0.0908408
0.533433
0.541008
0.299114
0.288508
0.494908
0.495519
0.52026
0.520748
0.391066
0.390962
0.0976288
0.103965
0.183722
0.187628
0.049684
0.0390817
0.0759953
0.0966918
0.106179
0.0974129
0.0959085
0.0801251
0.0990096
0.0711493
0.541594
0.533617
0.00578644
0.03679
0.0348629
0.013868
0.074839
0.0564505
0.0418936
0.0461845
0.0448757
0.0373364
0.0448751
0.0574898
0.0290744
0.0235479
0.0366511
0.0344914
-0.00332918
0.00795494
0.0194829
0.0138156
0.0288885
0.0368023
0.0291187
0.0196491
0.0514725
0.0606092
0.0428401
0.041624
0.0599353
0.028462
0.0313137
0.0560113
0.090985
0.0942716
0.103733
0.10331
0.0816955
0.0923135
0.100288
0.0912626
0.209999
0.184901
0.115032
0.109472
0.217635
0.119528
0.118337
0.187409
0.107362
0.185565
0.199571
0.127536
0.349692
0.349042
0.245331
0.232475
0.366708
0.234641
0.24593
0.349695
0.109264
0.128166
0.200168
0.187623
0.0395144
0.0271447
0.0654138
0.0943919
0.0357858
0.0489028
0.0583769
0.0576139
0.0367644
0.0620259
0.0599351
0.048326
0.0491185
0.0965039
0.0680761
0.0325147
0.0910454
0.104783
0.0775199
0.0687998
0.126955
0.0945394
0.0855138
0.111148
0.0838057
0.0497051
0.0720956
0.105939
0.0724118
0.0874967
0.0927277
0.0763765
0.0890027
0.070285
0.0813994
0.104789
0.0796673
0.0859863
0.0997777
0.0921113
0.0970854
0.118057
0.0809581
0.0618292
0.132277
0.113951
0.0920798
0.103532
0.192285
0.18143
0.179432
0.191599
0.186445
0.186597
0.177652
0.179442
0.193179
0.185775
0.183808
0.191756
0.195416
0.195622
0.185199
0.186597
0.317553
0.307378
0.518735
0.453548
0.275972
0.50576
0.527085
0.292339
0.307569
0.324657
0.527384
0.506445
0.354633
0.454086
0.51888
0.338338
0.102741
0.0796445
0.0627531
0.101905
0.0750556
0.0569587
0.0518213
0.0693491
0.0233477
0.0381693
0.0536525
0.041668
0.0851366
0.103586
0.0499473
0.0536456
0.119393
0.113279
0.088764
0.108184
0.100385
0.0522439
0.0784602
0.116875
0.0238234
0.0393059
0.0505058
0.0369012
0.0706444
0.103333
0.0760728
0.052663
0.19964
0.17993
0.169353
0.171936
0.197431
0.177012
0.17033
0.18016
0.0866178
0.0703045
0.157146
0.165975
0.0833499
0.160149
0.155504
0.0697888
0.269816
0.305032
0.312726
0.447401
0.0382272
0.0446505
0.153551
0.13578
0.0384526
0.133956
0.152663
0.0446413
0.300463
0.448252
0.312543
0.306456
0.0692772
0.091708
0.120519
0.0871916
0.0687554
0.0867081
0.120122
0.0916461
0.0418411
0.0928861
0.0943036
0.0390033
0.0417131
0.0394524
0.0943954
0.0928223
0.00193817
0.0139025
-0.0129512
0.00876279
0.0169209
-0.0063683
0.00704422
-0.00111061
0.00861471
-0.00183719
-0.00110759
-0.004256
0.00875342
0.00505333
-0.01093
0.0181639
0.00976428
-0.0036993
-0.001097
0.00643766
0.0091919
-0.00108098
-0.00178419
-0.00267542
0.0876678
0.0988536
0.0824699
0.189235
0.088312
0.105442
0.121258
0.191762
0.0440041
0.0565672
0.0502589
0.197306
0.0572821
0.0740541
0.0575441
0.142579
0.083398
0.182129
0.0952212
0.0803514
0.101645
0.191603
0.1112
0.123182
0.0533126
0.232917
0.0634622
0.0587545
0.071392
0.177143
0.0885367
0.0704244
0.0145185
0.0197526
0.018607
0.0627201
0.0373354
0.0366158
0.0882278
0.0947676
0.0338322
0.0411711
0.0386836
0.11254
0.028767
0.000528361
0.0452289
0.0372231
-0.00805164
-0.00798751
0.0293162
0.069806
0.079324
0.0795754
0.0767026
0.167428
0.0302764
0.0304715
0.0956813
0.0571394
0.0385442
0.0386737
0.0375261
0.209183
0.0101727
0.0101802
0.0286352
0.0630398
0.0339164
0.0421704
0.0421235
0.185376
0.00681436
0.0136415
0.0123762
0.0712191
0.0100038
0.0188765
0.0172823
0.0993949
0.0279321
-0.000582416
0.041951
0.0364636
0.116498
0.115019
0.111225
0.175163
0.0431947
0.0443785
0.0418473
0.211423
0.0331172
0.0406372
0.0405894
0.201467
0.111627
0.111639
0.113015
0.18726
0.0691932
0.0770195
0.0671466
0.0762726
0.178802
0.177742
0.177965
0.174257
0.0968899
0.109623
0.101709
0.102587
0.186061
0.185797
0.183987
0.180344
0.0507092
0.0467073
0.0611425
0.173352
0.404025
0.404186
0.373892
0.423256
0.478397
0.478836
0.483899
0.458122
0.109264
0.109507
0.113863
0.182737
0.0700232
0.0796923
0.0684548
0.0785686
0.107629
0.121978
0.112682
0.114315
0.061288
0.0586461
0.0720265
0.206115
0.0333616
0.03286
0.037912
0.0396524
0.0277079
0.0257754
0.0340438
0.0352906
0.106175
0.112055
0.110171
0.113545
0.212909
0.224865
0.225149
0.235709
0.0641339
0.0767243
0.0548905
0.0653563
0.0810739
0.0856375
0.08303
0.0899656
0.0867345
0.0915959
0.0900582
0.0973485
0.175645
0.172817
0.174498
0.174825
0.519632
0.50985
0.514051
0.519691
0.0455765
0.0522026
0.0460163
0.0507468
0.0763569
0.0843141
0.0764427
0.0801571
0.1601
0.163372
0.16448
0.16402
0.195144
0.234623
0.234416
0.274736
0.109204
0.124754
0.101147
0.109085
-0.0218246
-0.0103167
-0.00573568
0.00374528
0.0259023
0.0337247
0.0672448
0.0732194
0.00265544
0.0270067
0.0255093
0.0969343
0.0421136
0.0377218
0.0642727
0.0774706
-0.0015583
-0.00486814
0.109618
0.0778127
0.0845956
0.0785698
0.0716838
0.11544
0.0206297
0.0246152
0.0267737
0.0512748
0.000506039
0.0257088
0.0849682
-0.106336
0.0320015
0.0350705
0.0354815
0.152865
0.0231878
0.0204776
0.0312137
0.0287262
0.00503391
0.00853545
0.0252072
0.0580087
0.0149472
0.0251446
0.0260986
0.0715145
0.0222239
0.0315949
0.0629101
0.0751784
-0.00710913
-0.00312452
0.000959538
0.009798
-0.00950229
0.0065244
0.00657322
0.0839767
-0.00142831
-0.00446617
0.0422341
0.0774684
0.038665
0.037509
0.058741
0.0768514
0.0726315
0.116999
0.103319
0.12066
0.00111884
0.0269374
0.0876522
0.0258509
0.0192812
0.0204636
0.0239212
0.0526483
0.0342733
0.0525401
0.0376058
0.154939
0.0050894
0.00855833
0.0252415
0.0578728
0.0241129
0.0204424
0.0305164
0.0284411
0.01606
0.0260844
0.0264862
0.0714976
0.0525814
0.048285
0.0487078
0.125455
0.104852
0.108815
0.104671
0.18801
0.080431
0.07122
0.0706583
0.0789817
0.188603
0.182678
0.190201
0.183083
0.108583
0.0921917
0.0912906
0.178159
0.10559
0.108232
0.120626
0.191314
0.126654
0.111676
0.120396
0.11858
0.195288
0.188504
0.189427
0.184561
0.0388973
0.0387994
0.0385884
0.254908
0.0715057
0.0777639
0.0671105
0.0823148
0.0506677
0.0519355
0.0657548
0.185142
0.403631
0.406925
0.375699
0.430975
0.0561625
0.050769
0.0636514
0.142571
0.0987695
0.1108
0.104167
0.102934
0.0555546
0.0413379
0.058452
0.158033
0.39344
0.489994
0.508302
0.475392
0.0371327
0.0278982
0.03477
0.115056
0.183413
0.179558
0.185611
0.178999
0.101826
0.106494
0.10301
0.18231
0.07867
0.0710136
0.0688834
0.0784752
0.126678
0.118835
0.115812
0.18129
0.194079
0.188158
0.188115
0.184245
0.108087
0.107409
0.122477
0.188632
0.134734
0.12142
0.128546
0.128214
0.0467581
0.0454714
0.0448442
0.257669
0.404795
0.407847
0.377127
0.43262
0.0769154
0.081998
0.0717451
0.087932
0.0599987
0.0619254
0.0740552
0.218538
0.0721328
0.0713879
0.080326
0.193656
0.424447
0.491311
0.509863
0.477127
0.113043
0.124253
0.117629
0.117065
0.0678253
0.0238087
0.0634952
0.190608
0.0214514
0.0279675
0.0234324
0.0258338
0.0632208
0.064459
0.0736545
0.0547139
0.0968639
0.101523
0.0989048
0.0973443
0.0854847
0.0765445
0.0697331
0.0702407
0.0394575
0.0393541
0.0364941
0.0430097
0.112472
0.11235
0.106325
0.114493
0.0515881
0.0581959
0.0592922
0.0508105
0.0734065
0.0977424
0.101169
0.0712685
0.112176
0.151068
0.149173
0.148625
0.104449
0.127124
0.109187
0.109008
0.0691372
0.0609927
0.0675448
0.0628774
0.167371
0.165483
0.16774
0.163932
0.15407
0.186102
0.170579
0.17079
-0.00662167
0.114304
0.0781041
0.0773512
0.0427268
0.0400725
0.0442807
0.0385705
0.218694
0.224298
0.21066
0.234141
0.0627129
0.116117
0.0766036
0.076517
0.13076
0.0942564
0.0888287
0.0888551
0.0497261
0.0572934
0.0497984
0.0570633
0.226011
0.231553
0.268794
0.187775
0.0164387
0.023984
0.0179807
0.0233944
0.0690644
0.0676756
0.0591011
0.078803
0.0207895
0.023943
0.0191859
0.0281594
0.10303
0.1067
0.099115
0.107422
0.0480438
0.0542635
0.0476078
0.0555092
0.0728622
0.0973838
0.10058
0.0708744
0.103162
0.0946219
0.100108
0.0959536
0.172651
0.168808
0.171567
0.167822
0.0419465
0.0378724
0.036464
0.0430959
0.221492
0.225146
0.235316
0.211723
0.047219
0.0540421
0.0542067
0.0472828
0.22466
0.230751
0.18703
0.268471
0.106838
0.0933569
0.0984185
0.103171
0.191504
0.182444
0.187677
0.187801
0.0523483
0.0438601
0.0424211
0.047936
0.0788386
0.0828087
0.0744699
0.0887127
0.126424
0.122042
0.12521
0.126632
0.173928
0.171157
0.176716
0.175761
0.0979709
0.0877822
0.0910285
0.0960223
0.0937814
0.0635572
0.067781
0.0675018
0.182326
0.180654
0.182616
0.183156
0.176923
0.17046
0.17274
0.173238
0.0786726
0.0885604
0.0764811
0.0891125
0.431311
0.533264
0.53782
0.541518
0.31829
0.25935
0.313282
0.288843
0.466115
0.503155
0.490927
0.491219
0.500872
0.511018
0.513531
0.513775
0.428566
0.354045
0.393006
0.393001
0.109253
0.0977924
0.101154
0.107046
0.187658
0.180087
0.184169
0.184717
0.0513715
0.0434708
0.0486454
0.0406251
0.0823027
0.0875272
0.0776417
0.0937461
0.107702
0.0964461
0.106061
0.0989287
0.105574
0.0899833
0.094441
0.0855661
0.0887805
0.0976796
0.0979834
0.0865216
0.460934
0.533455
0.541961
0.537784
0.0119219
0.0271971
0.0291199
0.0308119
0.05032
0.053286
0.0466963
0.048634
0.0380941
0.0392658
0.0457334
0.0425019
0.0276344
0.0304788
0.0267334
0.0323698
0.00484473
0.00833314
0.0134189
0.014748
0.0260826
0.0304812
0.0249027
0.0317993
0.0422585
0.0429987
0.0485337
0.0457438
0.0411468
0.0486427
0.0385591
0.0437099
0.0958184
0.0971933
0.0982226
0.100659
0.0897034
0.088724
0.0935399
0.0941029
0.1203
0.124934
0.117119
0.123049
0.127562
0.128616
0.12327
0.127315
0.148376
0.156959
0.168515
0.182342
0.272968
0.311564
0.248415
0.285416
0.276275
0.313242
0.249488
0.285787
0.149352
0.158156
0.169139
0.183366
0.0356926
0.0565051
0.0551201
0.0595539
0.0626259
0.0503587
0.0734528
-0.00830095
0.051306
0.0637551
0.00231315
0.0744443
0.0615647
0.0391861
0.0608248
0.0571648
0.0943528
0.0855561
0.0922222
0.0830076
0.118655
0.115512
0.106261
0.102462
0.0972207
0.0826785
0.0935086
0.0761258
0.0894794
0.0832434
0.091606
0.0910511
0.0947104
0.0861389
0.0938727
0.0852839
0.0959057
0.0910088
0.098295
0.0986376
0.109516
0.0954902
0.104988
0.0874818
0.123989
0.122407
0.111838
0.109705
0.192068
0.189077
0.18696
0.184349
0.185158
0.187562
0.181598
0.183283
0.187925
0.192759
0.186054
0.187728
0.195314
0.189836
0.190229
0.187609
0.468444
0.477377
0.516793
0.497249
0.409813
0.527182
0.538326
0.526988
0.528351
0.441839
0.527721
0.539114
0.479253
0.484576
0.498299
0.518907
0.0848555
0.0884751
0.0774327
0.0792953
0.0672647
0.0617061
0.0649736
0.0570354
0.0363547
0.0345905
0.0429913
0.042424
0.0741767
0.0899964
0.0645607
0.0775137
0.110027
0.113554
0.105286
0.105175
0.0898402
0.104422
0.0616924
0.0914813
0.0348841
0.0335484
0.0408181
0.0404958
0.0628864
0.0911024
0.0611194
0.0880991
0.179211
0.17896
0.173189
0.173851
0.181369
0.180188
0.175783
0.175345
0.112482
0.155951
0.1512
0.15618
0.12467
0.152373
0.149575
0.153481
0.381351
0.425841
0.346569
0.388073
0.0594288
0.0727146
0.0714431
0.105551
0.0593852
0.0727069
0.0713835
0.105001
0.3822
0.425662
0.346792
0.387977
0.0960715
0.0949347
0.103983
0.104966
0.0948082
0.0955973
0.104953
0.103319
0.0961266
0.0661275
0.0872967
0.0752822
0.0663063
0.0958424
0.0754458
0.0873565
-0.00584836
0.0195292
0.0611156
0.0467076
0.0032855
0.0883209
0.0688978
0.056873
0.0536863
0.0531872
0.0737883
0.073923
0.0199355
0.0336853
0.0712193
0.0177742
0.0255882
0.103059
0.0198521
0.021858
0.0208783
0.0234305
0.0173198
0.0356742
0.0542812
0.0502202
-0.00186927
0.0316304
-0.00772428
0.0770743
0.0535392
0.0528104
0.0629662
0.0567599
0.0658245
0.0766432
0.0732155
0.0184383
0.0186378
0.0347443
0.0260907
0.105007
0.0210511
0.0237125
0.0214126
0.0222949
0.0185904
0.0355508
0.0769244
0.199205
0.0981671
0.18669
0.0791083
0.0875243
0.207318
0.186301
0.105371
0.196571
0.125455
0.191838
0.12875
0.120071
0.195384
0.198532
0.0397542
0.197149
0.0576316
0.0690646
0.064936
0.190555
0.355449
0.332252
0.0740584
0.143048
0.0860475
0.0871674
0.0708167
0.149912
0.271989
0.268816
0.0562045
0.187576
0.200868
0.185577
0.095821
0.180307
0.0755284
0.0849758
0.135998
0.193215
0.193594
0.197242
0.127702
0.190273
0.134795
0.109603
0.047402
0.228496
0.37459
0.376626
0.0640226
0.0757223
0.0724072
0.225245
0.0894546
0.17543
0.304087
0.300272
0.0997468
0.101679
0.0842884
0.183667
0.00266585
0.0133352
0.0230169
0.0574411
0.0169404
0.0217577
0.0709848
0.0547248
0.0702199
0.0890443
0.0680559
0.0897996
0.0944252
0.0929201
0.100677
0.101912
0.0366712
0.103826
0.0455884
0.119244
0.0359582
0.0427201
0.106411
0.116033
0.0558253
0.0753633
0.0372365
0.0193151
0.0532474
0.0446747
0.0741628
0.0399818
0.0295791
0.0533225
0.0300008
0.0624062
0.0697783
0.0695205
0.0928618
0.0927861
0.0753273
0.162025
0.082399
0.17031
0.0743279
0.0710521
0.169568
0.162647
0.0936083
0.0484975
0.0940652
0.0492595
0.12871
0.128934
0.0537166
0.0552867
0.0365869
0.183603
0.0381268
0.230413
0.0449453
0.0407629
0.199153
0.222435
0.0276698
0.0580629
0.0276948
0.0579697
0.045269
0.0452632
0.0973997
0.0974482
0.0342576
0.138067
0.0501579
0.140062
0.042044
0.0498434
0.264963
0.179884
0.00885283
0.0178401
0.0183906
0.0636313
0.0110495
0.0169747
0.060762
0.0789803
0.0141688
0.0904877
0.026044
0.107191
0.014588
0.0235897
0.095273
0.105364
0.0519832
0.0751187
0.0355476
0.0188925
0.0417899
0.0493886
0.0733277
0.0397813
0.109937
0.169926
0.11115
0.17721
0.107706
0.105585
0.175165
0.168815
0.0397665
0.185872
0.0433922
0.232801
0.0403422
0.0456831
0.224691
0.201256
0.0334852
0.138673
0.0482528
0.205658
0.0480888
0.0404491
0.178728
0.264741
0.109171
0.186083
0.116059
0.19099
0.108086
0.112471
0.192089
0.192563
0.0603832
0.0665301
0.0701253
0.0839639
0.0586398
0.0578503
0.0734107
0.0846593
0.187094
0.18096
0.184787
0.178925
0.17899
0.180252
0.176731
0.175727
0.0984961
0.101745
0.109305
0.108349
0.0934094
0.10546
0.0965704
0.103373
0.186921
0.182369
0.186244
0.182223
0.184222
0.184624
0.17951
0.179641
0.0654355
0.178822
0.0422213
0.165034
0.0642449
0.0753529
0.305167
0.297848
0.377711
0.430345
0.378383
0.430834
0.348912
0.349156
0.450471
0.450623
0.495962
0.466757
0.49674
0.467625
0.4995
0.499843
0.444561
0.444987
0.108883
0.18101
0.117973
0.187266
0.108552
0.11416
0.187293
0.188333
0.0601655
0.0674412
0.0732814
0.0879731
0.0602285
0.0588621
0.0753526
0.0884176
0.108134
0.112538
0.121893
0.121593
0.116769
0.102524
0.107969
0.115941
0.0747415
0.212285
0.0554204
0.198394
0.0855833
0.0757371
0.328989
0.335845
0.0321335
0.035613
0.0344612
0.0389442
0.0419517
0.0362453
0.03889
0.0442069
0.0210495
0.0271486
0.0205966
0.0274028
0.0324963
0.039412
0.0413617
0.033019
0.10381
0.102087
0.106295
0.114019
0.102688
0.110484
0.116413
0.118066
0.200034
0.200281
0.21269
0.235766
0.236403
0.213225
0.245496
0.245757
0.0752404
0.0542384
0.0707074
0.0716783
0.058884
0.0596692
0.056508
0.0779355
0.0800474
0.0837908
0.0783154
0.0920813
0.0831681
0.0761845
0.0823339
0.0921502
0.0845551
0.0895704
0.0826545
0.098332
0.0843902
0.0902425
0.0998291
0.091027
0.179941
0.180818
0.173967
0.173088
0.180953
0.181637
0.178225
0.179297
0.523388
0.527653
0.512087
0.51216
0.520308
0.520457
0.527857
0.523422
0.047442
0.0575656
0.0571255
0.0541153
0.0571825
0.044762
0.059167
0.0524572
0.0539734
0.077618
0.0866176
0.0810907
0.0758066
0.0537265
0.0874009
0.0803784
0.15553
0.154703
0.16588
0.162016
0.167793
0.163961
0.168406
0.168885
0.155016
0.154695
0.273182
0.193383
0.192863
0.272894
0.313968
0.313902
0.11928
0.09808
0.123573
0.123425
0.0959281
0.095988
0.118927
0.0979661
0.00678128
0.0108461
0.022141
0.0267914
0.0919766
0.0940704
0.0580608
0.0857025
0.00955092
0.0295861
0.0940345
0.100191
0.0702359
0.0613885
0.0815492
0.0917621
0.087053
0.0700572
0.0767222
0.0881101
0.0803222
0.0676862
0.117016
0.157651
0.0288819
0.0253334
0.0487459
0.0609771
0.110968
0.125432
0.033715
0.0312462
0.0328622
0.038577
0.135413
0.170903
0.0284868
0.0377269
0.0627969
0.0438897
0.0405869
0.0437034
0.0599854
0.0840761
0.0268051
0.0343012
0.0558866
0.0923418
0.0843223
0.0895575
0.0652613
0.0892374
-0.00092522
0.00473426
0.0315642
0.0308379
-0.000527614
0.00976435
0.0840354
0.0893401
0.0905928
0.0708307
0.0763926
0.0878472
0.0659491
0.056763
0.0810508
0.0911312
0.0773319
0.101276
0.119982
0.163108
0.112141
0.125837
0.0344532
0.031628
0.0274009
0.0223157
0.0500085
0.0627615
0.0331882
0.0410352
0.1374
0.172935
0.0407225
0.0436888
0.0603699
0.0844712
0.028269
0.0358742
0.062738
0.0435652
0.0268258
0.0334633
0.0557061
0.0908088
0.0554833
0.0480119
0.14171
0.123025
0.0945532
0.101479
0.192942
0.191114
0.0732493
0.0604999
0.0875928
0.0773064
0.203821
0.188568
0.19071
0.183323
0.0972297
0.0843415
0.188976
0.176338
0.124308
0.115447
0.195445
0.19564
0.125044
0.1081
0.0937327
0.111038
0.195211
0.188052
0.196045
0.180831
0.0387907
0.0378917
0.315181
0.242896
0.050199
0.0554882
0.0800866
0.0869844
0.0739647
0.0762275
0.313827
0.309526
0.35674
0.347889
0.455715
0.455212
0.0788805
0.0581724
0.291822
0.344556
0.0947303
0.106666
0.094232
0.102914
0.0808179
0.0639617
0.279918
0.286721
0.401541
0.512234
0.4528
0.45024
0.0441455
0.0332937
0.13558
0.11358
0.197519
0.184809
0.185833
0.180371
0.0930262
0.100963
0.187326
0.185907
0.0618191
0.0593147
0.0868573
0.0783227
0.119663
0.111865
0.189198
0.180041
0.193327
0.186893
0.195436
0.181168
0.128965
0.119016
0.192763
0.192146
0.131775
0.116645
0.117588
0.12174
0.0445848
0.0425479
0.32043
0.238253
0.360087
0.348984
0.457441
0.456232
0.0556474
0.0593473
0.0866317
0.0924346
0.0818666
0.0852563
0.346541
0.340802
0.0947566
0.0737598
0.333088
0.350919
0.432534
0.513262
0.45914
0.451517
0.108397
0.119399
0.108898
0.116585
0.093734
0.0765719
0.311837
0.319279
0.0291799
0.0166641
0.0245411
0.0308511
0.038826
0.0605293
0.0590162
0.0578284
0.0964245
0.101152
0.0978713
0.0933587
0.0699488
0.075222
0.0773748
0.0708481
0.0374062
0.0388284
0.0459307
0.0465866
0.103634
0.103331
0.120023
0.118609
0.0591385
0.0517627
0.0502143
0.0444167
0.11236
0.0945409
0.0566606
0.0934079
0.105762
0.153802
0.152444
0.102781
0.100557
0.121757
0.121315
0.100454
0.0761323
0.0697551
0.0488899
0.0646037
0.170411
0.173386
0.158756
0.156249
0.185286
0.152665
0.153234
0.185847
-0.00277294
0.106125
0.102739
-0.000412843
0.0466912
0.0454051
0.0377247
0.0418979
0.188201
0.198658
0.24488
0.242296
0.0617625
0.11348
0.113044
0.0617374
0.109071
0.0906395
0.0907092
0.109096
0.0421322
0.0501101
0.064551
0.0571353
0.306281
0.310817
0.150827
0.142307
0.0106961
0.0185529
0.028669
0.021262
0.0615824
0.0610321
0.0628457
0.0432577
0.0190079
0.0156551
0.0309817
0.0334128
0.0943881
0.0984632
0.113651
0.111672
0.0419266
0.0472978
0.0777537
0.0551507
0.0941632
0.111931
0.093618
0.0563056
0.0981618
0.104629
0.0975237
0.085341
0.175395
0.171775
0.158723
0.163313
0.0362918
0.031044
0.044214
0.0470876
0.24377
0.245649
0.199395
0.190847
0.0550132
0.0611703
0.0474138
0.0404042
0.139832
0.149959
0.310607
0.306747
0.100956
0.0885754
0.0942428
0.105563
0.181345
0.190277
0.194973
0.187113
0.0469341
0.0409327
0.0449642
0.0387694
0.0755863
0.0714923
0.0895468
0.0918829
0.12567
0.119581
0.122656
0.127513
0.181917
0.178957
0.177148
0.179983
0.0920607
0.0875518
0.0846263
0.101302
0.0681442
0.0844843
0.0945866
0.067905
0.185291
0.184325
0.185574
0.18627
0.177548
0.171824
0.173122
0.178243
0.0547493
0.066727
0.0932556
0.0836875
0.437469
0.5261
0.534079
0.419776
0.317922
0.254432
0.280433
0.318583
0.512845
0.474842
0.475444
0.513666
0.513864
0.524522
0.524919
0.51445
0.351734
0.431333
0.431754
0.351943
0.0919134
0.102329
0.109091
0.0995245
0.186084
0.17879
0.185157
0.191775
0.0409026
0.0461911
0.0351402
0.0427191
0.0735526
0.0788564
0.0983429
0.0947701
0.112688
0.0949684
0.0948356
0.100186
0.102694
0.0936097
0.0769672
0.107954
0.0925875
0.101156
0.0763979
0.0662352
0.451204
0.534525
0.526264
0.47145
-0.00742513
0.00764658
0.0107296
-0.005798
0.0356118
0.0363331
0.0302493
0.029076
0.0304726
0.0257924
0.0316827
0.0367618
0.0144393
-0.00197221
0.0143117
0.0190747
0.0762349
0.0755507
0.0548897
0.0547615
0.0646973
0.0475278
0.0515308
0.0662446
0.0358766
0.0426194
0.0449506
0.0381459
0.0421414
0.0479246
0.0476569
0.0430279
0.0513443
0.0384531
0.0390498
0.0635326
0.0378126
0.0446728
0.0372957
0.0383521
0.0410514
0.0444913
0.0453175
0.0427288
0.0699234
0.0685998
0.0390076
0.0422869
0.0138201
0.0257216
0.0294913
0.0320092
0.0208046
0.0230047
0.0260762
0.0248775
0.0351337
0.0373217
0.0319783
0.0297564
0.0370593
0.0384076
0.0316131
0.0405912
-0.00565522
-0.000451816
0.00215904
-0.00421879
0.00880612
0.0134929
0.00779654
0.00503731
0.022755
0.0205386
0.0167774
0.0208285
0.013447
0.0102471
0.0121049
0.0168294
0.0136879
0.033103
0.028851
0.024159
0.0407421
0.0390517
0.0322086
0.0414367
0.0305288
0.0267097
0.0306008
0.0343964
0.0153638
0.0211322
0.0236598
0.0188614
0.0590433
0.0687646
0.0438282
0.0453291
0.0720308
0.0398016
0.0419446
0.0725004
0.0376876
0.0410352
0.0473413
0.0449412
0.0426663
0.0440716
0.041017
0.0444965
0.0719117
0.0409359
0.0466009
0.0721283
0.0216777
0.025882
0.0360022
0.0303526
0.0293969
0.0365409
0.0384433
0.0286504
0.0651329
0.0653443
0.0483604
0.0454663
0.0545679
0.0646475
0.0945697
0.0926187
0.0778604
0.0966624
0.0961438
0.0689655
0.106247
0.106324
0.100924
0.101354
0.106691
0.10038
0.100258
0.106385
0.0477998
0.0805231
0.0865208
0.0589206
0.093449
0.0971976
0.0915544
0.0872305
0.104443
0.0997125
0.095999
0.100909
0.0842368
0.0659557
0.091546
0.0951289
0.183861
0.192283
0.132112
0.124519
0.178368
0.126045
0.1253
0.1852
0.112014
0.108953
0.11835
0.120811
0.103297
0.111126
0.115983
0.107359
0.193171
0.133342
0.137574
0.198167
0.115896
0.116252
0.123792
0.122352
0.113783
0.122349
0.122963
0.114256
0.179531
0.188658
0.128064
0.126967
0.065211
0.132279
0.138072
0.0753333
0.197076
0.204164
0.172682
0.168584
0.213007
0.185898
0.184168
0.212062
0.094986
0.0910772
0.150959
0.153609
0.196865
0.379577
0.314167
0.297571
0.376628
0.31869
0.315737
0.377349
0.235922
0.235279
0.25144
0.256305
0.220299
0.237756
0.27683
0.23185
0.229191
0.301161
0.317504
0.382491
0.222609
0.234229
0.24398
0.239244
0.236198
0.26991
0.259179
0.236096
0.376846
0.378489
0.316833
0.318989
0.0673713
0.0765619
0.139229
0.134511
0.0952
0.153826
0.151658
0.0916146
0.21327
0.212714
0.184851
0.186122
0.199365
0.170792
0.17415
0.206833
0.0305338
0.00293422
0.0398327
0.0609742
0.0695042
0.0719759
0.0414893
0.0101367
0.075981
0.0744836
0.0643264
0.0748601
0.0933478
0.0822871
0.0675214
0.0815205
0.0199854
0.00917883
0.052231
0.044695
0.0522062
-0.0154192
0.017804
0.0344835
0.0545632
0.0552648
0.075369
0.112116
0.0542741
0.0541157
0.068412
0.0543504
0.0206932
0.0461262
0.0534227
0.00953956
0.062746
0.0599162
0.0695087
0.0557757
0.0556512
0.112242
0.0720843
0.0582699
0.0523512
0.037003
-0.00907241
-0.0142345
0.0351672
0.0635879
0.0469735
0.0145497
0.0935518
0.0827507
0.0708302
0.0837079
0.0773305
0.0784931
0.0656643
0.0749222
0.0794307
0.0156604
0.0444965
0.078502
0.0914234
0.101794
0.0909683
0.0841008
0.11121
0.104019
0.0976713
0.106941
0.0799925
0.0764893
0.0857689
0.0912694
0.0717068
0.0744527
0.0802252
0.0734229
0.122049
0.126536
0.122422
0.123205
0.0951193
0.0921353
0.105214
0.110228
0.0813101
0.094891
0.0987493
0.0877355
0.114268
0.117848
0.112428
0.108239
0.0731845
0.0680607
0.0902556
0.0975875
0.0569841
0.070617
0.0702686
0.0534029
0.084792
0.0864872
0.0808616
0.0804164
0.108371
0.109624
0.101587
0.100874
0.0612796
0.0768387
0.0818472
0.0654763
0.0813466
0.0865569
0.0899312
0.0831611
0.0921321
0.0923123
0.0925047
0.0905125
0.0636593
0.0657684
0.0839659
0.0823761
0.0903414
0.0828376
0.0908092
0.0996123
0.0730834
0.0759539
0.0819668
0.0747703
0.0849893
0.0951384
0.0886009
0.0802557
0.111473
0.105942
0.0985398
0.105915
0.0687111
0.0732351
0.0889777
0.0827801
0.0736882
0.091932
0.0922532
0.0746359
0.0989561
0.09617
0.0998126
0.100849
0.084574
0.0879823
0.0959814
0.0910082
0.0871316
0.111566
0.103474
0.0814627
0.120148
0.111476
0.113726
0.122738
0.0926572
0.0899464
0.0918178
0.0959265
0.0690914
0.0661628
0.0825052
0.0813915
0.126952
0.12511
0.128512
0.133965
0.115925
0.111252
0.117132
0.120011
0.0877019
0.0952982
0.105259
0.099916
0.105129
0.119373
0.113146
0.100831
0.187676
0.184898
0.191403
0.187363
0.176217
0.17592
0.183849
0.18288
0.174804
0.181892
0.180891
0.173134
0.186636
0.185497
0.189659
0.190901
0.18114
0.181311
0.18671
0.179885
0.181872
0.186879
0.185312
0.18008
0.173954
0.172226
0.178237
0.179436
0.175192
0.179831
0.180996
0.174931
0.19107
0.193714
0.193312
0.189454
0.18502
0.18342
0.186475
0.187308
0.175657
0.180611
0.185612
0.18179
0.18346
0.187984
0.192276
0.188136
0.191975
0.191586
0.195506
0.19526
0.187605
0.191658
0.195152
0.191184
0.176425
0.182402
0.187367
0.182768
0.185355
0.188286
0.187832
0.183891
0.193933
0.188114
0.470767
0.429726
0.176279
0.434229
0.457384
0.181653
0.516619
0.508744
0.515647
0.530538
0.427676
0.431455
0.476846
0.471316
0.146248
0.397489
0.405623
0.154075
0.489931
0.507368
0.520464
0.502096
0.520852
0.53452
0.531382
0.51777
0.17017
0.159924
0.413544
0.425549
0.180406
0.186996
0.43719
0.427875
0.202451
0.455835
0.445278
0.19312
0.520954
0.517968
0.531977
0.534868
0.49032
0.503264
0.521342
0.507661
0.229112
0.431091
0.481379
0.221918
0.427731
0.471513
0.477967
0.43236
0.516636
0.530561
0.516946
0.509186
0.2092
0.21541
0.481601
0.463951
0.12591
0.0996524
0.0932457
0.122396
0.0776805
0.0708497
0.0806216
0.0869625
0.0540935
0.0650377
0.0745832
0.0634756
0.0968472
0.110537
0.0851664
0.0769765
0.0354159
0.0665788
0.0745632
0.0848609
0.0507478
0.0562235
0.063115
0.0600369
0.0501261
0.0564474
0.0496147
0.062819
0.0761138
0.0743012
0.0625351
0.0669976
0.0140161
0.0219884
0.0314087
0.0254258
0.0381507
0.0459538
0.038359
0.0302714
0.0436288
0.0541843
0.0465463
0.0536838
0.0406913
0.0343022
0.0403699
0.0477059
0.0745965
0.0973094
0.0865099
0.0700482
0.107571
0.0942959
0.0935588
0.108135
0.047252
0.0609322
0.0683387
0.0597685
0.0462202
0.0549703
0.0609986
0.0534325
0.107951
0.130931
0.116804
0.123503
0.107851
0.102646
0.110034
0.120971
0.0858466
0.0962083
0.102539
0.0924814
0.111121
0.114827
0.108475
0.103833
0.0894563
0.0859899
0.101541
0.111848
0.0444143
0.0510507
0.0594784
0.0712603
0.0782236
0.0864249
0.0648812
0.0574815
0.120049
0.121737
0.107385
0.106981
0.0157107
0.0261377
0.0308651
0.0223807
0.0385633
0.0447149
0.038389
0.033065
0.0736213
0.0506799
0.0441434
0.0507783
0.036945
0.029992
0.0369611
0.0438357
0.026387
0.0782885
0.0710022
0.0611065
0.110621
0.100751
0.0950941
0.107912
0.0823452
0.0590345
0.0802394
0.0913636
0.0471432
0.0553185
0.0589805
0.0525282
0.190389
0.19505
0.188116
0.182973
0.181423
0.177645
0.178243
0.183458
0.16495
0.16681
0.172507
0.171142
0.169357
0.172647
0.176335
0.16958
0.196266
0.185073
0.188717
0.194217
0.175948
0.173651
0.178951
0.176194
0.165906
0.171791
0.174452
0.16968
0.181361
0.183238
0.179156
0.177962
0.0482254
0.121809
0.126133
0.0961657
0.0295384
0.104543
0.109269
0.0365369
0.162031
0.165892
0.155068
0.152464
0.169693
0.167366
0.159688
0.169566
0.0482308
0.0924998
0.116709
0.0385588
0.161871
0.164337
0.155657
0.160003
0.161058
0.15178
0.153024
0.162974
0.0294232
0.03958
0.108127
0.105234
0.144032
0.135481
0.419866
0.449028
0.189032
0.26647
0.343844
0.143027
0.274329
0.353393
0.34945
0.271362
0.46244
0.471075
0.432516
0.42999
0.0184138
0.0234688
0.0578401
0.0536108
0.028249
0.0623662
0.0608429
0.0266454
0.1947
0.191188
0.110584
0.115413
0.180894
0.0801507
0.0993191
0.183964
0.0182143
0.0535001
0.0578415
0.0235002
0.191777
0.183045
0.0987694
0.0799453
0.19448
0.115181
0.109852
0.190477
0.0282652
0.0266637
0.0608074
0.062353
0.176815
0.45524
0.422105
0.180912
0.462873
0.430209
0.433105
0.472376
0.274249
0.270948
0.349699
0.353434
0.205516
0.199838
0.345102
0.266271
0.0407082
0.064611
0.0943115
0.0696904
0.0620859
0.102477
0.0972859
0.0567108
0.1224
0.111088
0.113618
0.124744
0.0579658
0.0799466
0.0984869
0.0875155
0.0405289
0.0690585
0.0933217
0.0645282
0.0597196
0.0868622
0.098065
0.0794016
0.122266
0.124585
0.113149
0.110701
0.0664762
0.0580276
0.0970631
0.102373
0.00341911
0.043222
0.0814156
0.0429213
0.0591454
0.113265
0.104184
0.0625204
0.0994822
0.0828671
0.0910133
0.0923768
0.0199945
0.023785
0.061191
0.0567919
0.0028868
0.0425364
0.0814742
0.0432143
0.0205534
0.0572436
0.061456
0.0241524
0.09956
0.0924198
0.0910588
0.0834615
0.059106
0.0626313
0.104181
0.113286
