-0.82755
0.245
-2.035
-0.696483
0.365
2.235
-0.695
0.75077
-2.105
-0.692532
0.965
2.185
0.82755
0.245
-2.035
0.696481
0.365
2.235
0.695
0.75077
-2.105
0.692441
0.965
2.185
-0.00139626
0.086139
0.149809
0.133221
-0.00139633
0.0861435
0.149828
0.133255
-0.0729135
-0.0358888
-0.00891912
0.0477686
0.00430155
-0.0491075
-0.0887573
-0.0483081
0.00426235
0.0281185
0.075076
0.00762701
-0.0464997
-0.0819748
-0.00497508
0.0505422
0.144242
0.133055
0.0277842
-0.0239005
-0.0511689
0.145261
0.202431
0.268002
0.25175
0.168682
0.107312
0.0672757
-0.0799119
-0.0432124
-0.0264309
0.0541978
0.00153992
-0.0555875
-0.095934
-0.0588119
-0.0562718
-0.0915028
-0.0289577
-0.0410546
-0.0642536
0.133146
0.193437
0.269354
0.252072
0.160123
0.0962461
0.0572523
-0.0799084
-0.0432105
-0.0264283
0.0542026
0.00154242
-0.055584
-0.0959288
-0.0588091
-0.0562692
-0.0914979
-0.0289542
-0.0410509
-0.0642477
0.133155
0.193448
0.269369
0.25209
0.160136
0.0962567
0.0572618
-0.0729041
-0.0358803
-0.0089077
0.0477824
0.00431031
-0.0490983
-0.0887458
-0.0482992
0.00427102
0.0281326
0.0750938
0.00763401
-0.0464915
-0.0819636
-0.00496433
0.0505549
0.144271
0.133094
0.0277974
-0.0238896
-0.0511558
0.14528
0.202453
0.268031
0.251783
0.168708
0.107334
0.067295
0.0604185
0.000878888
0.0362428
0.0463739
0.028825
0.109973
0.109521
0.14359
0.10174
0.125956
0.0605497
0.0354
0.0461077
0.109711
0.143559
0.126033
0.0322767
0.144756
0.0693095
0.187008
0.133845
0.141095
0.410161
0.579188
0.032278
0.144772
0.187044
0.141096
0.141221
0.141221
0.0397054
0.210041
0.326817
0.161135
0.161193
0.100892
0.613793
0.206689
0.206731
0.0941015
0.352874
0.190371
0.0361799
-0.00365226
0.00431233
0.0471142
0.0252109
0.0822804
0.0476066
0.0806607
0.127582
0.029605
0.0844104
0.0837205
-0.00365036
0.0362511
0.00429917
0.0254621
0.0471355
0.0822673
0.0806289
0.0479165
0.127535
0.0844172
0.0296456
0.0837662
-0.013308
0.0145849
0.0825451
0.0737022
0.10404
0.051151
0.154025
0.137649
0.15242
0.180453
0.144892
0.385356
0.136365
0.185643
0.13664
0.565045
-0.0133098
0.0737021
0.0145817
0.0825546
0.103989
0.137648
0.0511576
0.154047
0.152463
0.385349
0.180478
0.14492
0.136408
0.56506
0.185688
0.136639
0.131596
0.294192
0.0218909
0.320291
0.108406
0.045115
0.138943
0.162479
0.0675807
0.184706
0.20776
0.103899
0.182755
0.333512
0.183268
0.215656
0.173227
0.139242
0.192299
0.33881
0.131662
0.29326
0.107752
0.0449898
0.139018
0.162465
0.207742
0.103861
0.185415
0.215663
0.192345
0.338869
0.105858
0.105307
0.135749
0.152772
0.0597335
0.0845999
0.173028
0.209351
0.117182
0.1216
0.188003
0.600847
0.232286
0.553956
0.607896
0.504246
0.105874
0.105307
0.135687
0.152794
0.17306
0.20939
0.188283
0.600831
0.0922237
0.0747086
0.179269
0.169334
0.092167
0.169102
0.179308
0.0746814
0.024534
0.0244723
0.0623767
0.0624385
0.176567
0.233966
0.23395
0.176558
0.263179
0.245982
0.245998
0.263186
0.0930519
0.124669
0.187086
0.183458
0.0930651
0.183494
0.187124
0.124683
0.0902033
0.0902033
0.121419
0.121419
0.535993
0.594863
0.594869
0.535993
0.201984
0.148121
0.134319
0.192438
0.201985
0.19249
0.134319
0.148108
0.126499
0.12648
0.070898
0.0709188
0.486638
0.161863
0.161873
0.486633
0.164833
0.164726
0.14438
0.144382
0.0136468
-0.00365021
-0.00313089
0.0235011
0.0228215
0.050341
0.00854434
0.0201155
0.0873343
0.0256186
0.0618025
0.047746
-0.0036484
0.0136636
-0.00330889
0.0227778
0.0241141
0.0503328
0.0201185
0.00843916
0.0872416
0.0615396
0.0253598
0.0478409
-0.0101093
0.0068763
0.048395
0.0750763
0.099594
0.0614056
0.13347
0.138098
0.150868
0.17347
0.147442
0.347135
0.133685
0.173241
0.133954
0.364497
-0.0101077
0.0750763
0.00687573
0.0484091
0.0994399
0.138098
0.0614197
0.133479
0.151205
0.3475
0.173622
0.147469
0.133732
0.364535
0.173275
0.133912
0.0519415
0.0544317
0.118964
0.244678
-0.00365431
-0.00365231
0.0141979
0.354952
0.0252827
0.0536676
0.0987789
0.0477939
0.0612054
0.0258284
0.101321
0.11906
0.0267137
0.026718
0.0509755
0.157448
0.112292
0.102741
0.20831
0.10864
0.105386
0.105383
0.155101
0.298189
0.138964
0.14837
0.176652
0.196404
0.0973288
0.0973391
0.136681
0.186125
0.109229
0.135032
0.166236
0.3037
0.051974
0.0542101
0.119415
0.244602
0.0252995
0.0536661
0.0979847
0.0476067
0.0611682
0.0259846
0.101312
0.11906
0.112372
0.102773
0.208268
0.108622
0.138921
0.148377
0.17665
0.196324
0.109271
0.135091
0.166219
0.304143
0.0227085
0.0414175
0.0755559
0.105918
0.115361
0.168044
0.137888
0.14877
0.0704089
0.0704089
0.0645062
0.0764568
0.173483
0.190411
0.178807
0.198881
0.135032
0.135033
0.12533
0.12576
0.142566
0.139308
0.182773
0.389172
0.407539
0.407542
0.31352
0.489056
0.58259
0.582591
0.597327
0.548023
0.0227058
0.0414158
0.0755759
0.105918
0.115376
0.168067
0.137903
0.148787
0.173512
0.190456
0.17884
0.199127
0.142591
0.139332
0.183082
0.389214
0.134206
0.123543
0.167187
0.143603
0.134117
0.123408
0.166486
0.143177
0.0320887
0.0424108
0.0423482
0.0675356
0.201249
0.217977
0.217997
0.223154
0.313546
0.366283
0.31862
0.313575
0.135301
0.156831
0.166634
0.18049
0.13522
0.156856
0.166666
0.180743
0.102197
0.0927442
0.109035
0.102197
0.617116
0.601121
0.614586
0.617117
0.188131
0.207209
0.214014
0.208368
0.188163
0.207221
0.21407
0.208408
0.090183
0.0990003
0.0989812
0.107124
0.259421
0.351916
0.351926
0.432215
0.185166
0.213772
0.137503
0.185151
0.0888816
0.208791
0.0148811
0.29477
0.0748623
0.023803
0.109583
0.104674
0.0513101
0.136829
0.134651
0.0765993
0.155698
0.154395
0.140168
0.24278
0.190493
0.14053
0.098246
0.0977263
0.121437
0.154002
0.122806
0.151826
0.0148505
0.294672
0.0888628
0.209486
0.0747959
0.0237697
0.0513307
0.136864
0.109597
0.104529
0.134639
0.0765877
0.140166
0.242813
0.154941
0.154863
0.190509
0.14047
0.121445
0.15418
0.0982844
0.0977566
0.122896
0.151828
0.0405183
0.0592906
0.0604123
0.0911664
0.0761277
0.0878231
0.0679567
0.0813935
0.199119
0.122359
0.0955566
0.121295
0.13469
0.19133
0.129056
0.129669
0.176155
0.220645
0.177977
0.18176
0.174467
0.384098
0.288812
0.468068
0.17068
0.421595
0.186282
0.183125
0.176872
0.380749
0.582933
0.534332
0.0405094
0.0592593
0.0679259
0.0813935
0.0604298
0.0911661
0.0761208
0.0878345
0.199111
0.123035
0.129056
0.129659
0.0955774
0.121295
0.13471
0.19135
0.176171
0.220618
0.288818
0.468063
0.177995
0.18179
0.17453
0.384143
0.170893
0.421678
0.582943
0.534351
0.186319
0.183561
0.177164
0.380776
0.112106
0.149055
0.309466
0.258343
0.0232125
0.0231816
0.306923
0.306942
0.0967351
0.10898
0.0361153
0.071593
0.156497
0.135793
0.188639
0.135234
0.0692553
0.0692649
0.181994
0.181996
0.204991
0.194742
0.114472
0.0966917
0.191859
0.191806
0.296701
0.296629
0.181947
0.17772
0.200417
0.222066
0.170801
0.170811
0.135483
0.135495
0.163724
0.206792
0.417167
0.243634
0.112113
0.148707
0.258604
0.309466
0.0965892
0.108962
0.0360228
0.0715005
0.135841
0.156484
0.188424
0.135291
0.204983
0.196023
0.114443
0.096663
0.17773
0.181961
0.22206
0.200385
0.206845
0.163757
0.243661
0.417191
0.0989109
0.114938
0.0967704
0.112657
0.105913
0.162375
0.124778
0.173973
0.0610551
0.061086
0.0863382
0.0863383
0.151328
0.185534
0.205674
0.216219
0.118561
0.118561
0.124049
0.12404
0.187724
0.185753
0.589064
0.602115
0.238875
0.239029
0.555181
0.555174
0.61197
0.611966
0.500952
0.500978
0.0989243
0.114954
0.0967703
0.112657
0.162388
0.105945
0.124794
0.174001
0.185572
0.15135
0.205694
0.216269
0.18578
0.187764
0.602119
0.588963
0.0710787
0.0823913
0.114177
0.107885
0.0420824
0.108062
0.125191
0.0874312
0.17507
0.175548
0.165193
0.16301
0.135157
0.139608
0.156766
0.195593
0.0710699
0.10782
0.11417
0.0822151
0.135271
0.195605
0.155964
0.139445
0.175175
0.163028
0.165274
0.175561
0.0420816
0.0872589
0.124941
0.107949
0.0147971
0.0145395
0.0341019
0.0370511
0.0147796
0.0369433
0.0340557
0.0145242
0.0811572
0.0662161
0.069518
0.0712634
0.0811726
0.0713715
0.0695643
0.0662315
0.0957672
0.171948
0.209283
0.160612
0.239978
0.310292
0.226293
0.209657
0.238449
0.209668
0.226154
0.310282
0.0957853
0.160613
0.209253
0.171959
0.223264
0.219344
0.353285
0.341332
0.0903898
0.292831
0.302821
0.191391
0.0905945
0.19129
0.302823
0.29266
0.223303
0.341367
0.353297
0.219442
0.0546191
0.0670862
0.129756
0.120117
0.106826
0.159997
0.142808
0.0856556
0.174595
0.177663
0.1831
0.187785
0.173983
0.171008
0.176989
0.175981
0.0546348
0.120132
0.129777
0.0671013
0.174061
0.176
0.177024
0.171034
0.174911
0.187824
0.183137
0.177945
0.106843
0.0856723
0.142832
0.160023
0.0825026
0.078375
0.0942657
0.09854
0.0825024
0.0985399
0.0942658
0.078375
0.129828
0.12675
0.110377
0.113604
0.129827
0.113604
0.110377
0.126749
0.388339
0.386893
0.603897
0.488158
0.372541
0.60109
0.618252
0.390625
0.372596
0.389748
0.618215
0.601091
0.388705
0.488073
0.603893
0.386931
0.211662
0.203698
0.206678
0.195688
0.0922229
0.121273
0.197753
0.199418
0.0856629
0.148758
0.172428
0.0996228
0.17158
0.193896
0.215513
0.174294
0.211713
0.195711
0.206694
0.203671
0.172249
0.174275
0.215567
0.193943
0.0857777
0.0996541
0.172448
0.148805
0.0921794
0.199394
0.197759
0.12123
0.124783
0.127714
0.110798
0.115039
0.121444
0.115734
0.110783
0.127709
0.0518778
0.0512153
0.0934719
0.101857
0.0518751
0.101892
0.0934863
0.0512158
0.364061
0.377426
0.43018
0.548112
0.106181
0.131177
0.257817
0.213264
0.106193
0.213296
0.257861
0.131199
0.364104
0.548124
0.430223
0.377436
0.0263255
0.153611
0.209704
0.154327
0.0263318
0.154359
0.209692
0.153612
0.10283
0.179506
0.138467
0.087117
0.103261
0.0867107
0.138566
0.179239
0.00428748
-0.00265259
-0.00684953
0.0122554
0.0293948
0.0295233
0.0143727
0.0145821
0.0480606
0.0155166
0.035854
0.0263388
-0.00285248
0.00531585
-0.00720066
0.0293801
0.0121971
0.0295887
0.0145532
0.0143736
0.0480612
0.0356172
0.0157183
0.0264291
-0.00585711
0.00288727
0.0257718
0.0757634
0.130532
0.0699439
0.112265
0.138899
0.150873
0.163805
0.148629
0.248738
0.133337
0.156211
0.133738
0.235264
-0.00585776
0.0757634
0.00288842
0.0257771
0.130586
0.138899
0.0699552
0.112281
0.150907
0.248831
0.163878
0.148651
0.133374
0.235331
0.15623
0.133764
0.0566775
0.0633147
0.110959
0.19325
-0.00365525
-0.00365329
0.0103454
0.341931
0.0289671
0.0375192
0.0902267
0.0491424
0.0519116
0.0220848
0.0798095
0.0910845
0.0277489
0.0277537
0.0434907
0.116962
0.110988
0.105182
0.206532
0.109178
0.107901
0.1079
0.134916
0.220675
0.141124
0.146246
0.161383
0.181494
0.1007
0.100701
0.120022
0.165639
0.118518
0.131453
0.148288
0.209803
0.0567098
0.0633205
0.110966
0.193307
0.0293859
0.0375197
0.0893512
0.0489236
0.0519247
0.0223166
0.0797514
0.0910754
0.111036
0.105201
0.206471
0.109064
0.141119
0.146249
0.161399
0.181485
0.118602
0.131522
0.148361
0.209823
0.027488
0.036797
0.0558398
0.106224
0.130856
0.158305
0.14123
0.146741
0.0693599
0.0693599
0.0669076
0.072385
0.182783
0.190467
0.182176
0.19383
0.134303
0.134303
0.129427
0.141024
0.141838
0.140349
0.161188
0.250632
0.411012
0.411012
0.36388
0.450581
0.582638
0.582641
0.58946
0.564881
0.0274878
0.036795
0.0558758
0.106223
0.130872
0.158326
0.141245
0.146757
0.182846
0.19051
0.18221
0.193849
0.141851
0.140379
0.161372
0.250687
0.135355
0.131426
0.155838
0.146828
0.135155
0.131612
0.15511
0.144231
0.0358919
0.0410581
0.0410268
0.0571395
0.206502
0.211877
0.211876
0.21636
0.323951
0.332209
0.326449
0.323893
0.149196
0.158956
0.163404
0.172936
0.149266
0.159197
0.163432
0.173196
0.101544
0.0968181
0.104965
0.101544
0.617456
0.608818
0.615876
0.617456
0.207061
0.204448
0.210354
0.207633
0.207094
0.20452
0.210403
0.207674
0.0921414
0.0965509
0.0965414
0.100104
0.307515
0.35385
0.353856
0.394596
0.189881
0.212346
0.160479
0.18989
0.025429
0.0453612
0.0799451
0.177379
-0.00365123
-0.00365329
0.0100486
0.272731
0.000582816
0.0195236
0.064213
0.0234495
0.0357006
0.0559611
0.0846504
0.0428038
0.0247507
0.0256026
0.0419558
0.114213
0.0687044
0.0923757
0.12592
0.079441
0.015257
0.0510057
0.106488
0.127627
0.0560981
0.0967374
0.112847
0.168799
0.112355
0.135246
0.162295
0.151641
0.0293129
0.028185
0.0773208
0.0677153
0.0754172
0.0916234
0.103645
0.135913
0.0669142
0.0977545
0.106816
0.126474
-0.00364938
-0.00365133
0.0100336
0.272689
0.025443
0.0453853
0.0799134
0.177384
0.000578316
0.0195587
0.0642072
0.0234311
0.024746
0.0255697
0.0419905
0.113995
0.0356872
0.0559908
0.0846582
0.0427364
0.0671937
0.0927259
0.125932
0.0794333
0.0560952
0.096708
0.112829
0.168813
0.0150808
0.0510084
0.106498
0.127725
0.112309
0.13527
0.162334
0.151632
0.0754133
0.0916464
0.103656
0.135946
0.0293528
0.0282346
0.0774003
0.0677221
0.0670075
0.0977633
0.106865
0.126521
-0.0132173
-0.0135858
0.0157974
0.0577166
0.0107398
0.0184362
0.0394768
0.0916479
0.0653821
0.099783
0.0794445
0.085189
0.0743893
0.0714579
0.0707309
0.0775493
0.101791
0.105642
0.195586
0.108872
0.0559133
0.0461961
0.0753907
0.121232
0.143633
0.164122
0.141178
0.18135
0.137741
0.135762
0.133187
0.144439
0.152691
0.150787
0.16676
0.19895
0.1792
0.17591
0.179104
0.181023
0.146155
0.143707
0.1621
0.245484
0.366521
0.399183
0.337942
0.429171
0.134953
0.136783
0.157388
0.2701
0.181373
0.188711
0.185914
0.183903
0.135389
0.137597
0.160564
0.24663
0.478337
0.577363
0.574735
0.552989
-0.013223
-0.0135935
0.0158059
0.0577006
0.0743892
0.0714579
0.0707155
0.0775492
0.0107394
0.0184329
0.0394989
0.0916474
0.06539
0.0997867
0.0794462
0.0851994
0.101714
0.10561
0.195576
0.10885
0.13774
0.135763
0.133187
0.144434
0.0559207
0.0461994
0.0754259
0.121233
0.143648
0.164143
0.141199
0.181365
0.152718
0.15082
0.166744
0.198963
0.36653
0.399186
0.337954
0.42918
0.179227
0.175936
0.179129
0.18105
0.146183
0.143748
0.162114
0.245526
0.134995
0.136844
0.157442
0.269587
0.478368
0.577368
0.574722
0.553002
0.181408
0.188767
0.185962
0.183945
0.135374
0.137587
0.160598
0.246659
0.126236
0.132964
0.118537
0.139947
0.271106
0.295777
0.302658
0.269887
0.0180439
0.0282611
0.0225517
0.0225363
0.314096
0.357809
0.317078
0.317081
0.104935
0.119458
0.0990877
0.103049
0.0464677
0.043763
0.0406096
0.0618532
0.121211
0.159407
0.144263
0.135635
0.143897
0.175497
0.185564
0.126593
0.0588306
0.0762713
0.068418
0.0684228
0.169565
0.207973
0.184534
0.184537
0.208648
0.208175
0.206414
0.20728
0.106349
0.10145
0.108677
0.10024
0.170718
0.193088
0.182051
0.182052
0.341213
0.31573
0.306375
0.306174
0.186069
0.176398
0.182118
0.180302
0.20806
0.220425
0.209279
0.219435
0.153748
0.209864
0.17278
0.172782
0.14039
0.137942
0.137816
0.137817
0.180676
0.206122
0.17831
0.203112
0.326937
0.346661
0.380235
0.292499
0.126851
0.132964
0.118784
0.140038
0.271169
0.295709
0.270324
0.302711
0.104341
0.119221
0.0989542
0.102906
0.0463112
0.0436691
0.0405016
0.0617452
0.121232
0.159446
0.135645
0.144391
0.143895
0.175481
0.185454
0.126786
0.208617
0.208172
0.206401
0.207263
0.106301
0.101421
0.108643
0.100206
0.185981
0.177619
0.180398
0.18285
0.208062
0.22043
0.219433
0.209284
0.18053
0.206161
0.203171
0.178366
0.326972
0.346711
0.292519
0.380253
0.0907678
0.121524
0.102331
0.109801
0.10471
0.102849
0.100617
0.108562
0.135768
0.13553
0.12082
0.149651
0.150755
0.154771
0.139637
0.165407
0.0621119
0.0573584
0.0603943
0.0604097
0.0805289
0.0886715
0.0854691
0.0854691
0.176139
0.169861
0.164011
0.181599
0.209375
0.208942
0.206247
0.212791
0.121254
0.113107
0.117871
0.117871
0.123673
0.114156
0.122825
0.12282
0.180563
0.185695
0.187163
0.187236
0.505337
0.611325
0.596196
0.602869
0.27333
0.23117
0.234092
0.234088
0.522505
0.589328
0.556913
0.556913
0.603356
0.611522
0.611778
0.611779
0.527783
0.467716
0.503937
0.503943
0.0907794
0.121368
0.102345
0.109819
0.10471
0.102849
0.100617
0.108562
0.135775
0.135569
0.149663
0.120818
0.150776
0.154795
0.139665
0.165429
0.176174
0.169891
0.181634
0.164026
0.209413
0.208982
0.206277
0.212836
0.180644
0.185958
0.187501
0.186962
0.505377
0.611328
0.602717
0.596014
0.0904536
0.080962
0.105025
0.0944502
0.0576143
0.0741684
0.0754567
0.0905832
0.181018
0.17841
0.18049
0.171794
0.166643
0.180647
0.158627
0.173514
0.0904149
0.0810029
0.104983
0.0943654
0.16661
0.180658
0.15808
0.173047
0.180774
0.178575
0.180435
0.1718
0.0575996
0.0741548
0.0754207
0.0905662
0.019707
0.0241836
0.0238732
0.0315966
0.0196609
0.0241363
0.0238269
0.0315196
0.060818
0.0651434
0.0606625
0.0617159
0.0608645
0.0651898
0.0607396
0.0617622
0.161261
0.163823
0.186688
0.189458
0.228254
0.236189
0.226204
0.238594
0.22821
0.237178
0.226169
0.238591
0.161256
0.163829
0.186717
0.189456
0.269697
0.263291
0.280448
0.28903
0.197108
0.274095
0.249537
0.275618
0.274309
0.197418
0.275717
0.249527
0.268159
0.27001
0.289037
0.280894
0.0767466
0.0904891
0.0958319
0.10977
0.110186
0.129497
0.119922
0.13904
0.186757
0.184358
0.187348
0.187446
0.182602
0.181144
0.180404
0.184466
0.0767555
0.0905014
0.0958459
0.109795
0.182632
0.181171
0.180434
0.184503
0.1868
0.184425
0.18739
0.187486
0.110198
0.129512
0.119939
0.139058
0.089503
0.0852381
0.092925
0.0872074
0.0852381
0.0895028
0.0872074
0.092925
0.124954
0.120734
0.11925
0.116755
0.120734
0.124954
0.116755
0.11925
0.507654
0.503915
0.565682
0.548059
0.494504
0.589592
0.599124
0.606818
0.589606
0.494437
0.606826
0.599142
0.503919
0.507657
0.54802
0.565184
0.20118
0.200806
0.203514
0.204531
0.131148
0.142243
0.153072
0.168927
0.117652
0.131472
0.135345
0.149455
0.180911
0.185286
0.202821
0.207932
0.20118
0.200812
0.203511
0.204541
0.180931
0.18567
0.202875
0.207972
0.117705
0.131457
0.135396
0.149502
0.131149
0.142232
0.153055
0.168911
0.128161
0.128076
0.120279
0.125274
0.128144
0.128062
0.120256
0.12526
0.0608657
0.0737422
0.0700927
0.0812018
0.0608698
0.0737575
0.070107
0.0812263
0.477006
0.512375
0.450851
0.495296
0.140926
0.157681
0.166883
0.193515
0.140936
0.157713
0.166937
0.193534
0.477029
0.512386
0.450841
0.495304
0.145704
0.147142
0.183041
0.175445
0.147142
0.146103
0.175368
0.183048
0.147447
0.125365
0.135112
0.140834
0.125336
0.147168
0.14079
0.135143
0.0600397
0.146841
0.0100308
0.18108
0.0579938
0.0139774
0.0652833
0.0124484
0.0408339
0.0344021
0.0818792
0.053318
0.0946757
0.0824886
0.0622574
0.0676975
0.119998
0.104788
0.0642516
0.0671077
0.0855354
0.0962837
0.070502
0.0853129
0.0100225
0.18115
0.060037
0.146943
0.0579472
0.013943
0.0408261
0.0349596
0.0652975
0.0125531
0.08177
0.0533007
0.0623354
0.0678039
0.0946554
0.0784374
0.120118
0.104742
0.0855486
0.0965131
0.0643224
0.0669233
0.0705695
0.0853649
0.0178606
0.0666432
0.0328852
0.0830865
0.0452917
0.0517983
0.0790923
0.0787911
0.170023
0.102905
0.0862731
0.129246
0.115568
0.188515
0.133655
0.151822
0.16575
0.220714
0.174299
0.173755
0.163059
0.243257
0.290408
0.377657
0.156463
0.236487
0.173672
0.173627
0.158112
0.241096
0.368517
0.364264
0.0178575
0.0666468
0.0790846
0.078791
0.0328962
0.0830864
0.0452939
0.0518132
0.169989
0.102899
0.133655
0.15182
0.0863008
0.129248
0.115583
0.188523
0.165772
0.220626
0.290375
0.377667
0.174368
0.173926
0.163102
0.243308
0.156501
0.236536
0.368563
0.364308
0.173747
0.173653
0.158147
0.241164
0.0946336
0.185804
0.112965
0.153323
0.110651
0.131795
0.252039
0.234658
0.00987756
0.325172
0.0098702
0.32517
0.0143687
0.0143611
0.351336
0.350716
0.0727819
0.0382811
0.0880779
0.0774408
0.0862685
0.088594
0.0424165
0.0630949
0.0969419
0.124157
0.0786142
0.0599045
0.106512
0.0980757
0.14493
0.0796658
0.0429494
0.11447
0.0429472
0.114453
0.0511537
0.0511586
0.156474
0.156476
0.202071
0.108976
0.200264
0.105928
0.206017
0.208449
0.111013
0.105289
0.136028
0.209821
0.136031
0.209766
0.15366
0.153662
0.299121
0.298948
0.169095
0.169937
0.163651
0.188514
0.175445
0.183461
0.185983
0.203707
0.114884
0.159114
0.11489
0.159122
0.134655
0.1348
0.184947
0.184955
0.132311
0.16847
0.156774
0.246155
0.158664
0.171983
0.347694
0.258274
0.0946392
0.185905
0.113025
0.153025
0.110803
0.131814
0.234699
0.252498
0.0727236
0.0382291
0.0880487
0.0773865
0.0860319
0.0883654
0.0422706
0.0629483
0.0969646
0.124182
0.0786621
0.0598995
0.0980788
0.106668
0.14493
0.0796605
0.202103
0.10897
0.200256
0.105922
0.205982
0.208411
0.112725
0.105244
0.169172
0.169923
0.163674
0.188508
0.183432
0.175461
0.203712
0.185978
0.132352
0.168574
0.15676
0.24609
0.172018
0.158716
0.25829
0.347937
0.0467974
0.0988581
0.0655499
0.113695
0.0714689
0.0802337
0.101197
0.10887
0.111628
0.117813
0.165584
0.169526
0.123396
0.151759
0.135273
0.161889
0.0688192
0.0743931
0.0688115
0.0743931
0.0653612
0.0653688
0.0774159
0.0774159
0.165095
0.187238
0.188889
0.190821
0.171886
0.185701
0.198686
0.1972
0.130867
0.142731
0.130867
0.142729
0.12604
0.12604
0.126737
0.126734
0.161601
0.248035
0.162086
0.258045
0.178013
0.179176
0.387981
0.387252
0.360994
0.448963
0.360997
0.44895
0.313945
0.313945
0.490981
0.490581
0.592876
0.56656
0.592882
0.566563
0.601001
0.601003
0.549578
0.549584
0.0468223
0.0988577
0.0655821
0.113695
0.0714857
0.0802592
0.101197
0.108871
0.111483
0.117827
0.165603
0.16955
0.151775
0.123404
0.135293
0.161912
0.165126
0.187264
0.18893
0.190867
0.185764
0.171887
0.198717
0.197332
0.161639
0.24808
0.16212
0.2581
0.178773
0.178302
0.387296
0.388032
0.121633
0.145588
0.116136
0.125756
0.166262
0.160651
0.136355
0.155668
0.121749
0.143918
0.116098
0.123283
0.15961
0.166929
0.15566
0.136286
0.0330953
0.0330722
0.038251
0.0595064
0.038197
0.0594524
0.0685268
0.06855
0.201575
0.201577
0.214671
0.221348
0.221256
0.214655
0.224673
0.22467
0.319894
0.313109
0.363519
0.363533
0.313245
0.313243
0.312999
0.319904
0.132355
0.138421
0.144315
0.16904
0.156048
0.177116
0.181469
0.178969
0.132597
0.138445
0.144345
0.169068
0.177154
0.156065
0.179222
0.181481
0.0982313
0.106288
0.093505
0.093505
0.109706
0.109706
0.0982313
0.106288
0.611784
0.619467
0.60455
0.604551
0.618384
0.618386
0.619467
0.611773
0.195932
0.181445
0.207019
0.207152
0.197397
0.214876
0.204734
0.211945
0.181443
0.19595
0.207033
0.20716
0.214931
0.19734
0.204763
0.211991
0.0918274
0.0918346
0.10439
0.0961907
0.104374
0.0961739
0.108961
0.108954
0.260111
0.260121
0.393101
0.30626
0.306268
0.39316
0.432579
0.432584
0.20848
0.151694
0.213117
0.213111
0.137123
0.137129
0.208467
0.151672
0.0719928
0.099067
0.237305
0.213537
0.0148346
0.0147103
0.262605
0.320824
0.0731584
0.0785625
0.0192996
0.0316642
0.101846
0.116035
0.0409722
0.147898
0.0517274
0.0512669
0.0989656
0.148248
0.115801
0.158361
0.0642039
0.0866061
0.147007
0.147105
0.100155
0.178286
0.11988
0.152551
0.162263
0.274658
0.169486
0.194747
0.12061
0.156341
0.0944543
0.0997232
0.101955
0.0926189
0.114655
0.126558
0.128964
0.169417
0.105683
0.136907
0.128833
0.177592
0.0148111
0.0146874
0.262572
0.320816
0.0720263
0.0990626
0.237371
0.213638
0.0731245
0.0784512
0.0192741
0.0315938
0.0517312
0.0512709
0.0989082
0.148212
0.101824
0.116023
0.0411962
0.147864
0.115796
0.158373
0.0641972
0.0865829
0.119926
0.152546
0.1622
0.274614
0.147328
0.147088
0.100157
0.178322
0.169524
0.194742
0.12062
0.156342
0.114675
0.126584
0.129005
0.169548
0.0943762
0.0997592
0.101953
0.0925216
0.105763
0.136947
0.128864
0.17761
0.0404612
0.0424439
0.0697457
0.0590551
0.0576641
0.0636285
0.0862145
0.0936804
0.0595876
0.0925095
0.0712232
0.104947
0.0740867
0.0670941
0.081948
0.0793045
0.206577
0.201408
0.12233
0.118717
0.100738
0.0906968
0.124946
0.116695
0.120723
0.148403
0.20224
0.193881
0.12917
0.127434
0.131775
0.128691
0.175725
0.175581
0.231596
0.214455
0.179859
0.171779
0.180206
0.178215
0.17421
0.174923
0.382481
0.38557
0.266748
0.30235
0.4493
0.48081
0.194274
0.172695
0.386447
0.399343
0.182534
0.187868
0.178624
0.188015
0.175845
0.177566
0.376662
0.390722
0.486777
0.595851
0.503942
0.543128
0.0404607
0.0424535
0.0697223
0.0589852
0.0740636
0.067071
0.0819479
0.0793045
0.0576797
0.0636462
0.0862143
0.0936802
0.0595801
0.0924957
0.0712318
0.104956
0.20658
0.201389
0.121593
0.119061
0.129171
0.127434
0.13128
0.128684
0.100757
0.0907173
0.124947
0.116696
0.120738
0.148423
0.202314
0.193897
0.17578
0.175593
0.231463
0.214437
0.266624
0.302338
0.449326
0.480799
0.179883
0.171802
0.180238
0.178243
0.174334
0.175029
0.382511
0.385609
0.200903
0.172629
0.386521
0.399401
0.486827
0.595866
0.503987
0.54313
0.182717
0.187912
0.179177
0.188235
0.176005
0.177848
0.37671
0.390767
0.113028
0.11102
0.146011
0.15286
0.279231
0.333295
0.283917
0.217024
0.0188755
0.0299284
0.0298899
0.0188524
0.338059
0.300235
0.30038
0.338208
0.0898744
0.108554
0.117052
0.0989863
0.0351087
0.0366163
0.0714823
0.0705787
0.141428
0.170196
0.153142
0.118654
0.200833
0.174623
0.115824
0.149398
0.059865
0.0787688
0.0787808
0.0598667
0.165273
0.203786
0.203778
0.165262
0.205
0.206562
0.1982
0.199036
0.112635
0.116528
0.0992927
0.0950919
0.201521
0.179527
0.179278
0.201524
0.316095
0.299616
0.299616
0.315948
0.183031
0.174472
0.168125
0.185928
0.190381
0.208964
0.225877
0.217125
0.149473
0.207972
0.20798
0.149478
0.136196
0.135221
0.135233
0.136203
0.159238
0.167185
0.219064
0.1907
0.4064
0.425048
0.252036
0.232425
0.11103
0.113019
0.152305
0.145942
0.217051
0.283942
0.333301
0.279317
0.108489
0.0899846
0.0988801
0.116989
0.0365156
0.0350392
0.0705092
0.0713819
0.11866
0.153164
0.170208
0.141442
0.174622
0.200846
0.149545
0.115854
0.206566
0.204985
0.199016
0.198195
0.116495
0.112613
0.0950704
0.0992611
0.185937
0.167483
0.174485
0.183129
0.217132
0.225877
0.208976
0.190372
0.190788
0.219124
0.167233
0.159295
0.232452
0.252054
0.425072
0.406403
0.0830295
0.11514
0.129781
0.100267
0.0949745
0.097104
0.112719
0.111011
0.105804
0.106238
0.163391
0.161893
0.127194
0.122488
0.172489
0.175478
0.0636277
0.0590104
0.059049
0.0636508
0.0823572
0.0903014
0.0903014
0.0823572
0.155604
0.147073
0.184338
0.186689
0.20623
0.20511
0.202214
0.215966
0.122654
0.114468
0.114468
0.122654
0.125875
0.117218
0.117206
0.125867
0.185047
0.186756
0.182778
0.182791
0.503232
0.598432
0.61324
0.500053
0.260082
0.232782
0.232781
0.273049
0.591689
0.522814
0.522794
0.591706
0.607225
0.615398
0.615363
0.607214
0.464935
0.526267
0.526269
0.464979
0.115125
0.0830372
0.100277
0.129805
0.097104
0.0949746
0.111011
0.11272
0.161908
0.163405
0.106231
0.105864
0.122506
0.127214
0.17551
0.172516
0.186731
0.184377
0.147096
0.155627
0.205132
0.206248
0.216018
0.202278
0.18284
0.182811
0.186805
0.185095
0.500125
0.613245
0.598425
0.503268
0.047088
0.0609838
0.0762676
0.064491
0.0768598
0.0940552
0.0854062
0.0684118
0.123812
0.120062
0.106708
0.110513
0.103275
0.0825955
0.103711
0.117203
0.0218301
0.0628418
0.0573416
0.0157799
0.127052
0.120964
0.0903008
0.0959184
0.139091
0.114827
0.0911223
0.120904
0.0844447
0.0147312
0.059098
0.0977452
0.164776
0.166851
0.180494
0.179414
0.162262
0.184306
0.181859
0.165305
0.158501
0.149974
0.172863
0.17436
0.155032
0.173872
0.171267
0.149666
0.0804481
0.100793
0.176784
0.147227
0.113017
0.138437
0.153753
0.110886
0.149763
0.171506
0.164772
0.142291
0.164227
0.171052
0.183357
0.18835
0.0470545
0.0644768
0.0762883
0.0609413
0.103292
0.117486
0.103687
0.0824634
0.12328
0.110434
0.106649
0.120252
0.07677
0.0683669
0.0854999
0.0938971
0.0804104
0.147298
0.176807
0.100803
0.164237
0.188358
0.183366
0.171116
0.148074
0.141719
0.164374
0.170538
0.113118
0.110893
0.153672
0.138625
0.164805
0.179432
0.180404
0.166878
0.15505
0.149679
0.171287
0.173896
0.158507
0.175935
0.17287
0.150008
0.162265
0.165314
0.181865
0.184302
0.0218231
0.0157641
0.0573238
0.0628439
0.0843489
0.0975895
0.0590235
0.0146889
0.135327
0.120901
0.0910926
0.114749
0.127064
0.0959191
0.0902918
0.120966
0.00988122
0.0100255
0.0195086
0.0187129
0.0101115
0.0184597
0.0192912
0.0099631
0.0370715
0.0394304
0.0307625
0.0290947
0.0437058
0.0320993
0.0316719
0.0415363
0.00986417
0.0186865
0.0194732
0.0100141
0.043572
0.0414088
0.031598
0.0320642
0.0370445
0.0290755
0.0307047
0.0393493
0.0101078
0.00995191
0.0192566
0.0184481
0.0713862
0.0742871
0.0674329
0.0643686
0.0678596
0.0628698
0.0643855
0.0697635
0.0582959
0.0606088
0.0598365
0.0581844
0.0666634
0.0612674
0.0598238
0.0623468
0.0713798
0.0643804
0.0674678
0.0742986
0.0667973
0.0624741
0.0598973
0.0613029
0.0583229
0.0582037
0.0598943
0.0606898
0.0678634
0.069775
0.0644203
0.0628814
0.0640415
0.131891
0.144755
0.0909536
0.176343
0.200352
0.178197
0.161796
0.207579
0.192834
0.198979
0.216344
0.133302
0.12746
0.172249
0.169724
0.242381
0.317534
0.222312
0.209342
0.364563
0.267425
0.26198
0.35241
0.217971
0.223396
0.230424
0.232511
0.185131
0.192911
0.221407
0.213339
0.242401
0.20941
0.221536
0.317502
0.185311
0.213356
0.221429
0.192916
0.21797
0.23251
0.230418
0.223407
0.364565
0.352411
0.252899
0.276912
0.0639877
0.0909393
0.144871
0.131879
0.133301
0.169723
0.172276
0.127461
0.207578
0.216343
0.198974
0.192834
0.176289
0.161729
0.178187
0.200362
0.109358
0.163384
0.270743
0.203308
0.199197
0.279234
0.272627
0.184375
0.329225
0.353081
0.314684
0.32445
0.337191
0.303009
0.282276
0.310441
0.056017
0.122981
0.183099
0.0740583
0.218329
0.317769
0.288519
0.197481
0.323682
0.293697
0.278665
0.309559
0.188612
0.142266
0.209049
0.259635
0.0558721
0.0699518
0.183532
0.122743
0.188594
0.259662
0.209161
0.142273
0.323775
0.309552
0.278674
0.293698
0.218293
0.197493
0.288811
0.317777
0.109422
0.203585
0.270773
0.163389
0.337188
0.310443
0.282274
0.302999
0.329231
0.324546
0.314756
0.3532
0.199182
0.187407
0.272673
0.279256
0.0294213
0.0361365
0.0740335
0.0684532
0.0513015
0.0868104
0.0796796
0.0428296
0.146781
0.141991
0.112331
0.118225
0.133104
0.102439
0.107284
0.137471
0.0954076
0.127865
0.115141
0.0805115
0.176316
0.16789
0.143633
0.15414
0.151963
0.125064
0.134489
0.160054
0.0606774
0.0705157
0.105359
0.0949734
0.156917
0.159432
0.183397
0.181842
0.162393
0.184901
0.184812
0.161378
0.174568
0.179395
0.187038
0.186145
0.18778
0.188387
0.187618
0.183732
0.163463
0.17975
0.180703
0.162591
0.160098
0.163659
0.179374
0.177061
0.17113
0.184527
0.181586
0.167203
0.161359
0.161699
0.181748
0.179928
0.0294344
0.0684613
0.0740425
0.0361549
0.13312
0.137496
0.107308
0.102445
0.147006
0.118348
0.112357
0.14203
0.0513268
0.0428528
0.0796897
0.086821
0.163525
0.162624
0.180722
0.179793
0.161305
0.179397
0.181781
0.161718
0.171381
0.167226
0.181618
0.184784
0.160119
0.177088
0.179403
0.163682
0.156947
0.18205
0.18348
0.159464
0.187826
0.183768
0.187661
0.188432
0.174607
0.186167
0.187078
0.17943
0.162428
0.161414
0.184858
0.184915
0.0954283
0.0805371
0.115154
0.127906
0.0607131
0.0949902
0.10537
0.0705501
0.151979
0.160072
0.134511
0.125086
0.176322
0.154164
0.143649
0.167884
0.0794267
0.0781702
0.0857263
0.0867174
0.073389
0.0814431
0.0832565
0.0753824
0.0975247
0.0989118
0.0910904
0.0894864
0.102541
0.0952521
0.0933027
0.100907
0.0794266
0.0867171
0.0857262
0.0781701
0.102541
0.100907
0.0933026
0.0952517
0.0975247
0.0894864
0.0910904
0.0989119
0.073389
0.0753824
0.0832565
0.0814431
0.13404
0.133421
0.124951
0.125239
0.130147
0.121954
0.123341
0.131574
0.105626
0.106931
0.11513
0.113788
0.109961
0.117463
0.116726
0.108716
0.134039
0.125238
0.12495
0.133421
0.109961
0.108716
0.116725
0.117462
0.105626
0.113788
0.115129
0.106931
0.130147
0.131574
0.123341
0.121954
0.248652
0.244274
0.48895
0.41006
0.249373
0.504399
0.508817
0.246777
0.612331
0.592589
0.585077
0.60615
0.451957
0.441513
0.516007
0.524977
0.23809
0.482447
0.490902
0.243814
0.593032
0.607114
0.602062
0.587716
0.6196
0.61403
0.61043
0.615357
0.250167
0.257262
0.503025
0.502723
0.238147
0.243882
0.49094
0.482486
0.250228
0.502761
0.503402
0.257308
0.619601
0.615358
0.610436
0.614036
0.593035
0.587754
0.602072
0.607116
0.248686
0.410053
0.489057
0.244312
0.451957
0.524937
0.515976
0.441512
0.612332
0.606143
0.585188
0.592594
0.249423
0.246824
0.508788
0.504444
0.185483
0.195641
0.204079
0.183169
0.203354
0.206853
0.203109
0.197891
0.204298
0.205528
0.205594
0.207435
0.191255
0.184972
0.203621
0.206881
0.0529728
0.0762028
0.124204
0.106968
0.0824395
0.126761
0.137032
0.0913849
0.206227
0.207856
0.170794
0.166193
0.208844
0.148958
0.16484
0.208473
0.048928
0.0902201
0.114269
0.0732693
0.14148
0.170877
0.146014
0.120903
0.209444
0.155435
0.150957
0.186379
0.0777276
0.0789127
0.118721
0.11727
0.156325
0.17984
0.175964
0.157806
0.193379
0.212744
0.19666
0.187477
0.211259
0.217709
0.219057
0.212458
0.153584
0.158439
0.186871
0.187939
0.185488
0.183183
0.204085
0.195725
0.191168
0.206912
0.203635
0.184992
0.204343
0.207436
0.205601
0.205558
0.20332
0.197882
0.203099
0.20683
0.156359
0.157847
0.176048
0.179894
0.153604
0.188025
0.186919
0.1585
0.211306
0.212504
0.219011
0.217879
0.19342
0.187563
0.192701
0.212678
0.04901
0.0733402
0.114246
0.0902959
0.0778846
0.117265
0.118769
0.0789598
0.209727
0.186422
0.150992
0.155464
0.141555
0.120959
0.14607
0.170935
0.0529933
0.106967
0.124201
0.0762277
0.208837
0.208447
0.16483
0.148933
0.20627
0.166151
0.170787
0.207852
0.0824625
0.0914127
0.137042
0.126785
0.157591
0.145818
0.129961
0.108056
0.141878
0.124774
0.126976
0.143585
0.102247
0.106533
0.118749
0.115687
0.107267
0.109574
0.122139
0.110929
0.15759
0.107814
0.129705
0.145571
0.107226
0.110889
0.122114
0.109562
0.102239
0.115681
0.118731
0.106508
0.141877
0.143582
0.126965
0.12477
0.039169
0.0415991
0.0625223
0.0665485
0.0432934
0.0593473
0.0603838
0.042486
0.0941577
0.0981902
0.0800167
0.0775201
0.108927
0.0904731
0.0838924
0.102726
0.0391749
0.0665519
0.0625285
0.0415815
0.108963
0.102765
0.0839159
0.0904799
0.094166
0.077526
0.0800346
0.0982153
0.0432908
0.0424679
0.0603845
0.0593503
0.236908
0.240118
0.495089
0.508888
0.23055
0.368464
0.441312
0.260091
0.395257
0.46771
0.459352
0.388127
0.567343
0.561398
0.521116
0.528419
0.0631795
0.0958201
0.135737
0.106459
0.11834
0.152366
0.145483
0.109587
0.308353
0.300681
0.202018
0.210348
0.189406
0.146344
0.18396
0.280764
0.0632088
0.106501
0.135742
0.0958158
0.189549
0.280779
0.184512
0.146469
0.308358
0.210351
0.202029
0.300693
0.118341
0.109599
0.14549
0.15237
0.236954
0.50894
0.495151
0.240247
0.567348
0.528423
0.521131
0.561401
0.395262
0.38814
0.459371
0.467717
0.230496
0.260191
0.441518
0.368552
-0.00200409
0.10493
0.114982
0.027982
0.116456
0.168534
0.158832
0.109831
0.211706
0.199371
0.195567
0.207127
0.114818
0.118269
0.16919
0.167581
-0.00194803
0.0280093
0.115046
0.103549
0.114796
0.167467
0.169147
0.118255
0.211631
0.207123
0.195545
0.199361
0.116448
0.109779
0.158789
0.168533
0.0580326
0.119666
0.12856
0.0691799
0.164547
0.138814
0.135091
0.149141
0.158956
0.140124
0.137156
0.137015
0.0554698
0.0644011
0.121665
0.106013
0.0580373
0.0692748
0.128558
0.11968
0.0554645
0.105882
0.121627
0.064383
0.15896
0.137019
0.137227
0.140142
0.164549
0.149146
0.135112
0.138816
