-0.645
0.275
-1.96546
-0.735
0.335
1.99574
-0.78145
0.745
-1.815
-0.795
0.875
1.93925
0.645
0.275
-1.96546
0.735
0.335
1.99574
0.78145
0.745
-1.815
0.795
0.875
1.93925
0.124258
0.108355
0.072233
0.0528307
0.124236
0.108369
0.0722418
0.0528371
0
0
0
0
0
0
0
0
0
0
0
0
0
0
0
0
0
0
0
0
0
0
0
0
0
0
0
0
0
0
0
0
0
0
0
0
0
0
0
0
0
0
0
0
0
0
0
0
0
0
0
0
0
0
0
0
0
0
0
0
0
0
0
0
0
0
0
0
0
0
0
0
0
0
0
0
0
0
0
0
0
0
0
0
0
0
0
0
0
0
0
0
0
0
0
0
0.0532311
0.0452537
0.0153345
0.0429869
0.0352748
0.0362109
0.121502
0.0527346
0.0302867
0.0124225
0.0532895
0.0153441
0.0429804
0.0361756
0.0527371
0.0125704
-0.000142387
0.0759957
0.00807149
0.0567673
0.0287501
0.000236028
0.266668
0.50106
-0.000141995
0.0760013
0.056762
0.000210409
0.133935
0.133934
0.00952001
0.20109
0.192774
0.0743793
0.0743767
0.0196747
0.50416
0.109689
0.109687
0.0247806
0.410649
0.103448
0.0133731
0.0224432
0.0228019
0.0304471
0.0176808
0.0351949
0.0127558
0.0361709
0.0338042
0.0119694
0.00688795
0.00551664
0.0224543
0.0133329
0.0229117
0.0175918
0.0304645
0.035208
0.0361325
0.0127423
0.0337988
0.00724299
0.0116753
0.00543456
-0.0142352
-0.000373615
0.0259976
7.1371e-05
0.0301955
-4.61461e-05
0.0366781
0.0212478
-0.00359304
0.0217702
5.11194e-05
0.10874
-0.00122919
0.0289713
0.000262732
0.236753
-0.0139751
8.04728e-05
-0.000374964
0.0260091
0.0307203
0.0212423
-4.80769e-05
0.036665
-0.00360415
0.10873
0.0217614
5.82425e-05
-0.00132662
0.236732
0.0289233
0.000270882
0.0664283
0.0558475
0.000354989
0.0155845
0.0522823
-0.000663578
0.0491399
0.0659883
0.0126454
0.0586589
0.0285383
0.0147417
0.0331271
0.055283
0.0275119
0.0681357
0.0575087
0.0477262
0.0281418
0.190321
0.0664059
0.0568945
0.0522783
-0.000662928
0.0491421
0.0659944
0.0285935
0.0147974
0.0275109
0.0681306
0.0277882
0.190273
0.0280841
0.0173353
0.00410858
-2.70508e-06
-0.00843986
0.000193606
0.00799809
0.00373648
-0.00252378
0.00552654
0.0205806
0.248607
-0.0493684
0.00925366
0.0137825
0.0157008
0.028083
0.0173369
0.00411026
-3.2147e-06
0.00799725
0.00373101
0.0205935
0.248335
0.097539
0.0489207
0.0250169
0.0780023
0.0974253
0.0779906
0.0250132
0.0448395
0.00800545
0.00800806
-0.00595789
-0.00596226
0.085186
0.0655714
0.0655601
0.0851688
0.0556477
0.12282
0.122747
0.0556365
0.0270025
0.0326291
0.023835
0.0214388
0.0270025
0.0214379
0.0238328
0.0326227
0.0050521
0.00505746
0.0232351
0.0232371
0.189061
0.253546
0.253568
0.189098
0.0467562
0.0641997
0.059216
0.0218963
0.0467579
0.0218243
0.0591745
0.0642076
0.00393169
0.00393429
0.0367154
0.0366622
0.232457
0.149564
0.149569
0.232416
0.0843095
0.0843112
0.0660104
0.0659051
0.00319391
0.0221226
0.0240325
0.0108537
0.0231555
0.032136
0.00125691
0.011811
0.0117443
0.000887215
-0.00134343
-8.75388e-05
0.0221269
0.00320241
0.0239452
0.0228421
0.0109257
0.0323171
0.0118249
0.0011936
0.0117481
-0.00150871
0.00103591
-5.20104e-06
0.0257383
-0.000381561
0.00365074
0.0196675
-0.0102581
-1.50771e-05
0.00336721
0.0382033
0.00011715
0.00267499
3.69183e-05
0.0512347
0.000459299
0.0019219
0.000335473
-0.0428761
0.025611
0.019677
-0.000382036
0.00365028
-0.0105299
0.0381983
-1.59612e-05
0.00335906
0.000116491
0.0512253
0.00268695
3.2211e-05
0.000462559
-0.0429002
0.00193538
0.000326016
-0.000457231
0.00303485
0.0336363
0.0318599
3.32708e-05
3.62287e-05
0.00181304
0.0716284
-0.0008443
0.00201974
0.0432072
0.00107484
0.000348996
0.000505624
0.0296224
0.0426803
-4.80884e-05
-4.55756e-05
0.0121907
0.0179328
-0.00130948
-0.0172084
0.0101228
0.0155553
0.00580209
0.00581877
0.015379
0.0586442
0.00705588
-0.000423168
0.022602
0.0307704
0.00280336
0.00269084
0.0180342
0.00155844
0.00160664
-0.00171541
0.00100069
-0.0150789
-0.000486282
0.00299596
0.0336669
0.0381369
-0.000465614
0.00220366
0.0432208
0.00107893
0.0003428
0.000752463
0.0298809
0.0426811
-0.00129536
-0.0174416
0.00964217
0.015537
0.00706124
-0.000516279
0.0227079
0.0307702
0.00152808
-0.00180292
0.00106321
-0.0153117
3.3993e-05
1.69423e-05
0.00399896
0.0253888
0.00540065
0.00432746
-0.00176596
4.98584e-07
0.00784792
0.00786695
0.00626911
0.00900902
0.0115141
0.0153478
0.00799873
-0.00564568
0.0117423
0.0118751
-0.000959629
-0.00800563
1.05209e-05
-4.86852e-05
0.00257692
-0.0449073
0.00243145
0.00244703
-0.0152561
2.23579e-05
0.0178844
0.0178885
0.00150282
0.00265799
3.44872e-05
1.3285e-05
0.00398378
0.0253915
0.00539432
0.0043256
-0.00176555
-7.55028e-08
0.0115111
0.0153758
0.00799795
-0.00565035
1.13022e-05
-4.00785e-05
0.00258893
-0.0447568
-0.000731351
0.00484591
0.003693
0.00322091
-0.000728651
0.00485092
0.00369443
0.00331505
-0.00162838
2.77556e-17
0
-0.0011968
0.00308989
0.00275123
0.00275413
0.0118659
0.0106032
0.00976212
0.0377269
0.0029112
0.00420355
-3.21323e-06
-6.88682e-06
0.00613486
0.00420129
-3.13615e-06
-7.0589e-06
0.00613145
0.00601894
4.79816e-10
0.001797
0.00603304
0.0125107
0.00937836
0.00940516
0.0126358
0.000282706
0.00385923
0.00463063
-0.00127741
0.000281772
0.00383635
0.00478012
-0.00126873
-0.00113419
0.00239573
0.00239676
-0.0114597
0.0175415
0.00349182
0.00348985
0.00614592
-0.0147312
0.00475569
0.0331043
-0.0147331
0.0336985
0.0454812
0.00179621
0.065915
0.0540709
-3.09531e-05
0.028118
0.0396796
0.0159811
0.0192679
0.0125131
0.017798
0.0311753
0.0441586
0.0165237
0.0414845
0.0275557
0.0187029
0.0126673
0.0322159
0.020144
0.0010749
0.000483238
0.0491066
0.00179407
0.0659461
0.0337571
0.0343464
0.0540416
-6.04755e-05
0.0156753
0.0193186
0.0295271
0.0396685
0.0127859
0.0177754
0.0165442
0.0415355
0.0313901
0.0450436
0.0272583
0.0187206
0.0199157
0.000904616
0.0127736
0.0322891
0.000521163
0.0488407
0.0386819
0.000867217
0.00429024
0.024465
0.00127187
-6.19029e-06
0.0204879
3.49942e-06
0.0277425
0.0531717
0.00360821
0.0298672
0.000122044
-0.00690934
-0.00379731
0.0279092
0.00143369
0.0451897
-0.00200894
0.000276261
0.00252227
0.00433553
-0.0356162
-0.000727491
0.00111902
-0.00249135
-0.000941932
-0.0143627
0.00258212
-0.04998
0.00137409
0.00920926
0.040628
0.000613153
0.0204878
3.49831e-06
0.00428864
0.0244729
0.00329083
-9.63192e-06
0.0274383
0.0529887
-0.00379736
0.0277193
0.00362692
0.029867
0.000125183
-0.00689745
0.00142936
0.0451823
-0.035611
-0.000744265
-0.00200451
0.00027604
0.00251255
0.00433451
0.00112516
-0.00250408
0.00139005
0.00922915
-0.000917737
-0.0143321
0.00257991
-0.0499946
0.00598426
0.00336594
-0.00596798
0.0288763
1.89384e-05
1.86851e-05
0.00366895
0.00367034
0.0021527
2.29631e-05
-0.00151629
-0.0015936
0.00227041
0.00477929
0.00187507
0.0168955
-0.000127797
-0.000103674
0.000801796
0.000768956
-0.00659502
0.00160497
-0.00154552
-0.00145524
0.00232961
0.00233565
0.00502053
0.00081659
-0.00242391
0.000580532
0.00437129
0.00017871
0.00459989
0.00458984
0.00443115
0.00444074
0.0053051
-0.00195347
0.00657706
0.0170896
0.00597069
0.00335655
0.028649
-0.00650192
0.002207
0.00203853
-0.00151654
-0.00159351
0.00479122
0.00233353
0.00187368
0.0168411
-0.00662867
0.00156067
-0.00150631
-0.00149549
0.00058037
-0.00244773
0.000182139
0.00437664
-0.00176485
0.00545298
0.0170735
0.00659279
-8.98689e-07
4.13336e-06
-0.00365473
1.12829e-06
0.00556788
0.00281515
0.00482405
0.00511707
0.000171354
0.000156646
0.00846764
0.00848232
0.00380253
0.00683722
-0.00149205
0.00706537
0.00852837
0.0085247
-0.005146
-0.00556942
3.78025e-05
8.11042e-06
0.0136076
0.00745411
0.00246704
0.00247178
0.00869216
0.00864418
0.0165705
0.0165846
0.00319084
0.00319768
-7.62789e-06
4.26706e-06
-0.00365473
1.13213e-06
0.00281339
0.00748129
0.00483016
0.00511593
0.00683849
0.00380014
-0.00146961
0.00709768
4.68268e-06
2.35874e-05
0.00759245
0.0136462
0.0555898
0.0475893
0.00501231
0.0348674
0.0180008
0.00362372
0.00550527
0.0429194
0.000568967
0.00462034
0.00517927
0.001873
0.033148
0.0371966
0.00482735
0.0263981
0.055587
0.0348668
0.00500693
0.0475928
0.0331796
0.0263975
0.00482903
0.0372637
0.00058112
0.00187413
0.0051805
0.00461667
0.0188272
0.0429999
0.00647644
0.00463652
0.00925716
0.0018291
-0.0016203
-0.000803764
0.00923956
-0.000805374
-0.00162073
0.00182668
0.0394662
0.0159352
-0.00139513
0.00031439
0.0395218
0.000350113
-0.00139521
0.0159225
0.0276548
0.0306996
0.00596215
0.0191106
0.0420972
-0.0226683
0.00894244
0.0374437
0.0423742
0.0374404
0.00893718
-0.0226662
0.027636
0.0191232
0.00596638
0.0307157
0.0732626
0.0178849
0.0216513
0.0720387
0.0599491
0.060068
0.0395104
0.0604811
0.0599714
0.0601961
0.0392586
0.0600678
0.0732698
0.0720386
0.0213846
0.0172384
0.00399128
0.00414102
0.00451964
0.00510157
0.00349663
0.00742787
0.00402434
0.00384253
0.00224676
0.00257215
0.00663611
0.0106142
0.00257139
0.00472171
0.00562602
0.00257715
0.00397811
0.0050847
0.00452025
0.00413871
0.00258582
0.00257141
0.00562366
0.00471981
0.00224561
0.0106249
0.00663493
0.00257718
0.00349932
0.00384713
0.00402567
0.00742826
0.0220666
0.00815488
0.00725035
0.0248907
0.0220755
0.0248953
0.00725063
0.00817794
0.0340549
0.0100037
0.00728142
0.0276295
0.0340576
0.0276281
0.00726952
0.00995273
0.0485199
-0.0203509
0.0223827
0.00427933
-0.04356
0.0189268
0.0233687
-0.047756
-0.0435582
-0.0476825
0.0234589
0.0189239
0.0484693
0.00427101
0.0224348
-0.0202739
-0.00348541
-0.00145068
0.000674866
0.00247435
0.0406749
0.0344347
0.0024553
0.0105596
0.0150631
0.00667212
0.00410121
0.0240536
0.00207445
0.00975092
0.00344876
-0.00323919
-0.00362223
0.00247222
0.000661066
-0.00171307
0.00209728
-0.00319729
0.00353471
0.00977459
0.0149129
0.0240736
0.00422499
0.00669848
0.0406486
0.0105482
0.00247108
0.0343688
0.0632457
0.00446446
-0.0052639
0.0079878
0.0631131
0.00788575
-0.0052549
0.00458943
0.0442862
0.0129283
-0.000451003
0.0152032
0.0442828
0.0152216
-0.000427481
0.0130861
-0.0178635
-0.0095857
0.00967438
0.0133082
0.0710347
0.0224609
0.0216251
0.0257983
0.0711338
0.0256375
0.0216126
0.0223473
-0.0178653
0.0133157
0.00967618
-0.00970483
0.0428927
0.0185775
-0.00260754
0.0428879
0.0405275
0.042885
-0.00260795
0.0186029
0.017373
0.00542209
0.0271628
0.0522748
0.017452
0.0522546
0.0271897
0.00555591
0.00265176
0.00824409
0.00317762
0.00264911
0.00842734
-0.00392657
0.00101304
0.00477143
0.00714705
0.000460392
0.00113502
-0.000449111
0.00823944
0.00263846
0.00317896
0.00842768
0.00267239
-0.00421288
0.00466261
0.00115832
0.00718077
0.00117248
0.000455719
-0.000478012
6.23466e-05
-0.000367166
0.000198758
0.0204104
-0.00100981
5.69078e-07
0.00107261
0.0386598
-9.50661e-05
0.000936107
2.0479e-06
0.0119518
0.000168934
-1.46453e-05
0.000337029
-0.0214381
6.74645e-05
0.0208804
-0.00036732
0.000192985
-0.00101051
0.038654
7.09513e-07
0.00106377
-9.5925e-05
0.0119409
0.000920012
2.17148e-06
0.000163634
-0.0214392
-3.27429e-05
0.000332408
-0.000370692
0.00334865
0.00519704
0.0398883
8.24053e-07
9.468e-07
0.00179184
0.0355338
-0.00545413
0.000209554
0.0343797
0.00125501
-6.04875e-07
-0.000309586
0.00241481
0.0344239
-2.36962e-05
-2.36962e-05
0.0106898
0.00736031
-0.000385759
-0.00160117
0.00451352
0.012504
0.00051317
0.000513158
0.00635202
0.0180057
0.00193447
-0.00253107
0.00081288
0.0281383
7.70676e-06
3.40201e-05
0.0165382
0.000978733
9.0975e-05
-0.00167435
0.0005434
-0.0268091
-0.000292843
0.00331993
0.00514935
0.0365174
-0.00564582
0.000142761
0.0343805
0.0012572
-5.62924e-05
-0.000325828
0.0022892
0.0343641
-0.000372135
-0.00158238
0.00476116
0.0125175
0.00193362
-0.00249987
0.000757399
0.0281334
1.10676e-05
-0.00177153
0.000467003
-0.0268336
1.54916e-05
2.67714e-05
0.000311225
0.0299143
0.00181325
-4.56255e-05
-0.00124309
5.5304e-07
0.00564898
0.00563945
-0.0036543
0.00429359
0.00926457
-0.00810623
0.00716811
-0.00186626
-0.00991194
-0.0100648
-0.000959514
-0.00800502
5.81371e-06
-7.67268e-06
0.000581408
-0.0126635
0.000241032
0.000234425
-0.00021431
7.41115e-05
6.53564e-05
6.71294e-05
-1.89535e-05
0.000793421
1.51091e-05
2.67328e-05
0.000318365
0.0299157
0.00181689
-4.64421e-05
-0.00124274
-1.49145e-08
0.00928632
-0.00812307
0.00716698
-0.00187034
-6.55217e-06
-1.22397e-06
0.000584864
-0.0126617
3.73807e-05
0.000422836
0.00228398
0.000206585
3.75206e-05
0.000423477
0.00228548
0.000175218
0.0019333
-8.32667e-17
0
-5.94908e-08
0.000413665
4.61963e-05
4.54163e-05
3.00172e-05
0.000108326
0.00284956
0.018168
0.00369167
0.0025005
-3.23556e-06
-3.5308e-06
4.13354e-05
0.00250356
-3.23161e-06
-3.67636e-06
4.3213e-05
-0.00112674
-8.96042e-10
9.23815e-09
-0.00108294
0.000214942
0.00361756
0.00148156
0.00021533
8.08164e-05
-0.000243444
-0.000475925
-0.00379024
8.08281e-05
-0.000243605
-0.000477193
-0.00379413
0.00120989
-0.000570192
-0.000582053
-1.18166e-05
0.000338925
1.31663e-05
1.20802e-05
0.0013096
4.44089e-16
0.000861697
-0.0259648
4.44089e-16
0.000630379
-3.26912e-05
0.00465353
0.0325335
0.000116728
7.63982e-06
0.00178772
0.0306146
-6.7043e-05
1.1606e-05
0.0477741
0.000227945
0.00168108
0.000410384
0.0063904
0.028857
0.00376295
-2.43922e-05
-0.00143618
0.00741339
-0.00199228
-0.000323327
0.00873285
0.0145844
0.000530799
0.000802902
0.00965956
0.0238652
0.00407457
0.000605098
0.00373647
0.0149582
0.00140336
0.00479278
-0.000880631
0.0177241
0.000419891
0.00172617
0.00244247
0.0315453
-0.000642281
0.00140817
0.0141287
0.00109819
0.00026923
0.00197632
-1.89605e-05
-0.0282634
0.000117489
9.08673e-06
0.00178518
0.0307197
0.000666327
3.74199e-05
0.00474248
0.0380895
6.90597e-05
-0.000353699
0.0476986
5.21701e-05
0.00396096
-2.18794e-05
-0.00123281
0.00747196
0.00159561
0.000402836
0.0056469
0.028775
-0.00193753
-0.00032179
0.00866036
0.0145501
0.0041401
0.000634464
0.00376281
0.0148993
0.000587015
0.000884483
0.00995629
0.0231053
0.00142495
0.00478744
-0.000718585
0.0176977
-0.000596168
0.00158836
0.013986
0.000836724
0.000543469
0.00171474
0.00259882
0.03177
0.000232945
0.00192481
-0.000116358
-0.0281795
0.038454
0.00221163
0.0318292
0.00104245
-1.27286e-05
-9.61039e-08
0.000183801
0.0257078
0.000664215
0.0036571
-0.000465073
-2.36434e-06
-0.000538434
0.0107946
0.00519704
3.49945e-06
-0.00924803
-0.0159
0.0335726
0.0301314
-1.39023e-05
-4.66632e-06
0.000712684
0.0342782
0.000218779
-0.000534772
-1.1723e-05
0.000560021
0.00476866
0.00618787
-2.01385e-06
0.00609184
0.000312278
-0.00130714
0.000293895
0.0379116
0.000338685
0.00117095
-0.00166059
-2.11352e-06
3.27312e-06
-1.06085e-06
0.000736475
-0.00327227
0.0170203
0.00605691
-0.000531754
3.69096e-06
1.05498e-05
-3.48849e-06
-1.45092e-05
-0.0383704
0.0020717
-0.00435638
-0.000379971
-0.0076436
-5.56678e-07
-1.42394e-05
0.000384546
-0.0169181
0.00796126
0.014925
-8.5968e-05
0.00642545
0.0375018
0.00218909
0.0316872
0.00104028
-0.000536596
0.0107889
0.00519702
3.49933e-06
-1.34077e-05
-2.67802e-08
0.000197436
0.025714
0.000647007
0.00365959
-0.000451309
5.58296e-07
-0.00951908
-0.0162892
0.0334532
0.0299491
0.0047685
0.00612529
-2.03898e-06
0.00549554
-1.45265e-05
-2.74037e-06
0.000711917
0.0342822
0.000247036
-0.000522858
-2.40044e-06
0.000569936
0.000303347
-0.00126574
0.00029182
0.0379148
0.0169418
0.00601325
-0.000529183
8.78011e-06
0.000329149
0.00117015
-0.00166306
-2.47202e-06
6.52958e-06
-2.6029e-08
0.00073965
-0.00326332
1.21379e-05
8.04808e-06
-1.73861e-06
-0.0383427
0.0079559
0.0149235
-8.90311e-05
0.00647227
0.00196075
-0.00361174
-0.000360376
-0.00761256
-1.2308e-06
-1.33279e-05
0.00038684
-0.0169261
0.0114546
-8.05117e-05
0.00255258
0.00431772
-0.00237221
-0.00661675
0.00927858
0.0233728
6.65634e-05
1.47285e-05
2.90471e-06
2.75727e-06
0.0280311
0.00407082
-1.55936e-06
0.00342216
0.000135582
0.00112977
-0.000658343
0.00111943
-1.3378e-05
1.38778e-16
0.00184496
-4.40905e-08
0.00176681
6.39316e-05
-0.00113246
-0.000588187
0.00123563
-0.0100164
8.62824e-05
-0.000153036
-0.000422722
-1.09354e-06
-0.000119051
-0.000119109
-0.0175529
0.0115909
-1.2779e-05
3.58523e-06
0.00258149
0.00045966
-0.00195725
-0.00145673
0.00314894
0.000284433
-1.01672e-06
0.0014545
0.00336857
0.00198711
-0.00015644
-0.000235313
0.0168356
0.0131137
-0.00401251
-0.00175393
0.000601967
3.48927e-06
0.00309342
6.78038e-05
0.0155314
0.000687326
0.000364566
2.02706e-05
0.00406942
0.00678509
0.000150337
0.000159956
0.000328251
0.00509954
-2.18489e-05
-6.43055e-07
0.000551906
0.00215885
0.00144463
-0.00317151
0.08723
0.00125759
0.0014028
0.000914518
0.0114267
-8.04072e-05
0.00258709
0.00432425
-0.00653725
-0.00356018
0.0227015
0.00874401
0.000137975
0.00115549
-0.000652877
0.00112658
-5.75977e-05
1.38778e-16
0.00184727
-8.76618e-08
0.00166897
6.38237e-05
-0.000590341
-0.00116454
0.00123899
-0.0100037
7.84065e-05
-0.00015436
0.00278411
0.000413842
-0.00192581
-0.00148357
0.00276169
0.000255791
4.51122e-06
0.00143153
0.000548047
3.4839e-06
6.80293e-05
0.00310565
0.0154697
0.000687034
1.90784e-05
0.000370182
0.000679009
0.00230762
-0.00304867
0.00158743
0.0872761
0.00123777
0.000918899
0.00138153
1.43254e-05
0.00144235
1.1343e-05
3.68021e-06
-0.00373266
0.00823937
-0.00365473
-1.5793e-09
-0.000662926
0.00313285
0.002883
-0.00183011
3.02941e-08
-1.97591e-08
0.00222825
3.49559e-05
0.00916445
-0.00117675
-0.000284061
-0.000276707
0.00471543
-1.19556e-09
-0.00129221
-0.00129579
-6.46535e-06
-3.21886e-06
0.00210775
0.00032301
0.00183856
0.00229556
-0.000405171
-0.000284698
8.2301e-07
-0.00168807
0.00199175
0.0019617
1.93486e-07
-0.00940712
0.0119657
0.012134
2.3198e-05
0.00124018
-2.70798e-05
6.40303e-07
0.0051886
0.00771536
0.00756925
0.00114973
-0.0110472
0.0117044
-0.000471803
-0.000469724
-0.000103392
-0.000105263
-0.0025771
-0.00256475
0.00144326
-3.54725e-06
0.000198441
0.000186693
0.000661524
0.00132231
1.72619e-05
1.67028e-05
2.19921e-05
0.0014437
1.13224e-05
3.83563e-06
-0.00373171
0.00823356
-0.00365473
-1.119e-09
-0.000662804
0.00310465
-0.00182921
0.00294744
-1.18807e-07
-3.10837e-08
0.00222247
3.28241e-05
-6.49623e-06
-3.26415e-06
0.000323076
0.00211003
0.00184031
0.00229499
-0.000414477
-0.000289722
1.84456e-05
0.00123652
-8.86793e-09
-2.20605e-05
0.00545468
0.00784076
0.00127105
0.00772933
0.00962813
-0.0035423
0.00721791
-0.000900884
-0.000233346
0.0282064
0.00292716
0.00224694
0.00232536
-0.000296121
0.000307872
0.00155315
0.0113594
-0.00136509
0.00070893
0.000355881
0.00967061
-0.00351296
0.00729964
-0.000947458
0.0111789
-0.00117834
0.000714813
0.000356268
0.00232761
-0.000334188
0.000852056
0.00155282
0.00182723
0.0302613
0.00501534
0.00356704
6.06389e-05
-0.00112356
3.40905e-06
-4.47294e-05
5.8245e-05
-0.001125
1.84329e-06
-4.59418e-05
0.000281583
0.0145914
-0.00157355
2.77426e-05
0.000201245
0.0145914
-0.00157353
3.44136e-05
0.00457495
0.0160096
0.000505733
0.0025094
0.0142929
-0.0169799
0.000122754
0.00301313
0.0142967
-0.0170363
0.000120519
0.00307848
0.00459154
0.0160019
0.000507027
0.00252215
-0.0133594
0.0239879
0.0143688
0.00162118
0.00384469
0.0024086
-0.000517273
-0.0032162
0.00252307
0.00340918
-0.00136644
-0.000574202
0.0236642
-0.00779791
0.00541909
0.0152566
0.000246905
4.70494e-08
-1.23521e-05
0.00256907
-3.40956e-05
4.96027e-05
1.0001e-06
3.15526e-05
2.78883e-06
0.000274034
0.00165808
5.19903e-06
4.09808e-06
2.57599e-05
0.00110479
5.08896e-06
0.000249625
5.18587e-08
-1.30938e-05
0.00256856
4.22923e-06
2.8513e-05
0.0011035
5.2967e-06
4.65895e-06
0.000274422
0.00165981
-1.68112e-06
-4.21492e-05
4.82286e-05
1.06117e-06
3.22084e-05
-0.00029693
9.63027e-10
-1.11786e-09
0.0111083
7.30224e-10
-0.000297087
0.0111145
-5.26275e-10
-0.0037943
-0.00431955
0.0084384
1.13168e-06
-0.00454993
-0.00379428
1.12696e-06
0.00843171
0.0508701
-0.000512293
-0.000843712
0.00488344
0.00939167
0.00115279
-9.28991e-05
0.013573
0.00115436
0.00940068
0.0135506
-0.000149139
-0.000539544
0.0508374
0.00485385
-0.000985693
0.00310855
-0.00769667
-0.00860695
-0.00147318
0.00027753
-0.0019877
-0.0015752
0.000863371
0.0017213
0.000495985
0.00134346
0.000708808
0.00116634
-0.00671115
0.00124088
0.00198319
0.00318115
-0.00770258
-0.00824899
-0.00206997
0.00118729
-0.00670981
0.00124934
0.00199761
0.00172602
0.00051147
0.00117843
0.000714659
-0.000356126
-0.001679
-0.00158142
0.000916731
-0.0159545
0.0221297
-0.00151046
0.011015
-0.0159341
0.0222246
-0.00150936
0.0111776
0.00438428
0.00292738
-0.000726076
4.01187e-05
0.0042321
0.00298141
-0.000689919
4.01494e-05
0.0911703
0.000804583
0.00121364
0.00175766
0.00478899
0.0335805
0.00151747
0.00367392
0.00476373
0.0337167
0.00151756
0.00364368
0.0911757
0.000798907
0.00131626
0.00178303
-5.45652e-06
-0.0106601
0.00192134
0.000811364
-0.010677
-8.42269e-06
0.000750263
0.00192276
0.000599008
2.24479e-05
0.00202567
0.00620204
7.14072e-05
0.000741961
0.00622092
0.00183955
0.00595945
0.0175775
0.0011455
0.0186288
0.0230156
0.0002676
0.00404703
0.0203806
0.0182896
-0.00827933
0.000739659
0.0174983
0.012877
0.01785
0.00483181
0.0160328
0.00162385
0.0106426
0.00616085
0.0164626
0.0159292
0.00255792
0.000415975
-0.0109192
0.00134517
0.0186484
0.00596834
0.0177871
0.0230117
0.000282416
0.018426
-0.00690258
0.00401989
0.0214622
0.00078426
0.017497
0.00483744
0.0159698
0.0130449
0.0178849
0.0016498
0.0106759
0.0161746
0.00256077
0.00623921
0.0164915
0.000449557
-0.0110568
0.000310927
0.0215448
0.000231504
0.023392
-0.000109871
-6.71154e-06
-7.13102e-06
1.02253e-06
0.00158965
0.0504011
0.000921795
0.0364801
7.16109e-06
-0.000914263
-3.45505e-05
-0.00699028
0.00131022
0.0289703
-5.26375e-05
-6.6288e-06
0.000832467
-0.00630836
-0.00276472
-0.00072533
0.000229369
-0.0339905
-2.87022e-05
-4.73986e-05
0.00029616
-0.0206998
-0.0010078
0.000210878
0.000315236
0.0215552
-5.03287e-06
5.82861e-07
0.000244034
0.0235922
-0.000110037
1.24127e-16
0.00160195
0.0504116
-3.45536e-05
-0.00523096
0.000913606
0.0364767
1.68368e-06
-0.000912894
0.00129896
0.0288518
-0.00344767
-0.000701983
-6.21429e-05
1.20208e-06
0.0008202
-0.00627195
0.000237192
-0.0339781
-0.00100068
0.000212606
-1.68004e-05
-4.59359e-05
0.000288372
-0.0207069
0.00622422
0.0483907
0.00861098
0.0316005
-9.97143e-05
0.0038895
-0.00598488
0.0184772
0.00179448
0.0345792
0.00179369
0.034572
9.8004e-08
4.89951e-07
-0.000108377
-0.000108426
0.0396643
0.00089644
0.0327967
0.00123002
-0.00025629
0.00133759
0.00142452
-1.76646e-06
-0.000339059
0.0325188
0.00485144
0.037651
0.00310045
0.000296351
0.00013369
-1.04221e-05
0.00204682
0.00737496
0.00214978
0.00739806
0.00323056
0.00314958
-1.05632e-06
-1.10467e-06
0.0042899
0.0132789
0.0028479
0.0117993
-0.00318182
0.000417049
4.12691e-06
0.00144175
0.00520663
0.0180518
0.00520681
0.0180423
-5.09833e-05
-5.13138e-05
0.000874349
0.000748248
0.00856094
0.0237078
0.000150439
0.0343045
0.000620814
0.000687673
0.00059514
-0.000512384
0.0160587
0.00065755
0.0160973
0.000659785
0.000751541
0.000752121
0.000356121
0.000366835
-0.000855756
-0.032174
-0.000689863
-0.0308243
0.00174462
-0.00257551
-0.000181598
-0.00740631
0.00622482
0.0485805
0.0085949
0.0317474
-0.000121737
0.00383634
0.0160125
-0.00924734
0.0393811
0.00232385
0.0330648
0.00113322
-0.000259366
0.00178632
0.00142111
6.53381e-06
-0.000210431
0.0324959
0.00481885
0.0374915
0.000196208
0.00300556
0.000133399
-7.06465e-06
0.00429696
0.013266
0.00282993
0.0117993
-0.00288541
0.000657073
8.43232e-07
0.00143904
0.00854768
0.0237024
0.000195611
0.0343567
0.00063342
0.000566018
-0.000527818
0.000589161
-0.000850272
-0.032093
-0.000688623
-0.0307813
-0.00257626
0.00174289
-0.00738046
-0.000183446
0.000240332
0.0278164
0.000465678
0.0320845
1.02634e-06
2.78721e-05
-2.76395e-05
-6.52965e-05
-0.001089
-1.23445e-05
-0.00149639
-2.82172e-05
0.00163294
-0.000117272
0.00204375
-2.99929e-05
-0.00170533
0.0052041
-0.00170275
0.00519823
-0.00443626
-0.00442986
0.00125233
0.00124078
2.82674e-05
-0.000106433
0.000441876
4.9771e-05
0.00205004
0.000543759
0.00627134
-0.0051519
-0.0148377
-0.00951635
-0.0147451
-0.0094118
0.00236547
0.0023835
0.00119828
0.000965524
0.00064336
-0.00794005
0.000505946
-0.0146151
-5.08959e-06
2.01716e-05
-2.00673e-05
2.53766e-06
-0.000460096
-0.00129289
-0.000466956
-0.00131993
-1.84144e-05
-1.85982e-05
-0.00145565
-0.00145652
3.62457e-06
0.000943379
1.80501e-06
0.00094531
6.589e-05
6.70218e-05
8.15476e-06
7.57368e-06
0.000239371
0.0278212
0.000463133
0.0320924
1.41413e-06
2.4081e-05
-2.84375e-05
-6.50904e-05
-0.00108703
-1.00287e-05
-0.00149451
-2.83238e-05
-0.000171881
0.00163779
0.00205422
-3.88155e-05
2.94976e-05
-0.0001052
0.000368751
4.62356e-05
0.000543505
0.0020532
0.00627301
-0.00516155
0.000653271
-0.00794384
0.000502442
-0.0146248
1.81346e-05
-3.61046e-06
-5.54711e-07
-2.5957e-05
0.00164975
0.00348835
0.000231794
-0.00138503
0.000507376
3.73287e-05
0.000502667
0.00111797
0.0016665
0.00348843
0.00024033
-0.0013788
3.72737e-05
0.00050727
0.00107195
0.000486077
-1.12851e-07
1.67093e-07
0.00192473
-4.40791e-08
0.00192642
-8.86418e-08
5.10501e-09
-1.54232e-08
9.59477e-05
9.61204e-05
0.000284995
8.01175e-05
8.25352e-05
0.00028436
0.000282711
0.000285649
0.000592177
0.0167214
0.000351044
0.000352272
0.000279424
0.000278912
0.0203019
0.00417132
4.26228e-08
-6.11457e-08
0.0024054
5.47905e-05
0.00229694
0.000111497
4.71115e-05
-2.10072e-05
-1.75714e-06
1.70044e-06
0.00240711
5.54477e-05
0.000112081
0.00229779
-2.09804e-05
4.72005e-05
0.00554607
0.00565895
-0.00121301
-0.00118289
-0.000991904
-0.00104604
0.00554332
0.00565629
0.00384723
0.00146688
3.17439e-05
3.28449e-05
0.000332858
0.00031666
0.00145573
0.00375568
-0.000716898
-6.86053e-05
-0.00239751
0.000120926
-0.000166233
-0.00372935
0.00214479
-0.000495908
-9.15122e-05
-0.000733685
-0.00239575
0.000106598
-0.00372966
-0.000160798
0.0021738
-0.000499833
-0.000119014
-0.000119101
-6.11941e-06
0.00278807
-6.06969e-06
0.00278666
0.000360852
0.000490895
4.46351e-06
2.99694e-06
0.00132049
0.000459289
0.000461125
0.00131967
1.57603e-05
1.57783e-05
0.000474735
-0.0258029
1.40249e-05
2.54606e-05
0
0
0.000474395
-0.025803
0.00119787
0.00106021
0.0141577
-0.0102351
-0.000916877
5.79719e-06
0.00445972
0.000550774
0.0216093
-0.00225832
5.21095e-05
-0.000197186
0.00459579
-0.000401873
0.00258771
0.00139455
0.00756071
0.00412758
-0.0031504
-1.98248e-05
-0.00125728
0.00370997
-3.07917e-06
-3.55835e-06
0.00193939
0.000199708
0.00200854
0.00162724
0.0109132
0.000807572
0.00843644
0.00152753
-0.00266266
0.000531327
0.00446706
0.00335379
0.00086745
0.00203359
-0.000341397
0.00564865
0.00389077
0.00152735
-0.000215385
0.00213307
0.000123178
0.00304028
0.0110304
0.000471521
-0.000913197
6.65721e-06
0.00444286
0.000586118
0.00112172
0.00104242
0.0196209
-0.00710892
0.0216051
-0.00220665
5.48345e-05
-0.000205395
0.00770744
0.00426526
-0.00211804
-1.98848e-05
0.00354193
-0.00029331
0.00326711
0.00137175
-0.00146139
0.00357568
-3.29345e-06
-3.54507e-06
0.0107333
0.000783145
0.00841421
0.00160578
0.00186351
3.68661e-05
0.00154004
0.00119795
-0.00259012
0.00068052
0.00449107
0.0033536
0.0038198
0.00152679
-0.000260996
0.00212462
0.000990354
0.00208068
-0.000355965
0.00567683
0.000187073
0.00302403
0.0110765
0.000718371
0.0575851
0.00327477
0.0255126
-0.000521378
4.62695e-05
4.89555e-09
-3.89812e-07
-4.62787e-10
0.00139641
0.00204112
0.000452307
0.0031225
0.00341667
0.000645102
-0.000417037
0.0109539
-0.0165678
-0.0214907
0.00202241
-0.0263768
-6.58307e-06
-1.34991e-06
-5.63469e-05
-6.57529e-05
2.49566e-05
-0.000439636
0.00107117
-0.00154601
0.00325381
0.00613742
0.00492488
-0.0176405
-0.00131368
0.000334185
-0.00197244
0.000159524
-0.000408482
0.00143453
5.91058e-05
0.00100941
2.31498e-05
2.00365e-06
-0.00675992
-9.75029e-06
0.00100394
0.00223219
0.0312012
0.00663207
0.00030026
-0.000681304
0.000672969
-9.77217e-05
0.000259529
0.00193429
0.00833788
-0.00252282
6.71512e-07
-6.41755e-08
0.000689344
-0.000314809
0.00604288
0.0150705
0.0665198
0.0050665
0.0577391
0.00375795
0.0255793
-0.00050222
0.00341742
0.000645659
-0.000415511
0.0109522
4.02192e-05
4.00844e-06
3.77742e-10
3.66323e-07
0.00145529
0.00205595
0.000471889
0.00313349
-0.016539
-0.0219896
0.00164523
-0.0263764
0.00129966
0.00612074
0.00501989
-0.0178299
1.2788e-06
4.24916e-06
-5.7127e-05
-6.57345e-05
2.37007e-05
-0.000442018
0.00106863
-0.00155411
-0.00133821
0.000327643
-0.00220074
0.000167937
0.00085396
0.00221077
0.0312298
0.00663205
-0.000495669
0.00143033
4.91011e-05
0.00100903
2.81112e-05
-3.55516e-06
-0.00676477
-1.9625e-05
0.000298186
-0.000668804
0.000679057
-9.69768e-05
0.00603477
0.0150633
0.0664663
0.00507701
0.000262834
0.00193446
0.00832007
-0.00252138
-1.84276e-06
-1.21195e-06
0.000669845
-0.00030626
-0.000352517
0.0154773
0.00989794
0.00106951
-0.00174669
-0.0133957
0.00109042
0.00182842
6.28428e-05
1.03415e-05
1.04308e-05
6.29266e-05
0.00175611
0.0270734
0.0270697
0.00175556
-0.000370952
0.00266849
0.00141883
-0.00235735
-5.37769e-05
-0.00111491
-0.000315014
2.77556e-17
0.00423955
-0.00146178
-7.6724e-05
0.0061438
-0.00114345
0.000497669
-7.79065e-05
0.00212182
-0.00026361
-1.26009e-06
-1.48386e-06
-0.000329954
-0.0142226
0.0105814
0.0105975
-0.0141959
0.00214726
0.00174723
-5.80229e-05
0.000129636
0.00135289
0.00302558
0.00262988
0.000747269
0.00216615
0.00401941
0.00401049
0.00216723
0.00479881
0.00826395
0.0104118
0.006933
0.0049665
0.000994597
-1.03414e-05
-1.78435e-05
0.015796
0.000715215
0.00104133
0.0154958
0.00306596
0.00632618
0.00633506
0.0030964
0.000740622
0.00545538
0.0054754
0.000748476
0.00539743
0.00283675
0.00447309
0.000230389
0.0931874
0.00161102
0.0016383
0.0609637
0.0155038
-0.000330244
0.00107503
0.0105278
0.00167925
0.000964475
-0.0133436
-0.00155544
0.0027163
-0.000390907
-0.00187471
0.00153672
-0.00102254
-5.34086e-05
-5.55112e-17
-0.000364951
0.00615938
-0.000123475
-0.00147659
0.00422857
0.000508091
-0.00107791
0.00210661
-0.000116904
0.00196124
0.00211815
0.000144512
-5.62408e-05
0.00279382
0.00133476
0.000827523
0.00265187
-1.75385e-05
-1.0074e-05
0.000989674
0.00496949
0.0155037
0.00115023
0.000708949
0.015792
0.000204737
0.00446423
0.00281845
0.00538194
0.06114
0.00162768
0.00162308
0.0934242
0.00014021
0.00200436
0.000823106
-3.24523e-05
0.0113336
-0.000178033
-0.00368323
0.00833425
0.00166005
0.00171842
0.00139146
6.25386e-05
-9.52335e-06
4.11857e-06
-2.57762e-05
-2.34841e-05
0.012868
-0.00146084
-0.00145345
0.0128744
0.00531862
0.00543158
0.00542892
0.00531192
-1.24929e-05
2.12619e-05
-2.17298e-05
-1.22376e-05
0.00582483
-0.00142464
-0.00160538
0.00143236
-0.0136146
0.00577075
0.00577351
-0.0135994
-0.00641302
-0.00388239
-0.00366256
-0.00623992
4.67667e-05
0.00135588
0.00118354
-3.52431e-05
0.023228
0.00214401
0.0111936
0.00607209
-0.022334
0.00627851
0.00627572
-0.0225282
-5.24124e-06
-1.27104e-05
3.06581e-05
1.1386e-05
0.00149004
-3.37397e-06
-2.53297e-06
0.00149617
0.00132188
0.000653283
0.000652187
0.00132162
0.00200836
0.000143022
-3.55993e-05
0.000822374
-0.000177621
0.011345
0.00833601
-0.00368262
6.27061e-05
0.00127498
0.0017239
0.00164323
2.00812e-05
7.564e-07
-2.34792e-05
-2.58913e-05
-1.20717e-05
-2.17657e-05
2.30888e-05
-1.06939e-05
-0.00143659
0.0058283
0.00125785
-0.00160317
-3.19131e-05
0.00118271
0.00136159
5.71058e-05
0.0061164
0.0111854
0.00218003
0.0236395
0.0207205
0.0594846
0.0151318
0.00599678
0.0367347
-0.00057229
-0.00472606
0.0432858
0.00102303
0.00186984
0.00413967
0.00215146
0.0056526
0.00706006
0.0187978
0.0154843
0.00024388
0.00095943
0.0426869
0.0924301
0.000631927
0.000663891
0.0165947
0.00183578
0.000424871
0.0019562
0.00322339
0.00227106
0.0331473
0.0376665
0.00171259
0.000953933
0.00107117
0.000801954
0.000641488
-0.000337812
0.000152771
0.00748516
0.00405221
-0.000316871
0.00208377
0.00367761
-0.00196781
0.00180409
-0.00139661
-0.000323929
0.00155372
-0.000379874
0.0103492
0.0139406
0.00838811
0.000855013
0.00877887
0.0116312
0.0121933
0.0113068
0.00290629
4.71256e-05
0.000702265
0.00418977
0.00765714
0.0105644
0.000423336
0.000367838
0.0206582
0.00599613
0.0150704
0.0593714
0.0056764
0.0154814
0.0189548
0.00706388
0.00103144
0.00219532
0.0042177
0.00189515
0.0365979
0.0430949
-0.00512752
-0.00058722
0.0103324
0.00092265
0.00842444
0.014044
0.00763228
0.000340897
0.000498197
0.0113641
0.00290698
0.00419313
0.000705297
4.72645e-05
0.0087229
0.0113929
0.012184
0.0116021
0.00105629
-0.000347693
0.000641573
0.000796989
-0.00139553
-0.000379494
0.00154614
-0.000326607
0.0020613
0.00181013
-0.00218479
0.00365542
6.44824e-05
-0.000292799
0.00405866
0.00746538
0.00024653
0.0924872
0.0438172
0.000990859
0.0332626
0.00118999
0.00294549
0.0377372
0.000414933
0.00229347
0.00435581
0.00199775
0.000624488
0.00184488
0.0175182
0.000699269
0.00963256
0.000745008
-0.00103498
0.000182652
0.00179121
6.50467e-05
6.39555e-05
0.00179734
0.00192938
0.00188721
-1.62137e-05
1.27547e-05
0.00233176
0.000322694
-0.00129682
0.00107214
0.00964038
0.000199079
-0.00102417
0.000744266
0.00225889
0.000919845
-0.00130268
0.000497797
0.00192973
1.27244e-05
-1.56985e-05
0.00188965
0.00179106
0.00179512
6.41725e-05
6.50257e-05
0.0241595
0.00605589
0.0198631
0.0327272
-0.00734318
0.0068043
0.0141516
0.00241186
-7.40663e-08
-8.8636e-08
-0.0015172
-0.0013188
0.00121685
0.00163455
-0.00158915
-0.00022307
0.0241474
0.0327457
0.0198254
0.00605501
0.00124181
-0.000111837
-0.00162271
0.00168505
-5.17849e-08
-0.0013151
-0.00151348
-4.40848e-08
-0.00733524
0.00241243
0.0141544
0.00681115
0.01211
0.0166129
0.0177994
0.010506
0.0269133
0.0156274
0.0183878
0.0247362
0.000473359
0.00209376
0.00299641
0.00107871
0.00607665
0.00536939
0.00498227
0.00375452
0.0209319
0.00723711
0.00541343
0.0345521
-0.000160723
-0.016306
-0.0217801
0.00281551
0.000175575
0.000936376
0.00437983
0.0090997
0.030576
0.037199
0.0148425
0.0156979
0.0208642
0.0344671
0.00547135
0.00717085
0.0305945
0.0156906
0.0148478
0.0372638
0.00017691
0.00910015
0.00437785
0.000921068
-0.000164499
0.00278855
-0.0219121
-0.0164767
0.012132
0.0104429
0.0177784
0.0166707
0.00597357
0.00375459
0.0049527
0.00537677
0.000473025
0.00107857
0.00300805
0.00209533
0.0269099
0.0247295
0.0180033
0.0154661
0.0242912
0.0285448
0.0182301
0.0300808
0.0448427
0.00207783
0.00475004
0.040157
0.00172094
0.00294705
0.00888645
-0.000708306
0.0349379
0.0332818
0.025843
0.0282747
0.0246108
0.0226108
0.00726049
0.0232177
0.0183156
0.0115719
0.00178483
0.0150947
0.0177395
0.0204975
0.00728072
0.011286
0.0380022
0.0280538
0.00102469
0.0223012
0.0250495
0.0229812
0.00705175
0.0227043
0.0363018
0.0203792
0.00141995
0.0279843
0.0195337
0.0123437
0.00818937
0.0219549
0.0183272
0.0151017
0.00285127
0.0126209
0.0243251
0.0303549
0.0207271
0.0312872
0.0349344
0.0282693
0.0254729
0.0332645
0.0035105
0.000813843
0.00884558
0.00294628
0.0430958
0.0431048
0.00767588
0.000230915
7.2827e-05
0.000207275
0.000353428
0.000561916
0.000275092
7.74513e-05
0.000195861
0.000213858
0.00250479
0.00231393
0.0022873
0.00172387
0.0019287
0.00338982
0.00284482
0.00213805
0.000998194
0.000118536
-3.34639e-06
0.000831808
0.0054727
0.00208136
-0.000252982
-0.000492846
0.00239867
0.00120847
0.000440282
0.00220234
0.000388353
0.000576674
-3.34897e-05
-1.06233e-05
0.000422997
0.000326881
0.0002546
-0.00012754
0.000543418
3.52929e-05
7.27351e-05
0.00044349
7.64073e-05
0.000217484
0.00150778
0.0012981
0.00449089
0.00228074
0.00179613
0.0004334
0.00088421
0.000200199
4.23184e-05
0.000785456
-3.77609e-05
1.96019e-05
0.00105671
0.00109012
5.3872e-05
0.00121595
0.00114986
5.14746e-05
0.000609113
0.000694026
1.59335e-05
-7.13653e-06
6.41382e-05
0.000565822
0.00036227
0.000230464
0.00193563
0.00214062
0.00285001
0.00339653
0.00251628
0.00172662
0.00228872
0.00230934
0.000277786
0.000218673
0.000196006
8.49083e-05
0.000870255
0.000779578
3.87263e-05
0.000190445
0.000615746
-9.25952e-06
1.87522e-05
0.000704544
5.55377e-05
5.35806e-05
0.00114793
0.00121383
-4.25735e-05
0.00108952
0.00105624
6.80899e-06
0.000405635
-0.000101774
0.000267655
0.000326249
0.0044851
0.00043331
0.00179709
0.00229064
7.7965e-05
0.00129932
0.00151143
0.000217542
0.000543399
0.000444614
7.16275e-05
4.06299e-05
0.00098872
0.000826377
-8.00299e-06
0.000120961
0.000390645
-8.41233e-06
-4.0641e-05
0.00057684
0.00240071
0.00220394
0.000440308
0.00120183
0.00549091
-0.000493647
-0.000253775
0.00208288
0.0219001
-0.000475149
-0.000356982
0.0246501
0.00345375
0.00355396
0.0110311
0.0108768
-0.00116987
0.0097871
0.0112521
-0.00125261
0.0288653
0.0267607
-0.00023708
-0.00194728
0.0223646
0.02465
-0.000356202
-0.000473261
0.0288688
-0.00194615
-0.00023776
0.0267665
-0.00112997
-0.00123934
0.0112634
0.00978866
0.00344322
0.0108731
0.0110335
0.00354451
0.0375654
0.00208736
-0.00150992
0.035393
-0.00869986
0.00217927
0.0102819
0.00612113
-0.00103743
0.00828479
0.0083881
0.00102378
0.0310033
0.0331868
-0.00365738
-0.00370717
0.03757
0.0353917
0.000568499
0.00405291
0.0309977
-0.00370795
-0.00365792
0.0331808
-0.00108639
0.000983698
0.00838199
0.00828681
-0.00862972
0.00616078
0.0102886
0.00217327
0.00304149
-0.00450385
0.0456968
0.0241922
-0.0103019
0.0122516
0.0555627
-0.0055936
0.00397208
-0.00135853
0.00347848
0.0095763
-0.000547179
0.00644769
0.00585623
-0.00292992
-0.0208731
0.00648294
0.00771682
-0.018851
-3.2138e-06
0.00162114
0.0159342
0.0149961
0.00175849
0.0108851
0.0123888
0.000258317
-0.0136414
-0.015768
0.00986772
0.00464393
-0.0208784
-0.0188552
0.00771979
0.00647094
-0.0136458
0.00470561
0.00992327
-0.0157767
0.00174722
0.000244289
0.0123629
0.0109311
-2.77534e-06
0.014983
0.015912
0.0016157
0.00304835
0.0242015
0.0456712
-0.00447234
-0.000550513
-0.00299841
0.00568602
0.00644497
0.00395928
0.00954879
0.00349227
-0.00135027
-0.0103021
-0.00560124
0.0550591
0.0123408
0.000345433
-0.0109549
-0.00851099
0.000906829
0.00115025
-0.00152819
-0.0106666
-0.0159441
-0.00138207
0.0050267
0.00416639
-0.00111001
0.00773839
-0.00106845
-0.0045574
0.001041
0.00324052
0.00687946
0.00239875
-0.00314287
0.000927302
0.00127581
0.00149144
0.00289056
-0.000529623
0.000239446
-0.00093349
-0.000940403
0.0048804
0.00807738
0.00194924
0.000587292
0.00757082
0.000190334
0.0045218
0.00516875
0.000913831
0.00472353
0.0051288
0.00273326
-0.00017932
-0.00026329
0.0037107
0.00396424
0.00604684
0.00388337
0.00527458
0.00273263
5.06629e-05
0.0049678
0.00464618
0.000147097
-0.00677245
-0.00560906
-0.00731321
-0.00564145
-0.00430767
0.000577125
0.00385563
0.00130695
-0.00246105
-0.000351712
0.000151432
-0.00263841
0.000341672
0.000906347
-0.00850157
-0.0110994
0.00773634
0.00106172
-0.00455464
-0.00108345
-0.00138319
-0.00116967
0.00437123
0.00502133
0.00130372
-0.0161431
-0.0101453
-0.00144174
4.89174e-05
0.000152506
0.00465549
0.00498275
-0.00249209
-0.00258009
0.000136151
-0.00034529
-0.00431003
0.00130343
0.00386794
0.000647216
-0.00678321
-0.00562351
-0.0073166
-0.00400401
0.00725619
0.00530572
0.00446611
0.000217147
0.00592417
0.00267746
0.00529207
0.00386023
-0.000191298
0.0040296
0.00375603
-0.000275906
0.000873719
0.00272711
0.00510765
0.00486344
0.00369418
-0.00312959
0.00189923
0.00654928
0.00501195
0.000702713
0.00190013
0.00799446
-0.000536429
-0.000967545
-0.000510115
0.000223465
0.00081551
0.00255435
0.00116634
0.00121236
0.0545155
0.0088243
0.0154891
0.0338228
-0.00764394
0.00659358
-0.00339879
0.00720287
-0.00019103
0.00081571
-0.000825585
-0.00674391
0.0121593
-0.00782778
-0.0109931
0.00308476
0.0545557
0.0337323
0.0155366
0.00887185
0.0121661
0.00276876
-0.0111199
-0.00792015
-7.70465e-05
-0.00658505
-0.000715239
0.00079888
-0.00788904
0.00718705
-0.00330134
0.00654993
0.0263852
0.0237193
0.00532446
0.0161411
0.00364171
0.0015534
0.0016776
0.000458484
0.000838111
0.00190307
0.000800631
-0.000120214
0.0142781
0.013904
0.00277413
0.00421809
0.0266446
0.0162321
0.00526175
0.0235531
0.0142743
0.00405517
0.00280135
0.0139296
0.000844787
-0.000120286
0.00077443
0.00188131
0.00379212
0.000305319
0.00171657
0.00151289
-0.028507
-0.0357738
0.0851292
0.0435553
-0.0288553
0.0919457
0.0933359
-0.0344945
0.00129702
0.00133373
0.00308983
0.00285576
0.000857777
0.0110304
0.00404484
0.00064962
0.0190137
0.0163833
0.0231676
-0.019029
0.0159714
0.00366112
0.00518462
0.0170161
0.000374033
0.0022296
0.00692509
0.00667745
-0.0295115
-0.0294971
0.0530521
0.0746853
0.0185229
-0.0190371
0.0232632
0.0162868
-0.0294936
0.0749161
0.0533049
-0.0294163
0.000375082
0.0066818
0.00693543
0.0022429
0.016033
0.0172485
0.00517269
0.0036879
-0.0285194
0.0433374
0.0851806
-0.0357609
0.000858494
0.00064851
0.00404453
0.0110222
0.00129687
0.00283922
0.00310331
0.00133389
-0.0288418
-0.0344655
0.093433
0.0919819
0.0191977
-0.00954926
-0.0117208
0.0253849
0.00736726
-0.0110483
-0.0108905
0.00734404
0.000668216
-0.00551576
0.00781309
0.0110862
0.0337142
0.0322812
0.00181873
0.0010711
0.0196005
0.0258065
-0.0111473
-0.00882657
0.033701
0.0010648
0.00182864
0.0323322
0.000668046
0.0110942
0.00785796
-0.0054922
0.00737918
0.00737965
-0.0121448
-0.0114898
0.0109649
0.00150654
-0.0006546
0.0237718
0.000837052
0.000539091
0.00297864
0.00262058
-0.0258839
-0.0291384
0.00576964
0.00527707
0.0359316
0.0414878
0.00592771
0.000555642
0.0109601
0.0236877
-0.0006032
0.00162254
0.0359211
0.000570692
0.00593154
0.041496
-0.0258838
0.00528747
0.00581596
-0.0289213
0.000852812
0.00274037
0.00304146
0.000549276
