-0.645
0.275
-1.96546
-0.735
0.335
1.99574
-0.78145
0.745
-1.815
-0.795
0.875
1.93925
0.645
0.275
-1.96546
0.735
0.335
1.99574
0.78145
0.745
-1.815
0.795
0.875
1.93925
0.124258
0.108355
0.072233
0.0528307
0.124236
0.108369
0.0722418
0.0528371
0.00197322
0.0558765
0.147257
0.138989
0.0537857
0.0033161
-0.0250065
-0.0246799
0.0231312
0.122475
0.115028
0.0292834
-0.0199054
-0.0470712
-0.0422071
0.0055552
0.076238
0.066836
0.010828
-0.0381325
-0.0702481
-0.0421477
-0.00292817
0.0307137
0.0227396
-0.0147353
-0.050353
-0.0820725
-0.0123205
0.0405874
0.147783
0.134364
0.0343982
-0.0129339
-0.0368017
-0.0389882
-0.0366446
-0.0591204
-0.0509613
-0.0491124
-0.0799761
-0.0459992
-0.00520383
0.0295572
0.0195149
-0.0196089
-0.0557516
-0.0874311
-0.0123221
0.0405832
0.14777
0.134371
0.0344015
-0.0129315
-0.0367991
-0.0389888
-0.0366429
-0.059118
-0.0509608
-0.0491108
-0.0799738
-0.0459977
-0.00520147
0.0295606
0.0195185
-0.0196058
-0.0557488
-0.0874284
0.00196991
0.0558691
0.147243
0.138996
0.0537934
0.00332176
-0.0250012
-0.0246813
0.0231281
0.122459
0.115037
0.0292908
-0.0199003
-0.047066
-0.0422059
0.00555826
0.0762415
0.0668442
0.0108342
-0.0381277
-0.0702431
-0.0421448
-0.00292394
0.0307197
0.0227462
-0.0147291
-0.0503474
-0.0820671
0.0532311
0.0452537
0.0774637
0.0429869
0.0352748
0.0903882
0.121502
0.0888511
0.0302867
0.0388378
0.0532895
0.0774619
0.0429804
0.0903599
0.088858
0.038989
0.116164
0.174241
0.132319
0.13736
0.137112
0.0627679
0.338905
0.553894
0.11616
0.17424
0.137365
0.0627499
0.183057
0.183054
0.0716435
0.237208
0.192774
0.163798
0.163797
0.135979
0.566696
0.149985
0.149988
0.0789614
0.437066
0.103448
0.0399886
0.0450701
0.0615338
0.0519405
0.0353182
0.080389
0.0393714
0.0969217
0.0782297
0.0334629
0.0220313
0.0249356
0.0450811
0.0399777
0.0616426
0.0352292
0.0519548
0.0803879
0.0968833
0.0393871
0.0782278
0.0223864
0.0331656
0.0249291
0.0866258
0.119838
0.175248
0.12836
0.129567
0.112213
0.159535
0.143981
0.076949
0.145007
0.0675516
0.314309
0.0446051
0.124067
0.058062
0.540115
0.0868737
0.128358
0.119823
0.175247
0.130085
0.143982
0.112216
0.159532
0.0769457
0.314303
0.145002
0.0675541
0.0445864
0.540097
0.124024
0.0580644
0.184573
0.17885
0.0588036
0.134598
0.182543
0.07389
0.145626
0.139206
0.0697635
0.12802
0.148725
0.0994165
0.212482
0.212421
0.163466
0.231165
0.291185
0.114594
0.122553
0.428273
0.184577
0.179926
0.182536
0.0738898
0.145626
0.139209
0.148767
0.0994581
0.163467
0.231164
0.122277
0.428301
0.168065
0.143407
0.182758
0.169017
0.0935412
0.134342
0.158577
0.147409
0.134022
0.113563
0.133864
0.563339
0.238688
0.462054
0.574077
0.511181
0.168062
0.143406
0.182757
0.169016
0.158578
0.147407
0.133867
0.563058
0.175977
0.188676
0.154613
0.159287
0.175876
0.159291
0.154611
0.184587
0.0565957
0.0565978
0.095457
0.0954588
0.197076
0.249871
0.249863
0.197061
0.128462
0.214697
0.214638
0.128466
0.171618
0.164048
0.128024
0.139699
0.171611
0.139695
0.12802
0.164045
0.132232
0.132231
0.14764
0.147639
0.449211
0.562593
0.562612
0.449246
0.168278
0.13504
0.117169
0.11665
0.168278
0.116619
0.117164
0.13504
0.107636
0.107635
0.0878645
0.0878183
0.503114
0.276112
0.276155
0.503112
0.129737
0.129737
0.110189
0.110086
0.0231882
0.0446576
0.0547994
0.0368239
0.0408146
0.0723305
0.0209426
0.0602718
0.0508592
0.0176187
0.00967223
0.0123802
0.0446674
0.0231913
0.0547665
0.0404567
0.0369031
0.072511
0.0602665
0.0208871
0.050862
0.00968447
0.0176187
0.0124593
0.13118
0.121667
0.153404
0.145977
0.108703
0.110269
0.137312
0.164371
0.0747082
0.111295
0.0699292
0.244506
0.0491772
0.0903706
0.0557819
0.253597
0.131166
0.145974
0.121647
0.153392
0.108697
0.164374
0.110276
0.137309
0.0747103
0.244498
0.111309
0.0699302
0.0491743
0.253567
0.0903661
0.0557768
0.0461526
0.0493361
0.152538
0.1479
0.0451952
0.0452036
0.0538417
0.161554
0.0686545
0.0840645
0.17321
0.0767517
0.0478127
0.0387305
0.123929
0.133777
0.0352484
0.0352064
0.0647099
0.0995804
0.0840791
0.0927691
0.129679
0.110458
0.115014
0.115011
0.182371
0.225605
0.0905963
0.0824769
0.148761
0.190779
0.0289624
0.0290274
0.17877
0.0739986
0.0334933
0.040006
0.0816963
0.218477
0.0461473
0.0493342
0.1526
0.154745
0.0690866
0.0843714
0.17322
0.0767548
0.0478104
0.0388255
0.124184
0.133776
0.0840786
0.0927806
0.129206
0.110446
0.0906041
0.0823856
0.14887
0.190781
0.0334871
0.0399848
0.0816961
0.218333
0.118035
0.114206
0.146114
0.155174
0.180145
0.163952
0.176734
0.17163
0.138187
0.138205
0.119199
0.142339
0.159962
0.146061
0.155967
0.136739
0.152289
0.152422
0.134607
0.117332
0.0651703
0.0603663
0.100893
0.268146
0.329039
0.329051
0.273541
0.400502
0.564889
0.564884
0.565488
0.535195
0.118026
0.114201
0.146095
0.155175
0.180138
0.163947
0.176733
0.171628
0.159959
0.14607
0.15597
0.136736
0.0651633
0.0603671
0.100897
0.268147
0.183084
0.187646
0.176955
0.186129
0.183087
0.187646
0.176955
0.18622
0.0635952
0.0727668
0.0727666
0.0813955
0.227935
0.236938
0.23694
0.249814
0.196415
0.173448
0.240324
0.189261
0.170135
0.166405
0.161181
0.154966
0.170131
0.166403
0.161181
0.154964
0.145712
0.135161
0.136797
0.145726
0.577528
0.523753
0.579792
0.577513
0.148088
0.153214
0.1409
0.14742
0.148089
0.153214
0.140913
0.147429
0.0732283
0.0915847
0.0916065
0.0848026
0.381667
0.436162
0.436174
0.480269
0.106596
0.12049
0.142125
0.106595
0.141681
0.129707
0.0526291
0.152681
0.172826
0.0590338
0.121608
0.130518
0.0775494
0.101796
0.120227
0.101902
0.130505
0.171193
0.163523
0.197294
0.146314
0.156356
0.087983
0.10399
0.169216
0.0671334
0.0715353
0.19963
0.0526335
0.15272
0.141684
0.118568
0.172801
0.0590597
0.0772221
0.101802
0.123024
0.130514
0.1205
0.101902
0.163516
0.197296
0.130729
0.172056
0.146018
0.156365
0.169186
0.0671924
0.0879383
0.103966
0.0715676
0.199383
0.176333
0.0919095
0.150018
0.1505
0.183234
0.173427
0.132397
0.130299
0.176665
0.171773
0.141739
0.159794
0.161914
0.156997
0.142013
0.153718
0.117214
0.2086
0.147801
0.142629
0.106148
0.262717
0.246474
0.381033
0.0817464
0.271368
0.125104
0.105995
0.0956253
0.260347
0.552728
0.530824
0.176358
0.0917785
0.132395
0.130298
0.150005
0.1505
0.183208
0.173419
0.17662
0.171848
0.142014
0.153528
0.141758
0.159795
0.161914
0.157008
0.117208
0.208587
0.246473
0.38103
0.147802
0.142625
0.106137
0.262735
0.0817279
0.271345
0.552745
0.530834
0.125105
0.10599
0.0956222
0.260344
0.186259
0.175296
0.147688
0.22565
0.0577186
0.0577194
0.135199
0.135202
0.181413
0.185632
0.0637266
0.0830808
0.142603
0.136177
0.136347
0.141541
0.0786862
0.0786873
0.129681
0.129648
0.151907
0.143487
0.101981
0.0921622
0.207109
0.207107
0.218579
0.214346
0.156615
0.161957
0.218492
0.240697
0.288248
0.28826
0.116823
0.11678
0.125166
0.117648
0.472271
0.369282
0.186198
0.175291
0.225931
0.147694
0.181413
0.1856
0.0637273
0.0830799
0.136186
0.142667
0.136347
0.14154
0.151894
0.143464
0.10204
0.0921658
0.161959
0.156591
0.240696
0.218489
0.117683
0.125173
0.369302
0.472299
0.169841
0.166061
0.134165
0.145524
0.191285
0.1715
0.175142
0.159475
0.0946704
0.0946566
0.141755
0.141769
0.165115
0.150138
0.156352
0.139095
0.149359
0.149355
0.105453
0.105029
0.130982
0.136789
0.519882
0.57042
0.246747
0.246748
0.464325
0.464294
0.584905
0.584929
0.510338
0.510344
0.169829
0.166058
0.134164
0.145524
0.171498
0.191153
0.175143
0.159471
0.150138
0.165112
0.156373
0.139111
0.136786
0.130967
0.570427
0.519798
0.124965
0.171969
0.18655
0.14831
0.161703
0.183854
0.189764
0.176746
0.112769
0.12559
0.176153
0.166028
0.10237
0.146312
0.177423
0.148857
0.124961
0.148297
0.186518
0.171972
0.102406
0.148858
0.177426
0.1464
0.112781
0.166027
0.176153
0.125587
0.161563
0.175865
0.18971
0.183844
0.050057
0.0532599
0.0636129
0.066567
0.0500699
0.0665926
0.063613
0.0532608
0.148197
0.128354
0.0822377
0.083735
0.148198
0.0837097
0.0822382
0.128342
0.120712
0.17953
0.225445
0.176106
0.220438
0.262775
0.248176
0.199153
0.220713
0.199148
0.248168
0.262774
0.120679
0.176105
0.225445
0.179543
0.126643
0.118018
0.180323
0.160385
0.147696
0.221453
0.239196
0.182018
0.147699
0.182006
0.239198
0.221429
0.126651
0.160388
0.180326
0.117653
0.151732
0.148062
0.172644
0.177633
0.139535
0.162308
0.167647
0.143965
0.0929927
0.0982517
0.152702
0.147621
0.108694
0.161713
0.157221
0.103548
0.151707
0.177613
0.172642
0.148053
0.108709
0.103538
0.157218
0.161708
0.0929821
0.147622
0.152701
0.0982526
0.13954
0.143968
0.167646
0.162308
0.148239
0.139968
0.14374
0.152801
0.148237
0.1528
0.14374
0.13999
0.162107
0.150693
0.147543
0.157485
0.162105
0.157484
0.147531
0.150641
0.274346
0.265366
0.532708
0.395399
0.25984
0.576596
0.590045
0.263934
0.259845
0.263939
0.59007
0.576594
0.274306
0.395398
0.532698
0.265378
0.137948
0.132789
0.154274
0.15562
0.107517
0.128333
0.147299
0.124195
0.0589548
0.0825459
0.137935
0.108865
0.0866125
0.141122
0.137598
0.0774223
0.137944
0.155618
0.154271
0.132659
0.086614
0.0774205
0.137608
0.141129
0.0587276
0.108808
0.137989
0.0825381
0.107494
0.124187
0.147326
0.128269
0.18563
0.130037
0.0946303
0.11474
0.185631
0.11477
0.0946494
0.130162
0.0951566
0.0699613
0.0835609
0.104721
0.0951642
0.104725
0.0835625
0.0701298
0.267303
0.244122
0.479583
0.540384
0.151804
0.177365
0.379784
0.217838
0.152001
0.217731
0.37979
0.177351
0.267293
0.540387
0.479591
0.244042
0.0971417
0.100665
0.122495
0.133856
0.0947577
0.133855
0.122496
0.100668
0.0588083
0.0747861
0.144023
0.133661
0.0588469
0.13369
0.144023
0.0748052
0.0142459
0.0305729
0.0305773
0.0210611
0.0288346
0.0322387
0.0114843
0.0349073
0.0325766
0.00926972
0.00597113
0.00574101
0.0305732
0.0142341
0.0305622
0.028656
0.0211239
0.0320426
0.0347959
0.0116019
0.0326118
0.00601472
0.00926506
0.00575165
0.127782
0.122595
0.13903
0.155528
0.107519
0.109312
0.123906
0.175023
0.0733755
0.0927002
0.0710832
0.170321
0.0511729
0.071586
0.0546433
0.131776
0.127768
0.155985
0.122574
0.139007
0.107522
0.175025
0.109323
0.123903
0.0733801
0.170311
0.0926954
0.0710881
0.0511694
0.131763
0.0715689
0.0546394
0.0493212
0.0546322
0.108082
0.140454
0.0452253
0.0452296
0.0513395
0.138938
0.067605
0.0809737
0.159717
0.0783627
0.0453992
0.0405491
0.0858727
0.122806
0.0352379
0.0352169
0.0606822
0.0747879
0.0868479
0.0899775
0.114547
0.112927
0.118771
0.11877
0.158288
0.191559
0.0916582
0.0831329
0.119619
0.167953
0.0296323
0.0296911
0.121067
0.0531214
0.0362566
0.0377476
0.0608105
0.101848
0.0494255
0.0546318
0.108094
0.140535
0.0676284
0.0810594
0.159721
0.0783655
0.0453391
0.0405771
0.0858716
0.122742
0.0868471
0.0899879
0.114544
0.11292
0.0916647
0.0831219
0.119622
0.167953
0.0362491
0.0377153
0.0608095
0.101828
0.117115
0.115212
0.13145
0.165584
0.179007
0.169051
0.174245
0.172936
0.140902
0.140901
0.122104
0.141623
0.157925
0.133604
0.153832
0.135183
0.134788
0.134702
0.1349
0.119217
0.0639749
0.0615594
0.0824117
0.152793
0.334213
0.334213
0.306009
0.369778
0.559456
0.559456
0.559672
0.545338
0.117108
0.115208
0.131446
0.165583
0.179006
0.169047
0.174244
0.172934
0.157948
0.133595
0.153834
0.13518
0.06395
0.0615572
0.0824085
0.152787
0.183108
0.185775
0.18229
0.1848
0.183108
0.185773
0.18229
0.184812
0.0695526
0.0722051
0.0722051
0.0765195
0.232985
0.237119
0.23712
0.243541
0.194703
0.185961
0.234717
0.194709
0.169467
0.165098
0.162486
0.159424
0.169468
0.165097
0.162485
0.159424
0.139719
0.13557
0.136388
0.139769
0.572327
0.548842
0.574725
0.57232
0.149118
0.151356
0.144967
0.144912
0.149119
0.151357
0.144973
0.144914
0.0773047
0.0847028
0.0847019
0.0818702
0.409706
0.436627
0.436632
0.459977
0.105022
0.112831
0.0968219
0.105022
0.0322188
0.0430379
0.0954885
0.117381
0.0449806
0.0451403
0.0506373
0.12949
0.0580995
0.0651057
0.164954
0.0605117
0.0460633
0.050287
0.0931647
0.120086
0.0418294
0.035259
0.0549976
0.0759703
0.0743675
0.0819107
0.109041
0.10573
0.0306878
0.0451566
0.0945975
0.129147
0.0826713
0.106573
0.133959
0.162066
0.0659478
0.0892058
0.111391
0.135017
0.0259607
0.0378229
0.0631654
0.100272
0.0152095
0.026905
0.109752
0.0456805
0.0189271
0.0311908
0.0482165
0.0840195
0.0449918
0.0451515
0.0506425
0.12962
0.0322508
0.0430999
0.0955734
0.117362
0.0582736
0.0650109
0.16492
0.0604033
0.0418039
0.0351959
0.0549928
0.0759874
0.0460245
0.0502854
0.0931364
0.12001
0.074512
0.0819115
0.109104
0.105695
0.082715
0.106582
0.133963
0.161989
0.0307241
0.0452451
0.0950144
0.128827
0.0659699
0.0892034
0.111404
0.134994
0.0154392
0.0272952
0.109772
0.0456261
0.0259356
0.0377103
0.0631507
0.100336
0.0189271
0.0311329
0.048132
0.0839764
0.147357
0.0875568
0.163309
0.0903101
0.120739
0.118936
0.135112
0.160877
0.16499
0.181353
0.178776
0.174335
0.13663
0.144068
0.135576
0.129333
0.109887
0.095268
0.186689
0.180801
0.111227
0.113205
0.127689
0.170282
0.148643
0.159214
0.160713
0.158826
0.158945
0.154323
0.142995
0.154941
0.0761409
0.0784058
0.0973756
0.180686
0.12849
0.155651
0.144744
0.143816
0.0687437
0.0663599
0.087586
0.161862
0.296428
0.327731
0.27986
0.347675
0.0469017
0.0423021
0.0631613
0.119616
0.10929
0.130708
0.124205
0.107387
0.0569214
0.0591999
0.0772282
0.142287
0.404817
0.567427
0.546335
0.541895
0.146521
0.0878116
0.163303
0.0903664
0.136629
0.14407
0.135573
0.129331
0.120722
0.118924
0.135112
0.160875
0.164966
0.181352
0.178776
0.174334
0.109872
0.0951433
0.186805
0.180916
0.158947
0.154328
0.142996
0.154251
0.111232
0.113206
0.127699
0.170288
0.148667
0.159223
0.16072
0.15884
0.0761314
0.0783999
0.0973687
0.180681
0.296343
0.327691
0.279859
0.347676
0.128485
0.155645
0.144739
0.143811
0.0687486
0.0663587
0.0875853
0.161881
0.0468925
0.0422937
0.0631554
0.119623
0.404788
0.567414
0.546332
0.541938
0.109156
0.131436
0.124204
0.107394
0.0569194
0.0592024
0.0772301
0.142278
0.18001
0.183748
0.187968
0.184252
0.161003
0.181016
0.172548
0.225623
0.0563892
0.0612141
0.058264
0.0582643
0.176108
0.158094
0.134897
0.138323
0.178012
0.186224
0.181319
0.185207
0.0753075
0.0733284
0.0706533
0.0784854
0.136544
0.146921
0.142982
0.140313
0.137727
0.112884
0.137862
0.14022
0.066814
0.0714948
0.0741058
0.0741063
0.0962475
0.135846
0.128838
0.128838
0.141784
0.151429
0.148359
0.144649
0.108086
0.095785
0.100698
0.0972438
0.200795
0.222196
0.209639
0.209559
0.235849
0.239486
0.211487
0.211629
0.156715
0.170214
0.163134
0.162779
0.226503
0.234739
0.225193
0.235951
0.239047
0.343211
0.289867
0.289883
0.0946244
0.133459
0.115686
0.115686
0.102677
0.133885
0.125304
0.116929
0.410605
0.433475
0.451675
0.399692
0.180016
0.183752
0.187975
0.184258
0.160798
0.181034
0.22563
0.172554
0.178016
0.186246
0.181322
0.185195
0.0752647
0.0733282
0.0706558
0.0784847
0.136574
0.146921
0.140316
0.142982
0.137731
0.112898
0.137856
0.14022
0.141771
0.151405
0.148405
0.144632
0.107714
0.0957881
0.100754
0.0972435
0.156717
0.170214
0.162781
0.163135
0.226442
0.234739
0.235949
0.225197
0.102665
0.133902
0.116931
0.125312
0.410593
0.433475
0.39972
0.451682
0.157104
0.170543
0.168964
0.167067
0.145558
0.152799
0.135131
0.144466
0.179083
0.187576
0.189904
0.175299
0.170324
0.167711
0.174308
0.164281
0.115535
0.0862916
0.0938217
0.0938222
0.143056
0.134752
0.136756
0.13676
0.157266
0.159876
0.163954
0.154681
0.143913
0.14971
0.151475
0.142967
0.134315
0.133721
0.143682
0.14365
0.115448
0.0897757
0.121474
0.12143
0.117401
0.145655
0.132396
0.135327
0.420931
0.578149
0.54918
0.568029
0.245067
0.255956
0.242246
0.242248
0.431175
0.492799
0.460612
0.460609
0.571226
0.576931
0.57969
0.57969
0.523849
0.497047
0.510777
0.510779
0.1571
0.17054
0.168957
0.167064
0.145559
0.1528
0.13513
0.144465
0.179082
0.187593
0.175298
0.189903
0.170321
0.167709
0.174302
0.164276
0.157267
0.159876
0.154681
0.163955
0.143912
0.149713
0.151476
0.142969
0.117401
0.145652
0.135327
0.132395
0.421057
0.578126
0.568014
0.549157
0.168457
0.170859
0.188336
0.177794
0.182271
0.214161
0.190081
0.192227
0.138239
0.150911
0.155922
0.16461
0.156255
0.151436
0.168
0.160978
0.168451
0.170826
0.188337
0.177697
0.156189
0.151476
0.168006
0.160981
0.138237
0.150873
0.156453
0.164607
0.1823
0.214159
0.190109
0.191437
0.054673
0.0566912
0.0571605
0.0601164
0.0546739
0.0567038
0.0571605
0.0601166
0.0938993
0.128517
0.0876949
0.0950915
0.0938854
0.128519
0.0876963
0.0950921
0.184874
0.192726
0.202598
0.210294
0.243528
0.231192
0.245407
0.251322
0.243522
0.231132
0.2454
0.251384
0.18488
0.192715
0.202591
0.210297
0.115725
0.16456
0.152444
0.133452
0.196789
0.208404
0.219656
0.213422
0.20849
0.196756
0.213126
0.21971
0.164257
0.115719
0.137253
0.153337
0.161065
0.172522
0.170717
0.175949
0.15286
0.163031
0.165056
0.164613
0.126567
0.112099
0.140739
0.129508
0.141168
0.122949
0.150692
0.138249
0.161058
0.172515
0.170707
0.175946
0.141164
0.122945
0.150687
0.138246
0.126567
0.112096
0.140739
0.129492
0.152859
0.163028
0.165053
0.164611
0.141069
0.131266
0.133198
0.148102
0.131264
0.141068
0.148114
0.133197
0.141033
0.149398
0.156938
0.146583
0.149167
0.141032
0.146583
0.156929
0.406834
0.41461
0.483703
0.461651
0.420862
0.558813
0.566413
0.587322
0.558833
0.420879
0.587322
0.566371
0.414599
0.406828
0.461624
0.483536
0.17558
0.154941
0.151485
0.160842
0.128602
0.125646
0.137246
0.140127
0.104297
0.0948479
0.128016
0.121876
0.100364
0.104611
0.11839
0.129855
0.17563
0.15494
0.151837
0.160256
0.100361
0.104594
0.1184
0.129863
0.104277
0.0948772
0.127854
0.121883
0.128676
0.126091
0.137272
0.140169
0.12375
0.152806
0.103298
0.11756
0.123807
0.152806
0.103328
0.11751
0.0869276
0.0978104
0.0825493
0.0900552
0.086916
0.0978414
0.0825629
0.0900304
0.478412
0.517774
0.488906
0.508484
0.227453
0.271452
0.283698
0.326371
0.227434
0.271486
0.283725
0.326372
0.478404
0.517772
0.489022
0.508511
0.130122
0.105106
0.134963
0.13052
0.105092
0.130117
0.130443
0.134965
0.0892898
0.1071
0.115532
0.132067
0.107109
0.0893514
0.132034
0.115273
0.0800359
0.092493
0.0485028
0.104279
0.112898
0.0526958
0.0762176
0.0873634
0.0862789
0.0606988
0.0906635
0.101246
0.0745333
0.10217
0.0953236
0.120017
0.0782385
0.096428
0.0444476
0.0546954
0.0966676
0.0368175
0.0360835
0.0711731
0.0487139
0.104308
0.0800446
0.0927082
0.112876
0.0527006
0.0862326
0.0607046
0.0762185
0.0872926
0.0907869
0.101331
0.0953102
0.119952
0.0746915
0.102178
0.0782838
0.0964465
0.0970175
0.0368071
0.0444123
0.054705
0.036043
0.0711735
0.146753
0.161234
0.136931
0.158345
0.157443
0.152561
0.14708
0.147109
0.124915
0.197568
0.125823
0.172667
0.138431
0.136716
0.163203
0.16801
0.095049
0.176543
0.11198
0.109988
0.0901441
0.165829
0.229707
0.258701
0.0681242
0.12425
0.0916529
0.0884441
0.0746834
0.137111
0.255711
0.260661
0.14668
0.161237
0.14708
0.147106
0.136921
0.158534
0.157367
0.152549
0.124922
0.197575
0.163206
0.169771
0.125822
0.172668
0.138426
0.136713
0.0950448
0.176563
0.229158
0.2587
0.111983
0.11001
0.0901399
0.165846
0.0681314
0.124256
0.255705
0.260643
0.0916573
0.0884441
0.0746678
0.137104
0.103455
0.130476
0.106435
0.147278
0.150324
0.153315
0.126974
0.183437
0.051022
0.137369
0.0510259
0.137368
0.0535509
0.0535517
0.160861
0.160863
0.159976
0.0685072
0.163202
0.0851171
0.172333
0.176316
0.0730839
0.080229
0.0877338
0.123353
0.0786491
0.123861
0.129231
0.116693
0.13395
0.133723
0.054736
0.0753317
0.0547337
0.0753354
0.0705662
0.0705695
0.100122
0.100123
0.108427
0.107681
0.115627
0.115554
0.128052
0.127354
0.112603
0.109033
0.150766
0.186285
0.150765
0.186262
0.179187
0.179187
0.224404
0.224265
0.128287
0.158771
0.104184
0.175119
0.137796
0.149496
0.18575
0.194453
0.119222
0.0525414
0.119286
0.0525665
0.178819
0.178813
0.0747485
0.0747688
0.0571639
0.0934916
0.0580243
0.11124
0.0838657
0.0769838
0.231118
0.210751
0.103447
0.130481
0.106462
0.147418
0.150327
0.153336
0.184388
0.126952
0.15991
0.0701635
0.163183
0.0851864
0.172337
0.176328
0.0730948
0.0802514
0.0878293
0.123329
0.0786354
0.123735
0.116692
0.129232
0.133949
0.133711
0.10843
0.107666
0.11555
0.115575
0.128047
0.127353
0.112609
0.109022
0.128279
0.158776
0.104182
0.175124
0.149498
0.137795
0.194437
0.185751
0.0571623
0.0935161
0.058014
0.111232
0.076982
0.08386
0.210652
0.231004
0.133289
0.163234
0.129551
0.167929
0.147089
0.145067
0.15396
0.156264
0.180911
0.178877
0.163494
0.162804
0.181927
0.171264
0.176675
0.166641
0.131559
0.144282
0.131577
0.144296
0.11934
0.119341
0.142406
0.142406
0.161163
0.157685
0.147283
0.143641
0.161188
0.152338
0.152451
0.133779
0.136627
0.131647
0.136812
0.131881
0.145015
0.145008
0.124883
0.124713
0.0850023
0.157328
0.0798149
0.147535
0.0995671
0.10224
0.266736
0.266043
0.295447
0.360926
0.295446
0.360905
0.268139
0.268139
0.396495
0.396494
0.570746
0.55358
0.570741
0.553581
0.571108
0.571108
0.537798
0.537799
0.133279
0.163234
0.129548
0.167936
0.147075
0.145055
0.153959
0.156265
0.180904
0.178865
0.163492
0.162799
0.171208
0.181926
0.176675
0.166629
0.161163
0.157683
0.147215
0.143646
0.152339
0.161192
0.15245
0.133771
0.0850039
0.157327
0.0798123
0.147528
0.102236
0.0995714
0.266042
0.266736
0.186466
0.183742
0.18733
0.18732
0.177061
0.177226
0.188449
0.182259
0.186469
0.183745
0.187322
0.187299
0.177228
0.177061
0.182258
0.188451
0.0636039
0.0636042
0.0701146
0.0775024
0.0701162
0.0775021
0.0818166
0.0818168
0.226786
0.226786
0.231477
0.242637
0.242637
0.231477
0.249278
0.249277
0.188961
0.234527
0.177236
0.177239
0.240039
0.24004
0.234532
0.188965
0.17139
0.168891
0.17193
0.161867
0.166711
0.157053
0.153881
0.156072
0.171385
0.16889
0.17193
0.161866
0.157053
0.166711
0.15607
0.153879
0.150272
0.15228
0.138238
0.138268
0.141178
0.141118
0.150276
0.152291
0.558965
0.585253
0.528262
0.528259
0.585251
0.585247
0.585247
0.558861
0.146977
0.142943
0.151347
0.150378
0.139251
0.13552
0.152992
0.142013
0.142947
0.146974
0.151347
0.150377
0.13553
0.13929
0.153024
0.142018
0.0782756
0.0782763
0.0931013
0.0903616
0.0931219
0.0903703
0.0900773
0.0902169
0.38073
0.380731
0.459193
0.408432
0.408443
0.459202
0.479942
0.479946
0.11502
0.0995065
0.121507
0.121518
0.143074
0.143074
0.11502
0.0995061
0.134521
0.146056
0.142332
0.113627
0.0504262
0.0529503
0.144122
0.157084
0.170505
0.170139
0.0545975
0.0626032
0.119158
0.124569
0.116418
0.133582
0.0939175
0.0779672
0.0963182
0.10121
0.112615
0.125921
0.0985298
0.10331
0.118377
0.138608
0.161453
0.178233
0.15303
0.170622
0.180932
0.210901
0.121679
0.148117
0.143001
0.171297
0.0743363
0.100457
0.0810771
0.124489
0.164401
0.174818
0.0627748
0.0731024
0.0653682
0.0800809
0.186748
0.209206
0.0504385
0.0529538
0.144128
0.15714
0.134444
0.146033
0.14223
0.111002
0.170486
0.17018
0.0546197
0.0626208
0.0938968
0.077857
0.0961617
0.101215
0.118801
0.125353
0.115903
0.133557
0.112536
0.125919
0.0985258
0.103308
0.152831
0.170594
0.180912
0.210968
0.118431
0.138601
0.161417
0.178229
0.121622
0.148119
0.143013
0.171308
0.164414
0.174795
0.0627393
0.0731139
0.0743233
0.100454
0.0810314
0.12449
0.0653347
0.0800769
0.186768
0.209275
0.226603
0.179814
0.145566
0.0872883
0.150921
0.14904
0.149369
0.15165
0.173865
0.185585
0.163032
0.178652
0.143714
0.131015
0.138852
0.146088
0.140739
0.133236
0.180724
0.116879
0.14063
0.142851
0.160893
0.158573
0.150749
0.161671
0.148544
0.154763
0.155313
0.152464
0.174599
0.124237
0.113678
0.121736
0.212546
0.204036
0.129877
0.158349
0.125721
0.153181
0.107444
0.10485
0.261772
0.264032
0.23446
0.256857
0.358891
0.394848
0.0844797
0.0789031
0.270009
0.257647
0.109308
0.138297
0.104642
0.121036
0.0943097
0.0969384
0.260783
0.261826
0.412327
0.579732
0.465583
0.54067
0.2267
0.179869
0.145567
0.0872545
0.143714
0.13102
0.138852
0.146096
0.150897
0.149033
0.149368
0.15165
0.173841
0.185582
0.163035
0.17865
0.140743
0.13265
0.180385
0.116933
0.15336
0.152474
0.174599
0.124015
0.14065
0.142867
0.160894
0.158574
0.15075
0.161669
0.148544
0.154759
0.113657
0.121725
0.212449
0.204035
0.234447
0.256834
0.358898
0.394846
0.129796
0.158345
0.125716
0.153175
0.107451
0.104834
0.261755
0.264037
0.0844692
0.0789054
0.269998
0.257597
0.41233
0.579733
0.46553
0.540687
0.109306
0.138298
0.104622
0.121038
0.0943003
0.0969362
0.260764
0.261835
0.186052
0.182762
0.170702
0.177429
0.131106
0.15061
0.233513
0.205662
0.0555521
0.0606761
0.0606766
0.055553
0.159517
0.174865
0.174865
0.15952
0.17632
0.18665
0.189117
0.178832
0.063616
0.0640319
0.0830803
0.0826595
0.139708
0.14349
0.136979
0.128664
0.128277
0.135599
0.137538
0.144904
0.0740601
0.0811223
0.0811234
0.0740786
0.10095
0.136669
0.136669
0.100962
0.144495
0.154838
0.145335
0.133971
0.0996583
0.111386
0.101073
0.0886096
0.218443
0.195627
0.195617
0.218443
0.224815
0.237151
0.237184
0.22482
0.146069
0.167379
0.16968
0.155389
0.214807
0.222684
0.245478
0.235421
0.235873
0.340343
0.34036
0.235902
0.096545
0.135878
0.135877
0.0965413
0.109253
0.134387
0.132096
0.0977656
0.451384
0.477538
0.376171
0.354524
0.182751
0.186027
0.177433
0.171373
0.205648
0.233529
0.150666
0.131118
0.186682
0.176302
0.178858
0.189192
0.0641374
0.0636167
0.0826588
0.0830425
0.128656
0.136964
0.14352
0.139696
0.135609
0.128343
0.144888
0.137484
0.155044
0.144395
0.13397
0.145339
0.111199
0.0996795
0.0886908
0.101095
0.155391
0.169683
0.167362
0.146059
0.235426
0.245582
0.222676
0.214808
0.0977565
0.13211
0.134399
0.109238
0.354656
0.376173
0.477568
0.451595
0.159092
0.173247
0.167677
0.154981
0.150286
0.143305
0.147821
0.154862
0.18923
0.192243
0.175218
0.168827
0.173884
0.176391
0.160568
0.158324
0.12438
0.0869932
0.086994
0.124374
0.14618
0.148179
0.148183
0.146191
0.163699
0.166402
0.151398
0.148867
0.161138
0.154561
0.138503
0.139779
0.136411
0.154222
0.154217
0.136399
0.111332
0.0961594
0.0961769
0.111356
0.114664
0.143198
0.148189
0.120133
0.415852
0.528439
0.591426
0.423249
0.232427
0.25374
0.253734
0.232233
0.498511
0.429849
0.429877
0.498508
0.582241
0.587472
0.587497
0.582258
0.496283
0.526015
0.526018
0.496289
0.173244
0.159084
0.154977
0.167675
0.143304
0.150297
0.15487
0.147822
0.168825
0.1751
0.192156
0.189142
0.176398
0.173893
0.158321
0.160564
0.148868
0.151397
0.166402
0.1637
0.154559
0.161151
0.139617
0.138517
0.12013
0.148184
0.143196
0.114667
0.423299
0.591434
0.528428
0.416227
0.0714586
0.163016
0.168994
0.0884525
0.159559
0.176711
0.17082
0.162032
0.186107
0.186986
0.186689
0.186689
0.10571
0.101093
0.181855
0.183404
0.14288
0.169356
0.220173
0.231391
0.179376
0.184322
0.203357
0.182456
0.187074
0.188352
0.192063
0.189755
0.161019
0.168609
0.183559
0.180487
0.0938226
0.0962122
0.133741
0.128881
0.111572
0.156093
0.14256
0.100241
0.182657
0.182813
0.162753
0.170101
0.168842
0.155373
0.161539
0.173875
0.0538922
0.0872378
0.143007
0.0952983
0.109133
0.176311
0.165043
0.102688
0.183036
0.169997
0.169193
0.184284
0.126923
0.126564
0.154527
0.156128
0.071388
0.0884497
0.168901
0.162914
0.10576
0.1834
0.181969
0.10109
0.186107
0.186724
0.186719
0.18699
0.159533
0.16197
0.170388
0.176698
0.0538712
0.095301
0.143035
0.0873963
0.12693
0.156129
0.15453
0.127291
0.183037
0.184288
0.169197
0.169999
0.109129
0.102855
0.165112
0.176319
0.0938169
0.128876
0.133742
0.0962083
0.168841
0.173874
0.161531
0.155368
0.182657
0.170101
0.162529
0.182812
0.11149
0.100239
0.142558
0.156094
0.142835
0.231477
0.220246
0.169343
0.160992
0.180495
0.183548
0.168604
0.187072
0.189754
0.192119
0.188371
0.179363
0.182454
0.203216
0.184321
0.0470111
0.0488485
0.0535439
0.0565386
0.0511788
0.055971
0.0551148
0.0508359
0.069834
0.0703863
0.0603972
0.0609453
0.074691
0.06427
0.060184
0.071306
0.0470163
0.0565838
0.0535661
0.0488573
0.0747329
0.071161
0.0601917
0.0645932
0.0698343
0.0609455
0.0603987
0.0703888
0.051181
0.0508399
0.0551171
0.0559714
0.161552
0.144787
0.13682
0.147231
0.122176
0.115745
0.126871
0.13424
0.0770108
0.0779934
0.0873441
0.0866424
0.0817976
0.0883242
0.0869234
0.0791418
0.161551
0.147224
0.136816
0.144788
0.0817392
0.0792462
0.086917
0.0882625
0.077011
0.0866428
0.0873451
0.0779939
0.122176
0.134234
0.126868
0.115746
0.0700707
0.118152
0.177216
0.120863
0.164352
0.220619
0.206251
0.150914
0.232355
0.220337
0.215027
0.229089
0.154825
0.14326
0.190936
0.198271
0.173903
0.263669
0.236759
0.179726
0.300904
0.239132
0.229686
0.290965
0.24321
0.24018
0.250752
0.254956
0.170891
0.178994
0.239423
0.231146
0.173905
0.179706
0.23688
0.263668
0.170888
0.231138
0.239421
0.17903
0.24321
0.254955
0.250747
0.240163
0.300903
0.290939
0.229552
0.238961
0.0700839
0.120779
0.177184
0.118204
0.154721
0.198271
0.1909
0.143256
0.232355
0.229088
0.215034
0.220338
0.164357
0.150915
0.205868
0.22046
0.0729134
0.108426
0.152603
0.122344
0.136168
0.150192
0.135719
0.123623
0.187461
0.158839
0.156805
0.175111
0.138035
0.134115
0.170025
0.176209
0.0818385
0.148157
0.18998
0.118018
0.189209
0.231086
0.21479
0.172765
0.234917
0.230525
0.231811
0.238916
0.146124
0.138533
0.199414
0.205906
0.0822626
0.117988
0.189974
0.14824
0.146145
0.206031
0.200078
0.13868
0.234923
0.238916
0.231718
0.230534
0.189214
0.172757
0.214778
0.231071
0.0729525
0.122635
0.152328
0.108384
0.138034
0.176205
0.169667
0.134113
0.187463
0.175116
0.156768
0.15884
0.136054
0.123691
0.135771
0.150235
0.137838
0.136021
0.162052
0.164014
0.132369
0.158098
0.160081
0.134202
0.170751
0.173116
0.174599
0.171895
0.177841
0.180003
0.1773
0.175493
0.124866
0.149693
0.151806
0.126771
0.159372
0.162573
0.163093
0.160437
0.168089
0.169186
0.166158
0.165332
0.130501
0.128607
0.15392
0.156041
0.073417
0.0759423
0.110691
0.108006
0.0811131
0.116033
0.113293
0.0785198
0.158238
0.155867
0.141969
0.144427
0.151243
0.137994
0.139518
0.153509
0.0914221
0.127107
0.124335
0.0888661
0.167846
0.165478
0.151936
0.154416
0.160651
0.146926
0.149446
0.163081
0.0837038
0.0862983
0.121562
0.118766
0.13781
0.164007
0.162048
0.136026
0.17784
0.17549
0.177297
0.180001
0.17076
0.171892
0.174595
0.17311
0.132361
0.134195
0.16007
0.158094
0.0914178
0.0888622
0.12433
0.127102
0.0837029
0.118763
0.121558
0.0863027
0.160651
0.16308
0.14944
0.146922
0.167838
0.15441
0.151931
0.165462
0.0733962
0.108017
0.1107
0.0759376
0.151242
0.15351
0.139518
0.137996
0.158239
0.144424
0.141968
0.155867
0.0811101
0.0785212
0.113287
0.116037
0.124862
0.126774
0.151806
0.149695
0.130497
0.156037
0.153917
0.128613
0.16809
0.165333
0.166156
0.169176
0.159391
0.160435
0.163091
0.162575
0.156935
0.137744
0.139961
0.159711
0.141657
0.143155
0.147095
0.14508
0.138978
0.151543
0.149225
0.137497
0.164409
0.162054
0.142187
0.144439
0.157388
0.159702
0.13996
0.137743
0.164409
0.14444
0.142186
0.162054
0.139021
0.137514
0.149239
0.151548
0.141657
0.145086
0.147105
0.143155
0.173847
0.155207
0.151379
0.171492
0.135009
0.144349
0.157708
0.153399
0.140474
0.153835
0.155905
0.142954
0.166759
0.169111
0.148954
0.146691
0.173845
0.171487
0.153456
0.15717
0.166755
0.146689
0.148952
0.169105
0.140418
0.14291
0.155895
0.15383
0.135032
0.153392
0.157701
0.14433
0.168295
0.164132
0.387524
0.327741
0.155061
0.416435
0.429857
0.159608
0.554143
0.494351
0.49501
0.55794
0.365414
0.361393
0.428348
0.42764
0.134639
0.408053
0.416594
0.139657
0.565213
0.576888
0.58514
0.573578
0.580274
0.586218
0.589379
0.582463
0.150162
0.144909
0.424191
0.421104
0.134628
0.139652
0.416606
0.408034
0.150155
0.421098
0.424254
0.144902
0.580265
0.582461
0.589373
0.586198
0.565212
0.573563
0.585132
0.576888
0.168292
0.327736
0.3875
0.164159
0.365414
0.427564
0.428178
0.361391
0.554124
0.557815
0.495001
0.49435
0.155057
0.159606
0.429348
0.416436
0.123425
0.127266
0.151461
0.148855
0.112557
0.139247
0.146743
0.117003
0.149841
0.15639
0.161869
0.15092
0.155159
0.15696
0.154754
0.150071
0.0574084
0.0863519
0.123497
0.0919732
0.0866927
0.136399
0.133388
0.0903142
0.149117
0.148421
0.141174
0.144964
0.111966
0.1103
0.132687
0.137109
0.0298092
0.0421418
0.0884322
0.0546736
0.0600572
0.107714
0.104233
0.0558608
0.144048
0.141693
0.132822
0.135603
0.0846746
0.0711436
0.117823
0.131382
0.0697984
0.106729
0.102397
0.0656824
0.133548
0.135482
0.118402
0.12367
0.139668
0.130252
0.131603
0.144187
0.0570296
0.0605933
0.0985181
0.0971916
0.123421
0.148854
0.151461
0.127237
0.155156
0.150095
0.154765
0.156946
0.149842
0.150867
0.162076
0.156392
0.112555
0.116893
0.147218
0.13919
0.0697968
0.0656782
0.102393
0.106731
0.0570305
0.097189
0.0984988
0.0605846
0.139674
0.144192
0.131623
0.130267
0.133542
0.12368
0.118395
0.137092
0.0294576
0.0546682
0.0883154
0.042138
0.0846236
0.131379
0.117816
0.0710445
0.144053
0.135617
0.132884
0.141697
0.0600513
0.0558576
0.104218
0.107785
0.0579213
0.0920936
0.123414
0.0863934
0.11197
0.137109
0.132698
0.110283
0.149118
0.14496
0.141614
0.148417
0.0866266
0.090319
0.133416
0.136399
0.19628
0.170749
0.170178
0.182741
0.126548
0.12319
0.120812
0.152209
0.0873037
0.0977187
0.101599
0.0928684
0.114248
0.119384
0.113039
0.109733
0.196323
0.182797
0.170197
0.170751
0.114255
0.109447
0.112953
0.119451
0.0874279
0.0929261
0.101623
0.0977374
0.126368
0.152211
0.120787
0.123072
0.0784163
0.0857354
0.0958607
0.10363
0.0549298
0.0723336
0.0801111
0.0548632
0.0826774
0.0936009
0.08637
0.0761895
0.111679
0.106676
0.0994373
0.105916
0.0787219
0.103678
0.0958701
0.0857647
0.111687
0.105745
0.099453
0.106703
0.082679
0.0761901
0.086332
0.0935628
0.0551329
0.0548668
0.0802628
0.0723355
0.12722
0.12234
0.478282
0.441515
0.106505
0.432731
0.466055
0.115531
0.459567
0.496677
0.494417
0.456928
0.549448
0.555083
0.52521
0.524924
0.0624779
0.104564
0.222358
0.0781586
0.119817
0.237553
0.23292
0.11641
0.409044
0.405605
0.335282
0.341899
0.0976499
0.0894772
0.318768
0.383153
0.0620592
0.078156
0.222445
0.104601
0.0976415
0.383333
0.318947
0.0894662
0.409049
0.341907
0.335312
0.405634
0.119892
0.116736
0.232911
0.237579
0.127198
0.441285
0.478327
0.122339
0.549448
0.524925
0.525214
0.555073
0.459572
0.456931
0.49444
0.49668
0.106496
0.115524
0.466133
0.432726
0.0628927
0.0592183
0.103077
0.104491
0.0750595
0.103438
0.104579
0.0756009
0.113926
0.120645
0.137378
0.136258
0.123322
0.123313
0.134433
0.136867
0.0626299
0.104339
0.103055
0.0592348
0.123306
0.136861
0.134442
0.123366
0.113925
0.136258
0.137415
0.120669
0.0750617
0.075606
0.103319
0.102989
0.0324927
0.0410244
0.0843845
0.0771615
0.0528618
0.0955893
0.0952262
0.0509686
0.098164
0.103703
0.133913
0.134668
0.123242
0.118892
0.128267
0.137602
0.0324946
0.0771673
0.0844108
0.0410435
0.123217
0.137624
0.128258
0.118964
0.0981642
0.134668
0.133924
0.10392
0.0528661
0.0509734
0.0952426
0.0955938
