-0.727689
0.085
-1.595
-0.899607
0.085
1.475
-0.815
0.449761
-1.375
-0.762934
0.525
1.585
0.727684
0.085
-1.595
0.899607
0.085
1.475
0.815
0.449759
-1.375
0.762932
0.525
1.585
0.00201281
-0.0768768
-0.0477356
0.00654021
0.00205865
-0.0768884
-0.0476584
0.00713192
0.0144221
0.0042953
-0.0162575
-0.0728754
-0.0445035
-0.0174733
-0.0045159
0.0118013
-0.00304282
-0.0103306
-0.0592387
-0.0266689
-0.000476479
0.011048
0.00416531
-0.0140926
-0.0327081
-0.00725127
-0.00430491
0.0184169
0.0326143
-0.0164872
-0.0292271
-0.0264352
0.0074744
0.0331719
0.0454303
0.0553586
0.0184621
0.00975328
-0.00882832
-0.0829288
-0.0322611
-0.00715387
0.00189498
0.0159778
0.0114679
0.0180147
0.0104628
0.0246832
0.0379892
-0.0156986
-0.0303615
-0.0292442
0.010491
0.0380266
0.0494441
0.0587664
0.0184982
0.00978027
-0.00877501
-0.0829037
-0.0322427
-0.00711538
0.0019577
0.0160038
0.0114978
0.0180759
0.010492
0.0247328
0.0380672
-0.0156136
-0.030259
-0.0290738
0.0107329
0.038223
0.0495947
0.0588975
0.0145163
0.00438716
-0.0161001
-0.0727271
-0.0444179
-0.0173679
-0.00437549
0.0118812
-0.00297162
-0.010143
-0.0590234
-0.0266028
-0.000380054
0.0111883
0.00425397
-0.0140084
-0.0324359
-0.00665046
-0.00411957
0.0185642
0.0327881
-0.016307
-0.0290108
-0.0261014
0.00791774
0.0335485
0.045732
0.0556236
-0.0731005
-0.00240405
-0.00516114
0.0423612
-0.0442825
-0.0016914
0.0233103
0.126289
0.0596937
0.137706
-0.0731286
-0.00468596
0.042262
-0.00169097
0.126289
0.137787
-0.0415373
0.0222229
0.00482257
-0.13373
-0.0184528
-0.0881573
0.263794
0.156795
-0.0415683
0.0221846
-0.133649
-0.0881572
0.115232
0.115243
0.00463878
0.0690323
0.142917
-0.0686026
-0.0685533
-0.0068816
0.328503
0.0724655
0.0725064
-0.00698393
0.120377
0.0705564
-0.147184
-0.0077418
-0.0030083
0.0364136
-0.0313923
-0.0103211
-0.0472156
0.019505
0.11305
0.0394236
0.0398597
0.114198
-0.00783006
-0.14724
-0.00274791
-0.0314418
0.0362808
-0.00953109
0.019536
-0.0470871
0.113096
0.0398685
0.039417
0.114187
-0.00588176
0.000337016
0.0543029
0.00350499
-0.050592
-0.0607212
-0.154045
-0.0165999
0.0393837
-0.0170687
-0.0460325
0.211838
0.0729884
-0.11685
-0.10695
0.188036
-0.00567233
0.00350862
0.000324713
0.0543195
-0.0506317
-0.016601
-0.0607413
-0.154126
0.0393776
0.210982
-0.0170731
-0.0460585
0.0729895
0.188013
-0.116703
-0.106958
0.109984
0.10833
0.00400479
-0.00571399
0.128687
0.00374042
0.0765736
0.0766429
-0.007848
0.149479
0.0511505
-0.00157944
0.0327599
0.22678
0.120808
0.110025
0.121711
0.128762
0.117827
0.161809
0.109984
0.108362
0.128766
0.00380866
0.0765807
0.0766285
0.0511934
-0.00157936
0.120814
0.110007
0.117859
0.161821
-0.0761495
-0.0070628
0.108198
-0.0318192
0.00477951
-0.00106302
-0.0972842
0.037103
-0.0126772
-0.0127704
-0.076299
0.235047
0.181976
0.31682
0.308538
0.133887
-0.0761329
-0.00706585
0.108215
-0.0317858
-0.097327
0.0371727
-0.0762972
0.234952
0.103712
0.118767
0.10605
0.106626
0.10371
0.106625
0.106065
0.118817
0.00372881
0.0037645
0.00438594
0.00434796
0.0672068
0.130596
0.130593
0.0672228
0.0139675
0.192771
0.192763
0.0140382
-0.0258369
-0.114575
-0.0953418
-0.0486473
-0.0258091
-0.0486033
-0.0952867
-0.114548
-0.00182428
-0.00182303
-0.0118463
-0.0118443
0.226512
0.213383
0.213261
0.226454
0.00318771
0.0459736
0.11229
0.0678336
0.0032087
0.0678982
0.1123
0.0459772
-0.0100587
-0.0100593
-0.00189246
-0.00189264
0.184322
0.137982
0.137985
0.184277
0.152048
0.152037
0.128428
0.128428
-0.112558
0.00503792
-0.00166568
0.0152543
-0.0653299
-0.011612
-0.0245618
0.055692
0.0594792
0.0263331
0.042924
0.0601575
0.00505
-0.111801
-0.00153801
-0.0659541
0.0191527
-0.0106546
0.055662
-0.0245713
0.0594724
0.0432259
0.026353
0.0601478
-0.0054555
0.00188007
0.0647462
0.00273216
-0.07877
-0.0690392
-0.0906165
-0.0159851
-0.0416143
-0.0334343
-0.0488272
0.0864737
0.0333989
-0.112636
-0.116345
0.146427
-0.00461333
0.00274058
0.00188182
0.0648719
-0.0789367
-0.0159868
-0.0690505
-0.0907106
-0.0418552
0.0864575
-0.033459
-0.0488378
0.0335236
0.146452
-0.11245
-0.116367
-0.106498
-0.0602617
0.0657445
0.00741555
-0.00506483
-0.00501814
0.00366415
-0.0575085
-0.00412606
-0.0059062
0.135707
0.00320829
0.0411508
0.0401434
0.0778475
0.0691164
-0.044264
-0.0442915
-0.0082795
0.0499673
-0.00643559
-0.0209488
0.0398631
-0.0369296
0.035042
0.0350344
0.0306978
0.217042
0.123206
0.11537
0.123564
0.162005
0.0587207
0.0587197
0.145146
0.108919
0.143418
0.108929
0.140537
0.163404
-0.106496
-0.0602739
0.0657488
0.00741634
-0.00407997
-0.00557853
0.135773
0.00331269
0.0411329
0.0400078
0.0778384
0.069097
-0.00607529
-0.0209503
0.0398876
-0.0369241
0.123207
0.115435
0.123567
0.162
0.143418
0.108999
0.140566
0.163383
-0.0269752
-0.0519073
-0.0812547
-0.00736848
0.0436388
0.00242343
0.0939876
-0.00788856
0.00482339
0.00482575
0.00485059
0.00187658
-0.144024
-0.127553
-0.113458
-0.00372359
-0.0168147
-0.0168153
-0.0155685
-0.0156258
-0.0784638
-0.0976709
-0.0819913
0.112965
0.258166
0.258032
0.226672
0.297825
0.176977
0.175673
0.290714
0.147956
-0.0269992
-0.0519486
-0.081153
-0.00737264
0.0432993
0.00240657
0.0939892
-0.00787155
-0.143977
-0.12745
-0.113394
-0.00366984
-0.0784647
-0.0976845
-0.0819899
0.112952
0.112935
0.122563
0.118027
0.111923
0.112941
0.122608
0.118036
0.111937
0.00439313
0.00418381
0.00421862
0.00470893
0.0857437
0.0744236
0.0744237
0.130453
0.125547
0.0460032
0.185877
0.125661
-0.0706406
-0.0516601
-0.0847379
-0.0719216
-0.0707451
-0.0516203
-0.0846791
-0.0718954
-0.00628011
-0.00397906
-0.00978117
-0.00628175
0.326054
0.327643
0.321665
0.326043
0.074747
0.0620716
0.0951354
0.0717922
0.0747711
0.0621018
0.0951723
0.0718393
-0.00741616
-0.00429379
-0.00429372
-0.00990348
0.114134
0.128074
0.128081
0.127243
0.0736474
0.0763647
0.072658
0.0736292
0.0321878
-0.018472
0.00274335
-0.0346447
0.0730961
0.00349271
0.0453208
0.141639
-0.00340348
0.0498105
0.0293256
-0.0473561
0.0795735
0.0769505
0.0441945
0.174185
0.111981
0.14178
0.110913
0.0614368
0.124361
0.108668
0.136499
0.136466
0.00274798
-0.0372055
0.0321929
-0.018441
0.0730595
0.00354886
-0.00341066
0.0498285
0.0453055
0.141642
0.0293733
-0.0472617
0.0441578
0.174147
0.0796507
0.0769598
0.111987
0.14175
0.124363
0.108667
0.110919
0.0614114
0.136503
0.136466
0.123447
0.00335917
-0.0234544
-0.000277273
0.115815
0.00803296
0.00465181
0.00083626
-0.0221559
-0.0106899
-0.0930986
-0.0118495
-0.133927
-0.0366796
-0.0142268
-0.0126192
0.103521
0.107029
0.039676
-0.0320007
-0.0576187
0.0979749
0.177477
0.219701
0.0753013
0.1545
-0.102591
0.0219489
-0.100948
0.126493
0.202085
0.189039
0.123481
0.00340898
0.00467201
0.000839673
-0.0234438
-0.000277361
0.115852
0.00805833
-0.0221507
-0.0106954
-0.0142284
-0.0126197
-0.0931753
-0.0118525
-0.133595
-0.0366478
0.104594
0.107028
0.177481
0.219756
0.0396065
-0.032007
-0.0576127
0.097984
0.0753351
0.154503
0.201933
0.189002
-0.102516
0.022022
-0.100935
0.126486
0.121687
0.108291
0.0648173
0.150998
0.00386383
0.00388123
-0.0210558
-0.0209601
0.131267
0.123771
0.00380606
0.00404746
0.0617327
0.094443
0.110909
0.0726328
-0.00488187
-0.00488194
0.152956
0.152953
0.0426999
0.0486912
-0.00584569
-0.00173666
0.0504073
0.0503576
0.20996
0.209958
0.11386
0.11404
0.0897514
0.11291
0.10037
0.100372
0.12874
0.130699
0.115357
0.111129
0.171198
0.150405
0.121695
0.108292
0.150993
0.0650914
0.131326
0.123835
0.00385812
0.0040998
0.0944514
0.0617379
0.110953
0.0726213
0.0427164
0.0487029
-0.00584602
-0.00173639
0.114043
0.11387
0.112831
0.0897597
0.111186
0.115378
0.150414
0.171193
-0.0540613
-0.0958413
-0.00445245
-0.00945531
0.114104
0.107214
-0.0288796
-0.0391376
0.00456916
0.00455006
-0.000763846
-0.0007634
-0.103937
-0.096671
0.022309
0.0541021
-0.0115583
-0.0115572
-0.0114257
-0.011426
-0.085387
-0.0626781
0.232118
0.224854
0.171343
0.17134
0.31439
0.314373
0.30863
0.308626
0.137199
0.137225
-0.0540445
-0.095814
-0.00445317
-0.0094578
0.10723
0.114136
-0.0288161
-0.0391206
-0.096612
-0.103892
0.0223382
0.0542083
-0.0626647
-0.0853543
0.224733
0.232019
-0.000358035
0.140705
0.122633
0.0516018
0.10155
0.109863
0.118471
0.129573
-0.00177832
0.114731
0.112928
0.0742698
0.0767354
0.0770824
0.113479
0.118126
0.00167394
0.0516083
0.122666
0.140752
0.0767247
0.118131
0.113484
0.077183
-0.0017853
0.0736015
0.11294
0.114736
0.100971
0.129623
0.11851
0.109898
0.00319628
0.00320213
0.00409519
0.00342035
0.00321761
0.00350036
0.00412129
0.00320438
0.00269568
0.00474696
0.00439366
0.00336052
0.00268472
0.00328334
0.00436671
0.00473624
0.105417
0.15866
0.0346265
0.0529899
0.0923611
0.218813
0.121013
0.14081
0.0923184
0.140774
0.120978
0.218778
0.105379
0.0529681
0.0347784
0.158668
-0.0622935
-0.0317279
0.0298718
-0.072572
0.0903049
0.193226
0.168519
0.0419728
0.0898265
0.0419781
0.168519
0.193231
-0.0618576
-0.072724
0.0300455
-0.0322191
0.0166999
-0.056229
-0.0521791
0.000305866
-0.0909974
-0.121479
-0.0884728
-0.0940239
-0.101529
-0.0905434
-0.0840475
-0.109468
-0.0463106
-0.0184502
-0.0564213
-0.0695392
0.0167199
0.000333614
-0.0521582
-0.0562097
-0.0463319
-0.0695449
-0.0563948
-0.0184712
-0.101465
-0.109336
-0.0840045
-0.0905616
-0.0910734
-0.0939445
-0.0884306
-0.121437
0.00122293
0.00202659
-0.00352833
-0.0038323
0.00122697
-0.00383451
-0.0035289
0.00202798
-0.0139248
-0.0141898
-0.00892136
-0.00961518
-0.0139229
-0.00961146
-0.00892004
-0.014189
0.0898892
0.105941
0.325471
0.295672
0.136333
0.291474
0.321072
0.119927
0.136339
0.119912
0.321079
0.291477
0.0898691
0.295667
0.325462
0.105931
-0.0526295
0.0282723
0.0611214
-0.0190761
0.02563
0.0620969
0.0620941
0.03462
0.118601
0.138851
0.0950538
0.0944205
0.0334224
0.00984268
0.0914655
0.118364
-0.052648
-0.0189443
0.0611582
0.0282021
0.0334514
0.118481
0.0915169
0.00995717
0.118595
0.0944195
0.0950766
0.138867
0.0256675
0.0346504
0.0621125
0.0620853
-0.0080508
-0.0141339
-0.00788603
-0.0347497
-0.00777727
-0.0347594
-0.00788618
-0.0141341
-0.0506535
-0.00585639
-0.00458801
-0.0409733
-0.051247
-0.0410407
-0.00458809
-0.0058528
0.159013
0.160633
0.132728
0.153044
0.115553
0.138524
0.117144
0.150145
0.115536
0.150186
0.117156
0.138526
0.159008
0.153073
0.132743
0.160719
-0.17211
0.0433993
0.0791381
0.0919023
-0.154905
0.0919387
0.0791202
0.0434126
0.0826552
0.108769
0.071559
0.0656027
0.0826691
0.0657938
0.071564
0.108894
-0.0457114
0.00502373
-0.000811803
0.0071629
-0.0223087
-0.0126028
0.008894
0.0462565
0.0305536
0.0139969
0.0246124
0.0306564
0.0050357
-0.0457925
-0.000749007
-0.0250894
0.00669396
-0.0117153
0.0461793
0.00889679
0.0305459
0.0246555
0.0139143
0.0306596
0.00208287
0.00195463
0.0545946
-0.0106868
-0.0805561
-0.0729968
-0.0718184
-0.042571
-0.0446977
-0.0404924
-0.0493644
0.045162
-0.00224666
-0.108992
-0.131508
0.115471
0.00227117
-0.0106852
0.00199971
0.0545799
-0.080558
-0.042552
-0.073017
-0.0720128
-0.0447031
0.0451562
-0.0405011
-0.0493232
-0.00399471
0.115478
-0.108828
-0.13149
-0.083814
-0.0657792
0.0248093
-0.0303416
-0.00346039
-0.00346052
0.0034902
0.00592939
-0.00479078
-0.00544295
0.138528
-0.00381076
0.042622
0.0411083
0.0778142
0.12108
-0.0442723
-0.044286
-0.0184409
0.00449687
-0.00406431
0.000231816
0.0341824
-0.015173
0.0397628
0.0397583
0.0280497
0.149116
0.12485
0.127488
0.124932
0.17615
0.0594706
0.059478
0.150894
0.0942614
0.143034
0.124616
0.150947
0.176189
-0.0837961
-0.0657669
0.0274247
-0.0303637
-0.00448256
-0.00529488
0.138658
-0.00382389
0.0425044
0.0410787
0.0777984
0.121042
-0.00406046
0.000682884
0.0341873
-0.0152227
0.124851
0.127488
0.124934
0.176152
0.143039
0.124725
0.150724
0.176202
-0.0348652
-0.0465775
-0.0654199
-0.0266482
0.0343754
0.011309
0.0562434
0.00505015
0.00482311
0.0048243
0.00488634
0.00334966
-0.139138
-0.130742
-0.122306
-0.107995
-0.0176342
-0.0176344
-0.0170123
-0.01704
-0.0835204
-0.091462
-0.0842692
0.0772912
0.262522
0.262501
0.245888
0.282571
0.156478
0.156491
0.27046
0.149834
-0.0349026
-0.0466106
-0.0654515
-0.0266501
0.034391
0.011014
0.0560392
0.00493788
-0.139072
-0.130648
-0.122226
-0.107261
-0.0835215
-0.0914655
-0.0842672
0.0772765
0.114122
0.118898
0.116631
0.113605
0.114131
0.118926
0.11664
0.113617
0.00451587
0.00441143
0.00442884
0.0046738
0.0935947
0.0727779
0.0727785
0.102304
0.134349
0.119467
0.164622
0.134345
-0.0704438
-0.0602674
-0.0768983
-0.0694752
-0.0704009
-0.0602352
-0.0768431
-0.0694383
-0.00658116
-0.00543203
-0.00833222
-0.00658199
0.327798
0.329127
0.32597
0.327793
0.0736902
0.0672657
0.0837987
0.0725576
0.073723
0.0673013
0.0838381
0.072604
-0.0072001
-0.00563883
-0.00563877
-0.00838874
0.118907
0.124305
0.124305
0.12381
0.0719707
0.0734591
0.0708937
0.0719671
-0.165144
-0.130281
-0.0500478
-0.118533
0.00504425
-0.00756791
0.00224779
-0.0141026
-0.0023222
-0.00369673
0.0754811
-0.00035601
0.0305982
0.0378394
0.0448264
0.0996726
-0.0314297
-0.00749298
-0.00415877
0.011729
-0.0109825
-0.00862108
0.0200121
-0.0201178
-0.0393541
-0.0546127
0.0478529
0.0460305
0.0402978
0.0245482
0.0322878
0.105193
0.0870424
0.12131
0.114669
0.16012
0.0369211
0.0399484
0.0957139
0.0503985
0.0687396
0.0584303
0.109351
0.0951136
0.0875675
0.134649
0.148587
0.143323
0.00505644
-0.00751439
0.00223713
-0.0138644
-0.165476
-0.13028
-0.0500076
-0.118455
-0.0022456
-0.00342137
0.0756275
-0.000541499
-0.029052
-0.00997526
-0.00416953
0.0117622
0.0301561
0.0378456
0.0448024
0.0997669
-0.0101107
-0.00784869
0.020193
-0.0197639
0.0402894
0.0245405
0.0322857
0.105125
-0.0391982
-0.0544988
0.0478447
0.0461981
0.0870585
0.12131
0.114679
0.16013
0.0687122
0.0584605
0.109335
0.0951334
0.0368344
0.0398052
0.0953671
0.0503582
0.0874308
0.13461
0.148588
0.14331
-0.00569066
-0.00586389
0.125186
-0.00787713
0.00178194
-0.0164865
-0.0173967
-0.0161419
0.0590086
0.0497807
0.0986524
0.0295848
0.00322411
0.00482367
0.00480609
0.0021699
-0.0661412
-0.0352304
-0.0367195
-0.0351484
-0.0650843
-0.0561068
-0.0684959
-0.034709
-0.121146
-0.148351
-0.144097
-0.139852
-0.0161932
-0.0159953
-0.0154156
-0.0138862
-0.00147534
0.0775526
0.0802722
0.089867
-0.0268535
-0.00705536
-0.00909698
-0.0239641
-0.0486142
-0.0737995
-0.0621331
0.0619569
0.126097
0.243072
0.199377
0.216047
0.0535961
0.0916897
0.075807
0.142676
-0.115142
-0.124077
-0.111069
-0.00793458
-0.110886
-0.101559
-0.10383
0.091939
0.167464
0.260296
0.192394
0.18898
-0.00509783
-0.00532054
0.125248
-0.00790254
0.00323185
0.00482703
0.00481775
0.00217367
0.00180376
-0.0165466
-0.0173927
-0.0161209
0.0590186
0.0498066
0.0985665
0.029607
-0.066161
-0.0352473
-0.036697
-0.0350884
-0.0162588
-0.0159961
-0.0154168
-0.013887
-0.0651254
-0.0558039
-0.0685492
-0.0346225
-0.121272
-0.148319
-0.14411
-0.139972
-0.00157486
0.077559
0.0802015
0.0898669
0.126106
0.24305
0.199327
0.21599
-0.0267784
-0.00706378
-0.00897957
-0.0240114
-0.0486057
-0.0738133
-0.0621652
0.0619339
0.0535777
0.0917141
0.0758377
0.142678
0.167482
0.26011
0.192391
0.18897
-0.115002
-0.12396
-0.11105
-0.0130783
-0.110909
-0.101532
-0.103823
0.0919483
0.102355
0.111615
0.115885
0.109133
0.100206
0.117111
0.0892671
0.129767
0.00383514
0.00417939
0.00393447
0.00394317
-0.0315372
0.0201193
-0.0129693
-0.0129694
0.132358
0.125467
0.130005
0.126239
0.00354424
0.00395609
0.0037724
0.0038916
0.0773148
0.0757086
0.0691568
0.0855101
0.0733145
0.0750761
0.0791136
0.073876
-0.0080638
-0.00763213
-0.00636489
-0.00636495
0.104063
0.140113
0.151374
0.151373
0.0454924
0.0568832
0.051755
0.0499678
-0.00675999
-0.00295759
-0.00365754
-0.00165817
0.0322023
0.0325477
0.0623778
0.0620139
0.2425
0.206717
0.218721
0.218724
0.12219
0.11942
0.117406
0.117478
0.134891
0.103758
0.100396
0.112042
0.15523
0.106819
0.108141
0.108083
0.120408
0.131795
0.128843
0.128842
0.129179
0.106479
0.116714
0.114763
0.158472
0.170841
0.165939
0.155722
0.102407
0.111618
0.115896
0.109133
0.100156
0.11712
0.129771
0.0893691
0.132454
0.125506
0.130074
0.12631
0.00363183
0.00400829
0.00383328
0.00395196
0.0773143
0.0757243
0.0855183
0.0691629
0.0732975
0.0751845
0.0791011
0.0738671
0.0455071
0.0569088
0.0517902
0.0499795
-0.00693907
-0.00295753
-0.00365742
-0.00165794
0.122194
0.119427
0.117483
0.117414
0.134864
0.10376
0.111926
0.100395
0.129209
0.106514
0.114807
0.116741
0.158492
0.170823
0.155724
0.166019
-0.0789824
-0.0721867
-0.0654114
-0.0862073
-0.00706112
-0.00597905
-0.00575915
-0.00825958
0.105962
0.110127
0.111162
0.107724
-0.0201947
-0.0419247
-0.0302795
-0.03516
0.00481499
0.00474417
0.0046745
0.00466494
0.000402812
-0.00252316
-0.000913326
-0.000913089
-0.104727
-0.0923748
-0.100671
-0.0976298
0.0167468
0.053792
0.0301043
0.0460545
-0.014124
-0.0112301
-0.0121177
-0.0121172
-0.0141991
-0.011339
-0.012098
-0.0120982
-0.0790097
-0.0740281
-0.0816176
-0.0692039
0.144129
0.315225
0.233851
0.230193
0.205471
0.156765
0.179225
0.179224
0.307934
0.323471
0.316212
0.316206
0.301221
0.315582
0.309442
0.309442
0.136864
0.13066
0.135584
0.135595
-0.0789673
-0.0721586
-0.065397
-0.0861893
-0.00706444
-0.00598151
-0.00576122
-0.00826258
0.105982
0.110142
0.10774
0.111186
-0.0202872
-0.0418871
-0.0302586
-0.0351249
-0.10466
-0.0923226
-0.0975123
-0.100617
0.0167948
0.0538455
0.0301381
0.0461416
-0.0790016
-0.074005
-0.0691878
-0.0815927
0.144057
0.315195
0.230077
0.233744
0.0681002
0.0892967
0.119914
0.132358
0.121317
0.117378
0.12129
0.116105
0.10537
0.097044
0.110125
0.106663
0.101373
0.1093
0.107455
0.11046
0.0681356
0.0892661
0.121984
0.132406
0.101383
0.109303
0.107455
0.110461
0.105383
0.0976161
0.110137
0.106677
0.121371
0.11742
0.121347
0.116138
0.00323625
0.00366346
0.00379272
0.00374803
0.00325694
0.0037096
0.00381924
0.0037917
0.00397658
0.00452818
0.00424282
0.00446384
0.00393193
0.00449975
0.0041989
0.00443521
0.055573
0.0990864
0.066828
0.0785598
0.112121
0.154796
0.110833
0.155508
0.11213
0.154783
0.108276
0.155502
0.0555677
0.0990961
0.0668221
0.0785535
0.00139609
-0.0111628
0.0397962
-0.0294674
0.167914
0.211651
0.172072
0.201509
0.21157
0.168075
0.201515
0.172086
-0.0111581
0.00144369
-0.0294678
0.0398082
-0.0251107
-0.0100628
-0.040485
-0.0263348
-0.115343
-0.124223
-0.105259
-0.106805
-0.0984718
-0.0981619
-0.0957757
-0.0905584
-0.0407862
-0.0531236
-0.0439171
-0.0563238
-0.0251125
-0.0100368
-0.0404642
-0.026314
-0.040807
-0.0531089
-0.043791
-0.0563241
-0.0984049
-0.098123
-0.0957254
-0.0905111
-0.115399
-0.12417
-0.105214
-0.106763
-0.000921899
-0.000500111
-0.00314115
-0.00061436
-0.000496889
-0.000921168
-0.000613723
-0.00314066
-0.013039
-0.0116669
-0.0109989
-0.0106534
-0.0116643
-0.0130371
-0.0106511
-0.0109973
0.137817
0.223278
0.229531
0.300601
0.151755
0.208408
0.218902
0.297993
0.208265
0.151767
0.298048
0.218771
0.223224
0.137746
0.300543
0.22946
-0.00878153
-0.0164249
0.0216052
0.0131844
0.0456772
0.0375331
0.054303
0.0473468
0.111801
0.124398
0.103369
0.113895
0.0726514
0.045015
0.0901204
0.0613762
-0.00876723
-0.0164004
0.0216423
0.0133442
0.0727152
0.0451133
0.0901694
0.0614873
0.111809
0.124406
0.103378
0.113911
0.0456704
0.037596
0.0543075
0.047354
-0.0105315
-0.01134
-0.007955
-0.0107533
-0.0105346
-0.0113406
-0.00795492
-0.0107539
-0.00265161
-0.0124939
-0.00340853
-0.00181419
-0.00264808
-0.0127706
-0.00340859
-0.00181444
0.166981
0.188794
0.177456
0.213515
0.131336
0.138035
0.12928
0.144837
0.131349
0.138039
0.129315
0.144845
0.166984
0.188744
0.177444
0.213674
0.147571
0.0885389
0.143969
0.153513
0.0884507
0.147569
0.153497
0.144179
0.121391
0.0718438
0.128416
0.0748237
0.0718907
0.121418
0.0769957
0.131631
-0.0819685
-0.0953129
0.00434665
0.0192803
0.0296439
0.000676287
0.0233798
0.0829463
-0.0557108
0.104557
0.0147814
-0.0146912
0.0466509
0.107678
0.085754
0.0809408
0.0700077
0.11653
0.0762118
0.0703999
0.0983982
0.0665874
0.095018
0.104316
0.0043601
0.0192523
-0.0994234
-0.095331
0.0296909
0.000409954
-0.0551755
0.105504
0.023975
0.081872
0.0149534
-0.0146911
0.0857242
0.0806922
0.0472918
0.107559
0.070021
0.116508
0.099203
0.0666324
0.0761797
0.0704106
0.0949394
0.104319
0.0522918
-0.0146046
0.0262751
-0.013716
0.0964778
0.04028
0.00280578
0.00197693
-0.067061
-0.0478644
-0.0689108
-0.0381316
-0.0902244
-0.214345
-0.0149561
-0.0114047
-0.0245917
0.0487423
-0.0303565
-0.0414089
-0.0432649
0.0526705
0.0896836
0.0874139
0.0336814
0.133391
-0.106583
-0.00679056
-0.108414
0.0999804
0.142065
0.152911
0.0522855
-0.0146567
0.00281491
0.00198331
0.0263167
-0.0137027
0.0959709
0.0402936
-0.0670992
-0.0477253
-0.0149578
-0.0114058
-0.0690389
-0.0380478
-0.0903029
-0.214322
-0.02481
0.0487189
0.0896824
0.0874076
-0.0303056
-0.041087
-0.043351
0.0526656
0.0336895
0.133446
0.142076
0.152919
-0.106475
-0.00544619
-0.108391
0.0999743
0.0104522
-0.0717749
0.0325792
0.00613535
0.059482
0.0723652
-0.00969808
0.0246683
0.00286908
0.000137916
0.00287703
-0.000210167
0.00343329
0.00343442
-0.0648195
-0.0648179
0.144941
-0.00219257
0.131746
-0.00621753
0.138223
0.132639
0.00331408
0.00324591
0.0621268
0.115372
0.0932503
0.100063
0.0699822
0.0861438
0.0719605
0.0670794
-0.0181532
0.00147958
-0.0181529
0.00150296
-0.0070679
-0.00706613
0.0466068
0.046557
0.0269973
-0.0199163
-0.00451944
-0.0253306
0.0403265
0.0372598
-0.0358512
-0.0390684
0.0456349
0.126804
0.0456366
0.126807
0.0533484
0.0533492
0.198848
0.198866
0.120667
0.177572
0.119709
0.150554
0.119278
0.120911
0.162535
0.150792
0.143514
0.0952643
0.143524
0.0952659
0.152372
0.152371
0.10889
0.108888
0.153052
0.171985
0.11601
0.160006
0.139803
0.135942
0.162263
0.156841
0.0133385
-0.0717534
0.0339354
0.00604853
0.0595376
0.0724453
0.0246966
-0.00964384
0.144991
-0.00242353
0.13184
-0.00616313
0.13828
0.132698
0.00340631
0.00333673
0.0621213
0.115444
0.0932342
0.099553
0.0861387
0.0699721
0.0719398
0.0670636
0.027085
-0.0198319
-0.00451936
-0.0253312
0.0403361
0.0372831
-0.0358055
-0.039025
0.12067
0.177576
0.119721
0.150632
0.120915
0.119282
0.150795
0.162516
0.153061
0.171984
0.116113
0.159979
0.135553
0.139825
0.156841
0.162305
-0.052523
-0.0218452
-0.0678344
-0.0310763
-0.0694695
-0.0899035
-0.00560328
-0.00849116
0.0770064
0.0195234
0.027447
-0.0076215
0.106019
0.0888101
-0.00397463
-0.0126899
0.00482955
0.00342507
0.00483609
0.00342695
0.00479894
0.00479356
0.0019517
0.00195241
-0.131477
-0.153707
-0.116913
-0.0424852
-0.117487
-0.111684
-0.0110882
0.00328172
-0.0155029
-0.0154745
-0.0155037
-0.0154751
-0.0148791
-0.0148787
-0.0148798
-0.0148799
-0.074707
0.0694008
-0.0947762
0.0847204
-0.0858711
-0.0760071
0.109813
0.116502
0.239105
0.277407
0.239049
0.277317
0.2246
0.224589
0.298122
0.298111
0.280695
0.155101
0.280704
0.155131
0.29214
0.292144
0.150596
0.15061
-0.0521399
-0.0218425
-0.0678998
-0.0310553
-0.069455
-0.0898088
-0.00560653
-0.00849507
0.0765396
0.0193052
0.0274103
-0.00762633
0.0880682
0.106055
-0.00398164
-0.0126719
-0.131438
-0.153339
-0.11683
-0.0482925
-0.111604
-0.117415
-0.0110511
0.00341843
-0.0747082
0.069436
-0.0947669
0.0847009
-0.0760029
-0.0858626
0.116486
0.109804
0.117782
0.113205
0.12264
0.120543
0.115518
0.115799
0.115199
0.112442
0.117801
0.113211
0.122678
0.120585
0.115806
0.115527
0.112454
0.115225
0.00424431
0.00425736
0.00413941
0.00427522
0.00416987
0.0043061
0.00455146
0.00453799
0.0697671
0.0864449
0.0971087
0.0792126
0.0791673
0.0971122
0.128806
0.128781
0.103349
0.147227
0.0380852
0.0381522
0.177344
0.177341
0.147219
0.103439
-0.0613844
-0.0797117
-0.0520648
-0.0538444
-0.086656
-0.083805
-0.0787406
-0.0639363
-0.0613647
-0.0796754
-0.0520311
-0.0538199
-0.0837503
-0.0868347
-0.0639156
-0.0786993
-0.00490552
-0.00760053
-0.0037536
-0.00375387
-0.00935116
-0.00935052
-0.00490659
-0.00760197
0.326762
0.324636
0.32695
0.326945
0.322023
0.322023
0.324626
0.326752
0.0684205
0.0849004
0.062204
0.0621476
0.0952054
0.093642
0.0664834
0.0816325
0.0849239
0.0684417
0.062236
0.0621721
0.0936866
0.0952353
0.066522
0.081679
-0.00600204
-0.0060021
-0.00603495
-0.00444099
-0.00603503
-0.00444092
-0.00889471
-0.00889479
0.115531
0.11553
0.130402
0.124799
0.124807
0.130411
0.130024
0.130029
0.0763082
0.0719507
0.0776858
0.0776831
0.0720854
0.0720881
0.0762901
0.0719341
0.0155277
0.0425046
-0.0419399
0.00551009
0.00301464
0.00297091
-0.0462099
-0.0713807
0.0360128
0.11349
0.00334554
0.00343794
0.0357722
0.0541927
0.135428
0.136697
-0.0159004
-0.00464953
0.0613087
0.119924
0.027465
0.0319736
-0.0493893
-0.0429683
0.0791451
0.0791528
0.0951778
0.0595467
0.070485
0.0473927
0.182847
0.184038
0.103833
0.115183
0.124153
0.151454
0.119439
0.10268
0.0991013
0.0634499
0.122335
0.130103
0.100332
0.108829
0.132454
0.137763
0.126362
0.143766
0.00302798
0.00297428
-0.0451638
-0.0713057
0.0155368
0.0424842
-0.0419239
0.00603624
0.0359824
0.113445
0.00338473
0.0035058
-0.01622
-0.00465495
0.0613146
0.119914
0.0357907
0.0541784
0.135037
0.136684
0.027516
0.0320131
-0.04942
-0.0428496
0.0704364
0.0473933
0.182775
0.184021
0.0791733
0.0792468
0.0952148
0.0595473
0.103647
0.115189
0.124174
0.151469
0.122332
0.130117
0.10041
0.108824
0.119443
0.102681
0.0991056
0.0633493
0.132457
0.137773
0.126361
0.143852
0.129599
0.126509
0.00396095
0.00332114
-0.0044451
-0.0410492
0.000466375
-0.00205832
0.12579
0.112485
0.011906
0.00455676
0.00469321
0.00467891
0.00114694
0.00210125
-0.0375464
-0.00517741
-0.00783015
-0.0336903
-0.092012
-0.0938631
-0.012888
-0.0107318
-0.115794
-0.125274
-0.0440234
-0.0274998
-0.0138781
-0.0134995
-0.00894091
-0.013388
0.0546419
0.109959
0.0922814
0.12953
0.0193667
0.0578008
-0.0387898
-0.025239
-0.0516991
-0.0637191
0.0935823
0.102066
0.111838
0.204079
0.133208
0.277132
0.0543268
0.0971474
0.157497
0.157055
-0.101997
-0.106385
0.0295119
0.016104
-0.100989
-0.0958459
0.131563
0.123192
0.16125
0.282144
0.17189
0.238626
0.129548
0.126551
0.00399143
0.00338467
0.00470953
0.00469499
0.00115078
0.00210337
-0.0044416
-0.0409819
0.000468362
-0.00205945
0.125726
0.112524
0.0118911
0.00453581
-0.0377022
-0.00517958
-0.00779312
-0.0335406
-0.0139652
-0.0135008
-0.00890103
-0.0133885
-0.0920898
-0.0939402
-0.0128904
-0.0107354
-0.115918
-0.125199
-0.0439931
-0.0274699
0.0545369
0.109966
0.0922524
0.129535
0.111879
0.204026
0.133245
0.277123
0.0192905
0.0578558
-0.0388718
-0.0253664
-0.0517112
-0.0637166
0.0935719
0.102087
0.0543421
0.0971477
0.157497
0.15708
0.161264
0.282073
0.171968
0.238387
-0.101938
-0.106299
0.029543
0.0161924
-0.100949
-0.0958254
0.131513
0.123175
0.12246
0.0894097
0.104174
0.111024
0.0542583
0.0216875
0.159863
0.141543
0.00353365
0.00395993
0.00398171
0.00354347
0.00463748
-0.0468499
-0.0467592
0.00473365
0.136143
0.126801
0.120862
0.126864
0.00394601
0.00367686
0.00373828
0.00419544
0.0619859
0.0619467
0.0948085
0.0945766
0.116095
0.0901223
0.0708848
0.0711078
-0.00536918
-0.00473498
-0.00473505
-0.00536742
0.0898884
0.143994
0.143987
0.0898932
0.0362665
0.0494598
0.0557678
0.0415912
-0.0068789
-0.00791528
-0.00967814
-0.00318332
0.0363316
0.0583825
0.059739
0.0358487
0.22765
0.189516
0.189515
0.227715
0.114305
0.113402
0.113759
0.116083
0.121439
0.0867984
0.0858673
0.122294
0.146608
0.109262
0.109268
0.146617
0.120183
0.130241
0.130244
0.120606
0.127105
0.105206
0.1013
0.116613
0.161838
0.191829
0.150535
0.148705
0.0893799
0.122485
0.111026
0.104179
0.141579
0.15986
0.0217531
0.0542791
0.126824
0.136216
0.126939
0.120897
0.00374318
0.00398512
0.00423585
0.00380383
0.0945805
0.0948243
0.0619586
0.0619823
0.0901042
0.116162
0.0711884
0.0708737
0.0495319
0.0362683
0.0416306
0.0557833
-0.00832283
-0.00688
-0.00318324
-0.00969376
0.116086
0.113762
0.113413
0.114312
0.122256
0.0847161
0.0867972
0.12142
0.116708
0.101354
0.105228
0.127124
0.148699
0.150528
0.191738
0.161865
-0.055239
-0.0516467
-0.0908284
-0.0991316
-0.0033035
-0.00400109
-0.00936469
-0.00848963
0.112299
0.116339
0.110172
0.103593
-0.0408021
-0.0151116
-0.0291004
-0.0482581
0.004658
0.00448136
0.00445834
0.00464309
0.000627663
-0.0021482
-0.00214826
0.000628215
-0.112296
-0.0968646
-0.0902818
-0.102427
0.0420848
0.0018603
0.0319124
0.0756686
-0.0128752
-0.0102408
-0.0102396
-0.0128743
-0.0127808
-0.009658
-0.00965817
-0.0127812
-0.0879972
-0.0846058
-0.0595746
-0.0659994
0.141715
0.313771
0.310188
0.145114
0.195853
0.146334
0.146322
0.195821
0.321146
0.305652
0.305593
0.321169
0.301335
0.315516
0.315509
0.301373
0.134943
0.140203
0.140308
0.134962
-0.0516223
-0.0552268
-0.0990939
-0.0907903
-0.00400236
-0.0033044
-0.00849165
-0.00936764
0.103609
0.110186
0.116375
0.11233
-0.0150764
-0.0407561
-0.0482385
-0.0290923
-0.102374
-0.0902184
-0.0968222
-0.112247
0.00189445
0.0421613
0.0757722
0.0320847
-0.0659943
-0.0595548
-0.0845643
-0.087974
0.1451
0.309956
0.313766
0.141651
0.00699361
0.0527402
0.0521058
-0.020403
0.14173
0.134278
0.136538
0.103522
0.11838
0.117037
0.127268
0.126168
0.01816
-0.0185049
0.0797221
0.0971841
0.0497748
0.110966
0.124029
0.126188
0.0674619
0.109157
0.114335
0.0845685
0.117076
0.123181
0.118513
0.113239
0.135123
0.128452
0.124102
0.129617
-0.0375739
0.030293
0.0768652
-0.0205073
0.122454
0.118344
0.110062
0.112093
0.114564
0.11016
0.110162
0.116465
0.0438656
0.00852162
0.102149
0.104838
0.0407815
0.0485386
0.102858
0.0990496
0.0265135
0.105324
0.102811
0.0380284
0.11496
0.116639
0.110739
0.111315
0.122871
0.117797
0.112819
0.119196
0.00642111
-0.0259935
0.0520957
0.0527967
0.0210855
0.0971771
0.0797763
-0.0184488
0.118404
0.1262
0.127283
0.117051
0.141821
0.102177
0.137858
0.134362
0.0408077
0.099059
0.102867
0.0485922
0.122873
0.1192
0.112822
0.117803
0.114968
0.111317
0.110741
0.116645
0.0297529
0.0393472
0.102819
0.105325
-0.0375835
-0.0205145
0.0768052
0.0302772
0.0432797
0.104856
0.102166
0.00863162
0.114575
0.116473
0.110175
0.110174
0.122461
0.1121
0.110072
0.11835
0.0497818
0.126235
0.124019
0.110987
0.135235
0.129703
0.124166
0.128531
0.117103
0.113264
0.118548
0.123219
0.0674704
0.0845279
0.114371
0.109185
0.00203027
0.00333656
0.00333972
7.76471e-05
0.00317982
0.00368454
0.00338269
0.00255703
0.00432778
0.00395094
0.00384999
0.0040698
-0.00308093
-0.0012779
0.00365069
0.00361061
0.00190493
6.35082e-05
0.00336998
0.00333872
-0.00306438
0.00368766
0.00370644
-0.00178981
0.00434302
0.00408069
0.00388265
0.00399662
0.00318386
0.00255567
0.00339777
0.00368946
-0.016544
0.0048372
0.00434291
-0.00836459
0.00486137
0.00473666
0.00457934
0.0048108
0.00449009
0.00412201
0.0043498
0.00461293
-0.00523506
-0.00698019
0.00389031
0.00371773
-0.0165099
-0.00845011
0.00431258
0.00482573
-0.00529592
0.00364118
0.00383516
-0.00699268
0.00447465
0.00460142
0.00431528
0.0040757
0.00485808
0.004801
0.00455699
0.0047292
0.0859912
0.140507
0.0847527
0.0570483
0.179436
0.130207
0.11048
0.1709
0.0967076
0.0636828
0.0768254
0.0962362
0.0461318
0.0368328
0.0571766
0.0592276
0.0458236
0.113892
0.109966
0.058151
0.244155
0.202983
0.180566
0.224855
0.0894297
0.0779269
0.130246
0.154476
0.166385
0.122264
0.117985
0.127475
0.0458768
0.0578444
0.110059
0.114043
0.166391
0.127337
0.117963
0.122235
0.0891313
0.154474
0.130229
0.0779227
0.244139
0.224834
0.180533
0.202958
0.0859861
0.057044
0.0847613
0.14049
0.0461322
0.0590487
0.0571918
0.0369393
0.0967074
0.0962396
0.076824
0.0628411
0.179439
0.170902
0.110489
0.1302
-0.0121054
-0.129558
-0.0217517
0.0229558
-0.0483494
0.079496
0.0273352
-0.0950607
0.111325
0.012538
-0.00392413
0.0956057
0.00256458
-0.00580376
-0.0548961
-0.0385134
0.0888349
0.117627
0.136355
0.047002
0.140572
0.235537
0.219337
0.113298
0.155862
0.138681
0.180907
0.19837
-0.012406
0.02543
0.159552
0.120433
0.0887776
0.0470791
0.136314
0.117708
-0.0124527
0.12084
0.160016
0.0253365
0.156002
0.19837
0.180901
0.138637
0.140574
0.113345
0.219406
0.235531
-0.0120886
0.0226086
-0.021696
-0.123615
0.00241066
-0.0385135
-0.0548953
-0.00590133
0.111311
0.0955847
-0.00392581
0.012538
-0.0483472
-0.0949426
0.0273788
0.0797637
0.0518217
0.00283767
-0.00753946
0.0343495
-0.0612058
-0.0676121
-0.0411155
-0.0372257
-0.0613597
-0.0412906
-0.0393495
-0.0622758
0.0107444
0.0247715
-0.0115366
-0.0175677
-0.0692476
-0.116448
-0.116691
-0.068751
-0.127104
-0.108645
-0.116371
-0.135586
-0.0793211
-0.0816843
-0.0995868
-0.0941259
-0.0668824
-0.0683129
-0.108062
-0.0893729
-0.108361
-0.105615
-0.0997626
-0.108781
-0.0888693
-0.0831213
-0.0931311
-0.0985839
-0.0776855
-0.0921011
-0.0901789
-0.0800175
-0.119848
-0.113358
-0.101347
-0.103622
-0.0428082
-0.0328491
-0.0463173
-0.0532692
-0.000803775
-0.0242019
-0.0348448
-0.0153427
-0.0617793
-0.0664331
-0.0521978
-0.0448417
-0.0798458
-0.0680672
-0.0599813
-0.0727611
0.0518532
0.0343454
-0.00753783
0.00308685
0.0107491
-0.0175955
-0.0115147
0.0247975
-0.0613229
-0.0622428
-0.0393325
-0.0412526
-0.0613033
-0.036862
-0.0411027
-0.0675964
-0.0428134
-0.0504454
-0.0463432
-0.0328842
-0.079862
-0.0727501
-0.0599772
-0.0680804
-0.061743
-0.0448081
-0.052199
-0.0664093
-0.000795095
-0.0153913
-0.0346889
-0.0241815
-0.108277
-0.108665
-0.0997071
-0.105594
-0.119768
-0.103533
-0.101259
-0.113256
-0.0776361
-0.079991
-0.090126
-0.092045
-0.088876
-0.0985816
-0.0931252
-0.0831193
-0.0692623
-0.0689569
-0.116795
-0.116616
-0.0669408
-0.0893577
-0.107833
-0.0683349
-0.0792756
-0.0940735
-0.0995505
-0.0816564
-0.12704
-0.135548
-0.116328
-0.108581
-0.0125285
0.00218485
0.000106014
-0.0149493
0.00338749
0.000515412
0.000739742
0.00346255
-0.00516868
-0.00464259
-0.00196106
-0.00233558
-0.0242475
-0.019256
-0.00246454
-0.00553288
-0.0125241
-0.0149441
0.000108647
0.00219084
-0.0242462
-0.00553532
-0.00246464
-0.0192581
-0.0051692
-0.00233559
-0.00196124
-0.00464422
0.00338844
0.00346535
0.000740746
0.000515584
-0.0397346
-0.0151136
-0.0128158
-0.0363338
-0.0162579
-0.0134995
-0.012251
-0.0147495
-0.007967
-0.00723699
-0.00974623
-0.0107354
-0.029178
-0.0328381
-0.0105188
-0.00821672
-0.0397859
-0.0364495
-0.012773
-0.0150343
-0.0291724
-0.00821355
-0.0105159
-0.0328917
-0.00796629
-0.0107348
-0.00974439
-0.00723479
-0.0162575
-0.0147484
-0.0122496
-0.0134991
0.0484577
0.0573472
0.13562
0.130664
0.073327
0.143018
0.139957
0.0657571
0.32839
0.322655
0.308767
0.315756
0.281522
0.261349
0.289739
0.307704
0.107533
0.165005
0.156315
0.0959762
0.281284
0.302309
0.291575
0.271688
0.325946
0.313942
0.305038
0.316279
0.0810645
0.0883675
0.148403
0.143523
0.10753
0.0959685
0.156311
0.165103
0.081046
0.1436
0.148396
0.0883504
0.325943
0.316279
0.305032
0.313915
0.281392
0.271624
0.291322
0.302311
0.048451
0.130655
0.135598
0.0573407
0.281511
0.307696
0.28968
0.261305
0.328385
0.315727
0.30882
0.322771
0.0733247
0.0656699
0.13988
0.142935
-0.0714446
-0.0518659
-0.026075
-0.109115
0.0345914
0.045636
0.00907297
-0.0202951
0.0673773
0.0483617
0.0323936
0.0570413
-0.143641
-0.153453
-0.00691866
0.00963656
0.0129594
0.0345722
0.0366708
0.017386
0.0700039
0.0696561
0.0543051
0.0539537
0.0679164
0.0563826
0.0550618
0.0688288
0.0305882
0.0234952
0.0395691
0.0435712
0.0594014
0.13221
0.122132
0.0885147
0.152574
0.128259
0.125832
0.150914
0.0844452
0.0852594
0.104355
0.105967
0.0855613
0.0994262
0.103194
0.0859511
-0.00441765
-0.00591436
0.0511356
0.0548823
-0.0908855
0.0243963
0.0387767
-0.00881003
0.0830939
0.104199
0.0834478
0.0644492
0.134701
0.0963493
0.0948348
0.12535
-0.0714698
-0.109224
-0.0260672
-0.0518941
-0.124335
0.00968165
-0.00683809
-0.153753
0.0674168
0.0570662
0.0324553
0.048399
0.0345912
-0.0204276
0.00908625
0.0456513
-0.00391535
0.0548915
0.0511874
-0.0165073
0.134707
0.125388
0.0949342
0.0963514
0.0831383
0.0648908
0.0835305
0.104243
-0.102771
-0.00849195
0.0388865
0.0247818
0.0593223
0.0884745
0.122138
0.13221
0.0855456
0.085952
0.1032
0.0997281
0.0844761
0.105996
0.104371
0.0852751
0.152592
0.150919
0.125845
0.128284
0.0133317
0.0175621
0.0367109
0.0348564
0.0306351
0.0435981
0.0396201
0.0236296
0.0679452
0.0688425
0.0550717
0.0564025
0.0699911
0.0539389
0.0542997
0.0696541
-0.0511331
-0.011785
-0.00973719
-0.0356995
-0.0162572
-0.0134899
-0.0120717
-0.0146918
-0.00721181
-0.00486484
-0.00881767
-0.0104984
-0.0195247
-0.0298501
-0.00992209
-0.00748317
-0.0510868
-0.0356709
-0.00971911
-0.0117662
-0.0192497
-0.00765643
-0.00992403
-0.0298743
-0.00721183
-0.0104985
-0.00881782
-0.00486569
-0.0162575
-0.0146927
-0.0120723
-0.0134901
-0.0224178
-0.0221404
-0.0141262
-0.0147038
-0.0182961
-0.00671644
-0.00403179
-0.0117204
-0.00582046
-0.00307044
-0.00329592
-0.00618351
-0.0158537
-0.0203223
-0.0114509
-0.00827046
-0.0218106
-0.0151027
-0.0142269
-0.0235482
-0.0158112
-0.00824922
-0.0115841
-0.0200086
-0.00582052
-0.00618356
-0.003296
-0.00307051
-0.0182963
-0.011031
-0.00402911
-0.00671559
0.1251
0.13816
0.169591
0.170255
0.168651
0.160011
0.164938
0.150284
0.127165
0.132873
0.203914
0.180669
0.15256
0.249468
0.227809
0.138525
0.0728328
0.11455
0.130704
0.123259
0.150199
0.154725
0.132827
0.126335
0.121947
0.160573
0.14087
0.107937
0.177391
0.159558
0.143788
0.153358
0.0729176
0.12332
0.130702
0.114532
0.177397
0.15337
0.143842
0.159561
0.121947
0.107937
0.140953
0.160559
0.150201
0.126707
0.132849
0.154736
0.1251
0.17034
0.169584
0.13815
0.152574
0.138536
0.227738
0.249226
0.127167
0.18067
0.203988
0.13288
0.168679
0.150291
0.164948
0.159918
0.0699693
0.0426807
0.103591
0.0921164
0.00284007
0.0928472
0.115583
0.115964
0.0748212
0.0775918
0.144665
0.142169
0.120755
0.107858
0.140919
0.0758532
0.0698212
0.0919661
0.103566
0.0428558
0.120756
0.0758317
0.140945
0.107863
0.074818
0.142171
0.14484
0.0777082
0.00285178
0.117185
0.115512
0.0928587
0.0510828
0.0897215
0.109685
0.0887695
0.0949763
0.120678
0.120558
0.0953102
0.0709368
0.0729324
0.129031
0.131226
0.115055
0.0681628
0.0730644
0.0714868
0.0510534
0.0882464
0.109649
0.0897133
0.115094
0.0715009
0.0730857
0.0679569
0.0709505
0.131221
0.12905
0.0728314
0.0949771
0.095313
0.120585
0.120681
