-0.814552
0.365
-2.165
-0.605
0.375
2.54124
-0.735
1.085
-2.26819
-0.675
1.325
2.43921
0.704757
0.405
-2.295
0.675
0.405
2.50247
0.739348
1.085
-2.265
0.675
1.325
2.4392
0.0633675
0.0353622
0.125049
0.139346
0.115276
0.11527
0.122006
0.135481
-0.0491088
0.00502238
0.0517671
0.0237664
-0.0293629
-0.0729402
-0.109702
-0.0511019
0.00855223
0.0680367
0.039895
-0.0195083
-0.0659265
-0.102842
-0.0372429
0.0258337
0.123721
0.119911
0.010235
-0.0406282
-0.0736657
0.0516793
0.112235
0.185525
0.19353
0.127212
0.0674569
0.023576
-0.0539411
0.00488057
0.0610113
0.0320472
-0.0215168
-0.0685698
-0.106667
-0.0604905
-0.0629681
-0.101809
-0.0523219
-0.0461022
-0.0760918
0.0454439
0.107897
0.189118
0.200712
0.129173
0.0671305
0.024171
-0.0442849
0.018286
0.105829
0.0932098
0.000762002
-0.0503225
-0.0862101
-0.0551632
-0.0509541
-0.0839938
-0.0490887
-0.0370219
-0.0608274
0.0530448
0.114735
0.196958
0.210634
0.141195
0.0812516
0.040438
-0.0258293
0.036741
0.123139
0.118088
0.0283135
-0.0289914
-0.0662365
-0.0351615
0.0264339
0.130903
0.1329
0.0278848
-0.0300288
-0.063732
-0.0267502
0.0319508
0.142777
0.153947
0.0405088
-0.0123033
-0.0397062
0.0688132
0.128577
0.20471
0.217341
0.154745
0.0980588
0.0574437
0.0730624
0.0243889
-0.0159587
-0.023871
0.00172473
0.0305373
0.12506
0.114579
0.0149965
0.0543777
0.101307
0.0531559
-0.0103973
0.0726612
0.110009
0.0538169
0.0657868
0.163657
0.0840861
0.195956
0.0804449
0.124808
0.575998
0.569073
0.11522
0.192318
0.202465
0.122529
0.146759
0.187868
0.045947
0.193044
0.307933
0.185993
0.202078
0.0828521
0.614363
0.236419
0.222752
0.05352
0.0797553
0.00592905
0.0458686
0.0163862
-0.000393258
0.0756608
-0.0214586
0.00620367
0.0547892
0.0983081
0.0851618
0.00310732
0.00863664
0.0309121
0.0292578
0.0880198
0.0515969
-0.000399302
0.0767808
0.0562218
0.0986416
0.0559792
0.0813527
0.00871975
0.0065699
0.0308582
0.062154
0.064576
0.138701
0.0639371
0.0460473
0.056642
0.214183
0.0603678
0.13759
0.188641
0.127381
0.52927
0.0733126
0.202856
0.118727
0.550121
0.115299
0.09015
0.115248
0.184739
0.0875539
0.0888561
0.115192
0.184714
0.132541
0.529319
0.200225
0.124705
0.0723321
0.548919
0.205441
0.116875
0.129269
0.316307
0.0362286
0.349077
0.108028
0.0275998
0.159849
-0.00721722
0.0263369
0.0382969
0.242932
0.0396954
0.171429
0.265314
0.159502
0.183738
0.0518025
0.0433787
0.16305
0.0776756
0.182183
0.285367
0.175533
0.0566427
0.136163
0.00312793
0.221772
0.064665
0.179648
0.182436
0.154094
0.0775913
0.167377
0.0645797
0.144403
0.176035
0.0760191
0.0834691
0.193011
0.239907
0.082235
0.0607996
0.201553
0.610465
0.326126
0.614987
0.596629
0.10999
0.191318
0.0894866
0.178855
0.197931
0.202531
0.23546
0.208265
0.610703
0.0856091
0.11629
0.17517
0.147152
0.166929
0.1711
0.188977
0.173619
0.022268
0.0446408
0.0885273
0.0603058
0.152805
0.291036
0.2906
0.152244
0.335176
0.216449
0.249874
0.315893
0.153814
0.175818
0.203277
0.196809
0.188587
0.206003
0.207056
0.190122
0.0642584
0.0898187
0.0891947
0.061769
0.612252
0.598649
0.598395
0.612257
0.240626
0.176761
0.130953
0.165509
0.234824
0.161629
0.118088
0.146013
0.0490627
0.0826097
0.039664
0.0256038
0.109128
0.0496538
0.0496139
0.108799
0.0803568
0.0946308
0.00923038
0.0022498
-0.0286431
0.000345883
-0.00170282
0.0482678
0.00398404
-0.00812593
0.032151
0.0706627
0.0567412
-0.0102101
0.00835973
0.0169311
0.0265065
0.0379269
0.0365241
0.00265747
0.0537565
0.0221148
0.0678226
0.0282783
0.0542761
0.00844269
-0.00845424
0.0169054
0.0627583
0.0639717
0.0190615
0.0537311
0.043007
0.0484167
0.199674
0.0594584
0.117406
0.172973
0.12621
0.458546
0.0861782
0.174259
0.11979
0.431293
0.115285
0.0912512
0.115262
0.203036
0.0880765
0.0905531
0.115179
0.214616
0.113796
0.454152
0.176169
0.123378
0.0847863
0.428473
0.173461
0.117996
0.0605866
0.0753232
0.118463
0.223252
0.0204323
0.0265743
0.0334496
0.24448
0.00188661
0.0615332
0.0528244
0.0157837
-0.0512347
-0.0150168
0.138797
-0.0144439
-0.0136115
-0.00315161
0.0135569
0.0281043
0.0316806
0.0412519
0.245724
0.045866
0.114699
0.114801
0.150004
0.24381
0.10234
0.125766
0.146026
0.170529
0.00953335
0.00958665
0.0378983
0.0119839
0.045004
0.0639318
0.120744
0.0768056
0.0955156
0.0985292
0.170044
0.230049
0.0532327
0.0542152
0.134389
0.0616142
0.0110344
0.00563418
0.11323
0.00154827
0.0773312
0.0795153
0.221416
0.0814492
0.098097
0.121626
0.150128
0.169627
0.0448957
0.0632082
0.114689
0.0766742
0.0651804
0.0663893
0.178479
0.0599046
0.166473
0.179621
0.153951
0.169492
0.0759509
0.0889312
0.0794932
0.0837778
0.203342
0.212388
0.19652
0.225563
0.073483
0.0870618
0.0819263
0.0709435
0.126405
0.121549
0.178245
0.447674
0.564283
0.564467
0.45124
0.613385
0.555703
0.555061
0.587762
0.113084
0.115234
0.115206
0.207218
0.0909123
0.204068
0.199335
0.185495
0.194916
0.18049
0.213566
0.202597
0.218257
0.123943
0.119436
0.180336
0.445876
0.143361
0.125204
0.158253
0.139792
0.188904
0.182303
0.188123
0.185977
0.0432177
0.0367731
0.0512932
0.0725554
0.187195
0.190182
0.190185
0.201883
0.298188
0.325962
0.319829
0.306281
0.188088
0.182477
0.189506
0.201387
0.209112
0.201178
0.202305
0.21221
0.0756161
0.0831608
0.0825437
0.0879947
0.618057
0.616402
0.605524
0.617967
0.221106
0.232056
0.229891
0.242382
0.212581
0.214203
0.221891
0.231396
0.0499578
0.0489623
0.0601173
0.0571549
0.0657349
0.0792893
0.0792421
0.0948726
-0.000354375
-0.0121678
0.023637
0.00445141
0.0758904
0.243966
0.0199357
0.230459
0.0215535
0.0106787
0.166245
0.0814548
0.000119252
0.0579081
0.172724
0.0441255
0.103628
0.190472
0.130035
0.226458
0.121178
0.135893
0.126614
-0.000335052
0.035892
0.00484928
0.103766
0.049599
0.0432443
0.195682
0.166143
0.217858
0.116525
0.0513446
0.017394
0.0761784
0.128967
0.103342
0.139836
0.0488711
0.128612
0.214451
0.120177
0.175804
0.126147
0.135423
0.0358856
0.00747782
0.11346
0.00830244
0.0954717
0.0495732
0.01064
0.0528267
0.161513
0.0581105
0.127834
0.146259
0.0646366
0.0626589
0.242274
0.0561928
0.193114
0.060784
0.179839
0.232208
0.0610874
0.0580763
0.164221
0.251536
0.182439
0.192602
0.177021
0.449666
0.412111
0.606239
0.130702
0.105598
0.204801
0.16355
0.17053
0.441382
0.58966
0.124745
0.0811053
0.0946767
0.0920461
0.0891687
0.205149
0.0910818
0.179478
0.186661
0.232956
0.0864644
0.088234
0.084957
0.0833099
0.0907643
0.189023
0.229749
0.167721
0.251186
0.412138
0.606092
0.195026
0.202874
0.179299
0.449608
0.127256
0.105291
0.589579
0.123946
0.207045
0.168301
0.173244
0.440287
0.108849
0.134949
0.351516
0.318504
0.0283299
0.0404312
0.357092
0.337526
0.0971308
0.11515
0.0263318
0.0554651
0.171466
0.149828
-0.0245808
-0.00295874
0.0341321
0.0322717
0.033703
0.0446111
0.245944
0.23725
0.0467289
0.0364509
0.163924
0.163741
0.223486
0.215206
0.163164
0.160035
0.171544
0.175108
0.0507771
0.0507587
0.0401554
0.0395158
0.146077
0.173027
0.0934144
0.0636212
0.17264
0.171566
0.30101
0.296729
0.173289
0.17739
0.0528093
0.0626522
0.131096
0.142907
-0.0106532
0.00661299
0.232486
0.209192
0.0797711
0.0583186
0.183025
0.177262
0.174537
0.171061
0.166496
0.134207
0.0635582
0.0932071
0.161149
0.171799
0.062974
0.0624513
0.144205
0.159726
0.179684
0.192534
0.0819674
0.0681626
0.0757836
0.0884629
0.194115
0.207062
0.231408
0.225342
0.087545
0.074528
0.0549315
0.0676881
0.202512
0.200459
0.612795
0.604662
0.312154
0.312583
0.620314
0.62069
0.599736
0.599936
0.11011
0.109947
0.19051
0.191224
0.0888367
0.08853
0.183951
0.189943
0.208405
0.207526
0.213013
0.20728
0.226373
0.219255
0.208119
0.2077
0.604587
0.613213
0.00359133
0.0380757
0.119101
0.0989848
0.145301
0.155327
0.128416
0.106705
0.17253
0.155721
0.153535
0.169326
0.0938393
0.126439
0.147756
0.135726
0.106793
0.165306
0.178864
0.125381
0.0989116
0.140932
0.181647
0.157703
0.176564
0.19141
0.184175
0.159664
0.177103
0.137973
0.186228
0.197052
0.0102369
0.0264661
0.0346557
0.0150571
0.0466359
0.0600946
0.0480097
0.0383424
0.0859056
0.0854575
0.0573903
0.0681565
0.0457707
0.0426786
0.0640099
0.0720648
0.107998
0.154673
0.180581
0.142304
0.373918
0.438811
0.19855
0.180668
0.374025
0.179248
0.187531
0.43888
0.107389
0.142096
0.180331
0.153818
0.174418
0.194944
0.333483
0.245758
0.14509
0.199015
0.320225
0.24718
0.137694
0.228832
0.311807
0.196398
0.142352
0.227895
0.305896
0.180031
0.152915
0.170052
0.18483
0.172884
0.199636
0.198912
0.191068
0.185859
0.177956
0.175382
0.204252
0.20985
0.174988
0.185894
0.198306
0.178993
0.204093
0.206079
0.209772
0.206195
0.177707
0.180819
0.210972
0.203252
0.177411
0.213405
0.212662
0.177651
0.0843299
0.20841
0.208108
0.206217
0.0569865
0.0758672
0.0756997
0.0588372
0.0911665
0.090997
0.0882288
0.088697
0.0906944
0.0873185
0.0877707
0.0908391
0.0611371
0.0602258
0.0750729
0.0740209
0.454248
0.448428
0.620496
0.61814
0.443567
0.589698
0.608963
0.44347
0.442889
0.442111
0.608989
0.59008
0.45259
0.618111
0.620861
0.446882
0.228411
0.24803
0.233987
0.226657
0.154289
0.156864
0.228025
0.233844
0.0923102
0.112248
0.176766
0.135754
0.145788
0.183866
0.237599
0.126669
0.227467
0.228951
0.222546
0.231085
0.146114
0.121858
0.232034
0.180364
0.083353
0.11703
0.165525
0.105139
0.112113
0.211538
0.204577
0.117197
0.0552812
0.0645106
0.0519419
0.0547045
0.0783765
0.0839586
0.0638993
0.0777129
0.0226804
0.0135993
0.0558263
0.0782587
0.0203726
0.0399179
0.0455945
0.00495347
0.0750869
0.0911251
0.094696
0.119723
0.0354732
0.0369436
0.0647226
0.0629891
0.0354664
0.0629048
0.0646892
0.0369415
0.0743088
0.119466
0.0945943
0.0911104
0.0534999
0.0216603
-0.018427
-0.0257795
0.0790026
-0.00443944
-0.0114646
0.0400071
0.00618731
0.00957209
0.00869852
0.00510297
0.00249818
-0.00812597
0.00338879
0.0086759
-0.0349549
-0.0197198
-0.00213597
0.0167898
-0.111519
-0.00387877
0.0160116
0.0232979
0.0375339
-0.0125173
0.0082703
0.0100034
0.0172169
0.011749
0.0141021
0.00407889
0.0322254
0.00920097
0.0228568
0.01421
0.0369666
0.00830922
-0.010949
0.00998635
0.0630604
0.0636696
0.132149
0.0369361
0.0498307
0.0568077
0.21142
0.0476103
0.126967
0.140424
0.125615
0.292527
0.13129
0.157132
0.125193
0.291583
0.115278
0.0819498
0.115269
0.190474
0.115292
0.0874212
0.115173
0.210426
0.123321
0.289145
0.142376
0.122669
0.127642
0.288586
0.154901
0.123564
0.0668479
0.0763156
0.104462
0.174572
0.0225383
0.0256875
0.0320561
0.23781
0.00198963
-0.0111847
0.0314706
0.000140708
-0.0312556
-0.0186904
0.11037
-0.018212
-0.000722924
-0.00446465
0.00978248
0.0569501
0.0311031
0.0392413
0.220433
0.0483389
0.11978
0.119947
0.138802
0.217989
0.108227
0.120288
0.137752
0.142054
0.00979373
0.00982529
0.030946
0.01401
0.0494727
0.0594201
0.0992877
0.0763351
0.106246
0.0993493
0.140493
0.188583
0.0537133
0.0533728
0.117278
0.0587298
-0.0122612
0.00216789
0.0857697
-0.0003467
0.072383
0.0729231
0.191233
0.079517
0.103895
0.115973
0.136844
0.141947
0.0490422
0.0586811
0.0948541
0.076162
0.0654826
0.0660871
0.161671
0.0462254
0.159024
0.171374
0.158726
0.166591
0.0805854
0.0870735
0.0812302
0.0839319
0.127524
0.205954
0.198276
0.19575
0.0781037
0.0848904
0.0817715
0.0791663
0.126236
0.123181
0.14398
0.286257
0.570406
0.570495
0.513582
0.601718
0.572965
0.572417
0.581677
0.422944
0.115227
0.115213
0.193547
0.0866368
0.192319
0.195644
0.188817
0.193639
0.19863
0.208024
0.2028
0.19142
0.123582
0.120998
0.144569
0.284369
0.145132
0.138565
0.147782
0.150079
0.18848
0.184263
0.185769
0.190799
0.0445802
0.04136
0.0486182
0.0495973
0.190596
0.191647
0.191727
0.183859
0.305357
0.270898
0.323033
0.308025
0.180824
0.184254
0.187751
0.193767
0.198852
0.201972
0.202193
0.207164
0.0798026
0.0830062
0.0826979
0.0859899
0.616376
0.617164
0.609955
0.61633
0.233936
0.234457
0.234304
0.235537
0.21987
0.218278
0.221539
0.228969
0.0517387
0.05124
0.0568186
0.055341
0.0727451
0.0792563
0.0792336
0.0873139
0.00309746
0.000942611
0.00873491
0.0051613
0.00519801
0.05465
0.0742147
0.196295
0.0130631
0.0201197
0.0187339
0.225282
-0.00107259
0.0012469
0.00694372
-0.00441106
0.0619084
0.0539782
0.153391
0.0819366
-0.0212801
-0.0159952
-0.0068241
0.0363074
0.0092934
0.0077092
0.153371
0.0447125
0.0465177
0.0704849
0.0842067
0.140443
0.0899953
0.106678
0.116705
0.198441
0.0726622
0.0942816
0.114564
0.106809
0.0066724
-0.0103045
0.103666
-0.00221639
0.00874583
0.00927549
0.029012
0.0061934
0.0238755
0.0372913
0.0818476
0.049156
0.0300379
0.0279165
0.0423961
0.188187
0.0799576
0.0950238
0.136711
0.165055
0.0520795
0.0516262
0.107058
0.0494646
0.00105881
-0.00178938
0.00950028
0.05861
0.0654566
0.0825424
0.115521
0.107552
0.032714
0.0576009
0.122812
0.0507289
0.0902984
0.106848
0.115922
0.19462
0.0421945
0.0754746
0.0989048
0.124218
0.068755
0.0901693
0.114031
0.106161
0.00883862
0.0093258
0.0290204
0.0075466
0.00759034
0.00658246
0.0901228
0.0065862
0.0237476
0.0366804
0.0764434
0.0487017
0.0624561
0.0618519
0.121438
0.0375588
0.0642739
0.0648782
0.146687
0.0445739
0.104154
0.153218
0.133443
0.142482
0.0629496
0.072451
0.0668019
0.0625801
0.0481118
0.0476497
0.209536
0.0471994
0.0581505
0.0666915
0.17625
0.0476881
0.215345
0.213497
0.145654
0.221936
0.0577054
0.070002
0.0607467
0.0658218
0.140417
0.132435
0.155012
0.213074
0.180446
0.188359
0.185537
0.190623
0.126795
0.127617
0.145223
0.289465
0.507792
0.554358
0.470054
0.585553
0.0778915
0.0687561
0.112513
0.10333
0.189366
0.215565
0.211386
0.12156
0.12019
0.119932
0.138697
0.279996
0.539165
0.553296
0.582008
0.448702
0.115292
0.115296
0.195211
0.0881082
0.091329
0.0919213
0.0937998
0.0892516
0.115255
0.115241
0.191678
0.0825714
0.147282
0.194847
0.182338
0.1857
0.0853751
0.0778706
0.202093
0.0835757
0.0903262
0.0903702
0.0881603
0.0931471
0.115185
0.115199
0.195586
0.0870669
0.221038
0.16376
0.188473
0.213939
0.135426
0.127779
0.154128
0.213073
0.507837
0.554199
0.470129
0.585292
0.187881
0.203813
0.19762
0.201549
0.124043
0.125218
0.145565
0.288339
0.0769904
0.0677872
0.109311
0.103049
0.538102
0.55206
0.581901
0.446616
0.189534
0.218099
0.206304
0.173602
0.116613
0.117913
0.138934
0.278485
0.124857
0.133239
0.122559
0.134852
0.29285
0.287064
0.328956
0.316648
0.0348436
0.040068
0.0322792
0.038327
0.286947
0.353479
0.352804
0.344568
0.0901774
0.114754
0.100707
0.107271
0.0245299
0.0321865
0.0268446
0.0319528
0.151232
0.182842
0.161499
0.155845
-0.0108316
-0.00365424
-0.0118469
-0.00425089
0.024141
0.0363102
0.0313977
0.024643
0.03327
-0.0259955
0.0359965
0.0398816
0.244304
0.237705
0.240391
0.244671
0.0383104
0.0410815
0.0407963
0.0380852
0.161204
0.179283
0.167704
0.167563
0.21742
0.23151
0.224028
0.223741
0.150062
0.164472
0.153083
0.165626
0.178977
0.188002
0.178026
0.186686
0.0448504
0.0587547
0.0512879
0.0512764
0.0434078
0.0396042
0.0418423
0.0418308
0.138088
0.196006
0.150272
0.171204
0.0771064
0.0781458
0.0855323
0.0706438
0.174473
0.181886
0.179077
0.179322
0.271779
0.298148
0.296829
0.24817
0.162819
0.178508
0.174322
0.178784
0.0593178
0.053968
0.0547245
0.0605853
0.126311
0.167501
0.134536
0.137021
0.00237653
0.00388183
-0.0001957
0.00545202
0.221409
0.219709
0.231207
0.219789
0.0700192
0.0634185
0.0673315
0.0615029
0.160315
0.188751
0.184664
0.168768
0.177897
0.187295
0.18589
0.17675
0.130577
0.188411
0.164133
0.139892
0.0769996
0.0780816
0.0705704
0.0853876
0.131184
0.181106
0.164263
0.169786
0.0641566
0.0725666
0.0630529
0.0627917
0.149176
0.139596
0.139599
0.152039
0.172587
0.179467
0.170848
0.184348
0.0777561
0.0742527
0.0789934
0.0720908
0.0836234
0.0833149
0.0801939
0.0865317
0.194703
0.19126
0.188402
0.200079
0.238441
0.241195
0.23542
0.238854
0.0820808
0.0823892
0.085458
0.0789517
0.0626152
0.0589795
0.0578652
0.0642443
0.190888
0.208788
0.202047
0.201245
0.584448
0.616672
0.612708
0.607569
0.38895
0.262812
0.319238
0.319494
0.614363
0.615779
0.617267
0.618157
0.592225
0.601091
0.59855
0.598554
0.117549
0.102431
0.109789
0.109706
0.159952
0.202839
0.191029
0.191563
0.0908162
0.0911346
0.0887536
0.0885976
0.182174
0.180204
0.181366
0.179017
0.196194
0.199727
0.19616
0.202731
0.202403
0.202418
0.207833
0.198915
0.236472
0.233662
0.230371
0.235023
0.194841
0.217028
0.208665
0.20794
0.582377
0.616632
0.607658
0.613089
0.0831781
0.0571632
0.0971427
0.0889611
0.0971362
0.122064
0.124107
0.130495
0.171029
0.179189
0.170394
0.167354
0.142388
0.140946
0.142175
0.152084
0.163792
0.149854
0.169074
0.167489
0.152228
0.147629
0.172306
0.177673
0.179247
0.192301
0.183702
0.186469
0.159339
0.17655
0.184576
0.182246
0.0210665
0.018338
0.0243809
0.0281322
0.0439361
0.0485766
0.0425361
0.0465808
0.0931658
0.0902921
0.0865234
0.0849415
0.0577054
0.0624712
0.0578175
0.0642341
0.142431
0.147915
0.15888
0.16241
0.271525
0.353399
0.228783
0.30505
0.270363
0.353248
0.228278
0.305255
0.141771
0.147543
0.15859
0.161799
0.283475
0.314203
0.347446
0.35367
0.25081
0.24348
0.253057
0.221222
0.238839
0.249011
0.211686
0.23655
0.28977
0.28547
0.330867
0.330339
0.118409
0.150037
0.15759
0.168379
0.146229
0.177835
0.173811
0.192221
0.203675
0.191092
0.213335
0.202935
0.194578
0.194386
0.20066
0.198939
0.152757
0.187622
0.189549
0.199922
0.204201
0.203116
0.212234
0.207018
0.206751
0.192973
0.218038
0.207427
0.165454
0.18958
0.190676
0.204567
0.0634087
0.0627377
0.0628954
0.0725087
0.0890859
0.0910727
0.091528
0.0889198
0.0883078
0.0905879
0.0907696
0.0884562
0.0604428
0.061428
0.0621102
0.0712442
0.584255
0.611966
0.612552
0.618955
0.57382
0.594383
0.601695
0.599978
0.594178
0.572259
0.600149
0.601492
0.611768
0.582182
0.618917
0.612779
0.2415
0.240738
0.243279
0.234012
0.173038
0.174377
0.180186
0.202097
0.126736
0.12132
0.141129
0.141548
0.14827
0.163947
0.16792
0.190272
0.233875
0.236579
0.233652
0.222336
0.144577
0.159887
0.161505
0.183572
0.111396
0.109957
0.124272
0.128766
0.137797
0.143433
0.150415
0.188039
0.0551813
0.050292
0.0478975
0.0519972
0.0775544
0.0837856
0.0811908
0.0711329
0.0301464
0.0440379
0.0368677
0.0552536
0.0198398
0.0237591
0.0269879
0.027089
0.107134
0.122236
0.101271
0.109277
0.0427722
0.0493454
0.0501523
0.0566275
0.0427501
0.0493094
0.0501205
0.0565755
0.107195
0.121869
0.101003
0.109032
0.0808285
0.0693031
-0.038308
0.0637452
0.0853165
0.098987
0.0960205
-0.0228749
0.00832602
0.00912282
0.0101665
0.00866926
0.000950012
0.00371672
-0.000449416
0.0148443
-0.00762633
0.125086
0.00509206
0.164576
-0.0059756
-0.00583595
0.141509
0.0525772
0.0139858
0.0457733
0.128745
0.00704098
0.0688325
0.0960767
0.0936991
0.122268
0.0868364
0.0752456
0.0770411
-0.000921745
0.0290046
0.00330949
0.0694611
0.0351608
0.0463351
0.127746
0.0886032
0.101051
0.0928232
0.0439712
0.0139792
0.0604883
0.097353
0.0824475
0.0920938
0.0241184
0.0925235
0.119408
0.0740518
0.0881792
0.0864178
0.0759136
0.029011
0.00507226
0.0668632
0.00306719
0.0634283
0.0351577
0.127731
0.0265935
0.139392
0.0438557
0.110643
0.023511
0.0486765
0.0531802
0.160084
0.0397149
0.183351
0.0475656
0.203372
0.216704
0.0607699
0.0550602
0.148313
0.283609
0.172789
0.173968
0.143373
0.291031
0.426428
0.456888
0.128295
0.0929549
0.176642
0.122088
0.138707
0.282155
0.44536
0.364348
0.193698
0.0728309
0.0885584
0.091445
0.191076
0.0822609
0.209586
0.203628
0.193569
0.0734686
0.0909058
0.0884791
0.196606
0.0872833
0.0848458
0.215516
0.147476
0.278872
0.426831
0.453856
0.176018
0.176937
0.144276
0.288461
0.126361
0.0921938
0.442443
0.361639
0.175719
0.145656
0.138284
0.280948
0.0923942
0.176164
0.108507
0.197821
0.110485
0.127599
0.205922
0.255476
0.0255586
0.239633
0.0372494
0.219672
0.0299576
0.0358889
0.246246
0.238911
0.0163494
0.00586321
0.0987224
0.0324693
0.0463127
0.059812
0.0150248
0.0200244
0.12922
-0.0369813
0.114573
-0.0110945
0.14121
0.139619
-0.0159056
-0.0105737
-0.002205
0.0438089
0.00582755
0.0556225
0.011698
0.011442
0.0248932
0.0300178
0.219845
0.0481995
0.218111
0.0450057
0.242594
0.248447
0.0542502
0.0511737
0.130672
0.215344
0.130505
0.213573
0.146442
0.145849
0.218413
0.220186
0.125576
0.131429
0.147222
0.160037
0.150656
0.139191
0.162668
0.176316
0.0296929
0.0099762
0.0297001
0.0103649
0.037419
0.0374156
0.0114472
0.0109618
0.0919624
0.0631083
0.106038
0.089849
0.116449
0.124552
0.0839487
0.0698817
0.13907
0.129892
0.136158
0.176963
0.168967
0.165339
0.231723
0.188819
0.10999
0.0576911
0.120013
0.0614927
0.128924
0.137285
0.0608526
0.0648757
0.0880997
-0.0071706
0.0960424
0.00432143
0.118549
0.114363
0.0020176
0.00377904
0.186379
0.0787598
0.198141
0.081544
0.230166
0.220749
0.0827199
0.0798595
0.125214
0.130548
0.146553
0.158244
0.143649
0.154789
0.175399
0.161735
0.0870843
0.0630128
0.102231
0.0896152
0.119167
0.109849
0.069773
0.0837708
0.154188
0.0454419
0.169077
0.0466007
0.0485634
0.182172
0.0577794
0.0591906
0.160885
0.169669
0.174163
0.182759
0.149094
0.161671
0.164472
0.177425
0.074016
0.0770431
0.0872025
0.0899462
0.0824752
0.0757791
0.0803896
0.0868026
0.201215
0.212695
0.211354
0.201936
0.19261
0.203283
0.230145
0.203935
0.0749087
0.0724892
0.0883444
0.0858331
0.0851912
0.0785446
0.0677254
0.0743293
0.145643
0.287472
0.141084
0.281524
0.177838
0.179021
0.447078
0.444629
0.501145
0.600534
0.501233
0.600589
0.444605
0.444584
0.615806
0.615876
0.585387
0.435649
0.585665
0.434608
0.588889
0.58907
0.116143
0.116011
0.19253
0.086425
0.194568
0.0868532
0.0810221
0.0820429
0.0911976
0.0911201
0.200591
0.205119
0.19514
0.201343
0.188423
0.185515
0.194076
0.198601
0.205863
0.213574
0.213701
0.150236
0.208017
0.198895
0.227575
0.200317
0.146164
0.285369
0.141422
0.279873
0.18141
0.179617
0.443109
0.445372
0.134412
0.147141
0.122117
0.12632
0.162247
0.152996
0.133605
0.145498
0.184088
0.183493
0.180572
0.186597
0.185274
0.191441
0.186357
0.187377
0.0389366
0.0456098
0.0357122
0.0407703
0.0496497
0.0550675
0.0747064
0.0682836
0.184151
0.183916
0.185414
0.182662
0.185573
0.185608
0.21233
0.196777
0.2743
0.32236
0.330048
0.320437
0.320447
0.31625
0.315462
0.262799
0.186472
0.189567
0.176826
0.190492
0.184637
0.196973
0.202886
0.200012
0.209602
0.208514
0.198235
0.206155
0.207547
0.198881
0.212032
0.21252
0.0767939
0.0764811
0.0799983
0.0862608
0.0857238
0.0793771
0.0892456
0.0890172
0.620905
0.613554
0.618473
0.61902
0.607528
0.607476
0.61349
0.620972
0.229164
0.201905
0.230799
0.232579
0.208115
0.233357
0.237115
0.238514
0.191443
0.208561
0.220587
0.211821
0.230396
0.19867
0.22647
0.230117
0.0528942
0.0477955
0.0504537
0.0472593
0.0620157
0.0579695
0.0545484
0.0605271
0.0652268
0.065209
0.0869922
0.0717389
0.0716991
0.0869179
0.0945226
0.0944697
-0.00533566
0.00236893
-0.0150418
-0.0118932
0.0117916
0.0201975
0.000229373
0.00730222
0.0405621
0.087703
0.210771
0.254316
0.0171886
0.0229746
0.207862
0.240436
0.015673
0.0310889
0.0116455
0.0154952
0.159988
0.168322
0.0672212
-0.0360563
-0.0011871
0.00253636
0.055748
0.0564887
0.162822
0.200494
0.0427001
0.04647
0.098984
0.125374
0.168089
0.21232
0.121894
0.136442
0.215905
0.195721
0.107827
0.128639
0.123875
0.145087
0.106176
0.131074
0.00152035
-0.00399867
0.0353919
0.0363517
0.00369539
0.00652823
0.100026
0.108068
0.0425355
0.0564327
0.0453724
0.0407976
0.173018
0.213557
0.151313
0.166316
0.200955
0.204628
0.106545
0.119097
0.0496334
0.0520935
0.0201479
0.0155261
0.0777059
0.0773894
0.120314
0.134328
0.0910046
-0.012117
0.124841
0.176302
0.0350822
0.0543355
0.121594
0.13557
0.193934
0.191532
0.109126
0.136173
0.156437
0.192024
0.113088
0.136467
0.12299
0.144741
0.0358342
0.0363447
0.00688176
0.00843442
0.09381
0.115017
0.00776284
0.00684895
0.090861
0.100264
0.0425189
0.0560654
0.0502375
0.0539582
0.0500987
0.0468338
0.0316693
0.0401035
0.0533819
0.0545433
0.0430093
0.141791
0.112125
0.160756
0.0591157
0.0683507
0.0633367
0.0724038
0.244035
0.245109
0.0570021
0.0555787
0.0708183
0.0638556
0.061365
0.0605507
0.154672
0.197074
0.244505
0.22419
0.0595258
0.0706397
0.0573301
0.0612924
0.16979
0.160129
0.316503
0.190027
0.177045
0.177444
0.183599
0.194292
0.176
0.178073
0.450876
0.44903
0.400246
0.433129
0.575123
0.617325
0.133282
0.128688
0.096179
0.0982681
0.191706
0.214804
0.157333
0.17132
0.171325
0.172773
0.441956
0.442417
0.5686
0.590231
0.100335
0.122116
0.0901055
0.188935
0.0943361
0.0938061
0.0933905
0.0884395
0.0912009
0.0916816
0.0790118
0.0800299
0.0913625
0.0912801
0.115234
0.188461
0.149767
0.197335
0.245557
0.23198
0.0858307
0.0852143
0.0904759
0.0905432
0.0856402
0.0810988
0.083814
0.082861
0.0909742
0.0910466
0.168043
0.204886
0.239662
0.227214
0.173148
0.16411
0.316247
0.192475
0.400463
0.433244
0.57367
0.617171
0.185178
0.194645
0.190081
0.207804
0.178565
0.18011
0.451099
0.448252
0.130631
0.124514
0.0958682
0.0982075
0.567195
0.590665
0.0999468
0.121713
0.19363
0.218156
0.160738
0.173927
0.172824
0.175375
0.438476
0.441182
0.111657
0.10651
0.130902
0.140088
0.295639
0.332822
0.319317
0.290879
0.027403
0.033598
0.0446875
0.0393851
0.362888
0.28613
0.281779
0.345005
0.0763174
0.108019
0.121789
0.107917
0.0303751
0.0234297
0.0511367
0.0597359
0.165591
0.203685
0.156852
0.143027
-0.0216223
-0.0251838
-0.00562639
0.000406837
0.0270362
0.0537926
0.0312891
0.0215814
0.0277369
-0.0324769
-0.0247081
0.0423445
0.247033
0.239417
0.229573
0.233355
0.0493354
0.0451561
0.0348391
0.0377847
0.172058
0.154149
0.153874
0.17186
0.210306
0.236117
0.228231
0.205957
0.16106
0.158665
0.155342
0.154564
0.167308
0.176672
0.180353
0.178988
0.0438604
0.0577357
0.0577095
0.0438501
0.0101816
0.0313993
0.0356965
0.02671
0.1295
0.160291
0.208507
0.145536
0.0921155
0.0937105
0.0641045
0.0631828
0.168417
0.173461
0.175362
0.165805
0.280264
0.306993
0.292889
0.291495
0.175943
0.15855
0.166309
0.180795
0.0561249
0.0504097
0.0597421
0.0664831
0.122581
0.139796
0.188609
0.132754
-0.00775092
-0.0106865
0.00776303
0.00588545
0.22219
0.231778
0.209723
0.209406
0.0737852
0.0672714
0.0587624
0.0653575
0.167991
0.181915
0.1784
0.170041
0.177692
0.18088
0.176285
0.166733
0.139089
0.203577
0.147584
0.119996
0.0631103
0.064055
0.0935555
0.0922784
0.124811
0.175119
0.186663
0.138459
0.0724614
0.0638287
0.0615651
0.0718679
0.149768
0.138666
0.155602
0.164528
0.182534
0.176289
0.189042
0.195614
0.0837124
0.0800974
0.0660378
0.0701138
0.07696
0.0768771
0.0894791
0.0897125
0.196385
0.192551
0.205701
0.208473
0.232676
0.231521
0.204846
0.238036
0.0885697
0.0887938
0.0759386
0.0754147
0.0564537
0.0534388
0.0657961
0.0694555
0.190766
0.211315
0.206129
0.190253
0.588632
0.618839
0.609227
0.579115
0.376548
0.248865
0.249482
0.376564
0.620424
0.619246
0.619605
0.620785
0.59472
0.60435
0.604459
0.594983
0.102403
0.120383
0.1202
0.102271
0.201746
0.156353
0.162769
0.20371
0.0909446
0.0912882
0.09091
0.090703
0.187679
0.183867
0.185755
0.193502
0.207056
0.209391
0.209466
0.205258
0.213008
0.212882
0.207681
0.20657
0.228594
0.224444
0.233191
0.202579
0.194931
0.215809
0.217533
0.193746
0.577444
0.609153
0.618871
0.586588
-0.0103564
0.00120648
0.0496924
0.0338762
0.0238882
0.0832738
0.0671778
0.00958707
0.136509
0.124819
0.100184
0.111309
0.0993418
0.08569
0.0949978
0.120751
0.133048
0.0917465
0.0749618
0.124936
0.15392
0.144339
0.136144
0.14744
0.137715
0.116211
0.128695
0.135165
0.0341039
0.115895
0.12314
0.0913052
0.144917
0.159048
0.174186
0.178635
0.14259
0.154154
0.165449
0.151422
0.154536
0.147571
0.164849
0.155778
0.166459
0.182886
0.172167
0.156827
0.0612372
0.0763639
0.11691
0.101834
0.10604
0.132591
0.13445
0.0991481
0.147967
0.160755
0.147563
0.137407
0.131294
0.120083
0.152585
0.149949
0.0632514
0.129079
0.148129
0.0988915
0.140142
0.173064
0.165202
0.138289
0.183885
0.177186
0.170097
0.178951
0.113247
0.109475
0.152067
0.160428
0.0619428
0.101324
0.127694
0.0865826
0.130604
0.163951
0.162882
0.119706
0.18433
0.179458
0.175538
0.186313
0.138749
0.11519
0.164033
0.172277
0.145934
0.186373
0.182591
0.158425
0.191951
0.184905
0.190401
0.199193
0.190086
0.182831
0.184175
0.180152
0.142078
0.150662
0.174481
0.163597
0.193161
0.195102
0.139925
0.101631
0.115988
0.166163
0.183428
0.178559
0.188008
0.186119
0.18513
0.182221
0.188792
0.191566
0.185353
0.182255
-0.00622432
0.0160743
0.017778
-0.00478516
0.0288127
0.0311231
0.0236831
0.0222901
0.0401461
0.0312783
0.0294699
0.0358674
0.00488448
0.00548097
0.0229457
0.0239174
0.0290024
0.0473275
0.046968
0.0442936
0.0581558
0.0577197
0.0501965
0.0500681
0.047112
0.0423751
0.0450277
0.0521874
0.0346486
0.0398745
0.0416605
0.0371123
0.0741878
0.0956031
0.0932781
0.0878055
0.0842163
0.0807344
0.0866905
0.0901885
0.0523323
0.0578029
0.083007
0.0771487
0.0596809
0.0867846
0.0905306
0.0638413
0.0285341
0.0389767
0.0586412
0.0618922
0.00892925
0.0296935
0.0545873
0.0349817
0.045185
0.070145
0.0619588
0.036361
0.0776232
0.0704089
0.0662924
0.0739349
0.0568476
0.0929126
0.136502
0.108163
0.136765
0.173291
0.157546
0.118972
0.187985
0.175574
0.167835
0.182575
0.135065
0.124342
0.14866
0.157797
0.290687
0.454098
0.336584
0.267718
0.507453
0.382738
0.370257
0.494175
0.180336
0.185475
0.241963
0.256077
0.1479
0.175889
0.209361
0.184382
0.289039
0.267947
0.336134
0.454256
0.147056
0.183202
0.210041
0.174074
0.183203
0.256257
0.242217
0.185176
0.507236
0.494077
0.370332
0.382701
0.0565031
0.107851
0.136063
0.0914107
0.13463
0.157487
0.147954
0.123488
0.188611
0.181832
0.16749
0.175394
0.136284
0.118126
0.15703
0.17249
0.109107
0.162017
0.246646
0.201422
0.167254
0.297018
0.299938
0.204209
0.273701
0.358594
0.35992
0.273367
0.239305
0.235205
0.32326
0.28801
0.0743391
0.189336
0.240197
0.118032
0.215461
0.211843
0.20789
0.206372
0.324261
0.315919
0.237844
0.234272
0.207489
0.172624
0.263388
0.293897
0.0708701
0.106072
0.230389
0.185537
0.184408
0.277926
0.260135
0.147749
0.31953
0.230829
0.222184
0.310131
0.217745
0.20377
0.201286
0.213079
0.0788439
0.164389
0.264977
0.152355
0.232271
0.287024
0.277489
0.205528
0.267318
0.254592
0.339729
0.349929
0.135511
0.135428
0.292227
0.285595
0.135779
0.143023
0.115325
0.108141
0.157887
0.127969
0.121581
0.150457
0.178784
0.173971
0.171887
0.178116
0.161766
0.157004
0.164747
0.16752
0.18697
0.157207
0.150477
0.179811
0.194472
0.190406
0.194854
0.198881
0.182754
0.183884
0.18945
0.186519
0.165376
0.172672
0.14228
0.134785
0.158977
0.138885
0.191501
0.190488
0.142644
0.190815
0.190911
0.139985
0.195398
0.198548
0.212622
0.210061
0.204795
0.215445
0.213992
0.201591
0.142835
0.181894
0.185042
0.144097
0.174196
0.180712
0.197297
0.191314
0.192185
0.207707
0.203557
0.187592
0.14514
0.14586
0.20195
0.191039
0.190775
0.148451
0.151206
0.191377
0.193213
0.19491
0.198489
0.19609
0.198832
0.202405
0.200994
0.197364
0.19303
0.192038
0.154406
0.158218
0.144149
0.144923
0.191524
0.18885
0.145746
0.195462
0.200491
0.146173
0.207063
0.204653
0.214213
0.216899
0.196998
0.205843
0.209852
0.200491
0.15684
0.191186
0.192888
0.138776
0.208285
0.207751
0.218136
0.218277
0.207355
0.217281
0.217784
0.207736
0.143159
0.140298
0.193305
0.194292
0.197101
0.196096
0.166749
0.169336
0.194058
0.161372
0.164184
0.195062
0.198866
0.198898
0.204138
0.203275
0.199054
0.204743
0.204789
0.198736
0.0373991
0.0631431
0.0627103
0.0442097
0.0804874
0.0802918
0.0724562
0.0724275
0.0799005
0.072514
0.072485
0.0800962
0.0458278
0.0450732
0.0636502
0.0639927
0.0821054
0.082416
0.0911368
0.0912649
0.0865309
0.0908803
0.0910087
0.0827268
0.0861254
0.0863962
0.0914081
0.0912114
0.086938
0.0918014
0.0916048
0.0866672
0.0873972
0.0904202
0.0905316
0.0871748
0.0850576
0.0853247
0.0906561
0.0904719
0.0858568
0.0910222
0.0908399
0.0855909
0.086745
0.0869604
0.0906456
0.0907596
0.0471355
0.0475313
0.059986
0.0590175
0.0463592
0.0635933
0.0607437
0.046247
0.07959
0.0791644
0.071556
0.0722174
0.0783408
0.0703364
0.0709417
0.0787483
0.290248
0.291814
0.582129
0.561606
0.286642
0.58761
0.586447
0.288217
0.619209
0.617962
0.619005
0.618846
0.601286
0.596622
0.618562
0.616595
0.29599
0.561682
0.571242
0.281197
0.583084
0.59372
0.595105
0.583282
0.611953
0.613696
0.604603
0.603103
0.283909
0.280335
0.576449
0.581855
0.292661
0.27726
0.56972
0.560335
0.282134
0.580037
0.574825
0.278725
0.611903
0.603048
0.604651
0.613523
0.585077
0.583393
0.595407
0.593812
0.287581
0.56153
0.580086
0.289339
0.601292
0.617107
0.618504
0.59656
0.619313
0.618896
0.618936
0.618894
0.284584
0.286845
0.584403
0.585229
0.162279
0.206586
0.247353
0.229589
0.217151
0.241527
0.244241
0.215412
0.233749
0.236271
0.236772
0.235229
0.209941
0.214494
0.228079
0.235191
0.111031
0.147502
0.167423
0.141384
0.110427
0.155261
0.175847
0.154199
0.23436
0.240383
0.202987
0.193886
0.224392
0.191121
0.201062
0.246291
0.060532
0.0756871
0.11377
0.0959237
0.0958213
0.133581
0.125427
0.0875836
0.233049
0.16421
0.148855
0.177761
0.11462
0.109616
0.135871
0.149065
0.127011
0.125376
0.150295
0.115244
0.1892
0.235225
0.176993
0.143462
0.234711
0.206164
0.20333
0.238715
0.102662
0.109406
0.146398
0.147325
0.222978
0.220621
0.241059
0.204758
0.210205
0.232371
0.22482
0.213685
0.224486
0.224608
0.220402
0.228405
0.196224
0.199925
0.232823
0.230678
0.134738
0.112263
0.147472
0.160152
0.0985438
0.140592
0.141578
0.105889
0.227616
0.232647
0.198423
0.200705
0.198238
0.177896
0.173204
0.227872
0.0543978
0.0820184
0.102046
0.0699452
0.0943584
0.12592
0.118353
0.093495
0.218766
0.16755
0.134797
0.147668
0.0911486
0.0823802
0.115034
0.124957
0.075749
0.107078
0.130283
0.106782
0.190168
0.219851
0.184773
0.172561
0.215732
0.180388
0.18813
0.220063
0.0830576
0.118501
0.143801
0.127383
0.038164
0.0637332
0.0560811
0.0456748
0.0758231
0.0595336
0.0533721
0.0691553
0.0528973
0.0423499
0.0506681
0.0562088
0.0479843
0.0471586
0.0543943
0.0394902
0.0810215
0.0831676
0.0783721
0.0946515
0.0805439
0.071915
0.0756729
0.0824935
0.0586788
0.0623873
0.0692047
0.0653527
0.0824935
0.0891652
0.0728765
0.0660361
0.0138792
0.011761
0.0328467
0.0365139
0.0045517
0.0255962
0.0285778
0.00765511
0.0548539
0.0610895
0.0565579
0.0510428
0.079145
0.057397
0.0631546
0.0676879
-0.0106195
0.0432247
0.0189479
-0.00648386
0.0485095
0.0365382
0.0246829
0.0446992
0.0494971
0.0326748
0.0290203
0.0393804
0.0073569
-0.00450224
0.0206579
0.0228997
0.251794
0.102184
0.108894
0.437879
0.0831239
0.0846066
0.0996157
0.0966266
0.0868895
0.102156
0.101495
0.0859281
0.428607
0.442609
0.120942
0.118718
0.0281552
0.0287158
0.0423725
0.0422043
0.0303173
0.0443535
0.0432531
0.0292868
0.0722401
0.071124
0.0571141
0.0582433
0.0697598
0.0560957
0.0562538
0.0701403
0.0281351
0.0421727
0.0423533
0.0291904
0.0696042
0.0700508
0.0561991
0.0556203
0.0722197
0.0582287
0.0570731
0.0710668
0.0303188
0.0292913
0.0432316
0.0443459
0.248704
0.435324
0.108948
0.101835
0.428074
0.118625
0.120668
0.441059
0.0868516
0.0858186
0.101295
0.102088
0.0829003
0.0963383
0.0997483
0.0844467
-0.00124317
0.0351357
0.0682313
0.0671298
0.0479687
0.0305074
0.0609756
0.0398896
-0.00185579
-0.00846863
-0.035572
-0.028939
-0.0233027
-0.0389918
-0.037231
-0.0138777
0.061928
0.0947118
0.0878464
0.0597429
-0.000673825
0.000874638
-0.0180688
-0.0124125
0.000492164
-0.0254566
-0.023339
0.000174326
0.0542539
0.057205
0.0868914
0.0350137
0.00163399
0.00641425
0.00810224
0.00572263
0.0124874
0.0381614
0.00915226
0.00888987
0.00828493
0.00642683
0.00961994
0.0386521
0.00231892
0.00555852
0.00781123
0.00462211
-0.000407619
-0.000993367
0.00260479
0.00477247
-0.0142231
-0.00742384
-0.00229324
-0.00648103
0.0057725
0.0380809
0.00306002
-0.000897072
0.0123236
0.0079141
0.00566362
0.0424595
