-0.795
0.235
-2.5202
-0.824132
0.275
2.475
-0.885
0.802696
-2.325
-0.845
0.907498
2.365
0.795
0.235
-2.5202
0.839468
0.305
2.435
0.885
0.802319
-2.325
0.845
0.907444
2.365
0.00129742
-0.0583877
-0.00606678
-0.00135735
0.000549756
-0.00395347
-0.00599185
-0.00130927
-0.000340518
-0.00169984
-0.0138306
-0.0564716
-0.0392261
-0.0226277
-0.0163967
0.000562707
-0.000994918
-0.00706138
-0.0520105
-0.0261355
-0.0111157
-0.00714636
0.000614065
-0.00178629
-0.00508682
-0.0145186
-0.0114924
0.000158736
0.00491239
0.000489601
-0.00146457
-0.00141765
0.00257394
0.00744551
0.0117748
0.0157873
0.0017693
0.00094894
-0.00544914
-0.0525355
-0.0262267
-0.0111731
-0.00718266
0.0020407
0.00124646
0.00206418
0.00190368
0.00876725
0.0127286
0.0017889
-0.000360734
0.000337865
0.00673446
0.0130069
0.0176389
0.0218617
0.00340622
0.00198668
0.000862643
-0.0158508
-0.0120657
-0.000147559
0.00473445
0.00300805
0.00857665
0.0125613
0.00270456
0.0143226
0.0217343
0.00424287
0.00203425
0.00365191
0.0119216
0.0198623
0.0256852
0.0309784
0.00407428
0.00243858
0.00151188
-0.00515128
-0.00367671
0.00362061
0.00867799
0.00358233
0.000847325
0.00149069
0.001388
0.0043195
0.0107598
0.0156938
0.00315531
-0.000391635
-0.001858
0.00451895
0.00825771
0.0174852
0.024773
0.00603935
0.00417375
0.00637498
0.0145258
0.0227799
0.0289793
0.0346001
0.0423042
-0.001066
0.00570628
0.0480321
-0.0589814
0.0249068
0.00610456
-0.0101851
0.00164268
0.000734446
0.0422608
0.00935846
0.0550602
0.0810236
-0.0100952
0.000768926
-0.000624121
0.0462602
0.0230491
0.043317
0.0317681
-0.00355579
0.413765
0.617339
-0.00168245
0.0441727
0.045847
-0.00350128
0.0451706
0.0435136
0.0139595
0.177342
0.0850876
0.0455239
0.0454474
0.0274822
0.637642
0.0560264
0.0535549
0.0458049
0.39191
0.093131
0.0338324
-0.00135786
0.00446416
0.0316668
-0.0699743
0.000606861
0.0134729
0.00773231
-0.0114523
0.0132597
0.00163027
0.00169765
-0.000915377
0.0338015
0.00589473
-0.0485686
0.0445834
0.000513428
0.00497194
0.00808344
-0.0113612
0.00165509
0.025993
0.00172297
0.00927017
0.000340294
0.0533464
0.0201049
0.0230694
-0.00159407
0.0330588
0.0253069
-0.00803809
0.0329042
-0.00467743
0.406696
-0.000315285
0.0328813
-0.00248079
0.631594
0.0156744
0.0255932
-0.000585837
0.0514588
0.0727011
0.0424357
-0.00282668
0.0341573
-0.00797407
0.406849
0.0314576
-0.00461381
-0.00027721
0.631605
0.0348909
-0.00241939
0.046288
0.0967524
0.00916779
0.0431467
0.0500208
0.0134771
0.0692969
0.112477
0.0400565
0.0993431
0.0701997
0.0454845
0.121202
0.0755407
0.0254448
0.176368
0.189055
-0.00915173
0.0335732
0.392085
0.0455698
0.0968971
0.0493424
0.0165128
0.0649568
0.0830791
0.0708904
0.0662033
0.0241922
0.176222
0.0323426
0.392144
0.0533388
0.0258123
0.046027
0.0459894
0.0185931
0.0252657
0.0444485
0.0455937
0.0296968
0.0389375
0.0332056
0.645052
0.184518
0.598822
0.637263
0.585676
0.0512524
0.0340163
0.0447639
0.0448818
0.0457301
0.0458781
0.0334016
0.645108
0.0466003
0.0553258
0.0299663
0.0256385
0.0456579
0.0254976
0.0289148
0.0539206
0.00900492
0.0105223
0.0210922
0.0171294
0.120803
0.183869
0.184075
0.120154
0.0803505
0.0790319
0.078584
0.0803503
0.0533274
0.0349255
0.0330513
0.0332703
0.0513858
0.0325796
0.0341525
0.0343587
0.0229575
0.0298045
0.0382233
0.0257644
0.630999
0.637797
0.637829
0.630091
0.0552881
0.0582365
0.0431678
0.0343534
0.0580602
0.0347204
0.0405271
0.0550987
0.0342848
0.0536295
0.0581083
0.0393462
0.585741
0.189033
0.189075
0.585818
0.101801
0.115829
0.0140669
0.015245
0.0195897
-0.00169279
0.00342504
-0.00779852
-0.0724428
-0.00789344
0.00754242
0.00839538
0.00104403
0.00905265
0.00162407
0.00214129
-0.000912011
0.0194778
0.00349671
-0.0429318
0.0297074
-1.04729e-05
0.00437859
0.00309954
-0.000323025
-0.000592632
0.0149013
0.00215536
0.00176462
0.000818509
0.0219552
0.0186284
0.0218114
-0.00205779
0.0121391
0.0220984
-0.00704823
0.016409
-0.00532099
0.323358
-0.000815556
0.0185152
-0.00192081
0.363436
0.00112359
0.0268687
-1.8677e-05
0.0205669
0.0698083
0.0477547
-0.00339048
0.0181157
-0.0069889
0.323443
0.0155969
-0.0052251
-0.000768681
0.363469
0.0197076
-0.00186906
0.0403753
0.0339585
0.0430159
0.106116
-0.00102294
-0.0009171
0.00659512
0.0268704
0.00512207
0.00807413
0.0721739
0.0132359
0.0463633
0.00949751
0.0741281
0.114023
-0.0644813
-0.0534857
-0.00198219
0.0926959
0.0268841
0.0240001
0.0749792
0.0453242
0.00706889
0.00554626
0.0740135
0.04165
-0.0110731
-0.00902865
0.0116681
0.176006
0.00162632
0.00164888
0.167423
0.0086329
0.00125042
0.000235814
0.0220352
0.385647
0.0404078
0.0307239
0.041861
0.106434
0.00803762
0.0133181
0.0706443
0.0177895
0.0556915
0.0285155
0.0688745
0.0780827
0.0789228
0.0712387
0.0772432
0.0764026
-0.0109707
-0.00896242
0.00873198
0.175782
0.00127929
0.000257626
0.0213164
0.386432
-0.000141739
-0.00111047
0.0212843
0.0249638
0.0451868
0.0426304
0.0457543
0.0461305
0.0222444
0.0250007
0.020732
0.0241574
0.0419455
0.0409693
0.0438805
0.0443289
0.0292515
0.0378284
0.0308051
0.0355131
-0.00411686
-0.00302331
0.0176815
0.356872
0.411297
0.411396
0.283549
0.525657
0.634676
0.63472
0.629977
0.599516
-0.00113517
-0.00225221
0.0193162
0.0373173
0.0430416
0.0407504
0.0439406
0.0445289
0.043447
0.0434094
0.0457869
0.0459592
-0.00404979
-0.00295929
0.0178416
0.356932
0.047959
0.0537651
0.0367354
0.0455521
0.0469053
0.0520553
0.0352317
0.0439229
0.0115633
0.0137183
0.0152361
0.016276
0.155478
0.176855
0.176782
0.186994
0.0886619
0.064061
0.105514
0.0886685
0.0451633
0.0457867
0.0450166
0.0423548
0.0436599
0.0451784
0.0456732
0.0425011
0.0273217
0.026374
0.0285886
0.031457
0.655815
0.630365
0.639887
0.655751
0.0608655
0.06413
0.0428161
0.0463941
0.0575846
0.0630575
0.0414432
0.0452624
0.0449106
0.0456447
0.0560041
0.0423621
0.234948
0.391997
0.392027
0.548801
0.099057
0.105884
-0.00472674
0.0880845
0.0346748
0.0567684
0.0064695
0.0283713
0.0435498
0.00915941
0.0609838
0.104056
-0.00985689
0.087031
0.0358347
0.0381273
0.0277761
0.0796365
0.0742099
0.0439859
0.013758
0.119845
0.0445431
0.0143654
0.167398
0.00926885
0.0259611
0.18875
0.00729584
0.0278311
0.0344151
0.056525
0.0423689
0.0113775
0.012071
0.107454
0.0580971
0.126466
0.0327465
0.0612838
0.0731882
0.041858
0.026828
0.0775983
0.0139288
0.118889
0.167435
0.0109548
0.0426889
0.0229046
0.0245462
0.18881
0.0709945
0.0172424
0.0216013
0.0217954
0.0538182
0.0533373
0.0191946
0.0215317
0.0642065
0.037789
0.0202573
0.026681
0.0340831
0.0545824
0.0257405
0.0307319
0.0138059
0.183679
0.0314452
0.0331289
0.017196
0.340306
0.256317
0.543306
0.020117
0.486097
0.0329324
0.0335039
0.0181331
0.360004
0.634696
0.616545
0.06781
0.0239117
0.023934
0.027701
0.0199489
0.0320906
0.0521932
0.0514267
0.0667952
0.0659791
0.0403295
0.0488582
0.0187312
0.0425319
0.0342817
0.0565928
0.0132266
0.183973
0.256442
0.543225
0.0301958
0.0320151
0.0168434
0.340396
0.0203654
0.486064
0.634713
0.616625
0.0344984
0.0349028
0.0188143
0.360033
0.0558805
0.0388874
0.0969996
0.108224
0.00908635
0.00984504
0.0576911
0.0573883
0.0468708
0.0521989
0.0112411
0.0153033
0.0691387
0.0572204
0.108418
0.0154237
0.0490824
0.0403671
0.10057
0.107586
0.0583876
0.0709254
0.0398753
0.0449544
0.121002
0.120678
0.0772694
0.0773208
0.0264769
0.0266258
0.15475
0.186227
0.189043
0.189065
0.0171697
0.0183299
0.0402173
0.03263
0.548888
0.235093
0.0560476
0.0384114
0.108197
0.0977332
0.0450314
0.0501396
0.0135168
0.0188018
0.0538144
0.0654254
0.120413
0.0200956
0.0600218
0.0688328
0.0599075
0.0642437
0.0262587
0.0258517
0.186201
0.154358
0.0320361
0.0381407
0.235176
0.548989
0.0533287
0.0357659
0.0243853
0.0257882
0.0533903
0.037959
0.0452001
0.0427085
0.0198426
0.0178613
0.024783
0.0282288
0.0437872
0.0416599
0.0517135
0.0403748
0.0346832
0.0284005
0.0366112
0.0462834
0.0331328
0.033268
0.638626
0.64113
0.184192
0.184294
0.616776
0.616791
0.65529
0.655341
0.585708
0.585747
0.0513202
0.0344337
0.0319112
0.0361171
0.036455
0.0511862
0.0433837
0.0417506
0.0429771
0.0436304
0.0530198
0.0405864
0.0330089
0.0337894
0.641175
0.638686
0.0220478
0.0734232
0.0561039
0.0409036
0.0220101
0.0446175
0.0535547
0.0716301
0.0157098
0.012611
0.0373142
0.0415441
0.0160826
0.0392115
0.0388478
0.0135279
0.0213967
0.0406164
0.0547687
0.0716903
0.015623
0.00908305
0.0383323
0.0386144
0.0149971
0.0399115
0.0362359
0.013614
0.0207745
0.0687828
0.0513242
0.0427954
0.00664547
0.00653231
0.0114022
0.0111979
0.00779121
0.0145825
0.0125401
0.00694548
0.0268054
0.022333
0.0175389
0.0208497
0.0182832
0.0152394
0.0157897
0.0199633
0.0732565
0.154063
0.155113
0.0741112
0.257182
0.270851
0.18661
0.185967
0.257283
0.185918
0.186597
0.27091
0.0718448
0.0736004
0.154917
0.15348
0.0250479
0.100267
0.0880823
0.0276774
0.0448022
0.0432141
0.105957
0.109849
0.0413087
0.109401
0.105961
0.041754
0.0250802
0.0274103
0.0888996
0.100842
0.0217766
0.021455
0.0451853
0.045176
0.0184788
0.0428467
0.0444972
0.0207704
0.0183257
0.0179075
0.0420195
0.0413054
0.0168201
0.0427076
0.0426139
0.0174469
0.0202657
0.0432413
0.0435218
0.0196294
0.0162201
0.0173476
0.0421739
0.0413038
0.019257
0.043177
0.0427391
0.0183317
0.0184298
0.0190201
0.0436444
0.0435655
0.0202108
0.0235137
0.0260523
0.0233796
0.0294796
0.0347036
0.0298429
0.0266148
0.0451433
0.0362977
0.0330687
0.0399215
0.024633
0.0258224
0.0278605
0.0289296
0.33201
0.3486
0.649037
0.534821
0.361727
0.647679
0.658029
0.358239
0.361757
0.358277
0.658084
0.647726
0.332074
0.534765
0.649074
0.348657
0.0750289
0.0652398
0.0535522
0.0506482
0.0371215
0.0727471
0.0670112
0.0731489
0.0269088
0.0241205
0.0533817
0.0602715
0.01993
0.0392894
0.0412566
0.0210807
0.0696278
0.0521859
0.0535964
0.0675784
0.0206596
0.0208403
0.0404101
0.0405344
0.0258209
0.0565697
0.05116
0.0230534
0.0345194
0.0702152
0.06429
0.0683863
0.0359824
0.0331225
0.0411187
0.0415468
0.0598827
0.0711819
0.0511348
0.0421857
0.0169012
0.00505588
0.0545771
0.0709814
-0.0132346
0.0441088
0.0449325
-0.00586824
0.382374
0.444253
0.548827
0.608064
0.166915
0.16741
0.235004
0.235005
0.166968
0.235109
0.235062
0.167428
0.382416
0.608104
0.548895
0.447901
0.0582603
0.0899669
0.107151
0.11009
0.119293
0.128807
0.113148
0.100075
0.0130257
0.0101426
0.0184415
0.0276531
0.00885184
0.0155674
0.0313699
0.00794846
0.00838923
-0.00186025
0.00307578
-0.175748
-0.0748936
-0.0218178
0.00337742
0.00860663
0.00272944
0.00549811
0.00162033
0.00226077
-0.000910329
0.00828916
0.00243792
-0.0401134
-0.000164511
-0.000460303
0.00407307
0.00163645
0.0020767
0.00166321
0.00845467
0.00227013
0.00152588
0.00105801
0.0125037
0.0178902
0.0209804
-0.00228988
-0.013582
-0.0346048
-0.00656357
0.00541265
-0.00563748
0.165674
-0.00109055
0.00971893
-0.00163921
0.18434
0.000835054
0.0275064
0.000266061
0.0117701
0.0390778
0.0504141
-0.00367161
0.00746563
-0.00650176
0.165747
0.00500412
-0.00553547
-0.00104455
0.184287
0.0104284
-0.0015894
0.0418023
0.0403237
0.0427394
0.110694
-0.000916477
-0.000917248
0.00539753
0.0111315
0.0054807
0.00713376
0.0780268
0.0131153
0.0472193
0.00856264
0.0765437
0.114796
-0.0617313
-0.0561974
-0.0302552
0.0350429
0.0264087
0.0254573
0.0766198
0.0452441
0.0067369
0.00582719
0.0453359
0.0240546
-0.0106338
-0.00973004
0.00132447
0.174763
0.00135136
0.00164578
0.15633
0.00512014
0.000995635
0.000484901
0.0123893
0.234649
0.0417601
0.0402078
0.0426171
0.111091
0.00908492
0.0115963
0.07685
0.0184278
0.0553787
0.0305877
0.0708319
0.0760253
0.0432685
0.0711725
0.0792697
0.0815022
-0.0105414
-0.00964483
0.000450254
0.174502
0.00102731
0.000513329
0.0120226
0.247503
-0.000382796
-0.000867294
0.0116279
0.0245396
0.0469763
0.0452412
0.0459814
0.0461988
0.0226468
0.0240249
0.0218906
0.0236033
0.0435579
0.0432498
0.0435965
0.0436926
0.0305098
0.0347983
0.0313592
0.0338011
-0.003837
-0.00328889
0.00768457
0.178973
0.413218
0.413249
0.350672
0.47289
0.625996
0.626017
0.62442
0.609092
-0.0014029
-0.0019611
0.0097762
0.0389678
0.0446305
0.0430671
0.0440333
0.0443525
0.0452602
0.0454844
0.0458153
0.0460323
-0.0037726
-0.0032293
0.00778887
0.180659
0.0465581
0.0473786
0.0408921
0.0453372
0.0450577
0.0467124
0.0394347
0.043703
0.012761
0.0138389
0.0145978
0.0151182
0.167926
0.177098
0.177062
0.183954
0.0861965
0.0745805
0.0956585
0.0861962
0.0459764
0.0456553
0.0453008
0.0442501
0.0450625
0.0453126
0.045581
0.044282
0.027402
0.0269281
0.0280364
0.0294696
0.646663
0.634785
0.639446
0.646693
0.0581336
0.0601058
0.0540444
0.052685
0.0553214
0.0584199
0.0518804
0.0454441
0.0453583
0.0457248
0.0509045
0.0440933
0.313413
0.391954
0.391968
0.470355
0.0994033
0.109117
-0.00298559
0.0906186
0.0284311
0.037928
0.0344327
0.0583532
-0.00152533
-0.0011904
0.00529129
0.0117038
0.00282389
0.00478982
0.0542677
0.00923665
0.0249682
0.0384039
0.0623576
0.105325
-0.0699919
-0.0672313
-0.0394994
0.00997571
0.000449249
0.000763913
0.0203553
0.0378051
0.0109884
0.017711
0.0266569
0.0799348
0.00806318
0.00740046
0.0457696
0.0263294
-0.006733
-0.0115164
0.00494998
0.118303
0.0126056
0.0114496
0.0452308
0.013461
0.00162717
0.00163337
0.156305
0.00546877
0.0019217
0.00147423
0.0145056
0.174452
-0.000913694
-0.000916641
0.00577065
0.011809
0.0284096
0.0378879
0.034303
0.058069
0.0040518
0.00699037
0.0478299
0.0118051
-0.0450853
-0.0506855
-0.0177281
0.0445015
0.0373777
0.0541463
0.0595445
0.131937
0.000214817
-0.101159
0.0183624
0.0628715
0.00467815
0.00526104
0.0446127
0.0234597
0.0059155
0.00928608
0.0258292
0.0771076
-0.0111963
-0.0114027
0.00642566
0.117184
0.00162124
0.00165199
0.15634
0.00667174
0.0213481
0.0273502
0.0437696
0.0240533
0.00194291
0.00150103
0.0137162
0.174263
0.0101784
0.00901431
0.0769335
0.0172988
0.000581253
9.93182e-05
0.0120839
0.0212143
0.0303978
0.051913
0.0537162
0.0533422
0.0193667
0.021842
0.0203171
0.0208183
0.0225916
0.0235348
0.0677539
0.0395409
-0.00182569
-0.00135346
0.010779
0.0271387
0.0253104
0.0382995
0.033663
0.0541403
0.0237029
0.0279932
0.0257286
0.0289558
-0.00754324
-0.0085329
0.00359208
0.181938
0.0249545
0.0382737
0.0321848
0.0330606
-0.00499816
-0.00438963
0.00653474
0.174686
0.402758
0.409271
0.332957
0.476402
-0.000540671
-1.52328e-05
0.011049
0.318165
0.0268977
0.0381251
0.0328893
0.0333138
-0.00220153
-0.00275791
0.00883263
0.180001
0.498734
0.643334
0.633169
0.63476
0.0173546
0.0150414
0.0742434
0.0253214
0.0262339
0.0259765
0.0254431
0.0266485
-0.000301332
-0.000869733
0.0109113
0.0332336
0.0339978
0.0431721
0.0519447
0.0514347
0.0392997
0.0398235
0.0701715
0.0721539
0.0450952
0.0408586
0.0413826
0.0464726
-0.0031098
-0.00254343
0.00861458
0.0446862
0.0264142
0.0394093
0.0342312
0.0558591
-0.00748022
-0.0084678
0.00330857
0.182294
0.40295
0.409404
0.333087
0.476535
0.0237328
0.0364733
0.0308363
0.0317353
-0.00491834
-0.00432927
0.00638184
0.174774
-0.000498716
4.63049e-06
0.0112037
0.318224
0.498769
0.643398
0.633179
0.634843
0.0285767
0.0402918
0.0346776
0.0349075
-0.00214856
-0.00269155
0.00919481
0.179951
0.0465354
0.0493646
0.0472117
0.0420522
0.101479
0.0921549
0.091751
0.101124
0.0077927
0.0103657
0.00912707
0.00950641
0.0326879
0.0536756
0.0439614
0.0439608
0.0622112
0.0503276
0.0475823
0.0511584
0.0133565
0.0135977
0.012359
0.0143903
0.0717125
0.0668814
0.0705151
0.064988
0.11325
0.105792
0.111656
0.0149994
0.0263098
0.044228
0.0445694
0.0402118
0.095985
0.102715
0.0999554
0.103464
0.0731889
0.0671586
0.0684971
0.0704461
0.0454043
0.0455646
0.0426896
0.04522
0.0992966
0.139903
0.121101
0.120939
0.0590324
0.0921437
0.0764051
0.0764317
0.0195931
0.0310693
0.0259327
0.0260348
0.176124
0.176611
0.167118
0.183056
0.178239
0.199803
0.189049
0.18906
0.0117607
-0.0068626
-0.00762761
-0.00879646
0.0292077
0.038132
0.0363716
0.0340831
0.392129
0.392041
0.470504
0.313589
0.046003
0.0484682
0.0472724
0.0420028
0.101711
0.0922622
0.101126
0.0915991
0.0598843
0.0494401
0.04637
0.0506416
0.0171512
0.0158745
0.0150141
0.0176581
0.0669167
0.062999
0.0606963
0.0664952
0.0805809
0.0855773
0.122658
0.0235559
0.0717461
0.0670442
0.0612211
0.0697395
0.071303
0.0611037
0.0630633
0.0652241
0.0163823
0.0297035
0.024939
0.0255047
0.175942
0.176502
0.183016
0.166768
0.0282543
0.036652
0.0332661
0.0334398
0.392203
0.392085
0.313677
0.470566
0.0397211
0.0422054
0.0533356
0.0529269
0.0253879
0.0272414
0.0250987
0.0258002
0.0455272
0.045783
0.0513652
0.0428932
0.0460599
0.0459182
0.0464884
0.0447519
0.0197516
0.0174345
0.0192179
0.0182272
0.0247116
0.0258198
0.0250243
0.0267473
0.0441645
0.0447326
0.0446527
0.0437501
0.0449651
0.0454003
0.0486522
0.0435755
0.030251
0.0291427
0.03219
0.0290487
0.0372252
0.0406506
0.0377744
0.0426104
0.0259776
0.0382607
0.0331681
0.0332362
0.50681
0.66481
0.641851
0.64298
0.212361
0.187165
0.184354
0.184405
0.563463
0.624697
0.607873
0.607879
0.634207
0.639163
0.646259
0.646285
0.591192
0.580038
0.585692
0.585712
0.0445093
0.0401342
0.0512854
0.0512184
0.0356668
0.0334443
0.0329637
0.0350694
0.0438409
0.0444111
0.0411389
0.0491677
0.0447053
0.0450442
0.0448478
0.0436817
0.0457584
0.0457016
0.0448834
0.0450419
0.0459187
0.0449447
0.0495211
0.0438236
0.0261348
0.0383948
0.033204
0.0335942
0.506854
0.664776
0.643025
0.641881
0.0459976
0.0451369
0.0481642
0.0462724
0.0650871
0.0664885
0.0535709
0.0597271
0.0227327
0.0307057
0.0269999
0.035405
0.0243619
0.0208474
0.0321066
0.0261776
0.0435605
0.0444844
0.047282
0.0445972
0.0237639
0.0208848
0.0317394
0.026025
0.0218562
0.0295553
0.0261885
0.0347695
0.063256
0.0642213
0.0517401
0.0570248
0.00764772
0.00908216
0.00904563
0.0101232
0.00882103
0.0109499
0.0101837
0.0120196
0.0225019
0.0226014
0.019947
0.0204674
0.0171859
0.0182518
0.0162164
0.0174953
0.0992151
0.120237
0.120902
0.139328
0.183715
0.184337
0.186461
0.18403
0.183971
0.184661
0.186551
0.184184
0.0983634
0.119431
0.120416
0.138811
0.0551835
0.0688479
0.091785
0.0795538
0.0793372
0.0615062
0.0962863
0.0781457
0.0601969
0.0780892
0.0780863
0.0963779
0.0688839
0.0549809
0.0795539
0.0917846
0.0336173
0.0533324
0.0533218
0.0446919
0.028601
0.034499
0.0353389
0.0401383
0.0329819
0.0266136
0.0382469
0.0330959
0.0331973
0.0254687
0.0382796
0.0332999
0.04042
0.0514201
0.0513529
0.0403263
0.032295
0.0249391
0.0374435
0.0328139
0.0343191
0.0273288
0.0393437
0.033974
0.0270898
0.0343152
0.03439
0.0396368
0.0223775
0.0222451
0.0236719
0.0245416
0.0287536
0.0309493
0.0297104
0.0308587
0.0392764
0.0403776
0.0371763
0.0371702
0.026222
0.0257524
0.0257763
0.0277523
0.492159
0.591002
0.63546
0.625758
0.50083
0.636208
0.639436
0.66433
0.636225
0.500874
0.664407
0.639473
0.591126
0.492139
0.625696
0.635514
0.0599151
0.0550245
0.0566308
0.0535282
0.0596102
0.0484107
0.0650332
0.0574236
0.0438555
0.0354953
0.0498936
0.0416926
0.0277394
0.0338833
0.031042
0.0383522
0.063105
0.0573265
0.0587259
0.0555973
0.0280235
0.0346912
0.0308446
0.0385309
0.0416082
0.0333755
0.0465039
0.0393339
0.0566034
0.0449772
0.0616125
0.0548998
0.0360371
0.0325079
0.0370805
0.035448
0.0598043
0.0512439
0.0567695
0.0499564
0.0421125
0.059696
0.0535953
0.0629925
0.019658
0.0384651
0.0391073
0.0444892
0.585758
0.599771
0.580131
0.585725
0.178215
0.189125
0.189038
0.199831
0.178255
0.189179
0.18907
0.199878
0.585853
0.599849
0.580202
0.585783
0.102879
0.0946009
0.105189
0.101186
0.111677
0.121096
0.111708
0.118221
0.012917
0.0168204
0.0175658
0.0169168
0.0148352
0.0125101
0.0154997
0.0146369
0.0222725
0.0263558
0.00532987
0.0125672
0.0143413
0.00690816
0.0343035
0.0303005
-0.043193
-0.0220729
0.0208917
-0.0157994
0.0161458
0.0453248
0.0452756
0.026777
0.0103842
0.0735976
0.0277375
0.00895679
0.155832
0.00522602
0.0151169
0.156509
0.00601918
0.0127096
0.0216448
0.0263557
0.0139183
0.00811934
-0.0124234
0.0368322
0.0363875
0.124288
0.0191228
0.0193504
0.0435924
0.0228384
0.015282
0.0408964
0.00979367
0.0717773
0.155628
0.00627023
0.0267375
0.013994
0.0144704
0.15618
0.0129437
0.018641
0.0123061
0.0195511
0.0219817
0.0218658
0.0184574
0.0194204
0.0815632
0.0393289
0.00956213
0.0269881
0.0176373
0.073089
0.0236097
0.0295312
0.00486843
0.150533
0.0159819
0.0166323
0.00597754
0.171984
0.304999
0.327711
0.0107858
0.195932
0.0184309
0.0192071
0.00940978
0.182163
0.362588
0.37292
0.0123242
0.0290637
0.0268406
0.028177
0.0114637
0.03037
0.0206558
0.0204123
0.0722964
0.0662364
0.046449
0.0540074
0.0080289
0.0475501
0.0182768
0.0701765
0.004506
0.150635
0.305152
0.327777
0.0152252
0.0159085
0.00570524
0.172075
0.0112173
0.195916
0.362621
0.372951
0.0194771
0.0201705
0.00988781
0.18211
0.0407488
0.102569
0.0379455
0.11189
0.0428657
0.0429767
0.101594
0.10768
0.00537209
0.0115245
0.00559487
0.0115594
0.00656371
0.0067703
0.0272739
0.0271404
0.0787706
0.0111817
0.0777313
0.0152932
0.072805
0.0719211
0.012217
0.0142376
0.0755053
0.112119
0.0586999
0.01254
0.0746905
0.0689423
0.113147
0.0157022
-0.0349425
0.0226041
-0.0239661
0.0394654
0.00154834
-0.00393135
0.0913458
0.0963855
0.0754466
0.0457549
0.0675897
0.0423843
0.0745388
0.0741816
0.0434453
0.0447171
0.045556
0.0251805
0.044974
0.0237559
0.0740619
0.0738065
0.0424635
0.041702
0.00180117
0.152633
0.00242885
0.184747
0.0118825
0.0128717
0.166588
0.182734
0.156316
0.0048972
0.156334
0.00591928
0.167416
0.167425
0.00938774
0.00880165
0.0134485
0.191864
0.0117033
0.301578
0.0232004
0.0215459
0.411595
0.313472
0.0406973
0.10326
0.0368596
0.11122
0.0425527
0.0419568
0.107609
0.102702
0.0778271
0.0151756
0.0754271
0.021991
0.0712713
0.070195
0.0161851
0.0193205
0.0707256
0.134043
0.0561433
0.0279751
0.0640203
0.0698267
0.130025
0.0294159
0.0744588
0.0799378
0.0696724
0.0759956
0.0679588
0.0732728
0.0737931
0.0736925
0.000161574
0.151953
0.00253197
0.18469
0.00957983
0.0143807
0.182643
0.166097
0.0128716
0.191813
0.0116053
0.304266
0.0210777
0.022307
0.313582
0.418378
0.0118559
0.022877
0.0112756
0.025839
0.0213787
0.0210264
0.0241718
0.0253927
0.0448075
0.0451818
0.0420984
0.042669
0.0464281
0.0445609
0.0467409
0.0449961
0.0211039
0.022879
0.0236669
0.0258078
0.0215325
0.0203477
0.0238355
0.0253861
0.0424444
0.0501046
0.0411374
0.0415702
0.044102
0.0434999
0.0474921
0.0424003
0.0291942
0.0313784
0.037105
0.0401368
0.0335514
0.0298674
0.0343178
0.0388494
0.00709871
0.177014
0.00825855
0.178639
0.0177945
0.017565
0.352882
0.357395
0.34306
0.475493
0.343153
0.475557
0.277905
0.277813
0.530778
0.530777
0.642011
0.621968
0.642055
0.62201
0.63882
0.638843
0.60379
0.60381
0.0103429
0.0361017
0.00920432
0.0418239
0.01947
0.0191648
0.0360111
0.0386225
0.0428339
0.0431348
0.0403435
0.0410271
0.0426664
0.0443949
0.0447354
0.0433739
0.0435226
0.0517666
0.0432932
0.0434683
0.0451839
0.0451492
0.049216
0.0438378
0.00707227
0.177584
0.00849192
0.178599
0.0175946
0.0180873
0.357445
0.352945
0.0482727
0.0419426
0.0549342
0.0536502
0.036992
0.0377882
0.0487145
0.0419182
0.0479274
0.0416187
0.0534084
0.0516403
0.0364472
0.0361206
0.0405545
0.0478884
0.0114827
0.0120517
0.01256
0.0147542
0.0138875
0.0163881
0.0169074
0.0160328
0.155295
0.155197
0.167497
0.183505
0.18349
0.167336
0.186801
0.186795
0.0910218
0.0985414
0.0651581
0.0651571
0.106126
0.106126
0.0985442
0.0913828
0.0451456
0.0448292
0.0462344
0.0445024
0.045315
0.0440001
0.0421872
0.0425237
0.0435642
0.0436514
0.0449563
0.0439819
0.0445828
0.0450529
0.0423822
0.04262
0.026687
0.0275917
0.0262132
0.0281084
0.0308286
0.0282245
0.0306499
0.0322642
0.653073
0.657561
0.639709
0.639727
0.648951
0.648979
0.657618
0.653121
0.063939
0.0606399
0.0628773
0.0653218
0.0485987
0.042246
0.0499681
0.0443876
0.0559561
0.0609338
0.0542856
0.0635527
0.0408359
0.0421378
0.049515
0.0433955
0.0497439
0.0449215
0.0433914
0.0452891
0.0535792
0.0552912
0.0417404
0.0467485
0.23496
0.235005
0.470429
0.313501
0.313528
0.470461
0.548817
0.548848
0.110387
0.0176051
0.106517
0.109516
-0.0024255
-0.00421773
0.115888
0.018976
0.0288517
0.03778
0.0376712
0.0951455
0.00655749
0.00650091
0.0241316
0.0279677
0.0223265
0.074049
0.00781258
0.0101789
0.0504298
0.0681652
0.0985331
0.107155
-0.011894
-0.00781577
0.0802423
0.088499
0.0364781
0.035597
0.0160028
0.0433184
0.0223015
0.0331161
0.0622107
0.0975046
0.0739359
0.0741605
0.0443936
0.0436204
0.016084
0.0138615
0.098545
0.138498
0.0365887
0.0521229
0.0125273
0.0150476
0.167395
0.167404
0.00909453
0.00861344
0.0264349
0.0250409
0.177832
0.199503
0.00754352
0.00712066
0.0283661
0.0275621
0.0286096
0.037508
0.0376849
0.0951435
0.0218052
0.0725009
0.0094967
0.0129801
0.0144986
0.00856343
0.11337
0.103765
0.0474193
0.0644268
0.123133
0.127686
0.0336381
-0.0628691
0.0467811
0.0679824
0.0727149
0.0733943
0.0415811
0.0418059
0.0215937
0.0326614
0.0594322
0.096726
0.0157743
0.0140065
0.0973587
0.137734
0.167441
0.167432
0.00763398
0.0108974
0.0349347
0.0490348
0.0183728
0.0257731
0.0251835
0.0237998
0.177889
0.199617
0.0694148
0.0713123
0.0188536
0.0162409
0.0216869
0.0215278
0.0210044
0.0225882
0.0308794
0.0486366
0.0305785
0.0465391
0.0197395
0.019579
0.0208721
0.0231918
0.0698157
0.0647924
0.0378834
0.039668
0.0193646
0.0205143
0.0256563
0.0262507
0.0269612
0.0392184
0.0639069
0.0526061
0.0251868
0.0280027
0.0343556
0.0319272
0.0147516
0.0142454
0.196952
0.186237
0.0241807
0.0372058
0.0252109
0.0382777
0.0170079
0.0173288
0.336249
0.344498
0.257364
0.26366
0.486077
0.539643
0.0200056
0.0205966
0.440059
0.472166
0.026888
0.0382381
0.0279781
0.0373596
0.0182248
0.0180231
0.360871
0.359109
0.498646
0.656536
0.551117
0.612314
0.0654739
0.0671035
0.026462
0.0223807
0.0263852
0.0231335
0.0285916
0.0278436
0.0201088
0.0197888
0.0307873
0.0333987
0.0367583
0.0426487
0.0371952
0.0416702
0.0684624
0.067189
0.0639884
0.0685815
0.0427364
0.0390441
0.055428
0.045522
0.0185868
0.0188752
0.0438376
0.0412267
0.026752
0.0395273
0.0630633
0.0545178
0.0141081
0.0127823
0.197426
0.186358
0.257543
0.263763
0.486094
0.539703
0.0231136
0.0356354
0.024336
0.0369578
0.0165315
0.0171006
0.336309
0.344558
0.0204752
0.0205991
0.440111
0.471858
0.498683
0.656606
0.551134
0.612374
0.0280597
0.0398167
0.0289687
0.0384119
0.0190317
0.0185769
0.360899
0.359146
0.0572712
0.0497681
0.0384072
0.0398916
0.0986419
0.0958215
0.107092
0.109582
0.00772021
0.0102444
0.0111926
0.00830686
0.074322
0.0398425
0.0397586
0.0742432
0.0641368
0.0499811
0.05135
0.0610943
0.0113216
0.0112195
0.0152714
0.0155465
0.0709429
0.0676146
0.055301
0.0587459
0.107784
0.109182
0.0154949
0.0151619
0.0344226
0.0536102
0.0443586
0.0230268
0.0953329
0.103952
0.110468
0.103854
0.0623449
0.055958
0.0689524
0.0725687
0.040497
0.040711
0.0445316
0.0449434
0.139615
0.0992554
0.0988296
0.139357
0.0602675
0.0942169
0.0942652
0.0597214
0.0210392
0.0318823
0.0327029
0.020181
0.154335
0.154932
0.186418
0.186038
0.178226
0.199816
0.19984
0.178246
0.0144088
0.0178839
0.0315658
0.0110077
0.033165
0.0464913
0.0375849
0.027947
0.548918
0.548857
0.235049
0.235187
0.049194
0.056138
0.0392124
0.0378201
0.109335
0.107099
0.0965479
0.0993825
0.0491893
0.0615173
0.0571648
0.0496913
0.0140497
0.0130284
0.0181703
0.0198257
0.0551572
0.0524153
0.0645702
0.0669067
0.12455
0.116781
0.0197215
0.0253673
0.0568751
0.0634932
0.0695646
0.0665481
0.0655447
0.0555212
0.0594104
0.0676126
0.0181665
0.0323333
0.031023
0.0206319
0.186005
0.186399
0.154638
0.153847
0.0275476
0.0367555
0.0438041
0.0315498
0.235283
0.235119
0.548942
0.549036
0.0366564
0.0429233
0.0410982
0.0294076
0.0258916
0.0238827
0.0258049
0.0274965
0.0445682
0.0534574
0.0376365
0.0409899
0.045162
0.0451767
0.0427461
0.0426612
0.0211765
0.0186908
0.0168255
0.0190017
0.0241483
0.0254177
0.0290359
0.0274218
0.0433343
0.0441523
0.0418412
0.0414818
0.0521338
0.0511917
0.0398322
0.0395625
0.0354905
0.0338759
0.0281305
0.028665
0.0348665
0.0388656
0.0487101
0.0442345
0.0262341
0.038254
0.0382714
0.0257231
0.498576
0.658395
0.667122
0.505001
0.193911
0.186812
0.186856
0.193982
0.643672
0.577557
0.5776
0.643699
0.652099
0.657271
0.657325
0.652149
0.580085
0.595481
0.595521
0.58012
0.0402264
0.0436445
0.0274239
0.0397939
0.0333081
0.0315774
0.0353086
0.0380193
0.0394795
0.0363474
0.0509904
0.0487781
0.0432841
0.0434243
0.0419622
0.0415349
0.0430959
0.0428581
0.0436373
0.0436482
0.0526029
0.0527796
0.0391431
0.0405604
0.025537
0.037921
0.0388698
0.0267323
0.50504
0.667205
0.658477
0.498625
0.0145482
0.0144276
0.031166
0.0287952
0.0783943
0.0631656
0.0651568
0.0791362
0.0478803
0.0484703
0.0497109
0.0501786
0.0421686
0.0378039
0.0483095
0.0467723
0.012748
0.0307351
0.0648029
0.0750623
0.0466453
0.0462109
0.060336
0.0502021
0.0480796
0.0511271
0.0521835
0.0513157
0.0778975
0.077352
0.0604254
0.0616657
0.00513912
0.00418768
0.0234574
0.0245569
0.001997
0.0204022
0.0216762
0.00317841
0.0413845
0.0426681
0.0323197
0.0314452
0.044898
0.0377623
0.0366518
0.0442239
0.00996323
0.0218219
0.0227453
0.00982536
0.0401905
0.0417052
0.0313131
0.0330648
0.0415002
0.0318825
0.0324722
0.0421928
0.00142798
0.00303334
0.0206007
0.0199218
0.0143547
0.028654
0.0287942
0.0138021
0.0420074
0.0468953
0.0477263
0.0376656
0.0474142
0.0497041
0.0490033
0.0482923
0.0771549
0.0782616
0.0628013
0.0611534
0.00941628
0.00940995
0.0215791
0.020753
0.000348817
0.0177949
0.0206064
0.00646095
0.0405352
0.0419968
0.0320243
0.030674
0.0389137
0.0321532
0.0307421
0.0415233
0.00475143
0.0234168
0.0225015
0.0038731
0.0428654
0.0424674
0.0352108
0.0360752
0.0402023
0.0307764
0.0312658
0.0411385
0.00252502
0.00290805
0.0210978
0.0201618
0.0120917
0.0709238
0.063999
0.0348349
0.0764316
0.058876
0.0563436
0.0748343
0.0472015
0.0493595
0.0498724
0.0498906
0.0444537
0.0428009
0.0571324
0.0443345
0.00558501
0.00531058
0.00773015
0.00798236
0.00538481
0.00775645
0.00768396
0.00533169
0.0126605
0.0124595
0.0101838
0.010305
0.0121487
0.0102094
0.010151
0.012288
0.0062502
0.00987476
0.00915887
0.00589491
0.0168008
0.0155996
0.0124998
0.0134904
0.0133243
0.0107791
0.0116061
0.0144508
0.0054962
0.00568276
0.00856395
0.00804978
0.0301022
0.0271568
0.0245317
0.0262583
0.0227787
0.0204641
0.021889
0.024555
0.0157531
0.0170231
0.0193189
0.0180626
0.0202104
0.0236562
0.0211638
0.0184893
0.0193092
0.0179693
0.0185527
0.0203883
0.0142041
0.0143139
0.0162286
0.016296
0.0149362
0.01713
0.0165209
0.0145723
0.0214972
0.0207105
0.0186268
0.0193767
0.0452642
0.0976284
0.0987844
0.0457306
0.165252
0.166787
0.138835
0.137012
0.167711
0.139759
0.139471
0.167328
0.0454455
0.0456628
0.0992352
0.0992755
0.158173
0.331087
0.191265
0.186714
0.347055
0.203342
0.183541
0.338489
0.183729
0.183281
0.186636
0.186987
0.181464
0.185033
0.186291
0.182834
0.158309
0.18695
0.191726
0.331247
0.181298
0.182772
0.186402
0.185177
0.183721
0.18701
0.186703
0.183258
0.346975
0.338604
0.183767
0.203376
0.0432726
0.0443047
0.0977598
0.0961578
0.0451545
0.0990627
0.0985965
0.0447934
0.167643
0.167052
0.139084
0.139629
0.164711
0.136119
0.138192
0.166369
0.0133596
0.0391877
0.0363506
0.0121352
0.106749
0.0972225
0.0934653
0.0969947
0.0757064
0.0546095
0.0908006
0.0923826
0.011328
0.0115379
0.0682566
0.033296
0.0276041
0.0266298
0.0618598
0.0626208
0.0246082
0.0596494
0.0608878
0.0257626
0.0963553
0.0998696
0.0952476
0.0931778
0.112386
0.0985558
0.0968957
0.102415
0.0227451
0.0589814
0.0598147
0.0231483
0.11225
0.102394
0.0967041
0.0970403
0.0963555
0.0932089
0.0953216
0.099875
0.0239052
0.0236076
0.0599442
0.0594678
0.0134227
0.0122586
0.0363739
0.0391846
0.0113454
0.0333049
0.0682838
0.0116069
0.075706
0.0927519
0.0908008
0.0546087
0.107236
0.0969969
0.093464
0.0976034
0.0124035
0.0121978
0.0320979
0.0304667
0.0117419
0.0381753
0.0351368
0.0119699
0.0461074
0.0463621
0.0438076
0.0422893
0.0468512
0.0492261
0.0455771
0.0466143
0.0077067
0.0261375
0.0277871
0.0101666
0.0438314
0.044379
0.0396788
0.0387598
0.0456459
0.0416739
0.0406175
0.0449832
0.0114518
0.0110672
0.0290094
0.0417378
0.00960445
0.00912139
0.0267511
0.0268928
0.00797161
0.0261059
0.0263624
0.00854564
0.0441251
0.0438751
0.0382504
0.0382573
0.0433749
0.0382285
0.0382425
0.043625
0.00570596
0.0250833
0.0253387
0.00624887
0.0451186
0.0448735
0.0382786
0.0382749
0.0443762
0.0382663
0.038275
0.0446273
0.00738369
0.00681526
0.0255959
0.0258504
0.0116199
0.0355925
0.0388012
0.0111976
0.0446828
0.0447916
0.0409189
0.0424212
0.0450084
0.0401784
0.0402764
0.0449019
0.0100595
0.0106269
0.0420425
0.0446664
0.00535926
0.00604254
0.0246376
0.0240342
0.00742343
0.025836
0.025238
0.00672102
0.044132
0.0438318
0.0376823
0.038158
0.0432198
0.0367156
0.0372003
0.043528
0.0102265
0.0283664
0.0277528
0.00954319
0.0453342
0.0450336
0.0395802
0.0400542
0.0444324
0.0386323
0.0391067
0.0447331
0.00814065
0.00884323
0.0270311
0.0264335
0.00773883
0.00832131
0.0269209
0.0265831
0.00948926
0.0443439
0.0272559
0.00890863
0.0450575
0.0450487
0.0397173
0.039969
0.0452066
0.0394671
0.0395821
0.0450945
0.0187195
0.0201194
0.0216248
0.0203827
0.0232411
0.0244299
0.0238667
0.0225169
0.0268076
0.0265665
0.0252166
0.0256187
0.0237083
0.0220456
0.0231301
0.0246353
0.0289382
0.0318018
0.0297705
0.0274127
0.0375347
0.0344874
0.0321287
0.0346669
0.028789
0.0274278
0.0306439
0.0325109
0.0247055
0.0269101
0.028777
0.0260667
0.0489821
0.0439158
0.041557
0.0461182
0.0342321
0.0328707
0.0381102
0.0399779
0.0301503
0.034378
0.0362425
0.0315093
0.0403992
0.043255
0.0391985
0.0368459
0.0240037
0.0270634
0.0257044
0.0246691
0.0251893
0.0255964
0.0260135
0.0264888
0.027814
0.0286366
0.0276244
0.0273693
0.0302767
0.0281171
0.0278775
0.029458
0.168988
0.173338
0.488902
0.474797
0.177849
0.50257
0.495188
0.176056
0.643925
0.634183
0.653213
0.66221
0.474295
0.476534
0.584344
0.570561
0.18325
0.498691
0.4988
0.181082
0.633228
0.643136
0.661064
0.650735
0.648496
0.666644
0.666357
0.648204
0.178391
0.178832
0.502914
0.506662
0.183197
0.181025
0.49888
0.498725
0.178471
0.506679
0.502959
0.179219
0.648525
0.648231
0.666437
0.66673
0.63325
0.650802
0.661138
0.64316
0.169103
0.47481
0.488889
0.173418
0.474325
0.570572
0.58419
0.476638
0.643949
0.662295
0.653266
0.634196
0.179135
0.176139
0.495236
0.502662
0.080936
0.0705016
0.0633177
0.0605947
0.0767092
0.0720737
0.0611741
0.0676957
0.059034
0.0487635
0.0543709
0.0656739
0.0469044
0.0521144
0.053106
0.0480798
0.0194058
0.0497163
0.049429
0.0206227
0.0772553
0.0726028
0.0665991
0.0702081
0.0617315
0.0678611
0.0638874
0.0685675
0.0761386
0.0200471
0.0479438
0.0727863
0.0155411
0.0148191
0.0360425
0.0373102
0.0129189
0.0319739
0.0343302
0.0139764
0.0549959
0.0628139
0.0481882
0.042125
0.0693704
0.051689
0.0510082
0.0669651
0.0103231
0.0273542
0.0274138
0.0108865
0.0436241
0.0429899
0.0378559
0.0386608
0.0479073
0.0394113
0.0354128
0.0433448
0.01202
0.0113852
0.02695
0.0288923
0.0732679
0.0601525
0.0632864
0.0709884
0.0490635
0.0493685
0.0550576
0.0539781
0.0499622
0.0578244
0.0558113
0.0489354
0.0698687
0.0701395
0.0633325
0.0635504
0.0108892
0.0111876
0.0280356
0.0286847
0.011788
0.0282344
0.0268403
0.0114222
0.0437142
0.0429442
0.0351202
0.0384985
0.0455927
0.0403746
0.0384714
0.0438308
0.0149223
0.0358744
0.0341608
0.0140922
0.0648014
0.0623577
0.0477694
0.0494043
0.0515625
0.0378159
0.045154
0.0590071
0.0124485
0.0132932
0.0324632
0.0306363
0.019796
0.018763
0.0461996
0.0491821
0.0772202
0.0720699
-0.0112778
-0.0603894
0.0594413
0.0651428
0.0611424
0.0666201
0.0719212
0.0662635
0.06302
0.0681619
0.0355222
0.0301546
0.0351956
0.0390805
0.0325898
0.0360459
0.0336872
0.0301671
0.0437423
0.0430405
0.0379731
0.0397581
0.043824
0.0409626
0.0383743
0.0430674
0.0622776
0.0702198
0.0576162
0.0512568
0.078746
0.0684279
0.0626755
0.0740758
0.0488362
0.0446804
0.0527398
0.0583222
0.036969
0.0433047
0.0477392
0.0407299
-0.00891796
-0.0150751
0.0446903
0.0488515
-0.0271106
0.0303662
0.0380928
-0.0208617
0.0503247
0.0602576
0.0583013
0.0489191
0.0807205
0.0732706
0.0654874
0.0694583
-0.0455556
0.0136252
0.0178717
-0.0414809
0.0455001
0.0449685
0.0439038
0.0437677
0.0453237
0.0442933
0.0444239
0.0452546
-0.0325988
-0.0372415
0.0213424
0.0246911
0.189569
0.267199
0.592479
0.525435
0.270452
0.470506
0.580154
0.320442
0.470392
0.580062
0.580108
0.470467
0.615549
0.628364
0.597626
0.593336
0.147627
0.156301
0.17826
0.165554
0.156323
0.178232
0.178221
0.15631
0.313457
0.313545
0.199824
0.199809
0.21158
0.183038
0.199863
0.313658
0.146944
0.165316
0.17831
0.156216
0.218143
0.31376
0.199971
0.182919
0.31347
0.199821
0.199859
0.313586
0.156332
0.156337
0.178251
0.178242
0.189547
0.525456
0.592371
0.267346
0.61557
0.593356
0.597685
0.628426
0.470408
0.470513
0.580161
0.580079
0.27702
0.320176
0.580243
0.470619
-0.0647649
-0.0112072
0.0965238
0.0988895
0.0288855
0.0956846
0.0949691
0.0163181
0.109752
0.111021
0.104571
0.103333
0.114458
0.10879
0.106114
0.112376
0.0195394
0.129524
0.117366
0.0407057
0.13418
0.126327
0.122872
0.133092
0.112502
0.106591
0.114344
0.119273
0.0373161
0.0419834
0.107764
0.0998939
0.00770467
0.0058486
0.0107729
0.0195504
0.00554125
0.0128954
0.0150712
0.0062973
-0.000291894
0.0212564
0.0186389
-0.00494754
0.0313625
0.0264439
0.023629
0.0266119
0.00523105
0.0119512
0.0126465
0.00534796
0.0145048
0.015351
0.0152741
0.0132786
-0.00239209
-0.00641343
0.0151952
0.0152202
0.00434299
0.00537713
0.0117548
0.0120213
