-0.813612
0.145
-1.535
-0.888219
0.215
1.585
-0.805
0.638512
-1.405
-0.754924
0.875
1.595
0.813613
0.145
-1.535
0.888219
0.215
1.585
0.805
0.638512
-1.405
0.754933
0.875
1.595
0.0192221
0.0163543
0.112422
0.0902186
0.0191878
0.0163018
0.112414
0.0902121
-0.0496862
-0.0175675
-4.85513e-05
-0.00536466
-0.0232352
-0.0459854
-0.0677072
-0.0346873
0.00724683
0.0330816
0.0194101
-0.0106618
-0.0342569
-0.0539859
-0.00498469
0.0376614
0.111825
0.0873562
0.0149011
-0.0084057
-0.0206495
0.108928
0.152307
0.202564
0.192206
0.136597
0.098297
0.0751134
-0.0558745
-0.0233142
-0.00802304
-0.00733226
-0.017862
-0.0442482
-0.0688321
-0.044176
-0.0336776
-0.0563365
-0.0238279
-0.0160487
-0.0264442
0.0991385
0.144812
0.202999
0.192969
0.132
0.0921066
0.0695951
-0.0558823
-0.0233238
-0.00805336
-0.00737309
-0.0178771
-0.044261
-0.0688468
-0.0441808
-0.0336861
-0.0563494
-0.0238317
-0.0160556
-0.0264557
0.0991297
0.144803
0.202988
0.192957
0.131988
0.0920944
0.0695818
-0.0497055
-0.0175921
-9.94297e-05
-0.00542966
-0.0232749
-0.0460165
-0.0677387
-0.0347016
0.00723097
0.0330349
0.019345
-0.0106943
-0.0342824
-0.0540145
-0.00499638
0.0376513
0.1118
0.0873232
0.014878
-0.00842709
-0.0206753
0.108909
0.152287
0.202541
0.19218
0.136572
0.0982708
0.0750857
0.031374
0.00541836
0.0152469
0.0352042
-0.00526626
0.00386246
0.104699
0.104078
0.0486944
0.0571454
0.031498
0.015191
0.0352
0.00310011
0.104076
0.0571331
0.0181317
0.0944323
0.0142177
0.0816273
0.0114188
0.108514
0.550432
0.646432
0.01826
0.094432
0.081618
0.108512
0.0868426
0.0868381
0.010339
0.359275
0.238054
0.083528
0.0835187
0.0107216
0.636061
0.0754392
0.0754344
0.00268741
0.573516
0.154923
0.0174135
0.0076778
0.00968492
0.0219292
-0.00549299
0.000231175
0.0262506
0.0841297
0.0887522
0.0375706
0.0349861
0.0343638
0.0076813
0.0174297
0.00965228
-0.00552686
0.0216959
0.000970057
0.0841456
0.0262514
0.0888116
0.0350163
0.0375531
0.0343482
0.0372353
0.0194477
0.0712031
0.0166059
0.00841469
0.0192771
0.052883
0.00395812
0.10959
0.114616
0.112118
0.548754
0.0752479
0.113195
0.101145
0.606818
0.037234
0.016664
0.0194421
0.0712131
0.00841289
0.004025
0.0192744
0.0528801
0.1096
0.548754
0.114614
0.112161
0.0752142
0.606825
0.113204
0.101138
0.0873874
0.231394
0.00939121
0.233727
0.078617
0.0155928
0.0752941
0.146855
-0.000495356
0.167743
0.0461689
0.00335306
0.254294
0.246239
0.102719
0.351266
0.51377
0.0649989
0.102202
0.538788
0.0874027
0.231411
0.0786058
0.0155997
0.0752875
0.146836
0.0460497
0.00324027
0.102716
0.351266
0.102219
0.538789
0.0567631
0.00880562
0.0906639
0.0879645
0.0133311
0.0124682
0.0814709
0.0806132
0.0131768
0.00513365
0.114689
0.633764
0.466355
0.603199
0.650369
0.6189
0.0567831
0.00899864
0.0906577
0.0879568
0.0814728
0.0806031
0.114694
0.633759
0.0807587
0.0777461
0.109399
0.093349
0.0807608
0.0933559
0.109407
0.0777357
0.0122377
0.0122424
0.0193767
0.0192795
0.238338
0.454353
0.454352
0.238334
0.225386
0.21472
0.214703
0.225377
0.0625756
0.0534261
0.113897
0.114699
0.0625896
0.114705
0.113892
0.0534384
0.0139064
0.0138705
0.00961809
0.00961271
0.60232
0.637272
0.637278
0.602301
0.052786
0.0425132
0.09659
0.110377
0.0527194
0.110379
0.0965134
0.0424523
0.00526551
0.00520429
6.90474e-06
8.37405e-05
0.590247
0.462429
0.462543
0.590247
0.154499
0.15449
0.0539633
0.0539591
0.0185007
0.00766822
0.00682012
0.0112816
0.00377261
0.00210304
0.013693
0.0664705
0.0557505
0.0214759
0.0198688
0.0189754
0.00767173
0.0184966
0.00679907
0.00374693
0.0111511
0.00215664
0.0664709
0.0136929
0.0557534
0.019836
0.021574
0.0188408
0.0152774
0.0166218
0.0722324
0.0199853
0.0171803
0.015679
0.0494756
0.0195057
0.111375
0.121479
0.112692
0.412562
0.0833142
0.108014
0.0963183
0.360804
0.0152713
0.0196108
0.0165906
0.0722353
0.0173334
0.0194968
0.0155227
0.0494606
0.111383
0.412574
0.121479
0.112701
0.0832581
0.360822
0.108011
0.0963329
0.0240994
0.0328449
0.0870454
0.17133
0.00541875
0.00542228
0.00729191
0.233119
0.0124361
0.0179259
0.0741011
0.0189005
0.0291069
0.0358638
0.0742438
0.13516
-0.00518952
-0.00526424
-0.000682532
0.130364
-0.00271123
0.0048884
0.0314439
0.00766258
0.0967422
0.0967569
0.185727
0.191096
0.100327
0.107154
0.110645
0.332686
0.0454766
0.0454804
0.475948
0.0624695
0.0468063
0.066699
0.0940745
0.350092
0.0240983
0.0329596
0.0870675
0.171353
0.0124006
0.0179071
0.0741011
0.0189436
0.0290782
0.0357457
0.0742387
0.135157
-0.00268714
0.00481744
0.0312694
0.00741542
0.100389
0.10718
0.110643
0.332681
0.0467724
0.06665
0.094066
0.350115
0.0160939
0.0186269
0.0642583
0.0193735
0.0810297
0.105094
0.0926345
0.091474
0.0156471
0.0156332
0.00910971
0.0112444
0.0668939
0.10032
0.0812933
0.0810931
0.0103709
0.0104052
0.0101953
0.00775836
0.110738
0.105354
0.118167
0.404611
0.556524
0.556525
0.51103
0.579311
0.649606
0.649606
0.650685
0.634857
0.0160951
0.01862
0.0642766
0.0193882
0.0810565
0.10508
0.092631
0.0914627
0.0668901
0.100311
0.0812868
0.0810912
0.110743
0.105373
0.118187
0.404629
0.0871525
0.0827312
0.0947818
0.0887574
0.0871581
0.0827235
0.094778
0.088752
0.0114867
0.0123752
0.0123338
0.011835
0.293154
0.359445
0.359445
0.415848
0.23977
0.235224
0.255163
0.239762
0.06881
0.0854037
0.0821648
0.103752
0.0688071
0.085399
0.0821643
0.103739
0.00860943
0.0136361
0.0119415
0.00862528
0.643092
0.622069
0.645461
0.643092
0.0755244
0.0608557
0.0905001
0.0781185
0.0755169
0.0607937
0.0904927
0.0781093
0.00250216
0.0043987
0.00429161
0.0025049
0.546319
0.565766
0.565768
0.598411
0.15336
0.167546
0.0747366
0.153341
0.0815133
0.154453
0.0112976
0.225163
0.0767835
0.0147486
0.0408094
0.137158
-0.000302525
0.122628
0.0258477
0.00547245
0.0895301
0.169399
0.165657
0.176319
0.101528
0.217599
0.0782701
0.0476916
0.413713
0.0491313
0.0753042
0.286519
0.011315
0.225142
0.0815147
0.154413
0.0767806
0.0147325
-0.00039086
0.122579
0.040746
0.137123
0.0259293
0.00551922
0.165613
0.176306
0.0895332
0.169414
0.10154
0.217603
0.413709
0.0491329
0.0782192
0.0476991
0.0752781
0.286505
0.0744025
0.0261421
0.0692669
0.0202845
0.0740706
0.0666982
0.0147877
0.0135418
0.038611
0.00999677
0.057827
0.0216137
0.0527066
0.0523053
0.00278899
0.00738259
0.117839
0.434791
0.112154
0.114715
0.120538
0.410122
0.504351
0.578312
0.102128
0.408047
0.113714
0.111325
0.113637
0.385639
0.623562
0.612856
0.0744161
0.0262114
0.0148193
0.0135053
0.0692556
0.02016
0.074065
0.0667103
0.0385773
0.00996224
0.00282417
0.00735753
0.0578271
0.0216141
0.052711
0.0522729
0.117849
0.434786
0.504333
0.578288
0.112159
0.114721
0.120547
0.410125
0.102118
0.408058
0.623589
0.612748
0.113712
0.111329
0.113646
0.385634
0.084066
0.0903595
0.23048
0.226334
0.00822492
0.0082458
0.23472
0.234666
0.0797268
0.0781839
0.0139153
0.0176539
0.0589104
0.089376
0.156765
0.0685383
0.00212918
0.00218221
0.164671
0.16465
0.0494808
0.0443815
0.00263044
0.00422621
0.251569
0.251568
0.234619
0.234625
0.105066
0.0979817
0.285368
0.405867
0.502414
0.502398
0.061223
0.0612166
0.103471
0.107517
0.566892
0.50557
0.0840748
0.0903705
0.226343
0.230414
0.0797227
0.0781731
0.0139116
0.0176542
0.0893685
0.0588767
0.156767
0.0685482
0.0493879
0.0442914
0.00254412
0.00414022
0.0979839
0.105062
0.405846
0.2853
0.107891
0.103472
0.505564
0.566893
0.0592834
0.0545834
0.0161328
0.00693006
0.0842065
0.0990337
0.0736375
0.104238
0.0165044
0.0165326
0.0119134
0.0119119
0.0664116
0.100906
0.0667021
0.0963512
0.0096526
0.00966183
0.00650326
0.00651848
0.114194
0.114747
0.620911
0.641846
0.464571
0.464572
0.610228
0.610231
0.656342
0.65635
0.612387
0.612386
0.0593018
0.0545987
0.0160941
0.00697735
0.0990281
0.0841982
0.0736385
0.104242
0.100905
0.0664173
0.0666637
0.0963465
0.114752
0.114194
0.641783
0.620896
0.0777139
0.0754681
0.0834387
0.0842501
0.079009
0.0826967
0.0834723
0.0742642
0.122458
0.113773
0.0969131
0.102648
0.0919354
0.0882584
0.0925825
0.105966
0.0777118
0.0842607
0.0834395
0.0754591
0.0911804
0.105971
0.0925864
0.0882714
0.122469
0.102644
0.0969083
0.113371
0.0790189
0.0742718
0.0834643
0.0826944
0.012765
0.00651076
0.01029
0.0168504
0.0127617
0.0168469
0.0102768
0.00651225
0.0155815
0.0101702
0.0143519
0.0222775
0.0160106
0.0222652
0.0144081
0.010176
0.14845
0.269368
0.293473
0.17945
0.404888
0.513222
0.41505
0.386894
0.404881
0.386886
0.415048
0.513214
0.14841
0.179408
0.293473
0.269379
0.169795
0.164952
0.236602
0.231105
0.155569
0.187071
0.243253
0.173862
0.155564
0.173874
0.243268
0.187066
0.169803
0.231109
0.236608
0.16495
0.0709265
0.0669521
0.0708812
0.0769332
0.0539371
0.0663366
0.067401
0.0614147
0.110924
0.116074
0.102086
0.100368
0.121135
0.104711
0.103898
0.119513
0.070924
0.0769302
0.0708857
0.0669613
0.121134
0.119511
0.103908
0.104717
0.110925
0.100359
0.102092
0.116085
0.0538978
0.0614364
0.0674064
0.0663314
0.0181776
0.0111777
0.0118625
0.0221147
0.0177051
0.0221267
0.0118694
0.0111658
0.0188015
0.00883012
0.00912559
0.0205265
0.0187962
0.0205252
0.00912091
0.00880041
0.408939
0.409071
0.629109
0.585895
0.373922
0.655296
0.652085
0.395947
0.37393
0.395965
0.652085
0.655296
0.408901
0.585894
0.629091
0.409051
0.0472016
0.0350292
0.0638021
0.0663913
0.0232832
0.057547
0.059957
0.0286706
0.0573561
0.0875703
0.0901928
0.0823444
0.105585
0.0980696
0.0928252
0.0983181
0.0471809
0.0663765
0.063751
0.0349249
0.105586
0.0983106
0.0928158
0.0980612
0.0572832
0.0823221
0.0901845
0.0875184
0.0233073
0.0286237
0.0599083
0.0575117
0.0202157
0.00874299
0.00367354
0.00735928
0.020188
0.00720166
0.00362098
0.00880494
0.00589774
-0.000359067
0.00475124
0.0078721
0.00587537
0.00793472
0.00486094
-0.000320588
0.3717
0.380547
0.591351
0.633074
0.254415
0.462982
0.536728
0.318972
0.254562
0.318985
0.536739
0.462988
0.371695
0.633071
0.591353
0.380557
0.109584
0.129477
0.165321
0.14076
0.10938
0.140755
0.165322
0.129477
0.0365297
0.0583058
0.0718584
0.0659354
0.0365298
0.0658909
0.07186
0.0583008
0.00977852
0.00534669
0.00541693
0.00499478
0.00324092
0.00200836
0.00656165
0.0475878
0.0294356
0.0100268
0.0107201
0.00949676
0.00535018
0.00981214
0.00542146
0.0032355
0.00495324
0.00187769
0.0474789
0.00650841
0.0294234
0.0107197
0.0103979
0.00945432
0.0162892
0.0154485
0.0700422
0.0190569
0.0169341
0.01598
0.0447848
0.0186029
0.112116
0.123723
0.112834
0.267769
0.0868796
0.101302
0.0931973
0.210082
0.0162681
0.0190522
0.0153965
0.0700441
0.0170093
0.0185922
0.0158461
0.0447697
0.112143
0.267846
0.123745
0.112877
0.0868044
0.210079
0.101303
0.093154
0.0290624
0.0326275
0.0856321
0.113577
0.0054168
0.00542035
0.00626141
0.229839
0.0138643
0.0166245
0.0720246
0.0193887
0.0330194
0.0352101
0.0658554
0.126043
-0.00533822
-0.00539938
-0.000776031
0.111989
0.00236911
0.00445112
0.0240806
0.00763541
0.101351
0.101364
0.147368
0.140238
0.102208
0.105532
0.114567
0.289246
0.0480528
0.0480559
0.413279
0.0586011
0.0518766
0.0621644
0.0790579
0.18514
0.0290607
0.0326294
0.0856356
0.113561
0.0137915
0.0166062
0.0720089
0.0193728
0.0328878
0.0351003
0.0658047
0.126041
0.00228943
0.00404406
0.0238783
0.00743238
0.102203
0.105536
0.114565
0.289328
0.051829
0.0621412
0.0790345
0.185147
0.0176969
0.0184702
0.062369
0.0192214
0.0873104
0.0997722
0.0935467
0.0930726
0.0147286
0.0147223
0.00985053
0.010632
0.0741369
0.0905909
0.0814621
0.0813148
0.0111996
0.0112091
0.0108069
0.00766593
0.109767
0.107054
0.116883
0.242712
0.555191
0.555192
0.531786
0.566175
0.650352
0.650343
0.648429
0.640749
0.0177359
0.0184431
0.0623941
0.0192458
0.0873206
0.0997688
0.0935405
0.0930711
0.0741288
0.0905805
0.0814539
0.0813121
0.109766
0.107063
0.116883
0.242696
0.0870067
0.0847874
0.090813
0.0878001
0.087006
0.0847813
0.0908089
0.0877952
0.00979668
0.0110059
0.0110022
0.0110869
0.327924
0.360455
0.360455
0.388857
0.239203
0.236607
0.254822
0.239207
0.0756076
0.0844122
0.0827966
0.0932665
0.0756081
0.0844034
0.0827912
0.0932621
0.00914986
0.0101065
0.01133
0.0091562
0.641559
0.629881
0.641375
0.641565
0.0754431
0.0681525
0.0829763
0.0768613
0.0754352
0.0681208
0.0829693
0.0768526
0.00259425
0.00359307
0.00358587
0.00259675
0.560913
0.572064
0.572061
0.586714
0.154578
0.162428
0.10997
0.154574
0.0259687
0.0194169
0.0769899
0.0961375
0.00767487
0.00542053
0.0108498
0.22577
0.00825707
0.0110799
0.0750555
0.0134826
0.016603
0.0252738
0.039307
0.107667
-0.00535303
-0.00444213
-0.000529321
0.105057
0.000681965
-9.95766e-05
0.0175113
0.00526943
0.0219406
0.0300019
0.082112
0.113226
0.075905
0.0909824
0.126385
0.131045
0.0750198
0.0964231
0.103892
0.203333
0.031411
0.0382621
0.0599443
0.0437044
0.0275269
0.0417212
0.363732
0.0453374
0.0273533
0.0414607
0.0574658
0.14325
0.00767839
0.00542404
0.0108813
0.225744
0.0254841
0.0193094
0.0767469
0.0958093
0.00822496
0.0110792
0.0750476
0.0134749
-0.00536179
-0.00451958
-0.000589655
0.105004
0.0165969
0.0252623
0.0392439
0.107714
0.00109271
0.000615171
0.0176637
0.00541177
0.0758956
0.0909943
0.126395
0.131018
0.0219894
0.030032
0.0820837
0.113217
0.0750219
0.0964868
0.104451
0.20332
0.0275254
0.0417325
0.363668
0.0453349
0.0313888
0.0382784
0.0599083
0.0437056
0.0273278
0.0413915
0.0574528
0.143255
0.0379268
0.0353584
0.0730765
0.0287931
0.0177935
0.020733
0.0675731
0.020078
0.0719221
0.0757108
0.0726566
0.0689487
0.0198605
0.0153769
0.0156736
0.0146008
0.0125596
0.00542251
0.031638
0.00941933
0.0154487
0.0191702
0.0550078
0.0217288
0.0492692
0.0599105
0.0527944
0.0524234
0.006747
0.00966045
0.00871929
0.00674032
0.110622
0.108389
0.121549
0.334315
0.118422
0.10989
0.113416
0.114759
0.112691
0.111636
0.121522
0.25377
0.533843
0.55444
0.527554
0.564339
0.0797531
0.0710999
0.0917607
0.228779
0.112062
0.10996
0.113377
0.112416
0.0988512
0.103392
0.110056
0.225187
0.49125
0.643807
0.615754
0.616667
0.0379272
0.0353562
0.0730732
0.0287909
0.0198767
0.0153399
0.0156763
0.0146017
0.0177843
0.0207283
0.0675791
0.0200819
0.0719172
0.0757192
0.0726562
0.0689721
0.0127342
0.0053244
0.0316127
0.00939973
0.00673069
0.0096594
0.008759
0.00673858
0.0153927
0.0191401
0.0550187
0.0217302
0.0492648
0.0599041
0.0527961
0.0524067
0.110637
0.108404
0.121559
0.334375
0.53384
0.55444
0.527537
0.564305
0.118428
0.10989
0.113421
0.114764
0.112703
0.111646
0.121534
0.253794
0.0797339
0.0710236
0.0917879
0.228785
0.491236
0.64381
0.615787
0.616659
0.112062
0.109926
0.113355
0.112414
0.0988208
0.103388
0.110075
0.2252
0.087329
0.0873203
0.0857261
0.0888705
0.211345
0.238076
0.231223
0.229288
0.00834162
0.010439
0.00968746
0.00969495
0.236499
0.234021
0.234274
0.234248
0.0765605
0.0806736
0.0791293
0.0783998
0.0176191
0.0132413
0.014752
0.016334
0.0749377
0.0754806
0.0671034
0.0823361
0.141753
0.150864
0.153168
0.10503
-0.000588979
-0.000400993
0.000678734
0.000693452
0.15466
0.169057
0.167214
0.167209
0.0388066
0.0535297
0.0478262
0.0451871
0.00498338
0.00470327
0.00299293
0.00378559
0.22126
0.273734
0.253787
0.253786
0.230488
0.252245
0.241805
0.241804
0.106688
0.0987518
0.103896
0.100416
0.343072
0.35637
0.319577
0.379903
0.495988
0.531161
0.511188
0.511188
0.0645961
0.0657156
0.063555
0.0635528
0.103576
0.0980439
0.103332
0.106782
0.463391
0.554642
0.554101
0.523385
0.0873483
0.0873307
0.085738
0.0888835
0.211349
0.238092
0.229296
0.23123
0.0765478
0.0806641
0.0791219
0.0783888
0.0176177
0.0132376
0.0147554
0.0163328
0.0749313
0.0754735
0.0823291
0.067083
0.141752
0.150856
0.153174
0.105159
0.0386598
0.0534383
0.0477202
0.0450822
0.00481594
0.00483592
0.0028935
0.00368632
0.106685
0.0987483
0.100415
0.103892
0.34307
0.35637
0.379899
0.319565
0.103567
0.0980346
0.106773
0.103333
0.463389
0.554641
0.523478
0.554091
0.0594906
0.0625634
0.0578155
0.0556441
0.019666
0.007438
0.00976562
0.00809174
0.0916911
0.08971
0.0874349
0.0948495
0.0896856
0.0866184
0.0803535
0.0978826
0.0140792
0.012583
0.0139906
0.0139925
0.0118565
0.0130799
0.0123101
0.0122987
0.0811747
0.081706
0.0735482
0.0906538
0.0810191
0.079353
0.0736577
0.0878577
0.00958364
0.012553
0.0106086
0.0106152
0.00504161
0.00241357
0.00710845
0.00710223
0.117268
0.109844
0.114296
0.114437
0.537466
0.640715
0.627572
0.637785
0.489874
0.442312
0.466571
0.466571
0.592421
0.61355
0.608574
0.608577
0.650581
0.648318
0.655621
0.655625
0.627221
0.609141
0.61752
0.617514
0.0595174
0.062577
0.0578429
0.0556613
0.0196918
0.00745799
0.00984272
0.00828538
0.0916054
0.0897041
0.0948435
0.0874275
0.0896816
0.0866331
0.0803475
0.0977961
0.0811899
0.0817082
0.0906561
0.0735525
0.0810116
0.0793433
0.0736335
0.0881183
0.117276
0.109848
0.114444
0.114301
0.537461
0.640716
0.637652
0.627465
0.081248
0.0792656
0.0824099
0.0802881
0.0760218
0.077923
0.0779648
0.0809759
0.113723
0.110739
0.106235
0.104576
0.0915711
0.0974442
0.0918512
0.0957043
0.0812505
0.079265
0.082416
0.0802877
0.0915762
0.0974536
0.09186
0.095709
0.113732
0.110746
0.10623
0.104513
0.0760137
0.0779136
0.0779543
0.0809666
0.0117994
0.0136838
0.0104996
0.013073
0.0118004
0.01368
0.0105303
0.013075
0.0244242
0.0202369
0.0185154
0.0166506
0.0244257
0.0201725
0.01846
0.0166726
0.202867
0.229229
0.24688
0.268075
0.446047
0.480492
0.431401
0.460467
0.446044
0.480487
0.431389
0.460467
0.202858
0.229231
0.246845
0.268168
0.198891
0.224681
0.227894
0.23165
0.200429
0.205074
0.220706
0.225429
0.205088
0.200263
0.225402
0.220684
0.224656
0.198826
0.231366
0.227847
0.0658461
0.0644314
0.0609295
0.0677986
0.0534399
0.0529094
0.0539429
0.0598901
0.113787
0.115199
0.109659
0.11421
0.114758
0.118319
0.110076
0.114583
0.0658614
0.0644434
0.0609456
0.0678098
0.114765
0.118329
0.110082
0.114589
0.113776
0.115218
0.109653
0.114205
0.0534418
0.0529192
0.0539577
0.0598965
0.0208842
0.0137066
0.0141059
0.010728
0.0137004
0.0208954
0.010721
0.0140403
0.00222393
0.0166933
0.0109053
0.00374486
0.016595
0.00220473
0.00401462
0.010903
0.541365
0.590982
0.611961
0.608185
0.519185
0.630861
0.642383
0.653013
0.630898
0.519204
0.653013
0.642277
0.590968
0.54137
0.608184
0.611956
0.0456986
0.0522053
0.0511246
0.0597439
0.0417577
0.0341818
0.0507129
0.0434838
0.0885755
0.0882211
0.0964165
0.101433
0.108359
0.110793
0.109731
0.10442
0.0456484
0.0521629
0.0510447
0.0596914
0.108384
0.110795
0.109733
0.104419
0.0885519
0.0881002
0.0964112
0.10139
0.0416947
0.034192
0.0506657
0.0434084
0.00726789
0.0046621
0.00226815
0.00597794
0.00718974
0.00461906
0.00219444
0.00590699
-0.000192014
0.0029092
0.00373555
0.00123567
-8.56053e-05
0.00292786
0.00364209
0.00130794
0.530228
0.60249
0.579507
0.603271
0.438578
0.387004
0.487743
0.486053
0.438563
0.387018
0.487757
0.486031
0.530231
0.602496
0.579477
0.60327
0.14694
0.142539
0.156973
0.160561
0.142492
0.146918
0.160553
0.156981
0.0524391
0.0513015
0.0581368
0.0571444
0.0512917
0.0524396
0.0571436
0.0581379
0.0639755
0.116018
0.0123486
0.171841
0.0763791
0.0105471
0.0216357
0.0795059
0.00698872
0.0926995
0.0148029
0.0060293
0.0634261
0.104511
0.109185
0.117848
0.0809829
0.13555
0.0448618
0.029364
0.236176
0.0294278
0.0407683
0.124508
0.0123445
0.171834
0.063999
0.117213
0.076372
0.0105427
0.00700234
0.0926832
0.0216319
0.079517
0.0148241
0.00605492
0.109176
0.117819
0.0637456
0.104342
0.0818084
0.135579
0.235731
0.0294276
0.0448162
0.029374
0.0407134
0.124525
0.0795908
0.0156076
0.0688799
0.017371
0.0756223
0.0717063
0.0169115
0.0173895
0.0427985
0.0195816
0.0502437
0.0180875
0.0519496
0.0487165
0.0181577
0.01886
0.125586
0.263313
0.121972
0.121349
0.122918
0.257445
0.408802
0.414614
0.0967958
0.215202
0.109859
0.107012
0.105845
0.215311
0.367633
0.369922
0.0796113
0.015601
0.0165558
0.0167313
0.0688823
0.0173692
0.0756238
0.0717125
0.0427945
0.0195691
0.0181516
0.0188429
0.0502303
0.0180638
0.0519456
0.0486943
0.12551
0.263316
0.408864
0.414626
0.121982
0.12134
0.122928
0.257435
0.096805
0.215217
0.367662
0.369865
0.109872
0.10702
0.105868
0.215262
0.0825192
0.106389
0.0869629
0.117046
0.0856415
0.0876611
0.168918
0.174035
0.00549251
0.228982
0.005508
0.228951
0.00761262
0.00762412
0.232675
0.232671
0.0735366
0.0164349
0.0712883
0.0228769
0.0747858
0.0741875
0.0178889
0.0206189
0.0560333
0.116315
0.0639848
0.0644203
0.0658992
0.0809683
0.139136
0.100049
-0.00111865
0.111208
-0.00119568
0.111207
-0.00075034
-0.000699406
0.130827
0.130827
0.0200967
0.00714089
0.0276143
0.00737161
0.0332383
0.0299916
0.00751322
0.00784791
0.139852
0.142826
0.139845
0.142818
0.183463
0.183455
0.189936
0.189857
0.108616
0.252555
0.119945
0.316558
0.111974
0.108407
0.301583
0.360391
0.401282
0.0553546
0.401206
0.0553621
0.472962
0.472967
0.0610534
0.0609429
0.0702683
0.16399
0.0856244
0.207231
0.0922265
0.0961838
0.366131
0.334815
0.082511
0.106394
0.0869815
0.117084
0.0856608
0.0876806
0.174093
0.168966
0.073526
0.0164234
0.0712803
0.022869
0.0747819
0.0741891
0.0178911
0.0206936
0.0560129
0.116267
0.0638406
0.0644271
0.0810847
0.0658799
0.139133
0.100133
0.0200768
0.00712037
0.0275513
0.00730736
0.033099
0.0298807
0.00731086
0.00769218
0.108568
0.252578
0.119961
0.316538
0.108408
0.111972
0.360386
0.301536
0.0702668
0.164003
0.0856124
0.20738
0.0961996
0.092205
0.334829
0.366166
0.0650684
0.0217287
0.0592022
0.0201579
0.0657529
0.0628503
0.0187157
0.0195912
0.081611
0.0789104
0.103899
0.10491
0.0882446
0.0976773
0.0836348
0.0990019
0.0107282
0.0107548
0.0107038
0.0107406
0.00974105
0.00974814
0.0113165
0.0113087
0.0664561
0.0664958
0.100101
0.0988849
0.0735649
0.090352
0.073535
0.0893749
0.00958552
0.00817238
0.00961904
0.00822441
0.00950433
0.00950127
0.00949561
0.00950271
0.119366
0.24887
0.113691
0.234453
0.117021
0.118765
0.406925
0.400427
0.536043
0.572416
0.536047
0.572424
0.513571
0.51357
0.584405
0.584404
0.652352
0.641397
0.65235
0.641396
0.655368
0.655368
0.636194
0.636192
0.0650827
0.0217352
0.059209
0.020163
0.0657676
0.0628729
0.0187296
0.0195963
0.081606
0.0789056
0.103889
0.104909
0.0976707
0.0882323
0.0836285
0.0990065
0.0664483
0.0664862
0.100092
0.0988941
0.0903447
0.0735603
0.073523
0.0893708
0.119369
0.248891
0.113701
0.23445
0.118769
0.117027
0.400439
0.406867
0.0852964
0.0898724
0.0830082
0.0831005
0.0958494
0.0937215
0.086115
0.0928362
0.0852994
0.0898771
0.083005
0.0830926
0.0937214
0.0958451
0.0928312
0.0861083
0.0119441
0.0119456
0.0113323
0.0134623
0.011305
0.0134075
0.012496
0.0124981
0.294328
0.294328
0.328098
0.38865
0.388651
0.328099
0.416537
0.416537
0.238046
0.244405
0.236011
0.236015
0.250014
0.250021
0.244431
0.23805
0.0698322
0.0679637
0.0777041
0.0953111
0.0742388
0.0916323
0.102945
0.103892
0.0698348
0.0679676
0.0776987
0.0953038
0.0916296
0.074244
0.103887
0.102948
0.00843009
0.00886452
0.0130314
0.0130207
0.00986188
0.00986579
0.00844133
0.00887619
0.636819
0.648062
0.627528
0.627531
0.650793
0.650798
0.648063
0.636813
0.0677408
0.0828596
0.0623467
0.060317
0.0903785
0.091831
0.0709601
0.0854724
0.0828517
0.0677127
0.0622893
0.0602606
0.0918219
0.0903697
0.07093
0.0854631
0.00358733
0.00357997
0.0040375
0.00470438
0.00395766
0.00458453
0.0045903
0.00456932
0.544303
0.544304
0.579462
0.552381
0.55239
0.579463
0.597127
0.597125
0.160636
0.108019
0.167334
0.167333
0.0733609
0.073364
0.160635
0.108032
0.0801264
0.082873
0.161852
0.159503
0.0121518
0.00844321
0.206742
0.228521
0.0772991
0.0761371
0.013765
0.0157343
0.0320545
0.0491821
0.126872
0.139932
0.000524679
0.004553
0.117003
0.126948
0.0246308
0.0272836
0.00568283
0.00526319
0.0907279
0.0888887
0.164358
0.172559
0.158063
0.173754
0.174114
0.182518
0.0968288
0.103803
0.183964
0.247435
0.0694419
0.0808607
0.0419392
0.0526287
0.345412
0.446173
0.0433722
0.0546616
0.0669661
0.0826588
0.269443
0.302178
0.0121622
0.00846518
0.206785
0.228522
0.0801238
0.0828803
0.161854
0.159402
0.0772962
0.0761316
0.013747
0.0157245
0.000517618
0.00455561
0.11678
0.12692
0.032034
0.0491335
0.126745
0.139929
0.0246834
0.0273006
0.00570848
0.00527208
0.15806
0.173745
0.174075
0.182531
0.0907319
0.0888966
0.164337
0.172577
0.0968373
0.103811
0.183955
0.24744
0.345423
0.446203
0.0433667
0.0546711
0.0690549
0.0808535
0.0419099
0.0526314
0.0668959
0.0826268
0.269533
0.302216
0.0776028
0.0743378
0.0257757
0.0237517
0.0700896
0.0680638
0.0189665
0.0211941
0.0778206
0.0780024
0.0701327
0.0713281
0.0173497
0.0121639
0.0188308
0.0106613
0.0419672
0.0368137
0.0129872
0.00720548
0.0558664
0.0596659
0.0178435
0.0204903
0.0511883
0.0594859
0.0476509
0.059297
0.0168424
0.00792714
0.0114605
0.00837776
0.120137
0.11677
0.447938
0.411462
0.117546
0.107419
0.118532
0.109977
0.120793
0.119989
0.40955
0.409662
0.503376
0.510164
0.540883
0.583986
0.103697
0.100175
0.394419
0.394346
0.113673
0.109926
0.110442
0.106997
0.112572
0.114935
0.380211
0.391123
0.506199
0.650769
0.517698
0.625531
0.0776008
0.0743476
0.0257045
0.0239058
0.0172899
0.0121497
0.0188383
0.0106131
0.0701288
0.0680682
0.0186787
0.0212008
0.0778284
0.0779999
0.0701698
0.0713391
0.0419458
0.0367448
0.0134798
0.00710475
0.016879
0.00791602
0.0113993
0.00826074
0.0558547
0.059682
0.0178655
0.020491
0.0511833
0.0594831
0.0475767
0.0592758
0.120145
0.116795
0.447922
0.411417
0.503364
0.510132
0.54089
0.583978
0.117547
0.107421
0.118536
0.109983
0.1208
0.119993
0.409552
0.409665
0.1037
0.100166
0.394426
0.394353
0.506204
0.650762
0.517643
0.62553
0.113672
0.109886
0.110446
0.106998
0.112586
0.114947
0.380239
0.391146
0.0838048
0.0842731
0.0894687
0.091511
0.207195
0.235834
0.235464
0.20999
0.00736922
0.00929592
0.00929852
0.00737775
0.235235
0.233505
0.233473
0.23524
0.0779497
0.081582
0.0808276
0.0762936
0.0132365
0.0156282
0.0200402
0.0149583
0.0583582
0.0594863
0.0898671
0.0894103
0.161912
0.14971
0.0672763
0.0702391
0.00232798
0.00182752
0.00190965
0.00235321
0.151705
0.166444
0.166447
0.151643
0.0422551
0.0566413
0.0521698
0.0365264
0.00367638
0.00460574
0.00543532
0.00629407
0.272144
0.216484
0.216484
0.272141
0.227097
0.239716
0.23972
0.227087
0.109189
0.100992
0.0952843
0.101976
0.278539
0.290672
0.411471
0.397661
0.484062
0.52086
0.520879
0.484053
0.060802
0.0627217
0.0627183
0.0607975
0.0995358
0.0975285
0.100176
0.1062
0.49837
0.581363
0.523951
0.427098
0.0842847
0.0838098
0.0915185
0.0894816
0.209994
0.235481
0.235854
0.207214
0.0815803
0.0779431
0.0762832
0.0808181
0.0156311
0.0132476
0.0149501
0.0200419
0.0894025
0.0898592
0.0594449
0.0583242
0.149708
0.161915
0.0702356
0.0672803
0.0565693
0.0421565
0.0364579
0.0521004
0.00449272
0.00370949
0.00647423
0.00531601
0.10198
0.0952874
0.100987
0.109186
0.397649
0.41146
0.29063
0.278529
0.106194
0.100166
0.0975199
0.09928
0.427122
0.523952
0.581371
0.498383
0.0628168
0.0648174
0.0609603
0.0565493
0.0110461
0.0208199
0.0204041
0.00753515
0.0847694
0.0838388
0.0979741
0.101415
0.0721727
0.0752698
0.104492
0.104148
0.0175803
0.0154282
0.0154702
0.0175932
0.0116003
0.012133
0.0121358
0.0115955
0.0664298
0.0668481
0.101554
0.100613
0.0652408
0.0666271
0.0973101
0.0937901
0.00802064
0.00937519
0.00937749
0.00801534
0.00588618
0.00353022
0.00350844
0.00593941
0.11635
0.109706
0.109978
0.117847
0.53915
0.627033
0.649417
0.530117
0.49014
0.441138
0.441141
0.490142
0.620534
0.599197
0.599198
0.620543
0.655852
0.654463
0.654456
0.655843
0.602469
0.623021
0.623017
0.602463
0.06483
0.0628422
0.056562
0.0609688
0.0208343
0.0110432
0.00753667
0.0204252
0.101414
0.097969
0.0838306
0.0847613
0.0752691
0.0721753
0.104146
0.104497
0.100607
0.101558
0.0668544
0.0664298
0.0666061
0.0651961
0.0937805
0.0973058
0.117849
0.109982
0.109709
0.11634
0.53009
0.649413
0.627026
0.539153
0.0570924
0.0757453
0.0798023
0.0704831
0.0727741
0.077226
0.0786433
0.0742982
0.0849699
0.0855633
0.0820461
0.0810694
0.0842482
0.081615
0.0827572
0.0857983
0.0785454
0.0756427
0.0775109
0.0722897
0.0877619
0.0881904
0.081346
0.0766398
0.0854504
0.0807496
0.0809013
0.0867741
0.0716558
0.0721782
0.0761578
0.0764268
0.125124
0.122761
0.115697
0.117916
0.116778
0.107943
0.112703
0.120732
0.091826
0.093843
0.102106
0.0998743
0.0987521
0.108777
0.106165
0.0966112
0.0489744
0.074062
0.0941976
0.0969668
0.0863497
0.0883947
0.0905169
0.0865873
0.0903745
0.0970689
0.0936063
0.089415
0.112647
0.107728
0.0997529
0.104413
0.0570586
0.0704841
0.0798016
0.0757389
0.0842611
0.0858135
0.0827627
0.0816108
0.0849669
0.081064
0.0820482
0.0855712
0.0727611
0.0742887
0.0786392
0.0772165
0.0489645
0.0967954
0.0942044
0.0740524
0.112651
0.104414
0.0997593
0.107535
0.0903747
0.0894241
0.0936125
0.0970687
0.0863685
0.0862366
0.0905259
0.0884107
0.125107
0.117924
0.115706
0.122764
0.0987451
0.096609
0.106168
0.108778
0.0918213
0.0998704
0.102101
0.0938375
0.115989
0.120745
0.112713
0.10794
0.0785384
0.0722868
0.0775043
0.0756473
0.0716438
0.0764152
0.0761485
0.0721725
0.085444
0.0867672
0.0808919
0.0807401
0.08776
0.0766425
0.0813372
0.0881829
0.00908877
0.0116789
0.0129183
0.0120151
0.00650971
0.00865009
0.00946573
0.00735401
0.0103868
0.0145584
0.0119139
0.0108158
0.0179153
0.0149582
0.0146566
0.0166308
0.00908753
0.0120092
0.012918
0.0117001
0.0179004
0.0166385
0.0146544
0.0149489
0.0103829
0.0108213
0.0119347
0.0145599
0.00652331
0.00736601
0.00949776
0.00865958
0.0167096
0.018684
0.024632
0.0274432
0.0104897
0.0147897
0.0175001
0.011239
0.011749
0.0140949
0.0158004
0.0132433
0.0211216
0.0258266
0.0212585
0.0188251
0.0166876
0.0274791
0.0246622
0.0187149
0.0211321
0.018834
0.0212614
0.0258315
0.0117517
0.0132452
0.0158154
0.0140961
0.0104978
0.0112433
0.0175273
0.0147934
0.0956676
0.171038
0.194699
0.118546
0.271115
0.311795
0.260625
0.230836
0.329093
0.273198
0.27064
0.3251
0.144465
0.134124
0.211147
0.219794
0.265142
0.520315
0.475607
0.309463
0.535461
0.491245
0.486654
0.533442
0.389807
0.385412
0.437362
0.442773
0.304249
0.326036
0.422848
0.371366
0.265128
0.309442
0.475597
0.520312
0.304142
0.371364
0.422839
0.326077
0.389807
0.442773
0.437344
0.385422
0.535462
0.533428
0.48664
0.491245
0.0956737
0.118542
0.194673
0.171018
0.144467
0.219793
0.211125
0.134105
0.329093
0.325108
0.270637
0.273198
0.27107
0.230796
0.26063
0.311744
0.10783
0.107087
0.202414
0.20728
0.111492
0.209724
0.202542
0.100465
0.237574
0.234631
0.234144
0.236398
0.22955
0.227758
0.2299
0.235877
0.0915485
0.126396
0.190859
0.110058
0.144276
0.230857
0.217564
0.137904
0.250477
0.23724
0.230843
0.246957
0.11633
0.115352
0.206226
0.211736
0.0916757
0.110186
0.190773
0.126365
0.116342
0.211776
0.206231
0.11535
0.250473
0.246947
0.230843
0.237257
0.144998
0.137887
0.217541
0.230863
0.10782
0.207954
0.202418
0.107081
0.22957
0.235872
0.229838
0.227728
0.237578
0.23651
0.234101
0.234633
0.111448
0.100481
0.202556
0.209679
0.0694456
0.0683869
0.0675015
0.0711895
0.0638868
0.0608831
0.0647813
0.0663411
0.0764795
0.0789453
0.0661758
0.0636866
0.0853931
0.0735352
0.0694574
0.0820083
0.0474054
0.0495191
0.0525949
0.0526775
0.0736477
0.0734799
0.0597117
0.0596128
0.0748966
0.061655
0.0602934
0.0738671
0.0607733
0.057205
0.0547933
0.0580214
0.103889
0.108394
0.114439
0.113083
0.115587
0.116802
0.115732
0.112319
0.0922888
0.0910614
0.109418
0.109642
0.0904867
0.110085
0.109793
0.0904835
0.123175
0.118283
0.118227
0.122112
0.0993752
0.098641
0.109969
0.109963
0.0941623
0.109973
0.110035
0.0965696
0.118283
0.120533
0.118042
0.117626
0.0694469
0.0711881
0.0675121
0.0683918
0.085383
0.082002
0.0694687
0.0735452
0.0764807
0.063697
0.0661903
0.0789419
0.0639016
0.0663465
0.0648084
0.0609102
0.123177
0.122123
0.118235
0.118289
0.118276
0.117661
0.118047
0.120539
0.094176
0.0965646
0.11003
0.109983
0.0993781
0.109966
0.109974
0.098646
0.103902
0.113078
0.114438
0.108393
0.0904765
0.0904822
0.109784
0.110058
0.0922838
0.109647
0.10943
0.0910636
0.115613
0.112353
0.115731
0.116802
0.0473964
0.0526779
0.0526038
0.0494316
0.0607876
0.0580401
0.0548045
0.0572139
0.0749089
0.0738721
0.060315
0.0616601
0.0736379
0.0596038
0.0597149
0.0734808
0.0165312
0.0175618
0.0198606
0.0184937
0.01073
0.0118968
0.0106304
0.0106985
0.00887485
0.00753638
0.0108666
0.0126531
0.0186947
0.0209666
0.0218949
0.0185358
0.016527
0.0184966
0.0198646
0.0175737
0.0187097
0.0185559
0.0219068
0.020972
0.00886581
0.0126403
0.0108581
0.00754693
0.0107231
0.0106187
0.0106229
0.0118939
0.0183284
0.0169248
0.0150187
0.0180363
0.0103566
0.0087785
0.0072515
0.00878762
0.00950413
0.00749735
0.0105109
0.0102231
0.0197045
0.0211989
0.0169274
0.0200665
0.0183442
0.0180465
0.014948
0.0169128
0.0196894
0.0200428
0.0168949
0.0211961
0.00950235
0.0102294
0.0105088
0.00749077
0.0103503
0.00879366
0.00725826
0.00877937
0.258416
0.255573
0.542844
0.537588
0.245984
0.538349
0.538827
0.251402
0.635333
0.618974
0.61834
0.634323
0.571071
0.570303
0.597034
0.597619
0.209817
0.499264
0.513097
0.22026
0.652768
0.65548
0.651826
0.647313
0.646774
0.645265
0.651196
0.653573
0.238851
0.229998
0.52484
0.533997
0.20981
0.220245
0.513103
0.499253
0.238844
0.533953
0.52484
0.230004
0.646779
0.653576
0.651187
0.645255
0.652767
0.647308
0.651826
0.65548
0.258354
0.537602
0.542885
0.255554
0.571071
0.597618
0.59703
0.57032
0.635338
0.634321
0.618361
0.618977
0.245982
0.251428
0.53883
0.538351
0.046197
0.0345407
0.0458562
0.049474
0.0258492
0.0405325
0.0439692
0.0295636
0.0696039
0.0722967
0.0581825
0.0550864
0.0737623
0.0593839
0.0593812
0.0738705
0.0128642
0.0304851
0.0331966
0.0162099
0.0624553
0.0666498
0.0500604
0.0476793
0.0678796
0.0527519
0.0514854
0.0674836
0.0220347
0.0188228
0.0353843
0.0375894
0.0300664
0.0499026
0.0791964
0.0544983
0.0753577
0.102657
0.0948253
0.0649422
0.0829115
0.0826749
0.097063
0.0978475
0.0660651
0.0629364
0.0929504
0.0821751
0.0992556
0.111512
0.109261
0.0941664
0.0899765
0.0888193
0.105837
0.108483
0.0843469
0.0993144
0.101396
0.086572
0.0824293
0.0887104
0.107144
0.105129
0.0461885
0.0494542
0.0458248
0.0345077
0.0737579
0.073863
0.0593517
0.0593709
0.0695709
0.0550048
0.0581203
0.0722695
0.0257166
0.0295235
0.0438948
0.0404098
0.099253
0.0941752
0.109263
0.111521
0.0824717
0.105115
0.107145
0.0887176
0.084338
0.0865623
0.101388
0.099305
0.0899685
0.108482
0.105837
0.0888178
0.0300677
0.0544948
0.0791517
0.0498962
0.0660662
0.082168
0.0927991
0.0629273
0.0829031
0.0978385
0.0970547
0.0826674
0.0753481
0.0649017
0.0947221
0.102636
0.0128653
0.0162964
0.0331919
0.0304527
0.0219234
0.0374815
0.0353551
0.0188889
0.0678475
0.0674594
0.051427
0.0526711
0.0623959
0.0476401
0.0500116
0.06663
0.0188213
0.0104479
0.00784693
0.0138227
0.00894307
0.00655225
0.00545807
0.00772505
0.00351548
0.00419155
0.00316136
0.00409935
0.0075057
0.0074207
0.00442688
0.00478997
0.0188098
0.0138123
0.00776725
0.0104144
0.00737213
0.00466435
0.0043226
0.0073815
0.00349841
0.00408576
0.00314459
0.00427453
0.00895284
0.00767365
0.00532113
0.00655404
0.0065892
-0.000227362
0.00307468
0.00573381
-0.00114209
-0.000349326
0.0041456
-0.000563829
0.00355903
0.00540257
0.0031699
0.000713321
0.00727928
0.00488024
0.00261411
0.00510972
0.00658083
0.00565
0.00308187
-0.000195194
0.00739195
0.00525299
0.00268703
0.00481642
0.00354972
0.000716573
0.0030325
0.00520124
-0.00107731
-0.000498206
0.00409756
-0.000319095
0.215397
0.213697
0.52493
0.513023
0.194914
0.480962
0.514174
0.216953
0.585325
0.607846
0.59302
0.569055
0.64336
0.634951
0.614833
0.627276
0.116405
0.31693
0.366219
0.134683
0.415317
0.493262
0.468446
0.393385
0.559251
0.540632
0.507302
0.528929
0.17381
0.153628
0.407695
0.445911
0.116532
0.134804
0.366228
0.315378
0.173813
0.445907
0.407757
0.153628
0.559249
0.528927
0.507303
0.540632
0.415408
0.393474
0.468453
0.493259
0.21542
0.512988
0.524933
0.213732
0.643359
0.627275
0.614837
0.63495
0.585311
0.56906
0.59302
0.607839
0.194921
0.216994
0.514175
0.480978
0.0667568
0.0998
0.135636
0.0967732
0.112492
0.154114
0.148018
0.108979
0.162167
0.15764
0.162637
0.168713
0.121172
0.114351
0.14961
0.146898
0.0666453
0.0965233
0.135552
0.0997665
0.121058
0.146902
0.149623
0.114381
0.162166
0.168713
0.162641
0.157633
0.11249
0.108947
0.148011
0.154113
0.020714
0.0382557
0.0479932
0.0370164
0.0575128
0.0631094
0.0571757
0.0517167
0.109298
0.106674
0.0604479
0.0645518
0.0966602
0.0495899
0.0552528
0.102093
0.0207126
0.0370202
0.0479965
0.038261
0.0965768
0.102049
0.0552163
0.0495976
0.109292
0.0645508
0.0604393
0.106622
0.0575144
0.051707
0.0571759
0.0631077
