-0.643297
0.215
-2.115
-0.578375
0.315
2.255
-0.665
0.735
-2.02974
-0.605
0.959717
2.185
0.643403
0.215
-2.115
0.587303
0.325
2.265
0.665
0.735
-2.02984
0.605
0.959818
2.185
0.0821399
0.0756291
0.157759
0.151566
0.0897674
0.0862954
0.157813
0.152724
-0.0573011
0.00623759
0.0717961
0.0632925
-0.00414411
-0.0600056
-0.102718
-0.0538911
0.0172109
0.0966576
0.083045
-0.000398013
-0.0570803
-0.0969761
-0.0299623
0.0418886
0.162453
0.149131
0.0246396
-0.0326156
-0.0660568
0.097572
0.167897
0.250164
0.247766
0.165137
0.0975348
0.0501293
-0.0697725
-0.00540199
0.0647904
0.0600313
-0.00652165
-0.0654775
-0.109383
-0.0701714
-0.0643746
-0.105467
-0.0539798
-0.0477096
-0.0777428
0.0849693
0.158177
0.250058
0.249075
0.158951
0.0885202
0.041813
-0.0682682
-0.0033897
0.0713224
0.0683738
-0.00346676
-0.0628955
-0.106421
-0.0693151
-0.0626624
-0.10287
-0.0534048
-0.0463351
-0.0754414
0.0863526
0.159518
0.251734
0.251185
0.161177
0.0908926
0.0444218
-0.0536545
0.0110924
0.0823722
0.0765695
0.00389588
-0.0537434
-0.0963988
-0.0513208
0.0200653
0.10623
0.0962897
0.00617449
-0.0519421
-0.0912531
-0.0281223
0.0431443
0.166206
0.155539
0.029254
-0.0283504
-0.0609317
0.100637
0.170977
0.253964
0.252415
0.170026
0.102608
0.0555417
0.0658283
0.0184898
0.0624031
0.028705
0.00399013
0.0563834
0.107692
0.123773
0.0539127
0.127212
0.0658478
0.0647501
0.0204926
0.0679289
0.123715
0.127628
0.103172
0.244798
0.0913418
0.261966
0.0834827
0.17019
0.475433
0.559081
0.112662
0.244471
0.260619
0.170301
0.235978
0.235747
0.0629015
0.191194
0.295122
0.26286
0.262281
0.108054
0.621347
0.300685
0.297704
0.06249
0.303941
0.0948132
0.0544299
0.0179995
0.0455852
0.0294514
0.000748934
0.0279202
0.0368766
0.0864976
0.0855243
0.0313393
0.0412347
0.0673427
0.0180139
0.0544561
0.045975
0.00659397
0.0205609
0.0390938
0.0864884
0.0368746
0.0854982
0.0411858
0.0279472
0.0672455
0.0795894
0.0982203
0.245169
0.0868995
0.0564682
0.107505
0.263456
0.0753086
0.146537
0.237375
0.165485
0.446324
0.138379
0.244713
0.164314
0.555314
0.0838304
0.0896133
0.10875
0.244256
0.0668682
0.0800451
0.127803
0.260855
0.149437
0.446301
0.237362
0.165566
0.139149
0.555347
0.244207
0.165874
0.193191
0.260852
0.0474607
0.254395
0.22585
0.0648441
0.209757
0.0822279
0.0204841
0.120864
0.294506
0.0645068
0.167255
0.254446
0.252944
0.187419
0.137567
0.11752
0.2098
0.290967
0.193499
0.26096
0.225303
0.0660162
0.204846
0.0781729
0.291683
0.0703
0.252831
0.1874
0.208228
0.290961
0.267485
0.106769
0.234657
0.253513
0.085725
0.102037
0.263984
0.312432
0.112224
0.0691416
0.241451
0.62156
0.304281
0.587179
0.608607
0.45496
0.265836
0.11058
0.234039
0.25303
0.262969
0.309849
0.242399
0.621542
0.190711
0.251655
0.216244
0.15074
0.190625
0.150669
0.216156
0.249826
0.0471385
0.0477193
0.0828463
0.0808622
0.15283
0.267316
0.267295
0.152792
0.227522
0.214411
0.220769
0.227532
0.256151
0.267822
0.253055
0.246413
0.25476
0.246287
0.252662
0.265397
0.101165
0.104555
0.118688
0.114409
0.581124
0.6092
0.609213
0.581048
0.302743
0.212839
0.195258
0.228242
0.299909
0.227071
0.192555
0.206969
0.0684159
0.0737315
0.018791
0.0144049
0.439541
0.124692
0.124673
0.43957
0.107559
0.103393
0.093555
0.0954707
0.0329275
0.0173895
0.0314834
0.00476055
0.0125819
0.0135002
0.0213099
0.0522689
0.0538572
0.0320238
0.0242866
0.0448593
0.0173988
0.0329181
0.0305861
-0.00265716
-0.00414847
0.025346
0.0522809
0.0211329
0.053847
0.0241735
0.030109
0.0447315
0.0765133
0.0920534
0.244663
0.084527
0.0576799
0.0607389
0.26631
0.0739298
0.155687
0.2207
0.160334
0.399141
0.144552
0.21203
0.158817
0.428448
0.0802523
0.0884903
0.102271
0.243516
0.0675234
0.0801139
0.0833274
0.262739
0.155734
0.399128
0.220812
0.16045
0.145683
0.428075
0.211748
0.15885
0.068104
0.0561167
0.131871
0.193844
0.0183085
0.0183148
0.0323715
0.222139
0.0540251
0.07101
0.221666
0.0656693
0.0422413
0.0248913
0.18895
0.0602211
0.00260464
0.00546045
0.0164979
0.0931012
0.0575145
0.0552575
0.288462
0.0646457
0.102259
0.102266
0.146125
0.238861
0.108538
0.135518
0.189506
0.171831
0.0506977
0.0506726
0.0944873
0.124196
0.0910697
0.131626
0.185908
0.270932
0.0680248
0.0561052
0.131883
0.193789
0.0554336
0.0742881
0.220906
0.0674284
0.033106
0.0197919
0.183157
0.053943
0.067288
0.0662267
0.284566
0.0733354
0.10848
0.135479
0.189483
0.171843
0.0910413
0.131681
0.184667
0.270927
0.103835
0.106294
0.270373
0.105974
0.246967
0.24391
0.234447
0.248698
0.0901192
0.091501
0.083834
0.0978418
0.265572
0.256914
0.261889
0.257789
0.082897
0.085232
0.0825505
0.073727
0.1689
0.169299
0.230828
0.450367
0.470655
0.470646
0.39404
0.539156
0.563089
0.563097
0.58823
0.513168
0.115188
0.118013
0.268695
0.111598
0.246337
0.243786
0.234277
0.248305
0.263544
0.256077
0.260797
0.255168
0.169039
0.170145
0.230786
0.450315
0.226867
0.229014
0.246225
0.247745
0.226677
0.228607
0.246051
0.247482
0.0551544
0.0638416
0.0644307
0.0719865
0.181504
0.19128
0.191264
0.211133
0.292404
0.286595
0.276858
0.292388
0.26723
0.259319
0.264432
0.261927
0.265903
0.258727
0.263567
0.261721
0.108432
0.10621
0.112232
0.110365
0.627667
0.612938
0.620393
0.627644
0.218834
0.299596
0.244432
0.30881
0.212748
0.29635
0.238976
0.306285
0.052548
0.0640554
0.0669865
0.0644441
0.22101
0.302318
0.30231
0.382181
0.0925492
0.134932
0.0915869
0.0905273
0.126354
0.147634
0.031956
0.190214
0.186921
0.0486136
0.180918
0.085728
0.014205
0.0783474
0.199974
0.0332954
0.120906
0.147822
0.128857
0.197209
0.14474
0.128274
0.185684
0.0740275
0.0870718
0.0959328
0.16832
0.11183
0.0322539
0.190517
0.126318
0.147719
0.186334
0.0493689
0.0201097
0.0746694
0.172692
0.0786963
0.195027
0.0376951
0.128852
0.197021
0.120882
0.147738
0.14474
0.128305
0.0870361
0.0948358
0.182416
0.0712024
0.166405
0.111768
0.258282
0.0819952
0.257441
0.101405
0.233196
0.250167
0.0821978
0.0961861
0.296279
0.0665086
0.273151
0.115473
0.265395
0.305349
0.0751943
0.0720768
0.207379
0.22757
0.227861
0.241636
0.22544
0.439565
0.357386
0.523289
0.203319
0.420655
0.247896
0.233911
0.223983
0.446798
0.586706
0.503456
0.257161
0.0848728
0.0845322
0.0993016
0.256322
0.106651
0.232496
0.249031
0.292903
0.0744346
0.0796757
0.0771142
0.271205
0.123233
0.262953
0.30144
0.207556
0.22771
0.357391
0.523237
0.227868
0.241565
0.22547
0.439607
0.202388
0.420846
0.586717
0.503478
0.247448
0.234034
0.223822
0.446554
0.197322
0.170275
0.254772
0.244977
0.0474958
0.0477913
0.250141
0.250297
0.212877
0.237749
0.0559582
0.0728492
0.211437
0.206907
0.122443
0.0898948
0.0178874
0.0160594
0.11827
0.11622
0.30005
0.274488
0.0652884
0.051123
0.162605
0.162602
0.257689
0.257722
0.220399
0.236986
0.172359
0.179544
0.134407
0.134395
0.106059
0.106201
0.202234
0.21878
0.368256
0.206014
0.197433
0.170442
0.244948
0.254649
0.212428
0.237151
0.0568435
0.0744281
0.203084
0.206011
0.117571
0.0867922
0.297121
0.265657
0.0708443
0.05638
0.236938
0.220346
0.178304
0.17234
0.217412
0.200657
0.205996
0.368299
0.262951
0.268971
0.106114
0.111054
0.248747
0.221911
0.25684
0.25311
0.0817004
0.080707
0.102293
0.103974
0.268281
0.261961
0.309188
0.255212
0.11533
0.113174
0.0695396
0.0721871
0.256225
0.252218
0.611443
0.621417
0.294605
0.294556
0.591509
0.591486
0.614943
0.614925
0.452054
0.452115
0.26146
0.266959
0.109782
0.113703
0.221786
0.248196
0.255922
0.252832
0.261253
0.266608
0.306746
0.253659
0.252031
0.255888
0.621396
0.611412
0.121246
0.20923
0.216939
0.12686
0.242103
0.235095
0.240785
0.233945
0.21818
0.196631
0.257522
0.233677
0.113165
0.128268
0.23264
0.16886
0.121115
0.126768
0.216607
0.208585
0.113105
0.169401
0.232506
0.128219
0.218327
0.233587
0.25736
0.196709
0.241307
0.233104
0.240232
0.234614
0.0312079
0.0322668
0.0556412
0.057102
0.0315998
0.0583726
0.0560845
0.0324162
0.0807692
0.0842786
0.0730624
0.0761463
0.0775679
0.0738309
0.072271
0.083064
0.0980694
0.151012
0.179242
0.140737
0.32025
0.385755
0.209844
0.188841
0.32028
0.188797
0.20183
0.385769
0.0980629
0.140735
0.17924
0.151005
0.136791
0.193425
0.282774
0.217184
0.131775
0.226198
0.274153
0.178178
0.131712
0.178106
0.274138
0.226205
0.136754
0.217183
0.28276
0.193654
0.250873
0.264871
0.262901
0.25167
0.270426
0.266013
0.268771
0.273328
0.217241
0.229046
0.263258
0.258495
0.222889
0.24807
0.258483
0.228867
0.249606
0.251023
0.261838
0.263554
0.222965
0.228873
0.258373
0.24785
0.217021
0.257726
0.262691
0.22894
0.267906
0.271435
0.267315
0.264238
0.0957402
0.0975877
0.106747
0.106453
0.10047
0.112016
0.108565
0.0991261
0.0814276
0.0851868
0.114202
0.11518
0.0826434
0.112259
0.112647
0.0830241
0.438185
0.446062
0.618396
0.53945
0.438933
0.593348
0.626853
0.452781
0.438663
0.452741
0.626838
0.593347
0.437888
0.539394
0.618318
0.446038
0.302453
0.294116
0.306795
0.289361
0.156103
0.186861
0.251431
0.273178
0.163418
0.175512
0.213318
0.192614
0.207006
0.249953
0.290384
0.194514
0.30104
0.290135
0.303942
0.29048
0.206506
0.193473
0.286886
0.24864
0.161244
0.188127
0.209275
0.173929
0.148189
0.26569
0.242606
0.17913
0.0672399
0.0735659
0.0654173
0.0643915
0.0746822
0.0726735
0.0681992
0.0760561
0.0260088
0.0186945
0.0539601
0.0591624
0.0271403
0.0509117
0.0513143
0.0156986
0.414035
0.349423
0.379548
0.513299
0.0754392
0.0926055
0.218367
0.185377
0.0753664
0.18535
0.218359
0.0925852
0.413856
0.513317
0.379796
0.349448
0.0556343
0.0898531
0.132444
0.0994685
0.0491635
0.0909725
0.13001
0.0880817
0.0716639
0.111283
0.0869008
0.0643248
0.0732532
0.0685055
0.0887048
0.111974
0.0210203
0.0169044
0.0243055
-0.0108793
0.0039601
0.0108697
0.00949159
0.0334095
0.0333779
0.0213947
0.012887
0.0305946
0.0169126
0.0210315
0.0227055
-0.0134547
-0.0192599
0.0202156
0.0333773
0.0112269
0.0333276
0.0127068
0.0201842
0.0304782
0.0792815
0.0847699
0.203639
0.0833407
0.0630182
0.0610406
0.25345
0.07756
0.156878
0.192744
0.158855
0.301453
0.149872
0.179314
0.154056
0.296212
0.0834974
0.0879289
0.0909983
0.206959
0.0745545
0.0858006
0.0848073
0.251971
0.156966
0.301592
0.192842
0.158974
0.14999
0.295958
0.180827
0.155491
0.0694342
0.06436
0.113633
0.148955
0.0184644
0.0184701
0.0246686
0.201618
0.0581912
0.0667208
0.220325
0.0659298
0.0381764
0.0232791
0.133916
0.0512192
0.0032749
0.00471076
0.0108232
0.0796603
0.0569492
0.0558197
0.281611
0.0593765
0.106039
0.106038
0.131042
0.199368
0.116712
0.129949
0.168962
0.157145
0.0523334
0.05232
0.0787032
0.104309
0.107156
0.131555
0.152534
0.236032
0.0693828
0.0643524
0.113624
0.148889
0.0600569
0.0695172
0.218864
0.0680011
0.0288791
0.0170003
0.127786
0.0423453
0.0687818
0.0670762
0.277489
0.0695329
0.116688
0.129882
0.168985
0.15707
0.107266
0.13159
0.151752
0.235801
0.106624
0.104643
0.227346
0.107457
0.246019
0.24611
0.241592
0.246735
0.0907879
0.0916788
0.0875879
0.0934308
0.270229
0.261146
0.261957
0.258676
0.0834494
0.0846747
0.0830133
0.0826584
0.169595
0.173962
0.198853
0.316582
0.47553
0.475524
0.435948
0.506961
0.562665
0.562675
0.574897
0.537525
0.118407
0.118656
0.233021
0.112106
0.24556
0.245925
0.241702
0.246382
0.268572
0.260112
0.260814
0.257221
0.16975
0.174045
0.198938
0.316598
0.232912
0.232159
0.242542
0.241923
0.232742
0.231856
0.242298
0.241671
0.0590339
0.0635908
0.0637835
0.0674442
0.186802
0.191735
0.19173
0.19729
0.295528
0.291178
0.296233
0.295521
0.26518
0.261354
0.264243
0.26392
0.264184
0.260685
0.263433
0.263502
0.108305
0.108296
0.110143
0.109456
0.626177
0.618589
0.622221
0.626167
0.275511
0.298868
0.291514
0.306623
0.267582
0.296939
0.285212
0.303856
0.0560503
0.0639169
0.0653559
0.0634655
0.262929
0.303878
0.303876
0.344334
0.0938459
0.120409
0.0892638
0.0927428
0.0444889
0.0641442
0.105456
0.129353
0.0177405
0.0182192
0.0242043
0.169439
0.0385784
0.0497274
0.189626
0.049155
0.0185354
0.0390018
0.12785
0.0658947
-0.000356523
0.00172006
0.00733036
0.064711
0.0186196
0.0402234
0.185452
0.0343507
0.0292544
0.0426408
0.101088
0.103521
0.0731014
0.0961094
0.11119
0.17469
0.070896
0.0981307
0.133442
0.113649
0.0328448
0.0291016
0.138977
0.0611712
0.0333178
0.0461138
0.069563
0.0845536
0.0564343
0.0782128
0.128014
0.105592
0.0177495
0.0182276
0.0243571
0.16932
0.0445394
0.0641689
0.105473
0.129726
0.0383798
0.0506472
0.189527
0.0500157
0.0067867
0.0060391
0.0148472
0.0616073
0.00925529
0.0309122
0.11918
0.0575591
0.0291463
0.0519681
0.179694
0.0313867
0.0730839
0.0960654
0.111196
0.174705
0.0294678
0.0425073
0.101116
0.103499
0.0708473
0.0980663
0.133436
0.113649
0.0331395
0.0461006
0.0695265
0.0838547
0.0301313
0.0248723
0.135683
0.0578913
0.0563797
0.0781499
0.126811
0.105502
0.0798318
0.0752738
0.243862
0.0825057
0.0954312
0.101034
0.199792
0.101525
0.247289
0.246317
0.239543
0.247605
0.0857133
0.0894576
0.0854892
0.0893821
0.0559044
0.0570441
0.289093
0.0607721
0.108274
0.106736
0.203612
0.116133
0.268806
0.265156
0.265277
0.273553
0.082745
0.0822002
0.0752489
0.0805696
0.15439
0.141128
0.187853
0.199274
0.232544
0.241941
0.232683
0.239518
0.162525
0.166555
0.195355
0.306676
0.426494
0.4612
0.401971
0.487648
0.144027
0.134591
0.167091
0.35663
0.235574
0.252258
0.246279
0.241371
0.161264
0.168638
0.191776
0.314987
0.530072
0.56038
0.572688
0.530861
0.0772048
0.0790593
0.240556
0.0858109
0.0890518
0.0914861
0.0879939
0.0924573
0.105532
0.111969
0.216569
0.107698
0.246174
0.245544
0.23873
0.246572
0.0660078
0.0677266
0.285315
0.0699084
0.0887028
0.0857746
0.0798577
0.0854777
0.108257
0.124597
0.225035
0.125505
0.269276
0.262651
0.262735
0.270839
0.154696
0.141086
0.187403
0.199559
0.426481
0.461194
0.401926
0.487565
0.23256
0.241863
0.232742
0.23948
0.162632
0.166622
0.195414
0.306721
0.144121
0.134628
0.166707
0.354496
0.52987
0.560389
0.572684
0.530898
0.235269
0.251599
0.245784
0.240751
0.162094
0.168761
0.192202
0.314727
0.141539
0.217564
0.199716
0.183184
0.226633
0.28384
0.259691
0.262682
0.0399907
0.0513059
0.0476164
0.0475656
0.236397
0.272022
0.253866
0.253864
0.225375
0.228946
0.22132
0.232018
0.0652772
0.0643849
0.0604078
0.0688468
0.20666
0.213159
0.210706
0.209067
0.0713274
0.0879739
0.108445
0.0858156
0.0201105
0.0378756
0.0192687
0.0184214
0.108252
0.132125
0.119694
0.118567
0.293084
0.29523
0.299143
0.291435
0.0645762
0.0641211
0.064896
0.0635089
0.158129
0.174709
0.165565
0.165562
0.248666
0.25716
0.250971
0.250885
0.224276
0.24983
0.246989
0.249386
0.184254
0.189697
0.180276
0.193568
0.110218
0.178414
0.136598
0.13659
0.120537
0.0876793
0.112509
0.11289
0.20528
0.215998
0.20613
0.214147
0.281867
0.298177
0.330639
0.248665
0.141981
0.217004
0.197928
0.183456
0.22677
0.283813
0.26279
0.259967
0.224762
0.228484
0.22079
0.231445
0.0667572
0.0652726
0.0614418
0.0702224
0.201242
0.208387
0.204733
0.205549
0.0662769
0.0854629
0.101768
0.0822834
0.289358
0.291783
0.296171
0.287381
0.0718177
0.0684635
0.0705714
0.0691935
0.224394
0.249673
0.249281
0.246909
0.184205
0.189683
0.193557
0.180252
0.203985
0.213298
0.212659
0.204299
0.28184
0.298194
0.248661
0.330642
0.270407
0.267976
0.265568
0.268941
0.106371
0.108563
0.108588
0.108913
0.231418
0.251173
0.245664
0.227377
0.250683
0.256445
0.255503
0.254976
0.0842888
0.0765287
0.0863497
0.0809067
0.0999504
0.104123
0.102152
0.103025
0.262623
0.264487
0.26828
0.26452
0.291173
0.31098
0.309899
0.298494
0.0940523
0.110144
0.113776
0.112703
0.0700757
0.0680921
0.0696886
0.0710263
0.250343
0.259504
0.25721
0.242558
0.579185
0.62577
0.618288
0.622701
0.350232
0.256848
0.300711
0.300706
0.567433
0.603087
0.591321
0.59131
0.599208
0.615803
0.613408
0.613408
0.486617
0.419191
0.45434
0.454355
0.268324
0.266358
0.263947
0.267042
0.111089
0.111424
0.112396
0.112852
0.231733
0.251335
0.226386
0.244994
0.250226
0.255884
0.254801
0.254616
0.261547
0.263557
0.263681
0.267181
0.290943
0.308683
0.308156
0.297099
0.250217
0.259469
0.242323
0.256899
0.579485
0.625736
0.622624
0.618234
0.13509
0.192317
0.194834
0.203987
0.255983
0.242026
0.243654
0.251598
0.217579
0.222795
0.210819
0.219449
0.1353
0.147208
0.154799
0.195489
0.135283
0.191901
0.194922
0.20355
0.13527
0.147517
0.154761
0.195692
0.217511
0.222802
0.210762
0.219423
0.253914
0.241305
0.243079
0.249911
0.0396244
0.047917
0.0473825
0.0515424
0.0400699
0.0485974
0.0478263
0.0522812
0.0838778
0.0853545
0.0786336
0.0822974
0.0814441
0.0876547
0.0768512
0.0808048
0.142742
0.147475
0.158369
0.163411
0.249244
0.31165
0.221023
0.282269
0.249327
0.311612
0.221
0.282257
0.142735
0.147458
0.158368
0.163401
0.177755
0.210269
0.245722
0.24232
0.182823
0.205202
0.227827
0.239569
0.2052
0.182532
0.240538
0.227116
0.210153
0.177805
0.24218
0.245768
0.258749
0.252716
0.259534
0.256953
0.279495
0.266224
0.268666
0.268701
0.250517
0.246062
0.258725
0.254931
0.243737
0.24129
0.25059
0.249269
0.257277
0.25147
0.258135
0.255989
0.243645
0.241238
0.250389
0.249107
0.250102
0.245841
0.258184
0.254585
0.279621
0.263813
0.266524
0.2667
0.101285
0.0986911
0.103639
0.10244
0.101941
0.105603
0.104962
0.107168
0.0927791
0.12096
0.116883
0.116424
0.11507
0.0837014
0.112275
0.113649
0.556242
0.557652
0.599478
0.587732
0.565749
0.598811
0.616031
0.613103
0.598824
0.565696
0.613103
0.615976
0.557629
0.556137
0.587699
0.599445
0.301353
0.302532
0.30164
0.306932
0.210308
0.213183
0.212207
0.216417
0.193493
0.187643
0.201862
0.198413
0.220377
0.229564
0.223393
0.236842
0.298234
0.299676
0.298676
0.304241
0.219676
0.231582
0.222125
0.235332
0.190504
0.186491
0.198528
0.196379
0.203647
0.207501
0.206559
0.210914
0.0674597
0.0688818
0.0685621
0.0692767
0.0740404
0.074066
0.0739977
0.0732559
0.0238913
0.0200787
0.0178789
0.0396914
0.0182832
0.0142006
0.0145893
0.0351748
0.430632
0.474506
0.404502
0.44747
0.102055
0.118446
0.130075
0.162767
0.102034
0.118409
0.130065
0.162769
0.430673
0.474539
0.404562
0.44747
0.0983205
0.0944451
0.118999
0.113392
0.0904411
0.0926773
0.110113
0.114945
0.095383
0.0826869
0.0940027
0.091141
0.0851862
0.09693
0.0938709
0.0940159
0.0924023
0.0977833
0.0235649
0.117654
0.119366
0.0319551
0.107516
0.0354726
0.0209441
0.0393815
0.139745
0.0232273
0.0880348
0.0877759
0.0783044
0.116028
0.0994522
0.0820429
0.125965
0.0614037
0.0565218
0.0624476
0.117051
0.0694536
0.0237637
0.117687
0.0924669
0.0977843
0.119076
0.0322321
0.0190223
0.0378139
0.0980493
0.0279267
0.131604
0.0273179
0.0783624
0.116203
0.0880998
0.0878717
0.0994824
0.082048
0.0564435
0.0615037
0.123422
0.0596032
0.115504
0.0693492
0.177186
0.0769051
0.205349
0.0957117
0.243815
0.247788
0.081046
0.087349
0.188527
0.058326
0.252416
0.0750104
0.269873
0.300751
0.0745471
0.073969
0.190329
0.266269
0.219491
0.221786
0.193876
0.303867
0.366151
0.426857
0.173775
0.282563
0.214613
0.209798
0.184973
0.306291
0.43381
0.419641
0.178629
0.0805108
0.0846279
0.0920668
0.209274
0.101368
0.242936
0.246779
0.199524
0.0668696
0.0808415
0.0813547
0.251517
0.0843943
0.266741
0.29707
0.190379
0.26661
0.36593
0.427331
0.219618
0.221891
0.193952
0.303943
0.174177
0.282503
0.433485
0.419383
0.214351
0.209435
0.186793
0.306186
0.113465
0.148963
0.108256
0.133733
0.129604
0.131169
0.197161
0.192871
0.0244993
0.196315
0.0245756
0.196314
0.0324273
0.0323997
0.221083
0.221082
0.209996
0.057531
0.231163
0.0742177
0.214959
0.228084
0.0613923
0.0697503
0.13633
0.0797529
0.137799
0.0547313
0.186
0.191278
0.0877885
0.0637029
0.00918051
0.0765792
0.0136075
0.0752208
0.0174885
0.0159735
0.0916096
0.0905957
0.269411
0.0589635
0.287086
0.0584713
0.292997
0.283127
0.0645167
0.0634316
0.12549
0.197894
0.125488
0.197799
0.144177
0.144175
0.235241
0.235242
0.15624
0.13725
0.178392
0.1759
0.191809
0.187707
0.16177
0.18087
0.0763633
0.0985749
0.0763557
0.0981751
0.0935966
0.0935861
0.122623
0.117641
0.139119
0.172009
0.161892
0.300968
0.180833
0.19043
0.310732
0.228174
0.113418
0.148963
0.108188
0.133574
0.129561
0.131058
0.192859
0.197132
0.210248
0.0589665
0.229416
0.0769128
0.21477
0.22727
0.0629152
0.0717876
0.127573
0.0712558
0.132967
0.0500672
0.186266
0.179394
0.0779996
0.0588311
0.261473
0.0673779
0.283222
0.0681131
0.289241
0.278793
0.0730039
0.072156
0.156265
0.137259
0.178334
0.175712
0.18779
0.191758
0.180954
0.161806
0.138203
0.171704
0.161237
0.300781
0.189337
0.179463
0.228182
0.310763
0.211968
0.10695
0.205562
0.112415
0.267768
0.272253
0.108978
0.108319
0.240927
0.248916
0.238815
0.246165
0.235017
0.235706
0.250545
0.250111
0.0865875
0.0924641
0.0878859
0.0939166
0.0843217
0.0835044
0.0977029
0.0985052
0.266084
0.269355
0.257779
0.253568
0.270667
0.261714
0.265682
0.254345
0.0829514
0.0823664
0.0852059
0.0848404
0.0841061
0.0829463
0.0739305
0.0751993
0.197745
0.312422
0.197113
0.317445
0.231218
0.230106
0.448624
0.449747
0.429197
0.507154
0.429189
0.507116
0.39189
0.39189
0.541434
0.541425
0.579536
0.539513
0.579543
0.539585
0.592424
0.592428
0.514561
0.51457
0.220034
0.1136
0.240983
0.118908
0.266309
0.270391
0.114699
0.114399
0.240375
0.248205
0.238704
0.245994
0.235515
0.23467
0.250002
0.24982
0.264231
0.267108
0.256941
0.252525
0.260804
0.269264
0.2647
0.252692
0.197763
0.312472
0.198367
0.317344
0.230085
0.231143
0.449684
0.448606
0.222401
0.227327
0.22461
0.234962
0.252313
0.240379
0.243023
0.255062
0.222167
0.226991
0.224175
0.234473
0.240224
0.252142
0.254846
0.242677
0.0556893
0.0556386
0.0597478
0.0680565
0.0602625
0.0687468
0.0727368
0.0722458
0.180906
0.180903
0.18561
0.19712
0.197123
0.185603
0.209147
0.206276
0.287976
0.292931
0.286338
0.286332
0.277207
0.277198
0.292916
0.28796
0.265213
0.268182
0.261363
0.260562
0.269921
0.265355
0.263344
0.260756
0.264051
0.266814
0.260531
0.260118
0.26466
0.268854
0.260363
0.262835
0.108974
0.11054
0.106467
0.107405
0.113614
0.112504
0.11086
0.112538
0.624453
0.628463
0.617413
0.61722
0.625243
0.625238
0.628464
0.624424
0.232718
0.216217
0.305555
0.293704
0.217969
0.277213
0.305702
0.311445
0.212202
0.224798
0.302507
0.289899
0.27226
0.214504
0.303362
0.30911
0.05268
0.0513572
0.0647349
0.0631423
0.067592
0.066034
0.0654146
0.0668009
0.220285
0.22028
0.342215
0.260669
0.260671
0.342216
0.381788
0.381838
0.118641
0.0886429
0.133975
0.132599
0.0904418
0.0913115
0.115272
0.0860931
0.123855
0.126856
0.120297
0.150289
0.0316249
0.0321655
0.166252
0.20949
0.14028
0.199705
0.0399944
0.0528482
0.171661
0.185005
0.0724829
0.0966244
0.0132296
0.0150671
0.0684413
0.0846437
0.184536
0.209494
0.0315499
0.0349585
0.117383
0.1246
0.141569
0.155156
0.119626
0.135707
0.16718
0.212813
0.130262
0.157546
0.114281
0.139942
0.17694
0.192539
0.0751628
0.0723408
0.0812781
0.0898555
0.085091
0.104255
0.165877
0.171734
0.0931887
0.14054
0.0319724
0.0323888
0.166257
0.20952
0.123757
0.126687
0.120282
0.15028
0.140165
0.199255
0.0405742
0.0538729
0.0203591
0.0195244
0.0633433
0.0816825
0.16448
0.177436
0.0655087
0.0901444
0.178023
0.204308
0.0309643
0.0423265
0.119603
0.135693
0.166543
0.212682
0.117366
0.12456
0.141562
0.154919
0.130261
0.157619
0.114291
0.139952
0.0812237
0.0898285
0.0836624
0.103467
0.174471
0.188602
0.072463
0.0687988
0.163892
0.169993
0.0931332
0.140445
0.254365
0.238686
0.0877475
0.0779144
0.253959
0.261352
0.0985908
0.103929
0.243061
0.234015
0.2527
0.251227
0.0813289
0.0826309
0.0959634
0.0975953
0.305479
0.294704
0.0669299
0.0664694
0.271122
0.273576
0.0887258
0.113398
0.285661
0.266066
0.317897
0.308272
0.0752873
0.0818737
0.0711048
0.0730794
0.215429
0.20212
0.273242
0.176663
0.225973
0.231423
0.236727
0.245877
0.223957
0.227166
0.43753
0.442886
0.340412
0.375496
0.509175
0.533569
0.205364
0.198036
0.437855
0.385462
0.239981
0.254458
0.229215
0.245158
0.220554
0.226665
0.443411
0.448634
0.549826
0.591196
0.503639
0.509555
0.250786
0.238152
0.0833834
0.0805047
0.0840887
0.0844054
0.0998856
0.0999068
0.252945
0.260217
0.103575
0.109334
0.241905
0.233433
0.25138
0.250396
0.302116
0.291226
0.0748742
0.075225
0.0811771
0.0852574
0.0773329
0.0768512
0.268985
0.271715
0.0978303
0.120437
0.286197
0.263952
0.314274
0.307197
0.215634
0.202259
0.273277
0.185356
0.340418
0.37546
0.509621
0.533553
0.226032
0.231376
0.236705
0.245721
0.224007
0.22719
0.437598
0.442872
0.204736
0.197104
0.437611
0.38555
0.549756
0.591195
0.503759
0.509565
0.239715
0.253885
0.228634
0.244132
0.220365
0.226529
0.443146
0.448434
0.210588
0.141792
0.141231
0.22341
0.226455
0.274348
0.26524
0.211621
0.039958
0.0515678
0.0519372
0.0401803
0.268168
0.231831
0.231828
0.268164
0.213239
0.21828
0.238734
0.236688
0.0558589
0.0565749
0.0733574
0.0725917
0.208828
0.214803
0.210439
0.204611
0.128085
0.112809
0.0797483
0.0826416
0.0223607
0.0376197
0.0353614
0.0195266
0.10538
0.129624
0.127625
0.103444
0.299034
0.302792
0.266301
0.27632
0.0653179
0.0648399
0.0510174
0.0512186
0.171297
0.153088
0.153085
0.171278
0.238249
0.254011
0.254003
0.239777
0.2044
0.248249
0.236566
0.204846
0.168095
0.176273
0.211116
0.196379
0.108531
0.175209
0.175309
0.108515
0.113941
0.0827418
0.0842482
0.114872
0.195616
0.20788
0.236668
0.212742
0.359246
0.375708
0.213414
0.196862
0.141698
0.210335
0.223731
0.141172
0.211596
0.265169
0.274327
0.226408
0.217907
0.21271
0.236061
0.238279
0.0576372
0.0565172
0.0737818
0.0753142
0.200517
0.206664
0.209449
0.202789
0.10648
0.124293
0.0800851
0.0761166
0.299737
0.295672
0.269786
0.256684
0.0717589
0.0694811
0.0551766
0.0577712
0.205112
0.236418
0.248132
0.204219
0.196256
0.209446
0.176265
0.168006
0.211691
0.233809
0.205022
0.195678
0.196844
0.21341
0.37576
0.35929
0.265608
0.263418
0.269483
0.273018
0.107146
0.106284
0.110856
0.112818
0.228904
0.247867
0.238143
0.228257
0.259836
0.254074
0.250355
0.255934
0.0849389
0.0773778
0.0764852
0.087657
0.0999518
0.10452
0.106269
0.10156
0.267128
0.268812
0.262953
0.260078
0.30803
0.306609
0.249112
0.280237
0.0973374
0.113166
0.111075
0.0869558
0.0701606
0.0688666
0.071592
0.0727267
0.249973
0.260702
0.256359
0.246766
0.578702
0.616287
0.625257
0.572957
0.340625
0.247939
0.247915
0.340633
0.607929
0.570249
0.570222
0.60795
0.604993
0.622252
0.62224
0.605036
0.416111
0.485126
0.485141
0.41633
0.262127
0.26411
0.273351
0.267741
0.110899
0.109877
0.114928
0.114321
0.228176
0.237595
0.246907
0.228122
0.253213
0.258848
0.25562
0.250093
0.259343
0.262321
0.267261
0.265353
0.304275
0.305371
0.278062
0.247796
0.246681
0.256086
0.260259
0.249767
0.572776
0.625234
0.616212
0.576478
0.0845668
0.140173
0.138333
0.0999354
0.213811
0.219793
0.206166
0.202481
0.228713
0.21586
0.211426
0.225503
0.113956
0.110724
0.134149
0.140663
0.182249
0.245456
0.248478
0.245814
0.24056
0.228803
0.241931
0.240128
0.237557
0.233728
0.244051
0.248655
0.225472
0.236221
0.242853
0.230908
0.191479
0.192047
0.219745
0.22926
0.173767
0.211332
0.20692
0.183149
0.24748
0.253564
0.221769
0.25495
0.240817
0.236606
0.22598
0.229927
0.0760797
0.0960295
0.13283
0.118192
0.112106
0.143573
0.138287
0.104197
0.238666
0.244341
0.223016
0.219708
0.163371
0.146484
0.166146
0.225459
0.0845627
0.0999408
0.138277
0.140045
0.113938
0.140666
0.134098
0.110732
0.228447
0.225051
0.211099
0.215643
0.21402
0.203067
0.205685
0.219537
0.0761982
0.118186
0.132836
0.0961132
0.163381
0.2256
0.166735
0.146576
0.238388
0.219562
0.222577
0.244197
0.112055
0.104254
0.138245
0.143526
0.191571
0.229292
0.219881
0.191925
0.240639
0.229772
0.22594
0.23654
0.247152
0.254818
0.221516
0.252858
0.173751
0.182879
0.20696
0.21123
0.184335
0.244509
0.24747
0.244317
0.223884
0.230288
0.242232
0.231952
0.237231
0.247187
0.243582
0.233268
0.24016
0.239448
0.241144
0.2285
0.0225428
0.0239203
0.0398451
0.0406267
0.0246654
0.0400976
0.0398513
0.0243993
0.059697
0.060125
0.0516204
0.0515383
0.0617197
0.0533395
0.0522447
0.0609247
0.0226783
0.0412024
0.0403599
0.0240937
0.0634883
0.0622032
0.0531269
0.0544838
0.059717
0.0515922
0.0521681
0.0609009
0.0246633
0.0245134
0.0401846
0.0400574
0.0840627
0.0877559
0.0833916
0.0837326
0.0880003
0.0851812
0.0851468
0.0879398
0.0682603
0.0695274
0.0780359
0.0772131
0.0724572
0.0813451
0.0795923
0.071036
0.0801222
0.0860154
0.0877014
0.0847181
0.070073
0.0693175
0.077397
0.0783581
0.0679185
0.0765728
0.0766946
0.0684885
0.0871439
0.0860384
0.0876559
0.087671
0.0613724
0.0992056
0.134845
0.100215
0.147337
0.176634
0.158844
0.125896
0.186732
0.173637
0.16787
0.183353
0.12918
0.119594
0.148585
0.15628
0.289194
0.383968
0.294197
0.247739
0.434925
0.347214
0.329072
0.41867
0.197676
0.195702
0.235619
0.253372
0.166482
0.184636
0.199562
0.190567
0.288375
0.246932
0.294143
0.383959
0.166489
0.190561
0.203166
0.184789
0.197672
0.253366
0.235611
0.195685
0.434879
0.418653
0.328965
0.347209
0.0613599
0.100176
0.13476
0.0992098
0.129179
0.156277
0.148578
0.119568
0.186729
0.183337
0.16784
0.173609
0.147323
0.125885
0.158797
0.176566
0.0812614
0.099146
0.150044
0.146219
0.152507
0.229731
0.182973
0.127241
0.291283
0.27165
0.259972
0.279531
0.200365
0.188704
0.224058
0.235581
0.0740709
0.147967
0.175743
0.0969819
0.200819
0.242049
0.225814
0.191297
0.296144
0.283551
0.247879
0.259447
0.147419
0.111359
0.190958
0.226409
0.0740981
0.0967488
0.175795
0.148021
0.147452
0.226378
0.191043
0.111215
0.29615
0.256454
0.247543
0.283691
0.200784
0.191115
0.225954
0.241143
0.0812699
0.146253
0.150042
0.0999627
0.200364
0.23558
0.224158
0.188731
0.291277
0.279506
0.259943
0.271647
0.152393
0.126945
0.182966
0.229685
0.20576
0.208278
0.255378
0.250023
0.222477
0.268146
0.262175
0.211032
0.263542
0.258384
0.2602
0.265831
0.24818
0.248732
0.25426
0.252693
0.25378
0.289187
0.282352
0.248707
0.270568
0.269057
0.267631
0.266053
0.267935
0.268821
0.269359
0.266943
0.232327
0.2042
0.276262
0.272016
0.182023
0.1883
0.242905
0.237758
0.199101
0.251476
0.248334
0.19459
0.265204
0.265184
0.259887
0.261067
0.261524
0.25338
0.25666
0.262864
0.193263
0.234621
0.238807
0.194431
0.248153
0.252154
0.247977
0.243907
0.262408
0.258322
0.253402
0.25773
0.19853
0.196561
0.244006
0.247853
0.210574
0.248796
0.253965
0.212938
0.247652
0.252038
0.253212
0.247856
0.262453
0.264432
0.25902
0.257621
0.22899
0.220641
0.260563
0.266215
0.193337
0.194497
0.238778
0.234617
0.198551
0.247688
0.24393
0.196604
0.261901
0.257328
0.253172
0.258024
0.247926
0.243881
0.247798
0.251825
0.182338
0.237493
0.242628
0.189697
0.260564
0.261971
0.256076
0.252769
0.264564
0.260745
0.25938
0.264428
0.199091
0.19594
0.248126
0.251294
0.252494
0.242177
0.28266
0.289136
0.237081
0.270004
0.276961
0.207988
0.266903
0.265688
0.267509
0.267191
0.269004
0.263848
0.265521
0.26792
0.0864288
0.0883656
0.0986412
0.0986384
0.0930053
0.0999389
0.10003
0.0919854
0.108625
0.109386
0.104793
0.10431
0.109337
0.104238
0.103785
0.108783
0.0920263
0.104549
0.102758
0.0922621
0.116084
0.113548
0.108251
0.110649
0.109595
0.105215
0.107419
0.112218
0.0939304
0.0941971
0.102444
0.100776
0.0850941
0.0808835
0.0952311
0.108529
0.0843854
0.0956536
0.0924038
0.0855124
0.111586
0.113613
0.114653
0.111655
0.117006
0.122328
0.11843
0.113626
0.0762809
0.0950647
0.0836939
0.0749652
0.109938
0.108616
0.112837
0.11376
0.110405
0.110613
0.111554
0.110691
0.0831945
0.0820317
0.0861196
0.0937511
0.302709
0.304887
0.536802
0.468954
0.314864
0.576252
0.56983
0.309313
0.62321
0.607426
0.604958
0.622528
0.509972
0.499324
0.566002
0.570765
0.301236
0.540611
0.559097
0.311171
0.578809
0.603481
0.60313
0.577269
0.627074
0.626781
0.620573
0.620626
0.314065
0.316605
0.569568
0.57484
0.301062
0.310991
0.559052
0.540384
0.318385
0.575727
0.569391
0.31641
0.627066
0.620623
0.620559
0.626767
0.578816
0.577276
0.603158
0.603702
0.30281
0.468986
0.536388
0.304947
0.509827
0.570758
0.566
0.499293
0.623172
0.622498
0.604931
0.607415
0.314882
0.309354
0.569616
0.575882
0.199141
0.289283
0.305667
0.284925
0.286183
0.297964
0.299556
0.288228
0.303733
0.308198
0.304766
0.300639
0.265565
0.272306
0.30721
0.30531
0.0896989
0.119733
0.200942
0.168178
0.133455
0.207808
0.209685
0.135096
0.29265
0.28985
0.215651
0.214258
0.277113
0.201242
0.216663
0.287759
0.101669
0.123423
0.184834
0.136155
0.146821
0.20023
0.191465
0.133693
0.241408
0.212834
0.204867
0.211344
0.136015
0.139109
0.200707
0.205748
0.176871
0.233071
0.225258
0.171268
0.25802
0.261575
0.241469
0.249136
0.308462
0.225964
0.234296
0.312681
0.15819
0.164319
0.216749
0.20905
0.20778
0.281858
0.302249
0.286127
0.263224
0.303382
0.30458
0.26966
0.301793
0.297379
0.30189
0.306087
0.282413
0.284459
0.296301
0.294386
0.178717
0.171717
0.224528
0.2326
0.157557
0.207913
0.215789
0.16374
0.305378
0.310721
0.232432
0.222832
0.256774
0.248298
0.240273
0.260835
0.100177
0.133512
0.18233
0.12202
0.130408
0.201017
0.197021
0.135061
0.234706
0.208998
0.201916
0.208815
0.145914
0.132583
0.19085
0.199056
0.0786976
0.161407
0.195539
0.110053
0.272576
0.283591
0.211842
0.193331
0.289569
0.209185
0.210159
0.285834
0.125999
0.127124
0.203337
0.202086
0.0658627
0.079792
0.0679155
0.0606619
0.0829082
0.0704082
0.0697851
0.0817831
0.0646643
0.064718
0.0686874
0.068946
0.0589294
0.0610804
0.067145
0.0647063
0.0739923
0.06956
0.0743309
0.0858727
0.0688217
0.0717877
0.0746105
0.0704688
0.0660774
0.0703141
0.072758
0.0689715
0.0841467
0.0854583
0.0736672
0.0717139
0.0202184
0.0143572
0.0244089
0.0318597
0.0125127
0.0211572
0.0232227
0.014322
0.0645315
0.0673643
0.0386555
0.0366027
0.0693185
0.0509765
0.041009
0.0706747
0.0170778
0.02956
0.0173391
0.00723082
0.0591701
0.0634704
0.0350667
0.0398297
0.0631231
0.0358687
0.0352681
0.063103
0.0096616
0.00835129
0.0190237
0.0197347
0.288276
0.324625
0.469837
0.522966
0.270479
0.321385
0.395398
0.329189
0.344093
0.418613
0.412084
0.338188
0.539803
0.536324
0.481115
0.486988
0.0486079
0.0633307
0.0975605
0.0876328
0.0775772
0.109472
0.105545
0.0730246
0.262514
0.256212
0.170043
0.177167
0.204308
0.128803
0.153273
0.239458
0.0485233
0.0875342
0.0975081
0.0632589
0.204136
0.239457
0.153253
0.129102
0.262511
0.177321
0.170029
0.256212
0.077562
0.0729856
0.105521
0.109464
0.288186
0.523012
0.469872
0.323527
0.53997
0.486996
0.481132
0.536357
0.344097
0.338197
0.412098
0.41862
0.270227
0.328946
0.39547
0.321391
0.0192527
0.0531544
0.0849511
0.0528823
0.078292
0.106937
0.100395
0.071331
0.1197
0.113848
0.124805
0.13104
0.0735304
0.07655
0.109528
0.0987999
0.0196251
0.0445481
0.0794581
0.0509723
0.0649925
0.0903406
0.104234
0.0690564
0.117937
0.129962
0.121633
0.108748
0.0775033
0.0689032
0.0972295
0.105854
0.0479805
0.0732165
0.0842058
0.0594526
0.104716
0.117331
0.106008
0.0914237
0.0877992
0.0803401
0.0758881
0.0864878
0.0446787
0.0550308
0.0804164
0.0707224
0.0491381
0.061755
0.0860973
0.0740517
0.0500906
0.0749625
0.0835029
0.0590527
0.0891717
0.0871998
0.0780102
0.0842228
0.101142
0.0919427
0.107726
0.117813
