-0.808544
0.335
-2.085
-0.785
0.495
2.34305
-0.695
0.995725
-2.235
-0.605
1.62342
2.115
0.808545
0.335
-2.085
0.785
0.495
2.34305
0.695
0.995725
-2.235
0.605
1.62342
2.115
0.0160853
0.0955647
0.121459
0.098667
0.0160735
0.0954585
0.121458
0.0986718
0
0
0
0
0
0
0
0
0
0
0
0
0
0
0
0
0
0
0
0
0
0
0
0
0
0
0
0
0
0
0
0
0
0
0
0
0
0
0
0
0
0
0
0
0
0
0
0
0
0
0
0
0
0
0
0
0
0
0
0
0
0
0
0
0
0
0
0
0
0
0
0
0
0
0
0
0
0
0
0
0
0
0
0
0
0
0
0
0
0
0
0
0
0
0
0
0.047182
0.00538425
-0.0315925
0.131039
0.0867145
0.0792661
0.070656
-0.000565999
0.0209434
0.0348356
0.0472537
-0.0319095
0.131087
0.0793235
-0.000566961
0.034838
-0.0221119
0.0816881
0.0665714
0.0708404
0.0420665
-0.000312968
0.233667
0.190091
-0.0220526
0.0816928
0.0708626
-0.000310718
0.0914268
0.0914375
0.0197915
0.0501648
0.237559
0.0769672
0.0769852
0.0572902
0.279297
0.108236
0.108274
0.0562814
0.107947
0.145808
-0.022131
0.00267802
-0.0268733
0.00159061
0.00907293
0.0200574
0.000491205
0.0295654
0.0247327
0.0310324
-0.00277674
0.0195517
0.00271393
-0.0222447
-0.0268707
0.0091305
0.00157429
0.0201495
0.0295261
0.000637077
0.024711
-0.00278672
0.0312709
0.0195298
0.00957641
0.00136175
0.0254917
0.0253915
0.00654371
-0.0248157
0.0106454
0.0113512
-0.000521584
0.0248379
-5.3406e-06
0.11245
0.00141933
0.00404499
-0.00028104
0.0913549
0.00974155
0.0253961
0.00134184
0.0254808
0.00659992
0.0100405
-0.0247702
0.0106899
-0.000688514
0.112451
0.0248351
1.91392e-05
0.00141553
0.0913519
0.00404672
-0.000293435
0.0176768
0.0912815
-0.00118699
0.178371
0.0133918
0.0211838
0.0161144
0.0185195
0.0216275
-0.0184502
0.0263549
0.00013083
0.0238688
0.0230252
0.0441602
0.0214323
0.0048822
0.0242107
0.00199218
0.0307982
0.0176385
0.0912775
0.0487285
0.0212979
0.0160764
0.0185734
0.0263549
0.000129314
0.0441581
0.0214949
0.00197476
0.0307991
0.0258116
0.0278249
0.00374811
0.000781213
0.00599522
0.00315613
0.00010118
-0.000781604
0.0124404
-0.00463883
-0.0031279
0.1386
-0.0661541
0.0510812
-1.10993e-05
0.000478031
0.025812
0.0278247
0.00374592
0.000965049
0.000109356
-0.000756782
-0.003135
0.1386
0.00942267
0.0294134
0.0458864
0.0835453
0.00808619
0.0842464
0.0458858
0.029311
0.0104591
0.0105159
0.0330992
0.033038
0.0441722
-0.00564683
-0.00577881
0.0441714
0.183878
0.0659585
0.0657714
0.182996
0.0256404
0.0173069
-0.00617828
0.0187387
0.0256435
0.0187319
-0.00618038
0.0173338
0.0302254
0.0302277
0.0251167
0.0250959
0.184588
0.114719
0.114717
0.184609
0.0343139
0.0364776
0.0274661
0.00565291
0.0343431
0.00565221
0.0274471
0.0364703
0.00300991
0.00617168
0.0357923
0.0340393
0.0592038
0.018006
0.0180137
0.0591308
0.00655837
0.00655054
0.0405344
0.0405429
-0.0231938
0.0026994
-0.0274304
0.0258652
0.0168879
0.0132942
6.01999e-05
0.0152748
0.0193273
-0.0124912
0.000287636
0.00236895
0.00271458
-0.0218536
-0.0284093
0.0167846
0.0258636
0.0132806
0.0153798
-2.72872e-05
0.0193055
0.000289127
-0.0124605
0.00236458
-2.70878e-05
-7.34029e-06
0.0093435
0.0297189
0.00457645
-0.0247991
0.00280561
0.00892309
0.0217432
-0.0128555
-2.09324e-05
0.0949227
0.00142567
-0.00598675
-0.000327765
0.0788622
-2.36912e-05
0.0297202
-1.04955e-05
0.00929642
0.00445511
0.0158607
-0.0247508
0.00284512
0.0218556
0.0949054
-0.0128474
-3.79478e-05
0.00142706
0.0788604
-0.00603026
-0.000302731
0.00587671
-0.00459361
0.0171547
0.0803637
-8.13122e-06
1.26743e-05
-0.00119162
0.112378
0.00188632
0.0116375
0.0110748
0.0210917
0.00637709
0.0146851
0.016702
0.0147612
0.00945557
0.00943196
0.015406
0.0520385
-0.0134144
0.00343701
0.00842918
0.00486876
0.000660671
0.000646077
0.0149546
0.0354352
-0.00196965
-0.0163188
0.0342745
0.0138852
-0.000500399
-0.00056505
0.00483874
-0.0208738
0.00427995
2.23322e-05
0.000249228
0.0271197
0.00590634
-0.00475798
0.0171212
0.0808467
0.00155724
0.0180757
-0.00246714
0.021199
0.00631074
0.0148521
0.0166738
0.0147426
-0.0134527
0.00342707
0.00626877
0.00485989
-0.00194902
-0.016287
0.0342954
0.0139276
0.00431321
1.74817e-05
0.000249532
0.0271205
0.000589573
-2.48893e-06
0.00985623
0.0396239
0.0102781
0.00424129
-3.86459e-05
0.000259317
0.00527276
0.00527108
-0.00409878
1.11022e-16
0.00480492
0.012675
0.00020404
0.001304
0.00136877
0.00670222
0.00928367
-0.0083751
2.21167e-05
6.58489e-07
-0.000729377
0.120703
0.00322327
0.00322395
-2.3955e-05
0.0397683
0.00214302
0.00214019
1.36933e-05
0.000426756
0.000594375
-4.98653e-06
0.0097897
0.0396278
0.0102868
0.00424008
-3.83203e-05
0.000166747
0.00481333
0.012672
0.000223297
0.00130063
6.82866e-06
3.69778e-05
-0.000728652
0.120705
-0.000437685
0.00194765
0.029396
0.00906777
-0.000424654
-0.0156389
0.0293905
0.00906108
2.12512e-06
-3.67927e-05
-3.61519e-05
0.0102074
0.00641027
0.000727795
0.000696015
-0.0633672
-0.00164791
0.0332813
-0.00431092
-0.00165907
0.00458388
-5.65682e-05
0.000193776
0.0194058
0.00458953
-0.000134661
0.000191088
0.0194311
0.0120239
-0.00297912
-0.0033335
0.0120234
0.00413249
-0.00252505
-3.72551e-05
0.004132
6.72726e-06
0.0274388
0.00259493
0.00121288
-8.88347e-07
0.0274229
0.00257882
0.00118636
0.00604288
-5.94394e-06
-5.69785e-06
-0.00369269
5.24035e-05
-0.000325185
-0.000326457
6.52901e-05
-0.00017892
-0.00653605
0.0164426
-0.000106296
0.00339923
0.0735407
-0.00108113
0.0998944
0.00565542
0.0205155
0.0166307
0.0125739
0.0289387
0.065728
0.0103379
0.0163128
0.00357376
0.0473619
0.0140658
0.0275105
0.000826298
0.0164889
0.0154756
0.0116859
0.00348586
-0.0152135
0.00652503
0.00698297
-0.00109386
0.101455
0.00394033
0.0745437
0.00598457
0.0205543
0.0280406
0.0657906
0.0166466
0.0125477
0.010093
0.0153923
0.0140942
0.0277619
0.0031148
0.0473706
0.000491894
0.0165352
0.00348115
-0.0152072
0.0153845
0.0116025
0.0065378
0.00698419
0.0107873
0.0260604
0.00897597
0.0324014
2.2124e-05
6.19557e-07
0.00110039
-1.63768e-08
0.0083322
0.00589282
0.0109043
0.0440758
-0.000940578
0.00533808
0.00550864
-0.00427127
0.026972
0.0178741
0.00274066
0.000739259
-0.010767
0.12466
0.000623534
0.033765
0.000325792
0.05006
-0.00594832
0.00275187
1.00133e-08
0.101323
-0.000281987
0.00166542
0.0106883
0.0260385
0.00109922
1.588e-08
0.00894581
0.0324111
-2.89259e-05
8.19613e-06
0.00723816
0.012034
0.00618486
-0.00275641
0.0109057
0.0440802
-0.000936538
0.00533324
0.0268869
0.0180018
0.000680672
0.0337818
0.00274098
0.000756122
-0.0107684
0.124646
0.000321498
0.050095
-0.000282499
0.00171592
-0.00594807
0.00274601
-7.9952e-07
0.101326
0.00366416
0.00663435
0.037006
-0.0111312
-5.43044e-05
-5.19404e-05
0.0182425
0.0162815
0.000560673
8.21038e-05
2.44513e-06
0.0101057
0.00405305
0.0043375
0.0100332
0.0161439
0.000547886
0.00144322
0.000810786
0.000810683
0.00114652
0.0107726
-0.00222781
0.0071825
0.00164296
0.00164368
0.00588232
0.0065371
-0.00129328
0.00303274
0.00448717
-0.0586856
-0.000262783
-0.000189986
0.000201308
0.000184351
-1.64756e-05
-1.59933e-05
7.33563e-05
1.03792e-05
0.00436083
0.00627266
-0.0110775
0.0374286
-0.0182851
0.00553764
2.49835e-06
0.0101049
0.00435026
0.00405153
0.00999917
0.0161058
0.00113804
0.0107637
-0.00379969
0.00630532
0.00267078
-0.00130577
-0.0586505
0.0044562
-1.84872e-05
-1.37912e-05
4.8332e-06
0.000108417
-9.60532e-06
1.92062e-05
0.00361464
1.13442e-06
0.00692798
0.00260009
0.00904713
0.0210781
4.91562e-05
4.25966e-05
0.0054442
0.00544401
0.00489355
0.0218571
0.0240884
0.00654241
0.00928273
0.00928309
0.00272487
0.000289547
-0.00076478
-0.00129097
-0.000296108
-3.13644e-05
0.000580974
0.000644973
0.00507152
0.00505746
0.00283986
0.00284364
-1.36128e-05
2.3694e-05
-9.01709e-06
1.42444e-05
0.00361479
1.14321e-06
0.00262377
0.00701697
0.00895903
0.0209945
0.0218523
0.00491373
0.0240677
0.00651595
-0.00128866
-0.000762975
-2.45704e-05
-0.000295165
-0.00662055
0.00765051
0.00230337
0.0148065
0.0110792
0.0101985
0.015515
0.0063051
0.011883
0.0308934
0.00916649
0.00335606
0.0132783
0.0288285
0.0130185
0.0182565
-0.00637185
0.0150762
-0.0061053
0.00106246
0.0132009
0.0181072
0.0128443
0.028541
0.0174453
0.00335749
0.00913538
0.030938
0.0111287
0.00362197
0.00738596
0.0102432
0.0101418
-0.00119693
-4.33772e-05
0.0207975
0.0101437
0.0208944
-4.18627e-05
-0.00120136
0.0251535
-0.0014478
0.0101971
0.0337875
0.0251615
0.0337296
0.0101977
-0.00144714
0.032102
0.0196033
0.007434
0.0160155
0.0660592
0.00173534
-0.0622688
-0.0235372
0.0660968
-0.0234582
-0.0623682
0.00163925
0.0322329
0.0160251
0.00741891
0.0196203
0.112279
0.101494
0.0389983
0.124769
0.0471559
0.0374557
-0.0030668
0.0505927
0.047036
0.0505531
-0.00294859
0.0375246
0.112934
0.124166
0.0392123
0.101805
0.00915574
0.00943004
0.00516975
0.00999969
6.95973e-06
0.00507035
0.00474656
0.0103878
-0.00312125
-0.000360414
0.0206589
0.0174128
-0.0118061
0.0060733
0.0235396
-0.00574608
0.00910532
0.00996047
0.00512392
0.00927844
-0.0118092
-0.00571063
0.0234377
0.00603603
-0.00312309
0.0174022
0.0206601
-0.000350285
3.65698e-05
0.0103375
0.00475062
0.00508283
0.0310947
0.00537466
0.00872807
0.0302313
0.031101
0.0302364
0.00872855
0.00537343
0.0395834
0.0100534
0.0106532
0.0418523
0.0392228
0.0418498
0.0106538
0.0165958
0.139839
0.122765
0.00225623
0.0415486
0.0901586
0.00237404
0.00341792
0.110919
0.090158
0.110929
0.00341563
0.00238068
0.1398
0.0415493
0.00224756
0.122784
0.0156502
0.00838477
0.0257712
0.0211578
0.0425559
0.0197662
0.0185222
0.00375297
0.0263754
0.00340429
0.00345074
0.021035
0.00243141
0.00961549
0.0045281
0.000313777
0.0156122
0.0211517
0.025753
0.00626497
0.00242713
0.00030525
0.0045079
0.00960027
0.0263369
0.0209931
0.00344455
0.00340751
0.0425565
0.00370649
0.0184382
0.0197474
-1.86262e-05
-0.00434414
-0.00296549
0.00279499
0.00205436
0.00199051
-0.00375115
0.00112261
0.0456898
0.0217615
0.00611799
0.0141317
0.0463542
0.0145909
0.00655932
0.0222209
0.0804366
0.038665
-0.000109661
0.00159206
0.00496761
0.00439837
-0.000500912
0.0177632
0.00496548
0.0177604
-0.000504212
0.00439829
0.0804603
0.00161009
-9.26025e-05
0.0386808
0.0554996
0.064938
-0.0122019
0.0227856
0.0555472
0.0227608
-0.0122197
0.0649238
-0.010269
-0.0187908
0.0165783
0.029545
-0.0102232
0.0295947
0.016596
-0.0187948
-0.0159842
0.00265603
-0.0276124
0.00386226
0.0138053
0.0123527
-0.00019121
0.00946125
0.00649626
-0.0273715
-0.000236979
0.000971842
0.00267115
-0.0167074
-0.0278642
0.0134158
0.0038728
0.0124077
0.00937944
-0.000192729
0.00651275
-0.000230541
-0.0270051
0.000758384
-3.76333e-05
-2.17714e-05
0.00220317
0.0305557
0.00219522
0.0276929
0.00123541
0.0381755
0.0081225
-2.74571e-05
2.4755e-05
0.0415251
0.00140661
-0.000118832
-0.000275076
0.051713
-3.58823e-05
0.0306147
-1.46715e-05
0.00221382
0.00215492
0.0202482
0.0277493
0.0012742
0.00947995
0.0415352
-2.4523e-06
4.30728e-05
0.0014045
0.051707
-0.000174167
-0.000293419
0.00144855
0.0084072
0.00548823
0.0487677
-9.83518e-06
1.07833e-07
-0.00119469
0.126649
0.0015511
-0.00802121
0.00639183
0.0209214
0.0051643
0.0066282
0.0168461
0.013079
0.00337859
0.00336766
0.0150626
0.000419073
0.0250879
0.0030369
0.00451478
0.0040356
0.00018946
0.000200646
0.0102965
0.024043
-0.00187832
0.00298129
0.0181927
0.00637258
0.000421956
0.00045704
0.00171413
-0.0225632
0.00132624
-2.58048e-05
-1.22336e-06
0.0237482
0.00139754
0.00841224
0.00550788
0.048731
0.00145065
-0.010827
0.00902652
0.0210224
0.00517337
0.00636991
0.0166557
0.0131007
0.0252443
0.0030347
0.00559039
0.00421271
-0.00196997
0.00299961
0.0181833
0.00633138
0.00130691
-2.84085e-05
-2.4511e-07
0.0237486
-6.99194e-06
2.31009e-05
-9.26411e-05
0.038915
-0.00264513
0.00105011
-3.87352e-05
2.77154e-05
-8.77387e-06
-7.93361e-06
-0.00409878
0
0.00267081
0.00320694
0.00129088
-0.00013186
-0.00222404
1.57915e-05
0.00899594
0.00577406
3.7643e-05
1.51204e-05
-7.61236e-06
0.0290337
7.63145e-05
8.01444e-05
-1.73137e-05
0.00568069
7.15038e-05
7.31049e-05
9.99275e-06
0.000426359
-5.71989e-06
2.00738e-05
-3.83091e-05
0.0400703
-0.0026543
0.00104739
-3.8784e-05
3.58555e-05
0.00267364
0.00320028
-0.000189155
-0.00012943
3.80322e-05
-3.10249e-06
-9.57894e-06
0.0290244
0.00187106
0.000810383
-0.00253304
-0.00393831
0.00187028
0.00080346
-0.00252769
-0.00393755
3.85287e-08
-3.736e-06
-4.11139e-06
-0.0101548
0.00219046
-9.6479e-05
-9.71988e-05
0.0134913
-0.000670458
0.0220296
-0.00690055
-0.000671112
0.00131082
0.000106886
2.33878e-05
-2.03979e-05
0.00131065
9.88236e-05
2.29695e-05
-3.19876e-05
-0.00313607
5.55112e-17
-0
-0.00313584
9.62398e-05
-0.00219604
-2.91077e-05
9.62405e-05
7.20827e-05
0.00692867
0.00334659
0.000231496
6.32766e-05
0.00689639
0.00333381
0.000207211
-0.00449096
-1.25346e-06
-1.3686e-06
3.45527e-07
-3.00087e-06
-0.000185483
-0.000185481
-5.23054e-05
0.00114482
0.012369
0.00751898
0.00107072
-0.00447827
0.00297189
0.00582533
0.0186667
4.25573e-06
-1.27197e-05
-0.00108427
0.110987
-5.55476e-05
0.000371238
0.00778214
0.0204242
0.00387311
-0.000388354
0.0161704
0.0115505
1.33014e-05
-0.00962729
0.0274472
0.0210212
-0.0101776
0.000523433
0.00139732
0.0162112
0.000262614
0.000778558
0.000585401
0.02692
0.00394946
0.000264338
0.00849676
0.0213593
0.00332377
4.93015e-06
0.0110247
0.0103877
0.00495856
0.000737373
0.0154629
0.0110458
8.8565e-05
-0.000230771
0.00271432
-0.0175189
0.00157965
0.000386055
0.00635043
0.00585125
4.28041e-06
-1.27481e-05
-0.00109694
0.110525
-0.00682981
0.00298929
0.00755354
0.0182157
-9.39616e-05
0.000171094
0.00484959
0.0204842
1.98004e-05
-0.00965485
0.0274253
0.0208653
0.00415729
-0.000378292
0.0161588
0.0115857
-0.0102207
-0.00226737
0.00142973
0.0163207
0.00384789
0.000236246
0.00846898
0.0212835
0.00017394
0.000687697
0.000560954
0.0267957
0.00331567
1.17021e-05
0.0110392
0.0103716
7.8761e-05
-0.000208373
0.00271527
-0.0173337
0.00482736
0.000271472
0.0154014
0.0109574
0.00160592
0.000368958
0.00635937
0.00586673
1.65428e-07
0.0776443
0.00447772
0.0255484
-1.66937e-06
0.000411771
0.000558763
0.0293337
0.00362896
-0.00109326
2.23841e-05
4.17373e-07
0.000462978
0.00511967
0.0010981
4.96507e-17
-0.000162329
0.000433348
0.00670406
0.00570594
-3.72483e-08
5.92058e-07
-0.000106585
0.0440362
6.71214e-05
0.0010555
-0.000940581
0.000441566
0.0220492
0.00354149
0.00516937
0.0115583
0.00826396
-0.0105794
0.0128924
0.00686593
-0.00589781
0.0035505
0.000239921
0.000105198
2.08124e-05
1.02419e-05
1.28794e-05
0.0191253
0.00263772
0.00320007
0.00010692
0.00916361
2.16329e-05
-3.19824e-06
1.20476e-05
0.0484788
-0.00564831
0.00268569
-0.00592274
0.00278233
4.83505e-05
-3.21592e-05
-1.25533e-06
0.0434866
7.16803e-05
0.00202661
-3.96683e-05
0.00052425
-4.59969e-07
0.074507
0.00456873
0.0255595
0.000463538
0.00512051
0.00109812
4.96507e-17
-2.53636e-06
0.000412396
0.000584951
0.0291428
0.00353498
-0.00106362
7.65932e-05
8.07868e-06
-6.60785e-05
0.000425877
0.00724317
0.0106862
0.015548
0.00858983
0.00584575
0.0107718
3.72376e-08
1.31455e-06
-0.00011147
0.0440754
4.95313e-05
0.00105675
-0.000936699
0.000441927
0.00834717
-0.010536
0.0131044
0.00692015
0.00264674
0.00319954
7.88744e-05
0.00916588
-0.00590135
0.00354931
0.000257484
9.68191e-05
1.27462e-05
-2.78651e-06
1.72336e-05
0.0191344
1.87276e-05
-9.73158e-07
1.30807e-05
0.048479
7.19363e-05
0.00202869
-3.89997e-05
0.000519179
-0.00566355
0.00268741
-0.00592228
0.00276434
9.62461e-06
-4.55125e-05
1.83454e-06
0.0434875
-0.000102302
-0.001393
-0.000940787
0.000109891
0.0195791
-0.00604261
0.0157045
-0.000225767
1.89498e-06
8.60589e-07
-2.58207e-06
-4.01521e-06
-0.00319852
0.0114831
0.00180304
-8.22026e-05
0.000869608
0.00341248
0.00406797
-0.00129758
2.94507e-05
3.82281e-05
1.7245e-09
-0.0100525
-0.000192102
-3.21984e-05
0.0043055
0.00483315
0.000249009
0.000583423
0.00103687
0.00799815
4.62161e-06
-0.00352048
4.95733e-05
4.04798e-05
-0.0462348
-0.00265854
2.50539e-05
2.44619e-05
0.00246584
0.00228985
-0.00073016
0.00747476
-0.00236566
7.11582e-06
3.423e-07
-0.00419374
0.0013001
4.79185e-05
1.72768e-05
1.8131e-05
-0.00819807
0.00767766
9.53701e-05
-0.000412994
-0.000718275
0.0179236
-0.00225723
-0.000389309
0.00634691
-8.47532e-05
0.00153914
0.0151938
-5.99455e-06
5.68299e-05
-1.51253e-05
5.79881e-05
0.00338757
2.01777e-05
3.53141e-05
1.48617e-05
9.39056e-05
-0.000211446
-1.25135e-05
-5.13438e-06
0.000795765
0.000532945
-5.15944e-05
-5.17195e-06
-0.000101409
-0.00139553
-0.000928674
0.000112349
0.0192925
-0.00605429
-0.000106041
0.0156927
0.0246641
-0.013225
0.0256618
-0.000164553
3.3152e-05
3.79377e-05
7.90526e-08
-0.0100526
-0.00017358
-2.62235e-05
0.00482986
0.00430927
0.000229825
0.000600787
0.00100081
0.00795681
0.00353658
0.00228407
-0.000692597
0.00746881
-0.00236196
6.99517e-06
3.44807e-07
-0.00419385
-0.000722167
0.0178833
-0.000379148
-0.0024421
0.0062784
-0.000118745
0.0151995
0.00146007
8.94188e-05
-0.000205262
1.99199e-06
-1.19244e-05
0.00079285
0.00053274
-6.625e-06
-4.81534e-05
0.00135526
0.00503873
-3.10617e-06
4.33809e-06
0.00421176
0.00875037
0.00361585
9.52101e-08
4.32314e-07
-0.00315115
0.00132251
0.00201569
-7.11203e-06
0.000330491
-0.00160839
-0.0065149
5.55112e-17
-0.000337425
-1.30311e-06
3.20587e-07
0
0.00306762
7.47987e-06
7.55483e-06
-8.94891e-05
4.87159e-05
0.00230513
0.000259158
0.000164771
0.00131981
0.0217734
0.00634872
-0.00675541
-0.0033335
-0.00664458
-0.00664463
-0.000205991
0.00392888
0.000444009
-0.000280885
-0.000722896
0.0129823
-0.000307323
-0.00172137
0.00134467
0.00409382
-0.000110594
-2.61503e-05
2.18372e-06
-0.00137681
7.54067e-05
6.84048e-05
0.00808921
1.62041e-05
2.82591e-05
2.32578e-05
7.22171e-09
-7.58637e-06
-3.20842e-05
-3.40146e-05
-2.58998e-07
-2.25473e-06
-0.00035655
-0.000357338
0.00131298
0.00503889
-2.01187e-06
2.43365e-06
0.00420973
0.00875061
0.00361589
-1.7087e-08
5.43036e-07
-0.0031512
0.00200188
0.00131344
-9.95117e-05
0.000230463
-0.00169928
-0.00662105
-0.000115039
2.63743e-05
0.000258967
0.00229532
0.000154885
0.000951285
0.0217231
0.00633779
-0.000720818
0.0129688
-0.00172207
-0.000299164
0.00134385
0.00409329
-1.49077e-05
-0.000117576
0.00394132
8.97391e-05
0.000193647
0.000814612
0.00361992
2.65477e-07
0.00421019
-0.000517231
0.003326
0.000277397
0.00115909
-5.46221e-05
0.00845571
-0.0100639
0.00536382
0.00287415
0.00310949
0.00376013
0.0020085
0.00282628
0.00810296
-0.0103863
0.0049607
0.00250058
0.00342243
0.000276936
0.00118287
-7.40588e-05
0.00373856
5.35714e-07
-0.000479765
-0.000439489
1.92634e-06
-7.65591e-06
5.53223e-05
8.7702e-07
1.89462e-06
1.33108e-06
5.41675e-05
8.87834e-07
0.000322986
-9.46296e-07
-0.000335911
-4.73567e-05
0.000313647
-9.86148e-09
-0.000334786
-4.50397e-05
0.00146958
0.0080436
0.00109792
2.52305e-05
0.000630952
-2.72557e-05
-0.00516586
0.000565497
0.00069134
7.17726e-06
-0.00514524
0.000630066
0.00146078
0.00803242
0.00109951
2.61609e-05
0.0118629
-0.000945982
0.0217325
-0.01204
0.00913476
-0.00470263
0.00023285
0.00256526
-0.00496074
0.00919277
0.0022342
0.00043286
-0.00117918
0.00943141
-0.0113462
0.0222005
0.00253746
6.29686e-07
5.38719e-07
0.000483389
0.000369872
-1.43371e-07
-4.52704e-08
0.00783842
3.0415e-05
-8.28361e-06
0.00923208
-5.89841e-07
0.000462132
-0.0107497
-0.00051852
0.000529579
0.00240877
5.03369e-07
3.32549e-07
0.000484322
0.000454993
-0.0107509
-0.000521408
0.000528965
2.82808e-05
1.71896e-06
0.00922721
-5.93981e-07
0.000355843
-1.05237e-07
2.74058e-06
0.00782979
0.000495492
-2.31922e-06
-1.15492e-06
0.00531864
-2.28732e-06
0.000495221
0.00531869
-1.15534e-06
-1.62346e-08
0.004515
0.00914868
1.15211e-06
0.00451579
1.38093e-07
9.51174e-07
0.0091485
0.00540237
0.00541617
0.000192594
0.00283143
-0.000171675
-5.80458e-06
5.10138e-06
0.00315748
-5.8645e-06
-0.00017104
0.00315148
8.29844e-06
0.00539177
0.00540551
0.00281866
0.00017544
7.68429e-05
0.00427075
0.000641327
-4.82204e-05
-0.00100239
0.0118314
0.000268554
-0.000906174
-7.74255e-06
0.000185757
-0.00033227
-1.21952e-06
-6.11579e-06
-7.39576e-07
-1.76764e-05
-4.29444e-05
0.00061314
0.00426444
0.000634854
-5.47993e-05
-1.65806e-05
-4.41046e-06
-2.13338e-05
-4.45086e-05
-1.19393e-05
0.000163572
-0.000338983
-1.19771e-06
-0.00101126
0.0118768
0.000273013
-0.000866466
-0.000853783
-0.000276239
0.00246315
0.00228699
-0.00308575
-1.51587e-05
0.00408924
3.62418e-06
0.000511812
-0.00095986
0.000211898
0.000464298
0.00139166
-8.69316e-05
0.00107992
0.0013427
0.00134817
8.7522e-05
1.36561e-05
0.000331128
-5.1755e-05
1.46434e-05
0.000333218
1.65561e-05
-5.59214e-05
1.3631e-05
0.00034712
1.22326e-05
0.0013806
0.000118409
4.89123e-05
0.000367937
0.000961465
-0.0457957
4.16639e-05
0.000623837
-0.0458373
0.000967391
0.000619392
4.1729e-05
0.00417922
0.000466161
0.000166356
-3.73888e-06
0.000466332
0.00417929
-5.37504e-06
0.000169819
0.00357936
0.0535427
-0.00107511
0.0835428
-0.000290957
0.0204007
0.018287
0.021073
0.0310977
0.025745
0.00652183
0.0268697
0.0151533
0.0227612
0.0105512
0.0143299
0.0085771
0.0121489
0.0273336
0.00138261
0.00371301
-0.0189798
0.0174014
0.00242229
-0.00109279
0.0833557
0.000308281
0.0528659
0.0014343
0.0207748
0.0311205
0.0257449
0.0182711
0.0211281
0.00649239
0.0269449
0.010474
0.0144003
0.0151403
0.0227537
0.00842009
0.0120956
0.0037878
-0.0189312
0.0272815
0.00137437
0.0174035
0.00242241
0.00355765
0.0301855
0.00139846
0.0285206
-2.58082e-06
5.81851e-07
-0.00510668
-4.05524e-05
0.0162432
0.00508837
-9.94316e-05
0.0455916
-0.00685236
0.0121818
0.00578298
-0.00506506
0.00792286
0.0300527
0.0100616
-4.11772e-05
-8.93983e-06
0.0222004
0.000680304
0.0117431
6.42371e-05
0.0376485
-8.54029e-05
0.00561372
7.64903e-06
0.0495658
-0.000115581
0.000543128
0.00354021
0.0292981
-0.00513594
-3.83719e-05
0.00142173
0.0280183
3.15413e-05
-1.42013e-05
0.0163525
0.00635124
0.00266754
-0.00838325
-8.70683e-05
0.0453188
-0.00684501
0.0121935
0.00540154
0.0298874
0.000636735
0.0117773
0.00745089
-3.67041e-05
-5.78067e-06
0.0222161
6.0829e-05
0.0376394
-0.00011622
0.000543568
-6.67462e-05
0.00563581
-5.08556e-06
0.0495529
0.00479711
0.0626681
-0.012897
0.0329365
-0.00203276
-0.0025305
0.00489251
0.0111243
-0.00117139
0.120966
-0.00118454
0.121294
-3.59445e-06
-4.77662e-06
-0.00062035
-0.00022255
0.00923735
0.0200271
0.00619279
0.0236812
0.00132373
0.000299166
3.89061e-08
-0.00994255
0.0143825
0.0150629
0.0136645
0.0149544
0.00268406
0.00527922
0.000974759
0.00782691
0.0179514
0.0127579
0.017952
0.0127572
3.32547e-05
2.83476e-05
0.00348349
0.00348477
0.0168758
0.0151952
0.0043624
0.00222155
-1.90805e-06
0.00989666
-9.33949e-06
-2.00356e-05
0.00979135
0.0243934
0.00980556
0.0243458
-4.88912e-05
-4.74651e-05
4.37038e-05
3.45791e-05
0.0157568
0.0103336
0.0205243
0.00832652
0.000140505
0.000451764
0.00166692
0.00592659
0.00173848
-0.0195238
0.00175417
-0.0194837
9.95411e-05
9.77558e-05
4.2361e-05
4.25776e-05
0.00122628
0.0127995
-5.90007e-06
0.0362715
-2.86357e-08
-1.22925e-05
-4.5556e-05
0.000306329
0.00514012
0.062669
-0.0136487
0.0329534
-0.00199788
-0.00235395
0.0108012
0.00464766
0.00740741
0.0201987
0.00117381
0.0214287
0.00227575
5.34046e-05
-1.30934e-05
-0.00994286
0.0144136
0.0150823
0.0135368
0.0148496
0.00527349
0.00269992
0.000954924
0.00779706
0.0168062
0.0152027
0.00541194
0.00241773
5.64799e-06
0.00894596
-1.48662e-05
-2.20365e-05
0.0157501
0.0103256
0.0205547
0.0083606
0.000447
0.000142676
0.00591988
0.00168465
0.00121677
0.0127951
-2.70024e-06
0.036272
-9.92575e-06
-3.97547e-06
0.000315009
-5.07861e-05
-1.79871e-05
0.0334916
-0.000125753
0.0428162
3.573e-07
2.79058e-06
0.00287675
1.94173e-07
0.000289
0.000299049
-1.8028e-06
-3.18564e-06
-0.00255505
0.00160908
-0.00257071
0.000335165
-0.00410326
2.96712e-07
-0.0041036
-5.55112e-17
-4.59487e-07
-3.71787e-07
-8.74413e-06
-8.12438e-06
-0.000202822
-0.0121314
5.27092e-05
3.98638e-06
0.00275106
0.0179106
-0.00456624
0.00394948
0.0109813
0.00718389
0.0120384
0.00236364
-0.00339822
-0.00682053
-4.48904e-07
0.00389812
1.68978e-05
0.024263
4.96431e-06
0.0372162
-1.34482e-05
-1.89132e-05
0.000259755
8.74829e-05
-6.74847e-05
0.00660765
-4.22557e-05
0.00660824
-4.83161e-06
3.62578e-05
0.000143148
0.000142409
1.46212e-05
0.000512751
1.02803e-05
0.000514368
7.02226e-05
6.70067e-05
-0.000119794
-0.000119842
6.07092e-05
0.0338077
-0.000101448
0.0432126
-2.33802e-05
4.433e-07
0.00287839
-1.12922e-06
0.000287743
0.000299359
5.55555e-06
-2.12913e-05
0.00160794
-0.00255254
-0.00256979
0.000336499
-0.000266503
-0.0121201
5.9262e-05
4.20534e-06
0.0165149
0.00273828
-0.00449998
0.00395
-3.5228e-06
0.0242454
-1.66645e-05
0.0371861
-3.43755e-05
1.18482e-05
7.33059e-05
0.000242562
0.00128817
-0.000134573
0.0012185
-0.00746415
0.00815728
-0.000715896
-0.00380194
0.00871843
0.00122067
-0.000145691
0.00122969
-0.00778977
-0.000720966
0.00817132
0.00893744
-0.00413397
-3.1623e-06
-4.07341e-06
3.88577e-08
-0.0101374
4.12475e-08
-0.0101375
-1.14007e-06
-1.18243e-06
1.92192e-05
1.91296e-05
0.00191167
0.0144515
0.0145098
0.00191309
-0.000543711
-0.000653939
0.0213934
-0.00289226
0.000183475
0.000182353
0.00051316
0.000467187
-0.00272608
0.0213944
-0.000338348
-1.17239e-06
0.000657131
-0.00491433
0.00170749
-6.57317e-05
-3.73233e-06
-0.00489884
-0.000335517
-1.16082e-06
0.000671117
-0.00489211
-6.50098e-05
0.00170792
-0.00486674
-1.44649e-05
-0.00622152
-0.00639849
-0.00304827
-0.00304852
-0.00322353
-0.00322373
-0.00622188
-0.0063996
-0.00240306
-7.79134e-05
0.000400147
0.000389833
-0.000106365
-0.000105481
-7.95053e-05
-0.00241005
-0.00407963
0.00403109
5.43578e-08
0.0093188
1.25772e-05
-2.15781e-06
0.0171238
0.00472499
0.00402289
-0.00404227
6.75162e-08
0.00935702
-2.71206e-06
-3.47446e-06
0.0171111
0.00472505
0.000107808
0.000106414
3.44398e-07
-0.00431906
3.45318e-07
-0.00431758
-1.06042e-06
-1.19092e-06
9.80861e-05
9.83747e-05
-5.20823e-05
-2.07604e-05
-2.01993e-05
-5.1981e-05
-0.000437956
-0.000437785
0.0175796
0.00759348
0.0037561
0.00375609
0.000303053
0.00030298
0.0175252
0.0075342
0.00123202
2.14671e-05
0.000149544
0.0101001
1.71325e-06
6.26043e-05
0.0251182
-0.012004
0.00695615
0.000956602
-1.22822e-05
1.6235e-05
0.00791676
0.00113778
-0.0331065
-0.000375579
0.000281333
-2.52101e-08
0.00271421
0.00256395
-0.000265247
0.000701339
0.00112785
0.00130715
-0.00272832
0.00472018
-0.000149288
-8.84042e-05
0.00770748
0.000909642
0.00733885
0.00239421
0.00326404
2.01437e-05
0.000913256
-8.35574e-05
0.000161238
-0.000319029
0.00411173
0.000260206
5.26779e-05
1.72949e-05
0.000297552
-9.45162e-05
-5.73773e-07
1.56805e-05
-6.47607e-05
2.16198e-05
9.11495e-06
6.16631e-05
0.0241329
-0.0115843
0.00428712
0.000596473
0.000142526
0.0098689
0.00082482
0.00127186
-1.46977e-07
9.10161e-07
0.000379333
5.17126e-06
0.00321076
0.00252227
0.00788283
0.00113258
-0.0330701
-0.000362788
-0.000153265
0.000795718
0.00114653
0.00131011
0.00764448
0.00090652
0.00732719
0.00260396
-0.00261393
0.00473854
-4.81651e-05
-8.09068e-05
0.00327789
1.15865e-05
0.00084587
-9.73527e-05
5.55175e-05
1.74466e-05
0.000297469
-9.44127e-05
0.000160128
-0.000323997
0.00410488
0.0002582
-5.3548e-07
3.08877e-07
-6.31271e-05
2.31433e-05
0.000231714
0.0268088
0.00480813
-0.000481527
-1.15353e-06
3.64226e-06
-6.45111e-05
0.00284347
0.00419266
-0.00158207
0.00308486
-0.000567171
0.00530996
-5.35205e-05
0.000462149
0.00521106
0.00390119
7.4833e-07
0.0023549
0.00276544
8.41149e-07
2.15749e-06
-6.74052e-06
-1.44505e-07
0.000272862
0.00795143
-0.000279617
-1.88793e-05
0.0046632
0.00934839
0.00273576
0.0019844
0.00313151
-0.000192364
0.000262614
-0.0163184
0.00276716
0.000567794
-0.011799
0.00515565
3.44576e-05
1.71961e-05
0.00362783
-0.000346064
0.00262463
0.00153394
0.00471577
0.00443581
1.9885e-05
7.25314e-06
0.000170712
-9.79091e-07
-4.82039e-06
-0.00308101
-9.02898e-05
-0.000156509
6.43394e-06
-2.34308e-05
9.22554e-05
0.000208699
5.22708e-05
0.0027915
0.000276051
0.0006375
0.000116023
0.0247205
0.00482278
-0.000483546
0.00531323
-5.3422e-05
0.000461748
0.00521167
-1.5051e-05
-1.2123e-05
-6.51418e-05
0.00284417
0.00421396
-0.00151277
0.00298673
-0.000568334
0.00445895
-0.000139102
0.00515322
0.00668046
0.0046627
0.0127709
0.00319942
0.00958502
2.64882e-06
5.88266e-06
-6.15691e-06
-1.18181e-08
0.000269965
0.00794715
-0.000315619
-1.89391e-05
0.00068449
6.6186e-05
0.000154604
-0.0164479
0.00263294
0.00152017
0.00474996
0.00443924
0.000207162
0.000568036
-0.0117903
0.00514564
3.64259e-05
-5.4846e-06
0.00364038
-0.000419858
1.63838e-05
1.04249e-05
0.000172196
-1.52676e-06
5.32868e-05
0.00278783
0.000268009
0.000631444
-5.55867e-06
-0.00312806
-8.99818e-05
-0.000156517
1.85545e-05
-2.62076e-05
9.12907e-05
0.000203099
0.00129449
0.00122173
-0.000775783
-0.00164646
0.00408456
0.000777331
0.001143
0.00742367
3.29658e-06
8.58069e-07
8.65686e-07
3.50849e-06
0.0100475
0.000285789
0.000433672
0.011099
0.00495082
0.00100354
-0.00556009
0.00197128
4.69186e-05
1.52443e-05
0.00015376
-3.96328e-05
-0.000173519
-0.00505144
-1.01636e-06
-7.09352e-08
-0.00959112
0.000108101
0.00115383
-8.30254e-09
1.25182e-05
-0.00256688
-0.000795959
-1.98619e-06
-0.0492006
-0.00592565
-0.00592547
-0.0491992
0.000695984
0.000545483
0.005578
0.00596997
6.22181e-06
-0.00135693
0.000584258
7.17471e-05
4.80831e-05
0.00130186
0.00130124
4.81677e-05
-0.00493477
-0.000229441
0.00178861
-0.00511519
0.00474264
-0.00407629
0.0157379
-0.0109994
0.00779897
0.00121293
-0.000665197
0.00156516
1.23448e-05
6.7913e-05
3.0311e-05
-2.55408e-05
0.00372835
0.000654295
0.000675415
0.00373688
0.000137026
-0.000277322
-0.000115493
4.39774e-05
0.00167624
0.000437593
0.000548508
2.34029e-05
0.00112062
0.0013737
-0.00165417
-0.00074973
0.0099125
0.00112379
0.000776002
0.00392311
-0.000743257
0.0273714
0.0194023
-0.0163044
9.62801e-06
4.61693e-05
-3.9653e-05
0.000153709
2.51163e-07
6.00831e-07
-0.00500409
-0.000170329
9.75896e-05
-0.00960364
1.31574e-06
0.00113866
0.000543535
0.00175002
0.00453502
0.00402557
-0.00134846
6.08623e-06
7.33174e-05
0.000585816
-0.0110248
0.015736
-0.00404945
0.00477186
0.00154981
-0.000669325
0.00121653
0.00778659
4.40406e-05
-0.000110972
-0.000274237
0.00013783
2.6978e-05
0.000548751
0.000437266
0.00167405
0.00198245
0.00293327
0.00730109
0.00084778
-0.000677685
0.00344223
0.00436383
0.00894767
0.00090563
-0.00460261
-0.00150976
-5.17732e-07
0.000362515
0.000152128
-0.00653573
0.00125185
-4.04928e-06
-0.000337113
-0.000333059
3.82075e-07
-1.55196e-05
6.05399e-06
6.26026e-06
-1.55211e-05
-6.49863e-05
1.36344e-05
3.1785e-05
0.000144906
7.08964e-06
0.00431061
-1.5676e-05
1.22636e-06
-0.00333301
-0.00657695
-0.00657719
-0.00675459
0.000133793
0.00456242
0.00418349
-0.00334796
-1.14692e-05
0.0117744
0.00536942
-0.00505265
0.00342183
0.00266927
0.00372802
0.000404362
-6.91148e-05
-0.00243565
-0.00242134
-6.72813e-06
0.000277831
0.00895909
0.00895725
0.000279507
-0.000133908
2.66217e-05
2.52283e-05
-0.000114244
-4.06343e-06
1.5294e-05
1.45009e-05
-4.91737e-06
0.00293261
0.00191834
0.000828841
0.0073027
0.00344223
-0.000677953
0.00894789
0.00436249
-1.23311e-06
-0.00151154
-0.00494034
0.000908994
0.0001518
0.000361352
0.00127404
-0.00654503
0.000148463
3.27185e-05
5.07193e-06
-7.70837e-05
0.00431111
7.10945e-06
6.95267e-07
-1.52595e-05
-0.00506866
0.00539547
0.0117684
-1.13722e-05
0.000405096
0.00372451
0.00267222
0.00340014
-0.00484911
0.00806959
0.00722344
0.0025518
0.0062132
0.00324117
0.000852753
0.00670161
0.00233758
0.000505973
0.00169551
0.00450584
0.00748915
0.00658542
0.00248025
-0.00255009
0.00303625
0.00384728
0.00390629
0.00412828
-0.00266463
-0.00165576
-0.00104978
-0.00131143
-0.0042464
-0.00138222
0.00361666
-0.00458143
0.0027267
0.0332141
0.0195217
-0.00147268
0.0107315
0.0115604
0.00305691
0.00154895
0.019536
0.00246324
0.00588854
0.0119497
0.000855408
-0.00106768
-0.000237521
0.00572346
0.00117664
0.00202447
0.000230526
0.0019714
0.0202912
0.00809933
-0.00373839
0.0136252
0.00264802
0.000441304
0.012769
-0.00759202
0.000384427
0.0180543
0.0104127
-0.00212179
0.0172468
0.0133886
-0.010533
-0.00584165
-0.00538413
0.000505099
0.00977349
0.00662214
0.00748234
-0.00253341
0.00369876
0.00594519
0.00230355
-0.00406785
0.00320875
0.000461968
0.00542058
0.00559986
-0.00201597
0.0384868
0.0206465
0.0136116
-0.00391809
0.00842944
0.0172799
-0.00590792
-0.0112723
0.0133815
0.000352451
-0.00212555
0.0102344
0.0182095
0.00216143
-0.00759469
0.0122073
0.000500404
0.00951856
-0.00062698
0.00181306
0.0105304
0.0011778
0.00196331
0.000221168
0.00210299
0.000862555
0.00566453
-0.000228571
-0.00107419
0.0195613
0.0120603
0.00593078
0.00246116
0.00304699
0.00417469
0.00397626
0.00384035
0.00530529
0.0221767
0.0143223
0.0286978
-0.00440924
-0.00509507
-0.00225506
-0.0153725
-0.00266214
-0.00127458
-0.000976179
-0.00165521
0.0101807
-0.00107349
-1.32331e-06
0.0204125
-0.00118627
-1.36859e-06
6.09298e-05
-0.00106093
-3.41055e-06
4.26036e-05
5.19951e-05
-2.00874e-06
0.0204801
0.0202245
4.6717e-06
2.23803e-05
0.010321
0.0206353
6.56223e-06
-0.00108253
0.0206107
2.15007e-05
6.37314e-06
0.0203469
-4.0519e-06
-3.18099e-06
5.10429e-05
4.20909e-05
-0.00119376
-0.00107459
5.98656e-05
-2.7108e-06
0.0275963
0.00408943
0.00282433
0.0276774
-0.00410224
-2.02303e-06
-5.1616e-05
-0.00155972
-0.0101507
-0.0100615
-0.000379468
-0.000338538
0.0115779
0.0231527
-9.6489e-05
-0.00995501
0.0284171
0.027733
0.00281824
0.00408773
0.012655
-0.0099565
-0.000100916
0.024281
-0.0101506
-0.000336605
-0.000377005
-0.0100614
-0.00410261
-0.00155999
-4.91914e-05
7.13497e-09
0.0201836
0.0123611
0.00887454
0.0167315
0.0103117
0.00885358
0.00761777
0.00992945
0.00205585
3.20573e-05
0.00124592
0.00245029
0.0101084
0.0101527
0.0023486
0.00133512
0.0381677
0.00253028
0.00183908
0.0196576
-9.04722e-05
3.70196e-05
0.00104432
0.00228584
0.0139456
0.0138122
-0.0033535
-0.00183189
0.00766042
-0.0173883
-0.00990506
0.0162548
0.038175
0.0195009
0.00186786
0.00254069
0.00765236
0.0162129
-0.00992953
-0.0173927
0.0139744
-0.00187461
-0.00332711
0.0138231
-9.47187e-05
0.00228868
0.00106237
6.30334e-05
0.0201083
0.0166706
0.00884306
0.0122883
0.0101186
0.00133612
0.00234675
0.0101463
0.00205497
0.00244298
0.00124796
3.37314e-05
0.0102537
0.00990345
0.00761222
0.0088194
0.0871289
0.0316983
0.0193993
0.11042
0.0590745
0.0129119
0.0115916
0.0721734
0.0224403
0.0111063
0.0162002
0.0195875
0.125859
0.117675
-0.00536978
0.00172206
0.0267392
0.0225136
0.00698024
0.0252542
0.0242078
-0.00521237
-0.00265272
0.0258741
-0.00583895
0.000388873
0.00312331
0.00240418
0.0519478
0.0299805
0.0095926
0.0265501
0.0267992
0.0252363
0.00702164
0.0221041
0.0518769
0.0264011
0.00966032
0.029813
-0.00569729
0.00309807
0.00320945
-0.000569813
0.024149
0.0258284
-0.00265002
-0.00627953
0.0865559
0.110375
0.0189461
0.0320281
0.126019
-0.00183234
-0.012263
0.117463
0.0224397
0.0195807
0.0169909
0.0118983
0.0593511
0.0721376
0.0108639
0.0127473
0.00167233
0.00100053
0.00281113
0.0033568
-3.91579e-05
0.00169127
0.00226022
0.00027056
0.000883206
-0.000308267
0.00176303
0.00342592
-0.00262138
-0.000830324
-0.000113655
-0.00224137
0.0147856
-0.00363779
0.000320634
-0.000103008
0.00286883
0.00251792
0.00779478
0.00162943
0.00150919
0.00633758
0.00756989
0.00200606
-0.000115688
-0.00011623
0.00060872
0.00110015
-0.000162904
2.8175e-05
-2.16596e-05
-0.00300568
1.29126e-05
-0.000329031
-1.16295e-05
-1.16854e-05
-5.60883e-05
9.45539e-05
0.0104962
0.0123796
0.0136613
-0.00309184
0.00515563
0.00100516
-3.32175e-05
-0.00993661
-0.0114582
-1.70718e-05
0.000624853
-0.0032102
0.00274679
0.0043515
-0.00250532
0.00914886
0.00226102
-0.00447569
1.67581e-06
-3.24121e-06
-0.00789588
-0.00292722
0.00162215
0.00326131
0.0027086
0.00102703
-0.00262989
-0.00228825
-0.000128354
-0.000826681
0.000880939
0.00342064
0.00176349
-0.000355948
1.55018e-05
0.000323886
0.00216781
0.00161121
-9.22049e-06
1.85983e-05
-0.0114581
-0.00994211
3.7644e-06
-0.00293158
-0.00790567
-1.68829e-05
-0.00249365
-0.00638207
0.00227435
0.00915685
0.000618873
0.00434739
0.00273864
-0.0032562
-0.000160786
-0.00299084
-1.19814e-05
2.34875e-05
0.0136995
0.00100504
0.00513517
-0.00318657
-6.58497e-05
0.01237
0.010492
9.85139e-05
-1.10333e-06
-2.1126e-05
-1.35195e-05
-0.000330863
0.0148011
-9.9269e-05
0.000314339
-0.00364784
-6.47684e-05
0.00107175
0.000596742
-0.00011145
0.00150916
0.00200085
0.00756619
0.00634089
0.00286947
0.0016358
0.00778638
0.00249551
0.0282265
0.000462838
0.000478793
0.0288288
-8.759e-06
-6.33934e-07
0.00526484
0.00516537
-0.00309217
0.00089532
0.00536828
0.00154473
0.0327213
0.0315501
0.00196888
0.00382188
0.0279923
0.0284847
0.000478484
0.000462659
0.0335785
0.00382097
0.00196871
0.03142
-0.00309218
0.00154465
0.00536818
0.000895289
-8.02899e-06
0.00516609
0.00526519
-2.82734e-07
0.0413139
0.00433655
0.00458435
0.0441844
0.0105398
-0.0050214
0.0109598
0.0111189
-0.00317968
0.00885046
0.00904828
-0.00493406
0.0408817
0.0436457
0.00443872
0.00428604
0.0426514
0.0446284
0.00458473
0.0055536
0.0400179
0.00428776
0.00444005
0.0434246
-0.0031799
-0.00493418
0.00904811
0.00885023
0.0100108
0.0102874
0.00924842
-0.00673257
0.0376933
0.0207192
0.0101838
0.015595
0.0268642
0.00248817
0.00420014
0.0216892
-0.00207438
0.000239949
0.0027466
0.0010848
0.00618606
0.0108128
0.0124219
0.00844514
0.051751
6.32687e-05
-5.86898e-05
0.0465567
7.48831e-05
1.86198e-05
0.00299761
0.00233488
-2.07797e-05
0.00389204
0.00351969
-0.000137622
0.0329894
0.0407911
2.66451e-05
0.000854961
0.0517435
0.0465485
-5.72558e-05
6.38112e-05
0.032933
0.000857976
2.67988e-05
0.0407789
-2.04564e-05
-0.000138154
0.00351639
0.00388966
7.40758e-05
0.00233389
0.00299305
1.60605e-05
0.0375324
0.0155885
0.0101728
0.0207149
0.00618449
0.00852678
0.0123609
0.0108537
-0.00208137
0.00106712
0.00273993
0.000220985
0.0268664
0.0216787
0.00418196
0.00247614
0.0152128
0.00955327
0.00415487
0.00534206
0.00437926
0.00158106
0.000385997
0.00553304
0.0121848
0.0220742
0.000250007
0.00141797
-0.00321001
0.000740429
0.00425018
0.0151279
0.023662
0.0239219
0.0102664
0.00154088
0.0166572
0.0044092
0.00122713
0.0155064
0.00215611
0.00465621
-0.00498796
0.000141347
0.0169858
0.00652231
0.00462639
0.0086574
0.0367314
0.011876
0.000167835
0.0215962
0.000611099
0.000109412
0.000170562
0.00377304
0.00372477
0.00447393
-0.000307937
-0.000236924
0.0208755
0.0143038
-0.000330304
0.00506443
0.00358899
0.00380503
-3.7081e-05
5.17541e-05
0.00406781
0.0051284
-9.83665e-05
0.00119395
0.00410141
-0.000164221
-6.35249e-05
0.00576795
-1.91408e-05
1.05215e-06
1.27334e-05
7.49906e-05
0.015277
0.00532768
0.00436649
0.00986448
-0.00313367
0.0153722
0.00424729
0.000741229
0.0121685
0.0014141
0.000245754
0.0220533
0.00543898
0.00632738
0.00118115
0.00264349
0.00359743
4.46765e-05
-4.13313e-05
0.00382303
-1.53539e-05
7.67495e-05
1.24274e-05
5.35625e-06
0.00407815
0.00575995
-6.33458e-05
-0.000157856
0.00406495
0.00119068
-9.89012e-05
0.00512434
0.036703
0.0215482
0.000167372
0.0118812
0.0207901
0.0050464
-0.000352522
0.0141981
0.0037174
-0.000249666
-0.000306987
0.00445476
0.000608306
0.00377474
0.000163239
0.000110096
0.0236658
0.00156459
0.010317
0.0238738
0.0175529
0.00920988
0.00465583
0.00679621
0.0021504
0.000163053
-0.00497066
0.00469921
0.0166607
0.0155153
0.00120256
0.00437417
0.00537645
0.00914364
0.000667648
0.00677669
0.00649762
0.0004076
0.00221745
0.00845
-8.12011e-07
7.01249e-06
0.00580167
0.00468984
0.00308465
0.00653366
0.00128527
-0.00186106
0.00306928
0.0132366
-2.2186e-05
0.0125942
0.00331888
-0.00185498
0.00182654
0.013263
-9.34299e-07
0.00374795
0.00414036
6.88558e-06
0.00408812
0.00726093
-0.0016783
-0.00202021
0.0513387
0.0292695
0.00142335
0.0231843
0.0164825
4.61953e-05
0.000273237
0.0226866
-0.00440573
-0.00424824
5.60226e-05
-0.00291525
0.00916146
0.0165358
0.00148397
-0.00497428
0.0512847
0.0230565
0.00180959
0.0292189
0.00911909
-0.00497679
0.00192062
0.016614
-0.0044064
-0.00292053
0.000489212
-0.00424895
0.0164924
0.0227029
0.000704609
3.92649e-05
0.0403241
0.0520437
0.000821591
0.000671954
0.029935
0.00118781
0.00173164
0.0424115
-0.000370007
-0.000486654
0.000385521
0.000459451
0.000476583
0.00186592
0.000454832
-0.000238837
0.00406725
0.0037739
-2.24894e-05
0.00456429
0.00184229
9.33425e-05
0.000158791
0.00175481
-4.6508e-05
0.000529444
0.000469238
0.000151578
0.0182657
0.00935871
2.50787e-05
0.000421832
0.0040749
0.00456768
-2.44043e-05
0.00377845
0.018262
0.000420136
2.22262e-05
0.00935634
-4.60064e-05
0.00013091
0.000447927
0.000528874
0.00185502
0.00176235
0.000137302
7.04447e-05
0.0403204
0.000668222
0.000761712
0.0520062
0.000477352
-0.000239245
0.000471052
0.00186321
-0.000369893
0.00045877
0.000402718
-0.000486722
0.0299366
0.042412
0.00174972
0.00118795
0.0339471
0.0233108
-0.0383732
0.0142445
-0.000488318
-0.0477769
-0.0472106
0.0187613
0.0149774
0.0132514
-0.00383255
-0.000277334
0.0148032
0.0133068
-5.81536e-05
0.00105735
0.0339468
0.015153
-0.0383604
0.0232783
0.0148337
0.00103041
-6.43676e-05
0.0133206
0.0149506
-0.000277371
-0.00382853
0.0132064
-0.000487576
0.0186963
-0.0472317
-0.0477764
-0.0193799
-0.0186086
0.00474783
0.0101554
-0.020987
0.00323244
0.00395366
-0.0183485
0.00762429
0.00770693
0.00037582
0.000367071
0.0222243
0.0128325
0.000805064
0.0089859
-0.0193958
0.0101627
0.00475148
-0.0187277
0.0223123
0.00902434
0.00080531
0.0129415
0.00765284
0.000371316
0.00037942
0.00774537
-0.0210072
-0.018378
0.00395801
0.00323374
