-0.743065
0.115
-2.215
-0.693929
0.215
2.145
-0.731929
0.695
-2.085
-0.665
1.02154
2.225
0.74306
0.115
-2.215
0.693927
0.215
2.145
0.731929
0.695
-2.085
0.665
1.02154
2.225
0.0308058
0.0730979
0.177178
0.112592
0.0308087
0.0731007
0.177181
0.112639
0
0
0
0
0
0
0
0
0
0
0
0
0
0
0
0
0
0
0
0
0
0
0
0
0
0
0
0
0
0
0
0
0
0
0
0
0
0
0
0
0
0
0
0
0
0
0
0
0
0
0
0
0
0
0
0
0
0
0
0
0
0
0
0
0
0
0
0
0
0
0
0
0
0
0
0
0
0
0
0
0
0
0
0
0
0
0
0
0
0
0
0
0
0
0
0
-0.0204973
0.0052109
0.00678745
0.0655949
0.00555335
0.0348517
0.14539
0.0723538
0.00347606
-0.0166052
-0.0204839
0.00678723
0.065565
0.034844
0.0723706
-0.0166375
0.000307916
0.0915585
-0.000246346
0.120629
0.0013146
0.0258416
0.38336
0.169146
0.000307824
0.0915665
0.120627
0.0257939
0.105297
0.105298
0.00711136
0.228953
0.149272
0.106136
0.10613
0.000569246
0.461781
0.17293
0.172923
0.0323377
0.000384578
0.22474
0.0263263
0.00261334
0.000888747
0.00961855
0.00533775
0.0305472
0.0453093
0.0518423
0.0411171
0.0109286
0.00261093
3.77206e-05
0.00262258
0.0263138
0.000888809
0.00526262
0.00961036
0.0304325
0.0517454
0.0453696
0.0411038
0.00261031
0.0109502
3.21884e-05
0.00589467
0.000333303
0.0551939
0.00083342
0.000775372
-2.37015e-05
0.0493049
0.000878035
0.00938374
0.0281518
0.001788
0.205876
-0.00393558
0.0680133
0.0312912
0.0795949
0.00589445
0.000832248
0.00033349
0.0551904
0.000777429
0.000877714
-2.37829e-05
0.0492989
0.00942224
0.205862
0.0281461
0.00180211
-0.00395963
0.0796928
0.0679928
0.0312744
0.0571749
0.00112046
-0.000596206
-0.04013
0.0552787
0.00129044
0.0364028
0.0396166
0.0172079
0.00629601
0.0714924
0.00537128
-0.0039145
0.134223
0.0160966
0.0666434
0.000765137
0.0492968
0.0824514
0.00645253
0.0571455
0.00111558
0.0552771
0.00129002
0.0364302
0.0396146
0.071496
0.00537302
0.0160898
0.0666354
0.0824386
0.00645502
0.0520972
0.000774231
0.00156409
-1.5746e-05
0.0059881
3.51203e-05
-1.78676e-05
0.00563034
-1.16383e-09
0.00395673
0.037963
0.244574
-0.0043014
0.0277817
0.12412
-0.0861548
0.0520991
0.000773891
0.00207094
-2.00659e-05
-2.42137e-05
0.00562274
0.0379743
0.244583
0.0816796
0.056951
0.0281261
0.066275
0.0816798
0.0662687
0.0284329
0.0569498
0.000988855
0.000988826
0.00668566
0.00668637
0.0746513
0.124533
0.124528
0.0746457
0.00105827
0.174894
0.174891
0.000993415
0.0536447
0.0507023
0.0527344
0.0329523
0.0536445
0.0329557
0.0527312
0.0506998
0.000864051
0.00086312
0.000825786
0.00082593
0.260154
0.297442
0.297436
0.260158
0.0609865
0.08035
0.0903518
0.0767306
0.0609827
0.0767098
0.0903674
0.0803696
0.00646359
0.00646436
0.0230822
0.0230811
-0.0405713
0.00492394
0.00492434
-0.0405781
0.0456715
0.0457011
0.053985
0.0539781
1.09232e-05
0.00259185
0.00102942
0.00152075
0.000582869
0.0054917
0.00510114
0.0351895
0.00545815
0.000879808
-0.000296168
0.000186025
0.00259637
1.49388e-05
0.00102904
0.000617424
0.00153802
0.00555122
0.035056
0.00496887
0.00544143
-0.00028439
0.000877337
0.000194144
-0.00479865
-0.000161169
0.0564032
-0.000348214
0.00473715
-2.53199e-06
0.0485705
-0.000357487
-3.2973e-05
0.013422
2.34396e-05
0.0868037
-0.00120079
0.0443961
0.029384
0.0351845
-0.00479874
-0.000349312
-0.0001639
0.0564104
0.00473559
-0.000359911
1.09412e-07
0.0485751
-5.48865e-05
0.0868554
0.0134317
3.056e-05
-0.00120978
0.0350931
0.0443694
0.0294815
0.022544
-0.026577
0.0564456
0.156839
-8.01463e-06
-3.24881e-06
-0.0006469
0.145269
9.90148e-06
1.02153e-05
0.0590056
0.000985206
0.00408627
0.000148391
0.0262424
0.019935
0.000316
0.000348512
0.000743036
0.0626514
0.00472404
0.00315136
0.0462479
-0.00153816
0.000658268
0.000691556
0.00168561
0.034323
-0.00151623
0.00197941
0.0196008
0.055749
0.000181779
0.000182011
0.000719802
0.0473482
-0.000690084
-0.00324052
0.0727915
0.00546827
0.0254414
-0.0289386
0.0562122
0.156838
9.89833e-06
8.8059e-06
0.0590094
0.000983758
0.00412309
0.000162117
0.0261196
0.0199545
0.00478025
0.00315334
0.0462163
-0.00154048
-0.00165639
0.00193568
0.0196488
0.055702
-0.000689736
-0.00323428
0.0728031
0.00546629
-9.2894e-07
1.39798e-06
0.052362
-0.000431988
0.00330862
0.00217102
0.00177654
2.10402e-05
-0.000385166
-0.000384741
-0.00576094
3.51203e-05
0.00260729
0.000888468
4.19538e-06
-0.00346927
6.49596e-05
6.58373e-05
6.48027e-11
0.000377023
0.00169555
0.00173885
0.0243568
0.074825
0.00239205
0.00239522
-0.00011755
0.0105103
0.00674642
0.00674672
0.0917362
-0.0861986
4.79608e-07
-1.40268e-06
0.0523683
-0.000434353
0.00330573
0.00216665
0.0015173
-4.99517e-06
0.00260087
0.00088364
-1.71801e-05
-0.0028213
0.00170425
0.00176022
0.0247075
0.0748397
0.00211998
-0.00193523
1.96654e-05
-0.00285459
0.00213282
-0.00195493
1.94743e-05
-0.00310989
3.66432e-06
2.67939e-05
2.8004e-05
2.73005e-06
-0.00666734
0.0067648
0.00676454
-0.000739338
0.0400669
0.0404189
-0.11904
0.040066
0.00295133
-3.65658e-05
-6.38076e-06
0.00140185
0.00295144
-3.67151e-05
-6.27274e-06
0.00139996
-0.000158966
0
-6.7455e-10
-0.000158132
0.00105162
0.0076916
0.00507768
0.00105028
0.00862414
2.66872e-05
0.00511409
-0.000146289
0.00861445
2.70386e-05
0.00513444
-0.000146634
0.0042843
0.000217716
0.000191146
0.00128769
-5.11789e-05
-4.94348e-05
-4.90532e-05
-5.56608e-05
0.00524003
-0.0667167
0.00193164
0.00525331
0.0245721
0.0937315
-0.000630901
0.126575
0.0546473
0.000793399
0.0203372
0.0543898
0.00112232
0.063992
0.0308661
-0.00109619
0.0207206
0.0400974
0.00551632
0.0235415
0.0159641
0.0403711
0.0355556
0.0163042
0.000732033
0.028188
0.0628724
0.00282283
-0.000634047
0.126588
0.0245763
0.0932761
0.0546496
0.000791627
0.00115245
0.0639836
0.0203374
0.0543916
0.0309216
-0.00112996
0.00556203
0.0236352
0.0208068
0.0401677
0.0157261
0.0403743
0.000728851
0.0281954
0.0355554
0.016302
0.0628653
0.00282429
0.0661211
0.00117521
0.0542473
-0.000479817
-0.00159297
2.51285e-06
-0.0062419
-2.1593e-05
0.0490318
-0.000729437
0.0504744
-0.000384922
3.99982e-08
0.0102974
-3.0259e-07
0.000468253
0.013999
0.1164
0.000321066
-0.000277069
0.0165359
0.0609652
-0.00191327
0.0119995
0.0664087
0.00361291
6.74383e-08
0.00329555
0.0185159
0.0667013
0.104514
-0.0793672
0.0661233
0.00117417
-0.00624187
-2.17264e-05
0.0542537
-0.000481036
-0.00159194
2.65763e-06
0.049023
-0.000729548
-1.24925e-07
0.000468184
0.050481
-0.000388197
1.12313e-09
0.0102982
0.0136215
0.116356
-0.00191359
0.0119493
0.00017549
-0.000286763
0.0165394
0.0609463
0.0663769
0.00363638
0.10455
-0.0794187
-1.42993e-08
0.00331178
0.0185321
0.0667088
-0.000221492
0.00206836
-0.000208477
-0.0664829
2.11147e-05
2.18031e-05
5.26671e-05
2.09761e-05
7.06998e-05
0.00026913
3.85944e-06
2.96575e-06
0.00403795
0.000442359
0.0270847
0.00551201
-4.49833e-06
-4.4968e-06
0.00443974
0.00315923
0.00253874
0.0137252
0.00410508
0.00466571
-0.000732097
-0.000730947
0.000794283
0.00082422
-0.00432133
8.10376e-05
-0.00381499
-0.00164217
1.94546e-05
2.00565e-05
0.00168536
0.00168688
0.00916104
0.000878627
-5.68166e-05
-5.10064e-05
-0.000208536
0.00208484
-0.0569109
-0.000177208
7.29522e-05
0.00029837
3.82489e-06
2.94297e-06
0.000503012
0.0040278
0.0270926
0.00485934
0.00252894
0.0137251
0.00410514
0.00466571
8.02193e-05
-0.00447118
-0.0016357
-0.00385524
0.000880055
0.00912815
-5.08979e-05
-5.69161e-05
2.20504e-06
1.47657e-07
-2.0522e-08
-1.64472e-09
-0.00103022
0.00442894
0.00311073
0.00141284
3.34369e-05
3.23477e-05
-0.000271017
-0.00027075
0.00279177
0.00115358
0.00545517
0.00312897
-4.54647e-05
-4.7e-05
4.76644e-05
4.79978e-05
-4.60703e-05
-0.000376289
0.00823302
0.00664873
0.00490631
0.00490688
0.000790524
0.000790579
0.00356499
0.00356549
-0.000114248
-0.000113692
2.20334e-06
8.03841e-07
2.05616e-08
3.68912e-09
0.00403252
-0.0012808
0.0031124
0.00141139
0.00115401
0.00279363
0.00545649
0.00313383
-0.000370409
-4.53779e-05
0.00664833
0.00814646
0.0443128
0.0566677
-0.00121183
0.0437798
0.0658808
0.00302502
-0.00217267
0.0578358
0.015115
0.0178459
-0.00173274
0.00396152
0.0233974
0.0401476
0.00117751
0.0243937
0.0440562
0.0437972
-0.00120534
0.0566709
0.0233982
0.0243933
0.00118399
0.040145
0.0150647
0.00375406
-0.00218912
0.0177572
0.0658901
0.0578388
-0.0023005
0.00289595
0.000674838
-0.000620973
2.77387e-05
0.000893334
0.000672174
0.000891221
2.86884e-05
-0.000622099
-0.00690006
-0.00598057
3.36029e-05
0.00108151
-0.00689744
0.00108273
3.24516e-05
-0.00598155
0.0487132
0.0415657
-0.00501097
0.0039786
0.105275
0.0036959
0.00553817
0.0887226
0.105188
0.0886739
0.0052274
0.00369852
0.048711
0.00399937
-0.00501003
0.0415764
0.0892478
0.0765347
0.0615411
0.133059
0.064
0.0227132
-0.0927718
0.103602
0.0640412
0.103598
-0.092772
0.0227776
0.0892119
0.133074
0.0604089
0.0752373
0.0553252
0.0533047
0.00300439
0.00320955
0.0495217
0.00269961
0.0028757
0.0514182
0.0314895
0.0194122
0.00137797
0.000819095
0.0151081
0.00179251
0.00113909
0.0356947
0.0553321
0.00320893
0.00300626
0.053311
0.0151133
0.0357025
0.00113751
0.00178958
0.0314768
0.000809376
0.00137754
0.019418
0.049528
0.0514246
0.00287696
0.00269667
-0.000341879
-0.000348066
-0.000214992
-0.000456108
-0.000342856
-0.000457488
-0.000214441
-0.00034806
-0.000373071
9.94251e-06
-0.000101787
-0.000411275
-0.000370006
-0.000408457
-0.000102984
8.69473e-06
0.0735562
0.0686772
0.00882943
0.012458
0.125996
0.0976191
0.00742916
0.0733834
0.12595
0.0734116
0.00742901
0.0975942
0.0735518
0.0123815
0.00871939
0.0686839
0.0577473
0.0471
0.00262749
0.00446475
0.0307043
0.0266248
0.0139396
0.0597854
0.0656877
0.077619
0.00900405
0.0308376
0.0566616
-0.000191939
0.00458359
0.0725261
0.0577495
0.00446131
0.00262769
0.0470909
0.0566607
0.0725353
0.00457992
-0.000191634
0.0656541
0.0308375
0.00895585
0.0776036
0.0304285
0.0598119
0.0139343
0.0266232
0.00207456
0.000477487
0.00209226
0.00192951
0.00207301
0.00192971
0.00209235
0.000478207
0.00294916
0.000952557
0.0046009
0.00338098
0.00291281
0.00336119
0.00460087
0.00093726
-0.0547279
0.00458669
-0.000139091
-0.0829006
0.00197403
0.000790548
-6.59348e-05
0.00421516
0.00197623
0.004219
-6.5437e-05
0.00079097
-0.0547513
-0.0829266
-0.000138858
0.00458926
0.0880094
0.0634389
-0.036276
0.0367404
0.0880175
0.0367374
-0.0364698
0.0634462
0.0228326
0.0392474
0.00540489
0.0256579
0.0228327
0.0256513
0.0054166
0.0392475
0.000171864
0.00257919
0.00109602
0.000558805
0.000806827
0.00224047
0.00130118
0.00460752
0.00178365
0.000637958
-0.00013431
-0.000589689
0.00258366
0.000171557
0.00109591
0.000805481
0.000548841
0.0021446
0.00466591
0.00135094
0.00179411
-6.68911e-05
0.00049588
-0.000597564
0.000531448
-9.17476e-06
0.0533155
-0.000199835
-0.000178115
-1.18225e-05
0.0497044
-2.17189e-05
-1.72696e-05
0.00269453
-2.83558e-05
-0.00327112
-0.0011966
0.0270486
0.00135848
0.00611721
0.000531333
-0.000200976
-9.42883e-06
0.0527503
-0.00017827
-2.21828e-05
-1.17506e-05
0.0497038
-1.69317e-05
-0.00329798
0.00267846
-3.98881e-05
-0.00117544
0.00582143
0.0270244
0.00173324
-0.0200127
-2.16958e-05
0.0235735
-0.0146648
-2.21999e-06
-5.31637e-07
-0.000660288
0.0708033
-1.28063e-06
9.46257e-06
0.0552163
0.00113666
-1.35991e-05
0.00499841
0.0211812
0.00521593
-2.3601e-05
-2.36035e-05
0.000650441
0.160776
-9.42605e-05
0.00307147
0.0435907
0.000550198
0.000621443
0.00062532
0.00168931
0.0201421
0.00457237
9.6319e-06
-0.00238577
0.0455328
-3.02518e-05
-3.02169e-05
0.00071395
0.047216
-5.16165e-05
-0.00135302
0.0596447
0.00286349
-0.0209668
0.00106072
0.0260805
-0.0146632
-1.2682e-06
9.50331e-06
0.0551121
0.00113604
-5.75675e-05
0.00512615
0.0212607
0.00523328
-9.04738e-05
0.00307678
0.0436234
0.000548838
0.00468211
-3.81188e-06
-0.00242994
0.0457488
-3.33718e-05
-0.00135284
0.0596438
0.00285872
-6.85126e-07
2.94626e-08
0.0531472
-0.000169544
6.8551e-05
0.00136339
3.23159e-06
5.28269e-06
6.19693e-07
7.91702e-07
0.000113335
-2.42762e-05
-3.5824e-05
0.000809323
4.91769e-06
-0.00119351
8.01061e-06
7.53683e-06
9.2444e-11
-0.000113544
-0.000107645
0.00175748
0.00284122
0.00210902
0.000612787
0.000613267
-0.000121712
0.00138012
7.62693e-05
0.000106149
0.0330599
-0.0575259
1.80914e-08
-2.72382e-08
0.0531657
-0.000172809
6.41664e-05
0.00135954
-8.24001e-07
2.75369e-05
-4.06524e-05
0.000825221
1.82239e-05
-0.00152297
-7.52494e-05
0.00176952
0.00267668
0.00218479
-0.00233339
-0.00158037
-2.35825e-05
-2.5999e-05
-0.00233351
-0.00156625
-2.34627e-05
-2.59586e-05
4.60745e-08
-2.88293e-07
-3.41322e-07
2.78052e-06
-0.00245329
0.000949301
0.000948754
-2.48385e-05
2.23671e-05
-0.000221706
-0.0400514
2.17177e-05
-1.72589e-05
2.35012e-05
-6.97275e-06
0.00143342
-1.59855e-05
2.35631e-05
-4.69291e-06
0.00143267
1.06968e-06
-5.55112e-17
0
6.79426e-07
0.000225319
0.00116096
0.000958849
0.00022609
-0.0016334
0.000542625
-0.00299755
7.60726e-05
-0.00163267
0.000562081
-0.00299953
7.60129e-05
0.00111972
0.000115226
0.000121785
-0.00115002
9.98172e-07
-6.92181e-05
-6.91965e-05
-5.44981e-05
0.000255726
0.0582892
0.00158982
0.000258473
-9.57153e-05
0.00204575
0.00230939
0.0111515
1.12356e-05
-2.61521e-06
-0.000644461
0.0749331
-8.23962e-05
-1.03776e-05
0.0537838
0.000910179
0.000841559
0.000561704
0.0202353
0.0109254
-0.000223865
0.000339704
0.000979401
0.106133
0.00146656
0.00488587
0.0338515
0.000571063
0.000816495
-0.0216173
0.000941937
0.018929
0.00549184
1.05824e-05
0.00529434
0.00315217
0.00835361
0.00160623
0.00314872
-0.00498828
2.5599e-05
-0.00425309
0.0302837
0.0152995
-0.000256189
0.000211899
0.000619397
0.0281166
-0.000567974
-3.99866e-05
0.0543557
0.00268151
1.12797e-05
-2.6179e-06
-0.000647684
0.0748918
-3.54342e-05
0.000604083
0.00238486
0.0113814
-8.24704e-05
-1.03772e-05
0.0537857
0.000910154
-0.000188074
0.00037445
0.000623135
0.106268
0.000815519
0.000560834
0.0204099
0.0109481
0.00152566
0.00494814
0.0331909
0.000151432
0.00545624
4.63165e-05
0.0053549
0.00313497
0.000825757
-0.0204401
0.000845099
0.0190962
0.00837758
0.00165615
0.00328855
-0.00500965
-0.000275389
0.000212272
0.0006216
0.0281065
2.26994e-05
-0.00463
0.0299982
0.0156397
-0.000590603
-3.30933e-05
0.0543349
0.00268402
-0.00533997
1.92388e-08
0.0626445
0.00136292
-0.000171524
5.68768e-08
0.0548732
-0.000259991
-0.000442811
0.000727427
0.000206527
1.37271e-06
-0.000148393
-0.000390792
-0.00028718
-2.61726e-08
0.00505234
-1.24854e-05
0.0491365
0.000560002
-1.12827e-05
-1.23158e-09
0.0514389
-8.612e-05
-0.00108585
0.00155245
1.22487e-11
-0.00811658
-0.000334687
4.75784e-05
2.20499e-10
-4.83434e-05
-1.14126e-06
0.00188549
0.000718767
0.0707515
0.00671596
-0.000177958
-0.000115221
-0.000141117
-1.75603e-05
7.85365e-05
0.00267992
-0.00380163
0.0523303
-1.56254e-05
-8.16013e-05
0.00384127
0.000103083
-8.38894e-05
0.0488396
-0.00226719
0.010895
-3.4741e-05
3.71476e-08
-0.00124589
7.6033e-05
5.85531e-06
0.000271709
0.00285367
0.00958542
0.00548485
0.0388274
-0.0785326
-0.00533992
4.02573e-07
0.0626462
0.00136121
-0.000148802
-0.000390887
-0.000287153
0
-0.000171268
4.3091e-07
0.054887
-0.00026234
-0.000439762
0.000725693
0.000207215
1.178e-06
0.00505343
-1.36026e-05
0.0491377
0.000559886
-0.000334753
4.67065e-05
-6.02367e-09
-4.84219e-05
-1.12448e-05
-3.92523e-17
0.0514435
-8.79541e-05
-0.00107142
0.00157296
5.76877e-10
-0.00811402
-3.12561e-05
0.00189346
0.000793522
0.0707643
0.0522781
-1.15853e-05
-0.000124572
0.00386771
0.00671198
-0.000177996
-0.000120185
-0.000134375
-3.29998e-05
8.64361e-05
0.00268087
-0.0037886
9.68509e-05
-7.81356e-05
0.0488631
-0.00226488
0.00966856
0.00545786
0.0387478
-0.0786618
0.0108716
-3.46793e-05
7.38433e-08
-0.00125126
2.01403e-05
7.07822e-06
0.000298972
0.00284875
0.00210763
0.00373976
-0.000317279
0.00213842
-0.0569176
0.0400465
5.40548e-05
-6.02127e-05
6.85382e-06
-3.21669e-06
-9.83339e-08
2.86326e-07
-0.0723747
-0.0404749
4.03322e-05
8.09799e-06
-0.000698511
-9.39996e-05
-0.00182749
-7.57715e-06
-0.000143438
2.14166e-05
6.86587e-08
3.00741e-06
0.00013732
0.000902591
0.00242692
-0.000407314
6.09912e-05
0.00488145
0.000340358
0.00441114
-1.97496e-05
0.00145249
-7.60855e-06
-8.92885e-06
0.00320402
-0.00282951
-0.000207635
-0.000189402
-0.00434982
-0.0104171
0.00144986
-0.00377517
-0.00208797
0.000160268
-0.0016695
2.36301e-05
-5.75212e-05
-6.69909e-05
2.91437e-05
2.9104e-05
0.0139325
0.107854
0.000547718
0.000532955
0.00244603
-0.000162566
-0.000223699
-0.00179672
0.00176791
0.000352909
-0.00795147
-0.00109667
3.80147e-06
-5.12443e-05
-0.000100028
-0.000100007
8.4329e-06
-9.41571e-07
0.000247295
0.000267929
0.00154718
3.92973e-05
0.00108874
0.0012644
0.000503515
0.000117299
-5.40657e-05
7.34364e-07
0.00221157
0.00378588
-0.00030441
0.00215064
-0.0569266
0.0400462
-0.00484612
5.40288e-05
-0.000699592
-8.04373e-05
-0.00182471
-1.16672e-05
-0.000145239
2.13412e-05
3.31346e-08
3.00738e-06
0.000195303
0.000896224
-0.000417657
0.00242538
2.83928e-05
0.0048568
0.000352945
0.00481062
-0.00437833
-0.0104168
0.00145534
-0.00377444
-0.00208558
0.000173532
-0.00166926
2.37507e-05
0.00241762
-0.000161923
-0.00180072
-0.000222674
0.0017847
0.000305527
-0.00107985
-0.00792733
0.0015449
3.46935e-05
0.00126894
0.00110703
0.000507178
0.000117033
7.59562e-07
-5.4042e-05
-0.000760511
0.00112935
8.17905e-07
8.22186e-07
-0.000252104
-0.000168438
2.48253e-17
0
0.00177346
-0.00414313
-0.00171679
6.10712e-05
2.63986e-08
-1.7801e-07
4.45333e-05
0.00176774
-0.00587207
-1.24044e-09
-7.01215e-07
-7.71089e-07
5.55112e-17
-5.55112e-17
-2.5195e-06
-2.32874e-06
-8.27404e-06
3.87033e-07
-1.82764e-05
0.00119477
-0.00326024
-0.000426998
-0.000658801
0.000551378
1.89918e-11
-2.99647e-10
3.69984e-06
4.65419e-06
0.00054187
-0.000441662
3.73881e-07
3.08132e-07
0.00605417
1.5722e-05
8.61242e-05
0.000221634
0.0581228
-0.000240732
0.00160122
0.0012725
-3.02821e-06
-0.000749506
-1.8306e-05
-1.92071e-05
0.00473941
4.97753e-05
4.81286e-05
4.81362e-05
0.0130616
7.66622e-06
0.00102991
0.00103014
-4.81003e-05
-4.33474e-07
-2.24108e-06
-2.45771e-06
-0.000758591
0.00113222
8.17022e-07
8.13236e-07
-0.000253509
-0.000169294
-4.96507e-17
3.68912e-09
0.00151818
-0.00439633
-0.000199715
-0.00195934
8.29192e-08
-2.02737e-07
4.43022e-05
0.00176783
-8.40222e-08
-2.08549e-07
0.00119451
-1.92238e-05
-0.0035884
-0.000427504
-0.000658848
0.00055144
0.00586344
1.67423e-05
0.00022324
8.61469e-05
0.0581247
-0.000239782
0.00127251
0.00164442
0.00770307
0.000516359
7.19493e-05
-0.00189545
0.00497402
-0.00179929
-2.82822e-05
-0.00168207
0.00319161
0.00043445
0.00254525
2.45557e-05
0.00948971
0.00231526
7.88902e-05
0.00210247
0.00769591
0.000513835
7.17631e-05
-0.00189529
0.00943228
0.00243325
7.76882e-05
0.00209379
0.00313138
0.000275441
0.00239431
-0.000140498
0.00497443
-0.00179913
-3.85913e-05
-0.00168345
6.95577e-06
-0.000110767
1.69248e-05
-3.40646e-06
7.01008e-06
-0.000111196
1.68628e-05
-3.41371e-06
-0.000179503
-0.00595248
-1.97032e-09
2.60104e-05
-0.000178277
-0.00595248
-9.66122e-12
2.60842e-05
0.000228874
0.0116487
-0.000231902
0.00290482
0.000587601
-0.00109714
0.000332262
0.000365391
0.000596879
-0.00111088
0.000315411
0.000365119
0.000230046
0.0116564
-0.000232238
0.00295317
-0.0407305
-0.0313935
-0.000134529
1.62699e-05
0.0210967
0.00203916
0.0826146
4.90429e-05
0.001993
0.0200641
3.34343e-05
0.0783941
-0.0315882
-0.0405085
1.66081e-05
-0.000103265
-0.00059898
1.36885e-06
1.38836e-06
0.000923463
-0.000924168
4.14991e-08
1.40446e-07
0.0013451
-6.35824e-08
0.0105004
-0.000102373
-0.000102974
-0.000142078
0.00717475
-0.000227828
-0.000140165
-0.000597103
1.59001e-06
1.38758e-06
0.000924792
-0.00014428
0.00715773
-0.000228914
-0.000143091
4.98839e-08
0.0104885
-0.000102779
-0.000103563
-0.000921888
1.51291e-09
6.33785e-10
0.00134198
-0.000212327
4.09221e-05
-2.7238e-09
-0.000276578
4.08753e-05
-0.000213032
-0.00027684
2.67227e-09
-1.18901e-07
-0.000293991
-6.1649e-05
-9.93014e-17
-0.000293354
-1.19564e-07
-8.42807e-10
-6.02502e-05
0.0569104
0.00693366
-0.000285181
0.000464786
0.0498277
0.0118743
-0.000171235
-0.000638126
0.0118061
0.0498286
-0.000640173
-0.000106113
0.00703783
0.05692
0.000464847
-0.000883468
-0.000501364
0.000791182
0.000295535
-0.00332103
-0.000492715
-0.00112876
0.00168012
-0.00137152
-0.00014742
0.00466037
0.000139581
1.42933e-06
0.00100221
1.94708e-05
-0.00107669
0.00170502
-0.000478285
0.000792486
0.000256826
-0.00331867
0.00103039
1.97823e-05
-0.00107463
0.00172047
-0.00020094
0.00466139
0.000127583
-3.39477e-06
-0.000510976
-0.00112645
0.00165167
-0.00146336
-0.000911393
0.000570653
9.44248e-05
3.23664e-05
-0.000912016
0.000570667
9.44851e-05
3.21388e-05
-3.25539e-05
-0.0012518
5.18754e-07
5.47294e-05
-3.25158e-05
-0.00128738
5.12072e-07
5.45729e-05
0.00054456
-5.26127e-05
5.14398e-07
0.000107796
1.45032e-05
0.000126091
0.000112577
-5.07629e-05
1.62184e-05
0.000126153
0.000113011
-5.06735e-05
0.000533772
-5.22864e-05
5.05605e-07
0.000107349
0.0280114
-7.24726e-05
-0.0254624
0.0019661
-7.24584e-05
0.0278732
0.00403822
-0.0257624
-2.39661e-06
-1.75188e-07
0.00156276
-2.82796e-06
-1.15383e-07
-7.83653e-06
-0.00033307
0.00153434
0.00180157
0.00471072
-0.000652603
0.0471886
0.0311273
0.000721891
0.0173369
0.0111949
0.0015164
0.0611791
0.0194798
4.27425e-05
0.000607983
0.010808
0.0081907
0.0130375
0.0067535
0.0127676
0.013206
0.00793005
0.000602995
0.0145007
0.0414971
0.00157003
-0.000655765
0.0471643
0.00192375
0.00475067
0.0312528
0.000721754
0.000453452
0.0612011
0.0175215
0.0111979
0.0196423
4.2634e-05
0.00822032
0.0131137
0.000758847
0.0109545
0.00677759
0.0127545
0.000599045
0.0144801
0.0133228
0.00792989
0.0415109
0.0015688
0.0293314
-0.000548634
0.0545807
-0.000108375
-2.19642e-06
-8.99254e-07
0.000213455
-4.83687e-05
0.0438833
5.32082e-05
0.0505729
-5.34521e-05
5.27246e-08
-0.000749381
2.36152e-10
-0.000194884
0.00262638
0.000939198
1.50488e-05
2.00302e-05
0.00270669
-0.0047543
0.000421159
2.41846e-05
0.0337944
-0.000673935
-4.04436e-07
0.000202626
-0.000457759
0.00708334
0.0488499
-0.0791981
0.0292203
-0.000549159
0.000213079
-4.80513e-05
0.0545596
-0.000108674
-2.12807e-06
-8.87497e-07
0.0439706
5.31292e-05
2.29493e-08
-0.000195032
0.0505718
-5.56919e-05
-2.53314e-10
-0.000748083
0.00261092
0.00101157
0.000459894
1.19715e-05
-3.63949e-06
1.76618e-05
0.00267435
-0.00478924
0.0337792
-0.000675568
0.0486538
-0.0791487
2.35959e-07
0.000197729
-0.000516398
0.00730643
0.00337343
-0.0263273
0.0244428
-0.052263
0.00227774
0.00029625
0.0179222
-0.00265309
-0.000642226
0.0649507
-0.000645376
0.064944
6.31256e-08
6.08989e-07
0.00231451
0.00231322
0.0558478
0.00102123
0.0579149
0.0012477
-0.00277417
-2.74791e-05
5.05488e-08
2.57032e-06
0.0210362
0.00619683
0.0276472
0.00439642
0.000739174
-0.000187489
9.93967e-05
0.000963757
0.000667028
0.139248
0.000285146
0.139298
-2.039e-05
-2.02659e-05
0
-5.58838e-09
0.0361486
0.000729113
0.0475388
0.000664046
-0.000715302
-0.00401006
-0.00046154
7.80789e-05
0.00363055
0.00310285
0.00363794
0.00311508
0.0010418
0.00104198
-0.00621554
-0.00621532
0.00768287
0.0204917
-0.00271119
0.064239
0.00169946
0.00083458
-0.00238476
0.00171545
0.000712122
0.0382398
0.000712138
0.0382319
-6.04289e-05
-6.042e-05
0.000188496
0.000188783
0.0607079
0.00407362
0.055386
0.000484756
0.000237294
1.89075e-05
1.09085e-05
6.39128e-05
0.00191894
-0.0282505
0.0177096
-0.0510005
0.00244957
0.000422524
-0.00283122
0.0186026
0.055852
0.00102162
0.0579191
0.00124681
-0.00277409
-2.75682e-05
4.19503e-08
2.59065e-06
0.0209934
0.00618859
0.0276434
0.00439817
-0.000123236
0.000787666
9.24796e-05
0.000973501
0.0362269
0.000728249
0.0475758
0.000663772
-0.000700582
-0.00403189
-0.000459341
7.99806e-05
0.00775159
0.020681
-0.00270916
0.0642726
0.00100217
0.00252547
0.00172154
-0.0023187
0.0606108
0.00408852
0.0553729
0.000476865
1.16929e-05
0.000236697
6.66216e-05
1.36799e-05
0.0540079
-0.000215608
0.052292
-0.00012817
-1.23201e-07
-1.66417e-10
1.72654e-08
-7.4476e-17
-3.11464e-05
-3.20156e-08
5.00743e-05
3.72599e-07
5.10257e-07
0.000754826
4.60669e-05
0.00155399
0.000117184
0
0.000117237
1.11022e-16
1.22887e-06
1.09836e-06
2.88929e-05
2.88725e-05
2.87916e-07
-0.00501062
-1.14898e-05
-0.000225288
-2.88598e-05
0.00106683
-0.000155899
0.000983012
1.11906e-10
-8.75804e-05
6.88913e-11
-8.74954e-05
5.72641e-06
6.48847e-06
-4.38633e-07
-9.03672e-07
-0.00029812
-0.00344308
0.00221751
1.78073e-05
-0.00212933
0.00355531
0.00131718
-0.000100876
-0.000289248
0.00182588
-0.00033561
0.0018682
3.6492e-05
3.64877e-05
0.000228851
0.000234467
0.0331735
-0.05755
0.0331951
-0.0575047
0.000137981
0.000138409
-8.33122e-07
-8.1146e-07
0.0540262
-0.000219143
0.0523052
-0.000129827
-1.25372e-07
1.07021e-11
-1.70377e-08
7.4476e-17
-3.11502e-05
-4.48799e-08
4.99017e-05
3.78167e-07
0.000733074
4.11346e-07
5.64879e-05
0.00156512
-3.57647e-07
-0.00500929
-7.95389e-06
-0.000225172
0.00108324
-2.15078e-05
-0.000483701
0.00065719
-0.000325142
-0.00345183
0.00219908
2.2736e-06
0.00341396
-0.0022996
-0.000113197
0.00132069
-0.00210346
-1.9515e-05
-0.00218286
-0.000216424
-0.00131781
-0.00213645
1.89443e-05
-0.00298082
-0.00210303
-1.94648e-05
-0.0021719
-0.000206058
-0.00213609
-0.00119326
-0.00193171
3.05157e-05
-1.94311e-07
-2.76468e-08
5.38987e-08
2.93446e-06
4.50179e-08
2.93617e-06
-5.22506e-07
-5.30852e-07
-0.00033898
-0.000339261
-0.00373794
-3.40868e-06
0.000152538
-0.00373792
0.000686317
0.000785996
0.000284074
-0.0400533
-9.28559e-05
0.000478961
-7.57787e-06
-7.796e-06
-0.0399897
0.000405954
2.27065e-05
-2.28121e-06
4.25301e-05
0.00174358
-1.63697e-05
0.00131473
7.13249e-05
0.000132281
2.21255e-05
-1.97367e-06
4.26085e-05
0.00174314
0.00131371
-1.55464e-05
0.000132085
7.13117e-05
2.77556e-17
-2.77556e-17
-7.2491e-07
-8.24658e-07
2.18349e-06
2.86193e-06
-2.77556e-17
-1.11022e-16
0.000928835
0.00132824
7.8486e-05
0.00012007
0.000620259
0.000620561
0.00132847
0.000984455
0.00257789
0.000159207
4.05372e-05
-0.00409113
0.000931154
0.000617441
-0.00028244
-0.00149734
0.000100023
0.00275628
4.04349e-05
-0.00409206
0.00062378
0.000954388
-0.000279417
-0.001491
0.000454949
0.000454954
-0.000979052
0.000599737
-0.000988181
0.000601885
2.79904e-05
2.33683e-05
-0.000105477
-0.000105468
-5.42141e-05
1.00566e-06
9.93771e-07
-5.41988e-05
-3.54101e-05
-3.5431e-05
0.0398565
0.00162955
-0.00840386
-0.00830839
0.000290661
0.000298578
0.039968
0.00165797
8.95892e-05
0.000239501
-0.00457148
0.00716104
-9.32318e-05
1.381e-05
0.0164097
-0.00322948
0.0122464
-0.00266486
8.03298e-06
-2.91719e-06
-0.00016543
0.00272952
9.51741e-05
-0.000185449
0.000374443
1.57042e-05
-0.000899834
0.000117223
-0.00174664
0.0130341
0.00116972
0.00203894
0.000680799
0.00116301
-0.00151946
0.000691157
0.00807463
-0.00109258
0.0188685
2.33696e-05
0.00848911
0.00388051
0.000486788
-0.000124141
0.00631361
7.81302e-07
0.000200511
0.00230029
-1.41662e-05
0.000118411
0.00031772
0.00126965
0.00109524
0.00116776
6.03491e-05
4.26106e-06
-9.32504e-05
1.36828e-05
0.0164315
-0.00321218
0.000222861
0.000242711
-0.00452795
0.00804733
0.0123739
-0.00266483
8.0836e-06
-3.05776e-06
0.000374412
1.55876e-05
-0.00106228
0.000128659
-1.61031e-05
0.00272577
0.000107232
-0.000178201
-0.00156058
0.0121803
0.00120755
0.00207784
0.00804402
-0.00109272
0.0188863
-1.53188e-06
0.000704253
0.00109324
-0.00121935
0.000633747
0.00860066
0.00387485
0.000498219
-0.000132139
-3.18957e-05
0.000120294
0.000313305
0.00126653
0.00503113
-2.24658e-06
0.000200752
0.00219225
0.00110929
0.00109299
6.16917e-05
5.60311e-06
-0.00861778
-0.00454433
-0.00601818
-1.21754e-09
-6.3689e-07
-3.75993e-07
3.085e-07
-1.24985e-07
-0.00021952
0.000277513
-0.000519129
0.000824514
-0.000335738
1.42713e-05
-0.000154983
-0.000338581
0.0211848
0.00100276
0.00309429
0.000243415
-3.76659e-08
7.4476e-17
-4.29255e-07
-8.93798e-10
-0.00100563
0.00145891
0.00386487
-0.00472022
-0.000314358
-6.049e-06
0.000162497
3.49971e-05
9.66104e-05
-0.00140528
0.0316983
-9.7478e-05
0.00551963
4.64212e-05
0.00702227
-0.000268572
5.26146e-05
-0.00872612
-0.000328697
-0.00047633
0.0354779
-0.00112727
0.0586146
0.000121185
0.000262769
0.00025284
0.000197656
3.91282e-05
0.0109395
-2.0913e-05
0.00955149
-0.000894974
2.42841e-05
5.04677e-05
0.00847853
0.0017743
0.0496034
0.00195195
0.000565849
-0.000128686
-0.00861444
-0.00454435
-0.00601854
-1.21749e-09
-0.00033592
1.40759e-05
-0.000155169
-0.00033861
-6.4101e-07
-3.78961e-07
0
1.23881e-07
-0.000218674
0.000276614
-0.000516853
0.000823762
0.021191
0.000993772
0.00309464
0.000242711
-0.000314911
-7.29815e-06
0.000162179
3.43538e-05
1.76043e-10
1.24127e-16
-7.34399e-07
2.48253e-17
-0.00100355
0.00144701
0.00220302
-0.00471921
0.000238896
-0.00142987
0.0316865
-0.000135569
0.0355067
-0.00112523
0.058698
-1.28814e-05
0.00549065
4.08829e-05
0.00702568
-0.000267455
5.47836e-05
-0.00874813
-0.000344456
-0.000491448
0.0002921
0.000222505
0.000201927
2.82762e-05
0.0495947
0.0019098
0.000557453
-0.000128945
0.0109426
-1.9627e-05
0.00954656
-0.000941363
2.37392e-05
4.12163e-05
0.00848215
0.00178359
-0.00203011
0.00592948
0.00793825
0.00243336
-0.0242071
0.0395656
1.00887e-05
-0.0190277
6.95663e-06
-3.35203e-06
-3.35304e-06
6.95879e-06
-0.039285
-0.0663276
-0.0662972
-0.0386805
-0.000186816
-8.76992e-07
-0.000792492
-0.000151935
1.90898e-05
-0.000127553
-0.000160846
2.37764e-05
0.000556624
-0.000608028
0.000580667
5.84292e-05
0.0449316
0.000516757
0.00182417
0.00139991
-1.18286e-05
0.000843219
0.000843166
-1.2605e-05
0.00316204
-0.0120596
-0.01133
0.00386158
-0.00405406
-0.00790752
0.000810068
-0.00276688
0.00121902
-0.00319356
-0.00138655
0.000482229
6.66704e-05
0.000424504
0.000425337
6.66704e-05
0.00449052
0.0886225
0.0886591
0.00442728
0.00449279
0.000663674
9.52934e-07
-0.00188982
0.00702854
0.00253184
-0.000681441
0.000647159
3.88903e-06
-5.10256e-05
-5.10175e-05
3.92599e-06
-1.04817e-05
-2.14501e-05
-2.3958e-05
-1.08292e-05
0.00432189
-0.000121049
2.4664e-05
0.00030356
0.000549503
0.000114631
0.000117454
0.000290319
0.00591693
-0.0020307
0.00242604
0.00793109
0.00039043
-0.00477593
0.0398128
-0.0235368
7.88636e-07
-0.00022126
-0.000159364
-0.000804368
-0.000128401
1.91357e-05
2.37683e-05
-0.000162588
1.95523e-05
0.00057853
-0.000620362
0.00057499
0.000458554
0.045023
0.00177058
0.00220868
-0.00790098
-0.00409262
-0.0027711
0.000812048
-0.00319476
0.00121905
0.000482198
-0.00138418
-0.00190366
-2.79661e-06
0.000901319
0.00457605
0.000637878
-0.000537457
0.0024977
0.0070216
0.000292165
-4.52688e-05
-8.32807e-05
0.00432913
0.000290803
0.000117795
0.000114403
0.000546547
-0.000680783
0.00102009
0.00123666
-0.000842478
-0.00022254
-0.000231946
-0.000272729
-0.000114344
0.00191693
-0.00181121
-0.000122268
0.000634663
-3.14243e-07
-4.03111e-08
1.84082e-08
-7.86073e-05
-0.00591992
-1.2532e-09
-1.25315e-09
-0.00591996
3.27559e-05
2.77556e-17
-2.77556e-17
3.27053e-05
4.60369e-08
2.80988e-08
-4.82724e-08
-5.94265e-06
-0.000284021
-0.00407566
-0.00392159
-0.0014536
-2.43839e-07
1.20783e-08
-4.09025e-10
-2.85103e-07
0.00056013
0.00127698
0.00127698
0.000560167
0.00928245
2.21116e-05
1.20828e-05
-0.000948085
0.0576163
0.000374558
0.000626039
0.053022
0.000211066
-0.000226825
-0.000130362
0.000161091
0.000155887
0.00488428
0.00492311
9.28975e-05
0.0127891
-0.000193218
-0.000191807
0.0127716
-1.32252e-06
-4.96693e-05
-4.98804e-05
-1.52375e-06
0.001022
-0.000678959
-0.000840518
0.00123902
-0.000233328
-0.000223077
-0.00011548
-0.000273752
0.000626743
1.7501e-05
-0.0018084
0.0019147
-2.26562e-08
-9.82939e-08
-7.98581e-05
-8.17852e-09
-2.14589e-06
9.45878e-08
1.76063e-07
-8.0468e-09
-0.00407583
-0.000285038
-0.00144467
-0.0039241
-0.000840678
1.05684e-05
2.15395e-05
0.00928453
0.0530074
0.00062574
0.000346428
0.0576679
0.0168008
0.0498364
0.0101617
0.0025192
0.0542735
-0.0027506
-0.00228101
0.0521532
-0.00366764
-0.00178691
-0.00200349
-0.00216599
0.0182934
0.00284664
0.00652142
0.00408917
0.0369073
-6.92608e-05
-0.00573772
0.0475786
-1.33698e-05
0.00184554
0.000242634
0.000458819
-0.000811842
-0.000481511
-0.001238
-0.00288235
0.0580581
0.0555855
-0.00150712
-0.0014232
0.00282659
0.00208264
0.00440698
0.00570593
-0.00304019
0.003809
0.00349006
-0.00105177
-0.000707502
-0.00575051
0.00227672
-0.00110844
0.0010789
-1.55355e-05
0.000602543
0.00159825
0.00269366
0.000192001
0.0102462
0.010915
0.0258157
0.00748488
0.0102184
0.0141981
-0.00227166
-0.00205811
0.0023689
0.00346483
0.00556856
0.00849252
0.00190793
0.00285574
0.0168636
0.00254979
0.0102218
0.0499092
0.017634
0.0041321
0.00656917
0.00211749
-0.0036593
-0.00215852
-0.00200191
-0.00172054
0.0542789
0.0521564
-0.0022939
-0.00276089
0.00265947
0.011017
0.0102739
0.000128646
0.00562135
0.00272893
0.00197454
0.00861052
-0.00227168
0.00347044
0.00236709
-0.00205929
0.0284106
0.0147918
0.0101514
0.00754998
0.00280586
0.005684
0.00436399
0.00213261
0.00107692
0.00146423
0.000517428
-1.85978e-05
-0.000644964
-0.000939137
0.00226081
-0.00580889
-0.00307894
-0.000979183
0.00347482
0.00380925
0.0367404
0.0475843
-0.00573549
-7.0207e-05
0.0580631
-0.00141465
-0.00151079
0.0555881
-0.000795773
-0.0030094
-0.0012442
-0.00048081
-1.5618e-05
0.000458115
0.000240959
0.0017168
0.000658346
-0.0007323
-9.5287e-05
0.000823075
-0.000650846
6.86304e-06
2.19808e-05
-0.000630753
-1.90397e-07
2.02668e-05
1.45941e-05
-3.4296e-06
0.00107899
0.000962521
-0.000122194
-0.000135444
0.000656521
0.000822839
-9.55041e-05
-0.000735342
0.00107888
-0.000136777
-0.00012283
0.000962853
-1.39106e-07
-3.15483e-06
1.45855e-05
2.02828e-05
-0.000652065
-0.000634058
2.18881e-05
7.35475e-06
-0.000135821
-0.000375955
-0.00606875
-0.00540974
0.000116415
-0.00589466
-0.00592319
-6.98098e-05
2.42516e-06
2.55599e-05
2.49297e-05
-6.13107e-07
0.00119405
0.00130401
-0.000171047
-0.000151341
-0.00013417
-0.00540901
-0.00606804
-0.000375754
0.0011948
-0.000149412
-0.000169563
0.00130552
2.44673e-06
-6.52217e-07
2.49291e-05
2.56009e-05
0.000116138
-6.96857e-05
-0.00592305
-0.00589476
0.0288764
0.00462561
0.0106254
0.0112961
0.0340875
-0.00119158
0.0101653
0.00424019
-0.00279102
-0.000809584
0.00134501
-0.00624603
0.00339285
0.00436241
-0.00102929
0.000551622
-0.000886977
0.0421
0.0186569
0.0482429
0.000238352
1.93645e-05
-0.000367129
-0.00127339
0.0011741
-0.000199445
-0.000401879
-0.000410983
0.054392
0.0744592
0.000872679
0.000862012
-0.0008992
0.0483934
0.0186547
0.0418569
0.0543193
0.000871672
0.000868144
0.0744346
0.00125211
-0.000385244
-0.000517731
-0.000122922
0.000208695
-0.00139508
-0.000556454
-3.34792e-05
0.0291128
0.0113657
0.0105839
0.00461521
0.00339593
0.000552036
-0.001019
0.00438648
-0.00279204
-0.00623292
0.0013556
-0.000809584
0.0342278
0.00425732
0.0101477
-0.00117951
0.0235566
0.00779058
0.0299934
0.0802014
-0.00842101
-0.0405044
-0.0329497
-0.0564201
-0.000468277
-0.0403673
0.041696
0.0401814
0.0658165
0.0697741
-0.0295918
-0.0693106
0.00808241
0.017617
0.0219061
0.0147061
-0.000112193
0.00237291
0.00327563
0.00367378
-0.0399818
-0.0200523
0.0773061
0.0998904
-0.00942871
0.0341476
0.0612874
-0.0524121
0.00817593
0.0145698
0.0218624
0.0180214
-0.00797457
-0.0548098
0.0589585
0.0350354
-0.0399822
0.0998827
0.0749491
-0.0224454
-0.000119199
0.00370474
0.00324896
0.00235626
0.0235783
0.0788964
0.0301563
0.00800948
0.0658123
-0.0692965
-0.0295675
0.0697699
0.00074866
0.0399877
0.0422658
-0.0400662
-0.00939681
-0.0567446
-0.0324646
-0.0401785
0.0539481
0.0549777
-0.000558882
-0.000479414
0.0535745
-0.000720673
-0.000639852
0.0544414
1.37655e-05
4.35363e-05
0.000971577
0.00108977
5.73079e-05
0.000776322
0.000873938
4.52997e-05
0.0501376
-0.00104586
-0.000964994
0.0510068
-3.23598e-05
-2.32278e-05
0.00140189
0.00149539
-1.78644e-05
0.00117831
0.00128843
-1.73863e-05
0.0527196
0.0518651
-0.000883291
-0.000801537
0.0137297
-0.000125101
0.0105579
0.011089
0.00296667
0.00766388
0.00992701
0.00125765
0.0013814
0.00125475
-4.00951e-05
9.53688e-05
0.000906427
-2.90513e-05
-0.00010448
0.00112835
0.00294772
0.00687569
0.00710364
0.00299794
0.00145862
0.0016606
-0.000262165
-0.000226488
0.00168787
0.000186139
-0.00010865
0.00183535
0.000979715
-0.00143914
0.00277076
0.00264461
0.053655
-0.00047558
-0.000556787
0.0553815
6.02492e-05
5.04022e-05
0.000874283
0.00077464
1.44243e-05
0.0010922
0.000973241
4.34352e-05
0.053596
0.0544566
-0.000637992
-0.000718815
0.00294286
0.00298731
0.00710339
0.00687527
0.000883925
0.00255145
0.0027583
-0.00143724
0.00168734
0.00183529
-0.00010881
0.000185471
0.00146224
-0.000224603
-0.000263375
0.00166623
0.0136888
0.0110881
0.0105102
-0.000158459
0.000918258
0.00113474
-8.80422e-05
-2.63052e-05
0.00138074
9.58553e-05
-4.11804e-05
0.00125407
0.00289867
0.00125343
0.00992515
0.00758103
0.0501358
0.0510078
-0.000962835
-0.0010383
0.0527355
-0.000799554
-0.000881203
0.0518743
-1.64739e-05
-1.73952e-05
0.00128941
0.00118101
-3.10462e-05
0.00152458
0.00139493
-2.07159e-05
-0.000220449
-0.000184334
-0.00018513
-0.000184101
-1.16312e-05
1.316e-05
-0.000268918
-0.000364686
1.72384e-07
-0.0001955
-0.000249559
-1.6222e-06
-0.000191057
-0.0002378
-0.000222136
-0.000241869
-0.000220949
-0.000185589
-0.000185575
-0.000184242
-0.000194423
-0.000243418
-0.000223148
-0.000240742
-7.26163e-08
-1.5767e-06
-0.000249959
-0.000196185
-1.15594e-05
-0.000364748
-0.000269088
1.32719e-05
-3.88805e-05
-0.000324837
-0.000304451
-7.18331e-05
6.6317e-06
4.69929e-06
-3.44783e-05
1.97043e-05
1.43146e-06
-0.000142387
-8.85644e-05
2.94141e-06
-0.000151318
-0.00010889
-0.000283872
-0.000263631
-3.76665e-05
-6.97758e-05
-0.000303856
-0.000324518
-0.00014863
-0.000262416
-0.000283042
-0.000107146
1.96581e-06
3.75771e-06
-8.72976e-05
-0.000141391
7.24965e-06
2.07648e-05
-3.31406e-05
5.58485e-06
-0.00455256
-0.00429249
0.0587545
0.0631269
-0.000951724
0.0594898
0.0573271
-0.00371189
0.00129021
0.00013655
0.000577469
0.00146797
0.00182207
0.00270738
0.00589806
0.00486587
0.0217784
0.0717623
0.0590022
0.0068721
0.0331445
0.0136459
0.0121862
0.0374594
0.00137456
0.00147964
3.81229e-05
0.000811549
0.000978373
0.00142477
0.0514226
0.0562543
0.0217436
0.00683565
0.0589775
0.0717489
0.00097467
0.0562437
0.0514262
0.00141481
0.00137505
0.000812562
3.75799e-05
0.00148037
0.0331795
0.0374486
0.0121467
0.0136457
-0.00459629
0.063144
0.0587743
-0.00429439
0.0018418
0.00488565
0.00593032
0.00274349
0.00131814
0.00151547
0.000501723
0.000122842
-0.000943661
-0.00372479
0.0573521
0.0594994
0.0463387
0.073604
-0.00327291
-0.00478672
0.045671
-0.00413014
-0.00222075
0.0499751
0.000169064
-0.000952915
-0.00531418
-0.009203
-0.00348099
-0.00495324
-0.00677634
-0.00444413
0.0252574
0.0187696
-0.00202987
0.0243449
0.0211175
0.00192357
0.00220099
0.0239974
-0.00225307
-0.00783093
0.00216813
0.00344834
0.0369977
0.0411807
0.00191943
-0.00611346
0.0273582
0.0503927
0.00601998
0.0257709
0.0609893
0.00353348
0.00414598
0.0579045
-0.000717181
0.00049528
0.000289313
0.00132026
0.025415
0.0289831
0.000283767
-0.000255302
0.0306743
0.0104604
0.00527159
0.0448958
0.000640326
-0.00284215
0.00258529
-0.000754599
-0.00220102
0.000818811
-0.000904389
-0.000786913
0.0575302
0.0521592
0.00057803
0.00159808
0.0463999
-0.00477834
-0.00326982
0.073609
-0.00364513
-0.00460836
-0.00677517
-0.00494018
0.000177533
-0.00919886
-0.00531087
-0.000953026
0.0457317
0.0499817
-0.00221397
-0.0041395
0.0306615
0.0449027
0.00528291
0.0104589
0.0575276
0.00158673
0.000409755
0.0521566
-0.00219862
-0.00078208
-0.000894295
0.00079569
0.000477904
-0.000756701
0.00258244
-0.00300753
0.0273685
0.0257836
0.00606274
0.050409
0.0254543
-0.000244448
1.34426e-06
0.028981
-0.000708865
0.00133772
0.000298885
0.000488496
0.0609403
0.0578584
0.00413614
0.00353308
0.025335
0.0244445
-0.00194966
0.0189348
0.0370225
-0.00609759
0.00184817
0.0412325
-0.00225301
0.00344246
0.00209367
-0.00778023
0.0211651
0.0235784
0.0021922
0.00195359
-0.00017365
4.54749e-05
0.00155796
0.00404279
-0.000100956
0.000551441
0.00060299
-3.40669e-05
-0.00102019
-0.00103815
0.000719899
0.00154025
0.00123157
0.000699875
-0.00202893
-0.00353779
-0.000175152
0.00404264
0.00155779
4.5039e-05
0.0012337
-0.00353726
-0.00203
0.000699076
-0.00101951
0.00154025
0.000719818
-0.00103131
-0.000101415
-3.48169e-05
0.000602558
0.000551184
0.00131843
0.000290293
0.0009586
0.00119646
0.000424902
-3.09343e-05
-2.13384e-05
0.000460647
0.00106861
0.000351481
0.000449946
0.00129717
0.000626032
0.00312039
0.000151062
-0.00157652
0.00166204
0.00115655
0.000939603
0.00142988
0.000624976
-0.00157917
0.000129203
0.00307896
0.00107532
0.00129714
0.000449846
0.000344792
0.000637064
0.00082952
-2.12489e-05
-3.0843e-05
-0.0398275
-0.000951426
0.000511885
-0.0668103
0.0017542
0.000490131
0.000561939
-0.00165228
-0.000106637
-1.89486e-05
0.000110219
6.17459e-05
-0.0575381
-0.0643088
3.7936e-05
-4.96112e-05
0.00132033
0.000534594
7.97583e-05
0.00221536
0.000672568
-7.64671e-05
0.00011966
0.000840011
-8.63473e-05
0.000119023
6.46757e-05
-0.000170862
0.00376031
0.00346053
0.000185195
0.000407836
0.00131729
0.00221722
8.20289e-05
0.000482182
0.00376499
0.000409478
0.000186801
0.00346449
-8.63322e-05
-0.000170726
6.50853e-05
0.000119177
0.000672587
0.000841037
0.000120822
-7.646e-05
-0.0397333
-0.0667979
0.000502714
-0.000948083
-0.0575099
-4.97467e-05
3.58771e-05
-0.0639317
-0.000106638
6.14776e-05
0.000109938
-1.90605e-05
0.0017574
-0.00165665
0.000556447
0.000491574
0.0403603
0.0845864
0.0249909
0.013558
0.150311
0.00362727
0.00363785
0.127699
0.0491622
0.0249094
-0.0226848
-0.00744456
0.00579107
0.00858842
0.0135654
0.000456768
0.0403376
0.0136327
0.024852
0.0844539
0.00580706
0.000443518
0.0134626
0.00858978
0.0492312
-0.00707973
-0.0223295
0.0249362
0.150358
0.127741
0.00542219
0.00301969
0.0115778
0.0214443
0.000163877
0.0119256
0.0429816
0.000208389
0.00141379
0.0342939
0.00193769
0.00499369
0.00166747
0.000268595
0.00310694
0.0169142
0.00111813
0.00355221
0.0115992
0.0117845
0.000165281
0.0214593
0.00313795
0.00669846
0.000952489
0.0167844
0.00190999
0.0002885
0.00146375
0.0047679
0.0429913
0.0343032
0.00140494
0.000209683
