-0.727115
0.185
-1.895
-0.715
0.265
1.87992
-0.741051
0.565
-1.855
-0.685
0.915
1.8323
0.727115
0.185
-1.895
0.715
0.265
1.87993
0.741051
0.565
-1.855
0.685
0.915
1.8323
0.0541081
0.0913162
0.113967
0.104058
0.0541081
0.0913205
0.114012
0.104059
-0.0403711
0.00398906
0.0581783
0.0825939
0.0218447
-0.0295044
-0.0642544
-0.0379976
0.0122258
0.069449
0.089688
0.0147808
-0.0365191
-0.0684217
-0.0212323
0.0303009
0.114478
0.108406
0.021033
-0.0291401
-0.0581127
0.0644361
0.113946
0.168157
0.159847
0.0972881
0.0463362
0.00945136
-0.0502855
-0.00639922
0.0488357
0.0832454
0.0128241
-0.0395401
-0.0731279
-0.0499272
-0.0485619
-0.07875
-0.0383608
-0.0436225
-0.0696846
0.0557027
0.107485
0.168047
0.158981
0.0906274
0.0378191
0.00148673
-0.0502799
-0.00639625
0.0488382
0.083249
0.0128257
-0.0395382
-0.0731252
-0.0499225
-0.0485606
-0.0787476
-0.0383547
-0.0436212
-0.069682
0.055716
0.107501
0.168064
0.158991
0.0906327
0.0378235
0.00149115
-0.0403566
0.0040025
0.05819
0.0826019
0.0218497
-0.0294995
-0.0642483
-0.037983
0.0122423
0.0694657
0.0896953
0.0147845
-0.0365151
-0.068416
-0.0212139
0.0303262
0.114523
0.108416
0.0210365
-0.0291359
-0.0581067
0.0644628
0.113977
0.168188
0.159867
0.0972995
0.0463456
0.00946068
0.0232467
0.00114703
0.0358888
0.0306962
0.000165472
0.0492308
0.22649
0.116724
0.0876131
0.0998444
0.0234307
0.0358888
0.0306185
0.0495786
0.116678
0.0998472
0.0727264
0.117684
0.0566251
0.133522
0.094021
0.0981985
0.455633
0.573319
0.0727258
0.117696
0.133528
0.0982056
0.17938
0.179384
0.0356259
0.283783
0.23891
0.114308
0.11432
0.075323
0.617747
0.203629
0.203629
0.0683449
0.367594
0.24058
-0.0166971
0.00106966
0.0265873
0.0531396
0.000435507
0.0520168
0.0264906
0.137061
0.114093
0.00447951
0.0716038
0.0692244
0.00122441
-0.0176024
0.0265874
0.000319869
0.0531168
0.0521285
0.136926
0.0265221
0.114127
0.0716031
0.00455844
0.0692241
0.0447986
0.0634213
0.108491
0.0552798
0.0516907
0.0820201
0.108164
0.0925442
0.117373
0.118999
0.110336
0.412826
0.10171
0.125439
0.105086
0.56809
0.0447986
0.0552799
0.0634128
0.108485
0.0516831
0.0925446
0.0820242
0.108167
0.117327
0.412804
0.118993
0.110342
0.102462
0.568097
0.125441
0.105098
0.172831
0.184147
0.0252097
0.178126
0.175676
0.0369197
0.138173
0.225202
0.0459336
0.220056
0.197789
0.068868
0.273874
0.253406
0.188658
0.275597
0.17921
0.209153
0.13586
0.345321
0.172858
0.184235
0.175678
0.0369197
0.137836
0.225106
0.197842
0.0689189
0.188632
0.275609
0.135861
0.345323
0.104584
0.0739135
0.0924405
0.116029
0.0460388
0.0659741
0.120003
0.155179
0.084672
0.0928479
0.113936
0.605997
0.290975
0.578452
0.603296
0.504318
0.104596
0.0739134
0.0924523
0.115997
0.120008
0.155463
0.11392
0.605921
0.170749
0.110608
0.127761
0.174501
0.17075
0.174511
0.127767
0.110618
0.0257726
0.0257725
0.0466857
0.0466857
0.216927
0.282678
0.282637
0.216952
0.143068
0.185819
0.185478
0.139174
0.106524
0.103575
0.117152
0.116613
0.106528
0.11664
0.117144
0.103575
0.0645967
0.0645967
0.083229
0.0832288
0.550042
0.595973
0.595971
0.550034
0.19242
0.163658
0.122793
0.123991
0.192432
0.123993
0.122758
0.16401
0.0931134
0.0909364
0.046211
0.0461856
0.486382
0.158683
0.158681
0.486368
0.208355
0.20811
0.17545
0.175548
0.0239787
0.000927036
0.0218188
0.0369337
0.000569864
0.0310168
0.0174418
0.0842682
0.0720836
0.0124503
0.0532542
0.0375134
0.00126824
0.0239455
0.0218164
0.000395435
0.0369704
0.0310181
0.0842393
0.0176286
0.0721461
0.0532641
0.0124661
0.037524
0.0494505
0.0587606
0.115426
0.0546646
0.0959495
0.0866738
0.0970157
0.091892
0.116001
0.123983
0.112198
0.343664
0.102873
0.121662
0.104893
0.353256
0.0494505
0.0546647
0.0587599
0.115421
0.0959574
0.0918927
0.0866746
0.0970281
0.116004
0.343639
0.124003
0.112205
0.102882
0.35327
0.121666
0.104912
0.0344363
0.033182
0.144216
0.140879
0.00110835
0.00118572
0.019947
0.159142
0.031236
0.0405086
0.177542
0.037535
0.0384212
0.00988172
0.112432
0.181669
0.000299823
0.000242755
0.0254981
0.196233
0.0510728
0.0535517
0.193734
0.0531746
0.20037
0.200431
0.262783
0.251835
0.126349
0.114429
0.173211
0.259008
0.0810924
0.0811625
0.121898
0.212544
0.08632
0.103755
0.11816
0.306149
0.0344789
0.0331638
0.143868
0.141278
0.031236
0.0405086
0.177543
0.037535
0.0384248
0.00991716
0.112415
0.181685
0.0512641
0.0535908
0.193818
0.0532867
0.126373
0.114352
0.173216
0.258876
0.0862838
0.103758
0.118185
0.306153
0.068082
0.0773731
0.106861
0.0732805
0.114475
0.118884
0.115498
0.116736
0.0566205
0.0566205
0.051332
0.0612996
0.120037
0.133259
0.126663
0.135845
0.0940142
0.0940145
0.0893465
0.0939845
0.108387
0.105195
0.118426
0.380277
0.449499
0.44948
0.377021
0.521151
0.577063
0.577063
0.588736
0.547309
0.0680725
0.0773762
0.106872
0.0732805
0.114487
0.118896
0.115514
0.116751
0.120041
0.133268
0.126671
0.135849
0.108419
0.105211
0.118439
0.380284
0.176282
0.1784
0.184095
0.166804
0.176277
0.178402
0.184094
0.16676
0.0304169
0.0362728
0.0362728
0.0409044
0.28187
0.28467
0.284665
0.291826
0.240612
0.191409
0.260885
0.240626
0.110377
0.115228
0.113474
0.114808
0.110389
0.115242
0.113484
0.114814
0.0753181
0.0706486
0.0799975
0.0753181
0.619956
0.607147
0.615341
0.619952
0.203942
0.200629
0.199046
0.205479
0.203959
0.200656
0.199083
0.205479
0.0577512
0.0686065
0.0686319
0.0789443
0.277195
0.363555
0.363634
0.450739
0.242229
0.240717
0.193247
0.24201
0.146202
0.0962589
0.0202164
0.142426
0.172886
0.0272918
0.11363
0.180286
0.0256514
0.181835
0.165355
0.0488711
0.127562
0.147411
0.210128
0.137293
0.180992
0.207672
0.105773
0.133929
0.107145
0.172099
0.101872
0.128344
0.0202399
0.143239
0.146081
0.0962723
0.172892
0.0272918
0.0256527
0.181703
0.113656
0.180154
0.165386
0.0489002
0.210375
0.135351
0.127623
0.147287
0.180899
0.207764
0.107154
0.172147
0.105313
0.134206
0.101794
0.128583
0.108399
0.0469466
0.111174
0.063973
0.107064
0.107508
0.0516508
0.0599382
0.186656
0.0785577
0.101938
0.0825861
0.105836
0.110402
0.0878865
0.0941085
0.127097
0.268413
0.118277
0.117607
0.12154
0.375539
0.330957
0.484839
0.120067
0.418454
0.121412
0.125637
0.119293
0.371393
0.582711
0.536397
0.108937
0.0469467
0.0516508
0.0599383
0.111184
0.0639721
0.107074
0.107498
0.186662
0.0750902
0.0878868
0.0941215
0.10195
0.0825867
0.105843
0.110411
0.1271
0.268396
0.330919
0.484821
0.118279
0.117614
0.121558
0.375473
0.120117
0.418199
0.582703
0.536378
0.121425
0.125641
0.119303
0.371411
0.172774
0.173655
0.188991
0.203853
0.0254911
0.0254911
0.169456
0.169465
0.172287
0.170361
0.0313452
0.0418748
0.157853
0.135543
0.226041
0.17978
0.0460723
0.0460596
0.22378
0.224041
0.20026
0.195893
0.0793365
0.0581383
0.262992
0.262975
0.183166
0.183552
0.155634
0.181465
0.246463
0.282739
0.174437
0.174648
0.207969
0.207973
0.13441
0.12885
0.42661
0.25532
0.172795
0.173674
0.203865
0.191208
0.172288
0.170462
0.0313452
0.0418748
0.135436
0.157767
0.225789
0.17978
0.2003
0.195931
0.0793748
0.0581775
0.181468
0.155567
0.28273
0.246451
0.12885
0.134412
0.25534
0.426617
0.105484
0.103483
0.0692551
0.0785711
0.0840703
0.121917
0.112413
0.116893
0.0463623
0.0463623
0.0659693
0.0659693
0.111156
0.119912
0.195089
0.139744
0.0846663
0.0846662
0.0929786
0.0929914
0.113199
0.115273
0.592556
0.605749
0.280664
0.280655
0.578302
0.578312
0.607289
0.607288
0.500636
0.500655
0.105504
0.103492
0.069255
0.0785712
0.119929
0.08408
0.112425
0.116902
0.119939
0.111164
0.195101
0.139765
0.115284
0.113199
0.605669
0.592557
0.143648
0.174961
0.175628
0.145559
0.124472
0.112424
0.168662
0.171598
0.124852
0.130627
0.164377
0.11735
0.102314
0.143247
0.178582
0.188307
0.143802
0.14575
0.17564
0.174964
0.102334
0.188308
0.178591
0.142704
0.124872
0.117362
0.164383
0.130654
0.124536
0.171599
0.168579
0.112434
0.0208861
0.0200821
0.030881
0.0324125
0.0208987
0.0324125
0.030881
0.0200934
0.0497264
0.0514914
0.0413896
0.0423121
0.0497264
0.042312
0.0413896
0.0514914
0.182282
0.242383
0.277415
0.246022
0.269978
0.368526
0.29164
0.268094
0.269631
0.268048
0.291635
0.368522
0.1823
0.246028
0.277413
0.242431
0.129038
0.10849
0.183064
0.148704
0.106844
0.198628
0.25802
0.151287
0.106717
0.151344
0.25803
0.195868
0.129018
0.148431
0.183072
0.108409
0.113325
0.109017
0.111481
0.113361
0.0994768
0.113559
0.109344
0.104399
0.120553
0.117903
0.11413
0.126289
0.122628
0.117772
0.116004
0.120017
0.113334
0.113374
0.111494
0.109028
0.122637
0.120039
0.116012
0.117783
0.120559
0.126296
0.114135
0.11791
0.0994892
0.104411
0.109355
0.11347
0.0593188
0.0612949
0.0706437
0.0686268
0.0593184
0.0686263
0.0706437
0.0612949
0.0872397
0.0893404
0.0799922
0.0779336
0.0872391
0.0779333
0.0799922
0.0893402
0.36563
0.386523
0.609044
0.517901
0.359774
0.592576
0.618208
0.374745
0.359758
0.374742
0.618197
0.592576
0.365637
0.517864
0.609042
0.386519
0.0822329
0.194963
0.202883
0.122414
0.1075
0.10251
0.200008
0.193407
0.0872909
0.111246
0.168388
0.113292
0.12245
0.136001
0.183755
0.120616
0.0822437
0.122411
0.202903
0.194995
0.122475
0.12066
0.183742
0.136013
0.0873387
0.113295
0.168365
0.111253
0.107555
0.19346
0.200044
0.102512
0.0942132
0.0940465
0.0791404
0.06085
0.0944456
0.060894
0.0791596
0.094053
0.027719
0.0255754
0.0579643
0.0523188
0.0277102
0.0522558
0.0579448
0.0255748
0.353428
0.383486
0.446086
0.546952
0.0877984
0.117008
0.272767
0.220384
0.0877999
0.220388
0.272766
0.117009
0.353432
0.546946
0.446086
0.38339
0.153844
0.196802
0.242396
0.184863
0.155672
0.184855
0.242393
0.196797
0.124852
0.198947
0.184487
0.135651
0.124763
0.135584
0.184517
0.199023
0.0148538
0.000898602
0.00971774
0.0227577
0.000636534
0.0168109
0.0108006
0.0448846
0.0390065
0.00914798
0.0363612
0.0189997
0.00129667
0.0147388
0.00988727
0.000432192
0.0227379
0.0168008
0.0448372
0.0108087
0.0397447
0.0362377
0.00913047
0.019038
0.0517764
0.0564339
0.107394
0.054383
0.0936319
0.0889976
0.105015
0.0916036
0.115133
0.120027
0.113009
0.246552
0.103678
0.114009
0.104503
0.23355
0.0517764
0.054383
0.056434
0.107404
0.0936389
0.0916044
0.0889991
0.105042
0.115135
0.246624
0.120042
0.112991
0.10367
0.233552
0.114011
0.104499
0.0288542
0.0261914
0.0929452
0.0321177
0.00112769
0.00116638
0.0119065
0.047031
0.0335619
0.0382168
0.176889
0.0378584
0.0351147
0.0188485
0.0830476
0.128133
0.000231383
0.000203047
0.0138474
0.170629
0.0502761
0.0538644
0.191001
0.0521964
0.214913
0.214947
0.25055
0.210958
0.123001
0.110981
0.147694
0.227887
0.0850587
0.0850604
0.105302
0.214404
0.0945567
0.10378
0.109044
0.227472
0.0297681
0.0346712
0.0929547
0.0322197
0.0335619
0.0382168
0.176889
0.0378584
0.0351117
0.0189986
0.0830395
0.127892
0.0504374
0.0539428
0.191089
0.0524149
0.122993
0.111113
0.147674
0.227874
0.094593
0.103777
0.109048
0.227522
0.0704015
0.0750499
0.114159
0.0729959
0.116166
0.118519
0.116458
0.117101
0.0566228
0.0566228
0.0539785
0.0589623
0.12678
0.137219
0.130195
0.134626
0.0940176
0.0940177
0.0916837
0.0940029
0.099343
0.099997
0.106729
0.250796
0.45546
0.455459
0.416613
0.488474
0.576576
0.576577
0.581447
0.56074
0.0703965
0.0750513
0.114175
0.0729958
0.11618
0.118533
0.116474
0.117117
0.126785
0.137227
0.130202
0.134632
0.0996697
0.0999464
0.106615
0.250808
0.178196
0.178891
0.181168
0.181222
0.178206
0.178894
0.181169
0.181226
0.0330211
0.0359493
0.0359493
0.0382731
0.284897
0.285715
0.285713
0.287817
0.240143
0.220545
0.250111
0.240171
0.112311
0.114872
0.113849
0.114527
0.112323
0.114882
0.113856
0.114536
0.0753206
0.0729858
0.0776603
0.0753206
0.620629
0.615084
0.618174
0.620608
0.203955
0.202655
0.207332
0.204572
0.203975
0.202669
0.207333
0.204572
0.0638166
0.0684757
0.0684884
0.0744008
0.323615
0.366726
0.366727
0.409983
0.241703
0.242077
0.199441
0.2417
0.022494
0.01625
0.08309
0.0996756
0.00105032
0.001089
0.0120392
0.0468635
0.0242269
0.0289111
0.172597
0.0280654
0.0462422
0.0417078
0.0886737
0.139823
0.000502907
0.000367866
0.01395
0.158092
0.0422759
0.0517926
0.165246
0.0509401
0.0220775
0.0300488
0.0732917
0.107781
0.13655
0.180385
0.198629
0.157381
0.0932567
0.125395
0.149761
0.193307
0.0118549
0.0103575
0.058415
0.0738449
0.0638382
0.0771232
0.0885907
0.168714
0.0549652
0.0781723
0.0879308
0.113685
0.00124375
0.00120506
0.0120651
0.0469003
0.0225501
0.015841
0.0835045
0.097101
0.0242269
0.0289111
0.172574
0.0280654
0.000358158
0.000281797
0.0139395
0.158156
0.0462408
0.0417511
0.0886666
0.139837
0.0422964
0.0518943
0.165279
0.050971
0.135711
0.180282
0.198455
0.151151
0.0221138
0.030194
0.0734485
0.10798
0.0932733
0.125402
0.149774
0.19318
0.0638384
0.0771359
0.0885902
0.168715
0.0119137
0.010338
0.0585652
0.0738007
0.055125
0.0781776
0.0879359
0.113734
0.0471245
0.0427352
0.107237
0.0470937
0.061091
0.0657517
0.112388
0.0636901
0.104606
0.112791
0.107752
0.108
0.0549463
0.0566182
0.0541334
0.057609
0.050261
0.0527261
0.183439
0.0584443
0.0843452
0.0796964
0.109565
0.0822996
0.0976928
0.113312
0.107
0.107955
0.0921803
0.0940109
0.0902153
0.0940582
0.116996
0.116416
0.122603
0.237239
0.117089
0.119333
0.118497
0.118335
0.111285
0.109279
0.117243
0.248264
0.383683
0.43544
0.373188
0.450166
0.0955483
0.103719
0.105329
0.264013
0.115224
0.131668
0.123475
0.126178
0.105047
0.104829
0.113133
0.246931
0.472921
0.57439
0.57608
0.555406
0.0471246
0.0427373
0.107251
0.0470938
0.0549464
0.0566182
0.0541334
0.0576091
0.0610858
0.0657427
0.112398
0.0636887
0.104614
0.112801
0.107762
0.107991
0.0502352
0.0527313
0.183443
0.0583458
0.0921809
0.0940112
0.0902157
0.0940649
0.0843477
0.0797008
0.109599
0.0823003
0.0977015
0.113293
0.107005
0.107959
0.116993
0.116349
0.122623
0.237222
0.383685
0.435429
0.373175
0.450124
0.117126
0.119344
0.118505
0.118372
0.111286
0.109277
0.117249
0.248256
0.0957217
0.10372
0.105326
0.263511
0.472892
0.573975
0.576078
0.555447
0.115222
0.131678
0.123464
0.126188
0.105058
0.104853
0.113153
0.246936
0.162227
0.174318
0.172899
0.173795
0.145417
0.241319
0.188719
0.203943
0.0225901
0.027813
0.0253504
0.0253504
0.169514
0.186003
0.178543
0.178547
0.178051
0.178271
0.173255
0.178495
0.0372367
0.0365962
0.0341322
0.0394052
0.128843
0.170654
0.148464
0.139398
0.207162
0.234308
0.22789
0.180396
0.0367631
0.05324
0.046003
0.0459966
0.209211
0.241417
0.221441
0.221702
0.195762
0.199822
0.199055
0.196896
0.0642165
0.0687372
0.0748584
0.0642717
0.268375
0.278802
0.270611
0.27061
0.258017
0.216018
0.203961
0.202747
0.189581
0.185875
0.182897
0.184669
0.260965
0.280762
0.269076
0.279251
0.138647
0.229811
0.177873
0.177873
0.197609
0.209679
0.208489
0.20849
0.113026
0.164168
0.136815
0.135462
0.329894
0.357165
0.387307
0.30159
0.162259
0.174339
0.172901
0.173817
0.145645
0.241339
0.203957
0.188789
0.178052
0.178276
0.173261
0.178504
0.0372236
0.0365962
0.0341322
0.0394052
0.1288
0.170776
0.139385
0.148438
0.207175
0.234431
0.227795
0.180436
0.195828
0.199862
0.199101
0.196942
0.0649412
0.0687754
0.074903
0.0643163
0.189606
0.185873
0.184668
0.181806
0.261095
0.280739
0.279243
0.269059
0.113067
0.164143
0.135463
0.136806
0.329901
0.3572
0.301592
0.387311
0.0995373
0.108322
0.105032
0.104032
0.0735652
0.0753157
0.0715843
0.0762423
0.114718
0.147225
0.087564
0.102554
0.116336
0.115675
0.114238
0.116529
0.0486854
0.0435093
0.0462005
0.0462005
0.0636368
0.0683113
0.0659717
0.0659717
0.123131
0.11644
0.113588
0.12119
0.138155
0.202579
0.186343
0.145273
0.0870093
0.0823348
0.0846692
0.0846691
0.0933488
0.0849984
0.0929132
0.0929196
0.111884
0.115008
0.113549
0.114746
0.509692
0.615011
0.600144
0.6073
0.334222
0.293304
0.288557
0.288553
0.549909
0.596459
0.581197
0.581197
0.596024
0.610585
0.606761
0.606761
0.525876
0.48276
0.503266
0.503267
0.0995417
0.108335
0.10505
0.104042
0.0735651
0.0753156
0.0715842
0.0762423
0.114735
0.147894
0.102547
0.0892743
0.116346
0.115688
0.114252
0.116542
0.12314
0.116442
0.121197
0.113547
0.138157
0.202683
0.186368
0.145401
0.111879
0.115011
0.114755
0.113564
0.509715
0.615012
0.607291
0.600147
0.158944
0.172227
0.172196
0.17145
0.115035
0.105812
0.146764
0.0982504
0.122553
0.118118
0.112211
0.128445
0.162805
0.178443
0.174636
0.17808
0.158893
0.172214
0.172213
0.171451
0.162815
0.178452
0.174651
0.178086
0.122551
0.118125
0.112209
0.129101
0.115049
0.105822
0.146766
0.0990746
0.0230066
0.0265461
0.0256318
0.0285586
0.023018
0.0265461
0.0256318
0.0285586
0.0468036
0.0491683
0.0443174
0.046524
0.0468105
0.0491683
0.0443187
0.046524
0.21662
0.234193
0.253426
0.24742
0.28168
0.288137
0.286093
0.275686
0.281658
0.28781
0.286081
0.275239
0.216455
0.234138
0.253341
0.247668
0.129826
0.132089
0.168572
0.155072
0.170139
0.141025
0.201264
0.162766
0.141232
0.170456
0.162518
0.201413
0.132301
0.129656
0.155079
0.168682
0.101847
0.107016
0.105963
0.110514
0.0976509
0.104672
0.103168
0.108774
0.119045
0.113996
0.120008
0.114996
0.117215
0.11472
0.117194
0.115851
0.101856
0.107002
0.105979
0.110525
0.117219
0.114728
0.117203
0.115837
0.119039
0.113992
0.120013
0.114987
0.0976571
0.104681
0.103178
0.108782
0.064256
0.0622674
0.0669259
0.0659669
0.0622675
0.0642555
0.0659669
0.0669259
0.0855579
0.0828731
0.0846634
0.0809001
0.0828727
0.0855576
0.0809
0.0846633
0.509065
0.518678
0.579708
0.56761
0.495404
0.589533
0.601643
0.604318
0.58952
0.495402
0.604321
0.601596
0.518678
0.508454
0.567557
0.579704
0.189548
0.151397
0.201046
0.194174
0.140318
0.157997
0.164021
0.185711
0.113272
0.109451
0.129976
0.126038
0.112311
0.124792
0.123181
0.133493
0.189554
0.151542
0.201089
0.1942
0.112332
0.1248
0.12319
0.133505
0.113356
0.109455
0.129974
0.125857
0.140337
0.158053
0.16418
0.185745
0.0784716
0.0935414
0.0853252
0.0930439
0.0763474
0.0935606
0.0853572
0.0930632
0.0369799
0.0482822
0.0461417
0.0535909
0.0369666
0.048255
0.0461226
0.053559
0.475473
0.511212
0.465619
0.49536
0.12552
0.144287
0.169247
0.208098
0.125531
0.144308
0.169252
0.20811
0.475547
0.511215
0.465613
0.495369
0.197339
0.193485
0.225062
0.218335
0.193364
0.19716
0.218197
0.225145
0.164052
0.158185
0.207455
0.179342
0.158181
0.163887
0.179439
0.207459
0.0738333
0.0972634
0.0092999
0.124209
0.142958
0.0224824
0.0782889
0.112693
0.0149993
0.120339
0.0933089
0.0294679
0.0626668
0.0803478
0.160538
0.0963976
0.0854079
0.170098
0.0691999
0.0793108
0.0690291
0.117181
0.0711184
0.0716212
0.00934797
0.1242
0.0737388
0.0972983
0.142988
0.022489
0.0149867
0.12028
0.0782853
0.112383
0.0933215
0.0294724
0.160546
0.0963594
0.0626665
0.0803018
0.0854859
0.170103
0.0690623
0.117188
0.0689823
0.0793497
0.0710237
0.0716487
0.106779
0.0495884
0.109891
0.0590361
0.122359
0.1144
0.0521964
0.0569917
0.0950695
0.095085
0.10729
0.0869522
0.0982462
0.0849566
0.0895655
0.0930535
0.121403
0.236958
0.124247
0.123166
0.118629
0.243935
0.309325
0.364177
0.11423
0.232244
0.121153
0.122318
0.113391
0.238072
0.356861
0.352901
0.106788
0.0495884
0.0521965
0.0569915
0.109901
0.0590358
0.122373
0.114404
0.0950984
0.0952012
0.0895662
0.09317
0.107326
0.0869526
0.0982587
0.0849688
0.121427
0.234714
0.309289
0.363225
0.124266
0.123192
0.118643
0.243929
0.113864
0.232239
0.356854
0.352899
0.121158
0.122322
0.113398
0.238064
0.0920842
0.0284969
0.089668
0.112661
0.144458
0.145691
0.110521
0.150158
0.0119729
0.047225
0.0119858
0.0472434
0.0200145
0.0200202
0.160923
0.160708
0.174385
0.0329607
0.171087
0.0425715
0.176185
0.179042
0.0349735
0.0399313
0.0783037
0.14005
0.080586
0.0840158
0.107765
0.116998
0.186666
0.143376
0.0138986
0.170896
0.0138934
0.170901
0.0255368
0.0255365
0.196517
0.196515
0.192041
0.0523203
0.191694
0.0574746
0.194315
0.193559
0.0646316
0.0532927
0.231711
0.18061
0.23172
0.179012
0.255795
0.255794
0.224522
0.221495
0.168402
0.211603
0.123367
0.237254
0.14875
0.189191
0.252413
0.265014
0.0995218
0.198605
0.0995331
0.198498
0.120146
0.120147
0.207338
0.207337
0.100701
0.177443
0.114619
0.264305
0.113492
0.120242
0.345737
0.263426
0.0920518
0.028293
0.0898783
0.112771
0.144564
0.144653
0.150229
0.111055
0.174365
0.0329607
0.171089
0.0425715
0.176188
0.179043
0.0349735
0.0399313
0.0783083
0.139984
0.0803697
0.0841556
0.116957
0.107841
0.18666
0.143377
0.192105
0.0524115
0.191722
0.0574995
0.194387
0.193626
0.0646915
0.0533547
0.168451
0.211602
0.123362
0.237273
0.18914
0.148754
0.264983
0.252405
0.100716
0.177437
0.114656
0.264875
0.120264
0.113496
0.263422
0.345783
0.114889
0.0683438
0.111862
0.0776477
0.107936
0.105629
0.0709537
0.0756069
0.113295
0.113806
0.117941
0.118199
0.113983
0.116742
0.11512
0.117409
0.054056
0.0589577
0.054056
0.0589577
0.0514117
0.0514117
0.0612973
0.0612973
0.116854
0.120997
0.129766
0.134596
0.119999
0.129115
0.129268
0.140067
0.0916772
0.0940305
0.0916774
0.0940339
0.0893434
0.0893434
0.0940155
0.0940188
0.115568
0.251754
0.11295
0.252202
0.118114
0.119063
0.385208
0.376961
0.409069
0.483879
0.409049
0.483823
0.375465
0.37527
0.522299
0.522306
0.585218
0.562526
0.585218
0.562534
0.592081
0.592081
0.548045
0.54803
0.114901
0.0683426
0.111882
0.0776482
0.107947
0.105641
0.0709534
0.075607
0.113306
0.113818
0.117953
0.11821
0.116755
0.113996
0.115134
0.117422
0.116855
0.121002
0.129789
0.134603
0.129122
0.120006
0.129257
0.140123
0.115583
0.251759
0.112955
0.252198
0.119098
0.118112
0.376949
0.385259
0.176255
0.177732
0.177028
0.180162
0.183285
0.181888
0.167602
0.166808
0.176269
0.177744
0.177035
0.180166
0.181872
0.183158
0.166813
0.167535
0.030649
0.030649
0.0335767
0.0388391
0.0335767
0.0388391
0.041147
0.041147
0.281716
0.281713
0.283074
0.288137
0.288134
0.283056
0.292733
0.292729
0.218172
0.249529
0.192039
0.192044
0.259453
0.259458
0.249542
0.218007
0.111022
0.109868
0.113387
0.115645
0.111425
0.113796
0.114467
0.115534
0.111035
0.10988
0.113401
0.115655
0.113805
0.111437
0.115541
0.114473
0.0729809
0.0776551
0.0706461
0.0706461
0.0799949
0.0799948
0.0729809
0.0776552
0.61645
0.621065
0.610218
0.610216
0.61845
0.618448
0.621073
0.616459
0.201659
0.192216
0.201824
0.200232
0.188555
0.19849
0.204775
0.208754
0.191834
0.201665
0.201847
0.200247
0.198473
0.188522
0.204785
0.208755
0.0578576
0.057848
0.0746296
0.0640442
0.0746519
0.0640664
0.0790423
0.0790519
0.276009
0.276009
0.40586
0.319526
0.319539
0.405866
0.449511
0.449511
0.244037
0.195835
0.241558
0.241556
0.187547
0.187549
0.244033
0.195838
0.144996
0.14607
0.121792
0.102644
0.0205638
0.0201496
0.155486
0.151267
0.161306
0.173852
0.024101
0.0298519
0.11145
0.0969378
0.155652
0.18308
0.0266756
0.0256131
0.166603
0.190666
0.131686
0.184216
0.0385522
0.0523147
0.115502
0.136257
0.124455
0.150389
0.21247
0.236128
0.134409
0.165192
0.149212
0.185897
0.195999
0.219262
0.0969263
0.108667
0.129728
0.133098
0.0982602
0.112847
0.150966
0.189027
0.0954066
0.106364
0.107839
0.173571
0.020582
0.0201666
0.155511
0.151904
0.145032
0.146132
0.121983
0.10261
0.161277
0.173857
0.0241067
0.0298519
0.0266807
0.0256141
0.16652
0.19066
0.111468
0.0969363
0.155652
0.183087
0.13168
0.184259
0.0385706
0.0523548
0.21246
0.236143
0.134917
0.162823
0.115479
0.13626
0.124441
0.150447
0.149379
0.185902
0.195984
0.219397
0.0982653
0.112847
0.150961
0.189093
0.096859
0.10881
0.129746
0.132809
0.0954022
0.10631
0.107851
0.173603
0.118153
0.14776
0.0492839
0.0446674
0.112245
0.110096
0.0616459
0.0662999
0.111814
0.110864
0.102828
0.111569
0.0516224
0.0515711
0.0596012
0.0612926
0.146729
0.195267
0.0819273
0.0644357
0.100705
0.103165
0.0849126
0.0802597
0.096984
0.110599
0.098236
0.116385
0.0875265
0.0893371
0.0951738
0.0940775
0.12495
0.13033
0.272225
0.268572
0.117541
0.118004
0.115605
0.118134
0.122084
0.120234
0.37273
0.382454
0.303076
0.354254
0.458233
0.50498
0.121373
0.120235
0.390414
0.405258
0.114363
0.126432
0.115083
0.132313
0.119902
0.118487
0.363778
0.37456
0.482039
0.589697
0.505398
0.54151
0.118177
0.147713
0.0492839
0.0446661
0.0516201
0.0515711
0.059601
0.0612926
0.112254
0.110107
0.0616453
0.0662992
0.111837
0.110873
0.102829
0.111579
0.146734
0.195294
0.0819694
0.0644637
0.087527
0.0893373
0.0952973
0.0940873
0.100717
0.103177
0.0849132
0.0802601
0.0969933
0.110604
0.098247
0.116384
0.124983
0.13031
0.272174
0.26859
0.303045
0.354277
0.458094
0.504992
0.117556
0.118014
0.115632
0.118144
0.122096
0.120236
0.372727
0.382456
0.121393
0.120299
0.39025
0.404666
0.482062
0.589698
0.505304
0.541514
0.114399
0.126438
0.115184
0.132319
0.1199
0.118497
0.363773
0.374568
0.174217
0.161245
0.162497
0.176191
0.140837
0.168664
0.252315
0.178788
0.0227984
0.0281858
0.0281858
0.022804
0.177614
0.160995
0.161004
0.177622
0.175018
0.175004
0.170109
0.171624
0.0311131
0.0318919
0.0420976
0.0416322
0.120009
0.190449
0.146316
0.126156
0.235442
0.209362
0.16495
0.182608
0.0368715
0.0534154
0.0533995
0.0368648
0.210057
0.242813
0.242885
0.21004
0.197652
0.202166
0.198191
0.194645
0.0792385
0.0701509
0.0578945
0.0580415
0.271132
0.254542
0.254536
0.270935
0.194448
0.232005
0.232089
0.190921
0.140621
0.162467
0.180618
0.185494
0.22789
0.269438
0.28844
0.27552
0.134659
0.225267
0.225285
0.134668
0.187571
0.20931
0.209314
0.187507
0.112791
0.148089
0.150595
0.111939
0.410396
0.439012
0.266686
0.241179
0.161232
0.174233
0.176206
0.162517
0.178996
0.248972
0.168669
0.140881
0.175014
0.175003
0.171636
0.170093
0.0318889
0.0311131
0.0416322
0.0420836
0.12614
0.146253
0.190461
0.120036
0.209318
0.235437
0.182625
0.164949
0.202196
0.197694
0.194691
0.198219
0.0703535
0.0792672
0.0580709
0.0582849
0.185496
0.180624
0.162581
0.141154
0.275522
0.28843
0.269439
0.227461
0.112071
0.150582
0.1481
0.112826
0.241238
0.266709
0.439021
0.410378
0.100586
0.109511
0.107137
0.0983456
0.0706413
0.0689106
0.078219
0.0799895
0.111285
0.147574
0.14128
0.116794
0.111944
0.112909
0.117342
0.116467
0.0489268
0.0439131
0.0439144
0.0489268
0.0636321
0.0683065
0.0683065
0.0636321
0.112094
0.110048
0.116633
0.122848
0.203332
0.145057
0.138108
0.152213
0.0870033
0.0823293
0.0823292
0.0870032
0.0934451
0.0851618
0.0851778
0.0934548
0.1113
0.114291
0.116229
0.113348
0.518316
0.603589
0.614403
0.500128
0.324314
0.294948
0.294924
0.324285
0.598035
0.548747
0.548743
0.598025
0.599928
0.614458
0.614462
0.599928
0.479594
0.524103
0.524106
0.479608
0.109523
0.100591
0.0983489
0.107149
0.0689103
0.0706413
0.0799895
0.0782191
0.116798
0.141381
0.147571
0.111507
0.112922
0.111957
0.116476
0.117353
0.122881
0.116639
0.110059
0.112101
0.145153
0.203341
0.152283
0.138122
0.113353
0.116235
0.114294
0.111323
0.50013
0.6144
0.60359
0.518327
0.0618917
0.162198
0.160159
0.0747038
0.175547
0.176557
0.173565
0.173384
0.177613
0.174847
0.17359
0.176466
0.0926429
0.0886569
0.160238
0.161316
0.10768
0.109037
0.107728
0.10768
0.114911
0.113145
0.108509
0.111678
0.180694
0.180372
0.147293
0.147455
0.178434
0.148333
0.147216
0.179604
0.120684
0.122149
0.117203
0.117334
0.127103
0.168852
0.121845
0.123318
0.181893
0.144809
0.109574
0.183609
0.117463
0.118465
0.117518
0.116183
0.0560884
0.0686921
0.164865
0.122241
0.09134
0.162871
0.162324
0.0813959
0.179524
0.183352
0.17772
0.175832
0.160192
0.166626
0.182585
0.188175
0.0618528
0.0744873
0.16009
0.162151
0.0925546
0.161326
0.160203
0.0886098
0.177621
0.176472
0.173604
0.174866
0.175527
0.173364
0.173551
0.176561
0.0560778
0.122217
0.163981
0.0687609
0.160234
0.188173
0.182591
0.167399
0.179531
0.17585
0.177731
0.183354
0.0913336
0.0817614
0.162337
0.162897
0.120698
0.11736
0.117209
0.122154
0.117477
0.11619
0.117528
0.118476
0.181912
0.183506
0.109418
0.144893
0.127128
0.123361
0.121849
0.168605
0.107688
0.107692
0.107766
0.109052
0.178435
0.179606
0.147195
0.148266
0.180698
0.147463
0.147298
0.180359
0.114925
0.111687
0.108332
0.113158
0.0100428
0.012211
0.0235672
0.0252859
0.0119397
0.0226943
0.0229025
0.0120061
0.0332989
0.0338544
0.0283722
0.0279994
0.0354093
0.0305128
0.0292197
0.0345641
0.0100668
0.0252885
0.0235757
0.0122452
0.0354093
0.034556
0.0292197
0.0305128
0.0332989
0.0279994
0.0283722
0.0338544
0.0119461
0.0120255
0.022911
0.0226971
0.0519865
0.0540994
0.0492119
0.0494306
0.0540172
0.0488061
0.0490476
0.0540947
0.0385561
0.0391221
0.0441152
0.0437109
0.0402228
0.0448694
0.0444804
0.0396615
0.0519864
0.0494306
0.0492158
0.0540996
0.0402228
0.0396768
0.0444922
0.0448707
0.0385561
0.0437122
0.0441166
0.0391221
0.0540172
0.0540947
0.0490475
0.0488061
0.12226
0.182205
0.224274
0.194188
0.220144
0.232885
0.230638
0.20207
0.28582
0.277339
0.262699
0.276423
0.241524
0.208619
0.244632
0.263137
0.240858
0.344854
0.270292
0.234388
0.415631
0.331978
0.310512
0.395078
0.289261
0.2845
0.292197
0.294778
0.23558
0.237662
0.278669
0.27233
0.240937
0.234301
0.270265
0.34483
0.235547
0.27234
0.278652
0.237572
0.289259
0.2949
0.292168
0.284491
0.415634
0.395067
0.31045
0.331679
0.122284
0.19419
0.224275
0.182146
0.241465
0.263136
0.244314
0.208642
0.285818
0.276416
0.262648
0.277345
0.219852
0.201988
0.230877
0.232883
0.0888944
0.0916922
0.12197
0.150726
0.0309765
0.143886
0.135897
0.103821
0.221302
0.186525
0.163256
0.177013
0.047128
0.0478809
0.147078
0.169826
0.0628435
0.130494
0.139234
0.102917
0.195877
0.203733
0.174502
0.162033
0.24982
0.246937
0.22908
0.200811
0.113472
0.11045
0.177274
0.178723
0.0631128
0.102827
0.139185
0.130624
0.1134
0.179175
0.177425
0.110517
0.249826
0.199811
0.238406
0.24452
0.195839
0.160876
0.173853
0.203519
0.0889533
0.150862
0.122213
0.0916807
0.0471372
0.16983
0.147087
0.0479085
0.221307
0.212726
0.163264
0.186529
0.0331492
0.104138
0.135616
0.143817
0.108642
0.11114
0.102372
0.103399
0.115225
0.100063
0.101239
0.113637
0.112967
0.113807
0.11001
0.109023
0.115531
0.112072
0.111067
0.114704
0.106152
0.096877
0.0973175
0.108427
0.123482
0.116708
0.109645
0.111937
0.111868
0.107756
0.107791
0.1122
0.113014
0.110714
0.0979844
0.098943
0.113555
0.113243
0.114111
0.114944
0.112921
0.111628
0.113141
0.112952
0.11416
0.117094
0.116831
0.114643
0.133173
0.128982
0.123133
0.12488
0.11928
0.11628
0.115234
0.11794
0.117837
0.11698
0.117683
0.118605
0.115212
0.115756
0.116703
0.116078
0.114508
0.115955
0.113966
0.112789
0.108652
0.103395
0.102378
0.111149
0.115546
0.114718
0.111077
0.112081
0.11298
0.109035
0.110021
0.11382
0.11524
0.113647
0.101248
0.100068
0.119281
0.117938
0.115241
0.116273
0.114511
0.112801
0.11396
0.115988
0.115222
0.11609
0.116711
0.115759
0.11785
0.118615
0.117692
0.116993
0.113563
0.114959
0.114128
0.113247
0.133177
0.124887
0.123148
0.12896
0.114169
0.114646
0.116834
0.117102
0.112891
0.112958
0.113163
0.11164
0.10619
0.108462
0.0973251
0.0968561
0.113032
0.0989468
0.0979891
0.110736
0.11188
0.11221
0.1078
0.107768
0.123487
0.111934
0.109652
0.116716
0.0567095
0.0572737
0.0619286
0.0613631
0.05896
0.0636345
0.0636298
0.0589554
0.0729834
0.0729785
0.0683041
0.0683089
0.0706699
0.0660169
0.0665833
0.0712379
0.0567094
0.0613623
0.0619282
0.0572737
0.0706692
0.0712378
0.0665829
0.0660157
0.0729834
0.0683089
0.0683041
0.0729785
0.05896
0.0589554
0.0636298
0.0636345
0.0892785
0.089854
0.0852
0.0846264
0.0916806
0.0870063
0.0870004
0.0916743
0.0776577
0.0776526
0.0823265
0.082332
0.075322
0.0799742
0.0805461
0.0758921
0.0892779
0.0846259
0.0851996
0.0898534
0.0753218
0.0758921
0.0805458
0.0799736
0.0776577
0.082332
0.0823264
0.0776526
0.0916805
0.091674
0.0870002
0.0870062
0.243144
0.24746
0.487592
0.422369
0.252586
0.513035
0.516031
0.249255
0.617846
0.599628
0.591168
0.610533
0.489001
0.471016
0.537205
0.55195
0.236045
0.477668
0.486538
0.240714
0.584742
0.599421
0.59701
0.582512
0.621334
0.616196
0.611146
0.614
0.248784
0.249485
0.499759
0.504943
0.236033
0.240711
0.486554
0.477678
0.248801
0.504951
0.499719
0.249484
0.621332
0.613999
0.611149
0.616196
0.584742
0.582514
0.597013
0.599421
0.243151
0.422346
0.487589
0.247454
0.489012
0.551949
0.537206
0.471014
0.617845
0.610481
0.591154
0.599626
0.252583
0.249149
0.51642
0.513046
0.102022
0.149646
0.149052
0.0964861
0.191144
0.196711
0.198188
0.192016
0.20381
0.203426
0.20312
0.201052
0.127831
0.114162
0.145535
0.144834
0.0638125
0.0849625
0.133973
0.117476
0.0819222
0.124962
0.116095
0.0744288
0.202288
0.199095
0.188067
0.190556
0.191475
0.183531
0.184951
0.195225
0.0596041
0.0817633
0.105272
0.0662563
0.104259
0.113567
0.112615
0.0922876
0.206817
0.152929
0.139839
0.158246
0.0818613
0.0725394
0.12136
0.130546
0.115186
0.115989
0.114804
0.104314
0.138782
0.142148
0.133071
0.131707
0.208176
0.161039
0.13443
0.184964
0.113694
0.114829
0.11305
0.114193
0.102048
0.096495
0.14919
0.149676
0.127836
0.14489
0.145775
0.114167
0.203822
0.201086
0.203145
0.203568
0.191187
0.192032
0.198228
0.196765
0.115194
0.104544
0.114976
0.116049
0.113673
0.1143
0.113193
0.114851
0.208177
0.185094
0.134565
0.161112
0.138792
0.131702
0.133069
0.14216
0.059448
0.0661695
0.105231
0.0817667
0.0818467
0.130548
0.121299
0.0722738
0.206815
0.157785
0.139759
0.152861
0.10426
0.0922818
0.112659
0.113728
0.0638658
0.117489
0.134075
0.0849743
0.191551
0.195281
0.184989
0.183574
0.202297
0.191072
0.188089
0.199128
0.0819159
0.0744219
0.116103
0.124919
0.0933454
0.0945658
0.083341
0.062343
0.0940167
0.0933969
0.0934933
0.0940443
0.0745152
0.074744
0.0852435
0.0850801
0.0572773
0.0580305
0.0738655
0.0681809
0.0934037
0.062382
0.0779839
0.0946278
0.0573371
0.0687029
0.0738449
0.0580456
0.0745263
0.0850881
0.0852675
0.0747775
0.0940184
0.0940494
0.0935077
0.0934018
0.0158444
0.0144572
0.0385295
0.0404821
0.0138704
0.0368173
0.0369257
0.0139165
0.0639415
0.0641913
0.0535031
0.0533277
0.0529124
0.0527971
0.05518
0.0621784
0.0158506
0.0404646
0.0385134
0.0144687
0.052846
0.0621027
0.0551436
0.0527545
0.0639304
0.0533197
0.0534793
0.0641579
0.013873
0.0139243
0.0369157
0.036814
0.232029
0.251074
0.497765
0.496613
0.246827
0.371041
0.448664
0.262137
0.409
0.481982
0.474822
0.39931
0.562869
0.558912
0.518552
0.525857
0.0512399
0.0795099
0.117623
0.0926016
0.103308
0.137178
0.131049
0.0947166
0.322623
0.313403
0.219323
0.228547
0.203739
0.140521
0.19348
0.28634
0.0512906
0.0926606
0.117636
0.0795185
0.203747
0.286374
0.193528
0.140805
0.322623
0.228542
0.219349
0.31342
0.103305
0.0947379
0.131065
0.137186
0.232028
0.497083
0.497847
0.250911
0.56287
0.525856
0.518559
0.558898
0.409
0.399332
0.474824
0.481987
0.246649
0.261877
0.448693
0.371062
0.0923715
0.145333
0.179079
0.126507
0.170762
0.209634
0.20354
0.166429
0.243059
0.236886
0.235655
0.242115
0.136165
0.140243
0.208185
0.211082
0.0923483
0.12651
0.179048
0.145595
0.13618
0.211009
0.208221
0.140183
0.243057
0.242113
0.23601
0.236814
0.170765
0.166442
0.203494
0.209632
0.0747013
0.146498
0.155093
0.080837
0.208407
0.195129
0.186583
0.185955
0.197823
0.190915
0.209202
0.209418
0.0889937
0.0842121
0.162181
0.171717
0.0745484
0.0807771
0.155095
0.146482
0.0889663
0.171598
0.162268
0.0842719
0.197825
0.209422
0.209209
0.19092
0.20841
0.185976
0.187013
0.195134
