-0.668158
0.215
-2.145
-0.713945
0.295
2.135
-0.745
0.775
-1.88391
-0.6227
0.925
2.135
0.668158
0.215
-2.145
0.713945
0.295
2.135
0.745
0.775
-1.88391
0.622701
0.925
2.135
0.0387157
0.059553
0.122054
0.138889
0.0387172
0.0595516
0.122035
0.13889
-0.0537813
-0.0112442
0.0275296
0.0380388
-0.00843564
-0.053629
-0.088927
-0.042254
0.00887331
0.0560697
0.0635978
-0.00152612
-0.047499
-0.0796877
-0.014815
0.0366251
0.128601
0.133895
0.0252229
-0.0208548
-0.0456339
0.103135
0.157112
0.227304
0.233605
0.165984
0.108783
0.07002
-0.0616944
-0.0188239
0.0171211
0.0355953
-0.0089808
-0.0577265
-0.0948019
-0.0531315
-0.0535891
-0.0873527
-0.0343659
-0.0353842
-0.0567492
0.0917903
0.147692
0.226161
0.234826
0.160097
0.0999486
0.0617082
-0.0616964
-0.0188247
0.0171212
0.0355942
-0.00898131
-0.057727
-0.0948027
-0.0531333
-0.0535895
-0.0873535
-0.0343684
-0.0353846
-0.05675
0.091785
0.147686
0.226155
0.234822
0.160096
0.0999473
0.0617069
-0.0537866
-0.011249
0.0275265
0.0380367
-0.00843714
-0.0536305
-0.0889289
-0.0422596
0.00886694
0.0560645
0.063596
-0.00152723
-0.0475002
-0.0796895
-0.0148223
0.0366148
0.128583
0.133893
0.025222
-0.020856
-0.0456357
0.103125
0.1571
0.227292
0.233598
0.16598
0.10878
0.070017
0.0585989
0.00495384
0.0209761
0.0235089
0.00859794
0.0852205
0.0883469
0.0924727
0.075279
0.121136
0.0585917
0.0209768
0.0235988
0.085224
0.0924641
0.121127
0.0411737
0.192244
0.0414217
0.221672
0.0594672
0.141207
0.463174
0.574946
0.0411724
0.192241
0.221676
0.141215
0.204662
0.204721
0.0230799
0.172316
0.322675
0.21302
0.213009
0.0433448
0.589351
0.211693
0.211693
0.0705481
0.494527
0.190258
0.0404549
0.00493903
0.0123893
0.0506687
0.00373188
0.0769328
0.0289475
0.0617589
0.0606871
0.0298882
0.0609874
0.0922082
0.00494747
0.04055
0.0123796
0.00367041
0.0506074
0.0759019
0.0617528
0.0290378
0.0604121
0.0610454
0.0298896
0.0922479
0.0294588
0.0399236
0.191206
0.0399346
0.0762602
0.0503862
0.215772
0.0608617
0.108116
0.18094
0.134791
0.459727
0.136637
0.202043
0.140035
0.56767
0.0294598
0.0399347
0.039923
0.191191
0.0762628
0.060862
0.050387
0.21582
0.108094
0.459733
0.180938
0.13477
0.136627
0.567676
0.202078
0.140063
0.191318
0.305553
0.0145263
0.277099
0.20618
0.023309
0.16706
0.16521
0.0669918
0.227613
0.190504
0.0786733
0.136897
0.337671
0.20129
0.161793
0.377875
0.155958
0.214979
0.49133
0.191305
0.305583
0.206183
0.0233091
0.167065
0.16541
0.190513
0.0786739
0.201562
0.161794
0.214963
0.49133
0.202819
0.04377
0.193904
0.204187
0.0322899
0.0429013
0.217362
0.219477
0.0514132
0.0685558
0.208111
0.587353
0.289857
0.563905
0.588266
0.542078
0.202819
0.0437702
0.19387
0.20418
0.217359
0.219509
0.208112
0.587352
0.193675
0.211459
0.162968
0.176859
0.193669
0.176866
0.162958
0.211461
0.0142724
0.0142769
0.0324016
0.0324014
0.11748
0.275981
0.275908
0.117482
0.244929
0.310637
0.310658
0.244914
0.19828
0.208319
0.206264
0.196417
0.198286
0.196407
0.206269
0.208319
0.0425671
0.0425673
0.0523249
0.0523248
0.556779
0.582768
0.582773
0.55675
0.199614
0.156773
0.164295
0.218181
0.199608
0.218189
0.164323
0.156778
0.0726199
0.0726201
0.0703278
0.0706297
0.535668
0.344086
0.344115
0.535676
0.201666
0.201672
0.157542
0.157575
0.0129356
0.00491781
0.00787156
0.0264758
0.00833307
0.0420262
0.0168074
0.0406513
0.0360367
0.0241441
0.0411879
0.0617839
0.00492618
0.0129695
0.00787074
0.00779196
0.0264328
0.0411239
0.0406501
0.0168805
0.0360032
0.0412762
0.0239626
0.0617487
0.0338728
0.0359143
0.188261
0.0394914
0.0718326
0.0549693
0.196818
0.0602562
0.115062
0.170685
0.128639
0.381716
0.138104
0.205664
0.139695
0.382982
0.0338742
0.0394918
0.0359163
0.188257
0.0718077
0.0602563
0.0549714
0.196821
0.115055
0.381689
0.170723
0.128638
0.138112
0.382986
0.205617
0.139708
0.0698821
0.0519803
0.137678
0.240733
0.00494683
0.00495509
0.0101496
0.245082
0.0167107
0.0252167
0.209106
0.0234137
0.0565396
0.0243622
0.130803
0.120428
0.00654855
0.00651185
0.038527
0.166491
0.0885512
0.08074
0.172888
0.0827485
0.0830103
0.0829758
0.116579
0.314542
0.0771256
0.10179
0.136669
0.150596
0.0708766
0.0708922
0.231358
0.176362
0.110665
0.129282
0.186056
0.444646
0.0697595
0.0521457
0.137671
0.240954
0.0167108
0.0252172
0.209059
0.023414
0.0565069
0.0243807
0.130799
0.120449
0.0889922
0.0807409
0.172957
0.0827493
0.0770356
0.101692
0.136542
0.15059
0.11066
0.129285
0.186176
0.44464
0.0445282
0.0457846
0.196579
0.0425865
0.19775
0.187481
0.184068
0.198208
0.0414134
0.0414136
0.0368128
0.038949
0.21947
0.222004
0.219647
0.219774
0.0595407
0.0595407
0.0554401
0.0675623
0.139884
0.140731
0.202513
0.397532
0.466491
0.466491
0.381178
0.525439
0.582578
0.582579
0.582649
0.558496
0.0445299
0.0457865
0.196577
0.042587
0.197744
0.187478
0.184066
0.198204
0.219472
0.222004
0.219646
0.219777
0.13991
0.140729
0.202483
0.397529
0.199116
0.205894
0.203514
0.211552
0.199096
0.205892
0.20351
0.21155
0.0188251
0.0231967
0.0231968
0.0276845
0.154802
0.172601
0.172592
0.192274
0.312382
0.311654
0.343701
0.312379
0.213972
0.210194
0.21494
0.212583
0.21397
0.21019
0.214929
0.21258
0.0428438
0.0466095
0.0473857
0.0428438
0.597553
0.582176
0.59082
0.597554
0.203467
0.205614
0.226904
0.215735
0.203554
0.20521
0.227417
0.215737
0.0721692
0.0746071
0.0746075
0.0695483
0.471555
0.495757
0.495757
0.519294
0.184272
0.229181
0.16445
0.184285
0.145018
0.183518
0.0100158
0.204282
0.181251
0.0144156
0.118087
0.171845
0.0384795
0.13812
0.132814
0.077459
0.129036
0.204348
0.0933172
0.28064
0.117184
0.1036
0.132515
0.117997
0.203987
0.145251
0.151118
0.293033
0.0100181
0.204302
0.145023
0.183512
0.181289
0.0144186
0.0384741
0.138119
0.118061
0.171809
0.132894
0.0769758
0.0933145
0.280592
0.129206
0.204308
0.117213
0.103516
0.204028
0.145203
0.132493
0.118032
0.151225
0.293048
0.209165
0.0323917
0.1928
0.0418033
0.184148
0.194733
0.0368586
0.0386256
0.18144
0.0752288
0.198139
0.0514323
0.212331
0.214096
0.0565925
0.0696675
0.149483
0.242808
0.171307
0.188652
0.189214
0.39243
0.375442
0.512992
0.200065
0.463135
0.203422
0.205992
0.205096
0.391367
0.576463
0.555924
0.209131
0.0323919
0.0368588
0.0386257
0.1928
0.0418039
0.184145
0.194726
0.181489
0.0752295
0.0565926
0.0696676
0.198154
0.0514326
0.212333
0.214097
0.149481
0.242767
0.375372
0.512986
0.171305
0.188644
0.18933
0.392437
0.200054
0.463148
0.576456
0.555933
0.20342
0.205941
0.205087
0.391364
0.197888
0.188761
0.280131
0.310924
0.0143992
0.0144037
0.262688
0.26269
0.205082
0.209702
0.0188127
0.0278548
0.168463
0.161997
0.216066
0.161648
0.0684653
0.0684652
0.220479
0.220483
0.195455
0.180393
0.0756431
0.0779502
0.131717
0.131714
0.330489
0.330472
0.176748
0.196314
0.14293
0.169685
0.368872
0.368944
0.148832
0.147293
0.199036
0.219655
0.514339
0.46581
0.197885
0.188759
0.310921
0.280199
0.205083
0.209702
0.0188129
0.027855
0.162015
0.168512
0.216085
0.161643
0.195449
0.180413
0.0756436
0.0779507
0.196312
0.176799
0.169634
0.142901
0.21965
0.198899
0.465823
0.514344
0.201664
0.20469
0.0460829
0.0480562
0.201207
0.18057
0.207335
0.20173
0.0323478
0.0323477
0.0426846
0.0426847
0.216726
0.217747
0.212703
0.222812
0.0511999
0.0511999
0.070585
0.0705851
0.208404
0.203658
0.579464
0.586987
0.2884
0.2884
0.570276
0.570295
0.596703
0.596703
0.541477
0.541476
0.201662
0.20469
0.0460828
0.0480566
0.180467
0.20121
0.207334
0.201728
0.217748
0.216749
0.212671
0.22281
0.203657
0.208458
0.586978
0.579471
0.133576
0.211565
0.204573
0.145392
0.195155
0.18895
0.2104
0.208703
0.163172
0.146004
0.20838
0.17836
0.0948362
0.131371
0.19835
0.125873
0.133577
0.146711
0.204572
0.21154
0.0949031
0.125885
0.198345
0.131357
0.163173
0.178358
0.208408
0.146027
0.195162
0.208691
0.210399
0.188943
0.00971739
0.0100853
0.0188214
0.0189355
0.00971835
0.018935
0.0188215
0.0100864
0.034955
0.0368377
0.0277719
0.0279024
0.0349543
0.027902
0.0277718
0.0368376
0.0763009
0.126963
0.151613
0.110746
0.332759
0.383873
0.187198
0.172155
0.332731
0.172126
0.187136
0.38385
0.0762968
0.110746
0.151618
0.126953
0.142845
0.228894
0.316004
0.230231
0.188171
0.310943
0.326823
0.237402
0.188136
0.23747
0.328849
0.31092
0.143039
0.230265
0.313516
0.228825
0.190537
0.195042
0.212237
0.202586
0.197534
0.218102
0.215355
0.19814
0.206671
0.205242
0.215381
0.219828
0.179969
0.194541
0.20885
0.198152
0.190537
0.202581
0.212235
0.195043
0.180001
0.198229
0.208846
0.194542
0.206669
0.21983
0.215379
0.205262
0.197546
0.198141
0.215347
0.218107
0.0380287
0.0388378
0.0462493
0.0450445
0.038029
0.0450445
0.0462494
0.0388379
0.0558468
0.0553702
0.0470286
0.0470197
0.0558455
0.047019
0.0470286
0.0553702
0.388188
0.394844
0.589701
0.528344
0.387261
0.590641
0.59916
0.394757
0.387256
0.394767
0.599158
0.590641
0.388195
0.528302
0.589679
0.394849
0.231071
0.176894
0.209179
0.217426
0.0866314
0.126146
0.198173
0.16181
0.122596
0.170279
0.19363
0.131226
0.209971
0.220322
0.229245
0.195097
0.231104
0.217427
0.209135
0.176923
0.209995
0.195085
0.229242
0.220329
0.122596
0.131233
0.193625
0.170235
0.0866302
0.161745
0.198172
0.126051
0.0711497
0.0686124
0.0725925
0.0789855
0.0711498
0.0789866
0.0725927
0.0686124
0.0404737
0.0382107
0.0750561
0.0832939
0.0405482
0.0833685
0.0750558
0.0382135
0.390357
0.453289
0.519572
0.561931
0.161705
0.224626
0.47142
0.393022
0.161689
0.392988
0.47142
0.224675
0.390348
0.561931
0.519572
0.453268
0.0981486
0.192746
0.229468
0.182215
0.0981409
0.182196
0.229472
0.192756
0.108746
0.163622
0.166342
0.119211
0.108768
0.119197
0.164072
0.163666
0.0126953
0.00489751
0.0055784
0.013453
-0.041559
0.0225289
0.00754603
0.0223049
0.0192618
0.0152828
0.0229162
0.0416933
0.00490584
0.0126412
0.00557745
-0.0413631
0.0134177
0.0209945
0.0222846
0.00751226
0.0188477
0.0229478
0.0152354
0.0418119
0.0361182
0.0406322
0.149641
0.0392656
0.0627398
0.0572626
0.170368
0.0597858
0.118641
0.15468
0.125451
0.244004
0.138543
0.182263
0.139267
0.254677
0.0361196
0.0392665
0.0406327
0.149643
0.0627176
0.0599483
0.0572622
0.170085
0.118643
0.244002
0.154663
0.125459
0.138552
0.254671
0.182265
0.139261
0.061046
0.0553547
0.100789
0.165105
0.00495143
0.00495556
0.00793563
0.216884
0.0188569
0.0230958
0.209601
0.0234604
0.0481806
0.0205723
0.109005
0.0845535
0.0076103
0.00757105
0.0246626
0.121373
0.0873263
0.0829773
0.152212
0.0849066
0.0862974
0.0862966
0.104363
0.243153
0.0853746
0.0974774
0.120879
0.136499
0.0730936
0.0731017
0.149186
0.14268
0.115679
0.125201
0.178296
0.273151
0.0610603
0.0553645
0.100772
0.165103
0.0188575
0.0230965
0.209606
0.0234607
0.0481816
0.0205794
0.108402
0.0846167
0.0872644
0.0829796
0.152184
0.0849084
0.0853211
0.0975261
0.120881
0.136449
0.115669
0.125196
0.178253
0.273164
0.0388684
0.0434817
0.157257
0.0420013
0.196768
0.19031
0.188081
0.19516
0.041418
0.0414181
0.0391165
0.0433995
0.22122
0.222671
0.220684
0.22068
0.059503
0.059503
0.0574537
0.0607045
0.14085
0.14106
0.181406
0.263604
0.465598
0.465597
0.426511
0.497578
0.579221
0.579222
0.579833
0.566801
0.0388706
0.0434818
0.156839
0.042006
0.196767
0.190302
0.188079
0.195155
0.221218
0.222671
0.220686
0.220683
0.140853
0.141082
0.18142
0.263609
0.202356
0.203973
0.204615
0.208534
0.202356
0.203965
0.204611
0.208554
0.0209596
0.0231389
0.023139
0.0253821
0.164087
0.172238
0.172234
0.181748
0.318826
0.324362
0.332079
0.318814
0.215053
0.211729
0.214101
0.213386
0.215056
0.211723
0.214094
0.21338
0.0430938
0.0413257
0.0453664
0.0430938
0.593975
0.586005
0.590323
0.593975
0.206196
0.209756
0.217327
0.213752
0.2062
0.209757
0.217335
0.213753
0.0713504
0.0725758
0.0725759
0.0700471
0.484487
0.495392
0.495392
0.506912
0.188293
0.211962
0.168236
0.18829
0.0265363
0.0540575
0.111194
0.124531
0.00493088
0.00494381
0.00786107
0.185421
0.0101046
0.0145915
0.178186
0.0144815
0.0424334
0.0538302
0.0897975
0.145702
-0.0501281
0.00525566
0.0229344
0.0978668
0.060056
0.0894263
0.111503
0.0820136
0.0196475
0.0366773
0.0851317
0.13188
0.0512915
0.0725118
0.0786968
0.216691
0.0516446
0.0688039
0.0915556
0.0881823
0.0269964
0.0277776
0.0971802
0.0827575
0.0496211
0.0662464
0.127822
0.125112
0.0769625
0.105622
0.137061
0.214838
0.00493929
0.00495226
0.00786473
0.18535
0.0265992
0.0542393
0.111428
0.124517
0.0101042
0.014592
0.177435
0.0144838
-0.042397
0.00522212
0.0229258
0.0974678
0.0424638
0.0536408
0.0897927
0.145577
0.0598923
0.090564
0.111481
0.0814902
0.0513021
0.0725081
0.0787027
0.216818
0.0194981
0.0311257
0.0851787
0.131882
0.0516763
0.0687809
0.0915535
0.0881979
0.0495671
0.0663164
0.12802
0.125107
0.0268902
0.0278374
0.0971739
0.0826131
0.076966
0.105541
0.137142
0.21492
0.0317542
0.0273374
0.214501
0.0323819
0.038166
0.0422265
0.154176
0.0414167
0.188281
0.196358
0.187679
0.192982
0.0397142
0.0414081
0.0391295
0.0419088
0.0740504
0.0784901
0.162967
0.0765443
0.052677
0.0480787
0.163453
0.0509983
0.208147
0.218605
0.214287
0.214359
0.0605547
0.05958
0.0587264
0.061837
0.111761
0.105151
0.141646
0.182795
0.176092
0.184372
0.176158
0.18479
0.131815
0.137754
0.170026
0.259673
0.447822
0.466536
0.423236
0.486307
0.137447
0.133397
0.194798
0.288849
0.203893
0.21181
0.202401
0.202227
0.139829
0.140389
0.182293
0.260071
0.511478
0.582706
0.57224
0.56216
0.0317546
0.0273382
0.214487
0.0323824
0.0397143
0.0414082
0.0391297
0.041909
0.0381675
0.0422264
0.154395
0.0414271
0.18828
0.196378
0.187677
0.192959
0.0740292
0.0784941
0.163023
0.076546
0.0605552
0.05958
0.0587265
0.0618371
0.0526801
0.0480796
0.163603
0.0509997
0.208141
0.218612
0.214295
0.214364
0.111757
0.105164
0.141653
0.182801
0.447808
0.466538
0.423116
0.486287
0.176063
0.184379
0.1762
0.184785
0.131805
0.137774
0.170031
0.259679
0.137404
0.133405
0.194788
0.288834
0.511495
0.582707
0.572205
0.56216
0.203943
0.211836
0.202403
0.202333
0.139827
0.140397
0.182299
0.260066
0.173149
0.195675
0.195293
0.192936
0.282335
0.313231
0.294101
0.308982
0.0123313
0.016705
0.0144614
0.0144652
0.263046
0.293963
0.271108
0.271102
0.204308
0.202744
0.205562
0.207889
0.0233624
0.0232535
0.0210679
0.0255818
0.148888
0.184538
0.171151
0.164467
0.147872
0.178185
0.193275
0.163145
0.0530159
0.0729738
0.0675659
0.0675796
0.196435
0.228697
0.225174
0.225176
0.181575
0.199854
0.193403
0.183768
0.0807086
0.0766393
0.0771572
0.0783032
0.127434
0.146091
0.135006
0.135006
0.334934
0.346005
0.344744
0.33826
0.165034
0.203834
0.189059
0.199325
0.157641
0.166537
0.152118
0.174962
0.306712
0.452222
0.374567
0.374606
0.183948
0.162852
0.150715
0.150715
0.183768
0.218787
0.209817
0.218164
0.479854
0.495425
0.502811
0.479634
0.173205
0.195814
0.19529
0.192932
0.282307
0.313209
0.308982
0.293979
0.204308
0.20274
0.205565
0.207891
0.0233627
0.0232536
0.0210681
0.025582
0.148613
0.184544
0.164472
0.171134
0.147981
0.178205
0.19327
0.163133
0.181568
0.199676
0.193397
0.183791
0.0807096
0.0766397
0.0771577
0.0783038
0.16504
0.203832
0.199323
0.188981
0.157631
0.166537
0.174958
0.152115
0.183788
0.218685
0.218153
0.209187
0.479853
0.495424
0.479638
0.502826
0.20136
0.210216
0.202918
0.202966
0.0431754
0.042595
0.0417328
0.0459147
0.180035
0.213013
0.200222
0.187501
0.201203
0.207236
0.207379
0.203612
0.0345662
0.0299872
0.0323194
0.0323193
0.0409251
0.0448773
0.042793
0.0427931
0.218529
0.216125
0.217956
0.21822
0.220473
0.217417
0.216238
0.224518
0.0534266
0.0493997
0.0513058
0.0513058
0.0680595
0.0690511
0.069569
0.0695691
0.205098
0.210733
0.209141
0.205882
0.531266
0.597593
0.584535
0.588241
0.335665
0.238332
0.289152
0.289152
0.547976
0.575017
0.567763
0.567668
0.585464
0.591075
0.592937
0.592937
0.550287
0.531571
0.542005
0.542005
0.20133
0.210215
0.202945
0.202965
0.0431756
0.0425951
0.0417328
0.0459149
0.180031
0.213093
0.187498
0.200222
0.201198
0.20723
0.20738
0.203605
0.218529
0.216118
0.218215
0.217955
0.220473
0.21742
0.216238
0.224517
0.205103
0.210733
0.205882
0.209096
0.531287
0.597594
0.588242
0.584536
0.171496
0.193207
0.19074
0.199463
0.20933
0.191292
0.211519
0.209554
0.156267
0.166401
0.166191
0.170655
0.155035
0.160946
0.184895
0.193104
0.171549
0.19319
0.190725
0.199462
0.155057
0.161165
0.184684
0.193102
0.156256
0.166401
0.166037
0.170559
0.211829
0.191091
0.211519
0.209572
0.0121379
0.0143454
0.0143364
0.016572
0.0121391
0.0143491
0.0143409
0.0165721
0.0323981
0.034645
0.0301283
0.0323753
0.0323977
0.0346447
0.0301281
0.0323751
0.105891
0.109481
0.122956
0.129729
0.261128
0.327468
0.223459
0.282862
0.261108
0.327455
0.223443
0.282823
0.105891
0.109499
0.122973
0.129741
0.233984
0.22428
0.266708
0.257908
0.258926
0.299786
0.312565
0.323969
0.29977
0.259667
0.323948
0.312553
0.224279
0.233959
0.257919
0.26681
0.194479
0.196562
0.199928
0.204657
0.203838
0.210312
0.206502
0.215517
0.204441
0.207115
0.215268
0.207326
0.192512
0.192692
0.199467
0.200272
0.19449
0.196571
0.199924
0.204655
0.192515
0.192693
0.199456
0.200257
0.204439
0.207158
0.215291
0.207339
0.203838
0.210311
0.206502
0.215518
0.0421849
0.0405963
0.0445379
0.0425761
0.0405965
0.0421852
0.0425762
0.0445379
0.0544586
0.0518754
0.0510954
0.0501911
0.0518753
0.0544587
0.0501909
0.0510954
0.524704
0.542629
0.570571
0.568317
0.522837
0.579275
0.58632
0.597089
0.579272
0.522788
0.59709
0.586322
0.542625
0.524884
0.568321
0.570574
0.191725
0.20342
0.197515
0.208785
0.137648
0.147471
0.162881
0.173109
0.14725
0.160638
0.161687
0.182968
0.196327
0.21182
0.220382
0.219334
0.191722
0.203421
0.197508
0.208741
0.196323
0.21183
0.220386
0.219348
0.147245
0.160435
0.161692
0.182962
0.137649
0.147422
0.162882
0.173162
0.0739235
0.0711442
0.0741303
0.071602
0.0739241
0.0711443
0.0741307
0.0716022
0.0546263
0.073698
0.069397
0.0775835
0.0546289
0.0740752
0.0696932
0.077583
0.51833
0.546969
0.525646
0.540137
0.277064
0.323637
0.357978
0.406687
0.277059
0.32362
0.357986
0.406684
0.51832
0.546969
0.525653
0.540138
0.189236
0.168956
0.209188
0.211923
0.168898
0.189185
0.211921
0.209159
0.153814
0.139662
0.148168
0.160222
0.139714
0.153676
0.16024
0.146625
0.0993652
0.0859518
0.00770134
0.131671
0.124238
0.00980749
0.0643328
0.0717993
0.0220882
0.0203781
0.067291
0.0418817
0.0703807
0.11895
0.0601596
0.144722
0.0726043
0.0590694
0.0934097
0.0790839
0.0933833
0.0932847
0.11218
0.121682
0.00770454
0.131656
0.0990442
0.0859476
0.124237
0.00980832
0.0219315
0.0201576
0.0642828
0.0716812
0.0672604
0.041693
0.0601202
0.144747
0.0706624
0.118965
0.0724835
0.0590688
0.0934256
0.0933571
0.093357
0.0790072
0.111718
0.121688
0.128963
0.0348371
0.1498
0.0373783
0.191781
0.189401
0.0372211
0.0413824
0.157105
0.071401
0.166593
0.0554022
0.197177
0.200613
0.0580509
0.0631295
0.146936
0.226218
0.166914
0.174838
0.162454
0.25342
0.363687
0.385101
0.18217
0.259131
0.205479
0.20787
0.182294
0.25686
0.384553
0.38706
0.128727
0.0348381
0.0372218
0.0413826
0.149803
0.0373786
0.191795
0.189399
0.157254
0.0714036
0.0580516
0.0631298
0.16662
0.055488
0.197184
0.200625
0.146933
0.22621
0.36363
0.385119
0.166908
0.174846
0.162457
0.25343
0.182169
0.259129
0.384597
0.38707
0.2054
0.207852
0.182294
0.256864
0.116725
0.168072
0.0931768
0.173276
0.139587
0.133908
0.232009
0.241889
0.00790124
0.210711
0.00790343
0.210713
0.0101181
0.0101187
0.239164
0.239485
0.207786
0.0189954
0.211895
0.0279208
0.210185
0.20873
0.0211817
0.0256579
0.0975051
0.154729
0.104593
0.0790467
0.13056
0.13051
0.15753
0.119689
0.0238248
0.148157
0.0238192
0.148091
0.0383827
0.0383841
0.163829
0.163825
0.146941
0.0873462
0.157679
0.0807199
0.17475
0.165574
0.0808659
0.0830502
0.0987379
0.241415
0.0985846
0.241425
0.114236
0.114236
0.313542
0.313545
0.107368
0.1109
0.134537
0.159364
0.140251
0.130611
0.138725
0.163026
0.142501
0.140009
0.142507
0.139965
0.228323
0.22832
0.168052
0.168032
0.164213
0.273884
0.189181
0.280074
0.178152
0.190599
0.450234
0.427013
0.118781
0.16886
0.0933618
0.173307
0.139557
0.133922
0.241864
0.231746
0.207431
0.0189953
0.211898
0.0279212
0.210148
0.208673
0.0211816
0.0256582
0.097457
0.154698
0.104509
0.0790278
0.130454
0.130519
0.157453
0.119495
0.146875
0.0873741
0.157399
0.0807208
0.174771
0.165575
0.0808669
0.0830134
0.107475
0.110896
0.134551
0.159331
0.13058
0.140262
0.162993
0.138695
0.164186
0.27383
0.189161
0.280076
0.190613
0.178153
0.426951
0.450219
0.159292
0.0455208
0.160368
0.0465122
0.195856
0.197692
0.0406317
0.0448043
0.193265
0.200214
0.182866
0.191017
0.188207
0.181561
0.202041
0.196928
0.0391248
0.0433387
0.0391249
0.0433388
0.0368257
0.0368256
0.0388936
0.0388937
0.218767
0.217752
0.221033
0.221218
0.219288
0.220425
0.219422
0.220834
0.0574555
0.0612673
0.0574555
0.0612674
0.0554043
0.0554043
0.0680862
0.0680862
0.17693
0.261767
0.1823
0.262237
0.205467
0.200706
0.396085
0.39648
0.431184
0.49825
0.431062
0.49823
0.382548
0.382546
0.527758
0.527757
0.587607
0.572245
0.587607
0.57225
0.587079
0.587079
0.560569
0.560568
0.159197
0.0455381
0.160142
0.0465139
0.195882
0.197697
0.0406317
0.0448051
0.193257
0.200209
0.182863
0.191013
0.181557
0.188203
0.20204
0.196926
0.218774
0.217756
0.221034
0.22125
0.220422
0.219283
0.219305
0.220851
0.176923
0.261767
0.182303
0.26224
0.200711
0.205478
0.39647
0.396088
0.201229
0.201208
0.205224
0.208149
0.207042
0.20092
0.211932
0.210941
0.201174
0.201203
0.205222
0.208147
0.200917
0.207037
0.211019
0.211937
0.0188239
0.0188239
0.0210162
0.0254842
0.0210162
0.0254843
0.0277288
0.0277287
0.153814
0.153814
0.161752
0.183645
0.183636
0.161751
0.189029
0.188856
0.329374
0.321135
0.313829
0.312585
0.33163
0.333831
0.321307
0.326746
0.213384
0.214685
0.212768
0.210161
0.216635
0.215937
0.214193
0.210687
0.213383
0.214679
0.212769
0.210155
0.215931
0.216637
0.210684
0.214189
0.0408961
0.0449373
0.0466733
0.0466733
0.0472065
0.0472065
0.0408962
0.0449373
0.594076
0.598656
0.586537
0.586536
0.59546
0.59546
0.598664
0.593997
0.201659
0.195824
0.207387
0.199501
0.210749
0.228765
0.213155
0.221593
0.196056
0.201666
0.207338
0.199473
0.228763
0.210744
0.213156
0.2216
0.0736107
0.0736106
0.0735987
0.0748231
0.073599
0.0748234
0.0710687
0.0710688
0.471796
0.471795
0.507664
0.484712
0.484714
0.507664
0.519713
0.519713
0.209921
0.16447
0.229751
0.229753
0.165191
0.163991
0.209987
0.164461
0.139999
0.149559
0.162192
0.204963
0.00986773
0.010051
0.188497
0.218637
0.159729
0.206348
0.0120592
0.0167037
0.105532
0.122166
0.123994
0.176653
0.0401157
0.038182
0.016865
0.150225
0.109813
0.155123
0.0591353
0.0836709
0.123772
0.130297
0.201362
0.206716
0.0854227
0.100956
0.240492
0.299594
0.107212
0.123109
0.0902126
0.114553
0.12876
0.131897
0.1156
0.119275
0.186335
0.215697
0.131424
0.154764
0.136922
0.161449
0.228043
0.352999
0.00986938
0.0100528
0.188563
0.218692
0.140009
0.149564
0.162188
0.205066
0.159744
0.206343
0.012059
0.0167028
0.0400739
0.0381642
0.0168741
0.15022
0.105532
0.122084
0.123664
0.17664
0.109818
0.155027
0.0590263
0.0835583
0.0854081
0.101007
0.240492
0.299535
0.123745
0.130288
0.201382
0.206173
0.107288
0.123155
0.0901833
0.114514
0.186377
0.215665
0.131418
0.154755
0.12856
0.131904
0.115517
0.119004
0.13695
0.161449
0.228039
0.353115
0.208
0.209841
0.0346113
0.0301467
0.191684
0.193931
0.039916
0.0436919
0.188479
0.188854
0.191276
0.200627
0.036831
0.0368486
0.038327
0.0386431
0.187527
0.17923
0.0736457
0.0771054
0.19789
0.19816
0.0536407
0.0492262
0.205296
0.217248
0.223354
0.21563
0.0562159
0.0553376
0.0708628
0.0691395
0.156225
0.146097
0.2949
0.177138
0.16769
0.175019
0.184436
0.191951
0.183805
0.193674
0.390721
0.393506
0.367453
0.380431
0.495202
0.524393
0.205826
0.198355
0.427283
0.458078
0.206195
0.21357
0.209766
0.21291
0.206037
0.204289
0.389756
0.392949
0.517643
0.590995
0.529696
0.561344
0.207995
0.209842
0.0346118
0.0301471
0.0368314
0.0368487
0.0383272
0.0386432
0.191679
0.193933
0.0399166
0.0436922
0.18848
0.188847
0.191276
0.200629
0.1875
0.179255
0.073646
0.0771064
0.0562165
0.0553376
0.0708631
0.0691397
0.197909
0.198173
0.0536415
0.0492265
0.205295
0.217259
0.22336
0.215632
0.156232
0.146074
0.294898
0.177129
0.367327
0.380391
0.495195
0.524388
0.167685
0.175025
0.184435
0.191972
0.183778
0.193706
0.390727
0.393514
0.205851
0.19834
0.427291
0.458089
0.517655
0.590995
0.529691
0.561344
0.206185
0.213573
0.210647
0.212876
0.206046
0.204205
0.389749
0.392959
0.198817
0.17686
0.168386
0.195813
0.265191
0.291424
0.323482
0.282692
0.0122371
0.016641
0.0166411
0.0122378
0.296411
0.247735
0.247702
0.29396
0.203883
0.200538
0.208812
0.207203
0.0188178
0.0188755
0.0278797
0.0278138
0.147341
0.187781
0.178839
0.146334
0.223602
0.203541
0.143708
0.155949
0.0533542
0.0752745
0.0752743
0.0533556
0.199528
0.225711
0.225716
0.199531
0.186933
0.204274
0.189941
0.171381
0.074117
0.0773125
0.0806575
0.0765024
0.141882
0.12182
0.12182
0.141858
0.329418
0.329494
0.32988
0.329462
0.159157
0.193645
0.19937
0.177917
0.135302
0.145171
0.178768
0.173743
0.299301
0.451847
0.451848
0.299298
0.172161
0.163814
0.161569
0.172177
0.176191
0.195059
0.229513
0.19198
0.500332
0.51868
0.469761
0.453349
0.176786
0.198816
0.195811
0.168418
0.282407
0.334311
0.291435
0.265053
0.200535
0.203882
0.2072
0.208821
0.0188753
0.0188179
0.027814
0.0278799
0.146343
0.178857
0.187748
0.147343
0.203495
0.223608
0.14814
0.143605
0.204171
0.186933
0.171369
0.189949
0.077313
0.0741173
0.0765028
0.0806203
0.177924
0.199368
0.19363
0.159138
0.173731
0.178711
0.145213
0.135238
0.192114
0.229583
0.195034
0.176186
0.453274
0.469789
0.518691
0.500316
0.198033
0.20898
0.212563
0.202719
0.0464677
0.046045
0.0475345
0.0468524
0.185672
0.212556
0.198512
0.173861
0.209657
0.20496
0.198088
0.205351
0.0346076
0.0300598
0.0300597
0.0346075
0.0407613
0.0445891
0.0445892
0.0407614
0.217425
0.216052
0.21657
0.21886
0.210954
0.21567
0.219541
0.225405
0.053285
0.0491145
0.0491145
0.0532851
0.0695991
0.0715877
0.0715879
0.0695992
0.206457
0.213344
0.206658
0.200287
0.527672
0.589421
0.599511
0.527306
0.336467
0.237014
0.237013
0.336466
0.582251
0.552876
0.552868
0.582249
0.593669
0.59941
0.599412
0.59367
0.531415
0.551705
0.551704
0.531415
0.208977
0.198032
0.202719
0.212562
0.0460449
0.0464678
0.0468524
0.047535
0.17386
0.198284
0.212555
0.185661
0.204957
0.209655
0.205347
0.198087
0.218859
0.216567
0.216044
0.217432
0.215671
0.210932
0.225386
0.219419
0.200288
0.206662
0.213345
0.20651
0.527286
0.599509
0.589423
0.527665
0.083699
0.151077
0.166297
0.104245
0.209085
0.203975
0.198485
0.202476
0.202345
0.196076
0.19588
0.201529
0.10483
0.116671
0.176066
0.172983
0.133282
0.188533
0.202551
0.20472
0.19246
0.183879
0.189296
0.192701
0.207828
0.205278
0.211906
0.215957
0.210634
0.213431
0.210513
0.20558
0.150682
0.145687
0.161849
0.171962
0.127943
0.16378
0.156622
0.138029
0.207787
0.205506
0.18224
0.206126
0.1859
0.179651
0.170385
0.177217
0.0573441
0.0803868
0.145079
0.0819474
0.0994759
0.172326
0.162914
0.0895087
0.202917
0.201698
0.19658
0.199493
0.114151
0.0995243
0.174115
0.176824
0.0835301
0.104738
0.166304
0.151077
0.104742
0.173006
0.176072
0.117017
0.202338
0.201514
0.195839
0.196044
0.20909
0.202431
0.198483
0.203974
0.0575608
0.0819405
0.145002
0.0804214
0.114154
0.176684
0.174612
0.0994816
0.202915
0.199491
0.196582
0.201697
0.0994824
0.0892149
0.162944
0.172335
0.150693
0.171956
0.161851
0.1457
0.185896
0.177214
0.170382
0.179649
0.207785
0.206124
0.182239
0.205308
0.127987
0.13805
0.156621
0.163775
0.132908
0.204818
0.202563
0.188533
0.210637
0.20558
0.210535
0.213431
0.207852
0.215957
0.211926
0.205297
0.192458
0.192698
0.189278
0.183877
0.00738115
0.00778255
0.0120997
0.0121364
0.00791931
0.0122849
0.012188
0.00788172
0.0209885
0.0210427
0.0166072
0.0166737
0.0212347
0.016766
0.0166393
0.0211261
0.00738316
0.0121358
0.0121002
0.00778609
0.0212348
0.0211262
0.0166389
0.0167649
0.0209885
0.0166737
0.0166073
0.0210428
0.00792016
0.00788464
0.012189
0.0122853
0.0370716
0.0391201
0.0346295
0.0346001
0.0391212
0.0345874
0.0346268
0.0391278
0.0254338
0.0255337
0.0300946
0.030024
0.0256909
0.0301516
0.0301389
0.0256212
0.0370706
0.0345998
0.0346292
0.0391197
0.0256906
0.0256209
0.0301387
0.0301511
0.0254337
0.030024
0.0300944
0.0255336
0.0391211
0.0391276
0.0346267
0.0345873
0.0425738
0.0751856
0.0977271
0.0693575
0.124623
0.145544
0.122657
0.0993184
0.163544
0.144636
0.134276
0.155547
0.102132
0.0885487
0.112167
0.125344
0.235374
0.411276
0.31616
0.23863
0.429036
0.336063
0.332034
0.429114
0.182623
0.179926
0.231083
0.237685
0.148232
0.166231
0.205979
0.170219
0.23541
0.238633
0.316157
0.411142
0.148018
0.170211
0.206004
0.166747
0.182623
0.237685
0.231076
0.179923
0.429022
0.429072
0.332013
0.336063
0.042502
0.0693587
0.0977267
0.0751742
0.10213
0.125344
0.112165
0.0885471
0.163543
0.155543
0.134307
0.144521
0.124593
0.099287
0.122641
0.145535
0.0830668
0.104687
0.210661
0.163288
0.169765
0.271072
0.255018
0.144363
0.326868
0.294372
0.275473
0.3043
0.216248
0.200065
0.238426
0.25678
0.0912687
0.188594
0.255404
0.126786
0.244436
0.332886
0.323039
0.228911
0.327814
0.320516
0.324187
0.336873
0.166905
0.134595
0.258385
0.285063
0.0911025
0.126754
0.256253
0.188605
0.167828
0.284976
0.258317
0.13457
0.327809
0.339547
0.324174
0.320928
0.244401
0.229029
0.323013
0.332897
0.0832318
0.163275
0.210656
0.104693
0.216248
0.256767
0.238392
0.20005
0.325555
0.304237
0.275379
0.293147
0.169702
0.144478
0.254935
0.270896
0.152976
0.152145
0.192773
0.189778
0.154152
0.199923
0.196138
0.156098
0.214132
0.209986
0.206701
0.209971
0.199393
0.198682
0.202604
0.204673
0.167924
0.206776
0.204398
0.165023
0.220212
0.218632
0.21644
0.217967
0.215953
0.210724
0.214318
0.217296
0.158826
0.161903
0.203278
0.202127
0.182292
0.182292
0.206806
0.205351
0.182287
0.206276
0.206787
0.182312
0.214759
0.217095
0.214492
0.212252
0.221649
0.212067
0.21496
0.219333
0.158563
0.180277
0.188559
0.166207
0.193536
0.20031
0.195664
0.188186
0.211817
0.208696
0.203218
0.206868
0.179363
0.173801
0.196849
0.20268
0.152974
0.189778
0.192773
0.152143
0.199391
0.204673
0.2026
0.198677
0.214135
0.209969
0.206699
0.209987
0.153912
0.156173
0.196137
0.19992
0.158553
0.166204
0.188561
0.180269
0.17937
0.202683
0.19685
0.173788
0.211812
0.206862
0.203227
0.208697
0.19353
0.188183
0.195669
0.200302
0.182289
0.205341
0.206772
0.182295
0.221647
0.219329
0.214952
0.212063
0.214753
0.212258
0.214491
0.217091
0.182293
0.182316
0.206859
0.206324
0.167816
0.165172
0.204398
0.206776
0.158453
0.202126
0.203278
0.161826
0.215964
0.217296
0.214341
0.210723
0.220202
0.217977
0.216442
0.218629
0.040938
0.0416466
0.0402559
0.0393975
0.0433695
0.0408434
0.0406096
0.0432379
0.0411104
0.0407599
0.0445218
0.0447332
0.0402867
0.0434677
0.0441145
0.0411794
0.0409384
0.0394042
0.0402563
0.0416468
0.0402985
0.0411794
0.0441146
0.0434818
0.0411105
0.0447332
0.0445219
0.04076
0.0433696
0.043238
0.0406098
0.0408434
0.0577289
0.0583859
0.0540447
0.0532465
0.0574537
0.053355
0.0532164
0.0574588
0.0451513
0.0447249
0.0489742
0.0492564
0.0442619
0.0487569
0.0497056
0.045357
0.0575517
0.0532446
0.0540445
0.0583852
0.0442601
0.0453565
0.0497053
0.0487559
0.0451513
0.0492564
0.0489742
0.0447248
0.0574537
0.0574588
0.0532165
0.053355
0.248744
0.2569
0.517953
0.469755
0.262837
0.529484
0.525765
0.261195
0.59053
0.579323
0.581364
0.594278
0.499321
0.494103
0.549836
0.551108
0.255763
0.514689
0.520582
0.258902
0.58415
0.590008
0.594042
0.587899
0.59495
0.59901
0.59976
0.59569
0.263563
0.26115
0.525074
0.529313
0.255775
0.258893
0.520557
0.514701
0.263558
0.529332
0.525042
0.261141
0.594952
0.595692
0.599759
0.599053
0.58415
0.587898
0.594043
0.590008
0.248759
0.469781
0.517706
0.256908
0.49932
0.551102
0.549851
0.494099
0.59039
0.594221
0.581361
0.579324
0.262839
0.261197
0.525763
0.529539
0.154727
0.164682
0.20009
0.212269
0.153766
0.184241
0.189703
0.160673
0.211488
0.214649
0.206568
0.202041
0.220003
0.216294
0.212378
0.218054
0.0453215
0.0781852
0.126448
0.0891977
0.101978
0.151581
0.143486
0.0946531
0.203582
0.193223
0.182823
0.189384
0.147266
0.139869
0.165783
0.17567
0.082758
0.124135
0.147388
0.0971207
0.171805
0.180275
0.1697
0.154471
0.211849
0.181657
0.178208
0.208004
0.107572
0.101055
0.14679
0.146655
0.181925
0.204804
0.20253
0.190618
0.22167
0.221455
0.219543
0.213826
0.219502
0.228259
0.226319
0.223263
0.184415
0.193301
0.194186
0.188817
0.155116
0.212268
0.200065
0.164488
0.220003
0.218054
0.212359
0.216302
0.211489
0.201863
0.206491
0.214652
0.15376
0.160692
0.189703
0.184241
0.181923
0.190618
0.20237
0.204783
0.184171
0.191638
0.194893
0.193199
0.219517
0.2232
0.226354
0.228249
0.221671
0.213779
0.21953
0.221577
0.0827333
0.0971151
0.147332
0.124115
0.107411
0.14665
0.146793
0.101045
0.211856
0.208063
0.178178
0.181668
0.171791
0.154459
0.169659
0.180263
0.0453122
0.0891635
0.126427
0.0782104
0.14671
0.17567
0.166686
0.139726
0.203587
0.189361
0.18283
0.193213
0.10229
0.0946392
0.143534
0.151559
0.0625921
0.0624237
0.0723941
0.0746049
0.0609851
0.0688281
0.0703713
0.0615509
0.0718212
0.0753771
0.0728586
0.070318
0.0828101
0.0786314
0.0756171
0.0790095
0.0626112
0.0746046
0.0723946
0.0624237
0.0828118
0.0790102
0.0756176
0.0786323
0.0718213
0.070318
0.0728588
0.0753774
0.0609851
0.061551
0.0703714
0.0688281
0.019737
0.0238276
0.0571056
0.0617866
0.0242559
0.0531521
0.05399
0.0233507
0.0730851
0.076563
0.0764284
0.0741221
0.0861325
0.0873618
0.0805697
0.0806566
0.0198933
0.0620007
0.0571642
0.0238804
0.0861176
0.0806748
0.0806258
0.0874609
0.0730849
0.074122
0.076428
0.0765627
0.0242587
0.023358
0.0539919
0.0531528
0.257375
0.27363
0.525231
0.533034
0.275313
0.490571
0.509466
0.284028
0.507552
0.531765
0.530262
0.507133
0.56997
0.571992
0.550806
0.551283
0.0703182
0.110958
0.256949
0.185205
0.14609
0.304118
0.289431
0.135935
0.484858
0.483766
0.450496
0.452785
0.2747
0.256228
0.38803
0.469007
0.0703034
0.186807
0.256967
0.110947
0.274615
0.468862
0.388079
0.256217
0.484858
0.452782
0.450495
0.48377
0.146105
0.135943
0.289443
0.304118
0.257372
0.533051
0.525231
0.273614
0.569971
0.551282
0.550806
0.571997
0.507552
0.507132
0.530249
0.531765
0.275328
0.284039
0.50946
0.490606
0.00721596
-0.010869
0.154645
0.106723
0.119964
0.193745
0.178923
0.106228
0.211014
0.203535
0.21842
0.228726
0.128634
0.150297
0.196535
0.177774
0.00492847
0.106851
0.15444
-0.00235202
0.128721
0.177821
0.196537
0.150152
0.211017
0.228728
0.218429
0.203536
0.119913
0.105914
0.178979
0.193747
0.0624685
0.112708
0.136319
0.0851936
0.141331
0.184081
0.162831
0.133283
0.166668
0.157624
0.147205
0.163211
0.0769749
0.0811409
0.141614
0.145528
0.0624616
0.0850732
0.136331
0.112708
0.0769612
0.14556
0.141861
0.0811469
0.166666
0.162024
0.156376
0.158748
0.141353
0.133332
0.16276
0.184046
