-0.645
0.125
-1.91728
-0.665
0.215
1.99519
-0.685
0.679696
-1.885
-0.615
0.935
1.98395
0.645
0.125
-1.91728
0.665
0.215
1.99519
0.685
0.679696
-1.885
0.615
0.935
1.98395
0.0379288
0.0658547
0.124458
0.14349
0.0378686
0.0638438
0.124515
0.143505
0
0
0
0
0
0
0
0
0
0
0
0
0
0
0
0
0
0
0
0
0
0
0
0
0
0
0
0
0
0
0
0
0
0
0
0
0
0
0
0
0
0
0
0
0
0
0
0
0
0
0
0
0
0
0
0
0
0
0
0
0
0
0
0
0
0
0
0
0
0
0
0
0
0
0
0
0
0
0
0
0
0
0
0
0
0
0
0
0
0
0
0
0
0
0
0
0.0760835
0.00479645
-0.00094175
0.0906892
0.0512188
0.0190247
0.0881324
0.0471371
0.05417
0.0488318
0.0760837
-0.000935263
0.0906597
0.0200442
0.0471552
0.0487576
0.00165511
0.139965
0.00643204
0.136651
0.00639136
0.00396051
0.303113
0.407323
-0.00189611
0.139965
0.137285
0.00392145
0.157747
0.157747
0.00415002
0.122334
0.275491
0.141602
0.14192
0.0069375
0.4495
0.200435
0.200808
0.0127743
0.244349
0.105135
0.0164309
0.00239317
0.00211
0.0384472
0.0234079
0.0321727
0.0137357
0.0206093
0.0227241
0.00534966
0.020572
0.00286369
0.00239286
0.0164844
0.00207237
0.0233856
0.0384698
0.0321912
0.0206093
0.0134701
0.0226855
0.0205033
0.00538845
0.00292924
-0.00295999
5.36759e-05
0.0993407
-0.00225499
-0.0102236
-0.00374812
0.0925585
-0.00313919
0.0042816
0.0226996
0.00138375
0.140204
0.00222674
0.0228014
0.00204628
0.206329
-0.00296101
-0.00228647
-0.00237484
0.0993554
-0.00919897
-0.00239416
-0.000516754
0.0934343
0.0041999
0.140168
0.0226516
0.00135474
0.00226463
0.206321
0.0227411
0.00203461
0.052966
0.0759904
0.0016543
0.0643344
0.0824293
0.00240391
-0.00225629
0.0157484
0.00487047
0.0965156
0.0681228
-0.000523652
0.0236063
0.0427764
0.0494752
0.0334332
-0.0625417
0.0183399
0.0125432
0.0855175
0.0529647
0.0760985
0.0824457
0.00238766
-0.00226209
0.0157649
0.0681347
-0.000511979
0.0495413
0.0334113
0.0124658
0.0855928
0.0976904
-0.00144231
0.0027723
0.000766264
-0.00242818
-0.0014647
-4.80145e-05
0.0229583
-0.00167001
-0.00952342
0.00923167
0.228204
-0.076565
0.0440961
0.0120677
0.0386428
0.0995283
-0.00314386
0.00250273
0.000766043
-3.96429e-05
0.0229992
0.00918679
0.228183
0.0996384
0.0963835
0.0239029
0.0566084
0.0996422
0.056678
0.0238682
0.0963808
0.00369932
0.00368204
0.000368181
0.000373904
0.0505616
0.000598927
0.00178601
0.0505688
0.089766
0.0929781
0.0930206
0.0898242
0.0988193
0.0951222
0.0215651
0.0220254
0.0996688
0.0219904
0.0215203
0.0965251
-0.00184749
-0.00518159
-0.00323561
-0.00449659
0.234642
0.230031
0.230029
0.234637
0.0808343
0.0502963
0.0370492
0.0296073
0.0803089
0.02954
0.037037
0.0502977
-0.00836526
-0.00800607
0.0137259
0.0137287
0.177771
-0.00603032
-0.00588166
0.17779
0.112224
0.11223
0.032999
0.0329914
0.0085833
0.00238315
-0.00182615
0.0104371
0.0183841
0.0317404
0.00393035
0.00344615
0.0108537
0.00773332
0.0133864
0.00493324
0.00238294
0.00854809
-0.00182639
0.018418
0.0104263
0.0320924
0.00344409
0.00413958
0.0108734
0.0131725
0.00771324
0.00491278
-0.0029446
-6.44414e-05
0.092732
0.00019422
-0.0117603
-0.000709846
0.0858389
-0.000461996
0.0125171
0.0077864
-0.000216783
0.113786
0.00108721
0.00795422
0.00137138
0.0452377
-0.00299455
0.000195589
-0.00243115
0.0943621
-0.0109133
0.000316129
0.000339913
0.084525
0.0122488
0.11373
0.00777522
-0.000255499
0.00107274
0.0451751
0.00793333
0.00137805
0.00421389
0.00795211
0.00269954
0.0415231
6.9828e-06
6.88516e-06
-0.0026467
0.0839733
2.5779e-05
2.94233e-05
0.0757846
0.00237736
0.0137524
-0.00771247
0.0151611
0.0396849
0.000809714
0.000803829
0.00489059
0.0228079
6.60934e-05
-0.00544768
0.0654545
-0.00055777
0.00471188
0.00470037
0.0103409
0.0307788
0.00365165
-0.000660238
-0.00333786
0.0231135
0.0017388
0.00178095
0.00409494
0.0111353
0.000624748
0.00589841
0.00277492
0.0749771
0.00422028
0.00827048
0.00269234
0.0415
2.16435e-05
4.11434e-05
0.0752254
0.00235995
0.013771
-0.00771212
0.0150388
0.0396784
0.000130603
0.00173109
0.0654632
-0.000549055
0.00364269
-0.000658597
-0.00338926
0.023098
0.000653033
0.00687393
0.00282914
0.0750176
9.40634e-05
0.00276147
0.0960314
0.000352182
0.00372696
0.00461428
-0.00181936
0.000208583
0.00260152
0.00263991
-0.00230139
-0.00130823
0.00596184
0.0067486
-0.000182347
-0.00395303
0.0028154
0.00285418
-6.82816e-06
-0.0115985
0.000107164
0.00209509
0.0123974
0.052257
0.00589732
0.00588172
0.00621566
0.0104314
0.00536185
0.00536292
0.00158389
0.00743781
5.00916e-05
0.000528076
0.0978936
0.000276429
0.0037156
0.00462167
-0.00168814
0.000206743
0.00598524
0.00674541
-0.000182313
-0.0041444
0.000105445
0.00211878
0.0123811
0.0522627
-0.00146357
0.00176489
-0.000362579
0.00367496
-0.0014633
0.00176123
-0.000403942
0.00381354
6.58983e-06
3.21949e-06
3.09939e-06
-9.93223e-07
0.00405901
0.00264923
0.00264759
-0.0140163
0.00814579
0.0120393
0.0359651
0.00811163
0.00543776
0.000430321
-1.49844e-05
0.010201
0.00544069
0.000453665
-1.39984e-05
0.0102019
0.00170951
-0.000156967
0.00135962
0.00349594
0.00489007
0.00796791
0.00326098
0.0048984
-0.00701357
0.00379349
0.0237524
0.00154931
-0.00719119
0.00384844
0.0235529
0.00154875
6.95227e-05
3.31564e-06
3.30955e-06
0.00191459
0.00448407
0.00410124
0.00427559
0.00359137
0.00106616
0.0512229
0.00179875
0.00106354
0.0125996
0.0169417
-0.00264871
0.0783122
0.0768073
0.00210748
0.00984357
0.0350491
0.00567291
0.0229796
0.0273305
-0.000122197
0.0107228
0.0186177
0.0102985
0.0333532
0.00068318
0.0148198
0.0247417
0.00909597
0.00549076
0.00943985
0.0126236
0.0209248
-0.00264185
0.0782639
0.0125906
0.0170881
0.0771379
0.00210248
0.00568121
0.0229272
0.00982319
0.0349843
0.0273303
-0.000131657
0.0102894
0.0332759
0.0108126
0.0186304
0.000663794
0.0148223
0.0054502
0.0094865
0.0247254
0.00909766
0.0125824
0.0208383
0.096931
0.00260229
0.100047
0.000236054
-0.00567889
-6.58818e-06
0.000289039
-3.11395e-07
0.0752664
-2.43612e-05
0.0926988
0.000298547
2.94903e-05
0.00210397
2.5281e-07
-0.0087703
0.00589546
0.0238922
0.000522974
0.000112503
0.00693175
0.0656644
0.00338831
0.00977115
0.0097641
0.141815
1.98143e-05
-0.000848442
0.00695601
0.0483552
0.00196294
0.00834797
0.0969596
0.00259559
0.000341859
-0.00209384
0.101886
0.000546287
-0.0056693
-1.71378e-05
0.0757607
-3.10722e-05
-1.99237e-06
-0.00875589
0.0924598
0.000310802
5.51615e-05
0.00255931
0.00591049
0.0343307
0.00276126
0.00978385
0.000536697
0.000126654
0.00691852
0.065635
0.00977332
0.141906
0.00196302
0.00834431
2.49205e-05
-0.000850892
0.00693584
0.0483571
0.00404119
0.0139778
0.0118151
0.0311843
2.41697e-06
2.30669e-06
0.00666078
0.00670971
0.000636706
-0.0016422
6.62444e-06
3.62162e-07
0.00517621
0.0061825
0.0510105
0.00182803
2.67327e-06
2.57018e-06
0.00127674
0.00127574
0.0016392
0.0242146
0.00186791
6.82545e-05
0.00340807
0.0033997
0.00285579
0.00282248
-0.00138604
0.00930222
0.00326992
-0.00717993
0.00170278
0.00163927
0.00124353
0.00124854
0.00214497
0.00918798
0.0036803
0.0018173
0.0040081
0.0139381
0.0312073
0.0118795
0.000689118
-0.0016366
6.88984e-06
-2.46963e-06
0.00615969
0.00514068
0.0508605
0.00196212
0.00214906
0.0247465
0.00195953
7.35302e-05
0.00921336
-0.00144043
-0.00778476
0.00325977
0.00920351
0.00209734
0.00172394
0.00365528
0.000528607
-1.61585e-05
-1.30615e-08
0.00226479
0.00219105
0.00517946
0.00487493
0.00469257
3.80784e-06
3.88614e-06
0.00159885
0.00344006
0.00546118
0.00474796
0.00134106
0.0163927
0.00257601
0.00254056
3.15514e-06
3.15014e-06
0.00572685
0.00591059
0.00986608
0.00328627
0.00512969
0.0045844
0.00466265
0.00466169
0.00548444
0.00548391
0.0033535
0.00334374
0.000562157
-1.1219e-05
0.000323163
0.000511938
0.00532455
0.00223951
0.00490976
0.0046936
0.00473736
0.00544073
0.0018969
0.0161369
0.00592066
0.00573612
0.0032822
0.00982737
0.0550915
0.073354
0.000669776
0.00968667
0.0766856
0.000420277
0.00384396
0.0797242
0.00860844
-0.00160795
0.0114507
0.00350071
0.0223157
0.0104565
0.00537059
0.00785346
0.0551333
0.00973842
0.00065189
0.0731092
0.0223279
0.00792012
0.005324
0.0105105
0.00862156
0.00357455
0.0114985
-0.00163954
0.0817272
0.0796451
0.00391634
0.000489935
-0.000752538
-0.00264652
9.33262e-06
0.00224882
-0.000744311
0.00223811
9.36943e-06
-0.00264318
-0.0042012
-0.000975632
1.70253e-06
0.00247307
-0.00420093
0.00248948
3.26637e-06
-0.00100193
0.0191085
0.0217422
0.00673616
0.014409
0.0898392
0.0105945
-0.00867332
0.025063
0.0894501
0.0247467
-0.00897292
0.0102034
0.0191041
0.0144051
0.00672295
0.0217338
0.0737504
0.0430906
0.0201505
0.083316
0.0354054
0.0266383
0.0421096
0.0664243
0.0354568
0.0664263
0.0420749
0.0266525
0.0737519
0.0838801
0.0201852
0.0433664
0.0971474
0.09838
0.0058319
0.00440122
0.0895076
0.00518957
0.0055253
0.0950814
0.00795844
0.00967289
0.00739522
0.00487229
0.00734329
0.00481996
0.00782825
0.00980795
0.100894
0.00441922
0.00585125
0.100236
0.00733418
0.0098062
0.00782457
0.00482159
0.00793307
0.00485797
0.00738808
0.00966745
0.0901053
0.0959895
0.00551559
0.00517906
0.000207629
0.000811003
0.00165418
0.000308104
-0.00149315
0.000411698
0.00333094
0.00171304
0.000318671
0.00271426
0.00470469
0.000755332
-7.52287e-05
0.00255385
0.00404683
0.00267701
0.101198
0.0583713
0.0124405
0.0153262
0.0499642
0.00701683
0.00863978
0.0534159
0.0499758
0.0534481
0.00864401
0.00701697
0.100596
0.0153146
0.0124433
0.0583907
0.0788424
0.0719533
0.0042235
0.0152739
0.0279159
0.018594
0.0303616
0.0711322
0.0294479
0.00767075
-2.05274e-05
0.0252902
0.00958122
-8.0943e-05
0.0421254
0.0149899
0.0878801
0.0154904
0.00456631
0.0721176
0.0095669
0.0150174
0.0421572
-0.000106263
0.0294229
0.025283
-3.17042e-05
0.00767519
0.0279016
0.0710857
0.0302121
0.0185976
-0.0121496
-0.0101816
0.00189473
0.00155095
-0.0116565
0.00169119
0.00194011
-0.0101744
0.0143247
0.00528993
7.50638e-05
-0.000257819
0.0143247
-0.000267639
7.2269e-05
0.00528576
0.0629014
0.11388
0.00727456
0.0120027
0.0222773
0.00597322
0.00705837
0.0418931
0.0222495
0.0418491
0.0073195
0.00595258
0.0628956
0.0119995
0.00725914
0.114023
0.0483034
0.0242656
0.0522981
0.0691375
0.0482827
0.0691334
0.0522963
0.0242723
0.0172966
0.0123354
0.00310031
0.00936695
0.0172954
0.0093471
0.00307019
0.0123224
0.00158328
0.00237604
4.22909e-05
0.00258474
0.0106148
0.00480836
0.00194137
0.00612302
0.00637135
0.00299645
0.0092011
0.00400662
0.00237583
0.00152832
4.19399e-05
0.010423
0.00293549
0.00436996
0.00612359
0.00191257
0.0063355
0.00925885
0.0027383
0.0040146
-0.00297026
-5.35051e-05
0.0276501
0.000685958
-0.00810225
0.00119312
0.0256433
-0.000567239
0.00776878
0.0055617
-0.000129201
0.00898524
0.000264156
-0.00444371
0.000421276
0.00669373
-0.00299068
2.56261e-05
-0.0023816
0.0479795
-0.00711039
0.00024955
9.1e-05
0.0384533
0.0079263
0.00911123
0.00552921
-9.92636e-05
0.000254395
0.00670221
-0.00445539
0.000399608
0.00124666
0.00133109
0.00983732
0.0194992
3.00353e-06
2.90902e-06
-0.000536706
0.0733734
1.65482e-05
-3.43361e-05
0.0739461
0.00342846
0.00585891
-0.00822801
0.015102
0.00970746
3.88602e-05
3.88386e-05
0.00486374
0.00725015
4.20968e-05
0.00191586
0.0684347
-0.000641185
0.00144229
0.00144052
0.00488175
0.0229649
0.00122831
0.0010614
0.0027925
0.0216223
2.10744e-05
1.75823e-05
0.00431294
0.00632218
-1.19505e-05
0.004575
0.000829218
0.0460839
0.00119818
0.00129184
0.00984922
0.0195547
1.67011e-05
-3.79783e-05
0.0961278
0.00228728
0.00583365
-0.00802887
0.0151755
0.00971067
3.08977e-05
-0.00169817
0.0683889
-0.000666942
0.00125763
0.00107661
0.0027651
0.0215228
4.45945e-05
0.00417291
0.000821642
0.0461125
-7.98215e-05
3.36258e-07
0.00808077
0.000641515
0.00191013
0.00174755
-0.00013156
2.24422e-05
4.90005e-07
4.41583e-07
-0.0023518
-0.00130847
0.000693263
0.000450138
-0.000123368
-0.00444907
-1.3404e-07
-1.09358e-07
-1.10471e-06
-0.00733607
4.00587e-05
0.00312568
-0.00139881
0.00679938
0.00113175
0.00109137
0.0015747
0.001046
0.00107374
0.00107357
0.000564245
0.00157302
4.84863e-05
-1.15063e-07
0.0434638
0.000308523
0.00191764
0.00173105
-0.000133367
1.70272e-05
0.000669726
0.000442539
-0.000116276
-0.00444381
1.4935e-05
0.00299775
-0.00141123
0.00680168
0.00154089
0.00167916
3.74017e-05
0.00157021
0.00153885
0.00168145
3.43442e-05
0.0015681
-5.27014e-06
4.14127e-07
3.73957e-07
-6.07263e-06
0.00117969
0.000770763
0.000772788
0.0001269
0.00164571
0.00517503
0.00258011
0.00165599
0.0011711
0.000211646
3.28554e-05
0.000862946
0.00114893
0.000198412
2.7619e-05
0.000852227
-0.000156705
-0.000156967
-0.000156958
-0.000293768
0.00111231
0.00108154
0.00088656
0.00111264
0.0206553
-0.00179606
0.010771
0.00142895
0.020738
-0.00179435
0.0108863
0.00143045
3.97603e-06
-8.13032e-07
-8.14651e-07
-0.00199061
0.000956533
0.000832728
0.000732546
0.0010727
1.64413e-05
0.0347729
0.000585906
1.64767e-05
0.000884043
0.000147237
0.011798
0.00500159
6.08384e-06
3.02451e-06
-0.00053703
0.0558138
0.00194581
2.89636e-06
0.0739187
0.00236135
0.00240519
0.00217656
0.00748281
0.0180178
0.00189689
-6.2954e-06
0.0056491
0.00687641
0.000166673
-4.56075e-06
0.0247309
-0.000210005
-0.000129212
0.000986518
0.01279
0.0167085
-0.00424734
0.000918962
0.00471208
0.0127629
0.000965516
0.00125719
0.00451715
0.0166851
0.0011712
0.000325791
0.0243661
0.00328194
0.00182107
0.000322058
0.00501414
0.00567868
-0.000204496
-0.00168462
0.00430498
0.01799
6.08224e-06
3.02393e-06
-0.000538156
0.0558631
0.000928045
0.000144878
0.0117747
0.00521941
0.00193982
4.36777e-07
0.100726
0.00206276
0.00189619
-1.17937e-05
0.00565649
0.00691962
0.00226993
0.00221383
0.00744814
0.0180228
7.84056e-05
-5.35407e-05
0.0247194
-0.000216787
-0.00414349
0.000918364
0.00467069
0.0127185
-4.69248e-05
0.00100834
0.0129188
0.016827
0.000967006
0.00130527
0.00452832
0.0166976
0.00193097
0.000332449
0.00504007
0.00573402
0.00120125
0.00031045
0.0243557
0.00326715
-0.000229424
-0.0015835
0.00429699
0.0180033
-0.00608653
-1.10323e-05
0.095582
0.00360412
-1.46356e-05
1.40132e-06
0.0168539
-0.000479353
0.00555733
-0.000833854
-0.000394137
-2.37743e-05
1.31432e-05
0.00259761
0.000248303
3.42616e-09
0.000110601
0.00347827
0.0687925
-0.000114359
0.000241516
-0.00274396
0.0194573
0.000496305
0.00280055
0.00118401
3.07707e-05
0.00313464
1.7569e-05
0.00280999
1.58891e-07
-0.00451644
0.000297921
-0.000602457
0.00239828
0.0260342
0.00164416
0.00266086
9.67047e-05
1.39316e-05
-0.000242029
5.55978e-05
0.000914648
0.00621807
0.00580401
0.00208469
0.00153958
0.00238534
1.13881e-05
-0.00173012
-0.00406838
0.0351902
0.000594752
0.000191748
-6.56941e-05
-0.000129394
0.000235098
0.00284656
-0.00469248
0.00659869
0.0351947
0.00160366
0.000536609
0.00205309
-8.4986e-06
-6.37476e-06
0.0949207
0.00249236
7.83993e-06
0.00263614
0.000281734
-0.0020934
2.95773e-06
-2.89335e-09
0.0461325
0.000132878
0.00476006
-0.00082296
-0.000397392
-2.53546e-05
5.63041e-05
-5.00689e-05
0.068665
-0.000162116
1.85656e-05
0.00284876
-2.50898e-06
-0.00449266
0.000189845
-0.00049514
0.0412453
0.000348695
0.00384244
0.001203
4.22119e-05
0.00309052
0.000353668
-0.000609095
0.00241762
0.0203884
0.00582295
0.00209457
0.0015506
0.00239022
0.00164518
0.00266677
9.51872e-05
1.9239e-05
-0.000247203
6.45442e-05
0.000894964
0.00622531
2.99317e-06
-0.0022116
-0.00410367
0.0347041
0.0352443
0.00160378
0.000542063
0.00205401
0.000575327
0.000161301
-4.6152e-05
-0.000132601
0.000229852
0.00295829
-0.00471129
0.0066253
-0.0094653
6.11554e-05
-0.00264256
0.000135458
0.00498302
0.00265346
0.00477863
0.00232404
0.00215966
2.903e-07
4.1318e-07
3.83533e-07
0.0173285
-0.0084148
0.00177763
0.00173921
0.00222092
-0.00178212
0.00149274
0.00136746
8.4445e-06
5.19975e-07
-4.71376e-06
-5.64424e-06
-3.9121e-05
-0.00514236
0.000898526
0.000791616
-0.0133732
0.000127974
0.0330815
0.000549689
3.3426e-06
-3.31834e-05
-1.01362e-06
-1.01948e-06
0.00308154
0.00205393
-2.05743e-05
-2.07952e-05
0.000705109
0.00270891
0.00143953
-0.00100707
1.37944e-05
-6.09416e-07
-0.00196831
1.8011e-06
0.00151121
0.000724023
0.00087259
0.000872759
-0.00321847
-0.00056335
0.00295545
0.00296147
0.0122681
-0.00271084
0.00762103
-0.000732548
0.000203939
0.000548432
0.000712527
0.000349518
-0.00121678
-0.000317386
0.000640993
0.00063684
0.00155077
-3.18996e-05
6.11277e-05
6.07644e-05
0.00106887
-0.00841472
0.000305352
0.00130052
0.00095397
0.00122639
0.00106153
0.000582118
-0.00907705
5.96706e-05
-0.00267256
0.000262072
0.0050297
0.00259068
0.00235168
0.00466733
0.00250207
-0.00182604
0.00147223
0.00134702
4.59784e-06
4.89534e-07
-5.5563e-06
-6.51273e-06
2.52187e-05
-0.00507492
0.0007855
0.00091254
-0.0107335
0.000126168
0.0331831
0.000487875
0.000713734
0.00270003
0.0014364
-0.00115804
1.3428e-05
-5.53824e-07
-0.00201082
2.85875e-06
0.0122416
-0.00263869
-0.000791917
0.00767255
0.000201474
0.0005334
0.000353389
0.000714997
0.00107057
-0.00844095
0.00109199
0.000342742
0.000935884
0.0011093
0.000565976
0.0010467
0.00120784
0.00142771
0.00027547
3.37295e-05
4.27866e-05
0.00186192
4.87173e-05
2.63175e-05
-0.00146219
0.00174516
-0.000226715
0.0045345
5.05329e-05
8.885e-06
0.00147588
0.00136447
4.54196e-05
-1.42594e-05
3.57915e-07
4.07081e-07
1.85475e-07
2.84879e-09
3.16291e-07
2.34218e-07
5.90845e-05
-1.50403e-05
0.000748822
0.000573923
0.0125143
2.46027e-05
-0.000856893
0.0102308
-5.86155e-06
-0.00151757
-5.64872e-06
-5.61183e-06
6.40091e-06
4.28395e-05
-5.56824e-07
-5.75136e-07
0.0025293
0.00802804
0.00546025
0.00150469
0.0385179
0.00135367
0.00152639
0.000714676
0.000531367
-0.0305217
0.00034969
-0.000416081
0.00416895
0.00316871
0.00134383
0.00134113
0.00060523
0.000895895
0.00116785
0.00116795
0.00267576
0.000246148
0.000616969
0.000620702
0.0011877
0.00146855
0.000275822
1.33398e-05
1.09159e-05
0.00349181
3.91814e-08
-5.74742e-08
-0.0013297
0.00178256
0.00443269
-0.000168963
4.94143e-05
5.1283e-05
0.00146247
0.00136026
6.21235e-05
-1.99003e-05
0.00055837
0.000725925
0.0126292
2.87827e-05
-0.000907008
0.010369
0.00275093
0.00802366
0.00129437
0.00547503
0.0386067
0.00136498
0.000727166
0.00151241
0.0118484
0.00155358
0.000339102
0.00131828
0.000412021
-0.00266445
0.000505694
-0.00167212
0.000994019
-2.00099e-05
-0.00685558
0.00151251
-0.00781369
-0.00513615
0.00539105
0.0134888
0.0118397
0.00138319
0.000363555
0.00136265
-0.00784067
-0.00517449
0.00541395
0.0134485
0.000959837
-3.18316e-05
-0.00681823
0.0014061
0.000418793
-0.00268503
0.00051535
-0.00168558
0.00215819
6.09248e-06
3.62352e-07
4.81255e-07
0.00215737
4.23572e-06
3.35756e-07
8.64144e-08
6.82812e-06
5.58823e-05
-1.50026e-05
2.32271e-07
1.07486e-05
-0.000195059
-1.33207e-05
1.72429e-07
0.00159009
-0.00321834
0.000746472
0.000909178
-0.0002125
-0.000105108
-0.0161221
0.000612417
-0.00197453
-0.000719754
-0.0165715
0.00025999
0.00157362
-0.00322025
0.000732188
0.000896183
0.00656677
0.0139158
-0.00925779
0.000858184
-0.00334872
0.00559981
-0.0129617
-0.0015594
0.00537601
-0.00345931
-0.00166196
-0.013355
0.0138789
0.0067801
0.000789744
-0.00926443
0.00176825
8.14823e-06
-8.92772e-05
0.000568806
0.00136469
-1.72003e-06
-1.26889e-06
0.0018117
5.32487e-05
0.000993335
0.00154608
-0.000191123
-1.90648e-05
0.00156929
0.00284234
-8.11424e-06
0.00184663
5.1082e-06
-5.8852e-05
0.000631898
-3.76455e-05
0.00156974
0.00282859
-7.42866e-06
3.05173e-05
0.000986207
0.00149652
-0.000194538
0.00145507
-8.26069e-06
-1.93287e-06
0.0018177
1.26024e-05
-2.72727e-07
7.96639e-09
0.00159492
0.000620392
0.000331712
0.00343606
0.000322986
-5.59457e-07
1.35495e-05
0.00257745
-0.000487591
1.79999e-05
-5.6013e-07
-0.00223476
0.00254187
0.0469963
0.000963191
0.00367892
0.00127825
0.0361819
0.000550352
0.00114355
0.00161926
0.00055047
0.0361903
0.00161878
0.0011514
0.000901211
0.0469475
0.00127567
0.00368964
0.000345457
0.00294064
0.000624077
0.00332223
0.00010049
0.000730042
0.00113783
-0.01197
0.000117896
0.00238671
0.00205688
2.28506e-05
0.000962333
-0.000252807
0.0013926
-0.00753814
0.000742051
0.00341568
0.00100332
0.0037709
0.000939866
-0.000248499
0.00138646
-0.00731782
0.000115307
0.00238607
0.00206813
5.933e-05
0.000112246
0.000733326
0.00113833
-0.0122359
1.24792e-05
8.72113e-06
7.10615e-05
-8.76876e-07
1.18795e-05
4.06418e-06
1.32243e-05
-8.35741e-07
4.19406e-06
1.82633e-05
-2.56392e-06
-3.13725e-05
4.09808e-06
1.81271e-05
-2.32601e-06
-2.45959e-05
0.00388723
0.00273919
0.000381995
0.0010296
-0.00066296
0.000931755
-0.000910298
-0.00167427
-0.000724076
0.000903217
-0.00086885
-0.00166762
0.00384586
0.00273544
0.000375508
0.00104004
0.00355553
0.00271278
0.00238489
9.82227e-05
0.00274466
0.00354465
9.86389e-05
0.00245828
0.00109435
0.00226546
0.000493466
0.000506994
0.00227556
0.00110015
0.000576901
0.00051878
0.0146914
0.0139525
-0.000535098
0.0396481
0.0440115
0.00125212
0.00699285
0.0180659
0.00781916
0.00639064
0.00434766
0.000154851
0.0146766
0.0161794
0.00454455
0.012118
0.0048942
0.0122589
0.0188523
0.00412631
0.00616631
0.00411088
0.00636122
0.0160386
-0.000536565
0.0396197
0.0147064
0.0139123
0.0440998
0.00121229
0.0078118
0.00620937
0.00696525
0.0180499
0.0041951
5.97727e-05
0.00454616
0.0121085
0.0146608
0.0161757
0.0048692
0.012238
0.00627319
0.00425232
0.0188044
0.00415359
0.00631137
0.0160507
0.0368508
0.000971876
0.0220931
0.000127342
8.29892e-05
0.0020329
-0.00300256
5.96094e-07
0.0142496
-0.000383756
0.0229415
0.000141276
0.00102475
0.029029
6.60956e-08
-0.00797461
-0.000904425
0.0204898
-5.99574e-05
0.00010447
0.00484119
0.00319656
0.00540991
0.00231027
-0.0044378
0.0044239
0.000100248
0.000122172
-0.0046136
0.00659399
0.000530459
-0.0013351
0.0165501
0.000252313
-0.0029981
-0.00239731
0.0435741
0.000143118
-0.00031647
0.000788286
0.0133671
-0.000506756
-2.29085e-06
-0.00794311
0.0382058
0.000110974
0.00146184
0.0266295
-0.000781864
0.0205865
0.00545271
0.00254938
-6.61449e-05
9.35875e-05
0.00484178
0.00352436
-0.00444134
0.00441221
0.000548381
-0.0013084
0.000109215
0.000121546
-0.00455496
0.00659127
0.0105902
0.0149085
0.00880248
0.0205442
0.000795461
0.00144964
0.00476338
0.00156024
-0.000538778
0.0686973
-0.000539472
0.0684239
2.62365e-07
2.57232e-07
0.0018219
0.00152847
0.0724324
0.00269816
0.0753135
0.00209308
0.0012556
0.000317621
-4.73587e-06
-5.33148e-06
0.00818886
0.0194179
0.0246223
0.00487847
0.00049691
0.000728004
0.013719
-0.0136179
0.00496991
0.00699569
0.00497612
0.00699558
-7.94562e-07
-8.10341e-07
7.1657e-05
7.17495e-05
0.0657533
-0.000419261
0.0723318
0.00246239
0.00155162
0.000225559
-0.00195436
-1.61304e-06
0.00478036
0.0262608
0.00475845
0.0262384
0.00116737
0.00116637
0.000898404
0.000895352
-0.000446127
0.0193396
0.00413422
0.0251373
-0.00115277
0.00385004
0.000494111
0.000291859
0.00446285
0.00628025
0.004459
0.00627761
3.2236e-05
3.22007e-05
5.75401e-05
6.15505e-05
-0.000282552
0.0366249
-0.00287487
0.0460701
0.000412906
0.00194076
0.000722047
-0.000278013
0.0105286
0.0149805
0.00867023
0.0220505
0.000777039
0.00143487
0.00157465
0.00461237
0.0975455
0.00217524
0.0927107
0.00232025
0.00139238
0.00041323
-5.8971e-06
-6.73953e-06
0.00817574
0.0194188
0.0245988
0.00487641
0.000849345
0.000599789
0.0137129
-0.0135734
0.0657853
-0.000445835
0.0675102
-7.07892e-06
0.0015615
0.000206364
-0.00201892
-1.10146e-06
-0.000508819
0.0193467
0.00412348
0.0250803
0.00399379
-0.00114159
0.000291744
0.000507517
-0.000228046
0.0366504
-0.0044028
0.04526
0.00189521
0.000401242
-0.000353757
0.000721496
0.0121031
0.000667612
0.0109509
0.000572621
0.000521464
0.000162455
-7.26665e-08
-1.32187e-06
-0.000100683
2.93974e-06
-5.42162e-07
-3.21868e-05
0.00170899
0.00165863
0.00174518
0.00153098
-0.00235021
-0.00128929
-0.00235274
-0.00132701
3.56831e-07
3.92825e-07
4.62852e-07
3.36541e-07
-0.000560927
-0.00844081
-0.000930106
-0.000163947
0.000527819
0.000355656
0.00607137
-0.00399796
-1.15807e-06
-0.00733162
-1.05084e-06
-0.00733912
-7.77858e-08
-9.6887e-08
-5.14969e-07
-5.39444e-07
0.00115626
0.00685789
-0.00355377
0.00648053
-0.000135902
7.02326e-05
-9.88223e-05
-0.000949316
0.00154937
0.00231553
0.00146061
0.00233112
0.000852693
0.000654556
0.00130874
0.00130354
0.000646488
0.00170718
0.000646332
0.00170135
0.00108027
0.00107906
0.000846998
0.000846922
0.0450242
0.000131414
0.0422558
0.000327581
0.000509808
8.20856e-05
2.87135e-08
-1.26129e-07
-9.67334e-05
4.50641e-07
-1.72311e-06
-3.67359e-05
0.00165757
0.00170869
0.00174011
0.00152439
-0.000569174
-0.00845074
-0.000928608
-0.000167606
0.000341199
0.000507108
0.00613958
-0.00397064
0.00114454
0.00682576
-0.00356202
0.00645264
8.69418e-05
-0.000142264
-0.00094932
-0.000127736
0.000911149
0.000195752
0.00117358
0.00115432
0.00133855
0.00134826
0.000833547
-0.000218152
0.000962727
0.000198142
0.00116134
0.00116061
0.00135069
0.00132965
-0.000220635
0.000831268
4.15276e-07
3.7812e-07
-5.06298e-06
-5.85079e-06
-5.48064e-06
-6.29056e-06
3.7189e-07
4.19777e-07
0.000927683
0.000933006
0.00108524
0.000218681
0.000219022
0.00109185
0.000669379
0.000696228
0.00480606
0.00191048
0.00164208
0.00168174
0.00212842
0.00210611
0.00190349
0.00477761
0.00023494
4.99267e-05
0.00137522
0.00113873
0.00095482
0.000700752
-6.26041e-05
0.00016251
0.000235369
4.94982e-05
0.0013422
0.00111221
0.000683735
0.000931592
0.000166715
-6.25895e-05
-1.16794e-08
-0.000190552
2.80119e-07
2.30697e-07
-0.000150922
-0.000190336
-0.000137035
-0.000288137
0.0010168
0.000920148
0.00117821
0.00117953
0.00109175
0.00109451
0.000915244
0.00101772
0.00609573
-0.00228248
0.00176632
0.00343603
-0.00816989
0.00910369
-0.000812843
0.000751926
-0.00221987
0.00603976
0.00174991
0.00358734
0.00915211
-0.00814553
-0.000841612
0.000766931
-1.00276e-06
-9.99157e-07
-0.00197962
3.00817e-06
-0.00200077
3.46377e-06
-5.70496e-07
-7.02447e-07
0.000713434
0.000559129
0.00111919
0.0010439
0.000807742
0.00101978
0.000636491
0.000635531
0.0337199
0.00057804
1.50923e-05
1.51893e-05
-7.05387e-06
-1.18803e-05
0.0337266
0.000563033
0.000747643
0.00050126
0.015669
-0.0146408
1.92559e-06
2.44993e-07
0.00337726
-0.00104933
0.0188831
-0.000529271
0.00215474
6.87209e-07
0.000499349
0.00179796
0.00235036
0.00193742
1.89499e-05
-7.16959e-07
0.00263299
0.000341417
6.3455e-05
-0.00523227
4.88308e-06
-2.36715e-05
0.00142964
0.000484853
0.0038774
-0.00960288
-0.00396368
0.000861898
-0.00578187
-0.00895575
0.000188995
-0.00112042
0.00157788
0.00100548
0.00235148
0.00153191
0.000442235
-0.000125241
0.00018267
4.22046e-05
0.00135473
0.000349257
0.000463062
0.000258731
-0.00042822
-0.00398688
1.48589e-06
1.63201e-07
0.00340254
-0.00041311
0.000727766
0.00046606
0.0154776
-0.014651
0.0191919
-0.000478152
0.00215279
9.18651e-09
1.89075e-05
-7.20492e-07
0.0026027
0.000307575
0.000538277
0.00180538
0.00235398
0.00195269
5.53618e-05
-0.00509357
4.21465e-06
-3.59431e-05
-0.00394499
0.000847437
-0.00579502
-0.00894527
0.00143276
0.000473905
0.00396467
-0.00959426
0.00017405
-0.00105895
0.00158587
0.00100299
0.000190075
4.14393e-05
0.00136288
0.000338719
0.00235541
0.00153595
0.000452781
-0.0001412
0.000452744
0.000278473
-0.000416975
-0.00399274
0.0131761
-0.00406183
-0.000570671
-1.05926e-05
0.00201554
-0.0003041
-6.96418e-06
-1.74413e-05
0.0202322
0.000652075
0.00364003
-9.07752e-05
0.00242609
1.85e-07
1.50864e-05
0.00146177
0.00518407
-2.30364e-05
-8.73993e-05
8.46646e-05
-4.88225e-05
0.000353365
-7.19513e-06
-0.00222644
0.00186241
0.0018575
0.00387275
0.000895119
1.7006e-05
0.00267518
-8.6055e-05
-8.15348e-07
0.000237862
-0.000500737
0.000438187
0.00112034
0.00136472
0.0017971
0.00169886
0.00303953
4.33069e-05
-1.74703e-05
-0.00245635
0.000235934
0.0013457
0.00123801
0.0348203
0.00156694
-0.000191229
0.000565729
0.0113891
0.00430361
0.000912118
0.00119652
0.00102285
0.00205846
0.000101611
-0.000133302
0.000584822
0.00138221
0.0359064
0.00155497
0.0620845
0.00137358
0.0119955
-0.00387532
0.00250585
-1.28218e-05
0.00245209
2.27785e-07
0.00030512
0.00330014
0.000576017
-0.000338737
3.89215e-08
1.63213e-07
0.0184458
0.000657894
0.00227562
-4.98694e-05
0.00163981
-4.60286e-05
-9.40966e-05
-1.20713e-06
1.69363e-05
0.00271349
-8.65988e-05
-7.53602e-07
0.00022035
0.0004732
-7.81652e-06
-0.000437346
0.0017278
0.00184165
1.46046e-05
0.000931002
0.000212241
-0.00050091
-0.00509819
-0.00434091
0.00135499
0.00127838
0.0350606
0.00156647
0.00135282
0.00180004
0.00168643
0.00303199
4.54052e-05
-4.76987e-06
-0.0021661
0.000244763
-0.000193561
0.000546699
0.0112934
0.00410826
0.0358886
0.00154932
0.0620868
0.00137658
0.000893522
0.00117661
0.000999385
0.00206685
0.000112318
-0.000117569
0.000585626
0.00136493
-0.000296786
-0.0058087
-0.0139882
5.26071e-05
0.00394494
0.00230093
0.00252457
0.00270459
0.00215938
3.82994e-07
1.85884e-07
0.00215895
-0.00853926
0.0171958
0.0168652
-0.00862229
0.00114337
-0.00146821
-0.00200426
0.00270934
3.62389e-07
6.94934e-06
9.97574e-06
4.88521e-07
9.32923e-05
-0.0175239
-0.000188558
-7.57366e-05
0.000227973
0.00387421
0.00238766
0.000123718
5.14463e-06
-2.89849e-05
-2.54569e-05
5.59299e-06
0.00297279
0.00217497
0.00217519
0.00297151
-0.000319506
0.00181792
0.00275316
0.000761349
-9.19839e-07
1.36458e-05
1.90228e-05
-1.52433e-06
0.000789276
0.0016719
0.00167181
0.000795022
-0.000921381
0.00978497
0.0101143
-0.000928524
-0.00487037
0.010799
0.00101953
0.0178679
-0.00166487
0.000657073
0.000479436
0.00198468
-0.00105343
-2.37851e-05
-0.000185469
-0.00105267
0.00157958
5.4941e-05
6.89889e-05
0.00157846
0.0015992
0.00339783
-0.00405008
0.00122784
0.00217014
0.000927168
0.000863301
0.00181769
0.000561641
-0.000282484
4.20767e-05
-0.0139673
0.00402305
0.00248728
0.00220679
0.00389538
-0.00148479
0.00123228
0.00276965
-0.00199914
3.74058e-06
3.50007e-07
4.88198e-07
5.33818e-06
-7.15883e-05
-0.000182332
-0.0175224
0.000112562
0.00393704
0.000301218
8.95458e-05
0.00235741
0.00182172
-0.00026906
0.00111602
0.00252743
1.37319e-05
-4.66478e-07
-1.44706e-06
1.93577e-05
0.0178072
0.00102581
0.0108132
-0.00500647
0.00199446
0.000480701
0.000644472
-0.00165727
0.00116071
-0.00422151
0.00340561
0.00159207
0.00183621
0.000827106
0.000942152
0.0020973
0.0015988
0.00120145
0.00166606
0.000846988
0.00172842
-3.29737e-06
1.90965e-05
0.00177754
-0.00206721
0.00326005
0.00477477
-0.00129515
-0.000123937
-4.42409e-05
1.05494e-05
1.6163e-06
5.06418e-05
-1.46126e-05
-1.37703e-05
4.02124e-05
1.33711e-07
4.48697e-10
-1.51665e-08
2.78419e-08
7.22921e-05
-3.03548e-06
-4.43386e-05
-3.54995e-05
0.000346944
-0.00132956
-0.00760069
0.00691228
-2.3384e-07
-0.00164394
-0.00172048
-1.99191e-07
7.56645e-06
5.69419e-05
2.86656e-05
5.23758e-06
0.0011103
0.00181319
0.00263652
0.00136655
0.0390168
0.000909426
0.00152051
0.0350195
0.000226209
-0.0347903
-0.0149617
0.000235536
0.00314002
0.00403677
0.00403954
0.00314141
0.000567434
0.000904378
0.000904446
0.000568107
0.00021652
0.0027269
0.00272856
0.000219534
0.00123786
0.0016093
0.000827493
0.00168719
9.77042e-06
0.00326067
0.0036206
1.19216e-05
-0.0013015
0.00503998
0.0033138
-0.00193935
-4.37749e-05
-3.38002e-05
2.33736e-06
8.00036e-06
-3.75399e-05
-5.06085e-05
-3.17878e-06
7.19679e-05
-0.00128606
0.000308071
0.00661788
-0.00755813
0.00136457
0.00262058
0.00176647
0.00109044
0.034972
0.00153491
0.000978297
0.0390108
0.0383465
0.0781435
0.00990677
0.0144598
0.0751906
0.00289424
0.00102047
0.0726591
0.0031655
-0.000943996
-0.000728759
-0.000248228
0.0112343
0.0116396
0.00683921
-0.00437516
0.0366787
0.0126133
0.00713398
0.0977591
0.00173195
-0.000209838
-0.00286758
-0.000148745
0.00289823
-0.000143615
0.000109555
0.00490513
0.0767092
0.0766852
0.000689404
0.00370717
0.00246062
0.00112175
0.00117289
0.00156774
0.0045983
0.00557119
-0.00300607
0.00263495
0.00142407
0.0126844
-0.00380822
0.00223694
0.00167887
0.00220623
0.000956172
-2.1131e-05
0.0165283
0.0147447
-0.00301401
0.00523364
0.0108296
-0.00997106
-0.0103954
0.0132116
0.00161815
0.000942574
0.00723699
0.000331906
0.000922898
0.00404301
0.0114454
0.0174614
0.0383626
0.0144268
0.0098625
0.0879675
0.0112168
-0.00418636
0.00666297
0.011582
0.00322235
-0.000256678
-0.000737783
-0.000958307
0.101509
0.0990582
0.000963635
0.00307793
0.0165448
0.00523771
-0.00299728
0.0147914
0.000887667
0.0172719
0.0114379
0.00397968
0.00161919
0.000328991
0.00721641
0.000937089
0.0107854
0.0132431
-0.0104426
-0.00984336
0.00250166
0.00157366
0.0011573
0.00119177
0.00167926
3.91998e-05
0.000958769
0.00220813
0.00142321
0.00222104
-0.00385708
0.0125121
0.00460833
0.00262907
-0.00309889
0.00553757
0.021185
0.0970093
0.00621902
0.0113615
0.0985056
0.0038802
0.000723268
0.0932597
0.00290201
0.00498888
0.00014972
-0.000130928
0.00173452
-0.000139963
-0.00289607
-0.000229348
0.000930404
-0.000534829
0.00216111
0.00403008
-0.000537351
0.00215992
0.00215915
-0.000537674
-4.75156e-06
-4.51652e-06
7.95641e-07
7.5282e-07
0.0030591
0.00249221
7.46414e-06
2.9369e-06
0.000907605
0.00377692
0.00215846
-0.000536325
0.00222522
-1.63396e-06
4.68864e-06
0.00211999
-4.99902e-06
6.22444e-07
4.77292e-07
-5.16692e-06
-0.000537832
-0.000538656
0.00215848
0.00215969
-0.00277326
0.00160361
0.00128797
0.00387596
-0.00235192
4.83889e-05
5.34936e-05
-0.00103528
-5.80871e-06
-5.91196e-06
-1.45676e-05
-1.40896e-05
0.00231982
0.00241948
-8.07779e-06
-1.62614e-06
-0.00140739
0.0017606
-0.00160474
0.00155947
0.00356207
3.66001e-06
-2.4852e-06
0.0020275
-5.54789e-06
-1.36226e-05
-1.33359e-05
-5.246e-06
-0.00235061
-0.00105079
3.78125e-05
4.32094e-05
0.0137223
0.0161301
-0.00223905
0.00044317
0.0209204
-9.93445e-05
-0.00149608
0.0189985
0.00195017
0.00160103
0.00166794
0.00146448
0.00616725
0.00566425
0.00255532
0.00254791
0.0241625
0.00502345
0.00116288
0.0420634
0.00266135
0.000849736
0.000771765
0.00323833
0.000899685
0.000793656
-0.0322294
-0.0349061
0.0236995
0.0269959
-0.000373577
0.00136533
0.0242557
0.0392674
-0.00189576
0.00502724
0.0236155
0.00136433
-0.0033706
0.0242717
0.000900585
-0.0142232
-0.0331934
0.000793522
0.00265956
0.00325532
0.000452052
0.000856553
0.0137029
0.000452758
-0.00222078
0.0161021
0.00600496
0.00254934
0.002549
0.00565156
0.00195343
0.00146646
0.00166774
0.00160378
0.0208655
0.0189969
-0.00141331
-9.65652e-05
0.0332201
0.0240318
0.0190057
0.0508376
0.0218462
0.00933399
-0.0094335
-0.00143441
0.00669591
-0.00679833
-0.00730061
0.00729431
0.072692
0.063775
0.0168104
0.0189064
0.0210267
0.00698733
-0.0008859
0.0195569
0.0276765
0.00106473
-0.00670021
0.0218276
0.00391204
0.00467459
0.00969064
0.00998196
0.0224015
0.0164042
-0.0113564
0.00691044
0.0210063
0.0196169
-0.000851004
0.00702334
0.0224302
0.00698126
-0.0113635
0.0164147
0.00390625
0.0101813
0.00955711
0.00462228
0.0276402
0.0217891
-0.00670107
0.00105858
0.0331828
0.0508225
0.0189234
0.0240317
0.0725465
0.0187419
0.0166283
0.0636303
0.00667135
0.00723088
-0.00738976
-0.00683813
0.0217357
-0.00151328
-0.00929957
0.00918018
0.0248484
0.0197428
0.00284032
0.00462727
0.0100513
0.00163105
0.00174012
0.0144348
0.00148941
0.00108859
0.00075878
0.00157148
0.00187063
-0.000449924
0.000283877
0.00169342
0.0242962
0.00244985
0.0015523
0.0212025
9.91203e-05
0.000710154
0.0019074
0.00139574
0.00111398
0.00160359
0.00173873
0.000849802
0.00895198
0.0152161
0.00106079
0.001057
-0.00439181
-0.0049731
0.00102502
0.000819779
-0.00254424
0.00381958
0.000901896
-0.00293025
0.000778179
0.00062251
0.00156669
0.00488961
-0.000344237
0.000568058
0.0013784
0.00052131
0.00367456
0.00177247
0.00164146
0.00295465
0.00170113
0.00145874
0.00296731
0.0027993
0.00117519
0.00548473
0.002788
0.00131403
0.000685982
0.000372528
0.0014512
0.00307211
0.0422041
0.00354739
0.00219878
0.0452164
0.00187159
0.00168322
0.000333759
-0.000424193
0.00146331
0.00161147
0.000880406
0.00131031
0.0442441
0.0456101
0.00178044
0.00162578
0.00365475
0.00297017
0.0016355
0.00177679
0.000675142
0.00236851
0.00145329
0.000384185
0.00115871
0.00130149
0.00277618
0.00547407
0.00167153
0.00279317
0.00294879
0.00145243
-0.00439408
0.000821538
0.0010052
-0.00499193
-0.000361578
0.000507992
0.0013446
0.000528496
0.000763278
0.00486268
0.00153895
0.000603586
-0.0025579
-0.00347704
0.000892031
0.00382504
0.0376089
0.0397255
0.00153367
0.00290954
0.0428398
0.00103938
0.00109584
0.0422053
0.00109043
0.000824686
0.00175161
0.00163401
8.00814e-05
0.00139415
0.00191499
0.000686885
0.000401287
1.41453e-05
1.19862e-05
-0.000175726
-0.00129847
6.21662e-07
0.00152857
0.000750143
-7.82252e-05
0.00179516
0.00166167
3.01325e-07
0.000654561
0.000696555
4.36358e-06
4.06134e-05
-0.00235159
0.00013724
0.000318846
-0.00223839
0.000283137
1.03238e-05
0.000170837
0.000132127
-0.000146779
2.34085e-07
0.00334837
0.00348923
-0.0013174
0.0016321
0.00336818
4.36521e-07
0.000176995
1.55279e-05
9.83905e-06
0.000182345
-1.17156e-06
-2.91542e-06
0.0026454
0.0027801
-0.000222345
0.00355628
0.00146362
-0.00158068
0.000318003
-7.71437e-05
-0.000449363
1.12829e-05
-0.00021102
0.00052735
1.46185e-05
1.72875e-05
0.000597635
3.10476e-05
-0.00221328
-0.00170629
-0.00017352
-0.00161893
0.000609563
0.00181966
-1.2469e-06
0.00274141
0.00260844
-2.86736e-06
0.00647192
0.00506478
0.0505325
0.022406
0.0068889
0.0381408
0.0442086
0.00665842
0.00218049
0.00443575
0.00433749
0.00232846
0.00366634
0.00400157
0.00298718
0.00504627
0.00704333
0.0355861
0.0368192
0.00709196
0.00171823
0.00175647
0.00218003
0.00224071
0.00207156
0.00228989
0.00257405
0.002052
0.00556838
0.0079202
0.0362828
0.0371636
0.00704616
0.0070986
0.0368245
0.0356089
0.00555037
0.0371211
0.0362874
0.00791745
0.00207139
0.00205209
0.00257709
0.00229618
0.0017181
0.00223917
0.00217957
0.00175673
0.00658952
0.0225416
0.0507056
0.00523519
0.00367448
0.00505661
0.00298988
0.00400506
0.00218165
0.00234568
0.0043442
0.00443415
0.00687736
0.00664359
0.0441811
0.0382921
0.0122004
0.0732505
0.00364272
0.0112332
0.0720177
0.00170191
-0.000400409
0.0697468
0.000689721
-0.000915212
0.00254122
0.00362617
-0.00439917
-0.00202545
0.00319413
0.00479409
0.00914949
0.00836215
0.00106202
0.0154148
0.0117802
0.00072543
0.00145366
0.00996114
0.0094125
0.00548928
-0.0142455
-0.0107163
0.0673911
0.0372412
-0.00791919
-0.00112433
0.0182032
0.00640473
0.00261179
0.0238955
0.00183175
0.000989203
0.00266638
0.00252133
0.0159473
-0.00188709
0.00263696
-0.00319099
0.0206421
0.0260387
0.00177265
0.000653693
-0.00457514
0.000675368
0.000604243
-0.00528537
-0.00160848
0.00996895
-0.00315597
0.000908245
0.00752073
-0.00134698
-0.00427456
0.0056206
0.00424464
-0.0054298
0.0020042
0.00226979
0.0142865
0.0102394
0.00197241
0.069923
-0.0044865
0.00483155
0.00344066
-0.00204304
0.000687266
0.00359938
0.00276493
-0.00096103
0.0696166
0.0677198
-0.000113713
0.00173872
-0.00457049
-0.00529107
0.000563057
0.000639109
0.00404393
0.00200485
0.00200805
-0.00569697
0.00759189
0.00570637
-0.00428432
-0.00143158
-0.00155369
0.000909629
-0.00306268
0.00984855
0.0181855
0.0238107
0.00257712
0.00633037
0.0206808
0.000663754
0.00175571
0.0260347
0.0159075
-0.00313806
0.00262186
-0.00184168
0.00175065
0.00251685
0.00268168
0.00104116
0.00905085
0.0153231
0.00101533
0.00836915
0.0674187
-0.0011476
-0.0081478
0.0373219
0.0095103
-0.0106563
-0.0144707
0.00549437
0.0118105
0.00996191
0.00147246
0.000770656
-0.00834826
-0.00445709
-2.74964e-05
-0.000236669
-0.00733422
6.44774e-06
7.29724e-06
-0.00592474
-0.00198589
-0.00197453
6.3101e-05
4.93088e-05
-0.00103725
0.00126452
9.11033e-05
-0.00194833
-0.00803546
-0.000295133
-3.38473e-05
-0.00443605
-0.00237533
-0.00200247
1.91002e-05
-9.94199e-05
-0.00199647
3.51682e-05
2.04791e-05
-0.0020063
-0.007338
-0.00591655
3.85657e-06
5.26154e-06
0.0154562
0.00675265
2.10783e-05
-6.68733e-05
0.00491911
2.36166e-06
4.14081e-06
0.00531559
2.84842e-06
2.55507e-06
-3.16537e-05
-2.9651e-05
-0.000557795
-0.000362443
-1.66078e-05
1.56658e-05
0.0162705
-1.12921e-05
2.10898e-05
0.00675276
-0.000534411
1.50785e-05
-7.21323e-06
-0.000331477
2.62344e-06
-2.75525e-05
-2.65044e-05
1.76838e-06
0.00491598
0.00530838
4.12584e-06
2.35248e-06
0.00507145
0.0193171
0.0358002
0.0641476
0.051314
0.00200113
0.00500946
0.0416699
0.00176858
0.000873724
0.00117749
0.00201588
0.00257218
0.00327221
0.00401845
0.00343236
0.019176
0.00573486
-0.000309991
0.0168777
0.00440216
-0.00108179
-0.000781262
0.00472115
0.00165022
0.00182896
-0.000471754
0.000216124
0.0443661
0.0231685
-0.00202086
0.0017342
0.0192156
0.0169114
-0.000338604
0.00580094
0.0443998
0.00174876
-0.00203556
0.0232891
0.0015232
0.000137855
-0.000608589
0.00171245
0.00440053
0.00473307
-0.000813076
-0.00108237
0.00505512
0.0641441
0.0357722
0.019282
0.002571
0.00343328
0.0040114
0.00326664
0.00171756
0.00197845
0.00118698
0.000872723
0.0511303
0.0412502
0.0049533
0.00194893
0.0216138
0.0089066
0.00541822
0.0205645
0.00714669
0.00300102
0.00300158
0.00713655
0.0342355
0.0334782
0.00245091
0.00212805
0.0268589
0.0206611
0.00593645
0.0271528
0.0213712
0.0205455
0.00542041
0.00892879
0.0272996
0.0272221
0.00598923
0.020669
0.0342277
0.0021281
0.00248767
0.0335485
0.00715059
0.00716209
0.00301702
0.00300039
0.00937856
0.00614299
0.00252072
0.00402647
0.0063613
0.00155954
0.00173039
0.00640234
0.000594232
0.00066912
0.000285652
0.000129164
-0.00434226
0.0039705
0.00254274
-0.00570997
0.00932322
0.00402969
0.00249337
0.00605948
-0.00439062
-0.00567015
0.00258484
0.00396967
0.00060161
0.000135872
0.000314544
0.000703623
0.00636394
0.00638999
0.00173309
0.00156011
