-0.821514
0.125
-2.255
-0.685
0.165
2.37287
-0.72469
0.935
-2.215
-0.655
1.445
2.18402
0.825
0.125
-2.25849
0.685
0.165
2.37287
0.728212
0.935
-2.215
0.655
1.455
2.17817
0.0428293
0.061422
0.0851348
0.072208
0.0428044
0.061397
0.0854919
0.0719949
-0.0290428
0.00442859
0.0443253
0.0563378
0.013631
-0.0216915
-0.0459454
-0.0278661
0.00976885
0.0530191
0.0612752
0.00927343
-0.0260119
-0.0483482
-0.0158631
0.022637
0.0851367
0.075781
0.0142116
-0.0203275
-0.0404978
0.0473389
0.0838813
0.122739
0.114663
0.0692976
0.0334264
0.00762516
-0.036624
-0.00345391
0.0381419
0.0561619
0.00775119
-0.0283246
-0.0519269
-0.0370334
-0.0339389
-0.055305
-0.0287504
-0.0301242
-0.0483843
0.0409192
0.079232
0.122781
0.113922
0.0645273
0.0274461
0.00206381
-0.0365932
-0.00344175
0.0381297
0.0561387
0.00774087
-0.0283364
-0.0519417
-0.0370046
-0.033948
-0.0553199
-0.0287098
-0.0301381
-0.0484026
0.0409983
0.0793278
0.122862
0.113913
0.0644906
0.0274172
0.00204122
-0.0289621
0.00450053
0.0443402
0.0562854
0.0135975
-0.0217213
-0.0459766
-0.0277758
0.00987929
0.0530736
0.0611903
0.00924287
-0.0260406
-0.0483806
-0.0157427
0.0228206
0.085413
0.0756182
0.0141483
-0.0203681
-0.0405367
0.0474923
0.0840577
0.122877
0.114654
0.0692356
0.0333731
0.0075822
0.0536087
0.00551469
0.0170657
0.130325
-0.0198907
0.0697921
0.0758546
0.0583021
0.0254856
0.0522524
0.0519418
0.0170508
0.135546
0.0702058
0.0569928
0.0516078
0.0508898
0.122587
0.0358076
0.16505
0.0467533
0.0894256
0.477696
0.382381
0.0508801
0.124054
0.167192
0.0895407
0.107719
0.100973
0.0112898
0.10616
0.238537
0.151494
0.153314
0.0412421
0.45438
0.203126
0.198272
0.025452
0.294
0.106739
0.0307412
0.00550279
0.0124326
0.0973437
-0.0203705
0.035521
-0.000987995
0.0547001
0.0496022
0.135216
0.0192878
0.0356784
0.00550606
0.0306108
0.0169015
-0.0204019
0.0991028
0.0361203
0.0546857
-0.00152672
0.0491527
0.0189018
0.138088
0.0350683
0.0558538
0.0462919
0.0363139
0.0287484
0.0654696
0.0555016
0.169476
0.0307868
0.0681552
0.142793
0.0835191
0.470619
0.0611888
0.147512
0.0711968
0.38094
0.037076
0.0247131
0.0462815
0.0382298
0.0654468
0.0311637
0.0554933
0.159911
0.0655895
0.468461
0.143482
0.0836109
0.0606419
0.377595
0.147843
0.0713923
0.0961859
0.198624
0.00864911
0.147485
0.0967774
0.0190262
0.182638
0.120642
0.0175426
0.126411
0.196733
0.0287123
0.105081
0.173287
0.142419
0.101425
0.249571
0.124104
0.131453
0.287067
0.091452
0.197861
0.0897435
0.0123657
0.186642
0.123077
0.196151
0.030705
0.136915
0.10031
0.131241
0.283039
0.0659143
0.0279836
0.100366
0.139299
0.0229064
0.038536
0.159016
0.202896
0.0440546
0.0295017
0.152051
0.460254
0.225678
0.486929
0.41751
0.33829
0.0683107
0.0275688
0.101028
0.14174
0.161014
0.200375
0.152872
0.457731
0.0725804
0.0534928
0.126739
0.11788
0.0663196
0.112938
0.127215
0.0592994
0.01401
0.00984184
0.0249095
0.0366739
0.092295
0.198234
0.196391
0.0917607
0.198128
0.126819
0.12623
0.198682
0.05563
0.0747979
0.151315
0.149959
0.0580739
0.150814
0.151785
0.0774968
0.030093
0.0262993
0.02929
0.0286853
0.494188
0.420359
0.417433
0.491458
0.197085
0.186876
0.13079
0.140465
0.188098
0.141016
0.133528
0.187233
0.0309194
0.031702
0.0214978
0.0189124
0.329282
0.241455
0.237083
0.32564
0.126663
0.127917
0.131807
0.130929
0.0110299
0.00546863
0.0100994
0.0543921
-0.135714
0.0274416
0.00114405
0.0360173
0.0352221
0.0772733
0.0142464
0.0241826
0.00548593
0.0107951
0.0130031
-0.134826
0.0552949
0.0253075
0.0360522
0.000546598
0.0350495
0.0138845
0.0781982
0.0234363
0.0588688
0.0439812
0.0765966
0.0371789
0.0630487
0.0582426
0.168523
0.0621678
0.0815257
0.116556
0.0851505
0.38261
0.0656519
0.111764
0.067031
0.321995
0.0393937
0.0469873
0.0439701
0.078986
0.0624297
0.0693202
0.0582319
0.157967
0.0818198
0.382082
0.11633
0.0853585
0.0650377
0.32131
0.112525
0.0672333
0.0523876
-0.0225373
0.0858469
0.147371
0.00551684
0.00551697
0.00730054
0.17132
0.0147649
0.0268082
0.0853929
0.0163369
0.135638
0.176464
0.188909
0.125624
-0.0206916
-0.0210297
0.00961156
0.0786103
0.0421886
0.0678873
0.195889
0.0740395
0.0673986
0.0674092
0.0964958
0.146864
0.0558759
0.0563923
0.100705
0.0904485
0.0221184
0.0224613
0.217662
0.0857674
0.0451436
0.0580144
0.0995859
0.270542
0.0532346
-0.0247682
0.0819217
0.14646
0.0147373
0.0193475
0.0825159
0.0229416
0.136271
0.181588
0.192695
0.130123
0.0438653
0.0678721
0.195371
0.0795393
0.0547087
0.0543403
0.100702
0.0889465
0.0445289
0.0573902
0.100137
0.264711
0.0485906
0.0532026
0.0983461
0.0484737
0.107873
0.144036
0.111295
0.130427
0.0353375
0.0351273
0.0246756
0.037182
0.15447
0.170017
0.162016
0.201258
0.0455158
0.0455397
0.0454136
0.0314663
0.0803529
0.0744722
0.119232
0.364817
0.482738
0.481632
0.357054
0.493866
0.387563
0.385632
0.400276
0.360259
0.0485809
0.0531939
0.101276
0.0572493
0.109501
0.145118
0.112452
0.132988
0.157164
0.171807
0.164361
0.193401
0.0804705
0.0745739
0.119903
0.36449
0.103557
0.10756
0.121591
0.116544
0.0956856
0.100642
0.118185
0.109145
0.00996195
0.0110677
0.0110694
0.013037
0.107803
0.105196
0.104689
0.0864431
0.224881
0.231112
0.096349
0.224573
0.134797
0.147742
0.155558
0.163217
0.136869
0.149344
0.157391
0.164698
0.0402813
0.039895
0.0426129
0.0402633
0.463815
0.472075
0.435461
0.462256
0.176531
0.197708
0.167886
0.203012
0.179399
0.197074
0.169533
0.198121
0.0224775
0.0281479
0.0281799
0.027469
0.272283
0.293673
0.291667
0.316342
0.114423
0.161806
0.134003
0.115551
0.0730698
0.0946957
0.0118901
0.171604
0.0614368
0.0121096
0.176121
0.119612
0.00973135
0.0741911
0.172087
0.0563069
0.0788422
0.0798518
0.0816183
0.0686453
0.0831319
0.0835038
0.142305
0.143084
0.21084
0.0863416
0.0927919
0.226281
0.00850681
0.171477
0.0603574
0.0941196
0.0582196
0.0176261
0.0114011
0.0748163
0.17633
0.121246
0.171951
0.0417535
0.0813467
0.0683576
0.0742572
0.0791251
0.0780678
0.0827524
0.206407
0.0871963
0.144538
0.144422
0.0935015
0.219926
0.066862
0.0340825
0.0874176
0.0426436
0.0131941
0.0462245
0.0388774
0.0273586
0.194012
0.0630253
0.109825
0.0556263
0.0828173
0.196181
0.0302814
0.0320587
0.110588
0.151936
0.135795
0.14658
0.115865
0.375246
0.336735
0.502462
0.104477
0.311236
0.149331
0.143854
0.103761
0.340057
0.400515
0.355577
0.0656866
0.0451403
0.026026
0.0252115
0.0901562
0.0516299
0.014905
0.0478917
0.184955
0.074774
0.0301611
0.0310582
0.113072
0.0632633
0.0857891
0.19447
0.11062
0.149309
0.334695
0.500275
0.136385
0.147337
0.113365
0.375201
0.105398
0.305864
0.39738
0.352055
0.149804
0.144402
0.104633
0.340365
0.0855287
0.099833
0.218648
0.090127
0.00837378
0.00837683
0.14569
0.145068
0.0892358
0.104066
0.0165347
0.0220285
0.208054
0.174946
0.160105
0.142857
0.0195277
0.0194866
0.134092
0.133541
0.200976
0.195658
0.0278331
0.0254371
0.099193
0.0990575
0.155866
0.155628
0.121716
0.13649
0.0987444
0.0834436
0.248513
0.246299
0.129391
0.12874
0.130605
0.136216
0.308304
0.264762
0.0793711
0.0906105
0.0891615
0.218917
0.0780679
0.0977263
0.0110002
0.0144194
0.177678
0.207741
0.160666
0.145401
0.192226
0.195715
0.0310047
0.0296846
0.1307
0.12154
0.0822031
0.0979197
0.136667
0.130679
0.260565
0.304446
0.0606131
0.0724835
0.0288874
0.0283344
0.0827245
0.122145
0.124213
0.155869
0.022849
0.0228468
0.0378947
0.037698
0.144031
0.168494
0.20045
0.174204
0.0429097
0.0428728
0.030812
0.0308227
0.152596
0.156434
0.477813
0.441045
0.219124
0.217895
0.49534
0.494207
0.425347
0.423826
0.3376
0.335818
0.0646454
0.0750833
0.0267473
0.0284318
0.122948
0.083862
0.125923
0.157287
0.170358
0.146211
0.199546
0.171534
0.154786
0.153149
0.438322
0.475166
0.0595143
0.0777376
0.100441
0.0859417
0.079736
0.0960458
0.114162
0.0954758
0.114544
0.106178
0.140207
0.133733
0.0572121
0.0773738
0.112981
0.09493
0.0500519
0.0735309
0.0900902
0.0704447
0.0571952
0.0898437
0.104774
0.0718234
0.114207
0.134583
0.134842
0.10618
0.0817185
0.0911396
0.108125
0.097217
0.00984496
0.00720832
0.00971687
0.0140434
0.0144047
0.0201426
0.00971529
0.00720817
0.0468695
0.0243187
0.0128974
0.0268774
0.0347797
0.0204703
0.0128964
0.0244238
0.0700457
0.089236
0.104393
0.0895868
0.286938
0.355624
0.099315
0.0875244
0.284456
0.0856915
0.0872588
0.354543
0.069662
0.089577
0.104122
0.088037
0.102475
0.144569
0.241615
0.165317
0.0733707
0.0906686
0.0738924
0.0527618
0.0729774
0.0512054
0.0734807
0.0894468
0.101301
0.164509
0.241241
0.145671
0.0820392
0.0928797
0.130441
0.116307
0.115661
0.148713
0.139644
0.104087
0.102453
0.105007
0.166744
0.169947
0.117843
0.15011
0.159946
0.108582
0.0846234
0.118011
0.132288
0.0957748
0.117415
0.109137
0.161483
0.151439
0.103209
0.171631
0.168215
0.105603
0.11906
0.107178
0.141756
0.151141
0.0404062
0.0366224
0.039088
0.0452367
0.0485485
0.0545663
0.0389806
0.0364071
0.0660392
0.0442332
0.0415859
0.0608503
0.0594268
0.0531691
0.0415772
0.0442052
0.379017
0.37015
0.480865
0.502033
0.332453
0.407131
0.444755
0.349008
0.331809
0.349395
0.443314
0.405508
0.37891
0.500969
0.479635
0.3701
0.221441
0.199116
0.203069
0.198573
0.170994
0.209661
0.206987
0.182963
0.0914555
0.0970961
0.171162
0.1823
0.107736
0.170554
0.173696
0.102904
0.221493
0.189265
0.194257
0.190254
0.108582
0.103783
0.170016
0.17226
0.092275
0.18542
0.173373
0.0976999
0.170388
0.182515
0.208763
0.209238
0.0683986
0.031469
0.029472
0.0645497
0.0753679
0.0769335
0.0294908
0.0314847
0.0393226
0.0105009
0.0271565
0.0741046
0.0340177
0.0650414
0.025011
0.0104714
0.304281
0.291224
0.316193
0.362718
0.19568
0.216891
0.271408
0.248999
0.18917
0.242877
0.269285
0.214642
0.303187
0.360765
0.314306
0.28566
0.0690607
0.080898
0.165595
0.156528
0.069879
0.157297
0.165987
0.0812683
0.0896515
0.0866554
0.13451
0.154357
0.0884824
0.150784
0.138856
0.0861315
0.00488179
0.00545129
0.0019377
0.0168815
-0.0950349
0.0170895
0.00827588
0.0223871
0.0248273
0.0420536
0.00955482
0.0161266
0.00547343
0.00485067
0.0162477
-0.0223699
0.017114
0.0154182
0.0223434
0.00786579
0.024723
0.00923029
0.0416201
0.0153409
0.0600622
0.0428311
0.0809382
0.0374729
0.0612803
0.059396
0.136714
0.048965
0.083495
0.095771
0.0857596
0.242172
0.0691643
0.0933788
0.0642103
0.202578
0.0405422
0.039484
0.0428208
0.0832798
0.0613154
0.047789
0.0593841
0.139969
0.0837725
0.242023
0.0962305
0.0860861
0.0686947
0.202016
0.0934928
0.0643987
0.053708
0.0205083
0.0799237
0.111378
0.00551843
0.00551694
0.00665344
0.198655
0.0159171
0.018231
0.0798125
0.0201421
0.104542
0.147269
0.191749
0.128124
-0.020675
-0.0209023
0.00375155
0.041688
0.0709266
0.0686521
0.197001
0.0522104
0.0718354
0.0718497
0.088272
0.174143
0.0580052
0.0581826
0.0854053
0.0808107
0.0229574
0.0248746
0.163533
0.0586059
0.0491857
0.0552959
0.078539
0.222008
0.0545126
0.0247394
0.0714992
0.110155
0.0159028
0.0181995
0.0735853
0.0209596
0.10876
0.16002
0.196253
0.132388
0.0709457
0.069082
0.196493
0.0591858
0.0568504
0.0564729
0.0853562
0.0789971
0.0485216
0.0546862
0.0788986
0.219247
0.0497405
0.0520527
0.108071
0.0461586
0.123153
0.137872
0.116811
0.126349
0.0355703
0.0354939
0.025556
0.0365023
0.155071
0.170033
0.163307
0.167335
0.0461322
0.0461565
0.0460908
0.03236
0.090185
0.0746566
0.106328
0.234992
0.481761
0.481196
0.421826
0.492278
0.38649
0.386405
0.391639
0.371258
0.0497301
0.0520442
0.11084
0.0462927
0.124503
0.139186
0.118067
0.127859
0.156122
0.171808
0.165648
0.169711
0.0902708
0.074753
0.106964
0.234904
0.106678
0.108069
0.109277
0.113265
0.0997571
0.105182
0.105612
0.105021
0.0106215
0.0111752
0.0111899
0.0121526
0.107551
0.106064
0.1058
0.105875
0.230765
0.244685
0.147204
0.235504
0.146622
0.149994
0.153563
0.159436
0.147911
0.151649
0.155199
0.161267
0.0407738
0.0405745
0.0419334
0.0408046
0.460605
0.463841
0.444846
0.459817
0.200762
0.20715
0.200427
0.203191
0.200236
0.198988
0.196923
0.198335
0.0235685
0.0267936
0.0267656
0.0264442
0.283645
0.30489
0.303464
0.305171
0.110357
0.0885929
0.12318
0.111367
0.0196746
0.0431297
0.0618875
0.05585
0.00469702
0.00550973
0.0108255
0.163102
0.0112831
0.0136038
0.0547179
0.0162428
0.0761451
0.11938
0.176349
0.111608
-0.122738
-0.0206309
0.00348191
0.043593
0.0278725
0.0370876
0.0424578
0.0362317
-0.00284007
-0.0154703
0.0365393
0.0522434
0.0463635
0.0619326
0.0712127
0.120674
0.043345
0.0535599
0.0704814
0.0745497
0.109463
0.17966
0.145724
0.148655
0.0169587
0.0206883
0.155159
0.0563522
0.0306312
0.0403812
0.0675522
0.194549
0.00470928
0.00551691
0.00785202
0.162424
0.019051
0.043483
0.0537351
0.0548275
0.0195366
0.022774
0.04876
0.0182176
-0.102679
-0.0211226
0.00445175
0.0440447
0.0774216
0.121888
0.17656
0.113426
0.0271913
0.0351827
0.0424279
0.039899
0.046345
0.0619143
0.0710494
0.120424
-0.00346894
-0.0160921
0.0363867
0.0515056
0.0429576
0.052564
0.0707746
0.0735777
0.0165127
0.0204517
0.153118
0.0567006
0.111562
0.185349
0.148615
0.149879
0.0298802
0.0397067
0.0676117
0.191581
0.0566561
0.0552425
0.0718247
0.0488991
0.0451427
0.047441
0.0945074
0.0424592
-0.0487618
0.0844408
0.0274995
0.0413997
0.0482853
0.0351715
0.0350472
0.0326735
0.0642595
0.0666787
0.193942
0.0571432
0.0570896
0.0543523
0.121753
0.0448307
0.168189
0.170277
0.0863629
0.178028
0.0750885
0.0448656
0.0305414
0.03176
0.088126
0.0541002
0.0948194
0.11278
0.132664
0.145966
0.139328
0.144855
0.0842747
0.0818709
0.0964215
0.236102
0.442564
0.480481
0.403222
0.497017
0.0625243
0.0596964
0.084312
0.250001
0.127425
0.165758
0.148101
0.145501
0.0695299
0.0729292
0.0895688
0.212693
0.371511
0.386324
0.390723
0.368528
0.0382448
0.035924
0.0685567
0.042592
0.0481549
0.0347468
0.0257391
0.0248172
0.0451192
0.0474313
0.0969105
0.0430543
-0.046609
0.0863474
0.0287263
0.0435566
0.0642125
0.0666595
0.184919
0.0612117
0.0676923
0.044924
0.0307374
0.0312218
0.0566427
0.0543434
0.124823
0.0448198
0.158459
0.156368
0.0893408
0.175938
0.0872688
0.0513924
0.0948772
0.110082
0.44005
0.478871
0.401067
0.495045
0.132943
0.146885
0.140052
0.145586
0.0843508
0.0820234
0.0969003
0.235991
0.061965
0.0591414
0.0844808
0.247806
0.367556
0.383823
0.387483
0.365077
0.128295
0.167273
0.148351
0.146104
0.0697064
0.0731522
0.089884
0.212295
0.0929522
0.100739
0.0893584
0.0876186
0.174445
0.214825
0.220168
0.108228
0.00798437
0.00930452
0.00850737
0.00851781
0.140215
0.154757
0.147749
0.147469
0.0914485
0.102257
0.0942311
0.107412
0.0263577
0.0110588
0.0177894
0.0205294
0.184851
0.179611
0.186778
0.181559
0.123776
0.117568
0.100619
0.134076
0.0160626
0.019057
0.0184873
0.0185309
0.0879668
0.161722
0.127649
0.128356
0.196305
0.197161
0.203033
0.207307
0.0782877
0.0295067
0.0293815
0.0257522
0.102058
0.106919
0.102039
0.101913
0.118836
0.112712
0.168518
0.16757
0.118506
0.135305
0.139287
0.14048
0.0972094
0.103717
0.100289
0.102063
0.236158
0.260921
0.259857
0.252925
0.108786
0.135003
0.127767
0.127151
0.114682
0.155613
0.131382
0.133963
0.281008
0.29162
0.297606
0.2764
0.0852689
0.0948829
0.0856545
0.0838765
0.173741
0.214092
0.107322
0.220493
0.0884992
0.09547
0.0869721
0.0938232
0.0255799
0.0109428
0.0115802
0.0133911
0.18957
0.182875
0.18516
0.185958
0.126817
0.119407
0.102743
0.13652
0.195756
0.196533
0.194276
0.207046
0.0748696
0.0296092
0.030664
0.0286108
0.114184
0.130439
0.13502
0.134559
0.095931
0.102964
0.100857
0.0993111
0.115909
0.157497
0.134006
0.130658
0.275905
0.288506
0.272285
0.293639
-0.02634
0.113188
0.061233
0.0700165
0.0639717
0.0398137
0.0290652
0.028159
0.105322
0.118684
0.0993716
0.115055
0.135368
0.143639
0.137755
0.15125
0.0237953
0.0220119
0.0228952
0.0228666
0.0378617
0.0392155
0.038222
0.0381576
0.160638
0.157294
0.149141
0.16642
0.202527
0.202837
0.20337
0.206186
0.044734
0.0433742
0.0434899
0.043464
0.0304618
0.0284863
0.0301535
0.030126
0.133623
0.161195
0.152479
0.153148
0.446526
0.464367
0.469467
0.450858
0.292031
0.158603
0.223215
0.222729
0.491791
0.479806
0.492193
0.491607
0.408652
0.426503
0.42357
0.423089
0.349287
0.327453
0.349457
0.348566
-0.0237076
0.115028
0.0640841
0.0723064
0.0587959
0.0397266
0.0272732
0.0279982
0.106234
0.109677
0.11594
0.100455
0.137711
0.146336
0.13939
0.152924
0.162896
0.159224
0.168367
0.149333
0.200675
0.197511
0.202375
0.201957
0.133439
0.162261
0.152506
0.153163
0.443713
0.462409
0.448235
0.467069
0.0698605
0.0664689
0.0790878
0.0821439
0.0671524
-0.0187589
0.0994851
0.0531445
0.122134
0.131785
0.123304
0.126498
0.106589
0.105711
0.105449
0.127989
0.0578962
0.0634332
0.0729759
0.0751917
0.100346
0.101318
0.10158
0.122317
0.122385
0.132167
0.123782
0.127201
0.0675358
-0.0153579
0.0884515
0.0546176
0.012956
0.020731
0.00832466
0.0152687
0.00920048
0.0197664
0.00823205
0.0102289
0.0456978
0.0254695
0.023875
0.0227925
0.0471915
0.0378072
0.0351606
0.0229758
0.0878452
0.089333
0.0960345
0.096299
0.179566
0.267988
0.129259
0.211182
0.177286
0.266046
0.127519
0.20981
0.0874368
0.0886646
0.0956399
0.0955545
0.126509
0.184162
0.209364
0.143648
0.104454
0.0681542
0.0908565
0.14306
0.0593286
0.103852
0.14264
0.088693
0.184585
0.125584
0.14266
0.209891
-0.0372465
0.0510765
0.0596589
0.102379
-0.00858937
0.079036
0.074971
0.123107
0.150492
0.128539
0.164478
0.151976
0.148297
0.135896
0.155733
0.151132
-0.0355802
0.052851
0.0616527
0.104047
0.149074
0.136204
0.156899
0.151971
0.150952
0.128561
0.165677
0.152491
-0.00353017
0.0817564
0.0775537
0.125411
0.057535
0.0274898
0.0277522
0.0376122
0.0256026
0.0540017
0.0372436
0.0263651
0.0297263
0.0653434
0.0423336
0.0288642
0.0693982
0.0300178
0.0285099
0.042268
0.479048
0.501769
0.486004
0.496261
0.410252
0.410251
0.43097
0.425043
0.407222
0.406789
0.422819
0.42813
0.499058
0.475976
0.494586
0.483053
0.195533
0.196735
0.199081
0.198633
0.181431
0.175079
0.205028
0.191542
0.136312
0.11355
0.159192
0.130643
0.119726
0.142111
0.138497
0.15955
0.186524
0.195502
0.19017
0.191435
0.121012
0.142676
0.138997
0.160954
0.139392
0.115173
0.160575
0.132449
0.182954
0.175107
0.205367
0.191971
0.0761111
0.0306434
0.030185
0.0314856
0.0735878
0.0313829
0.0313544
0.0315344
0.0189211
0.0270093
0.0205979
0.0234129
0.0171901
0.056882
0.0204825
0.0209875
0.322869
0.342333
0.318921
0.334517
0.228702
0.235749
0.245791
0.253112
0.22424
0.230201
0.242438
0.248828
0.318286
0.338754
0.315161
0.331752
0.123744
0.100615
0.153331
0.133312
0.101555
0.125137
0.133992
0.154877
0.113214
0.138438
0.130302
0.145219
0.137449
0.111951
0.143048
0.129539
0.0432522
0.0612016
0.00911769
0.0561638
0.052875
0.0137058
0.158582
0.0636953
0.0304909
-0.0752495
0.0397884
0.00653074
0.0411775
0.0458345
0.0577565
0.0754956
0.0527589
0.0612729
0.0901152
0.0888913
0.148952
0.0544673
0.061216
0.177863
0.013211
0.0545062
0.0357939
0.0596811
0.040962
0.0151787
0.0200007
-0.125582
0.159926
0.0645992
0.0394587
0.0232039
0.0575562
0.0752529
0.0413599
0.0456643
0.0527782
0.0606954
0.145713
0.0549503
0.0908127
0.090193
0.0610082
0.172913
0.079169
0.0290635
0.0877094
0.0391039
0.0780872
0.0793538
0.0324668
0.0382677
0.173198
0.0197482
0.12865
0.0461521
0.118592
0.197097
0.0607994
0.0660964
0.0906644
0.217343
0.114897
0.117178
0.0966298
0.239136
0.351686
0.380921
0.0879387
0.187588
0.101402
0.11023
0.0863492
0.204175
0.327441
0.31406
0.0813343
0.0301968
0.0474612
0.04828
0.0899668
0.0412342
0.0801717
0.0818423
0.171192
0.0363822
0.067679
0.0724713
0.131867
0.0462209
0.122065
0.189412
0.0907348
0.216784
0.349138
0.380719
0.114273
0.117715
0.0970956
0.238976
0.0881602
0.186636
0.326792
0.31322
0.102143
0.111092
0.0866682
0.203799
0.0803124
0.10484
0.0286569
0.019938
0.0866557
0.0590997
0.156505
0.10612
0.00664909
0.185996
0.0066565
0.185359
0.00725117
0.00725802
0.167922
0.167629
0.0719555
0.0185124
0.0895448
0.0256468
0.0822662
0.09632
0.0153518
0.0186071
0.212737
0.151991
0.190475
0.159778
0.183531
0.188783
0.105177
0.140591
0.00398014
0.0426577
0.00394157
0.04283
0.0100257
0.0101103
0.0798354
0.0800023
0.17386
0.0638972
0.199675
0.05814
0.201669
0.205635
0.0731336
0.0736003
0.0804853
0.152127
0.0805373
0.152056
0.0928272
0.0927606
0.0882803
0.0887054
0.0803907
0.0803129
0.0903857
0.0760808
0.103705
0.0999737
0.0901845
0.0893535
0.16052
0.0577336
0.159637
0.0580703
0.217463
0.216375
0.0870401
0.0850489
0.0746977
0.208607
0.0824345
0.235803
0.0985415
0.101523
0.280846
0.260146
0.0724933
0.103973
0.0227727
0.0206881
0.0803586
0.0547135
0.104744
0.157092
0.0605838
0.0188807
0.0831361
0.024009
0.0795575
0.0869375
0.0215585
0.0249012
0.211563
0.152777
0.194027
0.163976
0.192005
0.186405
0.10989
0.14459
0.170336
0.0669379
0.190813
0.058347
0.192893
0.205271
0.0778852
0.0781574
0.0799381
0.0789023
0.0901673
0.0738491
0.0946143
0.103737
0.0876665
0.0888429
0.0750719
0.205398
0.0827202
0.233385
0.102261
0.0991405
0.254184
0.275158
0.101256
0.0443004
0.114913
0.0466201
0.0956171
0.101218
0.0464837
0.0489901
0.101829
0.112268
0.138847
0.147249
0.112174
0.127249
0.130564
0.144544
0.0252056
0.03598
0.0250471
0.035773
0.0245211
0.0245401
0.0368918
0.0368181
0.150857
0.179686
0.169941
0.170375
0.151414
0.168615
0.201172
0.188208
0.0448679
0.0319397
0.0448948
0.0319525
0.0448328
0.0448078
0.0314611
0.0314454
0.0950509
0.232641
0.0917164
0.219106
0.105398
0.11947
0.369446
0.35346
0.423011
0.499763
0.421801
0.498725
0.357808
0.357249
0.49901
0.498462
0.397129
0.374947
0.395459
0.373209
0.405269
0.404895
0.369746
0.368866
0.103875
0.0444441
0.117834
0.0481574
0.0985863
0.104231
0.0572261
0.0596437
0.10309
0.113836
0.139771
0.148043
0.128216
0.113292
0.132161
0.14611
0.153291
0.174313
0.171504
0.172099
0.170726
0.150703
0.192009
0.188708
0.095508
0.232611
0.0922601
0.219
0.120184
0.105832
0.353563
0.369208
0.101271
0.101129
0.105548
0.118002
0.129669
0.117643
0.115896
0.132135
0.095602
0.0954441
0.0984418
0.104511
0.113637
0.123652
0.129232
0.113135
0.00983672
0.00984711
0.010387
0.0119734
0.0103891
0.0119707
0.0129794
0.0129627
0.105962
0.105765
0.105307
0.10548
0.104936
0.104966
0.0871914
0.086754
0.242455
0.126711
0.229766
0.229528
0.0898107
0.0870898
0.126709
0.242122
0.13252
0.137304
0.14287
0.155977
0.148767
0.163644
0.164708
0.161033
0.134485
0.139306
0.144449
0.15759
0.165297
0.149109
0.162879
0.166464
0.0396983
0.0409434
0.0394979
0.0394811
0.042148
0.0421011
0.0396364
0.0409395
0.472491
0.454047
0.477965
0.477327
0.442053
0.441457
0.452657
0.471209
0.19853
0.176621
0.204595
0.209568
0.169393
0.172013
0.205317
0.206329
0.179857
0.197242
0.19574
0.209461
0.169267
0.171199
0.196699
0.200673
0.0258418
0.0237511
0.0287969
0.0260771
0.028816
0.0261042
0.0284664
0.0284373
0.282923
0.279512
0.304933
0.28285
0.280771
0.302987
0.327272
0.326388
0.0951106
0.129092
0.165862
0.165979
0.131535
0.136446
0.0957699
0.130505
0.0665896
0.0795304
0.0709692
0.141618
0.0177552
0.00723011
0.136754
0.164104
0.0577645
0.070197
0.0109874
0.0130714
0.17385
0.213631
0.0944061
0.144053
0.0326317
0.0109325
0.0746267
0.0754198
0.171668
0.173561
0.0541469
0.0571228
0.0674773
0.0814693
0.0687835
0.0593076
0.0769305
0.0861746
0.096656
0.0860465
0.0718713
0.0898531
0.0780388
0.0868741
0.118453
0.167207
0.118638
0.152283
0.204897
0.214287
0.0878795
0.086173
0.0923015
0.0950572
0.213318
0.237662
0.0166648
0.00715595
0.135659
0.162945
0.0561268
0.0670514
0.0702247
0.142416
0.0485951
0.0673694
0.0160073
0.0188296
-0.031201
0.0110124
0.0753262
0.0758889
0.173999
0.216695
0.0956447
0.146387
0.171583
0.173293
0.0617999
0.0678791
0.0765866
0.0859898
0.0967373
0.0858069
0.064428
0.0761858
0.0682743
0.0584459
0.06961
0.0843833
0.0774827
0.0859428
0.199456
0.210973
0.0889316
0.0868117
0.120144
0.169064
0.120374
0.155076
0.0930748
0.0958134
0.207032
0.231397
0.0723843
0.093761
0.0340753
0.0318759
0.0847323
0.0901527
0.0415038
0.0439763
-0.038701
0.069753
-0.0430042
0.0932139
0.0487675
0.0244039
0.0540849
0.0362586
0.208545
0.196571
0.0550386
0.0637879
0.112743
0.106956
0.0579744
0.0552457
-0.00761366
0.127236
0.208131
0.197435
0.072148
0.0436051
0.0758331
0.0314785
0.112896
0.108324
0.222685
0.0822487
0.129738
0.136974
0.134687
0.151111
0.11575
0.110666
0.377149
0.372774
0.319672
0.349361
0.485878
0.503408
0.105398
0.103638
0.329647
0.301845
0.127015
0.164338
0.12366
0.161556
0.103215
0.104411
0.336898
0.344661
0.39072
0.405878
0.355927
0.36909
0.0722266
0.0820133
0.0480407
0.0431688
0.0506209
0.0241054
0.0505775
0.0359742
0.0873899
0.0929639
0.0512589
0.0542459
-0.0368769
0.0710044
-0.0414875
0.0951044
0.208125
0.187607
0.0780532
0.0759232
0.0652383
0.0436349
0.0765259
0.0315358
0.116066
0.110125
0.0645032
0.0620568
-0.00490492
0.130095
0.207276
0.19417
0.112887
0.108338
0.219865
0.0796935
0.317201
0.347797
0.48373
0.501862
0.12979
0.137849
0.135011
0.152174
0.113863
0.110151
0.3771
0.372663
0.10616
0.104706
0.325266
0.296342
0.386911
0.403546
0.352122
0.366659
0.127472
0.165577
0.124804
0.162976
0.103979
0.105162
0.337617
0.345188
0.0945481
0.0831074
0.0907617
0.106618
0.186772
0.234532
0.0617776
0.0767693
0.00780135
0.00904139
0.00904406
0.00780081
0.155178
0.136327
0.135664
0.154586
0.0838515
0.0949091
0.109349
0.099897
0.00968452
0.0233145
0.0310396
0.0129421
0.208808
0.208652
0.173059
0.17869
0.162318
0.159101
0.146904
0.140903
0.0174751
0.0212399
0.0211868
0.0174529
0.104681
0.163591
0.164397
0.10528
0.200026
0.201923
0.201185
0.187486
0.0304896
0.0770001
0.0681764
0.0263088
0.102197
0.095845
0.095771
0.101993
0.0968543
0.0866642
0.0862054
0.0965898
0.116504
0.138611
0.124186
0.11782
0.0953276
0.102275
0.09027
0.085193
0.234974
0.25996
0.257793
0.232727
0.111202
0.14024
0.139873
0.110516
0.114565
0.157893
0.158096
0.117436
0.30249
0.31336
0.26922
0.258858
0.0710689
0.0877826
0.0983668
0.0825846
0.0757276
0.0610785
0.233847
0.186256
0.0842936
0.076061
0.0963826
0.103176
0.0225711
0.00957876
0.0128082
0.0294525
0.181425
0.175552
0.20812
0.208565
0.159815
0.162641
0.1428
0.14982
0.193186
0.191238
0.187584
0.201043
0.0747005
0.0305619
0.0285016
0.0479188
0.113159
0.113873
0.133579
0.116758
0.0877909
0.0857336
0.101737
0.0943631
0.11863
0.15954
0.159207
0.116061
0.253565
0.266003
0.310425
0.297647
-0.0321328
0.10922
0.118477
-0.0181932
0.0387079
0.0603841
0.066685
0.0410723
0.0897059
0.108746
0.119276
0.12796
0.127344
0.120456
0.152961
0.157756
0.0235904
0.0219141
0.0219115
0.0236408
0.0372649
0.0385045
0.0383532
0.0370644
0.146488
0.141867
0.167441
0.169816
0.201838
0.199653
0.170126
0.174771
0.0435714
0.042249
0.0422255
0.0435402
0.0311157
0.030143
0.0301577
0.0311328
0.130847
0.163296
0.159532
0.135139
0.462447
0.481516
0.445049
0.429035
0.287251
0.152579
0.151751
0.286256
0.488116
0.500132
0.498998
0.48692
0.416019
0.434796
0.433293
0.414447
0.327174
0.350086
0.348306
0.325341
0.110935
-0.0296442
-0.0152884
0.120648
0.0564328
0.0384752
0.0410299
0.0612224
0.128913
0.120219
0.0986145
0.0907671
0.122034
0.12915
0.159513
0.154338
0.17157
0.169312
0.144082
0.148851
0.198451
0.192789
0.170981
0.172451
0.135464
0.160777
0.164376
0.130006
0.425934
0.442965
0.479715
0.459845
0.0356797
0.051013
0.0633898
0.0514854
0.0765063
0.0887133
0.0762282
0.0639534
0.105902
0.0965416
0.088401
0.0999768
0.0820447
0.0724363
0.0765093
0.0869356
0.0816417
-0.0379418
-0.0427038
0.0732378
0.117712
0.106017
0.0619458
0.0768648
0.117063
0.112791
0.104462
0.113348
0.0907137
0.0890124
0.0960655
0.102698
0.0927851
0.0999298
0.126563
0.131204
0.0881656
0.1134
0.119093
0.0926905
0.119895
0.12247
0.123189
0.148275
0.132495
0.141486
0.131819
0.121393
0.039034
0.0397795
0.0930337
0.0628073
0.0376743
0.0736269
0.0995505
0.0342444
0.106007
0.129878
0.114135
0.0954242
0.083549
0.07626
0.113071
0.119232
0.0283908
0.0436865
0.0535728
0.0400045
0.0743796
0.077633
0.0644821
0.0650958
0.10291
0.0929888
0.0817135
0.0934359
0.0695111
0.0568858
0.0731943
0.0857559
0.0392291
0.0626328
0.0886913
0.0396006
0.083769
0.114739
0.108667
0.0760204
0.102166
0.0919004
0.10894
0.121852
0.0327067
0.0289339
0.0927628
0.0682246
0.0930848
0.13134
0.126747
0.097896
0.133578
0.122376
0.132668
0.142332
0.111076
0.139045
0.12402
0.116858
0.0879175
0.0923272
0.119392
0.113807
0.0838593
0.0720183
-0.0422299
-0.0359693
0.0790529
0.0925823
0.085295
0.0759019
0.109299
0.103355
0.0935954
0.099437
0.118904
0.0782102
0.063005
0.107059
0.012043
0.0164167
0.0192373
0.0149811
0.00664852
0.00788913
0.00778807
0.00670299
0.0105011
0.0103659
0.00900791
0.00916853
0.019637
0.0173949
0.0217802
0.0248359
0.0132133
0.0166889
0.0181995
0.0153264
0.0198628
0.0239829
0.021175
0.0181466
0.0105147
0.00917967
0.00890382
0.0102581
0.00665813
0.00665201
0.00770175
0.00789678
0.0300746
0.0512322
0.0481607
0.0448293
0.0253266
0.0237157
0.0234551
0.0247557
0.0120729
0.0118618
0.0218389
0.0219797
0.0224721
0.0399304
0.0437608
0.0275144
0.0264576
0.0471539
0.0479994
0.0504624
0.0232016
0.0287127
0.0449088
0.0428675
0.0120591
0.021952
0.0220133
0.0119929
0.0253705
0.0251144
0.0236734
0.0237096
0.0478041
0.0688145
0.0843538
0.0653403
0.081102
0.0964477
0.0926751
0.0782081
0.106405
0.104496
0.0994917
0.103362
0.0841747
0.0765953
0.0920904
0.0987532
0.230224
0.382129
0.251318
0.180475
0.424143
0.290631
0.280109
0.417145
0.106233
0.103999
0.143598
0.156181
0.0789428
0.0571672
0.109165
0.0971058
0.230325
0.177361
0.248859
0.379494
0.0769184
0.0957141
0.107056
0.0546747
0.105947
0.155653
0.14228
0.103188
0.423541
0.415447
0.278611
0.290104
0.0476393
0.0651722
0.0838628
0.068044
0.0841423
0.0986554
0.0917793
0.0765113
0.106171
0.102699
0.0990204
0.104333
0.0795147
0.0769924
0.0918735
0.0953386
0.0123839
0.0333379
0.105235
0.0891317
0.116282
0.188552
0.177116
0.101984
0.244578
0.155777
0.153508
0.235578
0.192281
0.179805
0.133897
0.138603
0.0511162
0.0985905
0.0924954
0.0399495
0.164442
0.112717
0.0835764
0.138369
0.139707
0.118815
0.0704646
0.100356
0.0788721
0.0295445
0.0837726
0.110324
0.0507434
0.039338
0.0920715
0.0984135
0.077574
0.108115
0.0831519
0.0288439
0.140611
0.100239
0.0699155
0.118361
0.164464
0.138372
0.08331
0.111726
0.0106349
0.0879799
0.103924
0.0320195
0.192059
0.138317
0.132848
0.178736
0.244365
0.234958
0.15258
0.155437
0.115791
0.10098
0.176486
0.188195
0.0843526
0.0911084
-0.0401254
-0.045883
0.104663
-0.0292413
-0.0343529
0.0979163
0.145554
0.140382
0.105867
0.111021
0.127085
0.0888929
0.0980356
0.134317
0.132227
0.176174
-0.0103512
0.125202
0.152612
0.150598
0.124933
0.128228
0.148407
0.115741
0.120789
0.149013
0.111492
0.118333
-0.0135187
-0.0227698
0.0846478
0.0882139
0.127452
0.124283
0.0919832
0.132319
0.129696
0.0908902
0.161377
0.164945
0.163926
0.162228
0.169294
0.152969
0.16478
0.167919
0.0966855
0.133937
0.13532
0.0965458
0.141222
0.148124
0.153439
0.148698
0.157393
0.16152
0.157661
0.153696
0.106201
0.0960059
0.135826
0.133893
0.0865365
-0.0444411
-0.0385339
0.0934387
0.128451
0.135825
0.0996931
0.0908773
0.146328
0.113052
0.107506
0.141805
0.107357
0.100392
-0.0326119
-0.0266759
0.097119
0.0969821
0.135639
0.134228
0.106745
0.134422
0.136086
0.0964563
0.159163
0.15526
0.158796
0.164288
0.142435
0.149645
0.154516
0.149526
0.0849278
0.124508
0.128004
0.0885361
0.171198
0.169956
0.165967
0.154853
0.163177
0.163241
0.16507
0.166875
0.0925612
0.0912325
0.129907
0.131918
0.135452
0.128345
-0.00786082
0.174757
0.114338
-0.0200823
-0.0106657
0.121329
0.149035
0.149521
0.122988
0.117814
0.152735
0.131668
0.127693
0.150326
0.0383086
0.0522344
0.0559429
0.0415655
0.0362309
0.0375527
0.0369355
0.0357395
0.0401358
0.0392639
0.0381601
0.03886
0.0452295
0.0433714
0.0589596
0.0628374
0.04038
0.0421538
0.0528025
0.0493662
0.0453859
0.0576955
0.0552173
0.0435001
0.0401429
0.0388194
0.0378594
0.0391009
0.0361573
0.0353551
0.0366089
0.0374815
0.0470133
0.0664641
0.0664573
0.0455845
0.045502
0.0441613
0.0429842
0.0442868
0.0414763
0.040379
0.0416835
0.0428185
0.0472104
0.0479981
0.0642499
0.0598685
0.0482251
0.045476
0.0707731
0.0726097
0.0458204
0.0653283
0.0680416
0.0474191
0.0414375
0.0428006
0.0416416
0.040443
0.0454773
0.0442428
0.0429363
0.0441358
0.240905
0.237542
0.484736
0.479758
0.237087
0.454829
0.470604
0.233783
0.469659
0.484977
0.489069
0.473497
0.497155
0.50037
0.501411
0.497163
0.199157
0.381058
0.400572
0.208902
0.395995
0.414293
0.415252
0.39622
0.451324
0.454821
0.434953
0.432849
0.220995
0.21592
0.419643
0.43783
0.198753
0.208481
0.396898
0.377191
0.220928
0.434879
0.416382
0.21575
0.450638
0.432307
0.432808
0.452813
0.395687
0.393793
0.41295
0.413854
0.240793
0.477465
0.48233
0.237397
0.496616
0.496601
0.499788
0.498845
0.469027
0.471626
0.487339
0.484361
0.236982
0.233761
0.467846
0.452111
0.17005
0.200354
0.201903
0.183905
0.202466
0.20234
0.197812
0.196812
0.206641
0.204416
0.200345
0.203727
0.178154
0.178912
0.198162
0.202537
0.037145
0.172722
0.174465
0.0410901
0.187258
0.185216
0.210572
0.20318
0.2073
0.208282
0.202062
0.188227
0.205252
0.106151
0.183861
0.206353
0.0559569
0.0648675
0.11628
0.120134
0.0769596
0.114606
0.114245
0.0711348
0.191511
0.179247
0.158654
0.157066
0.193635
0.172488
0.163334
0.185233
0.0909645
0.125755
0.120964
0.0854995
0.172084
0.204037
0.160491
0.162436
0.205757
0.157016
0.158914
0.207449
0.0806896
0.0830609
0.118527
0.116241
0.16523
0.182123
0.20109
0.199583
0.172376
0.201176
0.196942
0.17671
0.197876
0.194948
0.191417
0.195519
0.193747
0.18787
0.188886
0.193582
0.0911425
0.0856613
0.122185
0.126741
0.0810194
0.117485
0.119831
0.0833288
0.200071
0.197771
0.160351
0.158557
0.174081
0.163849
0.161913
0.199861
0.0555515
0.121802
0.118038
0.0647359
0.197903
0.18855
0.164926
0.174579
0.190386
0.158453
0.159747
0.18245
0.0773192
0.0713095
0.115835
0.115966
0.0370435
0.0409563
0.17454
0.172881
0.204983
0.206138
0.183736
0.106845
0.200171
0.187109
0.201793
0.207972
0.191123
0.207316
0.21109
0.185334
0.0188217
0.072361
0.0744226
0.0621147
0.0321542
0.0307845
0.0314578
0.0316506
0.0276145
0.0299842
0.0309886
0.0293108
0.0586152
0.0576224
0.0765113
0.0775991
0.0345715
0.0624866
0.0750465
0.0738267
0.0586193
0.0752546
0.0741442
0.0580583
0.0275843
0.0292826
0.0310492
0.0300667
0.0322254
0.0316688
0.0315148
0.0307642
-0.0144902
-0.0681694
0.012224
0.0238524
0.00382613
0.0167456
0.0182617
0.00423309
0.0247936
0.0274409
0.0224045
0.0201038
0.0521142
0.0412536
0.0353707
0.0723552
-0.0439015
0.0251366
0.0464253
-0.0199322
0.0533056
0.0767356
0.0633552
0.0381481
0.0248363
0.0201368
0.0222744
0.0273206
0.0039369
0.00421166
0.0181912
0.0168416
0.195468
0.225957
0.344789
0.363307
0.228959
0.291732
0.312932
0.243063
0.316083
0.338443
0.324209
0.30249
0.376698
0.373988
0.355273
0.361504
0.147715
0.152986
0.222991
0.187528
0.162102
0.237735
0.232966
0.157701
0.294346
0.280878
0.257506
0.271498
0.215868
0.201802
0.247381
0.270291
0.142652
0.184867
0.217445
0.150346
0.212844
0.265104
0.241962
0.198444
0.292426
0.266317
0.254221
0.277711
0.162943
0.156187
0.229598
0.236245
0.194802
0.359264
0.339792
0.224954
0.376482
0.360631
0.350093
0.372431
0.31498
0.299457
0.321364
0.337554
0.226353
0.240697
0.308204
0.286757
-0.0080674
-0.0737253
0.0992413
0.0874733
0.0422563
0.0897825
0.101555
0.0430904
0.0916731
0.0979531
0.158607
0.164673
0.109501
0.136287
0.149163
0.103714
-0.0347738
0.088748
0.100298
-0.016789
0.11299
0.106361
0.151208
0.1387
0.0922418
0.165108
0.159817
0.0995656
0.0423425
0.043362
0.102261
0.0900434
0.0527197
0.0562153
0.117162
0.122672
0.0595762
0.1107
0.112298
0.0573098
0.127167
0.133427
0.142995
0.137356
0.150429
0.16282
0.150112
0.140675
0.0523205
0.120901
0.115641
0.0557673
0.146128
0.137648
0.147757
0.159401
0.126187
0.137458
0.141561
0.131591
0.0575046
0.0570757
0.11139
0.109228
