-0.755
0.215
-2.40085
-0.755
0.205
2.53153
-0.765
0.769462
-2.115
-0.741245
0.905
2.525
0.755
0.215
-2.40087
0.755
0.205
2.53154
0.765
0.769475
-2.115
0.741247
0.905
2.525
0.0713166
0.0277882
0.111511
0.125801
0.0712922
0.0277881
0.111503
0.125649
0
0
0
0
0
0
0
0
0
0
0
0
0
0
0
0
0
0
0
0
0
0
0
0
0
0
0
0
0
0
0
0
0
0
0
0
0
0
0
0
0
0
0
0
0
0
0
0
0
0
0
0
0
0
0
0
0
0
0
0
0
0
0
0
0
0
0
0
0
0
0
0
0
0
0
0
0
0
0
0
0
0
0
0
0
0
0
0
0
0
0
0
0
0
0
0
0.000807225
0.0170657
-0.00246954
0.0155658
0.00300378
0.00871724
0.103571
0.0343224
0.0465141
0.0240119
0.00041393
-0.00245104
0.0160358
0.00871304
0.0343353
0.0240919
-0.00766417
0.0450154
0.0263052
0.0637693
0.0259281
0.00417881
0.379872
0.511415
-0.00764951
0.0450293
0.063825
0.00425899
0.0873185
0.0873242
0.0179203
0.125479
0.248084
0.0638533
0.0638893
0.0452205
0.53564
0.117523
0.117734
0.0159481
0.53048
0.0821114
-0.00358802
0.0043937
-0.000828811
0.0161864
0.00164549
0.00252037
-0.0176334
0.0126493
0.020627
0.0121959
0.0138036
0.0149169
0.00404294
-0.00293655
-0.000823968
0.00162577
0.0161756
0.0025059
0.0127766
-0.0174869
0.0206768
0.0138439
0.0120498
0.0148949
-0.00381407
-0.00811715
0.0146615
0.00925446
-0.000406335
-0.00354397
0.0552181
0.00662381
-0.00455705
0.0111365
0.00349755
0.159817
0.00907179
0.0153038
0.000924832
0.257032
-0.00377271
0.00938976
-0.00812197
0.0146742
-0.00042216
0.00659733
-0.00355761
0.0553016
-0.00457171
0.15981
0.0111699
0.00352727
0.00914263
0.2571
0.0153686
0.000952173
0.0563846
-0.0428163
0.00323517
0.128138
0.0511996
0.0131384
0.0129539
0.0146583
0.00260035
-0.0377539
0.0653736
-0.00243148
0.0152177
0.0774404
0.0206357
0.0494484
0.13423
-0.0174759
0.0031739
0.241618
0.0565238
-0.0429078
0.0511972
0.0131389
0.0126544
0.0145066
0.0652871
-0.00243584
0.0206398
0.0494396
0.00308939
0.241619
0.0323343
-0.00107963
-0.00555145
-0.00114612
-0.00453532
-0.00283335
0.00317563
0.0142793
-0.00964776
-0.000966173
0.0144897
0.269509
-0.0986109
0.0730967
0.000687077
0.00599789
0.0323366
-0.00107758
-0.00555895
-0.00114542
0.00317454
0.0141859
0.014491
0.26952
0.0801989
0.041717
-0.012389
0.045537
0.0802885
0.0456317
-0.0123912
0.041713
0.00974743
0.00975091
0.0109906
0.0109619
0.0604311
-0.0125973
-0.0126135
0.0603864
0.015239
-0.01812
-0.017538
0.0157938
0.022447
0.0370327
0.0160115
0.0126592
0.0224555
0.0127125
0.0160385
0.037038
-0.00100156
-0.000960734
3.84148e-05
0.000157601
0.303953
0.264292
0.264333
0.303946
0.0714435
0.0210119
0.0224256
0.0205556
0.0713976
0.020545
0.0222881
0.0208928
-0.000701423
-0.000714786
-0.000221163
-0.000185825
0.247342
0.263824
0.263838
0.24737
-0.187424
-0.187514
0.0240561
0.0240857
-0.00563996
0.000141591
0.0025602
9.88075e-07
0.00129569
0.00420118
0.00471122
-0.000689246
0.0134921
0.00731897
0.00964901
0.0128293
0.000304782
-0.0059335
0.00259258
0.00130846
-5.52246e-06
0.00419981
-0.000770433
0.00460209
0.0134705
0.00964096
0.00733642
0.0127502
0.012557
-0.00197433
0.0360483
-0.000486031
0.00153338
-0.0015004
0.0596065
0.00312396
-0.0042816
0.00719623
-0.000527083
0.0915046
0.00101876
0.00912999
0.00101914
0.0169739
0.0125535
-0.000485482
-0.00199842
0.0360574
0.00151367
0.00310538
-0.00149768
0.0595781
-0.00433655
0.0914587
0.00716501
-0.000538449
0.00107999
0.0170975
0.00918922
0.00114023
-0.00132227
-0.0303911
0.0187221
0.0100743
0.00174347
0.00191801
0.00257893
0.120156
-0.0012799
0.00199308
0.0511512
-5.60944e-05
0.0127284
-0.00200777
0.0101415
0.0138941
-0.000140962
-0.000105081
0.0039644
0.0548707
-0.00154561
-0.00147758
0.0651418
0.00171124
0.00772737
0.00764653
0.00415166
0.0709605
0.00524939
0.000887019
-0.000813799
0.020992
0.00123925
0.00122341
0.0158746
0.0489296
-0.000384864
-0.00147316
0.0175458
0.152357
-0.00151991
-0.0301698
0.0189084
0.0103064
-0.0012917
0.00197768
0.0511488
0.000132857
0.0122771
-0.00239587
0.00966652
0.0137023
-0.00154475
-0.00151862
0.0651412
0.00177058
0.00521954
0.00088817
-0.000400749
0.0209601
-0.00036425
-0.00149276
0.0175294
0.15236
0.000197022
-0.000607545
0.0512659
0.00196044
0.000231003
0.00118696
-0.000814885
-0.0014777
0.013386
0.0137686
0.00234014
-0.00476403
0.00422409
0.000247705
0.00124515
0.0121939
0.000302963
0.000318725
0.00263137
0.00076795
0.00179152
-0.000727388
0.00903436
0.018107
0.0123561
0.0120492
0.00686804
0.0398389
0.00603304
0.00603265
-0.000956934
9.35554e-06
0.000426692
-0.000612612
0.0512691
0.00196546
0.000230963
0.00114971
-0.000807489
-0.00147721
0.00456869
0.0002389
0.0012453
0.0121935
0.00185592
-0.000827828
0.00904532
0.0181504
0.000537528
1.20088e-05
0.00189861
0.00527688
0.000537357
1.21488e-05
0.00189477
0.00528021
6.4967e-05
0.00241937
0.00243107
0.000165199
0.0023493
0.000520772
0.000520757
-0.0153016
-0.0986154
-0.000904772
0.000410093
-0.0984405
0.000254486
0.0020791
0.000362076
-0.000144095
0.000251294
0.00207651
0.00036068
-0.000145938
0.00100867
0.0107291
0.00262099
0.00104646
0.00600596
0.0019738
0.00164137
0.00600134
-0.0049999
0.000149409
-0.0100964
0.000926761
-0.00514685
5.50465e-05
-0.0101874
0.000834585
-0.00124443
0.000916267
0.0009591
0.00120604
0.050141
0.00331402
0.00331639
0.00283617
-0.00429733
0.0485738
-0.00355558
-0.00430699
0.0213226
-0.137498
0.0023148
0.0382154
0.0507152
0.00441776
0.0226655
0.129537
0.00237436
0.131928
0.0255259
0.000853561
0.0227321
0.00663412
0.0147517
0.0119833
0.00512877
0.0166082
0.0135822
0.0193949
0.0161132
0.0268234
0.0146362
0.17399
0.00256575
0.0378062
0.0224459
-0.13797
0.0506924
0.0044132
0.00236566
0.131957
0.0224621
0.129404
0.025548
0.000911661
0.0147137
0.0115201
0.0227857
0.00641986
0.0051015
0.0166206
0.0161411
0.0262728
0.0135421
0.0193463
0.0146454
0.17406
0.0475326
0.00338538
0.0465322
0.00317771
-0.0144142
-0.00258647
0.0106038
-0.002258
0.0644594
0.00492784
0.0558878
0.00819442
-0.00890156
0.0127807
0.000887366
-0.00211008
0.00771322
0.0486266
0.00850437
-0.00150967
0.00788519
0.0114982
0.0102583
0.0179658
0.0107398
0.141225
0.000389408
0.0115362
0.00911759
0.0177021
-0.000852254
0.00156472
0.0475402
0.00336278
0.0105488
-0.00235727
0.0465454
0.00315986
-0.0144057
-0.00258878
0.0644655
0.00494312
0.00081672
-0.00247923
0.0559018
0.00793398
-0.00894182
0.0127414
0.00772198
0.0486115
0.010246
0.0179932
0.00849659
-0.00156099
0.00786429
0.0115031
0.0107412
0.138584
-0.000858455
0.00156054
0.000386881
0.0115436
0.00914354
0.0177469
0.000545601
0.00372573
0.000343918
0.00638791
0.00101353
0.00104457
-0.100806
-0.101064
0.00236441
0.00302292
-0.000807162
0.00297128
-0.0119876
-0.0020457
0.129203
-0.00335207
0.000583695
0.000549224
0.152672
0.152703
0.000414866
-0.00401175
0.00187727
-0.00179447
0.000525049
0.000543805
-0.0660075
-0.0661981
0.00532145
0.0130895
0.00230902
-0.00105173
0.00232953
0.00232247
-0.0132922
-0.0132642
0.00071188
0.000511214
0.0028875
0.0471325
0.000478474
0.00370609
0.00635553
0.00127405
0.00235292
0.00302686
-0.0008112
0.00295682
-0.00202133
-0.0119616
0.12919
-0.00313845
0.000412924
-0.00402932
0.00187802
-0.00178109
0.0130724
0.00531514
-0.00104534
0.00232732
0.000501458
0.000714006
0.0471352
0.00288856
0.00230133
0.000582529
0.000337777
-0.000668936
-0.000369237
-0.0239548
0.000177546
-7.28431e-05
0.003525
0.00376051
0.00641396
0.00644762
0.000187695
-0.000128957
-5.00495e-06
0.0106966
0.00279934
0.00275844
0.00140663
0.00142815
8.32743e-05
0.00171246
0.00298944
0.00188305
0.00964576
0.00965144
0.00736516
0.00737693
0.00599982
0.00599677
0.00334531
0.00334589
0.00230125
0.000584689
0.000333701
-0.00067611
-0.0239484
-0.000369367
0.000177971
-4.24291e-05
-0.000121254
0.000186315
-5.1417e-06
0.0106914
0.00167852
7.93412e-05
0.00190081
0.00306938
0.0438498
0.0550502
0.0014473
0.0196692
0.0452825
-0.00742669
0.00420258
0.0502345
0.0128044
-0.0152048
0.00357232
0.00424308
0.0233602
0.0117113
0.00689141
0.0134924
0.043706
0.0196642
0.00144149
0.0550418
0.0234598
0.0136338
0.00688262
0.0118029
0.0127993
0.00424021
0.00325453
-0.0152043
0.0452034
0.0502294
0.00420685
-0.00741998
0.00678691
0.00390617
0.00118716
0.000683678
0.00685683
0.000676996
0.00119953
0.00401237
0.0121512
0.0227314
0.00306436
0.00258552
0.0122297
0.00259944
0.00317802
0.0250419
0.025492
0.022049
0.00263542
0.012283
0.0596204
0.0183169
-0.00673269
0.0346169
0.0592067
0.0345612
-0.00673004
0.0182703
0.0254452
0.0122645
0.00264447
0.0220707
0.0113766
-0.010526
-0.0985935
0.0125294
0.0172627
0.0123002
-0.093156
0.0176983
0.0171456
0.0177229
-0.0931987
0.0139521
0.0261031
0.0131866
-0.0986181
0.000806701
0.0402467
0.0506899
0.00244867
-0.0014302
0.0522979
-0.00355173
0.000603126
0.0539178
0.00971137
0.00952874
8.18012e-05
0.00065456
0.00627401
-0.000869461
0.00207342
0.0103068
0.0402576
-0.00143219
0.00244888
0.0507015
0.00625819
0.0103176
0.00206213
-0.000886219
0.0097523
0.000661772
8.48595e-05
0.00955655
0.0522908
0.0539325
0.000599187
-0.00356961
-0.00235405
0.00764091
0.00409315
0.0026066
-0.00241611
0.00260071
0.00413739
0.00779301
0.00398573
0.0037163
0.00340184
0.00410619
0.00394914
0.00406817
0.00335503
0.00368991
0.0508859
0.0156553
0.00885113
0.0427388
0.0165734
0.00514752
0.0076731
0.0183057
0.0166718
0.0183456
0.0076692
0.0051458
0.0509016
0.0427442
0.00885023
0.0156661
0.100491
0.0650552
0.000674742
0.0125889
0.0318545
0.0191701
0.00930439
0.0657718
0.0255602
0.016597
-0.00487306
0.0126924
9.51357e-05
0.0134116
0.0158401
0.0182076
0.100467
0.0125656
0.000627512
0.0650583
0.000142203
0.0182426
0.015789
0.0134183
0.02553
0.0124669
-0.00490488
0.0165455
0.0318217
0.0658988
0.00927926
0.0190133
0.00574091
0.00164975
0.00247327
0.00290201
0.00574057
0.00291178
0.00249404
0.0016454
0.00321825
0.00334594
-0.000592721
-0.000318729
0.00313148
-0.000337307
-0.000668154
0.00320762
0.0531291
0.152266
0.00622286
0.00472798
0.108394
0.0174568
0.0518119
0.193409
0.108481
0.193447
0.051804
0.0174395
0.0532087
0.00472801
0.0062221
0.152953
-0.130482
0.096532
0.0889647
0.0871506
-0.130671
0.0869496
0.0889575
0.0965353
0.028045
0.0376655
-0.00718811
0.0142834
0.0280761
0.0144686
-0.00717031
0.0376793
-0.0327605
0.00132621
0.00167169
0.00026897
0.0016624
0.00419898
0.000941353
0.0050656
0.00820871
0.00671806
0.00775584
0.00674639
0.00129257
-0.0326673
0.00221249
0.00165202
0.000344136
0.00419897
0.00508019
0.000987902
0.0081131
0.00789
0.00648676
0.00679671
-0.00130213
-0.00421736
0.0461822
5.4177e-05
0.000303142
-0.000182382
0.0396912
0.00449056
0.000335257
0.00334253
0.000199597
-0.0133073
0.000165969
0.00499183
-1.41558e-05
-0.0111172
-0.00118626
9.95301e-05
-0.00430012
0.0462007
0.00177301
0.00452956
-0.00018798
0.0396831
0.000373672
-0.0132954
0.0033418
0.000188401
0.000254261
-0.0110139
0.00506317
3.7695e-06
-0.000186732
-0.0248176
0.0138544
-0.0109287
-8.58808e-05
-8.43408e-05
0.00340621
0.116619
-0.00337863
-0.00272426
0.0511526
0.000912832
0.0125358
-0.00382888
0.00308249
0.0110864
1.54927e-05
-4.32927e-06
0.00396599
0.0223521
-0.00615411
-0.000661392
0.0650782
0.000693243
0.00406596
0.00406689
0.00138799
0.0663509
0.000725755
7.4854e-05
0.00200338
0.0399934
0.000321946
0.000321975
0.00379404
0.00440382
2.19754e-05
-3.26233e-05
0.00879677
-0.0187998
0.00017063
-0.0246362
0.0142324
-0.0110196
-0.00337008
-0.0027168
0.0511497
0.00093966
0.0123565
-0.00387545
0.00303793
0.0109165
-0.00613774
-0.000640986
0.0650807
0.000666712
0.000681847
7.39112e-05
0.0019141
0.0399462
3.29914e-05
-2.41532e-05
0.00879739
-0.0187844
-0.000228521
0.00132163
0.0419381
0.000132185
6.64893e-05
0.00351728
0.000169162
-0.000637425
-0.00656641
-0.00680317
-0.00277347
-0.0038149
-0.00721637
0.00217085
8.55609e-05
0.00316143
-0.000653432
-0.000668741
-0.0024097
-0.000592939
-0.000926455
-0.000830647
0.0044212
-0.013318
0.000552532
0.00073739
-0.000108023
-0.000196414
0.000901688
0.000901484
-0.000415631
9.86211e-06
-0.000341873
0.00132885
0.0418535
0.000122153
6.79736e-05
0.00352887
0.0001714
-0.000636338
-0.00740492
0.00218034
8.48099e-05
0.00312958
-0.000884961
-0.000831812
0.0044087
-0.0133575
9.6522e-05
1.72154e-06
2.20885e-05
0.0001986
9.63551e-05
1.51066e-06
2.19395e-05
0.000198744
0.00143511
-0.00225556
-0.0022561
0.00157479
0.00130648
-4.07553e-05
-4.076e-05
-0.000891973
-0.0775254
-0.00121751
-0.00048647
-0.0775563
-1.40086e-05
0.000133944
0.000133717
0.0039633
-1.43556e-05
0.000133538
0.000133229
0.00396561
-0.00319774
0.00245866
0.00259374
-0.00321114
0.000858816
-9.39198e-05
0.00164173
0.000858837
-0.00365914
0.000167658
0.00556194
0.000549072
-0.00386212
7.57883e-05
0.00557687
0.000456883
0.00102737
-0.000374938
-0.000400913
0.000354584
0.00142167
8.18908e-05
8.08796e-05
2.28281e-06
0.00255509
0.00966691
0.00616929
0.00253776
-0.00646363
2.65764e-05
-0.020948
0.0432501
-0.00147648
0.00176431
0.00320391
0.0371639
0.00278984
0.00157461
0.0505122
0.00184448
0.000301355
0.000234724
0.0071208
0.0144428
-0.000165035
0.000461169
0.00235673
0.0174835
-1.05391e-05
-1.67974e-06
0.0255318
0.000352533
0.000976806
-0.00039026
0.0217587
0.00349676
-0.0122478
0.0152798
0.0100431
0.00674454
-0.000985323
0.00347173
0.000769584
0.0253959
-0.000182242
0.00225572
0.00290516
0.0112291
0.000745907
-2.98233e-05
0.00369718
0.00781265
-2.99038e-05
-0.000287975
0.00756762
-0.00754024
-0.00134319
0.00194519
0.0036112
0.0373213
-0.0067969
-0.000175164
-0.021304
0.0482577
0.00280647
0.00158165
0.0505138
0.00179382
-0.000171934
0.00043852
0.00236116
0.00690445
0.000143741
0.000148947
0.00708641
0.0143437
-1.18942e-05
6.11368e-07
0.0255396
0.000350868
-0.01234
0.0152038
0.00991462
0.00699967
0.000914357
-0.000350724
0.0217498
0.00347175
-0.00101372
0.00368519
0.000732109
0.0255385
0.000755029
-3.14011e-05
0.00366925
0.008053
-0.000196319
0.00229542
0.00294511
0.0111973
1.55758e-05
-0.000284771
0.00758605
-0.00751418
0.070308
0.000854552
0.0459069
-0.000829566
0.00289247
9.79066e-05
0.0523942
0.000485927
-0.0093581
0.000367778
0.00209628
-0.000307076
0.00118802
-0.00516575
-0.00236802
-0.00383958
-0.000268571
-4.80821e-05
0.0644623
-0.000236451
-0.00017796
-0.000196877
0.0401672
-0.00114844
-0.0230702
0.012008
-0.0094632
0.00713495
0.00476965
-0.00658489
-0.00244784
-0.000187578
-0.0026049
0.000241532
0.0081063
0.0339989
0.00214916
-0.00142083
-5.85396e-05
0.000222593
-0.000313744
0.00185268
0.00373713
-0.0142601
0.0122838
-0.000167694
0.000965023
0.000532616
0.000439063
0.000137016
0.00570038
-0.0180954
0.00119087
6.77131e-05
3.90772e-05
-0.00879569
0.000209621
0.000609756
0.00392693
-0.0130278
0.0275658
0.00286756
-0.000373902
0.000488874
0.0702998
0.000852492
0.0458846
-0.00077502
0.00120158
-0.00539781
-0.00227038
-0.00388053
0.00308628
-3.92e-05
0.0523946
0.00046874
-0.00933263
0.000367475
0.00209633
-0.000309019
-0.000250574
-2.87808e-05
0.0644684
-0.000236744
0.00490641
-0.00662055
-0.00247086
-0.000127923
-0.000173287
-0.000198869
0.0400725
-0.000950928
-0.0231119
0.0117812
-0.00950152
0.00712524
-0.00255401
0.000239893
0.00810196
0.0340078
0.0123626
-2.90593e-05
0.000979899
0.000432177
0.00213653
-0.00142005
-6.65206e-05
0.000215029
-0.000307926
0.00181965
0.00371931
-0.0142344
0.000380344
0.000145949
0.00567949
-0.0167388
0.0276162
0.00286488
-0.000376598
0.000491929
0.0012128
5.4355e-05
4.19464e-05
-0.00880144
0.000178314
0.000677094
0.00396352
-0.0129854
0.0015503
0.000151036
3.60386e-05
0.00314376
-0.0918095
-0.0191463
6.01137e-05
7.56923e-05
0.00137466
0.00122926
-0.00134305
-0.00136007
0.000988663
0.000220027
-0.0829325
-0.0828666
-2.7678e-07
5.68549e-06
7.16664e-05
8.83476e-05
0.000255444
-0.00119935
0.000907114
0.000923954
0.00018216
-9.48376e-05
-0.0117332
-0.000630208
0.000320103
-0.000399728
0.0145914
-0.00402033
-8.46666e-06
-2.33863e-06
-0.00073008
-0.000719283
0.0882912
-0.0431877
-0.0341925
-0.0342029
1.27697e-05
5.83985e-06
0.000158351
0.018788
0.00230919
-0.00400135
0.00028229
0.00163642
6.88551e-05
0.00102103
-4.77761e-05
-4.79821e-05
0.0017062
0.000375658
0.00029797
0.000525455
-0.00106616
0.00184884
-0.0053504
0.00190173
0.0117966
-0.00011893
0.00160895
-0.000372922
0.00159772
0.0230839
-8.41706e-05
-8.4054e-05
-0.0269081
-0.00451006
0.000827996
0.000846657
0.000118394
-0.000689749
0.00014861
0.000682193
0.0388601
0.000199023
7.65196e-05
0.00128718
0.00157057
0.000151064
4.12294e-05
0.00291578
-0.0911267
-0.0189989
0.000260534
-0.000116698
-1.83168e-07
5.63042e-06
7.15975e-05
8.83589e-05
0.000198566
-0.0012264
0.000905541
0.000922349
0.000346509
-3.25115e-05
-0.000609699
-0.0116541
0.000301923
-0.000410461
0.0145723
-0.00411711
1.46415e-05
7.73698e-06
0.000156501
0.0188643
0.00228295
-0.004046
0.000286648
0.0016383
-0.00133342
0.00184513
0.00189784
-0.00544311
0.0117519
-0.000138715
-0.000372588
0.00160913
0.000121381
-0.000701763
0.000707396
0.00025244
0.0388617
0.000198222
0.00127914
7.46328e-05
-0.0066778
0.000384678
0.000285717
1.71935e-06
0.00186777
-0.000649096
-9.46007e-05
0.00167745
-0.00477712
-0.00278773
-7.63198e-05
0.0131277
-0.000663608
0.000408872
2.39132e-05
0.00367896
0.00558075
0.0014257
-0.00291353
-0.00301455
-0.00105626
0.0134619
-7.07054e-05
-6.64661e-05
0.00085695
-5.73857e-06
5.18757e-05
0.00376903
0.000179239
0.000140377
-5.01462e-07
1.76879e-06
0.000542098
-0.00649038
0.000186108
0.000192721
0.00060601
2.02927e-05
-0.000101592
-0.000119988
0.00222986
-0.000934442
9.39071e-05
0.000228226
0.0292263
0.00271198
0.000152233
0.00186331
0.00114669
0.0153121
0.000134385
0.000134447
0.00758395
0.00146693
0.00103584
0.00103054
6.35192e-07
8.46493e-08
0.000868177
0.000868049
-3.56303e-07
0.00169182
1.58707e-05
1.60659e-05
-0.00667126
0.000378718
0.000282491
1.62132e-06
0.00185639
-0.000671294
-6.99651e-05
0.00168812
-0.00477098
-0.00284026
0.0121756
-7.18741e-05
-0.000662684
0.000407112
2.8525e-05
0.00366113
0.000857043
-6.28436e-06
0.00377333
5.06742e-05
0.000178941
0.000140373
-6.5909e-07
1.88179e-06
0.00234223
-0.000933286
0.000229043
9.8665e-05
0.0292334
0.00270624
0.00189674
0.000107064
0.00160244
3.93791e-05
0.000241249
0.00206134
0.000644212
0.010775
0.0024938
-0.000118666
0.0167056
0.00383846
-0.0228883
0.0216099
-0.000210045
0.00236447
-0.0010717
0.0062199
0.000934522
5.06874e-05
0.0002886
0.00205062
-0.000297436
0.00235325
-0.00108545
0.00623054
0.0167164
0.00382913
-0.0228861
0.0216183
0.000645715
0.0107743
0.00249732
-0.000122001
0.00133546
-0.000959129
-0.00213527
7.06415e-05
0.00128011
-0.000959019
-0.00220578
6.73809e-05
0.00383795
0.0136052
0.00208752
-0.00566595
0.0038579
0.0135786
0.00208565
-0.00582737
0.000669529
-0.0117248
0.000147656
0.000622104
0.00141653
-0.000947064
0.0106729
0.00355822
0.00143047
-0.000956467
0.0106104
0.00356517
0.00068887
-0.0116533
0.000166041
0.00064051
0.0223344
0.000178722
-2.75266e-05
-0.0111569
-0.00102727
0.000285992
-0.0113184
-0.0254986
7.26761e-05
-0.00122673
-0.0258173
-0.012423
0.000235573
-0.00547904
-0.0114653
-0.000701224
-0.00902379
-0.000149717
2.57067e-05
0.000253355
-0.00602906
0.000888012
-6.0662e-05
0.00017454
0.000245151
0.00211024
-0.000785323
4.29206e-06
-0.00117477
0.00192429
-0.00083041
0.000793764
-0.0090246
-0.000149864
2.57835e-05
0.000253349
-0.00119735
0.00190077
-0.000879374
0.000773026
0.000244577
0.00211755
-0.000788227
3.77315e-06
-0.00602653
0.000886846
-5.93385e-05
0.000176087
0.0034809
-0.000814757
-0.00104474
-0.00230775
-0.000867833
0.00346647
-0.00233586
-0.00104456
-0.000189586
0.00306262
-0.00481017
-0.00177352
0.00308485
-0.000181617
-0.00173227
-0.00486291
0.021993
0.0111654
0.00200385
0.00349701
0.0282391
-1.30862e-07
-3.52291e-06
0.00277651
-1.62111e-06
0.0282752
0.0027718
-3.97591e-06
0.0113212
0.0220994
0.00349045
0.00195427
1.72212e-07
0.000272575
8.82828e-05
-1.47441e-06
8.9618e-06
3.0043e-05
0.00636332
-0.016944
0.000370875
-9.19257e-05
-0.00129742
-2.05615e-06
-0.00154827
-0.00809294
0.0051427
0.00754767
-2.24655e-07
0.000273238
8.80888e-05
-1.64879e-06
-0.00155016
-0.00807439
0.00514097
0.00755945
0.000391452
-7.39972e-05
-0.00129503
5.76024e-06
7.60192e-05
2.54335e-05
0.00615636
-0.0169359
0.00305623
0.00148913
1.09255e-05
-0.00488164
0.00306604
0.0016899
1.05573e-05
-0.00496764
-4.34498e-05
0.00144174
-0.0029939
-1.74345e-06
-3.25275e-05
0.00144451
-0.00297839
-9.00833e-07
0.0438994
-1.59315e-05
0.00165479
9.06631e-05
0.00184699
0.00643702
0.000597765
0.0244622
0.00183482
0.00639988
0.000663327
0.0245326
0.0452237
-1.50556e-05
0.00165094
9.06741e-05
0.00890616
0.114829
0.0754774
-0.110148
0.114822
0.034904
-0.110176
0.114824
-0.00621862
0.00567799
-0.0123362
0.000921409
0.00575807
-0.00649573
0.000996782
-0.0123135
0.0110771
0.0168647
0.00566644
-0.141235
0.0345733
0.00566367
0.00710086
-0.0713868
0.00227558
0.117672
0.0186531
0.000759739
0.0179471
0.00454643
0.00392594
0.0129977
-0.00167997
0.0216864
0.00722625
0.0111174
0.00472343
0.0103589
0.00820549
0.0742493
0.00567605
-0.148875
0.0111914
0.00934986
0.0353718
0.0055678
0.00227811
0.117796
0.00705394
-0.0879571
0.018667
0.000730585
0.00393687
0.0130021
0.0179851
0.00456963
-0.00173624
0.0215868
0.00470323
0.0103542
0.00718785
0.0110797
0.00825724
0.0742088
0.04009
5.57672e-05
0.0523005
-0.000966203
9.1515e-05
-0.000749414
-0.00413446
-0.00276427
0.00769997
-0.000829606
0.0392189
-1.38989e-05
-0.00609921
0.0119147
-0.000434053
0.002449
0.00383745
0.00334957
0.000951559
0.000207927
0.00317861
-0.0123245
0.0227072
0.00445896
0.00977405
-0.0115849
0.000245168
-0.00328935
0.00353064
-0.0122321
0.000208336
-0.00371833
0.0401317
6.1798e-05
-0.00425974
-0.00277244
0.0522285
-0.000953495
0.000142023
-0.000750397
0.00771021
-0.000807196
-0.000420473
0.00246503
0.0390648
7.66024e-06
-0.00586113
0.0118903
0.00386489
0.00377508
0.0230109
0.00425513
0.000941856
0.000211748
0.00318266
-0.012317
0.00997193
-0.0115826
0.000207872
-0.00372114
0.000230233
-0.00312322
0.00354471
-0.0122422
0.0109898
-0.0811273
0.0288295
0.022874
-3.51282e-05
-0.00331375
0.0105204
-6.53334e-05
0.00449427
0.0214285
0.00451581
0.0210835
-0.00152523
-0.00154705
-0.0718837
-0.0716985
0.0543485
0.00161589
0.0479553
-0.000641899
5.65051e-05
5.06959e-05
-0.00172746
-0.00149192
0.00605228
0.0159928
0.00562546
0.010166
0.00254933
-0.00098992
0.014891
-0.00483969
0.00305901
0.020647
0.00306454
0.0206363
-0.000913789
-0.00085042
0.0025905
0.00259233
0.0618819
1.39268e-05
0.0653597
0.000892332
6.84947e-05
0.00837412
0.000164044
0.00151022
0.00529434
-0.054226
0.00529921
-0.0550463
-1.43082e-05
-1.43616e-05
-0.0263941
-0.0273956
0.00333543
0.0309253
0.0159092
0.0364353
0.00660145
0.0037131
-0.0445569
-0.000638421
0.00305419
0.00746956
0.00305547
0.00746429
-0.000214317
-0.000214117
0.00333371
0.0033341
0.00873382
-0.0265937
0.00813723
-0.0170953
0.000402625
0.000398502
-0.000206073
-0.00148851
0.011114
-0.0868419
0.0287717
0.0228931
1.66572e-05
-0.00224547
-0.000176462
0.00461457
0.0543495
0.00162978
0.0479535
-0.000582936
5.62984e-05
5.08822e-05
-0.00182693
0.00566112
0.00610461
0.0160414
0.0057647
0.0102454
-0.000956007
0.00273385
0.0148319
-0.00484321
0.0617981
1.99082e-05
0.065378
0.000881193
6.86309e-05
0.00831434
0.000176462
0.00151071
0.00326221
0.0309141
0.015888
0.0364508
0.00335986
0.00639485
-0.00058479
-0.044566
0.00872336
-0.0265756
0.00812794
-0.0173988
0.000382079
0.000430306
-0.00144771
-0.000414678
0.0455393
0.000255858
0.0457578
0.000330977
-3.56557e-05
1.11269e-05
-4.75496e-05
-0.000197429
0.000939073
-0.000624633
1.0608e-05
-0.000151168
2.22429e-05
0.00464552
6.6843e-05
0.00390442
-4.86437e-05
-0.00163515
-0.000130405
-0.00230464
-0.010351
-0.0114743
-0.00432407
-0.00442961
-0.0072295
0.00230304
-7.41945e-05
0.00383415
0.000189107
0.00355263
6.80647e-05
0.000969618
-0.00213044
-0.000543573
-0.00213116
-0.000570701
-0.000586478
-0.000575939
5.6795e-05
4.47298e-05
0.00392472
-0.0136053
0.00468883
-0.0132216
0.000440328
-0.0182831
0.000195124
0.0114624
0.0002764
-0.000203978
0.000459396
-0.000105891
6.79817e-05
5.32939e-05
0.00225133
0.00225042
-0.000361623
-4.90979e-05
-0.000364507
-4.86077e-05
0.000874723
0.000874572
0.000396705
0.000396676
0.0438036
0.000121839
0.0456646
0.000349245
-3.11583e-05
1.57872e-05
-4.8074e-05
-0.000195587
0.000940138
-0.00062691
2.30561e-05
-0.000138511
0.00463881
2.19274e-05
6.61456e-05
0.00390513
-0.00741902
0.00208202
-6.67481e-05
0.00384343
0.00355461
0.000178453
7.02906e-05
0.000969866
0.00387932
-0.0136446
0.00472157
-0.0131448
-0.0182966
0.000452219
0.0114549
0.000143783
-4.87818e-06
2.23526e-05
8.13119e-05
0.000137407
0.00456753
0.000110077
1.45846e-05
0.00431377
-4.54032e-06
2.2463e-05
8.12604e-05
0.000137353
0.000110009
0.00472663
0.00447273
1.38256e-05
-0.00108949
-0.00105139
0.00213491
0.00125347
0.00215283
0.00127469
-0.00262513
-0.0026893
-4.1448e-05
-4.15116e-05
0.00130212
-0.00077711
-0.000777092
0.00130217
-0.000142572
-0.000142027
-0.00343088
0.00145133
-0.0791915
-0.0791487
-0.0485121
-0.0481509
0.00140398
-0.00349971
-8.03916e-05
5.3345e-05
5.15612e-05
0.00401694
1.29262e-06
0.00388697
0.000157528
0.000138624
-8.04087e-05
4.83052e-05
5.22028e-05
0.00401586
0.00389229
-9.43529e-08
0.000138665
0.00015726
0.000339662
0.00188164
-0.00483482
-0.00483254
-0.00257173
-0.00256829
0.000368048
0.00187494
-4.83327e-05
0.00167704
0.000907839
0.000907653
0.000873876
0.000873837
0.00167699
-4.85099e-05
0.00406059
6.52805e-05
0.000282378
0.00507212
0.00030452
0.0131178
1.61803e-06
4.052e-06
9.77286e-05
0.00406164
0.00028222
0.0050187
0.0131742
0.000301318
1.75337e-06
3.95137e-06
-0.00053042
-0.000491703
0.000709667
0.00119693
0.000681632
0.00119577
-0.000241521
-0.000261011
-1.56929e-05
-1.96987e-05
6.4913e-05
0.0013951
0.00139377
6.31233e-05
2.17937e-05
2.24625e-05
0.0151936
3.62299e-05
0.00232418
0.00233178
0.00112704
0.001135
0.0151945
4.18008e-05
-0.00149301
-0.0021474
-0.0691381
-0.0214635
0.000346533
-0.00168267
-0.181183
0.001906
0.000450984
0.00390802
-0.000992063
0.00141204
8.5193e-05
0.000296384
0.104495
-0.225716
0.000829535
-0.00184148
-0.112806
-0.0908791
0.0034966
-0.0090461
3.70742e-05
1.35824e-05
0.0017677
1.24095e-05
0.000446747
-0.0194877
-0.0124297
0.00225799
0.0009212
-0.0270386
0.000155156
0.00163998
-0.0409515
-0.0434945
-0.000130285
-0.000196139
-3.57391e-05
0.0027477
0.00344624
0.00125751
-0.00153526
-4.83628e-05
4.12687e-05
0.00037765
0.00765825
0.0206529
0.000279362
-0.00177365
-0.188445
0.00267333
0.000112336
-0.000566964
-0.0762957
-0.0550562
0.000613352
0.00391299
-0.00099336
0.00138197
0.000808541
-0.00189221
-0.112734
-0.057138
0.000141275
9.97342e-05
0.104538
-0.225726
0.00351077
-0.0145095
5.01718e-05
5.13611e-06
-0.0124105
0.00225864
0.000916526
-0.0276232
0.00175622
1.88892e-05
0.000280432
-0.0195881
0.000110762
0.00157718
-0.0409644
-0.0435214
0.00335471
0.00123911
-0.00137768
0.000211185
-0.000133264
-0.00014661
-4.8531e-05
0.00277305
3.83156e-05
0.000389232
0.00760794
0.0201973
0.00369757
0.000623529
0.0205408
0.00671099
0.000666897
0.00177017
1.06747e-05
-0.000279021
-0.0111112
-1.60806e-05
-0.0105683
0.000314471
0.00218273
-0.00397117
0.0018232
-0.0052739
0.000199741
5.96284e-05
-3.01039e-05
-0.000751036
0.000527939
-2.94955e-05
0.0016283
-0.00161134
-0.00583011
0.000233884
3.12771e-05
-5.03943e-05
0.00634739
-0.00430105
0.00576135
-0.00395601
0.00273299
-0.000103456
-0.0178613
0.00348752
0.00315243
-0.00168847
0.00197166
-0.000815826
-0.000740525
0.000979007
0.000532569
0.000511332
0.0149699
0.00145833
0.0586014
0.00282562
0.00518228
-0.000189897
-0.0100824
0.000859361
0.00177928
-0.000469457
-0.00679773
0.000516104
-6.27636e-05
-7.66336e-05
0.000238385
-0.000586049
0.0282343
0.00275446
0.0883097
0.000497766
0.00371776
0.000616539
0.020539
0.00672334
0.00218044
-0.00280766
0.00180095
-0.00531833
0.000655412
0.00170217
2.29959e-05
-0.00026998
-0.0110909
-1.57068e-05
-0.0105733
0.00031382
0.000200332
5.94518e-05
-3.15965e-05
-0.000739064
0.0066416
-0.00424072
0.00596166
-0.00386561
0.000527897
-2.98214e-05
0.00180114
-0.0014485
-0.00582843
0.000233743
3.03301e-05
-5.18965e-05
0.00273882
-6.51862e-05
-0.0174803
0.00350581
0.0150761
0.00152368
0.0586782
0.0028158
0.00314807
-0.00168783
0.0019815
-0.00080913
-0.000740886
0.000977273
0.000561158
0.000497172
0.00518353
-0.000208255
-0.00871904
0.00220823
0.0282331
0.00275367
0.0882879
0.000498035
0.0018321
-0.000477587
-0.00680476
0.000501942
-6.25186e-05
-8.46888e-05
0.000248972
-0.000586105
0.000803538
0.000982245
-0.00117607
0.00368346
0.0109816
-0.0200497
-0.0221196
0.00118715
0.000763753
-0.00015337
-0.000157747
0.000767603
-0.00119542
-0.0173595
-0.01775
-0.00120782
-9.11221e-06
6.53956e-06
1.3897e-05
1.43168e-05
-0.00171942
-0.00140247
0.00327459
-0.00542508
-5.60615e-05
-0.0263378
0.00114399
0.00111817
-7.14534e-06
0.000217434
0.00388528
-0.00424928
4.76891e-05
-3.93928e-05
-2.05314e-05
4.77313e-05
-0.231866
-0.000179153
-0.000162767
-0.231881
2.37826e-06
6.1711e-07
0.0106832
0.0138375
-0.00372031
0.00345719
0.00210659
-0.0040446
0.000784341
7.01438e-05
6.9702e-05
0.000784156
-0.0474294
-0.0181987
-0.0182353
-0.0484273
0.0135909
-0.000400776
4.78582e-05
0.0022943
0.00569696
0.000112211
0.000128003
0.00722524
0.00172932
0.0239576
0.0239599
0.00172923
-0.0252134
-0.00486569
-0.00486483
-0.0252093
0.000107442
-0.00201922
0.0076546
-0.00165911
0.0400456
0.000110223
0.00029741
0.0289523
0.00100072
0.00083142
0.00368679
-0.00115782
0.00118578
-0.0222173
-0.0206959
0.00455495
6.95254e-06
-9.23166e-06
1.45954e-05
1.36607e-05
-0.00142342
-0.00177558
-0.00530213
0.00324963
0.0012362
0.00110109
-0.0263398
-3.19843e-05
0.000245332
-7.80256e-06
-0.0043747
0.0037916
7.85356e-07
2.21161e-06
0.0123263
0.0107272
0.00346031
-0.00374936
-0.00413258
0.00210748
0.00218822
4.79237e-05
-0.000256785
0.0133881
0.00724987
0.000100112
0.000112298
0.00568635
-0.00170728
0.00754148
-0.00201433
0.000144021
0.0289701
0.000271099
0.000110098
0.0397139
-0.00672523
0.000232877
0.000191058
-0.0060751
0.00126097
0.00170129
0.00374038
-0.00159423
-0.0105763
0.00351783
0.0167024
0.00229639
0.000118268
-0.000454613
-0.000826823
0.000730908
0.0223043
0.00118567
0.00119536
0.0213988
-0.00133424
0.00244242
0.00243977
-0.00135026
0.000903803
-1.03188e-08
1.23105e-06
0.000477488
0.000118588
0.000169509
0.00200732
0.000156542
5.75275e-06
-0.00336849
-0.00336817
8.12299e-06
0.000978178
1.58101e-05
1.77026e-05
0.000985018
0.00195119
-0.000834613
-0.00104937
0.00179208
0.0236688
0.0031523
0.00278757
0.0287513
0.00039033
0.0147335
0.0148049
0.000427727
0.00145611
0.010561
0.0105718
0.00145209
-4.46046e-06
-1.7473e-05
-1.7717e-05
-4.2053e-06
0.00161599
7.82714e-05
7.92739e-05
0.00161355
0.000232415
-0.00671135
-0.00607112
0.000190979
0.00173897
0.00122061
-0.00157956
0.00376258
0.00236451
0.0168521
0.0035224
-0.0105741
-0.000453852
0.00011822
0.000706234
-0.000852722
0.000477895
1.64431e-06
4.02908e-08
0.000903958
0.000171287
0.000118596
0.00015667
0.00157423
0.00178693
-0.00104464
-0.000837619
0.00198963
0.0287602
0.00277421
0.00311366
0.0236282
-0.0373453
0.042431
0.000366062
-0.03757
0.0528004
5.98687e-05
0.00297272
0.0572703
8.73169e-05
0.000468298
0.00142467
8.01276e-05
0.0127961
-0.0116131
0.000700886
0.0014018
0.0431109
-0.00666276
0.00723741
0.0406178
0.000628412
-0.00765705
-0.00156269
0.00151684
0.000174189
0.000121646
0.00303804
0.00358491
0.0495955
0.0472931
0.00158357
7.33465e-05
0.00407688
0.00454466
0.00881851
0.00255125
0.0105577
-0.000730468
0.0150027
0.0121378
0.00240671
0.00673514
0.0104547
0.00383017
0.00410798
-0.00164281
0.00943841
0.00843933
0.0153413
0.020484
0.00341536
-0.000372291
0.014368
0.00170504
-0.00139133
0.0250336
0.000125655
0.001069
0.00733549
0.00193737
0.00367429
0.00354382
0.00400356
0.0036795
-0.0373283
-0.0379597
6.42738e-05
0.0424231
0.0129455
0.00141288
0.000350653
-0.0129468
8.73436e-05
8.04129e-05
0.00143312
0.000482926
0.0527994
0.0572581
0.00296883
6.0154e-05
0.0154655
-0.000419881
0.00338785
0.0204906
0.00373052
0.00352251
0.0039872
0.00346139
0.000125617
0.00193909
0.00733053
0.00106715
0.0144511
0.0250292
-0.00141146
0.00159829
0.00409509
0.00253034
0.00862244
0.00455934
0.00409755
0.00845085
0.00928877
-0.00164163
0.00248607
0.00396166
0.0135479
0.00686149
0.0104362
0.0121365
0.0150098
-0.000811442
0.0432151
0.0406098
0.00724671
-0.00665155
0.049593
7.33391e-05
0.00158323
0.0472802
0.000173679
0.00361083
0.00304309
0.000121325
0.000629367
0.00151729
-0.0100293
-0.00765362
0.00313332
0.00550907
0.000888772
0.00265496
0.00199014
-0.000618973
-0.00103037
0.00200207
-0.000284459
-0.000409254
-0.00172936
0.000694783
-0.00098402
0.00247569
-6.43936e-05
-0.00111828
0.00333385
0.00255131
0.000858775
0.00554328
-0.00093981
-0.00116983
-8.14289e-05
0.00242675
-0.000235747
0.000701743
-0.0018008
-0.000457839
0.00197934
0.00202803
-0.00110919
-0.000636364
-0.00283038
-0.00036425
0.019073
0.0216143
-0.0107599
-0.00130587
0.00390841
-0.00296122
-0.000948036
-0.000676785
-0.00268289
-0.00138981
-0.00206473
0.000619664
0.00491039
0.00363003
-0.0028359
0.0216274
0.0191029
-0.000265179
-0.00203896
0.00358348
0.00494312
0.000546461
-0.000980805
-0.00147595
-0.00278176
-0.000695668
-0.0112166
-0.00324161
0.00318539
-0.00190325
0.0186206
0.00319541
-0.0415904
-0.0065715
0.0355249
0.0113167
-0.006756
0.0272866
0.0012634
0.000860733
0.000815543
0.00154541
0.00380707
0.0119683
0.00134559
3.55699e-05
-0.00454182
0.0177286
-0.00153126
0.033348
7.16309e-05
0.000783177
0.00284583
0.000159482
-0.000875096
-0.000293069
0.0194102
0.0155577
0.0379755
0.0355344
0.010168
0.00958567
-0.00441092
0.0331163
-0.00143378
0.0178495
0.0379829
0.00960552
0.0101658
0.035535
-0.000875086
0.0155591
0.0195084
-0.000291922
0.000163637
0.000256414
0.00284778
0.000709147
0.0186025
-0.00663679
-0.0415921
0.00123389
0.00380592
3.549e-05
0.00135525
0.0119413
0.00126345
0.00154584
0.000824343
0.000860674
0.0355204
0.0271273
-0.00674004
0.0112088
0.0230306
0.0495498
-0.117971
-0.16218
-0.00296812
-0.00812339
-0.0628176
-0.0596033
-0.0776102
-0.0787755
-0.0211994
-0.0203231
-0.00643912
0.0153391
-0.0270094
-0.089087
0.0124205
0.0133779
0.000599273
0.00457001
-0.0716554
-0.102036
-0.0404016
-0.0439078
-0.0806596
-0.00821135
-0.0259916
-0.0884269
0.0138633
-0.00645589
-0.0191303
0.000456434
0.0124461
0.00461262
0.000481129
0.0134275
0.0139432
0.000540722
-0.0193435
-0.00651225
-0.0807447
-0.0884277
-0.0262103
-0.00841367
-0.0720752
-0.0444394
-0.0409477
-0.102503
0.0194003
-0.165767
-0.121707
0.0457721
-0.00661189
-0.0892856
-0.027349
0.015136
-0.0776058
-0.0206991
-0.0215865
-0.0787674
0.00022716
-0.0624997
-0.0834157
-0.00936921
0.0490988
0.0492979
-0.00991573
-0.0108161
0.042032
-0.00656025
-0.00790161
0.0533476
-7.50528e-05
0.000216229
0.000365449
0.000299575
-0.000567283
-0.00024884
-7.39397e-05
-0.000475722
0.0393787
-0.0145836
-0.00538996
0.0388886
-0.00363691
0.000925885
0.00106236
-0.00834368
0.000101023
0.00025408
0.000172741
1.30173e-05
0.0435611
0.0439542
-0.0060439
-0.0063077
0.00464851
0.00365156
0.00225071
0.00148176
0.00452675
0.00223076
0.00202562
0.00435156
0.00405308
0.00382816
-0.000793652
-0.000715708
0.00277679
-0.000262972
-0.00038697
0.00438215
0.00370598
0.002406
0.00077494
0.00292307
0.00327566
0.00310933
-0.00193314
-0.000859741
0.00411189
-0.000829868
-0.000307203
0.004506
0.00408734
0.00509913
0.00279027
-0.0124085
0.0491201
-0.0108043
-0.00991638
0.0488282
-0.00056808
-0.000474846
-7.36674e-05
-0.000250508
-4.28559e-05
0.000276972
0.000364803
0.000215897
0.0417197
0.0532655
-0.00788945
-0.00655735
0.00371619
0.00293467
0.00076602
0.00240925
0.00406243
-0.0135936
0.00277478
0.00506869
0.00410997
0.00449187
-0.000329575
-0.000825763
0.00328835
-0.000855575
-0.00195356
0.00308832
0.00468204
0.00151437
0.00228211
0.00365911
0.00275968
0.00438657
-0.000395773
-0.000265534
0.00405713
-0.000718031
-0.000799428
0.00383226
0.00455063
0.00441399
0.00204845
0.00208729
0.0393693
0.0388334
-0.00538767
-0.0146017
0.0434507
-0.0063019
-0.00604054
0.0438851
9.9496e-05
1.146e-05
0.000173611
0.000276515
-0.00373248
-0.00845543
0.00106168
0.000925397
-0.00217786
-0.00179027
0.0025027
0.000362496
-0.00932579
0.00214944
-0.0046583
-0.00498274
-0.00315965
0.00168329
0.00250399
0.000666407
0.000204443
0.000510244
0.000955802
0.0018199
-0.00211697
0.000496375
0.00247839
-0.00187136
0.000131927
0.00171661
0.000969092
0.000402305
-0.00315748
0.000685301
0.00246543
0.00168876
-0.00951185
-0.00514861
-0.00469743
0.00208405
0.00436562
0.00452601
0.00237076
-0.000756448
-0.00273453
-0.000272423
-0.00423032
-0.00860333
-0.00118759
0.00128895
-0.00896879
-0.00502072
6.70377e-05
-0.000238358
0.00597698
0.0027543
0.00429994
-0.000862552
0.00213088
0.00431777
6.49249e-05
0.00277259
0.00585579
-0.000344403
-0.00119331
-0.00501498
-0.00900029
0.00129889
-0.00272812
-0.0086145
-0.00429091
-0.000263726
-0.0148093
-0.0132996
0.0472016
0.033239
-0.0133718
0.0264411
0.0228512
-0.0125197
0.000781117
0.00232923
0.00495997
0.00289555
0.00122307
0.00111225
0.0162274
0.0104441
-0.0115751
0.0283813
0.0279377
-0.012265
0.000497934
0.000868602
0.00276567
0.00244063
0.00253264
0.00449092
0.0027819
0.000871068
-0.00372174
-0.0133485
0.0283144
0.0419441
-0.0115288
-0.0122516
0.0279444
0.0283646
-0.00370821
0.041948
0.0283447
-0.0132816
0.00253261
0.000870975
0.00277283
0.00448133
0.000497626
0.00243872
0.00276299
0.000868521
-0.0148458
0.0328439
0.0472971
-0.0132989
0.00130032
0.010458
0.0161712
0.00121364
0.000780941
0.00287278
0.00494187
0.0023305
-0.0134006
-0.0125366
0.0228153
0.0264245
0.0218711
0.06398
0.000234015
0.00814565
0.0652711
0.000116106
7.48825e-05
0.064957
0.000417584
0.000131135
0.000102808
0.000221216
0.00258812
0.00449906
0.000219094
0.000172938
0.0161073
0.00730144
0.0017538
0.0274949
0.0114264
-0.00458386
0.00327065
0.00696783
0.0060215
0.0112813
-0.0128303
-0.0296824
0.0696304
0.0104121
0.0251599
0.0138049
0.016149
0.00773068
0.000376523
0.00496962
0.0089961
0.000313078
0.000107576
0.00847112
-0.00314954
0.000188445
-0.00152842
-0.00180354
0.00347773
0.00568885
-0.000788024
0.00121114
0.00753673
-0.0051996
-0.00333865
0.0081239
0.00378977
0.00117955
-0.00959932
-0.0108463
0.00783381
-0.00439694
0.0123343
0.000152466
0.00898669
0.00680075
0.00111754
-0.000635065
0.0219329
0.00809877
0.000233898
0.0639876
0.00247053
0.00017356
0.000220004
0.00435613
0.00037155
0.000220432
0.000102673
0.000131205
0.0652814
0.0649692
7.47076e-05
0.000115009
0.0076675
0.00812321
-0.00334541
-0.000531931
0.0089345
-0.000643692
0.00109584
0.00679566
0.00778607
0.000152499
0.0124453
-0.0044262
0.00379773
-0.0108378
-0.00948905
0.00117675
0.0161086
0.00495735
0.000381142
0.00777083
0.00348191
0.00134993
-0.000695575
0.00577901
-0.00340274
-0.00178898
-0.00152957
0.000211318
0.00899683
0.0084419
0.000135727
0.000310109
0.0160898
0.0274626
0.00178533
0.00726198
0.0696019
0.0137829
0.0251735
0.0103897
0.00598138
-0.0297076
-0.0130526
0.0112454
0.0114321
0.00697899
0.00301908
-0.00447427
0.00591957
0.00451947
0.00278004
0.000902287
-0.00045971
0.000712789
-0.0020354
-0.00642725
0.000210556
-0.00240875
-0.00429029
-0.000154905
0.00140531
0.000336381
0.0032693
0.00191251
0.000656511
0.000915045
0.00288038
0.0046125
0.00139973
0.00190132
0.00327808
0.000343752
0.000186512
-0.000174962
-0.0043481
-0.00241668
-0.000487804
-0.00644021
-0.00199624
0.000701225
0.00355602
0.00281946
0.00111784
0.000533397
0.00252478
-0.000829382
-0.00244765
0.00137758
0.000615873
-0.00207561
-0.00356349
-0.00063325
-0.00173639
0.000190635
0.00176535
0.00350782
0.0035722
0.000548723
0.00112878
0.00283571
-0.00172737
0.00352043
0.00176437
0.000187889
0.000649148
-0.000608242
-0.00351195
-0.00200329
0.00256162
0.00141603
-0.00242127
-0.000792687
-0.0104798
-0.016399
0.0672462
0.0865038
-0.0168355
0.0394707
0.0436987
-0.0161974
4.20181e-05
0.00170273
0.0017802
0.000122175
0.000655508
0.00163217
0.000237863
0.000198061
0.0595133
0.00737712
0.00387378
0.0517828
0.00384608
0.00143645
0.00274031
0.00504081
0.00140353
0.00160342
0.0245821
0.0234737
-0.0228893
-0.0169909
0.0420148
0.0350438
0.0596053
0.0518613
0.00396512
0.00735454
-0.0228861
0.035037
0.0420084
-0.0170712
0.00139896
0.0234751
0.0245887
0.00160275
0.0038444
0.0050231
0.00280935
0.00143702
-0.010434
0.0865306
0.0678975
-0.0141417
0.000655436
0.000198186
0.000237806
0.00163147
4.17308e-05
0.000119974
0.00177934
0.0017023
-0.0169975
-0.0157181
0.044187
0.0392978
0.0690103
0.0680602
0.110104
-0.141164
0.0226786
-0.0414037
0.0276307
-0.20641
0.0134774
0.0148953
-0.185916
0.0225453
0.0291158
0.0153386
-0.178034
0.0150897
0.0690035
-0.141179
0.110147
0.0680857
0.0290573
0.0150976
-0.177996
0.0153604
0.0134736
0.0206329
-0.185907
0.0148912
0.0226865
-0.206416
0.0240162
-0.0414331
0.0193029
0.0100973
0.00204106
0.0110926
0.00662658
-0.0252069
-0.0282145
0.00772541
-0.00102513
-0.00250386
-0.0137213
-0.00389787
0.00470751
0.0133817
0.00774178
-0.00243252
0.0192888
0.0111279
0.00204408
0.00998426
0.00474945
-0.00237597
0.00781704
0.0133882
-0.00102432
-0.00388072
-0.0136463
-0.00243663
0.00662925
0.00762488
-0.0283285
-0.0251845
