-0.675
0.255
-2.1067
-0.739421
0.275
2.025
-0.695
0.905513
-2.045
-0.605
1.2611
2.005
0.675
0.255
-2.1067
0.739421
0.275
2.025
0.695
0.905513
-2.045
0.605
1.2611
2.005
0.00907254
0.0114331
0.194441
0.178312
0.00907968
0.0177761
0.194539
0.178324
0
0
0
0
0
0
0
0
0
0
0
0
0
0
0
0
0
0
0
0
0
0
0
0
0
0
0
0
0
0
0
0
0
0
0
0
0
0
0
0
0
0
0
0
0
0
0
0
0
0
0
0
0
0
0
0
0
0
0
0
0
0
0
0
0
0
0
0
0
0
0
0
0
0
0
0
0
0
0
0
0
0
0
0
0
0
0
0
0
0
0
0
0
0
0
0
0.0349736
0.00498079
0.000253399
0.137694
-0.0498846
-0.00210079
0.119723
0.0653704
0.0808316
0.046156
0.0349722
0.000254773
0.137557
-0.00356491
0.0653219
0.0461546
0.0023393
0.109558
0.00121931
0.108586
-0.00130722
0.00613308
0.244407
0.314444
-0.000436483
0.110029
0.107235
0.00608035
0.144787
0.144768
0.0007681
0.108492
0.281278
0.112242
0.11076
0.00147673
0.354856
0.179937
0.178825
-0.00554232
0.264172
0.335708
0.0124916
0.00247735
0.000625221
0.0304335
-0.0262324
0.00344687
0.011348
0.0414622
0.0373014
0.022122
0.0338213
0.039719
0.00247834
0.012529
0.000623788
-0.0263081
0.0298935
0.00252387
0.0414587
0.011497
0.0375595
0.0338306
0.0221455
0.0396819
-0.000376313
-0.000162536
0.0882011
-0.00137051
-0.00403078
0.00261806
0.0703108
0.00268047
0.00184867
0.0353414
-0.00101332
0.123012
0.00403417
0.0431107
0.00822129
0.173661
-0.000376187
-0.00111783
-0.000374414
0.0879384
-0.00174504
0.000319876
-0.000256181
0.0672714
0.00163208
0.122956
0.0350266
-0.00105345
0.00403115
0.173657
0.0427484
0.00821401
0.0693064
0.0826729
-0.000702772
0.128822
0.0885489
0.000899334
0.0633997
0.0766642
0.0184059
0.201604
0.0790638
-0.00201965
0.0240678
0.0638715
0.0352015
0.0283155
0.0686833
0.099425
0.0205964
0.115769
0.0693063
0.0826749
0.0885474
0.000922349
0.063516
0.0768075
0.0784713
-0.00262666
0.0351931
0.0283144
0.0207902
0.115763
0.0847131
-0.000348519
0.00276415
-0.00127875
-0.000900077
3.22989e-09
0.00181627
-0.0125452
0.00152064
-0.00139687
0.0417025
0.195363
-0.0620353
0.0357065
0.0141991
0.0107468
0.084671
-0.000287083
0.00251332
-0.0011038
0.00235752
-0.0123018
0.0418904
0.195362
0.123149
0.0872726
0.025346
0.0813145
0.123155
0.081794
0.0252013
0.0871439
0.000575123
0.000780853
0.00077414
0.000355155
0.0615391
-0.0202416
-0.0202561
0.0615384
0.161558
0.128682
0.128675
0.161439
0.0864046
0.0824117
0.0485063
0.0381327
0.0862507
0.038074
0.0483427
0.080774
-0.000859461
-0.000655548
0.000483745
0.0014808
0.203638
0.198886
0.198883
0.203619
0.0795198
0.114371
0.0558334
0.0327713
0.0778976
0.0326196
0.0559225
0.114106
-0.0027259
-0.00171206
0.00689743
0.00722672
0.147237
0.141442
0.141441
0.147234
0.212355
0.212388
0.12871
0.128696
0.0135395
0.00246321
0.000748605
-0.000263426
-0.0396815
0.00333974
0.00395246
0.0325422
0.00422136
0.0218208
0.0178938
0.0142073
0.0024637
0.0135188
0.000747878
-0.0397328
1.73329e-06
0.00248108
0.0325102
0.00401786
0.00409608
0.0178895
0.0218432
0.0142253
-0.000355032
-0.000146162
0.10924
0.000443055
0.00550052
0.0023643
0.100024
0.00213224
0.00726687
0.0218196
-0.000229596
0.0908829
-4.19128e-06
0.00872199
0.000995931
0.108389
-0.00035908
0.000313638
-0.000146054
0.109266
0.00385929
-0.000452207
-0.000330606
0.0975557
0.00730835
0.0908464
0.0218017
-0.000279666
4.11581e-06
0.108395
0.0089153
0.000888972
0.000694425
0.00475538
0.0222792
0.0402978
3.15978e-06
3.68645e-06
-0.000772029
0.13936
7.83006e-06
9.39302e-07
0.0896775
0.00183002
0.00876088
0.00677969
-0.0016908
0.0181267
-0.00162555
-0.00162637
0.0184022
0.167674
-0.000102784
-0.000596909
0.0798952
-0.00159626
0.00110415
0.00110691
0.0130535
0.0323948
0.00978775
-0.00120436
0.0166348
0.0265623
0.00329661
0.00329329
0.0392559
0.0692685
0.000318657
0.00101391
0.0115166
0.111231
0.000660115
0.00480925
0.0222791
0.0402926
6.56439e-06
1.53977e-06
0.0896761
0.00181703
0.00916598
0.00687084
-0.00163193
0.0181794
-5.69085e-05
-0.00208348
0.0792959
-0.00222159
0.00969842
-0.00111992
0.016638
0.0264667
0.000341741
0.0010842
0.0115623
0.111245
1.52927e-05
-6.72509e-05
0.100689
0.00034931
0.0105404
0.00908709
0.00811485
-0.000174962
0.00151772
0.00140465
-0.000898199
-1.01197e-12
0.0089406
0.0101152
-0.000203812
-0.00501326
-0.00126729
-0.00132541
-0.00143208
0.00334792
-0.00107391
-0.00163457
0.0133931
0.096805
0.00578782
0.00579399
0.0028451
0.0128865
0.000811918
0.000811825
0.00201406
0.00246276
-1.00412e-05
-4.61935e-05
0.100617
8.24201e-05
0.0102819
0.00883251
0.00788902
-0.000734654
0.00840625
0.0097507
-8.7932e-05
-0.00510967
-0.00108906
-0.00166949
0.0134869
0.0967942
0.0026506
2.66542e-06
0.00181572
0.00022436
0.00265028
2.36457e-06
0.00181601
0.000222442
1.83409e-06
0.000511978
0.000508529
7.98662e-08
0.00422939
0.00140603
0.00140584
-0.0225087
0.00272082
0.0110808
0.0342804
0.00272274
0.0119555
-0.000325834
-0.000247633
0.0085793
0.012122
0.000425942
0.000220188
0.00881292
0.0010414
3.06233e-09
-3.42991e-09
0.0009402
0.000306671
0.00840499
0.00423912
0.00030631
0.00589455
-0.000785026
0.00139039
0.0148086
0.00586121
-0.000787521
0.0015847
0.0144692
-2.53979e-06
9.26308e-05
9.02816e-05
-0.00210254
-0.00212631
-2.92811e-07
-2.64969e-06
1.48574e-05
0.0176648
-0.0145865
-0.00457513
0.0176117
0.0262202
0.0421788
-0.000937757
0.113258
0.0878019
0.00165093
0.00771485
0.0322233
0.0175231
0.130504
0.0807698
-0.00288704
0.012413
0.049208
0.0190702
0.0250042
0.0134113
0.0337904
0.0189374
0.0177456
0.024522
0.064608
0.016194
0.0866651
-0.000888779
0.113317
0.0262094
0.0422145
0.0877974
0.00154828
0.01756
0.130526
0.00803686
0.0325924
0.080792
-0.00285857
0.0190544
0.0250028
0.0121302
0.0496232
0.0131109
0.0336532
0.0245183
0.0645896
0.0189768
0.017848
0.0162328
0.08668
0.0906533
0.00208575
0.10503
0.000459348
0.00735942
3.67782e-07
0.000744392
3.11643e-08
0.0780621
0.000400928
0.0978266
0.000422909
-0.000466319
-0.0152844
0.000147681
0.00134453
0.0285891
0.00751261
0.00299548
-0.000173935
0.0183643
0.100828
-0.000476618
0.0203202
0.0126494
0.135467
-0.000488898
0.00042286
0.00805448
0.102496
0.0012772
0.00267084
0.0906519
0.00187487
0.000813514
-4.52849e-08
0.105084
0.000322452
0.00735143
1.29106e-06
0.0758565
0.00276915
7.77637e-06
0.000161037
0.0977411
5.69337e-05
-0.000563387
-0.0152957
0.028648
0.00740867
-0.000467517
0.0202504
0.00299864
-0.000167688
0.0184266
0.100659
0.0127978
0.135494
0.00127728
0.00267041
-0.000560108
0.000392807
0.00826076
0.102489
3.56367e-05
0.00343578
-0.00425717
0.0230195
0.00044895
0.000355359
-0.00533556
-0.0052374
0.00271281
9.11844e-05
-6.32835e-06
1.054e-05
0.000729055
-0.0114363
-0.00765008
-0.00136566
0.000481932
0.000467234
0.0169865
0.0169821
0.00470761
0.00433423
-0.00140813
-6.57046e-06
0.00147215
0.00147187
0.0117044
0.0117316
0.00228454
0.00936256
0.00379331
-0.0100378
-2.11486e-05
-2.10858e-05
0.0119635
0.0119617
0.00393165
0.000713446
1.42189e-05
-0.0016272
3.22015e-05
0.00301399
0.0230661
-0.00420022
0.00270943
9.10792e-05
2.2825e-06
-3.07948e-05
-0.011387
0.000691616
-0.00773475
-0.00121521
0.00470761
0.00433593
-0.00263217
4.06255e-06
0.00912705
0.00255126
-0.0100404
0.00379314
0.00062479
0.00390146
-0.00162961
1.63386e-05
-2.7053e-05
0.00165972
4.96507e-17
0.000226134
-9.24964e-05
0.00424127
0.011964
0.0101576
0.000447961
0.000655227
0.00140456
0.00127959
0.0119686
0.0074557
0.00916047
0.00379334
0.000735326
0.000876642
4.91117e-05
0.000541347
0.00157736
-6.25132e-05
0.0114569
0.00484107
0.00983556
0.00979755
0.000946229
0.000945833
0.00120316
0.00120317
2.9436e-06
2.91946e-06
-2.66134e-05
0.00165921
4.69553e-05
0.00026278
0.00424953
-9.3606e-05
0.0118317
0.0100536
0.00714677
0.0115617
0.0088215
0.00355137
-5.68587e-05
0.00157692
0.00484115
0.011385
0.0686664
0.0905005
0.0027226
0.0329018
0.134951
0.00576424
0.000101619
0.0902755
0.0339472
0.0226237
0.00831288
0.00804645
0.0211511
0.0171401
0.00393169
0.0206653
0.0686598
0.0330624
0.00272125
0.0904982
0.0208895
0.0205151
0.00380252
0.0169747
0.0339665
0.00813668
0.00823986
0.0226533
0.136009
0.0902738
0.00010049
0.00562724
0.00129943
-0.000402934
0.000480407
0.00174386
0.00124801
0.00168541
0.000434373
-0.00044831
-0.000561888
0.000378306
0.000478277
0.00184455
-0.00033201
0.00195586
0.000583621
0.000539745
0.054494
0.033842
0.00535466
0.0182967
0.0554311
0.0112957
-0.0138362
0.0190015
0.0554058
0.0190659
-0.0138361
0.0112966
0.0542586
0.0183337
0.00535507
0.0337835
0.109338
0.0399056
0.0304753
0.126754
0.0797893
0.035504
0.0285936
0.0491943
0.0799782
0.0492182
0.0285896
0.0355211
0.109357
0.126783
0.0305049
0.039925
0.107137
0.102865
0.0120588
0.0112048
0.0994217
0.0102504
0.013376
0.0993348
0.00964918
0.0107724
0.00880138
0.0079303
0.02008
0.00962295
0.00942188
0.0158165
0.107175
0.011009
0.0120779
0.10285
0.0200874
0.0158781
0.00948819
0.00944387
0.00984505
0.00758049
0.00877031
0.0109306
0.0981701
0.0992538
0.013256
0.00978348
0.000450498
0.00150005
0.00122298
0.000404457
0.000317361
0.000202602
0.0011099
0.00138182
-2.39349e-05
0.00159884
0.000841438
6.96874e-05
0.00144669
0.00038543
0.000961608
0.00169154
0.107554
0.0952105
0.00924307
0.0163774
0.106646
0.00295191
0.00498233
0.0998983
0.106641
0.0998881
0.00498078
0.00295179
0.107599
0.0163799
0.00913835
0.0952263
0.115693
0.0835982
0.00900909
-0.00522289
0.0731377
-0.00028451
0.00438414
0.0846205
0.0435884
0.0142564
0.00517203
0.0154132
0.0109722
0.00735468
-0.00331306
0.0120876
0.112697
-0.00567679
0.00883722
0.0821938
0.0111231
0.0121464
-0.00319795
0.00706546
0.0435641
0.0155021
0.00510888
0.0143153
0.0733969
0.0843323
0.00436399
-0.000142765
-0.00135262
0.00269247
-0.00186098
-0.0019709
-0.00544145
-0.00400758
-0.00247634
0.00205412
0.00652514
0.0186451
0.000287193
-0.00255266
0.00648566
-0.00225178
0.000274608
0.0186231
0.108991
0.123361
1.62367e-05
0.00293845
0.0770781
0.027021
-0.00187712
0.0988045
0.0770758
0.0988107
-0.00188246
0.027016
0.108982
0.00293843
1.52338e-05
0.123405
0.0871178
0.166412
-0.00124549
0.0213606
0.0873857
0.0214705
0.00624134
0.166452
0.0721844
0.0822304
0.0111235
0.0158674
0.0719681
0.0158353
0.011146
0.081603
0.00423667
0.00244733
0.000905421
-0.000378112
-0.003204
0.00310052
0.000936159
0.0132864
-0.00116559
9.05421e-05
0.0104695
0.0101643
0.00244779
0.00443124
0.000905865
-0.00575749
-0.000333475
0.00229764
0.013444
0.000954046
-0.0011558
0.0105996
-2.24888e-05
0.01016
-0.000350181
-0.000145207
0.0538236
-8.60062e-05
0.000745086
0.00223671
0.0843185
0.0016167
0.000209
-0.00326732
-6.0958e-06
0.0208464
5.63832e-06
-0.000863738
6.97692e-06
8.32729e-06
-0.000348935
-0.000185394
-0.000146141
0.0543864
-0.000547113
-0.00142507
-0.000330937
0.0794235
0.000209556
0.0207785
-0.00322926
2.07688e-05
1.92886e-06
2.51043e-06
-0.000915938
5.92319e-05
7.02394e-06
5.44965e-05
0.00575011
0.00774877
1.28345e-06
1.80993e-06
-0.000796271
0.111871
3.73288e-07
2.24399e-06
0.0889159
0.00137788
0.0012252
0.00385048
0.0123325
0.0242085
2.85081e-05
2.76534e-05
0.000635943
0.112714
1.89194e-06
-8.82857e-05
0.0703688
-0.00178903
0.0010554
0.00104425
0.00622993
0.0104671
0.000722386
0.0010184
0.0257511
0.0253674
-1.65382e-06
-1.59247e-06
-0.00855417
0.0110622
7.40986e-06
-0.000100132
-0.000147225
0.0670606
1.46021e-05
1.31731e-05
0.00599424
0.00775096
3.64434e-07
2.59892e-06
0.088899
0.00137791
0.00126911
0.00388619
0.012389
0.0242741
1.28485e-05
-7.05735e-07
0.0741766
-0.00258397
0.00070625
0.00101759
0.0257472
0.0257115
-4.41437e-06
-0.00013888
-0.000141953
0.0670419
-1.32312e-06
6.50085e-09
0.0621397
-0.000106806
0.00850143
0.00887104
-0.00444501
-0.000957665
3.42023e-05
3.50487e-05
-0.0015687
3.56909e-11
0.00780797
0.00721056
8.26094e-05
0.000180633
1.44176e-05
-1.70497e-05
1.04755e-08
-7.88953e-05
0.000282284
-5.82634e-05
-0.002334
-0.00375165
0.000154879
0.000155779
0.0028341
0.00177467
6.82539e-05
6.83015e-05
0.000100325
1.80913e-05
5.75616e-07
1.88062e-05
0.0673662
-0.000415799
0.0082518
0.00861796
-0.00472583
-0.00106535
0.00731219
0.00683886
0.00019055
0.000134647
0.000286255
-3.43287e-05
-0.00233477
-0.0037598
8.9547e-07
-7.58776e-06
-0.00119563
-4.86627e-05
9.56165e-07
-7.43782e-06
-0.00122504
-5.43727e-05
1.15175e-08
2.93429e-05
2.93412e-05
6.16024e-08
4.68618e-05
-3.97439e-06
-3.98505e-06
0.000210485
7.19423e-05
0.00684713
0.0076976
6.80704e-05
0.0101425
-0.000714577
-0.000611569
0.00923311
0.010288
-0.000435957
-0.000155978
0.00944924
-2.87591e-05
3.04895e-09
1.15669e-11
-2.2986e-05
-1.50494e-05
-3.59908e-05
0.000110789
-1.50679e-05
0.00412539
0.00079031
0.0150541
0.000108723
0.00412568
0.000790338
0.0149073
0.000108487
2.21155e-06
-3.77936e-06
-7.79433e-06
-5.56312e-07
-8.88339e-08
0
1.78518e-06
-4.0449e-08
1.81459e-05
-0.0111893
-0.00383611
2.15526e-05
1.01914e-05
-0.000630119
-0.00287762
0.0092023
9.10371e-06
1.68811e-06
-0.000792819
0.0913849
-0.000183433
-8.3233e-06
0.0878209
0.00135545
0.00781705
0.00102367
-0.00327317
0.00853104
-0.000325626
-3.51319e-07
0.00236065
0.109673
-0.000126359
-4.76204e-05
0.0667223
-0.00312774
0.00122851
-0.000151776
0.000626563
0.0122119
0.00283699
1.14769e-06
0.00784539
0.0184608
0.00161326
0.000924498
0.0084253
0.01538
0.00846628
-0.000391107
0.0183802
0.0165768
0.00408643
0.00192124
-0.00139986
0.0208642
-0.00134738
0.00069821
0.00070242
0.0443792
9.1119e-06
1.68826e-06
-0.000757298
0.0914184
-9.13571e-06
-0.000784789
-0.00294415
0.00919764
-0.000184753
-8.03621e-06
0.0877776
0.00135502
0.00032911
6.80569e-08
0.0024008
0.109683
0.00759663
0.00126809
-0.0030388
0.00889186
4.6872e-06
-6.80677e-05
0.075095
-0.00233355
0.0027987
4.00698e-07
0.00778144
0.018452
0.00126078
-7.78952e-06
0.000649205
0.0119479
0.00146562
0.00077181
0.00827024
0.0153205
0.00419526
0.00191723
-0.00135818
0.0208581
0.008246
-0.000417504
0.0184133
0.0166248
-0.00131429
0.000712058
0.000723286
0.0444375
-8.82141e-06
6.66984e-06
0.0884053
0.00139766
-7.55111e-07
1.75013e-05
0.0603123
-3.31837e-05
0.0124559
0.0016659
-0.0043725
-1.27176e-08
0.000568939
0.000754693
0.00161689
1.24127e-16
0.00503581
-0.000516825
0.0747875
0.000270058
2.52008e-05
6.51311e-05
0.0632031
-0.000220835
-0.0166237
0.00106376
-0.000469587
0.000228668
0.000168904
-0.00123425
-6.42232e-09
-0.00144963
-0.00116181
-0.00101746
0.0146005
0.0177374
0.00427462
0.00010194
0.00152999
-3.70844e-06
-0.000290213
-0.000124014
-0.00202279
-0.0082949
0.00937854
0.00158345
-0.000342096
-0.000162097
1.34902e-06
0.00151008
-0.000368522
0.082965
0.00860528
-0.000456513
-0.000205533
-0.000132915
0.000724032
-0.000448372
-0.000519327
1.41224e-05
0.0262115
-0.000634523
-0.000198739
5.99312e-06
-1.01598e-05
5.96131e-06
0.0884077
0.00139877
0.000442238
0.000641098
0.00159688
3.99e-11
-1.28959e-10
-1.1015e-05
0.0614297
-0.000153725
0.0124295
0.00166289
-0.00436429
1.7733e-06
-0.00324409
-0.00208118
0.0725722
0.000888014
9.29416e-05
-0.00129497
6.97519e-06
-0.0014608
3.32499e-07
5.90737e-05
0.0735102
-0.000599559
-0.0166719
0.00102982
-0.000568036
0.000206577
-0.001307
-0.00101062
0.0147458
0.0178805
0.00934772
0.00157059
-0.000324163
-0.000158931
0.00425887
8.32536e-05
0.00151163
-4.73657e-06
-0.000321702
-0.000122214
-0.00204261
-0.0082393
3.5273e-06
0.00147342
-0.000384447
0.0829578
0.0262056
-0.000635225
-0.000180936
6.22349e-06
0.00866761
-0.000333039
-0.000207149
-0.000135208
0.00077325
-0.000428759
-0.000536693
1.46948e-05
0.0155632
-0.00195843
-2.90914e-06
0.000137048
0.0149396
-0.00130708
0.00304342
0.00743892
1.49144e-05
-1.35653e-06
2.14974e-05
1.76501e-05
-0.00715857
-0.00363055
0.00011359
0.000126512
0.000580993
1.91316e-05
-4.62948e-06
-1.22447e-05
0.000541928
-0.000871481
-1.47053e-08
1.24345e-05
-0.0132614
0.00159266
0.00208298
-0.010348
0.00649928
0.00189372
-0.000270555
-0.0010257
1.60017e-06
2.1435e-06
-1.58062e-06
9.80097e-07
0.000478401
-0.0164159
0.000216669
0.000216548
-1.58894e-05
-1.10292e-05
6.05455e-05
0.00416983
-1.03094e-05
0.000100039
-1.19942e-06
-2.06374e-07
0.00181215
0.00158799
-1.33377e-06
-1.03547e-06
0.00174119
0.0107601
-0.00671356
-0.00687774
0.000426345
0.00114759
-0.0018625
0.00047334
1.17836e-05
0.0001527
1.42184e-05
0.00041416
0.0164146
-0.000643801
4.15038e-05
4.17503e-05
0.00808378
0.00110051
-0.000177925
-0.000144638
0.0121459
-0.00495018
-6.8247e-05
0.000469301
0.00226912
-6.68386e-06
1.32216e-06
1.71819e-07
0.0155623
-0.00195837
-3.09791e-06
0.000227852
0.0150897
-0.00131068
0.00737454
0.00310273
0.000581951
1.8938e-05
-4.47158e-06
-1.20422e-05
0.000531524
-0.000889359
-1.54876e-09
-3.07335e-05
-0.0135088
0.00155936
-0.0101102
0.00204984
0.00628795
0.00185748
-0.000319087
-0.00113859
-1.57791e-05
-1.3625e-05
6.01219e-05
0.00417146
-5.0226e-06
0.000101381
-6.70628e-07
2.87436e-06
0.000419467
0.00115302
0.000471829
-0.00200744
5.96226e-05
0.000157847
0.000415956
1.42199e-05
0.0120402
-0.00506948
0.000407903
-8.1182e-05
0.00226395
-2.08428e-06
-7.76424e-08
-6.01168e-07
-0.00220535
0.00199854
-2.44946e-07
-3.71231e-07
0.000284064
0.000487471
2.48253e-17
-1.95894e-08
-0.000561007
0.00461149
-6.02001e-05
0.00360643
0.000739135
0.000796333
0.00991493
0.00955277
-1.09994e-06
-2.84328e-06
4.08256e-05
3.46392e-05
1.31988e-11
-7.47875e-11
-3.56932e-05
-3.82254e-05
-0.000319729
0.000902572
0.0103748
0.00889109
-0.0041775
0.0143522
0.00895501
0.00400343
0.00147636
-9.62563e-09
-1.69356e-05
-2.49772e-05
0.00364388
-0.00210286
1.17275e-05
-0.000670418
0.013847
-0.000925622
-0.000249071
-5.4894e-05
0.0422524
0.000451051
-2.98755e-05
6.24626e-05
-5.72748e-06
-0.0235971
0.00090505
0.000921076
1.21821e-05
0.00717257
0.000104914
0.000105112
0.00189524
0.000549511
3.75508e-05
3.75914e-05
0.00227013
1.49767e-05
-2.22045e-16
-9.41697e-09
0.000497366
0.0020209
-1.70444e-07
3.97746e-07
0.000174001
0.000396314
4.46833e-05
-0.000130497
-0.000582918
0.00461002
0.00360068
-6.18166e-05
0.000956171
-2.16376e-05
0.00976531
0.00944259
-0.000309227
0.000473096
0.00854195
0.00993107
-0.00427548
0.0140136
0.00766698
0.00359805
0.0138018
-0.000904833
-5.03135e-05
0.000134211
0.0421691
0.000442798
6.24433e-05
6.00477e-06
0.019288
3.58996e-05
4.53235e-05
-0.00226012
0.00190421
-0.000491267
0.00513396
-1.2242e-05
-0.0007476
-0.000939585
-0.00321203
-0.00383835
0.00191395
-0.00200386
-0.000681473
0.00511138
0.0193089
3.33739e-05
4.19327e-05
-0.00226348
0.00166134
-0.002183
-0.000658525
0.00495388
-0.000747534
-0.000932994
-0.00573067
-0.00384286
0.00190038
-0.000430979
0.00513469
-1.19164e-05
0.000152298
0.000474032
-0.000504376
-1.01499e-05
0.000143705
0.000371318
-0.000612757
-1.86508e-06
0.000472705
-2.68573e-06
-9.98688e-07
-0.001379
0.000684145
-2.17487e-06
-3.99351e-06
-0.0011664
0.00205104
8.43109e-05
0.000315542
0.00167188
-0.00461072
0.00313696
-0.00901089
0.00325379
-0.00457288
0.00308528
-0.00901633
0.00332753
0.00200554
0.000106745
0.00031596
0.00167118
0.0230576
0.00111983
-0.00525488
-0.00565898
0.0162708
-0.00591619
0.00205198
2.21694e-05
-0.00596453
0.0160362
3.94826e-05
0.00201735
0.0011792
0.022754
-0.00541533
-0.00520347
0.011902
4.64864e-07
-1.34445e-05
0.00197963
-0.0167936
2.36344e-05
0.00166019
0.00173105
9.5498e-05
0.0124413
-0.00141856
0.00136746
-7.63179e-05
0.00919789
-0.000239528
-3.20868e-06
0.0118833
-1.51461e-06
-1.26924e-05
0.00197849
-8.25635e-05
0.00915796
-0.000229088
-5.09257e-06
9.7058e-05
0.0126187
-0.00138484
0.00136816
-0.016759
2.67137e-05
0.0016586
0.0017695
0.000426686
1.1021e-08
4.96507e-17
0.000559158
-4.01342e-09
0.000285652
0.000432562
2.46119e-09
-1.36869e-08
0.000202454
0.000487194
9.8442e-05
0.000372125
0.00014767
0.000142037
0.000626038
0.0357541
4.04441e-05
0.00640543
-6.41738e-05
0.0344049
0.00150349
0.00112881
0.000326421
0.00150338
0.0344041
0.000326374
0.00112879
7.99224e-05
0.0358361
-6.45515e-05
0.00642715
-5.86856e-06
0.00678078
0.0044524
-2.08638e-06
0.0223339
-1.9048e-05
-1.21187e-05
9.40766e-05
0.000598582
0.00645433
2.00557e-05
0.000986477
0.00951601
0.000531921
1.43935e-05
-0.000190508
-6.43126e-06
0.00684193
0.004453
-2.07848e-06
0.00956344
0.000544154
8.52807e-05
-0.00017575
0.000610593
0.00644002
1.7836e-05
0.00100313
0.0222985
-1.92842e-05
-1.64316e-05
9.3929e-05
5.69828e-05
0.00353718
-0.00142664
7.18588e-05
-0.00130829
0.00279921
-0.00261815
0.000238731
4.53571e-07
-1.64846e-05
0.000473685
-1.16159e-06
1.06129e-06
-4.18771e-06
0.000457897
3.18159e-06
0.00248687
0.00245307
1.74024e-05
-3.04882e-06
0.0245197
0.00314477
-8.41634e-07
-0.000598511
0.0245199
0.00314417
-1.0294e-06
-0.00059618
0.00247255
0.00245322
1.73297e-05
-3.04912e-06
0.00529
0.00426206
-0.00683288
0.00510701
0.00425871
0.00518776
0.00510489
-0.00641587
0.00124917
0.000652916
0.00345096
0.000207809
0.000666298
0.00135209
0.000252308
0.00347685
0.000229518
0.0100319
-0.000425105
0.0657734
0.0545131
0.000956539
-0.002141
0.0122145
0.00429261
0.0944319
0.0567931
-0.0115666
0.00152188
0.013247
0.00323141
0.0133828
0.00874857
0.0223104
0.0157343
0.0145864
0.00117361
0.0198479
-0.000195823
0.033836
-0.000424344
0.0658185
1.6329e-06
0.0100767
0.0544356
0.000956537
0.00432483
0.094443
-0.00220191
0.0125248
0.057316
-0.0112447
0.00334124
0.0137156
0.00143029
0.0134798
0.00876668
0.0223898
0.00119384
0.0197538
0.0150359
0.0146465
-4.59265e-05
0.0338415
0.00576061
7.22451e-05
0.0574659
-1.56187e-06
0.000958867
-1.60798e-05
-0.00030837
2.52369e-07
0.0290382
-0.00277
0.0643379
-7.58667e-05
-1.45798e-05
-0.000107475
-7.07205e-09
-0.00413262
-0.00119769
0.0261245
-0.000257448
3.57805e-05
-0.00251209
0.00034194
0.0027927
0.0096782
-0.00137308
1.48095e-05
0.00017637
0.000185455
-0.000480216
2.24251e-05
4.08371e-05
1.14863e-05
0.00525649
7.56192e-05
-0.000304967
-2.51199e-07
0.0580216
-0.000113601
0.000486353
-2.75855e-06
0.0252675
-0.00886882
1.32508e-07
-0.0041219
0.0769426
-0.00056041
6.87603e-08
-0.000174316
-0.00121265
0.0261247
0.0027934
0.0096034
-0.000180091
3.104e-05
-0.00250336
0.000317987
-0.00133645
1.40773e-05
2.41129e-05
8.80841e-06
0.000168089
0.000198707
-0.000426446
8.76856e-05
0.000339535
0.00663138
0.000609674
0.00897838
-3.42683e-05
-9.32319e-06
-3.06495e-07
-0.000354206
-0.000646157
0.101801
-0.000644907
0.101752
2.15455e-05
1.90153e-05
0.000146309
0.000146924
0.0891902
0.00136738
0.088686
0.0013896
-1.24054e-05
-1.3323e-05
1.99396e-07
5.17318e-08
0.000178517
0.0212834
0.0157042
0.0219312
0.00182646
0.00455756
0.000496561
0.00732101
0.00131864
0.115391
0.00133797
0.115395
2.3672e-06
2.79134e-06
0.000752016
0.000762269
0.0687063
-0.00242953
0.0731515
-0.0011824
4.34675e-05
0.00419432
-9.50276e-07
2.43529e-05
0.00654738
0.0136838
0.00652753
0.0136761
4.24867e-05
2.44396e-05
0.000918337
0.00096151
0.0217845
0.0179297
0.0209374
0.0227402
0.000504975
-0.00140099
8.77212e-05
0.000509063
-0.000531911
0.0147064
-0.000508634
0.0144222
0.0150091
0.0150258
0.000883291
0.00119699
-0.000822693
0.0625654
0.0013873
0.075722
-0.000914342
0.00125403
3.09102e-05
2.95117e-05
0.000264967
0.0067081
0.000540868
0.00892863
0.000238427
-6.07306e-06
-0.000319006
-3.37379e-05
0.0891645
0.00136794
0.0886786
0.00138759
-1.20989e-05
-1.34336e-05
-2.2743e-07
2.13645e-07
0.000123138
0.0213215
0.0156381
0.022023
0.00372518
0.00179319
0.000569233
0.00721704
0.0762033
-0.00242419
0.0757469
-0.00272554
4.27945e-05
0.0041948
-3.68407e-07
-1.54532e-05
0.0216291
0.0179203
0.0209438
0.0227292
-0.00141469
0.000499408
0.000539355
0.000140717
-0.000828979
0.062552
0.00134441
0.0756757
0.00127615
-0.000918408
3.20269e-05
1.46815e-05
0.061702
-7.65144e-05
0.0626991
-0.000140346
2.06958e-05
3.24017e-05
-4.96507e-17
-7.06772e-08
0.00116056
-2.77214e-05
0.00159813
-5.83928e-05
-0.00196021
0.00272319
0.00927295
0.00931697
-0.000549933
-7.21337e-07
-0.000550653
3.08092e-11
4.63727e-05
4.09858e-05
3.90355e-06
2.92149e-06
-5.04136e-05
8.5876e-05
-0.00037865
7.54945e-06
0.0092071
0.00846857
0.00616902
0.00718056
-0.00183412
-8.01151e-05
-0.00183706
-8.00527e-05
0.00146467
-0.00182398
2.72497e-05
-8.70802e-06
-0.00164816
-0.00433066
-0.00148075
-0.00136375
-4.74453e-05
-7.69007e-05
0.000197393
-3.93839e-06
0.00327415
0.00160136
0.0032716
0.00160195
0.00165562
0.00165677
4.65981e-05
4.73327e-05
0.000101067
5.89717e-05
0.00010208
5.89219e-05
8.77465e-05
8.78292e-05
0
0
0.0645763
-0.000280385
0.0703019
-0.0004902
2.37831e-06
4.22688e-06
2.5905e-07
-9.29188e-07
0.00116492
-2.39863e-05
0.00148797
-5.85646e-05
0.00266911
-0.00223442
0.00936497
0.00940844
-4.83067e-05
6.4457e-05
-0.000462851
2.7782e-05
0.00805614
0.0086762
0.00573695
0.00677673
-0.00163862
-0.00437996
-0.00148889
-0.00133618
-6.67297e-05
-8.40888e-05
-5.21405e-06
0.000166311
-2.45116e-06
-6.78918e-05
-6.27598e-08
-3.35299e-05
-0.000233459
-6.99792e-05
-4.09532e-05
0.00173623
-2.6149e-06
-6.3029e-05
-4.45088e-07
-3.33752e-05
-6.52287e-05
-0.000211897
0.00177643
-4.07865e-05
2.66679e-05
2.35009e-05
-3.57543e-09
5.40881e-08
-4.72956e-09
5.58374e-08
3.50819e-05
3.19969e-05
2.20258e-07
2.20258e-07
5.07594e-05
0.000238181
0.000238396
5.09547e-05
-0.00016074
-0.000160523
0.0168722
0.00639591
-3.79009e-05
-3.79009e-05
0.000594763
0.0006239
0.00639167
0.0168709
1.23309e-05
-1.9056e-05
0.0102021
0.00965524
0.0109806
0.00943402
-6.12126e-05
6.76974e-07
1.28431e-05
-1.76819e-05
0.00981939
0.00932446
0.00913104
0.0105975
-2.51597e-08
-0.000100959
1.39363e-11
1.41933e-11
-3.22277e-05
-3.51736e-05
-2.18558e-05
-2.68016e-05
2.15504e-09
4.12499e-06
-8.26571e-05
0.000138484
1.60087e-05
-4.4128e-05
1.44671e-05
1.52223e-05
0.00013966
-3.00295e-05
0.000758795
0.0193424
7.75175e-05
0.00416938
0.00678413
0.00132956
0.000754766
0.0191554
0.0193334
0.000758803
7.71174e-05
0.00416946
0.0013214
0.00777102
0.000754777
0.0185091
-5.64588e-06
-1.35701e-06
-6.38665e-07
9.80737e-07
-4.01389e-07
2.62863e-06
-6.1918e-06
-9.75281e-06
-6.91536e-08
6.35014e-08
4.34575e-08
1.0781e-07
-4.33607e-07
-1.35235e-07
-9.99184e-09
1.03667e-06
-0.0116983
-0.00339142
0.00374883
-7.43888e-06
0.000883729
0.000873199
-0.0101078
-0.00336745
-0.00136331
0.00242359
0.00171051
-0.000680475
0.000483424
-0.000245004
0.0150864
-0.000146604
0.0157533
-0.00160034
1.62671e-05
-3.437e-06
0.000171652
0.00117462
0.00725273
0.00676224
-2.3836e-05
0.000644173
0.00322014
0.00668671
0.018244
5.06632e-05
-8.88684e-08
3.87991e-06
0.00283558
0.000180725
0.00226839
0.00176756
0.00135787
-9.83405e-05
-0.00552521
0.0046217
0.00645606
-0.000406083
0.00225337
0.00132835
0.00192593
-0.000149486
0.0131065
-0.0117935
0.0156237
0.00756634
0.00641921
0.00499421
0.00122406
0.00125342
0.0252583
-5.55628e-05
0.000407446
-0.000324712
0.0150851
-0.000146762
-0.00136124
0.0023681
0.00176467
-0.000660385
0.0157769
-0.00160021
1.72043e-05
-3.04221e-06
-2.19115e-05
0.000648108
0.00310682
0.00649905
0.000243856
0.00111565
0.00716696
0.00604269
0.018175
5.05513e-05
-2.49485e-06
-1.99191e-06
0.00141791
-0.000284747
-0.00614047
0.00466053
0.00281563
0.000163892
0.00183804
0.00156596
0.00645733
-0.000454459
0.00231778
0.00130489
0.0155512
0.0075199
0.00631285
0.00465408
0.00194617
-0.000153359
0.0128962
-0.0118119
0.00125082
0.00126639
0.025255
-5.6159e-05
-0.00110851
0.00344778
0.00128707
1.63982e-06
-1.76003e-05
-1.54571e-06
8.30777e-08
1.27568e-07
0.00124911
7.43878e-06
0.0121625
0.00189985
0.00193567
-0.00142641
0.000497895
0.000637167
-0.00268723
0.00443632
0.00530214
-0.00137433
0.000147007
8.25475e-05
0.000102861
3.09944e-07
-0.0167086
0.00150031
-0.0153555
-0.000771225
0.000114405
0.000783049
0.00189334
0.000362827
0.00398515
7.31741e-05
-0.00425739
-0.000399626
0.00288852
7.7737e-05
0.00650737
0.00024879
9.3567e-06
2.42806e-05
-0.00293778
-0.00505224
0.00339994
0.000221071
0.0241954
3.36169e-05
7.07762e-05
-0.000106994
0.0318019
-1.72859e-05
0.0101688
-0.000127763
0.00960832
-0.000310029
3.90777e-05
0.000128171
0.00102347
0.000184468
0.0301084
-9.16569e-05
0.033546
-0.000365176
-0.00143802
0.00344744
0.00128628
2.63568e-06
0.0017394
-0.00162382
0.000365122
0.000516225
-3.06422e-06
-1.40654e-06
3.80523e-07
-9.28192e-08
0.000877651
9.39291e-06
0.012154
0.00189263
-0.00299249
0.00443573
0.00114915
-0.00429177
6.21897e-05
0.000735385
0.0018571
0.000314599
0.000127511
5.54982e-05
0.000100389
-3.78568e-08
-0.0166793
0.00155237
-0.015437
-0.000811242
0.00397536
9.48986e-05
-0.00417735
-0.000337963
0.00339543
0.000220882
0.0241779
3.44548e-05
0.00303477
3.92823e-05
0.00648635
0.000260437
9.674e-06
3.41253e-05
-0.00303882
-0.0049567
3.30569e-05
-0.000108524
0.0316969
-1.39512e-05
0.0301134
-9.16937e-05
0.0335435
-0.000365699
0.0103993
-4.06918e-05
0.00981078
-0.000288021
4.82586e-05
0.00012937
0.00102016
0.000186044
-0.00211753
0.0150629
0.0123764
-0.00118331
0.0194259
-0.0157554
-3.23639e-05
0.0250174
2.3191e-05
-2.55209e-06
-2.03801e-06
2.40493e-05
-0.0148673
0.00645616
0.00643824
-0.0148866
-6.05818e-05
4.84005e-05
-1.33206e-06
0.0011973
-0.000683001
0.000510646
0.00060831
-0.0010228
0.0204594
0.000140854
-0.00107539
0.00171452
0.00694714
0.00328541
0.00260001
0.00305953
1.44287e-06
5.27266e-07
3.10771e-06
1.20702e-06
0.00439232
-0.0107826
-0.0145332
0.00437921
-1.82963e-05
-1.36223e-05
-1.94324e-05
-2.55689e-05
-8.98347e-05
1.88119e-06
-2.37132e-06
0.000277734
0.0017282
0.00146595
0.00144818
0.00172813
-0.00668755
0.000314944
0.000311333
-0.0067461
-0.00649156
0.000241441
-0.00253304
0.00492721
7.56426e-05
0.000215859
0.000216398
-0.00150462
0.0229327
-0.000568592
-0.000568081
0.0229343
0.00189022
0.000641564
0.000625752
0.00217178
0.0125307
-0.00104952
-0.00158
0.0119258
0.00238271
-1.95853e-06
-6.61295e-07
0.00211569
0.0151759
-0.00211732
-0.0011044
0.0124871
0.0249416
-5.2462e-05
-0.0157364
0.0217961
4.79524e-05
-6.06702e-05
0.00119269
-1.39153e-06
0.00045031
-0.000751672
-0.00111745
0.00051818
0.00171716
-0.000997735
0.00014088
0.020543
0.003348
0.00320771
0.00294477
0.00266589
-1.59036e-05
-1.84282e-05
-2.56014e-05
-2.38169e-05
7.8117e-06
-8.97232e-05
0.000287681
1.14768e-05
0.0049309
-0.00246109
0.000147329
-0.00661556
-0.00152169
0.000212327
0.000215609
8.18704e-05
0.0121804
-0.00159008
-0.00101581
0.0124591
0.00211697
-2.00678e-06
-9.23175e-07
0.00235929
0.00801949
0.00200272
0.00189095
-0.0167908
0.000523314
0.000355311
0.000213998
0.00045337
-0.000552035
0.00490239
0.00414798
-0.00353711
1.1297e-05
1.36328e-05
-6.77671e-05
-9.12164e-06
-2.25581e-06
-1.11519e-06
-1.73682e-06
-2.2551e-06
4.00755e-05
-7.35901e-11
-7.41019e-11
3.96944e-05
-0.000166629
0.0014652
0.000514899
-0.000116178
0.00449238
-0.0114245
0.000143041
-0.00121142
-1.91189e-08
-2.33853e-07
5.71878e-07
-1.93802e-08
0.00388787
-0.00193261
-0.00279178
0.0025226
0.0133441
-0.00175586
-0.000595914
0.0119873
0.0468763
7.37056e-05
2.76433e-06
0.0412361
3.98427e-05
-0.0195808
-0.0195664
5.57388e-05
0.00705296
1.22202e-05
1.27005e-05
0.00712111
0.00182488
0.00053009
0.000530845
0.00182482
1.49867e-05
0.00227013
0.00227011
1.51204e-05
0.00200189
0.00886813
-0.0168398
0.00192108
0.000206597
0.000393447
0.00032675
5.76433e-05
-0.00363265
0.00418237
0.00490242
-0.000567751
1.36984e-05
1.08777e-05
-6.83324e-06
-6.78189e-05
-4.83639e-05
0.000515911
0.00146479
-0.000163798
-0.0112336
0.00449207
-0.00127935
0.000138726
0.01195
-0.000577554
-0.00171923
0.0134592
0.0412391
3.3726e-06
4.55667e-05
0.0468688
0.0290052
0.0834017
0.0119271
-0.00203006
0.0890335
0.000257004
-0.0016212
0.0868764
-2.6513e-06
-0.00204012
-0.00215307
3.05626e-05
0.00327819
0.00053752
0.0192591
0.0152834
0.0199438
0.00924131
0.00076462
0.0875119
0.00641742
-0.00137159
-0.000388406
-0.000159304
-6.77884e-05
-1.51171e-05
0.00501965
0.00472384
0.0887895
0.0912558
0.00497035
0.000860034
-0.00136184
0.00839805
0.000789946
0.00397097
0.0236622
-0.00261256
-0.00351907
0.0175444
-0.000843761
0.00761997
0.00181517
0.000550558
0.00737285
0.00160114
-0.0029306
-0.00201852
0.0066442
0.00266394
0.00189976
0.011347
0.00337124
0.0148731
0.00729055
0.000268335
-0.000783375
-0.00230454
-0.00100028
-0.0018136
0.0239761
0.0163876
0.008788
0.00331313
0.0287957
-0.00204289
0.0119258
0.0835256
0.00324204
0.0153895
0.0192902
0.000487026
-2.65456e-06
3.05407e-05
-0.00215442
-0.00203976
0.0890123
0.0868388
-0.0016221
0.000257878
0.00663479
0.0111603
0.00186765
0.00258178
0.0236509
0.00331256
0.00859846
0.016367
-0.000781737
-0.00176508
-0.0010651
-0.00229951
0.00372479
0.000190627
0.00722077
0.0146911
-0.00137781
0.00395675
0.000792846
0.00842587
0.00718304
-0.00193828
-0.00298316
0.0015616
-0.000836548
0.000506164
0.00169344
0.00764143
0.0236646
0.0175983
-0.00358113
-0.00267258
0.0197078
0.0873317
0.000607463
0.00903383
0.0887774
0.00085924
0.00496116
0.0912313
-6.76485e-05
0.00472329
0.00501963
-1.49926e-05
0.0062894
-0.000156865
-0.000378832
-0.00136786
0.00115258
-0.000207434
0.000494191
0.00080971
-0.000704165
3.76301e-05
-0.000359814
-0.000923045
2.80091e-05
-0.000777226
-0.00059492
2.23779e-05
0.00137261
0.00135617
0.000489379
0.000524214
0.00115419
0.000810008
0.000405124
-0.000245309
0.0013729
0.000488841
0.000408056
0.00135623
2.64246e-05
1.88684e-05
-0.000683446
-0.000820503
-0.000704446
-0.000963515
-0.000452894
3.41303e-05
-0.000281108
0.002039
0.00110202
0.0020509
-0.000677099
4.18966e-05
-0.00150229
-0.00143233
3.227e-05
-0.00100334
-0.00125235
3.60904e-05
0.00138219
0.0013949
0.000496396
0.000524908
-0.000288652
0.00204879
0.00130613
0.00219311
0.0013842
0.000574817
0.000646499
0.00139427
3.07285e-05
3.08807e-05
-0.00109929
-0.000947012
-0.000680472
-0.00127707
-0.00129726
3.51423e-05
0.02139
0.022863
0.00228232
0.00802436
0.023948
3.28287e-05
0.00158431
0.0149834
4.87406e-05
0.00165784
0.00197865
0.000224425
0.00739889
0.00722743
0.00210078
0.00163816
0.027558
0.0073743
-0.00112699
0.014182
0.00374178
0.00208879
0.00205312
5.44854e-05
4.63125e-05
-0.000281314
-0.0139801
-0.0211125
0.0252431
0.0203775
-0.00682632
-0.000199427
0.0275052
0.0141189
-0.00108246
0.0072099
0.0252552
-0.00018331
-0.00679777
0.0204495
4.65276e-05
-0.0211036
-0.0139749
-0.000288248
0.00374247
0.000104978
0.00205153
0.00209532
0.0214525
0.00802438
0.00232444
0.0228324
0.00737511
0.00162909
0.00209442
0.00720876
4.89082e-05
0.000224099
0.00197893
0.0016573
0.023604
0.0148929
0.00159831
5.95111e-05
0.0469775
0.0109238
0.0189702
0.0917403
0.0067403
0.0161338
0.0292256
0.00737734
0.0118333
-0.00898949
-0.0103393
-0.00717035
0.107001
0.0963736
0.00374346
-0.00724154
0.0211737
0.0175904
0.0106503
0.0147196
0.0121989
-0.00222171
-0.00512164
0.0190806
0.00766204
0.00689192
0.000997803
0.00612602
0.00839988
0.0126149
0.0245081
0.0243292
0.0209468
0.0142651
0.0103027
0.0176397
0.00834492
0.0242263
0.024354
0.0124828
0.00765554
0.00611288
0.000999602
0.0069872
0.012195
0.0191617
-0.00516804
-0.00224865
0.0470481
0.092306
0.0189968
0.0108875
0.106941
-0.00725118
0.00376358
0.0963941
0.0118327
-0.00717407
-0.0103187
-0.00899907
0.00673029
0.00736837
0.0286576
0.0158542
0.0556471
0.0592917
0.0120323
0.0123083
0.0619209
0.00368192
0.0117488
0.0612895
0.0101717
0.0101027
0.00199117
0.00203622
0.00888513
0.00178006
0.00196219
0.00958903
0.0804327
-0.016666
-0.0167359
0.0639856
0.00845766
0.00966201
0.00154937
0.00137085
0.0105599
0.00195406
0.00331163
0.0120701
0.0623677
0.0626895
-0.0156181
-0.013854
-0.000637318
-0.000323697
0.0113213
0.00939841
-0.00197782
0.0131096
0.0133999
-0.00157136
0.0093349
0.00979156
-0.0010745
-0.00108865
0.00783565
-0.000261909
-0.000574866
0.00861423
-0.00175552
0.00539074
0.00774496
-0.00222561
0.00909587
0.00943888
9.97136e-06
0.000199259
0.00955456
-0.000755888
-0.000426325
0.00960542
-0.00152604
-0.00177172
0.0105943
0.0130047
0.0562025
0.0122917
0.0120171
0.0597279
0.00880242
0.00953617
0.00195987
0.00177555
0.0100546
0.00205059
0.00199007
0.00984423
0.0659913
0.0630007
0.0117308
0.00474099
-0.00177408
-0.00222085
0.00772841
0.00537272
-0.00150974
0.0130118
0.010555
-0.00175616
0.00950039
0.00938406
-0.000415407
-0.00074169
0.00901783
0.000199641
1.68534e-05
0.00942324
-0.000684294
0.0096229
0.0115207
-0.000314972
0.00744306
0.00806692
-0.000497696
-0.000210905
0.00927314
-0.00115079
-0.00104424
0.0094652
-0.00196898
-0.00155613
0.0135895
0.014189
0.0784998
0.075229
-0.0167038
-0.0166758
0.0687298
-0.00947069
-0.0158753
0.0719033
0.0104359
0.0116555
0.00334567
0.00198041
0.00794414
0.00137629
0.00159511
0.00917381
-4.35577e-05
0.00053239
0.000462104
-1.94282e-05
4.31552e-05
-1.58948e-05
0.000598426
0.000695375
-3.04934e-05
0.000505392
0.000541236
-3.39605e-05
-9.16603e-05
-5.5486e-05
0.000390999
0.000319687
-0.000149599
-0.000134055
0.000325346
0.000404535
-0.000347271
0.000190592
0.000246124
-0.000217225
-2.48807e-05
-3.66996e-05
0.000413004
0.00039488
4.33407e-05
0.000578662
0.000474225
-1.7652e-05
-0.000857788
7.76135e-05
0.00013753
-0.000579991
-0.000936603
0.000723581
0.000611273
0.00180972
-2.24836e-05
0.000365802
0.000406973
-1.9401e-05
-0.00045468
-0.000544963
0.00013005
0.000114079
0.000847412
-0.000148358
0.000245575
0.000141649
-0.000123204
0.000248947
0.000294085
-0.000178543
-2.70148e-05
-2.58952e-05
0.000539704
0.000470079
-0.000904771
0.00186623
0.000709317
0.000714394
0.0109142
-0.00439069
0.0331912
0.0185161
-0.00414752
0.0448192
0.0467946
-0.00662792
-7.79798e-05
0.00719357
0.00650924
0.000213233
0.00188609
0.000743303
-8.4846e-05
9.86982e-05
3.30037e-05
0.0281251
0.0334038
0.000925198
0.000178072
0.00195788
0.00160938
-0.000322353
0.000107794
0.000341019
0.00101284
0.000575498
-0.00248536
-0.000979608
0.0388949
0.0417038
6.58612e-05
0.000956448
0.0334067
0.0281233
-0.0024884
0.0416951
0.0388922
-0.000966748
0.00010829
0.000575918
0.00101324
0.000341415
0.000178644
-0.000315251
0.00160937
0.00195796
0.0108604
0.0184695
0.0332236
-0.0043767
0.0018869
9.90663e-05
-6.74348e-05
0.000765524
-5.17053e-05
0.000255641
0.00654864
0.00721951
-0.00416184
-0.00661501
0.0468147
0.0448339
0.0391023
0.0735439
0.00247639
-0.0149923
0.0717302
3.47542e-05
0.00442519
0.0767216
0.000873223
0.0101316
0.00445809
5.66941e-05
0.00697286
0.000202913
0.00315904
-0.00552162
0.0350174
-0.00169837
0.0218732
0.0754752
0.00892399
0.0178316
0.0201394
0.00150581
0.00490885
0.00414793
0.000103313
0.00161144
0.0720607
0.0675922
4.87613e-05
0.00415438
0.0182742
0.0031103
0.00554283
0.0201751
-0.000320568
0.0121366
0.0101786
-0.000841264
0.0212861
0.0224016
-0.000479138
-0.00461104
0.0187482
0.0175603
0.00114697
-0.00884204
-0.00119971
0.00950053
0.00979292
-0.00100983
0.00680644
0.00562111
0.000158758
-0.0003816
0.0172212
-0.000131951
-0.000816129
-0.00579114
0.00076112
0.00154782
0.010576
0.0123822
0.0422862
-0.0150493
0.00250027
0.0685737
0.00651937
-0.00590196
0.0033462
0.000152501
0.000872942
5.37876e-05
0.00445616
0.00996213
0.0749468
0.0781381
0.00442481
3.43443e-05
-0.00119452
-0.000998247
0.0098651
0.00970961
0.000752146
0.0124387
0.0106428
0.00153243
0.0170592
-0.00595159
-0.000927377
-0.000176686
0.00646001
-0.000357739
0.000167706
0.00522288
0.0187692
0.0199936
0.00549027
0.00314687
0.0188574
-0.00869141
0.00115289
0.0175475
0.0212088
-0.00459319
-0.000484674
0.022434
-0.000800516
-0.000819707
0.0101295
0.0120614
0.0351887
0.0839043
0.0218144
-0.00159025
0.0789947
0.00415554
4.85437e-05
0.0756001
0.00490909
0.00159474
9.85987e-05
0.00414441
0.00892602
0.00155351
0.0201805
0.0181751
-0.00406847
-0.000373769
0.00457885
0.00429873
-5.49254e-05
0.00379607
0.00420888
-0.000519777
-5.4915e-06
4.40777e-06
-0.00185572
-0.00201079
-0.00148761
-0.00177251
-0.00138337
-5.09259e-06
-0.00977735
-0.00334357
0.00204633
-0.000418022
-0.00265576
1.01581e-06
-0.00344202
-0.00567283
-9.25014e-06
-0.00245805
-0.00289672
5.49677e-06
-8.9151e-05
-0.00057456
0.00237119
0.00307714
-0.00499944
0.00544524
-1.894e-05
-0.00227205
0.00041134
1.9116e-06
0.000562262
0.00186928
-4.3282e-06
0.000197439
0.000380468
-2.5409e-06
-0.0025
-0.00238142
-1.53872e-05
5.98202e-06
-0.0107646
-0.00343698
-2.73387e-05
0.00540587
-0.00211592
-6.95857e-06
3.06648e-06
-0.00277508
-1.02336e-06
2.40269e-06
0.000370887
0.00018932
0.000401012
0.00183956
0.000553211
3.28397e-06
8.67753e-06
0.0455382
0.0218417
0.0289641
0.0717703
0.00232604
0.00245256
0.0797407
1.50424e-09
1.49817e-05
1.49352e-05
-4.17686e-06
5.2209e-05
-0.000604512
0.00226573
0.00227013
0.0295106
0.00537299
0.02794
0.0570767
-0.00454377
0.0197181
0.0236415
0.000769705
6.38396e-09
-6.53168e-06
-0.000643457
-0.00059528
0.0638186
0.0582101
0.00205812
0.00219262
0.0295304
0.0568662
0.0280007
0.00538194
0.0638229
0.00219043
0.00205906
0.0581557
8.27886e-07
-0.000593834
-0.00064104
-3.08451e-06
-0.00454353
0.000982624
0.0236426
0.019719
6.71532e-06
0.0289849
0.021807
0.0455087
5.22513e-05
0.00227013
0.0022658
-0.000605077
1.58785e-06
-1.63077e-06
1.538e-05
1.54729e-05
0.0717224
0.0797989
0.00243316
0.00231141
0.0625878
0.110079
0.0140092
0.0137252
0.114451
0.00283736
0.0115241
0.119955
-0.00877851
0.00454965
-0.00262449
-0.0133776
0.0236346
0.0214697
-0.00427771
0.00504431
0.0625796
0.0139333
0.0139425
0.110061
0.0236974
0.00508929
-0.00415582
0.0216901
-0.0106673
-0.0152558
-0.00450965
0.00268028
0.114457
0.119911
0.0114922
0.00283245
0.0281646
0.0266864
0.00952802
0.0302339
0.012711
0.00544897
0.00519163
0.0233219
-0.00350616
-7.37658e-05
0.00480102
0.00211708
0.0333185
0.00452342
-0.0028944
0.00749274
0.0282553
0.030389
0.00963215
0.0267307
0.0336415
0.00760637
-0.00274121
0.00437999
-0.00351417
0.00209362
0.00483958
-1.54667e-05
0.0128689
0.0234746
0.00563028
0.00559261
