-0.605312
0.125
-1.875
-0.725
0.265
1.84533
-0.625
0.444419
-1.795
-0.765
0.675
1.81475
0.605
0.125
-1.8748
0.725
0.265
1.84533
0.625
0.444113
-1.795
0.765
0.675
1.81471
0.0826481
0.152774
0.155449
0.139697
0.0826398
0.15285
0.149759
0.138523
-0.0490565
0.0136523
0.0989177
0.146185
0.0490474
-0.0303654
-0.0812318
-0.0503706
0.0191079
0.105326
0.14764
0.0310123
-0.0479047
-0.0946124
-0.0326133
0.0394993
0.155239
0.149729
0.0301426
-0.0467283
-0.0915601
0.0699042
0.137741
0.209721
0.19628
0.109735
0.0377492
-0.0160316
-0.0642321
-0.00272494
0.0850194
0.148654
0.0308319
-0.0487793
-0.0963555
-0.0677644
-0.0693633
-0.111749
-0.0555536
-0.0687592
-0.109387
0.057912
0.128691
0.208611
0.193623
0.099459
0.0251227
-0.0279124
-0.0649504
-0.00311014
0.0847414
0.148554
0.0307514
-0.048962
-0.0966758
-0.0683747
-0.069497
-0.112047
-0.0563541
-0.068954
-0.109745
0.056146
0.126559
0.206197
0.191991
0.0985304
0.0244023
-0.0285911
-0.0509364
0.0119097
0.0974316
0.145514
0.0486708
-0.0308737
-0.0819642
-0.0522728
0.0169834
0.103099
0.146945
0.03077
-0.0483345
-0.0953102
-0.0350042
0.0362415
0.149278
0.14763
0.0295902
-0.0473201
-0.0923834
0.0663591
0.133607
0.205292
0.193147
0.107817
0.0362319
-0.0174466
-0.0138823
-0.0130221
0.0491157
0.0353999
0.0437862
0.112005
0.0744635
0.216504
0.116467
0.133675
-0.0140068
0.048963
0.0354121
0.11195
0.21677
0.133653
0.121271
0.184862
0.094423
0.203895
0.161559
0.14309
0.426507
0.386814
0.121591
0.179786
0.203827
0.137193
0.188523
0.18812
0.0594067
0.224641
0.19206
0.187132
0.183176
0.127993
0.500677
0.18339
0.18326
0.153242
0.196371
0.168503
-0.0550954
0.00602532
0.0229415
0.0243039
0.00114863
0.119097
0.0138681
0.0516762
0.137974
0.0133128
0.0951374
0.0873687
0.00620162
-0.0534133
0.0229614
0.00102944
0.0244061
0.119102
0.0517391
0.0135237
0.137676
0.0950568
0.0103519
0.0878279
0.0676609
0.0978101
0.168707
0.0890967
0.162727
0.134812
0.253126
0.155575
0.190926
0.186946
0.149356
0.409048
0.140603
0.191806
0.138652
0.386895
0.067691
0.0890959
0.0978065
0.16781
0.162727
0.155583
0.134814
0.25317
0.191617
0.409098
0.176614
0.143126
0.140429
0.38667
0.191661
0.138717
0.151394
0.154625
0.0161618
0.141812
0.189963
0.0584552
0.168778
0.121233
0.141487
0.189288
0.181473
0.13731
0.189328
0.192347
0.210846
0.257934
0.173188
0.139421
0.18407
0.271199
0.151598
0.154529
0.190409
0.0576658
0.168756
0.121912
0.18147
0.137323
0.210664
0.258176
0.184044
0.271316
0.128256
0.12268
0.196747
0.185988
0.0771309
0.111224
0.189831
0.206294
0.144774
0.163396
0.181521
0.456693
0.330283
0.485544
0.475402
0.263771
0.127395
0.122713
0.196251
0.180883
0.189209
0.206507
0.16909
0.456157
0.144125
0.194781
0.206776
0.162475
0.143933
0.162323
0.206089
0.194645
0.0320037
0.0315004
0.0749637
0.0749754
0.175856
0.318834
0.318706
0.176059
0.0676433
0.167862
0.168102
0.0676678
0.146369
0.108428
0.181252
0.184266
0.145779
0.172983
0.180948
0.108027
0.105862
0.105879
0.139148
0.139127
0.467485
0.429001
0.429466
0.467751
0.202232
0.166243
0.159442
0.199054
0.201877
0.199191
0.159336
0.166183
0.149694
0.14968
0.111396
0.117629
0.335936
0.203544
0.203578
0.335923
0.147858
0.148131
0.121788
0.121448
-0.0815492
-0.00795857
0.0139148
0.0116698
-0.0169759
0.0814767
0.0094639
0.0359496
0.0743411
0.0201515
0.051724
0.050051
-0.00796544
-0.0807729
0.0139231
-0.0171807
0.0112724
0.0805857
0.0358815
0.0091895
0.0741305
0.0517861
0.0203177
0.0502467
0.0785506
0.0902248
0.159639
0.0873069
0.157929
0.145851
0.251107
0.152309
0.165372
0.178443
0.152226
0.319125
0.140978
0.175919
0.137742
0.240671
0.0783738
0.0872995
0.0902148
0.159152
0.15792
0.152321
0.145829
0.251403
0.168232
0.320138
0.174183
0.14629
0.140272
0.240967
0.175778
0.13793
-0.0313778
0.0130463
0.0897564
0.077253
-0.0133663
-0.013353
0.00231138
0.119457
0.0403305
0.0583124
0.182391
0.0553513
0.0340874
0.0203176
0.111698
0.0652295
0.0254088
0.0225043
0.104445
0.182529
0.112203
0.11051
0.169012
0.136254
0.0631146
0.0631274
0.139979
0.143854
0.187717
0.21413
0.218514
0.26204
0.110859
0.110898
0.158289
0.16364
0.11554
0.138786
0.182953
0.229213
-0.0314627
0.0127391
0.0893209
0.0773044
0.0406573
0.058472
0.183277
0.0553372
0.0341239
0.0160069
0.111285
0.0666136
0.112331
0.110499
0.169041
0.136242
0.187735
0.214256
0.221
0.265567
0.115572
0.138187
0.182935
0.22948
0.108083
0.129595
0.109005
0.120152
0.179474
0.188627
0.194023
0.185535
0.0932127
0.0932117
0.0859922
0.102836
0.237511
0.198614
0.197291
0.205998
0.159816
0.15982
0.153161
0.168788
0.146154
0.140083
0.171158
0.287398
0.426259
0.425978
0.381188
0.461156
0.388398
0.388254
0.440226
0.332604
0.108079
0.129626
0.108767
0.120202
0.17838
0.177887
0.19426
0.17945
0.237725
0.198532
0.196874
0.205896
0.140104
0.134367
0.164289
0.285984
0.182672
0.185455
0.197623
0.190652
0.18254
0.185241
0.197941
0.190218
0.0496153
0.0587835
0.0587812
0.0682521
0.22428
0.230555
0.230375
0.275415
0.180257
0.167098
0.218306
0.17965
0.161272
0.18655
0.187019
0.186159
0.168089
0.181691
0.184167
0.17617
0.1267
0.119611
0.136386
0.126716
0.490464
0.510782
0.490566
0.490317
0.177877
0.187254
0.185163
0.194612
0.177789
0.18718
0.185127
0.194543
0.15309
0.156155
0.15615
0.154785
0.18349
0.1987
0.200099
0.243141
0.161756
0.204887
0.151988
0.161815
0.0811774
0.0152295
0.0206217
0.0356613
0.13974
0.0287109
0.095012
0.108204
0.0694457
0.0956989
0.152431
0.122389
0.0936077
0.136347
0.119695
0.121433
0.15959
0.177351
0.114008
0.060135
0.160519
0.138724
0.140083
0.171637
0.0204631
0.0355882
0.08076
0.0153617
0.138806
0.02869
0.0694568
0.0957647
0.0951887
0.108691
0.152529
0.122929
0.120315
0.122155
0.0931772
0.136334
0.159756
0.177524
0.161097
0.138317
0.113997
0.0624441
0.140486
0.17131
0.188883
0.0713718
0.132829
0.102073
0.186255
0.157383
0.0835546
0.0975099
0.19191
0.153575
0.0865669
0.136
0.156085
0.0846743
0.147351
0.167592
0.210614
0.284229
0.19937
0.185365
0.174748
0.303898
0.366803
0.442688
0.186321
0.27041
0.184453
0.195963
0.168976
0.251632
0.410178
0.365789
0.188989
0.0718048
0.0835514
0.0975173
0.132475
0.102096
0.185824
0.156617
0.191897
0.153425
0.147366
0.167584
0.0865577
0.136011
0.155075
0.08471
0.210481
0.284463
0.366789
0.442625
0.194744
0.174018
0.169497
0.303403
0.186196
0.275661
0.410589
0.365768
0.184227
0.196151
0.168699
0.252318
0.148535
0.158046
0.100279
0.180842
0.0179743
0.0179736
0.131388
0.131226
0.184375
0.189174
0.0496785
0.0664107
0.168857
0.164064
0.165583
0.121073
0.137159
0.13725
0.1876
0.187663
0.189965
0.173351
0.143208
0.140216
0.182472
0.182909
0.184968
0.184856
0.206658
0.199207
0.223134
0.274198
0.170964
0.171016
0.129912
0.129902
0.172134
0.192359
0.304853
0.238065
0.148049
0.158346
0.180778
0.101447
0.185219
0.189093
0.0496619
0.0663936
0.164046
0.168845
0.167558
0.121606
0.189745
0.173381
0.143144
0.140144
0.199145
0.206227
0.281863
0.223826
0.19228
0.172098
0.238101
0.30478
0.135012
0.123411
0.114271
0.130904
0.196211
0.202591
0.168795
0.187593
0.0761069
0.0761128
0.109952
0.10996
0.159995
0.186481
0.211967
0.202539
0.143265
0.143256
0.168334
0.168334
0.179912
0.182188
0.463353
0.444961
0.330163
0.329846
0.486557
0.486512
0.461606
0.461532
0.264355
0.264356
0.134767
0.122764
0.114296
0.130931
0.202616
0.195442
0.178607
0.175858
0.185919
0.162562
0.212067
0.203096
0.17077
0.169215
0.445415
0.461869
0.0711869
0.178512
0.179647
0.0866666
0.1895
0.190763
0.188359
0.183194
0.192171
0.213456
0.198496
0.19529
0.0927165
0.0944655
0.188543
0.207059
0.0752205
0.0862457
0.179611
0.178567
0.0925141
0.207039
0.188449
0.094017
0.192534
0.195579
0.199538
0.218665
0.19857
0.183211
0.188011
0.190296
0.0197701
0.0053603
0.0491424
0.044625
0.0197781
0.0443476
0.0491342
0.00537137
0.076206
0.0847842
0.0674299
0.0648896
0.0761909
0.0650209
0.0674385
0.084785
0.109221
0.230623
0.222711
0.129555
0.314466
0.380723
0.279041
0.26144
0.3141
0.262623
0.278692
0.380605
0.109452
0.130587
0.222847
0.233961
-0.0160334
0.0461445
0.156545
0.114697
0.0982222
0.138038
0.206911
0.13085
0.0983877
0.129415
0.206855
0.138425
-0.0158908
0.11494
0.155733
0.0462967
0.145951
0.120197
0.164054
0.174495
0.0604762
0.229542
0.16068
0.0980351
0.170683
0.169188
0.185491
0.19122
0.176424
0.188003
0.186656
0.172831
0.145432
0.179017
0.174262
0.119866
0.171725
0.166986
0.175614
0.176548
0.169951
0.190732
0.176917
0.162959
0.0604533
0.0978904
0.161957
0.229788
0.0955394
0.101586
0.118326
0.111619
0.0955418
0.111648
0.118338
0.101589
0.144166
0.151543
0.134993
0.128106
0.144155
0.128076
0.13498
0.151536
0.311869
0.295932
0.493235
0.461485
0.224052
0.439441
0.47807
0.273431
0.224335
0.274104
0.478253
0.439409
0.312173
0.461372
0.493158
0.294692
0.0147264
0.175091
0.199318
0.148795
0.0853353
0.106523
0.177661
0.162483
0.0968866
0.170687
0.175018
0.122157
0.183344
0.201841
0.19463
0.188582
0.0155953
0.143995
0.199254
0.175104
0.182979
0.188573
0.194557
0.201621
0.0961639
0.122221
0.174971
0.170697
0.0853162
0.162465
0.177502
0.106199
0.16443
0.167389
0.155353
0.143166
0.164439
0.143147
0.155351
0.167391
0.0602757
0.0999837
0.157695
0.138713
0.0603252
0.138667
0.1577
0.0999853
0.229047
0.251308
0.250513
0.334815
0.138671
0.15552
0.181446
0.202431
0.138278
0.203275
0.182341
0.155493
0.238436
0.334819
0.250526
0.253025
0.0590609
0.11889
0.198033
0.119836
0.059086
0.118536
0.197722
0.118378
0.0921687
0.159989
0.146152
0.0657365
0.0922349
0.0621071
0.146144
0.160109
-0.0810506
0.00134536
0.00937119
0.00630881
-0.00176168
0.0420276
0.00651245
0.0201406
0.0381458
0.0110078
0.0246338
0.0262579
0.00135286
-0.0809545
0.00937333
-0.000363643
0.00653663
0.0413836
0.0201175
0.00618409
0.0391229
0.0247061
0.0114285
0.026877
0.0815862
0.0864347
0.169749
0.0847658
0.154741
0.148073
0.231795
0.147253
0.15789
0.169321
0.153719
0.220619
0.14018
0.160493
0.138522
0.201428
0.0815914
0.0847571
0.0864251
0.168711
0.15456
0.149274
0.148117
0.231629
0.156
0.222942
0.16487
0.147974
0.13959
0.202191
0.159038
0.137768
-0.024545
0.00966521
0.0534811
0.0418605
-0.0131521
-0.0131484
-0.00459134
0.15061
0.0447848
0.0532889
0.174513
0.0527834
0.034578
0.0357319
0.0697482
0.0392259
0.041335
0.0412397
0.0745296
0.121233
0.109386
0.11198
0.164779
0.124547
0.0674457
0.0674359
0.108617
0.112497
0.20509
0.219512
0.223345
0.25791
0.114809
0.11434
0.148307
0.142593
0.126445
0.136667
0.172461
0.193464
-0.0247877
0.00994549
0.0532057
0.0428799
0.0446853
0.0535356
0.177721
0.0527703
0.0347355
0.0153183
0.0689671
0.0405774
0.109392
0.111925
0.164774
0.124781
0.205149
0.219704
0.226253
0.258737
0.126432
0.136588
0.172293
0.193709
0.115138
0.123205
0.127958
0.122875
0.184218
0.186711
0.187634
0.185054
0.0944023
0.0944019
0.0904206
0.0986426
0.226702
0.201226
0.199223
0.20458
0.161379
0.161381
0.157355
0.16166
0.144653
0.14162
0.159304
0.198597
0.427605
0.427547
0.404458
0.444849
0.389876
0.389869
0.426991
0.340713
0.113956
0.123198
0.12381
0.122872
0.182029
0.178809
0.186356
0.179537
0.226663
0.2012
0.199052
0.204524
0.138573
0.135782
0.155386
0.198615
0.183554
0.191273
0.193306
0.189395
0.183301
0.190942
0.193052
0.189036
0.0545006
0.059682
0.0596542
0.0638314
0.239192
0.228302
0.228276
0.257725
0.186872
0.179575
0.206748
0.187481
0.185344
0.187049
0.187137
0.186623
0.185771
0.182551
0.183631
0.179628
0.127983
0.123805
0.132192
0.127991
0.492011
0.505728
0.49562
0.492002
0.180494
0.18638
0.18569
0.188718
0.180339
0.186341
0.185649
0.188655
0.154036
0.154248
0.154244
0.154011
0.189927
0.196971
0.1983
0.239732
0.165954
0.187036
0.16018
0.165959
-0.0678543
-0.0427048
0.023426
-0.0162948
-0.0109287
-0.013549
0.0141763
0.025814
0.0184141
0.0314839
0.134545
0.0236405
0.0188088
0.0289525
0.0514279
0.071343
-0.00790222
0.00655929
0.0352833
0.050156
0.110106
0.115556
0.145918
0.125913
0.0111517
0.0144841
0.0567978
0.10619
0.0442263
0.0575864
0.087159
0.0952461
0.107474
0.165267
0.152206
0.166188
0.0111947
0.0178471
0.0796856
0.0301012
0.075572
0.104586
0.136757
0.117767
0.0704992
0.102552
0.123166
0.144001
-0.0109357
-0.0131594
0.0143351
0.022703
-0.0662934
-0.0419954
0.0243754
-0.0161215
0.018423
0.0315653
0.134169
0.0236439
-0.00800033
0.00648294
0.0351995
0.0504543
0.0167524
0.0289917
0.0508532
0.0653722
0.107517
0.115676
0.14602
0.125767
0.0443306
0.0576443
0.0872781
0.093543
0.0109325
0.0142072
0.0565539
0.106839
0.106403
0.165042
0.152388
0.166324
0.0755623
0.104672
0.137083
0.117685
0.00833429
0.0358802
0.0799744
0.0328375
0.0706037
0.102708
0.123236
0.143737
0.072324
0.0630985
0.18384
0.0706265
0.0940156
0.101612
0.183281
0.0997844
0.163648
0.174222
0.176264
0.162855
0.0940871
0.0932054
0.0878404
0.0933031
0.161106
0.164265
0.182114
0.142523
0.141605
0.133505
0.146676
0.134761
0.256304
0.245759
0.256342
0.247603
0.162201
0.15972
0.151463
0.159597
0.173737
0.20372
0.204679
0.237508
0.185333
0.188035
0.19152
0.186228
0.150938
0.147753
0.164492
0.208389
0.387568
0.421053
0.388304
0.426025
0.140845
0.140104
0.168137
0.2209
0.185929
0.195794
0.186983
0.194195
0.138197
0.138588
0.156999
0.181164
0.31826
0.41298
0.398642
0.38001
0.072138
0.0631335
0.185368
0.0706326
0.0940859
0.0932038
0.0878335
0.0933066
0.0940073
0.101606
0.182207
0.0997827
0.162967
0.17289
0.175241
0.162018
0.161157
0.16426
0.182242
0.14231
0.163069
0.159726
0.151475
0.159556
0.141597
0.133537
0.145468
0.13356
0.256295
0.246122
0.256454
0.24724
0.179901
0.203665
0.205638
0.237567
0.387521
0.420782
0.388172
0.425981
0.175098
0.176987
0.183477
0.175034
0.144614
0.141524
0.159903
0.209743
0.140247
0.138856
0.167785
0.221825
0.318497
0.412951
0.39868
0.380361
0.185825
0.195694
0.1868
0.194072
0.13839
0.133136
0.157047
0.181174
0.121644
0.172586
0.150583
0.154632
0.105888
0.170235
0.133375
0.170419
0.00922994
0.0230417
0.0164932
0.0164801
0.128301
0.154625
0.138441
0.138597
0.181111
0.186881
0.184414
0.189403
0.0588553
0.0590666
0.0539738
0.0623855
0.153566
0.173457
0.166522
0.166427
0.0931714
0.156059
0.123421
0.121249
0.132441
0.147279
0.141456
0.141459
0.181983
0.130452
0.153881
0.158431
0.177821
0.188769
0.186554
0.176731
0.146507
0.157458
0.14223
0.144783
0.167028
0.208855
0.186186
0.18643
0.1686
0.210561
0.189441
0.189139
0.21462
0.206433
0.208761
0.202658
0.261008
0.228454
0.241145
0.251009
0.167931
0.177322
0.172292
0.172514
0.179996
0.143655
0.132896
0.132891
0.183515
0.184619
0.178137
0.188251
0.255479
0.228229
0.288189
0.254552
0.121135
0.172602
0.150392
0.154961
0.106004
0.170132
0.170339
0.132162
0.182416
0.187318
0.184911
0.189478
0.0595791
0.0590632
0.0531992
0.0622792
0.153419
0.173427
0.166406
0.166492
0.0945096
0.155562
0.123654
0.12185
0.177851
0.188693
0.186482
0.176621
0.146504
0.157452
0.142162
0.144674
0.214548
0.206292
0.202563
0.20845
0.264647
0.228612
0.251225
0.244891
0.183495
0.184588
0.188209
0.178118
0.255809
0.232526
0.254596
0.288422
0.118608
0.147126
0.131352
0.126312
0.129958
0.126746
0.118475
0.126792
0.194073
0.19199
0.195921
0.198748
0.185798
0.186346
0.185363
0.187323
0.0815599
0.0726752
0.0772182
0.0772211
0.10703
0.115417
0.111192
0.111196
0.193702
0.187316
0.18868
0.18836
0.206801
0.200477
0.209999
0.204495
0.148967
0.14058
0.144686
0.144681
0.168906
0.162584
0.163778
0.163777
0.177941
0.184287
0.180626
0.182022
0.374
0.484146
0.460041
0.451229
0.356726
0.30354
0.331232
0.331003
0.475314
0.515836
0.486721
0.486716
0.452418
0.485512
0.464613
0.464598
0.324494
0.256216
0.264953
0.264941
0.118255
0.146871
0.130396
0.125552
0.13005
0.12677
0.118505
0.126822
0.193528
0.191511
0.198269
0.195313
0.179975
0.181255
0.183947
0.178017
0.193203
0.185096
0.18773
0.188712
0.206699
0.200397
0.210134
0.204886
0.166473
0.172588
0.169924
0.169592
0.372738
0.483885
0.451862
0.458548
0.115814
0.144254
0.145936
0.166562
0.190362
0.189821
0.188944
0.192808
0.212094
0.204868
0.204678
0.204813
0.128703
0.165084
0.161303
0.188383
0.115511
0.143464
0.14554
0.166646
0.128676
0.164659
0.160858
0.188501
0.211781
0.204019
0.208351
0.204217
0.19051
0.18965
0.188851
0.192578
0.0262286
0.0246056
0.0201525
0.0403551
0.0260146
0.0245709
0.0200344
0.0400921
0.0771908
0.0792609
0.0706711
0.0762466
0.0771765
0.0792622
0.0706854
0.0762556
0.151619
0.180992
0.17911
0.200338
0.30471
0.343105
0.29649
0.326874
0.304878
0.342786
0.296473
0.326718
0.151818
0.180594
0.179511
0.200288
0.0422235
0.0515879
0.0833103
0.119592
0.154966
0.147062
0.180152
0.179184
0.147622
0.154916
0.179251
0.181497
0.0515961
0.0428491
0.119574
0.0832942
0.140919
0.151962
0.140779
0.159345
0.0951139
0.0995601
0.120024
0.130096
0.182686
0.175981
0.184843
0.178995
0.185206
0.181964
0.186241
0.183491
0.140271
0.151224
0.14026
0.158491
0.173007
0.171054
0.174207
0.171804
0.182401
0.175747
0.184311
0.169383
0.0948437
0.105846
0.119505
0.129094
0.112486
0.101658
0.110067
0.109975
0.10167
0.112503
0.109987
0.110087
0.143257
0.146558
0.143257
0.135039
0.146461
0.143239
0.135015
0.143242
0.392307
0.456663
0.465864
0.482116
0.337531
0.419787
0.437625
0.4575
0.420385
0.338115
0.457716
0.437828
0.456641
0.390258
0.482023
0.46434
0.195834
0.131165
0.195228
0.208777
0.148695
0.158539
0.164567
0.165679
0.139787
0.156199
0.161705
0.165883
0.195406
0.197496
0.196457
0.202026
0.195776
0.131187
0.195157
0.208609
0.19553
0.197837
0.196358
0.201834
0.139722
0.156087
0.16169
0.165867
0.148631
0.15848
0.16454
0.165624
0.176971
0.168382
0.148656
0.168984
0.176988
0.168385
0.148612
0.168985
0.0949486
0.131785
0.121015
0.128858
0.0949881
0.13177
0.120865
0.132661
0.310163
0.350622
0.321642
0.314412
0.185251
0.191634
0.166684
0.221487
0.185481
0.191608
0.166817
0.221529
0.311616
0.35085
0.321639
0.31443
0.128238
0.143878
0.155288
0.167729
0.143904
0.12858
0.167958
0.157797
0.144103
0.092649
0.152301
0.12167
0.0909804
0.144058
0.121233
0.152339
-0.00102053
-0.0471
0.0136556
-0.024074
0.0875408
0.0150167
0.0399514
0.0635097
0.0215393
0.0202207
0.0876767
0.0839168
0.0536569
0.0748011
0.0734798
0.0744231
0.0881824
0.099215
0.0647781
0.0482586
0.120903
0.0722502
0.0792383
0.111765
0.0136552
-0.023944
-0.00130477
-0.047219
0.0872473
0.0147235
0.0215521
0.0202188
0.0380055
0.0636923
0.0876
0.0838799
0.0736709
0.0745681
0.0532353
0.074737
0.0883299
0.0993371
0.120541
0.0722511
0.0643277
0.0481697
0.0788004
0.111611
0.154011
0.0770798
0.175912
0.0921362
0.16614
0.153167
0.0806056
0.0921698
0.158929
0.159024
0.150636
0.146518
0.2228
0.246069
0.145176
0.150624
0.183361
0.230952
0.183414
0.177297
0.167284
0.214425
0.320422
0.315747
0.163908
0.208269
0.17215
0.179741
0.156536
0.187788
0.248906
0.236342
0.15343
0.0770765
0.0806151
0.0921611
0.174852
0.0921304
0.179479
0.152635
0.158702
0.159403
0.145188
0.150632
0.149517
0.146495
0.223245
0.246182
0.183218
0.230757
0.320264
0.316386
0.18233
0.172854
0.161868
0.21612
0.162926
0.208592
0.249257
0.243591
0.172043
0.179652
0.156685
0.187467
0.0484334
0.0141091
0.0575783
0.0724079
0.0884226
0.0921515
0.0616906
0.094283
-0.00228676
0.143301
-0.00227648
0.143778
0.00308244
0.0030813
0.119755
0.119797
0.172215
0.0434228
0.178557
0.0616972
0.178545
0.182874
0.0491306
0.059777
0.0656486
0.0781423
0.0867893
0.0344834
0.10879
0.115252
0.0652702
0.0636168
0.0646372
0.0758329
0.0625641
0.0732346
0.102267
0.102308
0.179743
0.177013
0.156214
0.132797
0.167278
0.128092
0.174614
0.164337
0.140919
0.137701
0.0981641
0.106948
0.0982166
0.107
0.135035
0.135505
0.141677
0.141823
0.211021
0.229009
0.220463
0.258687
0.215977
0.21072
0.250589
0.265751
0.144601
0.138827
0.144605
0.138774
0.15704
0.157117
0.163212
0.163278
0.157162
0.171042
0.17393
0.209647
0.17686
0.186689
0.240161
0.215368
0.0480839
0.0141837
0.0572274
0.0721706
0.0879864
0.0917269
0.0941263
0.0618513
0.171831
0.0434647
0.178864
0.0617166
0.17856
0.182902
0.0486064
0.0594535
0.0656235
0.0762869
0.0868975
0.0382171
0.116505
0.108184
0.0659125
0.0667866
0.15632
0.132847
0.167263
0.128192
0.174559
0.164301
0.140893
0.137749
0.21141
0.22956
0.22068
0.259316
0.210709
0.21974
0.266442
0.252728
0.15735
0.171087
0.173935
0.210526
0.186668
0.176867
0.216578
0.242121
0.189852
0.107923
0.136555
0.130347
0.114875
0.103658
0.115886
0.124114
0.1837
0.176925
0.192082
0.188393
0.195288
0.194634
0.184884
0.187121
0.0891191
0.0973992
0.0891165
0.0974003
0.0860087
0.0860083
0.102797
0.102799
0.234494
0.230211
0.193799
0.200184
0.215069
0.19433
0.218836
0.203981
0.155676
0.160204
0.155681
0.160206
0.153034
0.15303
0.164422
0.164422
0.162039
0.20371
0.156288
0.191382
0.169804
0.171928
0.291963
0.280418
0.403892
0.44454
0.403728
0.444268
0.381962
0.38196
0.462893
0.46284
0.421666
0.343086
0.422945
0.343088
0.441056
0.441034
0.33482
0.334804
0.18894
0.107932
0.134866
0.130473
0.114603
0.103445
0.115925
0.124154
0.184293
0.178987
0.185221
0.177249
0.194898
0.195471
0.18275
0.17784
0.234517
0.229178
0.193646
0.200101
0.193783
0.215631
0.21873
0.203836
0.157661
0.20418
0.153459
0.191813
0.165372
0.16402
0.280033
0.290339
0.183351
0.185671
0.180532
0.187169
0.1984
0.191329
0.190778
0.194175
0.18266
0.185548
0.180432
0.186861
0.191269
0.199507
0.193825
0.190526
0.0499686
0.0499183
0.0539572
0.0631147
0.0539473
0.0631047
0.0684186
0.0684345
0.224404
0.224473
0.240246
0.253569
0.257825
0.24036
0.277498
0.277565
0.168428
0.194873
0.163114
0.163719
0.214031
0.213984
0.194701
0.167497
0.16274
0.160726
0.184519
0.186831
0.184434
0.186175
0.185873
0.186548
0.170955
0.16521
0.184174
0.178522
0.180461
0.184236
0.176071
0.176669
0.122513
0.13084
0.119588
0.119594
0.136339
0.136332
0.122527
0.130855
0.493429
0.485634
0.495227
0.495219
0.480799
0.480897
0.485687
0.493311
0.176198
0.176446
0.193154
0.182137
0.180122
0.18993
0.198012
0.195748
0.176395
0.176168
0.193098
0.182074
0.189882
0.180094
0.197962
0.195679
0.155497
0.155499
0.155751
0.157115
0.155748
0.157111
0.154659
0.154657
0.182521
0.183434
0.243512
0.189557
0.191344
0.243591
0.250038
0.250034
0.16777
0.153767
0.199658
0.157255
0.149442
0.149438
0.168218
0.153774
0.076872
0.0844468
-0.000451454
0.0306193
0.0162972
0.00819346
0.0109567
0.103574
0.115904
0.159804
0.0242753
0.0385537
0.0878343
0.102973
0.105029
0.115613
0.0673745
0.0738374
0.0776258
0.109889
0.134553
0.159923
0.0983453
0.139021
0.0934566
0.0943415
0.120313
0.145429
0.11593
0.124538
0.111212
0.132821
0.127585
0.191208
0.143696
0.20896
0.106882
0.117853
0.0706562
0.0610458
0.157446
0.151087
0.116228
0.152816
0.119379
0.163486
0.156109
0.1874
0.0163139
0.00791662
0.0112463
0.103134
0.076393
0.0841373
-0.000286253
0.0307539
0.115522
0.16007
0.0242414
0.0387584
0.0673244
0.0739489
0.0776934
0.109679
0.0877835
0.103068
0.105038
0.115687
0.134485
0.159985
0.0983119
0.139017
0.1159
0.125604
0.111467
0.132982
0.0931408
0.0939305
0.120461
0.145024
0.126339
0.190896
0.143587
0.20909
0.15746
0.150911
0.117532
0.152734
0.1069
0.118713
0.0705743
0.0648133
0.118538
0.163772
0.155694
0.18698
0.194451
0.183589
0.0754124
0.0693738
0.13962
0.126165
0.10025
0.105079
0.196196
0.192439
0.152022
0.165949
0.0856082
0.0848637
0.103917
0.101593
0.110478
0.185629
0.166794
0.149902
0.0731469
0.092175
0.137225
0.129339
0.110037
0.235764
0.0540888
0.0704902
0.154647
0.151472
0.172493
0.167692
0.200624
0.212492
0.306788
0.263296
0.199446
0.198024
0.183187
0.186852
0.17563
0.173616
0.307877
0.299918
0.350465
0.375694
0.398382
0.455876
0.18489
0.187343
0.278208
0.262538
0.178728
0.18844
0.192487
0.199572
0.170078
0.167756
0.238117
0.278813
0.298695
0.437749
0.333021
0.319131
0.19646
0.183724
0.0754321
0.0691279
0.0856332
0.0848615
0.103922
0.101598
0.139212
0.125818
0.100065
0.107484
0.196946
0.192013
0.151347
0.163735
0.11084
0.185684
0.166802
0.149693
0.155037
0.151483
0.174198
0.167696
0.0731483
0.0920894
0.137235
0.129359
0.105197
0.235716
0.0543535
0.070519
0.200701
0.218215
0.307054
0.263449
0.351111
0.375844
0.399026
0.455828
0.195362
0.19762
0.17277
0.175281
0.170223
0.168259
0.307753
0.299048
0.184103
0.187821
0.279407
0.264413
0.299132
0.437885
0.333305
0.313558
0.178554
0.18793
0.192654
0.199338
0.169092
0.161649
0.238337
0.267166
0.173172
0.118584
0.127005
0.181981
0.0738564
0.145217
0.196885
0.162122
0.0116616
0.023093
0.0231078
0.0116668
0.144094
0.11841
0.118269
0.143942
0.175865
0.182155
0.186292
0.183769
0.049476
0.0488453
0.0683817
0.0676526
0.151738
0.174251
0.169677
0.15013
0.185705
0.143377
0.0916066
0.155338
0.123824
0.145712
0.145805
0.123899
0.175196
0.193565
0.193155
0.175933
0.184363
0.197384
0.176518
0.165853
0.156331
0.151557
0.149483
0.158612
0.205041
0.159517
0.159692
0.205144
0.163047
0.200209
0.200812
0.163309
0.209759
0.203417
0.19358
0.203432
0.229337
0.221166
0.278818
0.263919
0.165461
0.176691
0.176732
0.165424
0.17642
0.13833
0.138279
0.176078
0.171414
0.173577
0.193494
0.191356
0.283275
0.245985
0.180753
0.225017
0.118096
0.173279
0.181863
0.12651
0.161841
0.196874
0.145118
0.0744053
0.182679
0.177088
0.184104
0.186326
0.0491966
0.0494636
0.0676396
0.0685596
0.150994
0.169653
0.174234
0.151562
0.145451
0.185505
0.153545
0.0936703
0.197323
0.184449
0.165916
0.176527
0.151552
0.156328
0.158605
0.149313
0.203294
0.196189
0.203042
0.209523
0.264087
0.279163
0.221343
0.231989
0.191289
0.193418
0.173536
0.171401
0.226246
0.181331
0.24603
0.284814
0.129707
0.153492
0.140663
0.107242
0.118363
0.121255
0.138146
0.134994
0.19203
0.189653
0.198499
0.197475
0.166106
0.171613
0.187903
0.187059
0.0804462
0.0717568
0.0717641
0.0804472
0.105766
0.114139
0.114149
0.105771
0.156689
0.163288
0.185056
0.188927
0.20563
0.132668
0.20303
0.199322
0.147404
0.139127
0.139115
0.147396
0.167828
0.168746
0.168745
0.16783
0.176422
0.183217
0.18444
0.18004
0.383866
0.487176
0.473653
0.362324
0.356067
0.305137
0.30465
0.355619
0.491504
0.476078
0.475937
0.491477
0.45124
0.47055
0.470634
0.451094
0.257629
0.326476
0.326476
0.257636
0.152115
0.129229
0.107005
0.140763
0.121285
0.118381
0.135014
0.138414
0.19691
0.202146
0.18912
0.191468
0.179218
0.177456
0.175498
0.175946
0.188337
0.177786
0.162628
0.156904
0.13266
0.205581
0.199237
0.202822
0.168931
0.172708
0.173029
0.165586
0.360224
0.473724
0.487114
0.380391
0.0509326
0.112523
0.115302
0.00637006
0.172314
0.176375
0.161249
0.154459
0.185682
0.173085
0.166564
0.181837
0.0514367
0.0450815
0.117172
0.120788
0.158203
0.169789
0.191689
0.186644
0.187483
0.194554
0.190422
0.181057
0.190904
0.186737
0.187532
0.190706
0.178057
0.178279
0.184767
0.181691
0.174567
0.192276
0.206764
0.190665
0.222548
0.212199
0.207451
0.216012
0.193685
0.194676
0.202042
0.204928
0.18975
0.192473
0.19918
0.195626
0.0524348
0.0554836
0.130302
0.121324
0.0556744
0.124318
0.128568
0.0571331
0.187733
0.199249
0.184299
0.179048
0.217822
0.182834
0.196913
0.206886
0.0510466
0.00591505
0.116323
0.112107
0.0511286
0.120275
0.116802
0.0446854
0.185511
0.182468
0.168399
0.172879
0.172028
0.155303
0.165058
0.177528
0.0520622
0.120407
0.129832
0.0552139
0.218054
0.206777
0.195365
0.183001
0.187566
0.178709
0.184361
0.199139
0.0553592
0.0571526
0.128145
0.123806
0.171627
0.183446
0.206371
0.19219
0.185969
0.19501
0.202478
0.184605
0.193403
0.20467
0.205818
0.195408
0.223625
0.216686
0.211024
0.212044
0.157479
0.188947
0.192426
0.16923
0.178077
0.182656
0.184915
0.179943
0.190704
0.190201
0.18736
0.186864
0.186373
0.179956
0.190158
0.193732
0.00866532
0.0113283
0.020445
0.0191822
-0.00427551
0.00978059
0.0137553
-1.80906e-05
0.0548162
0.0542666
0.0311733
0.0230272
0.0480973
0.0335607
0.0372852
0.0545665
0.00865528
0.0191888
0.0204491
0.0113487
0.0481028
0.0542787
0.0382571
0.0335905
0.0547748
0.0230255
0.0264195
0.0542517
-0.00427447
-1.17626e-05
0.0137082
0.0097741
0.0809935
0.090273
0.0814587
0.0749596
0.0904
0.0816123
0.0805556
0.0891622
0.0640372
0.0633495
0.0719316
0.0728024
0.0572275
0.0661711
0.0727056
0.0640014
0.0809815
0.0749616
0.0814205
0.0902778
0.0572345
0.0639907
0.0725952
0.0661581
0.0640614
0.07281
0.0719425
0.0633644
0.0904012
0.0891661
0.0805571
0.0816127
0.0610245
0.13258
0.147865
0.0819729
0.245388
0.247713
0.207735
0.198943
0.240353
0.207351
0.202671
0.237923
0.103672
0.0927014
0.155691
0.16343
0.23029
0.370818
0.326731
0.233624
0.405407
0.357405
0.3517
0.39812
0.251079
0.253246
0.303462
0.305079
0.261982
0.24842
0.284254
0.262284
0.230038
0.233427
0.327672
0.370861
0.26275
0.264818
0.28458
0.248718
0.25691
0.30509
0.303422
0.253462
0.405391
0.398845
0.351437
0.357198
0.0611228
0.0821177
0.148077
0.132248
0.103756
0.163496
0.155859
0.0927844
0.24042
0.238095
0.202818
0.207286
0.247102
0.198861
0.208271
0.251683
-0.0536372
-0.0318353
0.0265758
0.0033122
0.0282603
0.0898654
0.0579675
-0.000968925
0.174928
0.151238
0.132765
0.15771
0.148578
0.139532
0.106885
0.125198
0.0519045
0.0851047
0.135464
0.0934425
0.110117
0.166477
0.158504
0.105073
0.202069
0.185133
0.193949
0.205742
0.0556436
0.110041
0.167282
0.127898
0.052117
0.0934843
0.135672
0.0851612
0.0562092
0.128145
0.167172
0.110192
0.202027
0.206365
0.193915
0.185062
0.109837
0.102617
0.158494
0.166612
-0.0502671
0.00357909
0.0270426
-0.0316139
0.148532
0.12547
0.106813
0.140103
0.17571
0.157601
0.132722
0.15133
0.0288904
-0.000917531
0.0586071
0.090207
0.1724
0.117289
0.146719
0.157917
0.192809
0.124268
0.135508
0.186529
0.185568
0.185273
0.156609
0.150509
0.184458
0.16943
0.16238
0.184862
0.227471
0.254736
0.0796284
0.146488
0.22283
0.204958
0.122031
0.243834
0.18416
0.143893
0.136041
0.184623
0.1314
0.139685
0.104523
0.112923
0.157439
0.156747
0.177517
0.181501
0.157883
0.177322
0.175446
0.155091
0.186392
0.18605
0.182555
0.183839
0.196487
0.190963
0.186556
0.191397
0.168655
0.184394
0.182504
0.165901
0.1868
0.187282
0.186745
0.187479
0.186863
0.184769
0.185498
0.187103
0.160625
0.163075
0.181023
0.178658
0.172129
0.157184
0.146008
0.178357
0.182419
0.182881
0.160544
0.167805
0.184981
0.149082
0.155641
0.184237
0.191886
0.185588
0.135038
0.12376
0.163127
0.161049
0.171609
0.173922
0.156661
0.167746
0.169904
0.158782
0.179139
0.178256
0.173554
0.172913
0.178359
0.17614
0.174466
0.177381
0.156786
0.181325
0.177291
0.157181
0.196346
0.190676
0.185931
0.190791
0.180111
0.172949
0.173894
0.181257
0.154542
0.152421
0.165474
0.166218
0.227224
0.145497
0.0793301
0.254645
0.129375
0.112797
0.104287
0.138169
0.185622
0.18362
0.135564
0.143855
0.2228
0.243729
0.12132
0.205685
0.0883159
0.0996301
0.108204
0.0959598
0.0985997
0.106995
0.105783
0.0973994
0.123785
0.122558
0.114169
0.11539
0.114001
0.103853
0.116867
0.125605
0.0883088
0.0959558
0.108212
0.099631
0.113735
0.125689
0.116896
0.103856
0.123792
0.115395
0.114184
0.122579
0.0986004
0.0974009
0.105791
0.106997
0.143183
0.159045
0.150897
0.139769
0.157207
0.14886
0.147362
0.155604
0.132165
0.130892
0.139135
0.140512
0.126726
0.127854
0.142485
0.134206
0.143002
0.139773
0.150433
0.158793
0.126647
0.134139
0.142251
0.127712
0.132158
0.140507
0.139118
0.13087
0.157205
0.155596
0.147349
0.148855
0.217394
0.2122
0.395699
0.393933
0.201648
0.378933
0.388738
0.20763
0.49498
0.492675
0.486374
0.48682
0.446252
0.438925
0.471324
0.476173
0.196886
0.327562
0.320209
0.183748
0.42371
0.453345
0.447981
0.425928
0.487507
0.479483
0.466025
0.473935
0.195462
0.185729
0.358856
0.366751
0.196913
0.183427
0.320652
0.327859
0.19685
0.366509
0.353414
0.185393
0.487594
0.474015
0.466105
0.479675
0.423707
0.42588
0.448164
0.453455
0.219596
0.395523
0.395982
0.213621
0.445843
0.475865
0.471216
0.43844
0.494949
0.487005
0.486274
0.49302
0.202107
0.207824
0.384529
0.376581
0.221512
0.0983817
0.121074
0.237035
0.168042
0.180891
0.191467
0.173724
0.192214
0.203784
0.202791
0.192349
0.222436
0.246605
0.134759
0.213568
0.0411258
0.0455351
0.138454
0.128117
0.0682051
0.155216
0.154692
0.0593236
0.181297
0.182987
0.170057
0.171284
0.161501
0.151352
0.157398
0.171662
0.049352
0.103124
0.132073
0.0737749
0.16704
0.177502
0.165074
0.141874
0.181097
0.171569
0.16778
0.179132
0.0693687
0.0838163
0.144617
0.155113
0.162549
0.189268
0.194007
0.166553
0.202432
0.20495
0.20084
0.197838
0.190751
0.189092
0.197795
0.200739
0.173957
0.171485
0.196736
0.187474
0.221436
0.236754
0.121191
0.0984787
0.222446
0.21342
0.134733
0.246193
0.19217
0.192295
0.202732
0.20373
0.168023
0.173568
0.19139
0.180855
0.161705
0.165112
0.194437
0.189147
0.173926
0.187442
0.196681
0.169772
0.1907
0.200661
0.197703
0.189047
0.202395
0.197739
0.20058
0.204814
0.0496895
0.0730997
0.132145
0.102805
0.0686344
0.155258
0.14571
0.0843411
0.181063
0.179108
0.16776
0.171542
0.166927
0.142955
0.165086
0.177496
0.0412755
0.12567
0.138585
0.0444883
0.161539
0.171677
0.157366
0.151477
0.181263
0.171247
0.170033
0.182992
0.0677203
0.0589995
0.154686
0.155177
0.152086
0.165345
0.174468
0.164523
0.160164
0.164243
0.168305
0.160334
0.154451
0.156892
0.16956
0.163551
0.12468
0.149637
0.177465
0.152324
0.152945
0.164546
0.175406
0.166681
0.124682
0.152316
0.1775
0.149528
0.154448
0.163549
0.169559
0.156887
0.160166
0.160338
0.168307
0.164243
0.0477246
0.0304421
0.098101
0.109479
0.0721117
0.131423
0.102892
0.0398072
0.155102
0.158049
0.132693
0.147585
0.130882
0.135234
0.139353
0.148892
0.0478175
0.115753
0.0981183
0.0304518
0.130869
0.1491
0.139403
0.135195
0.155105
0.147591
0.132514
0.158055
0.0721957
0.0398195
0.103007
0.131463
0.209053
0.197311
0.321172
0.312734
0.202472
0.26916
0.298091
0.215967
0.24245
0.257688
0.252675
0.239209
0.343473
0.390078
0.322602
0.326187
0.0934472
0.139713
0.175063
0.129091
0.146336
0.166956
0.160843
0.140077
0.189707
0.19064
0.173366
0.17746
0.182269
0.158497
0.209098
0.239842
0.0932675
0.128915
0.174913
0.139678
0.182244
0.241059
0.208783
0.158707
0.191083
0.177497
0.173406
0.191071
0.147082
0.140074
0.160775
0.166978
0.20919
0.311898
0.322521
0.199114
0.343454
0.326172
0.322675
0.389622
0.242513
0.239349
0.252763
0.257681
0.202968
0.217469
0.298509
0.270955
0.0540275
0.0345618
0.124469
0.0684475
0.126538
0.152088
0.160313
0.0561396
0.191421
0.156718
0.176437
0.187676
0.0394508
0.0744162
0.13556
0.0942637
0.0539871
0.0641891
0.124498
0.0346586
0.0401105
0.0948616
0.138017
0.0721291
0.194683
0.191504
0.177632
0.156535
0.127229
0.0570786
0.160368
0.145992
0.0439992
0.0976433
0.109012
0.0318766
0.142106
0.180036
0.166234
0.132328
0.15757
0.154591
0.152441
0.141173
0.039433
0.0363333
0.0934005
0.0943481
0.0439645
0.03151
0.109116
0.0976473
0.0364704
0.0921242
0.0913322
0.0326602
0.157567
0.141169
0.153848
0.1565
0.142106
0.132186
0.166072
0.18013
