-0.705
0.295
-2.05914
-0.715
0.405
2.13201
-0.715
0.715
-1.94421
-0.705
1.015
2.03745
0.705
0.295
-2.05918
0.715
0.405
2.13203
0.715
0.715
-1.94415
0.705
1.015
2.03738
0.129867
0.142358
0.114664
0.0923897
0.129728
0.142422
0.11443
0.0922894
-0.0169042
0.0494064
0.153863
0.164422
0.0609166
-0.00837447
-0.0495853
-0.0386585
0.0252715
0.136397
0.145653
0.0347245
-0.0333621
-0.072145
-0.0460484
0.0187057
0.117484
0.107327
0.0194397
-0.0476698
-0.0897319
-0.00795073
0.0483162
0.101159
0.0891329
0.0274302
-0.0271882
-0.072073
-0.0337928
0.0313018
0.149376
0.161742
0.0388126
-0.0280247
-0.0644524
-0.0563729
-0.0545133
-0.0879464
-0.0613493
-0.0643723
-0.103912
-0.0151329
0.0435683
0.100209
0.085736
0.0198709
-0.0360123
-0.0805862
-0.0338426
0.0312544
0.149277
0.161758
0.0388193
-0.0280293
-0.0644665
-0.0564095
-0.054517
-0.0879595
-0.0613897
-0.0643817
-0.103931
-0.0152219
0.043464
0.100088
0.0856434
0.0198148
-0.0360547
-0.0806251
-0.0170289
0.049265
0.153679
0.164387
0.0609175
-0.00839112
-0.0496192
-0.0387708
0.0251404
0.136169
0.145624
0.0347344
-0.0333753
-0.0721773
-0.0461703
0.018554
0.117177
0.107184
0.0194161
-0.0476977
-0.0897742
-0.00813206
0.0481093
0.100931
0.0889549
0.0273161
-0.0272767
-0.072154
0.0583162
0.0606785
0.103854
-0.00107227
0.0446079
0.0844666
0.0682292
0.108229
0.100931
0.0861361
0.0584892
0.103924
-0.000579041
0.0844793
0.109081
0.0856633
0.142934
0.213866
0.16751
0.213515
0.199886
0.10628
0.446502
0.565517
0.14216
0.21388
0.213388
0.106463
0.172985
0.172083
0.113358
0.150245
0.289757
0.22239
0.222412
0.187292
0.597917
0.185881
0.185867
0.136417
0.32108
0.0924334
0.0253381
0.0573041
0.0865506
0.0639855
0.0450604
0.0882888
0.0334876
0.0545338
0.0829095
0.0223735
0.0860079
0.0575898
0.0573044
0.0254348
0.0868502
0.0449555
0.0640747
0.08858
0.0545227
0.0327718
0.0829691
0.08598
0.0217881
0.058197
0.122237
0.137855
0.180666
0.166992
0.08778
0.143173
0.190015
0.20286
0.112604
0.20046
0.110696
0.426804
0.0888935
0.204356
0.0987057
0.558023
0.122501
0.166976
0.137762
0.181036
0.0854151
0.202855
0.143812
0.189413
0.114805
0.425417
0.199729
0.111009
0.0888603
0.557973
0.204892
0.0989313
0.163398
0.246921
0.0885578
0.25949
0.160884
0.119063
0.154596
0.0708481
0.0907758
0.130543
0.164135
0.13836
0.137667
0.19015
0.185892
0.161195
0.144461
0.124278
0.182646
0.299908
0.163397
0.246976
0.160877
0.119072
0.154487
0.0710991
0.164362
0.138364
0.185459
0.161155
0.181686
0.300103
0.193274
0.187585
0.193986
0.219717
0.148129
0.176703
0.219496
0.203592
0.190167
0.186557
0.199851
0.593581
0.288305
0.559477
0.594465
0.483546
0.194258
0.187504
0.194223
0.219589
0.220674
0.203333
0.199729
0.593657
0.147548
0.184068
0.191747
0.14984
0.147554
0.149705
0.191613
0.183102
0.0869481
0.0870443
0.150983
0.150986
0.127819
0.25935
0.258265
0.127931
0.122183
0.155255
0.15528
0.121965
0.188303
0.194012
0.204721
0.202734
0.188021
0.202508
0.203882
0.193674
0.177285
0.177231
0.192793
0.19283
0.551721
0.588599
0.588554
0.551733
0.177139
0.141863
0.147945
0.198372
0.177134
0.198294
0.147983
0.142175
0.187525
0.187534
0.0895631
0.0896738
0.460078
0.127532
0.127586
0.460624
0.165195
0.165183
0.0955811
0.0955448
0.00498695
0.0465743
0.0650384
0.0419478
0.0389262
0.0515238
0.0129429
0.0562658
0.0559661
0.0109077
0.0657476
0.0355013
0.0467438
0.0051312
0.0646933
0.0387468
0.0421492
0.0512872
0.0560693
0.012706
0.0560188
0.0653834
0.0107067
0.0354084
0.125242
0.134366
0.169542
0.167521
0.140761
0.143189
0.181302
0.203936
0.116865
0.168845
0.112619
0.360795
0.0897515
0.167667
0.0950862
0.35874
0.125193
0.167496
0.134315
0.169951
0.140452
0.203932
0.143202
0.181447
0.116674
0.360451
0.168761
0.112714
0.0897537
0.361607
0.167594
0.09506
0.0418065
0.047828
0.130624
0.195587
0.0598661
0.0600625
0.0775607
0.203771
0.0926293
0.115132
0.153821
0.114134
0.0723741
0.00648821
0.11674
0.0454256
0.0443827
0.0441524
0.0696442
0.121707
0.0877257
0.0863701
0.150194
0.101756
0.0643269
0.06455
0.113221
0.172402
0.100567
0.1099
0.160875
0.154816
0.0957177
0.0958047
0.124987
0.129123
0.0737974
0.0884366
0.157925
0.256339
0.0421097
0.0482089
0.130684
0.195413
0.092922
0.115195
0.153748
0.114131
0.0712233
0.00651511
0.116567
0.0464859
0.0878335
0.0861085
0.15015
0.101755
0.100577
0.112237
0.162142
0.155341
0.0733801
0.0878914
0.158201
0.256552
0.141333
0.143364
0.183774
0.188719
0.197537
0.212308
0.205075
0.217456
0.167938
0.16793
0.15778
0.171835
0.205125
0.220683
0.21954
0.208405
0.201937
0.201936
0.195034
0.199034
0.108748
0.103003
0.167722
0.388121
0.445938
0.445367
0.368661
0.509348
0.570938
0.57093
0.582995
0.535345
0.141297
0.142985
0.184039
0.188598
0.197433
0.212159
0.204944
0.217425
0.20515
0.220836
0.219607
0.208759
0.108835
0.103027
0.167805
0.387451
0.170206
0.167407
0.179242
0.184474
0.170184
0.167397
0.179188
0.183679
0.100634
0.116211
0.116215
0.13018
0.154366
0.170085
0.170108
0.200583
0.269235
0.275239
0.260526
0.269245
0.209663
0.221638
0.223534
0.220423
0.20957
0.221609
0.223508
0.220456
0.188137
0.181575
0.185294
0.188096
0.604911
0.586291
0.600213
0.604306
0.177055
0.181198
0.190314
0.195759
0.177079
0.181198
0.19043
0.195627
0.113168
0.137388
0.13739
0.161102
0.226941
0.318145
0.318098
0.407797
0.0858469
0.18735
0.0997793
0.0858924
0.103032
0.0718274
0.0742188
0.166474
0.140857
0.0868811
0.121745
0.143534
0.0700015
0.141814
0.130045
0.100357
0.10861
0.111201
0.099914
0.154751
0.1303
0.133099
0.11763
0.075131
0.109849
0.104543
0.12819
0.110555
0.0759168
0.1662
0.103217
0.0717423
0.14092
0.0869375
0.0694617
0.141553
0.121453
0.143485
0.131197
0.100383
0.100068
0.153432
0.107973
0.111402
0.130353
0.133218
0.109835
0.104604
0.117442
0.0752748
0.127866
0.110421
0.168963
0.134236
0.177796
0.178268
0.174467
0.184832
0.16018
0.172137
0.156841
0.148332
0.185001
0.194063
0.191519
0.18587
0.197857
0.20119
0.168294
0.210612
0.196406
0.201465
0.168516
0.383705
0.345528
0.495144
0.167864
0.411828
0.20474
0.202025
0.167274
0.379328
0.57672
0.520706
0.167224
0.134173
0.160171
0.172106
0.17756
0.178226
0.174655
0.184839
0.157025
0.148302
0.197839
0.201198
0.18461
0.194111
0.191358
0.185929
0.168513
0.210351
0.345053
0.496341
0.195936
0.201445
0.168583
0.383573
0.167613
0.41031
0.57668
0.520608
0.204699
0.20202
0.166915
0.378528
0.151588
0.162334
0.22482
0.235452
0.0875531
0.0877604
0.203222
0.20321
0.154135
0.16917
0.102856
0.134461
0.161492
0.153601
0.166051
0.0756773
0.0901785
0.0902774
0.143684
0.144009
0.169317
0.15421
0.162559
0.113497
0.136005
0.135966
0.165736
0.165905
0.187041
0.172988
0.148454
0.174109
0.13823
0.138149
0.115014
0.114973
0.168398
0.190627
0.387146
0.203509
0.15159
0.162148
0.235318
0.224675
0.154218
0.169478
0.102863
0.134464
0.15354
0.161361
0.166086
0.0757477
0.16901
0.154358
0.162563
0.113501
0.172911
0.186987
0.174095
0.148587
0.190163
0.16857
0.20473
0.387284
0.191475
0.19564
0.182433
0.187728
0.186206
0.196593
0.205235
0.217717
0.149556
0.149558
0.178034
0.178006
0.209206
0.221282
0.197273
0.207623
0.191911
0.19193
0.187041
0.187045
0.204076
0.203776
0.58251
0.595201
0.281706
0.282325
0.563348
0.563269
0.601431
0.601123
0.478381
0.478294
0.191388
0.195768
0.182367
0.187669
0.196373
0.18597
0.205114
0.217681
0.221429
0.209003
0.197281
0.20756
0.203718
0.204045
0.595243
0.582384
0.0895048
0.148644
0.160592
0.117658
0.165723
0.189046
0.178682
0.1636
0.169414
0.164686
0.188901
0.205029
0.09614
0.124374
0.175517
0.15453
0.0896727
0.118186
0.160574
0.148892
0.0962288
0.154532
0.173932
0.124655
0.169312
0.20484
0.188876
0.165046
0.165946
0.164117
0.178795
0.188987
0.068296
0.0755206
0.101745
0.0984295
0.0684094
0.0983092
0.101748
0.0765599
0.165102
0.158976
0.132322
0.123784
0.165107
0.123789
0.132321
0.15898
0.105334
0.146724
0.153175
0.109481
0.292731
0.365467
0.196597
0.148918
0.292173
0.149296
0.197184
0.364834
0.105386
0.109523
0.153285
0.146934
0.0530263
0.174377
0.248466
0.193769
0.107292
0.170625
0.257024
0.184617
0.107358
0.184477
0.256774
0.170766
0.0514937
0.193848
0.24847
0.174447
0.173856
0.181384
0.208153
0.201787
0.182643
0.207018
0.211014
0.18597
0.167474
0.166988
0.221604
0.221038
0.168707
0.215828
0.219403
0.16827
0.173889
0.201766
0.208105
0.181284
0.168714
0.16828
0.219375
0.215803
0.16738
0.221028
0.221594
0.167006
0.182677
0.186019
0.210965
0.20698
0.172893
0.172986
0.183084
0.183491
0.172865
0.183411
0.183051
0.17297
0.199038
0.196934
0.186885
0.189008
0.199013
0.189044
0.186915
0.196943
0.393332
0.386745
0.591205
0.510344
0.372337
0.5887
0.606364
0.382769
0.372233
0.382393
0.606711
0.588694
0.392985
0.511189
0.592023
0.385594
0.180678
0.155778
0.189017
0.199889
0.102001
0.13503
0.173952
0.145705
0.100054
0.14727
0.175262
0.12189
0.168512
0.215517
0.200372
0.164212
0.180628
0.199763
0.188978
0.154139
0.168484
0.163983
0.200988
0.215389
0.0996385
0.121721
0.175151
0.14716
0.102034
0.145924
0.173977
0.134968
0.214624
0.200112
0.16183
0.119873
0.214635
0.13231
0.161832
0.200116
0.0701209
0.0690832
0.113334
0.100563
0.0701122
0.100547
0.113333
0.0699995
0.354307
0.345436
0.404909
0.535043
0.0881982
0.119426
0.222659
0.157128
0.0884511
0.158631
0.222711
0.119359
0.354819
0.534914
0.404837
0.345187
0.1199
0.13482
0.181807
0.141997
0.119807
0.141992
0.181793
0.134986
0.0758837
0.122291
0.0932556
0.0569194
0.0758617
0.0569016
0.0932035
0.122256
0.00216723
0.0362695
0.0400953
0.0251801
0.0304405
0.0327776
0.00705801
0.0319363
0.0333937
0.00342489
0.0397657
0.0203484
0.0364793
0.00221885
0.0408747
0.0304666
0.0251526
0.0330215
0.0318622
0.0072658
0.0334213
0.0386529
0.00372865
0.0207939
0.127603
0.132113
0.154132
0.167748
0.141918
0.142879
0.165482
0.196693
0.1157
0.144974
0.113546
0.255751
0.0908539
0.133784
0.0940407
0.224232
0.127491
0.167484
0.13185
0.15385
0.1419
0.196312
0.142791
0.165508
0.115332
0.255205
0.145086
0.11382
0.090778
0.22439
0.133529
0.094052
0.048511
0.0579962
0.103157
0.147412
0.0602492
0.0603002
0.0704565
0.207329
0.0961891
0.110874
0.150794
0.112598
0.0550685
0.00209972
0.0878048
0.0297764
0.0442969
0.044295
0.0582102
0.117084
0.084789
0.0855337
0.125365
0.0999244
0.066663
0.066915
0.0942702
0.127701
0.106503
0.109196
0.138443
0.1454
0.0983842
0.0985865
0.114701
0.132626
0.0802714
0.0881857
0.131322
0.201782
0.0486549
0.0582113
0.103183
0.148376
0.0963291
0.110974
0.1508
0.112576
0.0531602
0.00215897
0.0876399
0.0304312
0.0843822
0.0854591
0.125326
0.0999251
0.106537
0.110806
0.138728
0.146104
0.0790388
0.0877396
0.130356
0.200031
0.142569
0.143058
0.167418
0.184358
0.202952
0.210733
0.209511
0.21572
0.167452
0.167448
0.162356
0.1694
0.213202
0.218556
0.21632
0.211922
0.200723
0.200723
0.197795
0.19944
0.107592
0.105446
0.139301
0.241904
0.447702
0.447703
0.407392
0.478792
0.569347
0.569334
0.574375
0.551005
0.142102
0.142269
0.167494
0.184215
0.202952
0.210331
0.209505
0.215719
0.213808
0.219476
0.216402
0.211914
0.10781
0.105641
0.139585
0.242287
0.171398
0.170841
0.176068
0.179875
0.171038
0.170822
0.175866
0.179438
0.108064
0.114784
0.114786
0.120665
0.159278
0.157738
0.148496
0.179328
0.291715
0.282494
0.269962
0.291717
0.213513
0.222053
0.223063
0.219547
0.213723
0.222145
0.223079
0.219702
0.187293
0.184011
0.182858
0.187273
0.601911
0.594521
0.600345
0.602164
0.181916
0.186033
0.186714
0.189443
0.181786
0.18603
0.186412
0.189396
0.1244
0.136903
0.136904
0.148766
0.275649
0.319548
0.320227
0.36623
0.0893843
0.168582
0.0940962
0.0890596
0.0142841
0.0347312
0.0744642
0.0890518
0.05189
0.0587995
0.0674308
0.174398
0.0756308
0.0892477
0.13559
0.0890856
0.0527005
0.0684004
0.102406
0.125642
0.043555
0.0453011
0.0593338
0.111869
0.0630943
0.087913
0.117787
0.103227
0.0195807
0.0435442
0.0785908
0.0705291
0.0579446
0.0601187
0.0818709
0.115959
0.0719302
0.0935214
0.110364
0.124338
0.0254778
0.0146722
0.0875688
0.0568819
0.0767322
0.0912794
0.0996718
0.103271
0.047968
0.0657544
0.105742
0.0932903
0.0518561
0.0591373
0.0675606
0.173331
0.0144173
0.034877
0.0745871
0.0871762
0.07645
0.0894415
0.135741
0.0891529
0.0434804
0.0450332
0.0590479
0.111863
0.0533067
0.0683084
0.102149
0.125462
0.0628373
0.087925
0.118466
0.103292
0.057669
0.0601687
0.0819691
0.115569
0.0191132
0.0438744
0.0784333
0.0704772
0.0720123
0.093619
0.110496
0.123909
0.0766943
0.0911564
0.0996431
0.103304
0.025037
0.0146409
0.0903469
0.0568524
0.0478191
0.0665117
0.105437
0.0930461
0.122392
0.118965
0.16375
0.132788
0.136321
0.13956
0.162137
0.1768
0.171004
0.19144
0.177943
0.182751
0.167246
0.168424
0.164528
0.169565
0.144542
0.0857068
0.130997
0.106161
0.143217
0.143386
0.168256
0.194169
0.180986
0.198902
0.190933
0.188019
0.203453
0.202774
0.200359
0.202192
0.116375
0.110965
0.146706
0.164274
0.18692
0.208871
0.19853
0.200942
0.111844
0.109639
0.142666
0.239725
0.402671
0.439655
0.386306
0.465371
0.0887704
0.0900534
0.139765
0.259305
0.188672
0.216937
0.204374
0.203407
0.0976018
0.101871
0.135573
0.238919
0.484714
0.568112
0.567732
0.538271
0.122977
0.119111
0.162306
0.132804
0.167226
0.168412
0.164515
0.169539
0.136288
0.139495
0.162286
0.176322
0.171122
0.191443
0.17829
0.182934
0.144722
0.0856114
0.131108
0.105681
0.203449
0.202773
0.200345
0.202198
0.14366
0.143607
0.168543
0.194196
0.180819
0.198834
0.190341
0.187936
0.11643
0.113523
0.147045
0.163827
0.402784
0.43904
0.385951
0.465166
0.186715
0.20852
0.197776
0.200623
0.112119
0.109964
0.142858
0.240709
0.0889607
0.089213
0.139599
0.259011
0.484474
0.568012
0.567275
0.538061
0.188937
0.216934
0.204807
0.20373
0.0975363
0.101648
0.134905
0.239888
0.150594
0.16448
0.157645
0.161496
0.225707
0.260903
0.233751
0.246181
0.0834017
0.0953913
0.0880153
0.0880725
0.183807
0.267821
0.260299
0.260323
0.15346
0.164103
0.158496
0.165729
0.113631
0.117637
0.112028
0.125659
0.136916
0.167531
0.161565
0.15082
0.0588866
0.0782661
0.143734
0.0716813
0.0802975
0.10195
0.0904765
0.0905785
0.126124
0.184533
0.129723
0.129738
0.158208
0.172136
0.165393
0.159674
0.1152
0.137874
0.150465
0.125617
0.125831
0.146258
0.137184
0.137097
0.177217
0.2196
0.177866
0.177963
0.179822
0.175448
0.18901
0.179869
0.157306
0.166054
0.155556
0.156877
0.134817
0.177762
0.141618
0.141462
0.13213
0.111797
0.119794
0.119728
0.172842
0.189354
0.176223
0.187692
0.283441
0.311567
0.344104
0.253609
0.150849
0.164548
0.15766
0.162638
0.225802
0.260953
0.246489
0.233685
0.153429
0.163716
0.158486
0.165733
0.113468
0.117644
0.112036
0.125664
0.136779
0.167828
0.150782
0.161725
0.0589705
0.0787413
0.143867
0.0717248
0.158189
0.172162
0.165371
0.159691
0.115216
0.137877
0.15047
0.12562
0.179469
0.175515
0.179602
0.188781
0.157944
0.165908
0.15658
0.155117
0.173015
0.189252
0.187468
0.17556
0.283843
0.311307
0.254021
0.344355
0.184202
0.203821
0.192466
0.194308
0.188089
0.18898
0.185007
0.185276
0.201209
0.188719
0.187059
0.193186
0.218512
0.220595
0.209169
0.216383
0.153184
0.137548
0.148842
0.148843
0.174269
0.17914
0.177369
0.177355
0.219274
0.221541
0.214269
0.220171
0.205359
0.199449
0.201485
0.206661
0.192604
0.187731
0.190935
0.190944
0.198553
0.173563
0.186799
0.186801
0.192071
0.215292
0.206476
0.204413
0.519037
0.602282
0.59028
0.595741
0.329921
0.244447
0.285835
0.286372
0.539935
0.575197
0.562858
0.562545
0.589167
0.597951
0.598697
0.598697
0.514188
0.445664
0.48144
0.481268
0.184422
0.203784
0.192869
0.195067
0.187988
0.188919
0.184934
0.185206
0.201203
0.188438
0.193363
0.186757
0.218401
0.220494
0.209192
0.216221
0.220087
0.221719
0.22081
0.214478
0.20562
0.199352
0.201479
0.206283
0.19208
0.215369
0.203987
0.206621
0.520093
0.602329
0.5958
0.590206
0.125451
0.133278
0.146722
0.148728
0.175421
0.171277
0.172957
0.187375
0.182687
0.194247
0.189486
0.195787
0.129949
0.143674
0.160794
0.163113
0.125344
0.133212
0.144809
0.148741
0.130105
0.143865
0.160633
0.163082
0.182867
0.194113
0.189555
0.195229
0.175016
0.171281
0.172917
0.186886
0.0812738
0.0856613
0.0872505
0.0958719
0.0816058
0.0857424
0.0874487
0.095876
0.146055
0.155812
0.141115
0.150269
0.146115
0.155807
0.141119
0.150272
0.114806
0.129856
0.132744
0.138385
0.239939
0.303653
0.215819
0.272511
0.238993
0.30339
0.214974
0.273453
0.114999
0.130142
0.132769
0.138476
0.101894
0.111818
0.204991
0.136184
0.126981
0.159579
0.206836
0.14798
0.159588
0.126779
0.148063
0.206766
0.111803
0.10193
0.135922
0.204956
0.178381
0.186596
0.189896
0.19886
0.184916
0.1927
0.195207
0.203293
0.204858
0.188435
0.21655
0.204382
0.202111
0.188147
0.213057
0.203256
0.178275
0.18645
0.18968
0.198799
0.201963
0.187885
0.213036
0.203114
0.204289
0.188749
0.216626
0.203911
0.184822
0.192502
0.195022
0.203286
0.17774
0.174711
0.17986
0.178699
0.174669
0.177692
0.178658
0.179799
0.195323
0.193506
0.19247
0.190263
0.193501
0.195349
0.190311
0.192498
0.514652
0.524124
0.568463
0.561089
0.507555
0.582995
0.592105
0.600345
0.582829
0.508198
0.600345
0.59214
0.524792
0.514881
0.561161
0.566538
0.172913
0.185404
0.17369
0.186842
0.133252
0.130591
0.154167
0.14967
0.13315
0.141485
0.153391
0.157801
0.191692
0.199267
0.195671
0.20465
0.172859
0.185329
0.173765
0.186812
0.190636
0.199148
0.195699
0.204729
0.133016
0.141363
0.153327
0.158714
0.132436
0.130678
0.153755
0.149771
0.140948
0.200114
0.174775
0.187283
0.13697
0.200118
0.174782
0.18729
0.0792943
0.0916152
0.0898708
0.101474
0.0798638
0.0914858
0.0899734
0.101471
0.444318
0.4946
0.422885
0.470867
0.119327
0.120992
0.133125
0.154442
0.119364
0.121257
0.133031
0.155265
0.444163
0.494476
0.424005
0.470751
0.15559
0.156471
0.1706
0.172827
0.156433
0.155547
0.172657
0.170737
0.106023
0.0819959
0.105754
0.0848409
0.0818968
0.105968
0.0847821
0.105895
0.057154
0.0444051
0.0625053
0.124578
0.0915386
0.0688229
0.0796017
0.101764
0.0583505
0.0903073
0.083648
0.0756172
0.0676297
0.0684144
0.0869253
0.0894203
0.0806879
0.0971337
0.0751696
0.0505441
0.0787517
0.0699016
0.0825266
0.0684785
0.0625471
0.124683
0.0575967
0.0433988
0.0913983
0.0688189
0.0583427
0.0903091
0.0796339
0.101567
0.083548
0.0756053
0.0867741
0.0899446
0.0678911
0.0686755
0.0810002
0.0968358
0.0784124
0.0701006
0.0751456
0.0512395
0.0820852
0.0688417
0.149107
0.168522
0.158776
0.174045
0.1676
0.171655
0.166312
0.170207
0.16486
0.20368
0.166942
0.196855
0.181901
0.181206
0.201475
0.208929
0.145993
0.21931
0.169172
0.168864
0.14421
0.237629
0.328654
0.38276
0.133639
0.219848
0.167577
0.168186
0.133424
0.230625
0.36551
0.357304
0.148962
0.168387
0.166298
0.170179
0.158666
0.173909
0.167983
0.171942
0.164902
0.203917
0.201483
0.20894
0.166922
0.196795
0.182114
0.181184
0.1461
0.21797
0.328658
0.382419
0.169101
0.168815
0.144245
0.238805
0.133604
0.220251
0.368344
0.357627
0.16751
0.168203
0.133263
0.230844
0.0888433
0.128702
0.0932239
0.137483
0.123871
0.129556
0.182348
0.196368
0.0694483
0.198986
0.0696577
0.198727
0.0764998
0.0767381
0.19902
0.199081
0.143754
0.0980271
0.156336
0.123189
0.151154
0.160406
0.104328
0.118266
0.115966
0.127417
0.0970309
0.039058
0.12634
0.11877
0.116083
0.0523474
0.0582816
0.122181
0.0576508
0.122744
0.0692422
0.0693461
0.121334
0.121339
0.126201
0.10031
0.131284
0.104991
0.150045
0.150387
0.142023
0.101404
0.0909266
0.126493
0.0909577
0.126773
0.111629
0.111713
0.173133
0.172817
0.130779
0.139073
0.142254
0.14805
0.162956
0.159958
0.15134
0.157283
0.10905
0.120935
0.109107
0.120882
0.122577
0.122241
0.125908
0.125863
0.121826
0.122839
0.136065
0.269397
0.152696
0.162306
0.300769
0.206461
0.08927
0.128802
0.0929452
0.138173
0.124301
0.12953
0.196362
0.182461
0.143924
0.0980996
0.156878
0.123199
0.151182
0.160453
0.104271
0.118273
0.115831
0.127255
0.0965226
0.039111
0.118705
0.126369
0.116092
0.0528985
0.12614
0.100326
0.129902
0.104896
0.150018
0.150431
0.141942
0.100855
0.130912
0.138736
0.143042
0.148469
0.160065
0.163174
0.157565
0.151858
0.121573
0.122797
0.136019
0.269384
0.162235
0.153095
0.208506
0.300862
0.165443
0.18041
0.169025
0.189321
0.182677
0.184814
0.186103
0.186555
0.193317
0.199677
0.208842
0.214323
0.193945
0.202257
0.206474
0.213932
0.163442
0.170462
0.163436
0.170449
0.158378
0.15838
0.172411
0.172403
0.206066
0.202257
0.22041
0.218354
0.213791
0.219544
0.211242
0.213736
0.199103
0.200816
0.199099
0.200819
0.195836
0.195841
0.199573
0.199575
0.141
0.240995
0.137198
0.239402
0.167291
0.167938
0.38745
0.385508
0.405473
0.479813
0.404688
0.480081
0.367782
0.368299
0.511862
0.511559
0.57989
0.553863
0.579871
0.553256
0.587205
0.587201
0.536433
0.536392
0.165477
0.180265
0.169058
0.189179
0.182763
0.185046
0.186002
0.186475
0.193207
0.199615
0.208704
0.214174
0.202007
0.193944
0.206437
0.213875
0.206092
0.202228
0.220542
0.218456
0.219624
0.213767
0.211009
0.213454
0.141027
0.241584
0.137443
0.239503
0.168004
0.167379
0.384692
0.387365
0.16524
0.171125
0.16456
0.175023
0.185461
0.177613
0.182457
0.186572
0.165258
0.171185
0.164557
0.175001
0.177623
0.185445
0.186234
0.182461
0.10119
0.101191
0.110046
0.123162
0.11005
0.123165
0.131251
0.13125
0.15392
0.153995
0.159436
0.176147
0.176349
0.159638
0.199573
0.20011
0.256331
0.26764
0.276028
0.276169
0.25984
0.25948
0.267318
0.256339
0.208915
0.210355
0.21061
0.21836
0.215277
0.22137
0.221066
0.219636
0.20885
0.210252
0.210576
0.218327
0.221348
0.215251
0.219656
0.220582
0.185609
0.184512
0.18233
0.182313
0.18609
0.186104
0.185572
0.184477
0.600633
0.607021
0.590307
0.590118
0.604741
0.60468
0.60672
0.600977
0.178971
0.172844
0.182944
0.178194
0.183616
0.195391
0.194394
0.197491
0.171919
0.179013
0.182944
0.17823
0.195326
0.184114
0.194376
0.196911
0.113251
0.113251
0.149615
0.125008
0.149618
0.12501
0.161466
0.161467
0.22489
0.225196
0.363308
0.271914
0.271906
0.363318
0.406826
0.406523
0.159095
0.0881118
0.184565
0.184385
0.0965699
0.0965214
0.159172
0.0881828
0.0949
0.110773
0.0602909
0.1553
0.0720756
0.0747326
0.140245
0.181573
0.114159
0.142806
0.077776
0.0938017
0.109732
0.129614
0.132169
0.146671
0.0701983
0.0701605
0.132394
0.147734
0.117159
0.138312
0.0850014
0.100175
0.104833
0.118893
0.110886
0.150685
0.102945
0.105525
0.139965
0.163554
0.115012
0.143495
0.120751
0.140827
0.111357
0.122078
0.0802415
0.0659968
0.100188
0.115015
0.0901415
0.114109
0.114934
0.138034
0.0998474
0.121602
0.0721072
0.0763893
0.142898
0.18139
0.0950929
0.111111
0.0603123
0.156124
0.114161
0.142856
0.077842
0.0938546
0.0702022
0.068928
0.132276
0.147611
0.109356
0.129489
0.131896
0.146731
0.117064
0.138276
0.0850425
0.100201
0.103057
0.105588
0.139433
0.163573
0.105028
0.1187
0.111074
0.149616
0.115076
0.142883
0.120968
0.140969
0.100337
0.114792
0.0900791
0.114216
0.111132
0.121895
0.0804539
0.0660188
0.114187
0.137363
0.0998852
0.121921
0.163287
0.166735
0.160538
0.128932
0.175886
0.179624
0.17558
0.18088
0.166468
0.183338
0.174895
0.195426
0.1638
0.15958
0.172492
0.173561
0.188308
0.155217
0.205882
0.148483
0.183758
0.185852
0.196544
0.191554
0.182242
0.201011
0.179312
0.193526
0.19849
0.19775
0.208597
0.200651
0.169328
0.166489
0.25372
0.167934
0.186055
0.202505
0.187354
0.21113
0.16864
0.168337
0.384172
0.385381
0.328664
0.358282
0.473297
0.506001
0.169145
0.166073
0.395981
0.381571
0.188819
0.216988
0.189159
0.212066
0.167476
0.167017
0.376341
0.389205
0.497182
0.58728
0.499613
0.530063
0.163297
0.166746
0.160572
0.128934
0.163792
0.159573
0.172462
0.173537
0.17574
0.179374
0.175546
0.180819
0.166651
0.183338
0.174923
0.195408
0.18843
0.155086
0.205658
0.148265
0.198493
0.197737
0.208607
0.200657
0.183577
0.185736
0.196583
0.19156
0.182124
0.200973
0.179352
0.19342
0.169293
0.16689
0.249546
0.167924
0.328561
0.358087
0.473289
0.505865
0.185902
0.202172
0.187348
0.211119
0.168669
0.168438
0.385085
0.383998
0.169017
0.16582
0.393265
0.381793
0.497153
0.587169
0.499622
0.529991
0.188834
0.216963
0.189105
0.212
0.167152
0.166747
0.375088
0.390368
0.154423
0.138277
0.148946
0.168017
0.20334
0.239326
0.248341
0.214859
0.081841
0.0956328
0.0956353
0.0823992
0.206631
0.194183
0.198003
0.206438
0.143956
0.155952
0.174191
0.160679
0.102301
0.0998
0.127617
0.133391
0.149289
0.167826
0.164601
0.137962
0.174509
0.155143
0.0629344
0.0848621
0.0796805
0.101712
0.10171
0.0803643
0.137754
0.188352
0.188185
0.137866
0.169052
0.181399
0.167598
0.151968
0.162194
0.122717
0.10311
0.113415
0.144706
0.123193
0.123283
0.144572
0.164336
0.221726
0.221663
0.164363
0.178416
0.187439
0.170686
0.174644
0.146479
0.151946
0.186087
0.171865
0.12927
0.173196
0.173208
0.129176
0.123964
0.103514
0.10348
0.124
0.160096
0.175125
0.198018
0.180468
0.369693
0.39832
0.215159
0.185122
0.138216
0.154379
0.16606
0.149197
0.214436
0.248824
0.239704
0.20315
0.15446
0.143555
0.161061
0.174224
0.0997942
0.102306
0.133393
0.127692
0.137929
0.164499
0.167373
0.149187
0.155348
0.174383
0.0849967
0.0630433
0.181391
0.168569
0.151998
0.167603
0.123326
0.162198
0.113418
0.103806
0.174522
0.170728
0.187459
0.178624
0.171976
0.186553
0.152013
0.147387
0.180404
0.198267
0.174973
0.159914
0.186289
0.215942
0.398237
0.369871
0.181714
0.202082
0.205152
0.186743
0.183838
0.182912
0.188472
0.187594
0.184946
0.182394
0.192847
0.200942
0.206704
0.203342
0.216568
0.218387
0.154498
0.139331
0.139333
0.154496
0.17551
0.180559
0.180528
0.175488
0.207939
0.210253
0.221491
0.221012
0.19209
0.197353
0.211568
0.20414
0.194174
0.189294
0.189318
0.194187
0.199334
0.174169
0.174172
0.199338
0.188511
0.216247
0.214743
0.18872
0.517022
0.590731
0.604628
0.515173
0.325093
0.239032
0.239796
0.324798
0.579631
0.541395
0.541568
0.579567
0.595453
0.604613
0.604939
0.59494
0.441642
0.510435
0.510061
0.441556
0.202009
0.18161
0.186905
0.205148
0.182839
0.183788
0.187549
0.188424
0.200822
0.19295
0.18235
0.184937
0.203271
0.206615
0.218361
0.216505
0.220808
0.221748
0.210157
0.207901
0.197251
0.192085
0.204076
0.211517
0.188697
0.214717
0.216246
0.188525
0.515199
0.604816
0.590141
0.516723
0.0616043
0.111922
0.116836
0.0649675
0.148014
0.149359
0.135688
0.137674
0.168009
0.159669
0.149631
0.161624
0.0945867
0.0824432
0.134275
0.145841
0.151655
0.16927
0.163296
0.148376
0.198888
0.189731
0.179683
0.187292
0.178508
0.170918
0.178188
0.186139
0.152931
0.159613
0.164914
0.160157
0.145465
0.147922
0.184903
0.186599
0.140356
0.177813
0.180503
0.144173
0.183175
0.190333
0.192783
0.182564
0.20654
0.205642
0.199101
0.198022
0.0545516
0.0737045
0.125978
0.0977351
0.102805
0.150702
0.142887
0.0882027
0.173605
0.172711
0.164641
0.164966
0.136366
0.122532
0.161316
0.177568
0.0615509
0.0650519
0.116433
0.112072
0.094931
0.145833
0.130692
0.0826548
0.167983
0.161187
0.148028
0.159663
0.148035
0.137699
0.13571
0.149345
0.0547049
0.0977553
0.126161
0.0738371
0.136387
0.177612
0.16137
0.122614
0.173505
0.165368
0.164692
0.172767
0.102725
0.0879993
0.142999
0.15173
0.145588
0.186473
0.184837
0.14782
0.206208
0.197905
0.199027
0.205202
0.182821
0.182643
0.192536
0.190206
0.140945
0.145067
0.180749
0.178449
0.151396
0.14812
0.163277
0.169419
0.152959
0.160148
0.164908
0.159614
0.178496
0.186131
0.178068
0.170597
0.198859
0.187285
0.179693
0.189705
0.0535027
0.0646553
0.0810682
0.0794553
0.0699257
0.0825429
0.0815576
0.0684276
0.109055
0.111037
0.0957524
0.0955122
0.103518
0.093715
0.0925053
0.107914
0.0536606
0.0794595
0.0811416
0.0646763
0.103561
0.107882
0.0925072
0.0937912
0.109057
0.0955134
0.0957559
0.111043
0.0699873
0.0687854
0.0821082
0.0826882
0.170373
0.16658
0.158194
0.159568
0.162896
0.153841
0.155155
0.163975
0.121915
0.124414
0.140223
0.13844
0.117533
0.127625
0.133207
0.119237
0.17059
0.159521
0.158175
0.166594
0.117509
0.119386
0.132557
0.127643
0.121914
0.138441
0.140226
0.12441
0.162899
0.163985
0.155152
0.15384
0.0758197
0.112945
0.117715
0.0856052
0.143657
0.152952
0.138656
0.13299
0.159446
0.145965
0.142581
0.157898
0.0929007
0.0870549
0.119767
0.124699
0.234461
0.36688
0.284352
0.197644
0.407471
0.328433
0.317368
0.398876
0.177955
0.168257
0.228952
0.242396
0.146392
0.136273
0.196676
0.163767
0.234458
0.196047
0.283105
0.366147
0.147235
0.166698
0.196069
0.137404
0.178931
0.243579
0.229972
0.168711
0.407809
0.39868
0.317337
0.328552
0.0758287
0.0856161
0.117961
0.11267
0.0932436
0.125094
0.119861
0.0870617
0.159763
0.158529
0.142367
0.145275
0.143874
0.132852
0.139558
0.15354
0.077928
0.0527598
0.106782
0.153399
0.136165
0.212101
0.178712
0.12008
0.283871
0.268046
0.217847
0.247832
0.203748
0.188049
0.130457
0.200957
0.0584536
0.115492
0.143834
0.0705718
0.127748
0.169081
0.153961
0.122199
0.271061
0.260038
0.216935
0.222278
0.148829
0.0953185
0.189067
0.224741
0.0584807
0.0708761
0.144017
0.113932
0.149064
0.225924
0.189559
0.0954247
0.270851
0.222
0.217138
0.260202
0.128509
0.122392
0.153985
0.169215
0.0745443
0.153286
0.104995
0.0532441
0.203422
0.200923
0.130426
0.188061
0.283965
0.248014
0.216517
0.268164
0.136246
0.120505
0.180317
0.212031
0.156562
0.160538
0.176676
0.172898
0.166587
0.182821
0.180066
0.163744
0.2135
0.209488
0.20041
0.203001
0.204396
0.193415
0.197074
0.208458
0.16624
0.18162
0.183478
0.167547
0.216029
0.212983
0.202119
0.199993
0.211228
0.20457
0.204443
0.216149
0.16819
0.169077
0.186324
0.185475
0.133432
0.134627
0.188534
0.188763
0.138093
0.189477
0.188429
0.136303
0.220564
0.220822
0.216306
0.215763
0.218772
0.216719
0.216874
0.219994
0.144589
0.18718
0.187739
0.143453
0.212492
0.21506
0.212174
0.209956
0.218939
0.215014
0.21391
0.217336
0.139707
0.141595
0.188532
0.190535
0.156275
0.173021
0.176587
0.160621
0.20439
0.208395
0.197007
0.193441
0.21348
0.203053
0.200345
0.209393
0.166623
0.163882
0.179943
0.183063
0.144657
0.14368
0.187531
0.187054
0.139964
0.190725
0.188301
0.141777
0.219027
0.217209
0.213896
0.215085
0.212234
0.209744
0.212154
0.214908
0.133136
0.18894
0.188795
0.134062
0.219457
0.220217
0.216915
0.216755
0.220392
0.215782
0.2165
0.221363
0.13855
0.135925
0.188645
0.189425
0.166222
0.167683
0.183383
0.181434
0.168272
0.185687
0.186216
0.169183
0.211243
0.216273
0.204366
0.204592
0.215985
0.19996
0.202123
0.212973
0.170476
0.169869
0.175116
0.175246
0.169931
0.17489
0.17613
0.170992
0.18481
0.186408
0.181269
0.179849
0.182342
0.178531
0.180327
0.185499
0.170227
0.174959
0.175078
0.169842
0.182184
0.185412
0.180266
0.178241
0.184792
0.179834
0.181223
0.186352
0.169925
0.170973
0.176098
0.174879
0.195812
0.200969
0.196008
0.196593
0.198279
0.193389
0.194959
0.200254
0.183667
0.18522
0.19001
0.188512
0.186565
0.191688
0.190966
0.185832
0.196456
0.196584
0.196001
0.200972
0.186759
0.185907
0.190987
0.191748
0.183685
0.188524
0.190046
0.185273
0.198281
0.200262
0.194979
0.193395
0.237157
0.239389
0.499123
0.438927
0.241767
0.517389
0.522958
0.240086
0.59816
0.57911
0.577634
0.598715
0.480941
0.475519
0.536432
0.542676
0.227474
0.491028
0.501681
0.234301
0.578337
0.593385
0.594061
0.577827
0.604759
0.604504
0.603523
0.602356
0.240463
0.249906
0.519336
0.517636
0.227624
0.23537
0.503101
0.490571
0.240817
0.519354
0.519668
0.250067
0.604923
0.602295
0.603658
0.604541
0.578324
0.5776
0.594054
0.593388
0.237349
0.439093
0.498712
0.239583
0.480718
0.542604
0.536348
0.475456
0.598095
0.598356
0.577749
0.578925
0.241932
0.241316
0.522942
0.517407
0.16498
0.167825
0.177929
0.18052
0.125616
0.161285
0.170691
0.130041
0.188477
0.197808
0.183422
0.174786
0.212871
0.195861
0.191054
0.208416
0.0631532
0.0907732
0.121484
0.096735
0.105149
0.14292
0.143444
0.109986
0.182566
0.169299
0.16135
0.172338
0.125992
0.123395
0.144178
0.155168
0.0621835
0.0953518
0.127268
0.0850769
0.127228
0.166751
0.150979
0.113981
0.180881
0.161908
0.164267
0.183042
0.0906766
0.0969459
0.138302
0.135268
0.133491
0.189166
0.186679
0.139248
0.216256
0.210406
0.208475
0.214512
0.19222
0.194039
0.201529
0.20326
0.134382
0.137952
0.188692
0.178577
0.165158
0.180481
0.183134
0.167177
0.212718
0.20812
0.191024
0.195828
0.188426
0.174774
0.183337
0.197777
0.125599
0.130269
0.170576
0.161216
0.13328
0.139043
0.186652
0.189317
0.134374
0.178399
0.188638
0.137798
0.192033
0.203198
0.201578
0.193586
0.216597
0.214538
0.20853
0.209811
0.0619608
0.0850221
0.127133
0.095146
0.0907593
0.13507
0.138224
0.0965938
0.180778
0.183148
0.164226
0.161695
0.124927
0.113505
0.150755
0.166909
0.063102
0.0965033
0.120797
0.090212
0.126088
0.155198
0.144242
0.123383
0.182516
0.172349
0.161272
0.169313
0.10507
0.10988
0.142189
0.142865
0.201417
0.206276
0.202961
0.190031
0.200128
0.198943
0.199724
0.201504
0.14919
0.15004
0.174472
0.173866
0.10451
0.106002
0.127371
0.119352
0.201551
0.191075
0.202851
0.206283
0.104453
0.119373
0.126872
0.10522
0.149192
0.173868
0.174477
0.150044
0.20013
0.201509
0.199731
0.198946
0.0585517
0.0589723
0.0814949
0.0898738
0.057853
0.0799223
0.0794386
0.0581072
0.124705
0.125315
0.101593
0.101831
0.0997893
0.100516
0.0985823
0.11023
0.0585872
0.0898373
0.0814559
0.0589841
0.100296
0.109144
0.0982844
0.100477
0.124704
0.10183
0.101591
0.125312
0.057866
0.0590916
0.080114
0.0803551
0.222486
0.241814
0.479062
0.510416
0.242151
0.325888
0.407378
0.251432
0.364939
0.444395
0.434657
0.356326
0.553617
0.549989
0.504188
0.513203
0.0561163
0.0902657
0.111221
0.0815803
0.112145
0.132413
0.124659
0.10471
0.27401
0.265304
0.165455
0.175613
0.162798
0.104576
0.135738
0.23658
0.0553086
0.0818237
0.111277
0.0902661
0.160363
0.237076
0.136133
0.104596
0.274073
0.175765
0.16584
0.265298
0.112193
0.104618
0.124559
0.132079
0.222703
0.510454
0.478945
0.241823
0.553376
0.512475
0.504116
0.549541
0.365293
0.356141
0.434456
0.443597
0.241674
0.251417
0.407365
0.326941
0.0749198
0.102142
0.145344
0.113846
0.116899
0.125565
0.163713
0.117744
0.162506
0.150638
0.180429
0.186911
0.0989318
0.129954
0.159534
0.129465
0.0747942
0.113247
0.145118
0.101865
0.0988588
0.129629
0.159552
0.129899
0.162665
0.186663
0.180455
0.150791
0.116767
0.117719
0.163021
0.125574
0.0442346
0.0869226
0.091417
0.0630304
0.128882
0.128316
0.115725
0.112275
0.0912755
0.0804708
0.0947042
0.107759
0.0349668
0.0473803
0.0714605
0.0594279
0.0432235
0.0631103
0.0915207
0.0869884
0.0347099
0.0593565
0.0714445
0.0473516
0.0912034
0.107747
0.0946515
0.0803333
0.128066
0.112359
0.115737
0.128372
