-0.692412
0.235
-1.915
-0.725
0.275
1.97841
-0.705
0.794924
-1.925
-0.713614
1.045
1.975
0.692412
0.235
-1.915
0.725
0.275
1.97841
0.705
0.794924
-1.925
0.713614
1.045
1.975
0.0369274
0.0408281
0.150499
0.125086
0.0369252
0.0408315
0.150496
0.125071
0
0
0
0
0
0
0
0
0
0
0
0
0
0
0
0
0
0
0
0
0
0
0
0
0
0
0
0
0
0
0
0
0
0
0
0
0
0
0
0
0
0
0
0
0
0
0
0
0
0
0
0
0
0
0
0
0
0
0
0
0
0
0
0
0
0
0
0
0
0
0
0
0
0
0
0
0
0
0
0
0
0
0
0
0
0
0
0
0
0
0
0
0
0
0
0
0.0669679
-0.00918816
0.0139348
0.0926589
0.00384939
-0.00588964
0.0698765
0.0280174
0.0889461
0.032548
0.0669695
0.0139282
0.0926726
-0.00568743
0.0280407
0.0325555
0.00106115
0.0884971
0.00293559
0.108912
0.00521153
-0.0111913
0.281746
0.489754
0.0010616
0.0884956
0.108927
-0.0111735
0.125718
0.125702
0.0117316
0.113345
0.299727
0.109562
0.10957
0.00404332
0.489382
0.14875
0.148747
-0.00463253
0.469629
0.156809
0.0133719
0.00210421
0.0158498
0.0310623
0.00181436
0.0045498
0.0209107
0.0132472
0.0265222
0.00566337
0.0337252
0.0254179
0.0021218
0.013347
0.0158508
0.00181535
0.0310001
0.00459895
0.0132677
0.0209028
0.0265516
0.0350621
0.00561708
0.0253864
-0.00195816
6.00164e-06
0.0554283
-0.000213546
0.00713266
0.00105179
0.0499035
-0.000230917
-0.0172058
0.0149741
-0.0112957
0.0913343
-0.001654
0.022748
-0.00123071
0.248036
-0.00195391
-0.000201553
6.83526e-06
0.0554304
0.00703099
-0.000231818
0.00104958
0.0499102
-0.0172225
0.0913338
0.0149744
-0.0113027
-0.00163896
0.248039
0.02276
-0.0012261
0.0267688
0.0727595
0.0150941
0.06615
0.0585324
0.00171348
0.0456547
0.0308945
0.00479632
0.145614
0.0724982
0.000684617
0.0153705
0.0550245
0.0572058
0.0321547
0.165782
0.0498837
0.0180059
0.210285
0.0273065
0.0727582
0.0585418
0.00172516
0.0457037
0.0309229
0.0723928
0.000612398
0.0572032
0.0321571
0.0179888
0.210284
0.0566075
-5.3322e-05
0.0145361
0.0040185
-0.00187618
4.08278e-06
0.00594197
-0.024482
-3.58952e-05
0.00496392
0.0253852
0.24546
-0.0792395
0.0386581
0.00964935
0.00375223
0.0566141
-4.55295e-05
0.0151495
0.00401709
0.00593956
-0.0244884
0.0253227
0.245452
0.0755927
0.0635018
0.0202586
0.0342174
0.0755971
0.0342645
0.0202315
0.0635103
0.0142127
0.0142167
0.000875788
0.000873422
0.0434817
-0.0136167
-0.0135618
0.0434355
0.116717
0.0684673
0.0688355
0.116941
0.0563804
0.0584713
0.0407113
0.0209959
0.0563797
0.020988
0.0363424
0.0584656
-0.000125876
-0.000124505
0.000431031
0.000428256
0.209248
0.262724
0.262689
0.209256
0.0583595
0.0939734
0.0438763
0.0169369
0.0583221
0.016934
0.0438283
0.0939384
0.00930931
0.009273
0.00500057
0.0050378
0.224191
0.28885
0.288864
0.224199
0.167649
0.167656
0.0746536
0.0746568
0.00443566
-0.00315471
-0.00472065
0.00527436
0.0014552
0.00450078
0.0120216
0.0123285
0.00970375
0.0080484
0.0200143
0.0175322
-0.00308366
0.00441571
-0.006568
0.00143921
0.00532474
0.00444285
0.0123391
0.0120799
0.00951301
0.0193809
0.00797757
0.0175112
-0.00196152
7.01685e-06
0.0727116
-0.000142147
-0.00320656
0.00119097
0.079898
0.000784434
-0.0113565
-0.00298136
-0.0148085
0.0643568
7.12856e-06
0.00524364
0.00643649
0.0414483
-0.0019625
-0.000149588
6.92507e-06
0.0726957
-0.00320258
0.000792525
0.0011905
0.0798884
-0.0114742
0.0643539
-0.00297258
-0.0147827
1.71682e-05
0.0414514
0.00523551
0.00644692
0.00336465
0.0145113
0.00101095
0.0452651
0.00401495
0.00401567
0.00452861
0.107515
1.21984e-05
-9.84783e-06
0.058369
0.00112764
0.00636556
-0.0139729
-0.00793345
0.082864
9.28903e-05
7.36467e-05
0.00476516
0.0932658
-0.000114043
-0.00869915
0.0584081
0.000523366
0.000344442
0.000350325
0.0107037
0.0462557
0.00361609
0.00219971
-0.0056447
0.0340281
0.00280843
0.00215615
0.0330166
0.0216374
0.0016638
-0.000430325
0.00930792
0.131415
0.00336282
0.0145096
0.000750923
0.0452637
1.00279e-05
-9.13773e-06
0.0583717
0.00111858
0.00633026
-0.0138231
-0.00798524
0.0830873
6.97249e-06
-0.00877984
0.0583322
0.00045311
0.00360901
0.00220488
-0.00565158
0.0340133
0.00169702
-0.000430161
0.00931443
0.131413
5.39452e-07
1.80981e-07
0.0774198
-0.000357853
-0.000152837
0.00528258
-0.0151959
-0.000628881
0.00196971
0.00197306
-0.00180156
9.56555e-07
-0.00406159
0.0026364
0.00125089
0.00427862
0.00244708
0.00244689
-3.21056e-05
-0.0037583
-8.03199e-05
0.000647711
0.0099176
0.0450859
0.0130084
0.0130097
0.00716507
0.00905474
0.00580084
0.0058023
0.00193567
0.00157951
1.38347e-06
2.48134e-07
0.077414
-0.00035672
-0.000150185
0.00528308
-0.0155054
-0.000626984
-0.00406838
0.0025943
0.00124816
0.00427589
-7.79624e-05
0.000629176
0.00995333
0.045072
0.00215108
6.80153e-05
-0.00241014
-0.000523174
0.00189979
7.66736e-05
-0.00240407
-0.000813187
3.89128e-06
0.000211397
0.000217539
0.000122573
0.00410578
-9.27039e-05
-9.77938e-05
-0.00673882
0.0115969
0.0149416
0.0200202
0.0116281
-0.00254946
0.00212595
0.00229546
0.00262623
-0.00256149
0.00212682
0.00229744
0.00264884
0.00249607
1.2212e-06
-5.81338e-07
0.00249241
0.00791354
0.0106856
0.00339927
0.00791538
-0.00159639
-0.000390683
0.0123865
0.0168957
-0.00162264
-0.000368552
0.0123984
0.0168766
-2.60246e-07
0.000245043
0.000245395
-0.00953287
0.00591538
0.00299562
0.00299687
0.000457191
0.00402857
0.0116938
0.00401946
0.0039977
0.00593676
-0.0167795
0.00220653
0.0649131
0.0513522
0.000891651
0.00399669
0.0509982
0.00402356
0.0726348
0.0497944
0.000959396
0.00879869
0.0359589
0.00930008
0.0382881
0.00461938
0.0288392
0.0183918
0.0298912
0.0344644
0.0212928
0.00837117
0.125546
0.00177852
0.0647811
0.00594709
-0.0168822
0.0513488
0.000891958
0.00402203
0.0726759
0.00399442
0.0510186
0.0498042
0.000899734
0.00930828
0.0382253
0.00878393
0.0354816
0.0045816
0.028765
0.0336362
0.0206506
0.0184143
0.0299014
0.0083358
0.125726
0.0606485
0.00135437
0.0755669
-0.000218474
-0.0117235
0.000159239
0.000151874
7.84225e-07
0.0638053
0.00388706
0.07901
-0.000453537
0.00121324
-0.012033
-0.00239419
-0.000755842
0.0101266
0.0335916
-0.00284238
0.000406671
0.00929288
0.0715539
-0.00890362
0.00639584
0.00772729
0.149426
-0.00553744
-0.000322041
0.00362084
0.0382329
0.00297223
0.0016968
0.0606503
0.00135832
0.000149716
1.18097e-06
0.0755626
-0.000213024
-0.0117216
0.000158324
0.0638046
0.00388031
-0.00239623
-0.000756026
0.0790108
-0.000450987
0.00120641
-0.0120366
0.0103997
0.0336649
-0.00896142
0.00638156
-0.00280686
0.000409229
0.00930252
0.0706206
0.00769123
0.149413
0.00297274
0.00169889
-0.00332062
-0.000343407
0.00580472
0.038212
0.00263215
0.000956787
0.00797582
0.0406061
7.06014e-05
7.27636e-05
-0.00862058
-0.00867086
0.000146994
0.00300345
-1.55897e-06
-2.2512e-06
-0.000100071
-0.00624819
0.0500831
0.0030861
-8.58189e-05
-6.16742e-05
-0.0035971
-0.00360597
0.00759096
-0.00241592
-0.0090859
-0.000567473
-0.00175538
-0.00173681
-0.0099515
-0.0101627
0.0122229
0.00646752
0.00463523
-0.000899353
0.00237238
0.00236385
0.00355562
0.00355507
0.00480618
0.000572218
0.000217748
0.0054824
0.00246425
0.000664172
0.04179
0.0078481
0.000147879
0.00300387
-3.46324e-06
-3.07219e-06
-0.00627794
-0.000127612
0.0500614
0.00306252
0.00757675
-0.00239746
-0.00910585
-0.00057254
0.00647999
0.0123799
-0.000951329
0.00465347
0.000575402
0.00470493
0.00547712
0.000221121
0.000118388
0.00105547
1.07899e-06
-1.92919e-07
-0.00347141
0.00586715
-0.00310472
0.00202798
0.000478825
0.000476165
0.00237333
0.00237281
-0.00382977
-0.00336422
-0.00952385
0.00642463
0.00194856
0.00195018
-2.17393e-05
-2.17317e-05
-0.00474195
-5.57928e-05
0.0130727
0.00617181
-0.00313956
0.0152178
0.00968583
0.00971747
0.00604565
0.00606156
0.00310759
0.0031041
0.000116179
0.00106076
3.74606e-07
1.58159e-06
0.00553754
-0.0037728
-0.00312168
0.00203274
-0.00156082
-0.00383124
-0.00950003
0.00634783
-0.00010278
-0.00253188
0.00617063
0.0130918
0.0410705
0.0556741
0.00302687
0.00369655
0.0711225
-0.0143041
0.00134486
0.0624496
0.00305439
0.00737737
0.00994867
-0.00417023
0.0162083
0.00721085
0.0124126
-0.00130808
0.0410788
0.00358026
0.00289688
0.0557194
0.0162001
-0.00130504
0.0122468
0.00686035
0.00304832
-0.00431273
0.00983555
0.00731988
0.0710933
0.0624517
0.00119917
-0.014454
-0.001958
0.00319225
0.00013696
0.00102217
-0.00266041
0.00101637
0.000143127
0.00318825
-0.0030458
-0.000226209
0.000346724
0.00124181
-0.00303904
0.00124024
0.000344705
-0.000236818
0.0305687
0.0357936
0.00289178
0.0096285
0.0163157
0.0118278
-0.00266466
0.0355496
0.0167646
0.0355627
-0.00268287
0.0116902
0.0305668
0.009649
0.00283492
0.0358038
0.0601143
0.047242
0.0198778
0.0936729
0.0545534
0.0521714
0.0377463
0.0685331
0.0544654
0.0688291
0.0377432
0.052066
0.0600545
0.0936091
0.0198224
0.0472047
0.0742978
0.0765754
-0.00278351
-0.00161898
0.0804466
-0.00275644
-0.00210373
0.0788402
0.00540006
0.00743767
0.000503596
0.000380981
0.00391261
0.00341573
0.00251002
0.00945511
0.0742966
-0.00161052
-0.00278965
0.0765725
0.00392725
0.00947258
0.0025231
0.00341671
0.00649495
0.0013756
0.00151319
0.008546
0.0804461
0.0788385
-0.00210803
-0.00276293
-0.000179383
0.00217413
0.00243589
-0.000310615
-0.000181606
-0.000307129
0.00243383
0.00217823
-0.0013225
0.00219547
0.00255191
-0.000403885
-0.00132917
-0.000405592
0.00255455
0.00219637
0.0956708
0.0576476
0.0209637
0.0193399
0.0480338
0.0081418
0.0109103
0.0427827
0.0486159
0.0427925
0.0109226
0.00815021
0.0955689
0.0193545
0.0209493
0.0576751
0.0898072
0.0626797
0.0124927
-0.00914766
0.0538693
-0.00260625
-0.0024561
0.0534979
0.0255466
0.0121786
0.0170576
0.00814166
0.00697987
0.00407776
0.00343216
0.00844959
0.0897995
-0.00915054
0.012504
0.0626959
0.00698307
0.00847162
0.00348397
0.00406539
0.0255136
0.00811539
0.0170979
0.0121215
0.0535125
0.0534193
-0.0024603
-0.00276066
-0.00583034
-0.00227882
-0.00900058
-0.00760634
-0.0057877
-0.00764097
-0.00900038
-0.00227891
0.00476526
0.00414654
8.06865e-05
0.000657484
0.00479339
0.000719178
8.11341e-05
0.0041767
0.0580431
0.139078
0.00339196
0.0058624
0.11964
0.0388715
0.00801158
0.129354
0.119196
0.129362
0.00800445
0.0383585
0.0580497
0.00583983
0.00339639
0.13907
0.082449
0.0883775
0.0128755
0.0772315
0.0824281
0.0773086
0.0128646
0.0883748
0.0459324
0.0241808
0.00769018
0.0229804
0.0462631
0.0229807
0.00769544
0.0245094
0.000652077
0.00530601
0.00310943
0.00178393
0.00119997
0.0017135
0.00333824
0.00367551
0.00221816
0.000864369
0.00882232
0.0105121
0.00528125
0.000360928
0.00414292
0.00120201
0.00178188
0.00165588
0.00413455
0.00363903
0.00254727
0.00886952
0.000888367
0.0105411
-0.0019512
6.51049e-06
0.0458937
-4.30457e-05
-0.00320088
0.00112896
0.0546793
0.000865558
-0.00762751
-0.00657706
0.0108083
0.0148553
7.83785e-05
0.00185289
0.000985016
0.00521046
-0.00195202
-4.08136e-05
6.41479e-06
0.0458623
-0.0032005
0.000859449
0.00112882
0.0546787
-0.00775836
0.0148841
-0.00658145
0.0108693
8.57156e-05
0.005245
0.00186522
0.00101677
0.000194878
0.00677347
0.00406817
0.028998
-0.00363795
-0.00364199
0.000580756
0.0753467
-2.62475e-06
7.65797e-06
0.0554495
0.00117299
0.0127887
-0.00803199
-0.00152058
0.0380388
-1.45282e-05
-1.94044e-05
0.00047476
0.0633147
5.81907e-05
1.22401e-05
0.0566603
0.000249946
0.000133391
0.000117982
0.0038926
0.0208115
0.000352068
0.000371829
0.00704802
0.024739
4.90152e-05
4.94378e-05
0.00225983
0.00928293
-0.00022605
0.000136252
0.00131523
0.0143385
0.000205303
0.00677753
0.00415774
0.0290196
-2.04047e-06
7.11352e-06
0.0554215
0.00117935
0.0127884
-0.00810472
-0.00144413
0.0376402
7.0519e-05
1.30025e-05
0.0564913
0.00016895
0.000324597
0.000364628
0.00706157
0.0247262
-0.000234795
0.000135476
0.00126176
0.0143178
-9.97237e-08
2.17927e-07
0.0512169
-2.82923e-05
0.00120695
0.00214905
0.00325182
-0.000351438
0.000409946
0.00040578
-0.00183004
0.000168817
-0.00313009
-0.00178601
0.000174478
-0.000291065
-4.48985e-05
-4.48891e-05
-3.03591e-05
-0.00375549
-0.000132271
0.000143483
0.00608573
0.00612655
0.00124605
0.00123952
0.000825666
0.00134814
0.00116261
0.00116255
0.000890769
0.000968693
-1.01813e-07
2.17999e-07
0.0512195
-3.15195e-05
0.00111101
0.00215052
0.0032551
-0.000348103
-0.00313821
-0.00177526
0.000178466
-0.000292762
-0.000152176
0.000140844
0.00607788
0.00609125
0.00130549
-0.00252564
-0.00228229
0.00110078
0.00132577
-0.00250255
-0.00225147
0.00110931
1.70586e-06
0.000399257
0.000422043
-9.79307e-07
0.000480798
0.000112612
0.000113067
0.00151428
0.0020638
0.0163634
0.0052641
0.00207244
-0.00177199
-0.00275631
0.00124818
-0.000840303
-0.00177267
-0.00274352
0.00124489
-0.000845836
-0.000294841
-1.53772e-07
2.08297e-07
-0.000294838
0.00142346
-3.97319e-05
0.00020822
0.00142356
0.0018778
2.91524e-05
0.00498053
0.00038318
0.00187696
-3.22714e-05
0.00494515
0.000395325
-3.84803e-06
-0.000440762
-0.000440757
-0.000420146
0.000806414
0.000411076
0.000410945
0.000134054
0.000249655
0.0662839
0.000308382
6.7498e-05
0.000260304
0.00138178
0.00651634
-0.00123772
0.000317561
0.000130679
-0.00222868
0.0667266
0.0102527
-1.76249e-06
0.0483488
0.000886129
0.00459295
0.000725762
-0.000196111
0.032018
7.36486e-05
4.12322e-05
0.000403948
0.0518872
3.01328e-06
5.17956e-05
0.0548759
0.000775637
0.00388687
-0.00261126
0.00836886
0.0152737
-1.67354e-05
0.000450279
0.00526473
0.0218342
0.00147617
0.00137688
-0.000215901
0.0174799
0.00201832
0.00167842
0.0121622
0.017637
0.00325053
0.00108572
0.00237639
0.0114595
0.00119666
0.00138779
0.00148172
0.0182383
0.000311584
0.000152806
-0.00202559
0.0637049
5.42466e-05
0.00144831
0.00648596
-0.00123961
0.0111774
-2.12598e-06
0.0483339
0.000886799
7.84303e-05
5.10244e-05
0.000401952
0.0518228
0.0046439
0.000756587
-0.000163885
0.032051
2.81274e-06
4.44239e-05
0.0546124
0.00071978
-2.67256e-05
0.000458421
0.00528014
0.0217262
0.00304329
-0.002612
0.00838334
0.015331
0.00158873
0.00133036
-0.000251992
0.0174918
0.00498844
0.000741904
0.00130501
0.0108379
0.00202198
0.00166923
0.0121836
0.0175875
0.00123088
0.00139049
0.00150822
0.0181878
-8.91648e-06
-1.13614e-05
0.0567245
0.00147551
-7.29336e-08
3.47153e-08
0.0485114
-5.31309e-05
-0.005587
-8.03818e-05
0.000989214
7.79539e-05
0.000156207
0.00230776
0.000134708
2.22182e-07
-2.28915e-07
-0.0129255
0.0559236
0.00335696
-0.00196762
1.50779e-07
0.0530668
-2.84492e-05
-0.0108776
-0.00043063
0.00042252
0.000387207
0.00100586
0.0020205
0.001065
-0.000753314
-0.00083052
-0.00026498
0.00481326
0.0285815
0.00177433
0.00211899
0.000338675
0.000151059
0.00175897
2.27112e-05
0.00601682
0.00517688
-0.000437617
0.00215851
0.00051215
0.00131815
-6.51282e-05
-5.15864e-05
0.00166133
0.0186809
0.00296125
0.00311954
0.00018337
7.64872e-05
-0.00456654
0.000426974
0.00475989
0.00606968
0.0282815
0.00246078
0.00112247
0.000582981
-8.97099e-06
-1.01027e-05
0.0567569
0.0014738
0.000141751
0.00230304
0.000130062
5.00291e-07
-1.30663e-07
2.80172e-07
0.0485082
-5.62932e-05
-0.00553172
-8.16777e-05
0.000979393
7.80016e-05
2.06525e-06
-0.0129603
0.0559175
0.00335917
0.00100275
0.00202031
0.00106516
-0.000753509
-0.00196792
2.40586e-07
0.0530637
-3.06209e-05
-0.0108833
-0.000433748
0.000422183
0.000384159
-0.00082329
-0.000286464
0.0046527
0.0285568
-0.000447338
0.00215965
0.000487534
0.00132081
0.0017474
0.00210729
0.000329043
0.000154047
0.00170987
2.21481e-07
0.00602875
0.00564572
-6.82693e-05
-4.59315e-05
0.00167998
0.0186749
0.0282885
0.00246224
0.00111733
0.00058545
0.00295808
0.00311226
0.000154035
7.61137e-05
-0.00453748
0.000433614
0.00476018
0.006089
-0.00405772
0.00161105
0.00363418
0.000813189
0.00393589
-0.000772656
-6.13855e-05
0.00999038
0.00526918
1.70685e-06
0.00012749
0.000134694
-0.0131964
-0.00835508
0.000125439
9.54108e-05
-0.00374857
-0.00228063
-5.26305e-05
0.00150493
6.78094e-05
0.000213564
-4.94301e-06
-3.54916e-07
-0.00655329
0.000124569
-0.00224727
0.000159122
-0.0308553
0.000181252
0.0534037
-0.000337225
1.33016e-05
-5.14408e-07
-6.08364e-05
-4.64039e-05
0.0134502
0.00025114
-0.00011496
-0.000105024
0.00484725
-0.00383879
-0.000166559
0.00249754
4.92607e-05
9.97682e-05
-1.82045e-06
-3.06241e-06
0.00151052
-0.000249306
8.10461e-05
8.17684e-05
0.000775807
-0.00739126
-0.0115884
-0.0114291
0.00428468
-0.00141629
0.00686519
0.00764177
0.00284974
-0.000317311
0.00139008
0.000913517
0.0278755
0.00244401
0.000229283
0.000229594
0.00835011
0.00342225
5.26765e-06
-0.000192148
0.00211419
-0.00497126
0.000763775
0.000581604
0.0330562
0.000858827
-1.74623e-05
0.000436799
-0.00330453
0.00126361
0.00328388
0.000658656
0.0039367
-0.000788296
0.00930064
-6.88446e-05
-0.00375412
-0.00233558
-5.35743e-05
0.00150677
5.31086e-05
0.000213063
-3.62194e-06
-3.46601e-07
-0.00664393
9.91567e-05
8.5107e-05
-0.00224684
-0.0309025
0.000198776
0.0536299
-0.000354453
0.00493134
-0.00377975
-0.00018274
0.00251593
4.42389e-05
8.70426e-05
-1.26631e-06
-4.21076e-06
0.00429991
-0.00144657
0.00747396
0.00665803
0.00284634
-0.000322232
0.000910657
0.00138931
0.00209997
-0.00495229
0.000562244
0.000660167
0.033057
0.000858129
0.00045233
-1.64928e-05
-0.00742109
-0.000481015
1.93764e-05
2.98451e-05
0.000261396
0.00242795
-7.40966e-07
1.81558e-07
-0.00468669
-0.0016016
-0.00545407
0.00385992
0.000165022
0.000829065
-0.00214703
-0.000798771
2.59235e-05
-7.51885e-05
0.00012341
0.000124912
2.26252e-07
2.55745e-07
-0.000242562
-0.000242563
0.000541369
0.000216014
-0.00293129
-0.00178141
-0.0060253
-0.00606753
0.000511289
0.00106927
-1.61903e-07
1.45702e-07
-1.52647e-05
-1.52694e-05
3.10755e-06
-0.00565233
-2.17389e-05
-2.17316e-05
0.00275363
0.00296033
-0.000399607
-5.8126e-05
0.0404353
0.0037074
0.00308165
0.00178186
0.0039627
-0.00374554
8.47278e-05
-0.00660484
0.000278405
0.0009594
0.00266564
0.0026482
0.000880642
0.000801539
0.00106249
0.00106602
0.000363081
0.00013231
0.000428074
0.000427345
-0.00740525
-0.000483635
1.66322e-05
3.44575e-05
0.000251714
0.00242429
-1.21815e-07
1.66048e-07
-0.0051041
-0.00190267
0.00355468
-0.00553751
0.000162005
0.000829887
-0.00213841
-0.000803946
0.000537481
0.000216448
-0.00168861
-0.00293468
-0.00602303
-0.00573892
0.000510659
0.00111101
0.00277337
0.0029871
-5.57429e-06
-0.000407744
0.0404413
0.00370997
0.00179902
0.00306324
-0.00224738
-0.00299822
-0.00126135
0.00013767
-0.000419751
0.00628873
0.00175336
0.00137663
0.00230392
-0.00208189
-0.00642325
-0.00308796
0.000822744
0.000813394
0.000324037
-0.00652954
-0.00230681
-0.00302917
-0.00131809
0.000134467
0.000793438
0.000797081
0.000345099
-0.00656937
0.00182123
-0.0020787
-0.00649349
-0.00305507
-0.000406629
0.00633139
0.00175327
0.00138961
0.00519996
2.31903e-05
7.77471e-05
2.87384e-06
0.00541018
1.73383e-05
7.47312e-05
-3.57531e-07
0.000100393
1.83758e-05
-2.92243e-06
0.000373522
0.000107882
1.69824e-05
-2.09294e-06
0.000374874
0.000473104
0.00465456
-0.00196267
0.000267231
-0.00108606
-0.0120533
-0.00379081
-0.0111019
-0.00106982
-0.00909316
-0.00379516
-0.0198358
0.000480771
0.00451667
-0.00194034
0.000284138
-0.00883575
-0.000640025
0.0031578
-0.0111532
0.00903144
-0.00189182
0.0147796
-0.000340996
-0.00229009
0.00894746
-0.000521479
0.0139009
-0.000690246
-0.00915669
-0.0112425
0.00303381
-0.0078049
2.26852e-05
8.43997e-08
-0.000151125
-0.00853873
0.000413192
0.000121134
-0.000235545
0.000767452
-0.00409163
-0.0162427
0.00439561
-3.16857e-06
0.00241108
0.00255862
-0.000193911
-0.00778479
2.17946e-05
-9.26123e-07
-0.00014414
2.36489e-05
0.00238859
0.00255646
-0.000104586
0.00381963
-0.00190481
-0.0120809
0.00664
-0.00853812
0.000407137
0.000120869
-0.000232483
0.000199531
2.00541e-07
8.75473e-07
0.002219
1.99204e-07
0.000190683
0.0022188
-4.49983e-07
0.00148235
0.000298117
0.00286714
8.07089e-07
0.00030531
0.0014832
1.02095e-07
0.00286877
0.0457483
0.00338012
0.00512562
0.00291052
0.0367692
0.00176506
0.0020955
0.00273048
0.00179631
0.0367578
0.00274645
0.00212717
0.00343367
0.0461528
0.00291437
0.00509877
-0.000809627
-0.0121379
0.00757415
0.00620634
0.0146695
0.00543666
-0.00421966
-4.20361e-05
0.00157066
0.0012299
-0.000740629
0.000795656
0.00191751
-0.000114908
0.00022668
0.00109849
-0.000809761
-0.0121343
0.00758956
0.00481594
0.00194726
-0.000108811
0.00023258
0.00114378
0.00159235
0.00128226
-0.000704043
0.000869971
0.0146026
0.00544124
-0.00417012
-4.26151e-05
0.00179842
2.60597e-06
-0.00624608
-0.00115254
0.00180805
2.60597e-06
-0.00624262
-0.00115781
8.55036e-06
2.47834e-05
3.50592e-05
0.000287618
8.53947e-06
2.18059e-05
2.4092e-05
0.00028507
0.0307514
0.000791949
0.000181913
0.000918506
0.0254177
0.0270398
0.000901458
0.00313963
0.0255273
0.0269491
0.000895895
0.00312855
0.030758
0.000789625
0.00017761
0.000917871
0.0049106
0.00648299
0.00187982
-0.00712645
0.00642109
0.00490562
-0.0072485
0.00187062
0.00720541
0.00478126
0.00161966
0.00269911
0.00479751
0.00716667
0.00269973
0.00163988
0.00860209
0.00929777
0.000475232
0.042477
0.038445
0.00198246
-0.00099545
0.0238414
0.000387394
0.0367695
0.0382796
0.00105617
0.00623639
0.0139442
0.00524387
0.00776959
0.00195098
0.0136665
0.0122823
0.0167491
0.00871095
0.00799025
0.00194245
0.0512493
0.000796688
0.0424591
0.00861633
0.0093141
0.0391708
-0.000103303
0.000390096
0.0367684
-0.000794826
0.0238212
0.038353
0.00104356
0.0052312
0.00783789
0.00615255
0.0139917
0.00205854
0.0137283
0.00872149
0.00798582
0.0122416
0.0168125
0.001988
0.0514865
0.0371009
-9.92424e-05
0.0472515
-5.04105e-05
0.00234861
2.15853e-05
-0.00199532
2.59041e-07
0.0538015
1.50745e-05
0.0534469
0.000702892
0.000208389
0.00119258
0.000735908
-0.00443884
0.0028612
0.0305066
0.000289664
0.000273155
0.00679817
0.00216929
-0.000789979
0.00833616
0.000819789
0.00470387
0.000301399
4.27637e-05
0.00143267
0.00578358
0.000862882
0.000226062
0.0379537
-9.62309e-05
-0.0019959
2.43324e-07
0.0472365
-5.01677e-05
0.00238256
8.22084e-06
0.0538046
-1.03709e-05
0.000736221
-0.00440789
0.0534454
0.00069823
0.00020844
0.00119763
0.00291288
0.0300844
-0.00102429
0.00840626
0.000292038
0.000264269
0.00683759
0.00221041
0.000831643
0.00472007
0.000581234
0.000220419
0.000309199
2.30392e-05
0.00142972
0.00551485
0.00553069
0.0234946
0.00222245
0.0303059
-0.000359522
0.00823437
0.00108239
0.00707744
-0.00227226
0.0714025
-0.00227601
0.0713104
1.34467e-05
1.34467e-05
0.000967077
0.000971721
0.0524639
0.00102122
0.0578865
0.00132498
-0.00054511
0.00155851
1.23009e-05
-5.20793e-07
-0.00149616
0.0365957
0.0126337
0.0154803
0.0073536
0.000698957
0.017877
-0.0276744
0.000415065
0.0600577
0.000409767
0.05991
-2.42083e-05
-1.11886e-05
-5.00998e-05
-5.01978e-05
0.0539554
0.000562486
0.0576701
-5.96378e-05
-0.00153212
0.00137951
-2.09711e-06
-3.90963e-06
0.00466904
0.0229718
0.00466672
0.0229501
0.000248587
0.000241554
-0.00240514
-0.00230859
0.00320308
0.0219445
0.00554501
0.0260937
0.00163396
0.00103331
0.00153854
0.000222071
0.00242087
0.011043
0.00239952
0.0115292
2.42181e-05
5.39766e-05
-0.000500939
-0.00050342
0.00224233
0.0160574
0.00145893
0.0173196
0.000797323
0.000593874
-0.00335046
-0.000592021
0.00550146
0.023487
0.00221813
0.0300991
-0.000361335
0.00833652
0.00694628
0.00107515
0.0525352
0.00102693
0.0578734
0.00132499
-0.000568701
0.001559
9.79966e-06
-5.27803e-07
-0.00146774
0.0365896
0.0125683
0.0155783
0.000689722
0.00744371
0.0177142
-0.0276633
0.0537251
0.000454672
0.0575445
-7.4077e-05
-0.00214323
0.00137474
-9.02875e-07
-3.43648e-06
0.00324214
0.0219062
0.0056436
0.0260647
0.00100953
0.00163023
0.000213092
0.00142005
0.00226262
0.0160435
0.00145534
0.0173223
0.000579229
0.000775634
-0.00058308
-0.00333615
0.0498855
-2.85981e-05
0.0522738
-2.84383e-05
2.25958e-05
-6.18474e-07
-4.73517e-07
1.84162e-07
0.000748854
9.75982e-05
0.000696139
4.65153e-05
0.000620175
0.00136979
-0.000148554
0.000597595
-0.00147568
0.000379233
-0.00147367
0.00037886
-3.09546e-05
-2.4365e-05
0.000376526
0.0003731
0.000353996
0.000127015
-4.38088e-05
-8.32918e-05
-0.00303359
-0.00158143
-0.00389914
-0.00291227
-6.93227e-07
-0.00348883
-6.94223e-07
-0.00348882
-1.52699e-05
-1.5276e-05
-2.17623e-05
-2.17534e-05
0.00401876
0.00574179
0.00602592
0.00626741
6.54152e-05
-7.54493e-05
-9.83606e-05
0.00034808
0.000928499
0.00174833
0.000926026
0.00174854
0.000233947
0.000149817
0.00185973
0.00185177
0.00100033
0.000835684
0.001001
0.000852398
0.00106829
0.00106842
0.000810224
0.000821252
0.0498938
-3.22259e-05
0.0522675
-3.11029e-05
2.26141e-05
-1.16299e-06
-2.99696e-07
1.75226e-07
0.000746988
9.61605e-05
0.000693621
4.42801e-05
0.00132808
0.00061493
-0.000147715
0.000591132
0.000348757
0.00012363
-1.12613e-05
-7.89889e-05
-0.00159065
-0.00303672
-0.00390298
-0.00290368
0.00475737
0.0057378
0.00603462
0.00624877
-7.1991e-05
6.83675e-05
0.000348033
-0.00012235
-0.000776432
-0.000588423
-1.32718e-05
0.00151643
0.00133425
-0.000163668
-0.00232544
-0.00210817
-0.000779668
-0.00059644
-1.3402e-05
0.00151705
-0.000180118
0.00133232
-0.00212259
-0.00232226
0.000247839
0.00026799
-6.39127e-06
-5.05005e-07
-4.80976e-06
-4.95317e-07
0.000550981
0.000540797
7.02898e-05
5.93485e-05
0.000612917
0.00195384
0.00195492
0.000651201
-7.19293e-05
0.000111172
0.0146853
0.00308087
0.000173082
0.000165834
0.000491243
0.00019205
0.00302825
0.0134462
-3.84641e-05
0.000218526
-0.00292204
-0.00188981
-0.00294245
-0.00168745
0.000282035
8.24022e-06
-3.54785e-05
0.000219558
-0.00292201
-0.00189191
-0.0016944
-0.00294985
-2.42404e-05
0.000282581
-1.37808e-07
2.00331e-07
-0.000268692
-0.000268693
-0.000320973
-0.000320976
-1.25538e-07
2.00331e-07
0.000711776
0.000834209
0.0018041
0.00179239
0.0011841
0.00118248
0.000828441
0.000709256
-0.000209835
0.00243828
3.52501e-05
0.00220577
0.00429109
-0.000239137
0.00232012
-0.000631297
0.00243236
-0.000193322
3.53239e-05
0.00220619
-0.000260137
0.00429409
0.00232408
-0.00064008
-9.45041e-05
-8.53929e-05
-1.23336e-06
-7.97221e-06
-1.21622e-06
-7.46745e-06
-2.17573e-05
-2.17513e-05
0.000213331
0.000215166
0.00012897
0.000732185
0.000730671
0.000127043
0.000407579
0.000410125
0.0669864
-9.64942e-05
0.000510259
0.000510297
0.000318233
0.000234497
0.0669938
-0.000190181
0.000239056
6.7877e-05
0.00201466
-0.00245489
0.00206999
0.00018058
0.00319652
0.00360446
-0.000861826
-0.000432673
0.00730476
2.1802e-06
0.00451932
-0.000357176
0.0058674
0.00298306
0.00010983
-1.91264e-05
0.00409093
0.00224941
0.0065934
0.000907704
6.71665e-06
9.96461e-06
0.000481864
0.000383773
0.00220348
0.00486726
0.000118873
-0.000688961
0.00340561
0.00405501
0.00158729
-7.69028e-05
0.00120509
0.00105797
0.00110539
0.000489195
0.00398585
0.00243304
0.00887001
0.000454977
0.00372236
0.00148903
0.0011839
0.00106718
0.0242582
0.000634176
0.00221191
-3.41152e-05
0.003184
0.00365123
0.000231188
6.27106e-05
0.00198174
-0.00222984
-0.000842029
-0.000453187
0.00765595
1.8307e-06
0.000109956
-5.49242e-06
0.00392811
0.002284
0.00468853
-0.00036914
0.00585472
0.00294032
0.00675115
0.000857753
6.73527e-06
1.09916e-05
0.00012645
-0.00064784
0.00345166
0.00411635
0.000503358
0.000402054
0.00248555
0.00498867
0.00163802
-8.99766e-05
0.00118693
0.00110548
0.00877029
0.000358269
0.00373167
0.00155788
0.00112596
0.000502501
0.00397951
0.00234674
0.00119511
0.00112718
0.0239469
0.000554435
-0.00493933
0.00174876
0.00153972
-4.61913e-07
5.51368e-05
1.91642e-06
2.64547e-07
-2.12583e-05
0.00277187
-0.00032701
-0.00763969
-0.000301962
0.00164484
0.000446742
0.000177837
0.00204219
-0.00298262
-0.000177825
0.00310907
-0.00680208
-0.000762581
2.44467e-05
-0.000703497
1.922e-07
-0.00946123
-0.000217588
-0.00965114
-0.000834462
0.00262067
0.00285657
0.00468743
-3.69485e-09
-0.000634238
0.000296254
-0.00981078
-0.000800226
0.00193158
0.00184373
0.00243875
0.00246851
0.000110579
-0.000152248
0.00666123
-0.000655212
0.0010682
0.000562089
0.016359
0.00288121
0.000116784
0.000183973
0.00417455
0.000333801
0.00268696
0.00279763
0.00309158
0.00255506
0.000510553
0.000388658
-0.00461614
0.00103871
0.0292355
0.00228402
0.0699098
0.00153183
-0.00507714
0.00174856
0.00153915
3.67705e-06
0.00163732
0.000448511
0.000165574
0.00203837
5.76488e-05
1.4325e-06
1.72782e-07
-2.19737e-05
0.00281555
-0.000328152
-0.00762801
-0.000304877
-0.00300729
-0.00042979
0.00309654
-0.00680002
0.00261655
0.00285657
0.00468298
-2.97395e-09
-0.000764609
2.3752e-05
-0.000705821
1.43644e-07
-0.00945216
-0.000213469
-0.00965063
-0.000837947
-0.000792311
0.000188223
-0.0099915
-0.000873795
0.000861171
0.000617874
0.0164225
0.00287737
0.00195044
0.00183426
0.00242654
0.0024674
0.000105198
-0.000155331
0.00731894
-0.000118603
0.000123903
0.000187062
0.004171
0.000314819
0.0280629
0.00229263
0.0699056
0.00154301
0.00261756
0.00279898
0.00309459
0.00259045
0.000509431
0.000391067
-0.00491521
0.0010347
0.00151741
-0.00270868
-0.00129037
0.00984094
0.00406969
0.00445017
0.00489385
0.00513867
0.00532063
1.45461e-06
1.75305e-06
0.00531969
-0.00441893
-0.0108802
-0.0109444
-0.00441306
-0.0036946
-0.00275478
-0.00148427
-0.00320012
0.000146174
4.87061e-05
8.94086e-05
0.000282373
0.0135927
1.12994e-05
0.00200539
-0.000408319
-0.0225253
0.0052008
0.00437071
0.00111766
9.53403e-06
-4.8649e-07
-4.85374e-07
1.1111e-05
0.0137379
0.00101438
0.00101643
0.0136779
0.00269191
-0.00105443
-0.00251065
0.00436239
-2.64981e-05
0.000884671
-0.0007915
0.000209775
-0.000147853
0.00124981
0.00124795
-0.000118066
0.00140088
0.0129801
0.0129638
0.00143718
-0.00406259
0.00947846
0.00734814
-0.00515199
0.00369966
-0.00170192
0.000830503
0.00156202
0.0295341
0.00263938
0.00263881
0.0295464
0.00694709
0.00309887
0.00309761
0.00692828
0.00228082
-0.00479427
-2.17417e-05
0.00184455
0.0325399
0.000907506
0.000819163
0.0334564
-0.00276383
0.00146545
0.00932265
-0.00120812
0.00429019
0.00416819
0.00447758
0.00415723
-0.00276786
-0.00370097
-0.00320218
-0.00148367
4.0692e-05
0.000145316
0.000282714
7.62765e-05
-0.00042129
0.00196394
9.85314e-06
0.0148155
0.00515886
-0.0225438
0.00112717
0.00438499
-0.00101342
0.00263826
0.00440864
-0.00250591
0.000891414
-1.70391e-05
0.000209194
-0.000791082
-0.00507669
0.00667721
0.00973082
-0.00455461
0.00156078
0.000830471
-0.00167868
0.00369785
0.00184433
-4.33557e-05
-0.00511011
0.00237741
0.0334558
0.00081956
0.000905669
0.0325561
-0.00751387
-0.00032205
-0.000225062
-0.00780155
0.00237104
0.000245711
0.000283304
0.00248246
0.00530679
0.00172171
0.0135698
-0.00742135
-3.14999e-06
0.000290335
0.000192611
-1.14661e-05
2.00152e-05
-1.17685e-06
1.21498e-06
1.99402e-05
0.00042582
2.51402e-07
2.3773e-07
0.000425686
0.000575272
0.000156772
0.000218317
0.000400385
0.00855401
-0.00232154
-0.000343053
-0.00291057
-1.4032e-07
0.00033194
0.000331941
-1.4011e-07
2.8571e-06
-0.00573593
-0.00573595
2.85707e-06
0.00251395
0.00215747
0.00269585
0.00250462
0.0438417
0.00321211
0.00288775
0.0374903
0.00339627
0.000210239
-0.00897298
-0.00572256
0.0015942
0.00206802
0.00203241
0.00156869
0.000969336
0.0011852
0.00118287
0.000957122
0.000178376
0.000286026
0.000302754
0.000176619
-0.000323621
-0.00748878
-0.00780074
-0.000227472
0.000239096
0.00236928
0.00247902
0.000274058
-0.0074022
0.0135791
0.00172284
0.00530929
0.000274238
6.90289e-06
-1.22926e-05
0.000190778
0.000503466
0.000315419
0.000156594
0.000576481
-0.00235037
0.00890872
-0.00282158
-0.000314993
0.00253498
0.00271402
0.0021797
0.00251339
0.0376502
0.00289425
0.00320647
0.0438366
0.0281705
0.0455712
-0.00158693
0.00708192
0.052832
-0.00396333
-0.00340977
0.0495726
-0.00169638
0.00185009
-0.00184059
-0.00275298
0.00505192
0.00686417
-0.00257855
-0.00348914
0.0426294
0.00121396
0.00320982
0.0468725
0.0017337
0.00150112
0.00626981
0.000375535
-0.000867932
-0.000982168
0.000695152
-0.00224373
0.0581212
0.0558731
-0.00109546
-0.00187601
-0.00246808
0.00330236
0.000775063
0.00206123
0.00721949
0.00244842
-0.00306114
0.0047
-0.000735401
0.00230089
0.0114096
0.00183549
0.00284191
0.00273841
-0.00366188
-0.00887793
0.00837284
0.007968
0.00156679
0.00386231
0.011595
0.00466377
0.000893227
0.00605892
-0.00162036
0.00383
0.00391968
0.00765148
0.0062519
0.00145991
-0.00341646
0.0034705
0.0289781
0.00712536
-0.0015765
0.0459391
0.0050463
-0.00362973
-0.00259021
0.00690259
-0.00169393
-0.00276505
-0.00186908
0.00168593
0.0528012
0.0495282
-0.00345511
-0.00397113
0.00842755
0.00393578
0.00156176
0.00799889
0.00630193
0.00370666
-0.00337028
0.00144947
-0.0016153
0.00753052
0.00392949
0.00381658
0.0116413
0.0062715
0.000897917
0.00455645
-0.00244215
0.00204718
0.00078477
0.00317973
0.0028463
-0.00901091
-0.00366234
0.00272984
-0.0007129
0.00181633
0.0110302
0.00230875
0.00723136
0.0045997
-0.00321129
0.00239856
0.0426445
0.0467792
0.00334276
0.00122564
0.0580949
-0.00188732
-0.00107426
0.0558803
-0.000862408
-0.00238878
0.000729734
-0.000981308
0.00171841
0.000374375
0.00627062
0.00134868
0.00397529
-0.00088475
0.00625759
0.00809887
-0.000844467
0.00536235
0.00529834
-0.00225047
0.000305213
0.000175076
0.000113312
0.000188964
0.00109943
0.00095603
3.65991e-05
6.712e-05
0.00452535
0.00860185
0.0065362
-0.000617424
0.00110511
5.38065e-05
3.12886e-05
0.000958861
0.000332393
0.000202604
0.000111285
0.000175432
-0.000846997
-0.0021508
0.00540345
0.00536268
-0.00207868
0.00107509
0.000887704
0.00234134
-0.00175864
6.77261e-05
0.000428131
-0.000183425
0.000486116
0.000247652
0.000315326
0.0006762
0.0012516
0.00139662
8.81967e-05
6.4299e-05
-0.00208172
0.00234094
0.000895816
0.00108248
0.00124842
7.82279e-05
9.88804e-05
0.00139745
0.000469605
0.000673533
0.000316175
0.000247724
-0.00175324
-0.00018298
0.000427824
7.17253e-05
0.0154865
0.0170733
0.0036133
0.00508534
0.024696
0.0047308
0.00517516
0.0208695
0.000672082
-9.27183e-05
-0.00194273
-0.000265154
0.00437067
0.00487082
0.000370024
0.00143209
0.0247946
0.000236096
-0.018183
0.0268455
0.00121413
0.00404607
-0.00308692
0.00109486
0.0017807
0.00207343
0.00051109
-0.00145924
0.0258234
0.02661
-0.00137346
0.00262252
0.0246698
0.0266573
-0.0206853
0.000137867
0.0257947
0.00262211
-0.0013982
0.0265329
0.00178407
-0.00655613
-0.00411516
0.00206453
0.00105874
0.00111875
-0.00695339
-0.00056576
0.0155064
0.00506495
0.00361785
0.0171083
0.00436926
0.00142433
0.000374008
0.00487401
0.000687861
-0.000235253
-0.00192007
-7.58454e-05
0.0246677
0.0208415
0.00520098
0.00472681
0.0311913
0.00605041
-0.0073493
0.0576058
0.0266941
0.00422
-0.00651691
0.00183198
0.0176466
-0.0066434
-0.00878823
0.00178224
0.0737102
0.0696185
-0.0134391
-0.0115482
0.0215384
0.0160987
0.0108719
0.0165335
0.0223483
-0.00543884
-0.0047747
0.0256545
0.00598791
0.0117718
0.0174165
0.00301119
0.0391393
0.0288037
0.0138836
0.0120008
0.0215304
0.0165265
0.0109094
0.0160494
0.039057
0.011604
0.0138053
0.0287602
0.00599287
0.00285475
0.0169456
0.0114209
0.0223473
0.025561
-0.00490604
-0.00538357
0.0315389
0.0575675
-0.00739179
0.00586202
0.0737076
-0.0115604
-0.0135413
0.0694924
0.0176384
0.00180991
-0.00889464
-0.00656147
0.0267254
0.00132955
-0.00661302
0.00424693
0.0465945
0.0479098
-0.00769721
-0.00709602
0.0505673
-0.00736351
-0.00776298
0.0492018
-0.00231125
-0.00251917
-0.000188309
-0.000383153
0.000465495
-0.000163895
-1.11481e-05
-0.0010193
0.0541692
-0.00973041
-0.00873261
0.0533196
-0.00265713
-0.00250558
0.000194244
-4.93552e-05
-0.00219527
-0.000128475
-8.00581e-05
-0.00272393
0.0517486
0.0526717
-0.00819942
-0.00751253
0.00160701
0.00120281
0.000108138
0.00295462
0.00259776
0.00273714
-0.000227681
0.00555599
-0.00100364
-0.00152434
-0.000161782
0.00251937
-0.00155337
0.00316964
0.000352808
-0.00108602
0.000715336
0.00226952
0.00262845
0.00670934
0.00157333
-6.88509e-05
0.00231352
0.0023731
-0.00135762
0.00279706
0.00274424
-0.00127524
0.00637839
0.00599441
0.00265598
0.00258302
0.0465535
-0.00705562
-0.00768909
0.0478995
0.000466641
-0.0010172
-9.13358e-06
-0.000165314
-0.00230884
-0.000380872
-0.000185326
-0.00251457
0.0505755
0.0492043
-0.00772924
-0.00733784
0.000782133
0.00669273
0.00262603
0.00224131
0.00637281
0.00268211
0.00268286
0.00598387
-0.00139584
-0.00127741
0.00277506
0.00281508
0.0015735
0.00237268
0.00231375
-7.86155e-05
0.00158592
0.00294726
0.00121637
0.00345924
-0.00154563
-0.00102137
0.00147693
0.0031782
-0.00100763
0.00255393
0.000996377
-0.00149433
0.00259365
0.00555986
0.000853372
0.00271005
0.0541681
0.0533177
-0.0087279
-0.00973355
0.0517444
-0.0075039
-0.00820042
0.0526651
-0.00220063
-0.00273042
-7.91082e-05
-0.000130554
-0.00266221
-4.7338e-05
0.000195063
-0.00250954
-4.64561e-05
0.000167257
0.000188892
-5.15492e-05
0.000393495
-0.000194239
0.00213078
0.00195488
-0.000281912
0.00239938
0.00234273
-0.000255371
-2.85331e-05
-4.06407e-05
0.000223478
0.000258217
-4.52432e-05
-5.30385e-05
0.000178328
0.000153649
-3.19642e-05
0.000250527
0.000215772
-4.40356e-05
-0.000281907
-0.000255378
0.00234158
0.00239668
0.000389699
0.00195077
0.00212877
-0.000195953
0.000778313
0.00180916
0.00143328
-0.00105962
-3.07965e-05
-1.54187e-05
0.00220737
0.00243776
-0.000307701
0.00245186
0.00267322
-0.000167974
-3.11366e-05
-3.07201e-05
0.000286227
0.000263055
0.0007837
-0.00105619
0.00144061
0.00181277
-2.8192e-05
0.000272538
0.000294411
-2.8334e-05
-0.000307704
-0.000167977
0.00267575
0.0024554
-3.08029e-05
0.00243786
0.00220818
-1.5424e-05
0.0254594
0.00490629
0.0373835
0.00914604
0.00576879
0.0429959
0.0485367
0.00514304
0.00167878
0.00296794
0.005799
0.00517072
0.0028725
0.00424938
0.00571438
0.00253463
0.0059352
0.030467
0.0317055
0.00122787
0.00202085
0.00202813
0.00371795
0.00352058
0.00165639
0.00472782
0.00429636
0.00208779
0.00642886
0.00702312
0.0335545
0.0395522
0.00581337
0.0010272
0.0315604
0.0302996
0.00640591
0.0395519
0.0333739
0.00703251
0.00164609
0.00208519
0.00430724
0.00473149
0.00202121
0.00352616
0.00372971
0.00202777
0.0258293
0.00916366
0.0373409
0.00515227
0.00286523
0.00250736
0.00565982
0.00425693
0.00168218
0.00516693
0.00575441
0.00296123
0.00573603
0.00541534
0.0488088
0.0430224
0.055087
0.0601722
-0.0186372
-0.00933757
0.0570352
0.00372942
0.00241252
0.0535053
0.00112105
0.00178073
0.00884887
-0.00230996
-0.00341773
-0.000505081
-0.00828048
-0.00319214
0.0170113
0.00338086
0.017239
0.058782
0.00801979
0.00436801
0.0121956
-0.000343401
0.00160549
-0.000864179
-0.0033607
-0.00143536
0.0568722
0.0547115
0.00494103
0.00698138
0.0133725
0.00277212
0.00237684
0.0136734
0.00155882
0.00299423
0.00303908
0.00251565
0.00542109
0.00800239
-0.00141224
-0.00253688
0.00569787
0.0134138
0.00158652
-0.00349541
0.00181857
0.00304373
0.00234956
0.00121909
-0.0022604
-0.0020996
0.00133491
0.0028965
0.00872052
-0.00231534
0.000464061
-0.00561976
0.00167092
0.00142171
0.00207007
0.00259382
0.0550915
-0.00932213
-0.0186439
0.0601865
-0.00342359
-0.00321259
-0.0082885
-0.000511329
0.00107609
-0.00223609
0.00884401
0.00184123
0.0569593
0.0534507
0.00239391
0.0036784
0.00182302
0.00125589
0.00236704
0.00303235
0.00166255
0.00257023
0.00207866
0.00141732
0.00871674
-0.0055559
0.00048777
-0.00231322
-0.00225257
0.00290919
0.00134922
-0.00207567
0.0134048
0.0137026
0.00242251
0.00278876
0.00568605
-0.00348394
0.00158978
0.0133321
0.00542929
-0.00252128
-0.00137827
0.00798722
0.00145008
0.00255175
0.00309688
0.00302871
0.0169603
0.0587348
0.0173412
0.00352826
0.056654
0.00703738
0.00498022
0.0545103
0.00158773
-0.0014459
-0.0033205
-0.000850176
0.00806263
-0.00026974
0.0121252
0.00439712
-0.00381426
0.00255104
0.00324549
0.00483526
-0.00364392
-1.87633e-05
2.73113e-06
-0.00212108
-0.000232429
3.53693e-05
-0.00601829
-0.00571471
9.62105e-05
-0.0081658
-0.00474478
0.000465602
-0.00383087
0.00482736
0.00324824
0.00254789
4.61212e-05
0.000460605
-0.00473694
-0.00818209
-0.000232415
-0.00571471
-0.00601868
3.37346e-05
-0.00364391
-0.00212117
2.73154e-06
-1.87552e-05
0.0013417
0.00048143
7.59648e-05
0.000885796
0.000426562
-3.24309e-05
2.36878e-05
0.000416758
-0.000114411
0.000137914
0.000199033
-7.81659e-05
0.00030849
0.000587142
0.000127724
-0.000376102
0.001345
0.000921539
7.34248e-05
0.000481203
0.00040339
-0.000373383
0.00012589
0.000667395
-0.000113688
-6.63937e-05
0.000191887
0.000151313
0.000435443
0.000408684
1.13941e-05
-1.59353e-05
0.00492413
0.0148544
0.0567154
0.0610054
0.0158116
0.0328404
0.0318809
0.0177277
0.000544301
0.000576397
0.00101475
0.000912007
0.00190881
0.00265573
0.00176192
0.000929331
0.0410358
0.00867768
0.038754
0.0465602
0.00238048
0.0281678
0.0292749
0.00340478
0.00108399
0.00147009
0.00364051
0.00290044
0.0171081
0.0177383
0.0337193
0.0335822
0.0410127
0.0465265
0.0389222
0.00811454
0.0170667
0.0336018
0.0336883
0.0177267
0.00108409
0.00290164
0.00363582
0.00148658
0.00239628
0.0028802
0.0292468
0.0283213
0.00495146
0.0608788
0.056664
0.014876
0.00191435
0.000939365
0.00176765
0.00266214
0.000542774
0.00091183
0.00101493
0.000574698
0.0158043
0.0177498
0.0318805
0.0328452
0.0338046
0.0488898
0.0108173
0.0323061
0.0618356
0.0135188
0.0120111
0.0588098
0.0666605
0.0582347
-0.01326
0.001129
0.0523622
0.0371855
0.00783422
0.039165
0.0337972
0.0323452
0.01076
0.0485724
0.0522909
0.0389662
0.00780283
0.0371946
0.0666642
0.00113003
-0.0132616
0.0582093
0.0618429
0.0585861
0.0119959
0.0135178
0.0189232
0.013534
0.0103442
0.0215031
0.0114834
0.00625997
0.00838589
0.0132518
0.000157213
0.000549872
0.00440478
0.00339602
-0.00207525
0.0186594
0.00715531
-0.0140922
0.0189126
0.0215245
0.0103186
0.0141857
-0.00212945
-0.0137579
0.00715265
0.0187014
0.000222243
0.00336805
0.00440908
0.000565783
0.00949784
0.011175
0.00844431
0.00620747
