-0.715
0.315
-2.13413
-0.715
0.365
2.1606
-0.711403
0.795
-2.115
-0.633871
1.075
2.165
0.715
0.315
-2.13413
0.715
0.365
2.1606
0.711409
0.795
-2.115
0.633871
1.075
2.165
0.0384551
0.0620748
0.168627
0.137525
0.0385272
0.0628792
0.16863
0.13753
-0.0709518
-0.0192039
0.0216015
0.0339837
-0.0115231
-0.0591295
-0.097513
-0.0530514
0.0121769
0.0610372
0.0622188
-0.00269517
-0.0511342
-0.086085
-0.0134569
0.0534664
0.166554
0.137174
0.0248597
-0.0224513
-0.0484808
0.144204
0.210809
0.285402
0.268174
0.181598
0.119177
0.0787505
-0.0815368
-0.0296504
0.00842153
0.0337072
-0.0105541
-0.0622905
-0.102841
-0.0679386
-0.0565635
-0.0933941
-0.0407525
-0.0370827
-0.0598247
0.130326
0.200433
0.286166
0.268472
0.173626
0.108817
0.0693932
-0.0815001
-0.0296158
0.00857121
0.0342614
-0.0103421
-0.0621235
-0.102659
-0.0679173
-0.0564526
-0.0932339
-0.0407362
-0.0369981
-0.0596868
0.130371
0.200477
0.286225
0.268558
0.173735
0.108943
0.0695352
-0.0708571
-0.0190997
0.0219082
0.0347749
-0.0109874
-0.0587309
-0.097129
-0.0529858
0.012231
0.061247
0.063035
-0.0022395
-0.050803
-0.0857358
-0.0134051
0.0534979
0.166635
0.137477
0.0251571
-0.0221878
-0.0481761
0.144307
0.210912
0.285539
0.26837
0.181841
0.119446
0.0790439
0.0303159
-0.0123989
0.0178452
0.0165825
0.0108764
0.0749768
0.0969072
0.156582
0.0505295
0.137631
0.0303208
0.017867
0.0165837
0.0754433
0.156586
0.137637
0.0499178
0.200882
0.0404237
0.212427
0.0652243
0.137174
0.485969
0.589903
0.0500589
0.200899
0.212562
0.137176
0.166352
0.166359
0.0194415
0.218821
0.20687
0.204817
0.204899
0.0528097
0.639682
0.186581
0.186695
0.0647858
0.332133
0.111264
0.0282237
-0.0149067
0.0114864
0.0341016
0.00801155
0.0605738
0.0439197
0.0815407
0.116724
0.0184019
0.0421373
0.0741314
-0.0146426
0.0282426
0.0114529
0.00801266
0.0340456
0.0604707
0.0814513
0.0442068
0.116764
0.0421428
0.018426
0.0741271
0.0244159
0.043584
0.201224
0.0383993
0.0684136
0.0559125
0.224651
0.0637021
0.158088
0.199283
0.152376
0.4711
0.141249
0.213639
0.138997
0.586337
0.0244782
0.0384047
0.0436855
0.201235
0.06915
0.0637848
0.0565011
0.224766
0.158085
0.471092
0.199287
0.152377
0.141253
0.586327
0.213714
0.138992
0.152533
0.184902
0.0103356
0.15497
0.147903
0.0193056
0.138236
0.111926
0.049269
0.174581
0.170237
0.0711925
0.186725
0.188279
0.173281
0.22013
0.115984
0.108932
0.198813
0.315828
0.152502
0.184902
0.147884
0.0193084
0.138304
0.111957
0.170335
0.0712608
0.173283
0.220139
0.198851
0.315893
0.211898
0.0510117
0.192839
0.202874
0.0268297
0.0466172
0.208451
0.202345
0.0590715
0.0650015
0.205274
0.633524
0.306547
0.610752
0.617997
0.510524
0.211938
0.0510252
0.192848
0.202923
0.208561
0.202432
0.205317
0.633529
0.133244
0.182933
0.193444
0.137942
0.133174
0.13784
0.193447
0.182942
0.0112249
0.0112261
0.0267839
0.026778
0.178611
0.290649
0.290653
0.178611
0.136823
0.179003
0.179262
0.136406
0.206471
0.214896
0.20945
0.201241
0.206495
0.201267
0.209522
0.214982
0.0447065
0.0447155
0.0574738
0.0574254
0.606851
0.614264
0.614263
0.606851
0.182732
0.145623
0.149139
0.216574
0.182867
0.216611
0.148969
0.14557
0.0681759
0.068269
0.0489965
0.0489623
0.497334
0.110802
0.11081
0.497332
0.158844
0.158812
0.117157
0.117169
0.0185254
-0.0102513
0.0081468
0.0155661
0.00493602
0.0300813
0.0175161
0.0494594
0.0748841
0.00384249
0.0326019
0.0458181
-0.0101383
0.0185516
0.00811343
0.00492877
0.0155728
0.0297758
0.0497039
0.0175038
0.0748841
0.0326175
0.00391726
0.0456913
0.0274824
0.0404637
0.176939
0.0380272
0.0651601
0.0589398
0.20845
0.0632166
0.166859
0.183733
0.159107
0.412666
0.138652
0.201467
0.141255
0.44278
0.0275807
0.0380385
0.0404974
0.176938
0.0660393
0.0633473
0.0596899
0.209201
0.16685
0.412664
0.183735
0.159027
0.13863
0.442796
0.201504
0.141276
0.0386004
0.0441835
0.119472
0.147564
-0.0130961
-0.0129733
0.0057274
0.165262
0.0146571
0.0210554
0.132822
0.019277
0.0478047
0.0152808
0.104703
0.0942159
0.0104024
0.0104024
0.0310392
0.146333
0.0782098
0.0717045
0.158055
0.0743951
0.0936722
0.0937025
0.155706
0.186633
0.142066
0.162276
0.180545
0.221596
0.0482122
0.0482006
0.0899417
0.0979656
0.111428
0.1527
0.199877
0.294402
0.0386127
0.0442391
0.119487
0.147563
0.0146427
0.0210945
0.132825
0.0192815
0.0477687
0.0152796
0.104776
0.094295
0.0785399
0.0723077
0.158143
0.0745001
0.141972
0.162259
0.180551
0.221554
0.111367
0.152707
0.199579
0.294408
0.0467062
0.0528982
0.182432
0.050557
0.203604
0.199668
0.196778
0.201843
0.0403549
0.0403585
0.0304287
0.0435206
0.224108
0.217684
0.210428
0.21162
0.0651962
0.0652383
0.0621476
0.0651228
0.14108
0.163078
0.187249
0.475611
0.490286
0.489908
0.397619
0.564896
0.594276
0.594279
0.605193
0.561812
0.0468722
0.0532526
0.182437
0.0505817
0.203618
0.199677
0.196792
0.201877
0.224264
0.217779
0.210536
0.211703
0.141078
0.162311
0.187288
0.475612
0.158383
0.160874
0.164432
0.174529
0.158389
0.160816
0.164375
0.174505
0.0148823
0.01933
0.0193311
0.0230982
0.205646
0.222974
0.222974
0.22619
0.20204
0.159921
0.213038
0.20204
0.211679
0.203831
0.206195
0.20565
0.211747
0.203897
0.206292
0.205705
0.0527435
0.0497136
0.0559065
0.0527506
0.643819
0.634129
0.630801
0.643819
0.155803
0.180609
0.193277
0.197292
0.155969
0.18069
0.193579
0.197367
0.0654506
0.0679867
0.0680208
0.0648981
0.223203
0.327172
0.327196
0.430095
0.113896
0.1726
0.101638
0.113898
0.111224
0.126187
0.0058522
0.144286
0.116421
0.0120968
0.108173
0.133248
0.0289876
0.135547
0.132873
0.0547489
0.110282
0.147
0.145523
0.143586
0.139947
0.177937
0.108829
0.0961132
0.0831321
0.0869304
0.15158
0.101403
0.00589231
0.144313
0.111248
0.126181
0.116198
0.0120914
0.0290037
0.135438
0.108221
0.133221
0.132894
0.0547506
0.145511
0.143179
0.110308
0.147098
0.139955
0.177939
0.0831282
0.0868941
0.108817
0.0957787
0.151381
0.101408
0.17721
0.0262343
0.178123
0.0442307
0.191968
0.203842
0.0303628
0.0415535
0.168037
0.0697444
0.188241
0.0569143
0.219102
0.196677
0.0605634
0.0666838
0.181905
0.250973
0.196815
0.200084
0.185221
0.477483
0.381715
0.55089
0.211947
0.468314
0.211583
0.215468
0.187865
0.472521
0.601938
0.554735
0.177234
0.0262457
0.0303683
0.0415603
0.178124
0.0442469
0.191979
0.20386
0.168177
0.0699022
0.060629
0.066772
0.188258
0.0570061
0.219195
0.196751
0.181903
0.250972
0.381694
0.550865
0.196833
0.200099
0.18522
0.477414
0.211976
0.468289
0.601937
0.554719
0.211675
0.215525
0.187844
0.472725
0.143022
0.143439
0.138176
0.197702
0.0107253
0.010726
0.152674
0.152179
0.138198
0.160217
0.0152592
0.0230036
0.156107
0.141484
0.164002
0.115596
0.0489928
0.0489776
0.16333
0.163286
0.177918
0.159635
0.0696886
0.0698579
0.186021
0.186021
0.17525
0.175615
0.185412
0.154861
0.202379
0.230792
0.114584
0.11454
0.105581
0.105581
0.174202
0.210596
0.411862
0.20588
0.142975
0.143466
0.197696
0.138205
0.138191
0.160273
0.0152609
0.0230085
0.141634
0.154991
0.164078
0.115607
0.178035
0.159709
0.0697693
0.0699091
0.154848
0.186024
0.230792
0.202378
0.210636
0.17422
0.205893
0.411858
0.209175
0.214403
0.0478593
0.0541827
0.188646
0.191348
0.20729
0.20235
0.0267736
0.0267705
0.0465499
0.046555
0.217406
0.210933
0.192723
0.213568
0.0590554
0.0590306
0.0665865
0.0666331
0.206934
0.202938
0.625416
0.626592
0.3077
0.30769
0.619007
0.61899
0.62263
0.62263
0.507412
0.507412
0.209208
0.214463
0.0478704
0.0542142
0.191355
0.188654
0.207326
0.202383
0.211009
0.217512
0.192876
0.213691
0.202973
0.206992
0.626591
0.625417
0.0955972
0.123397
0.149359
0.117409
0.184369
0.196503
0.174941
0.142891
0.182574
0.184743
0.177354
0.195132
0.109468
0.123372
0.15203
0.162001
0.0954145
0.117418
0.149354
0.123398
0.109469
0.161957
0.152035
0.123384
0.182577
0.195137
0.177355
0.184764
0.184374
0.142935
0.175012
0.196516
0.00742947
0.00573025
0.0150215
0.0156806
0.00744635
0.0156801
0.0150223
0.00575015
0.0283946
0.0303717
0.023015
0.022725
0.0283924
0.0227171
0.023013
0.0303683
0.136134
0.203562
0.207347
0.154163
0.331789
0.400664
0.229949
0.234382
0.331778
0.234385
0.229949
0.400664
0.136127
0.15416
0.207347
0.203568
0.110749
0.129091
0.153872
0.159857
0.10602
0.17723
0.206696
0.163093
0.106029
0.163089
0.206675
0.177201
0.110796
0.159871
0.153928
0.129082
0.176502
0.180278
0.209182
0.205445
0.191887
0.220774
0.214191
0.184651
0.193711
0.186448
0.207831
0.214208
0.184284
0.201013
0.203738
0.18627
0.176451
0.20547
0.209252
0.180283
0.184298
0.186291
0.203784
0.201037
0.193756
0.214292
0.207896
0.186489
0.191907
0.184662
0.214297
0.2209
0.0411287
0.0434525
0.049647
0.0473954
0.0411432
0.0474156
0.0496529
0.0434569
0.0601764
0.0621466
0.0558674
0.0537692
0.0600652
0.053711
0.0558515
0.0621131
0.47895
0.475881
0.638061
0.570725
0.455443
0.609746
0.6353
0.467822
0.45543
0.467812
0.635301
0.609746
0.478939
0.570697
0.638041
0.47584
0.193043
0.164483
0.188329
0.212573
0.0946442
0.119483
0.166318
0.148534
0.107748
0.178494
0.167905
0.106177
0.208315
0.217744
0.208785
0.209854
0.193265
0.21281
0.188422
0.164595
0.208364
0.209829
0.208852
0.21781
0.107654
0.106308
0.167953
0.178464
0.0946852
0.148608
0.166392
0.119506
0.0655211
0.0659013
0.067291
0.0720742
0.0655748
0.0722056
0.0673314
0.0659456
0.0274055
0.0303288
0.067677
0.0738071
0.0274297
0.0737529
0.0676514
0.0303654
0.439674
0.390176
0.423926
0.561689
0.0717552
0.0869729
0.217647
0.182024
0.0717446
0.18214
0.217664
0.0869732
0.439649
0.561696
0.423932
0.390196
0.112531
0.141256
0.166752
0.138786
0.112509
0.138778
0.166771
0.141256
0.0728256
0.0942288
0.100946
0.0942475
0.0726019
0.094255
0.100946
0.0942061
0.00980685
-0.0105174
0.00644725
0.00460804
0.00240591
0.0130131
0.00807658
0.0268201
0.0448637
0.000479093
0.0207372
0.0298278
-0.00982346
0.00984167
0.00640722
0.00240017
0.00461069
0.010687
0.0264977
0.00798751
0.0449359
0.0206671
0.000238498
0.0297048
0.029058
0.0388972
0.145518
0.037626
0.0637349
0.0605056
0.181702
0.0629546
0.167557
0.175444
0.161962
0.326122
0.137983
0.167998
0.139702
0.294873
0.0291732
0.0376412
0.0389023
0.145487
0.0645683
0.063122
0.0612844
0.18334
0.16755
0.326121
0.175443
0.16186
0.13798
0.294865
0.168082
0.139701
0.0355869
0.0403573
0.0896417
0.118838
-0.0125206
-0.0124592
-0.00384565
0.159672
0.0162649
0.0194581
0.121813
0.0189418
0.0200181
0.0148916
0.0840366
0.0736921
0.0111714
0.011172
0.0218354
0.141292
0.0766024
0.0733498
0.152409
0.0759867
0.096367
0.0963605
0.1359
0.146614
0.149841
0.161257
0.173209
0.215736
0.0505252
0.0505257
0.0714642
0.0959161
0.129131
0.146529
0.157085
0.272743
0.0355945
0.0403584
0.0896431
0.118861
0.0162635
0.0194812
0.121816
0.0189455
0.0200982
0.0149227
0.0840444
0.0735242
0.0769994
0.0738858
0.152459
0.076117
0.149816
0.161271
0.173382
0.215684
0.129136
0.146517
0.15715
0.272998
0.0482773
0.0514069
0.155376
0.0502662
0.202977
0.199749
0.198859
0.201362
0.04039
0.0403921
0.0322467
0.0419721
0.216929
0.213676
0.2114
0.211707
0.0652084
0.0652295
0.063686
0.06522
0.137594
0.136951
0.17249
0.319531
0.490471
0.49047
0.442347
0.525458
0.591371
0.591371
0.598791
0.577581
0.0484675
0.0516547
0.155372
0.0502868
0.202989
0.199788
0.198875
0.201387
0.217109
0.2138
0.211534
0.211838
0.137597
0.136963
0.172499
0.319521
0.164396
0.166865
0.163717
0.172209
0.164427
0.166869
0.163782
0.172251
0.0171671
0.0193853
0.0193864
0.0212704
0.212228
0.221275
0.221275
0.225869
0.207971
0.197308
0.216223
0.207971
0.208841
0.204309
0.205429
0.204443
0.208918
0.204384
0.205519
0.204515
0.0527764
0.0512617
0.0543577
0.0527802
0.641057
0.639994
0.637203
0.641057
0.169053
0.179525
0.187761
0.194736
0.169102
0.179583
0.187736
0.194804
0.0651234
0.0663838
0.0664009
0.0648463
0.279628
0.329884
0.329885
0.383015
0.111854
0.123627
0.102643
0.111854
0.023801
0.0376017
0.0862569
0.103374
-0.0143148
-0.0138245
-0.00278185
0.137917
0.00981363
0.013041
0.10795
0.0121329
0.028381
0.0391355
0.0710199
0.111781
0.0069956
0.00844646
0.0197351
0.131118
0.045299
0.0759584
0.122955
0.0576573
0.0309091
0.0399626
0.0930755
0.116911
0.0657294
0.0887264
0.123439
0.12698
0.100597
0.131682
0.135517
0.1699
0.0172051
0.0160521
0.0862455
0.0710269
0.0383911
0.0450386
0.0636464
0.0821171
0.0594631
0.0890515
0.117531
0.0902093
-0.0139948
-0.0136463
-0.00262672
0.137989
0.0238266
0.0376157
0.0862559
0.103418
0.00977061
0.0130166
0.107915
0.0121207
0.0069915
0.00843783
0.0198112
0.131125
0.0280779
0.0390669
0.071037
0.111768
0.0450924
0.0758648
0.122947
0.0576407
0.0659227
0.0887316
0.123503
0.127446
0.0300637
0.0401383
0.0931101
0.116832
0.100456
0.131746
0.135526
0.169899
0.0384227
0.0450475
0.0636366
0.0820762
0.017124
0.0160061
0.0862273
0.0710816
0.0597215
0.089046
0.117673
0.0902146
0.0259122
0.0226753
0.171588
0.0257143
0.0420239
0.045144
0.159667
0.0438463
0.196035
0.202902
0.196574
0.202533
0.0382121
0.0403353
0.032174
0.0399767
0.0667896
0.0700597
0.160762
0.0705167
0.0574213
0.0544037
0.162903
0.0566368
0.212964
0.228437
0.221887
0.225068
0.0634618
0.065184
0.0621327
0.0659743
0.162213
0.160617
0.1718
0.231567
0.193642
0.201082
0.19804
0.19968
0.156375
0.145997
0.175835
0.319655
0.453332
0.4826
0.427427
0.510782
0.13914
0.158592
0.157174
0.38177
0.204211
0.219193
0.21258
0.214284
0.140147
0.149003
0.173339
0.31263
0.572517
0.592034
0.595774
0.572749
0.0259894
0.0227163
0.171605
0.025731
0.0382188
0.0403396
0.0321793
0.0399825
0.0420924
0.0452781
0.161174
0.0438714
0.196052
0.202914
0.196585
0.202547
0.0675967
0.0707297
0.160911
0.0707152
0.0635668
0.0652472
0.0622069
0.0660607
0.0580955
0.0548643
0.162993
0.0567646
0.213022
0.228602
0.221992
0.225212
0.162221
0.160621
0.171797
0.231561
0.453267
0.482543
0.427402
0.510741
0.19365
0.201088
0.198045
0.19969
0.156393
0.146041
0.175844
0.319652
0.13912
0.158641
0.157251
0.381862
0.572518
0.592034
0.595774
0.572725
0.204285
0.219286
0.21267
0.214356
0.14015
0.148674
0.173375
0.312681
0.145651
0.153402
0.150582
0.148507
0.168519
0.19616
0.177294
0.195341
0.00804572
0.0125969
0.0105305
0.010531
0.139071
0.173364
0.157825
0.157821
0.139586
0.155735
0.144443
0.155233
0.019292
0.0193175
0.0172879
0.0211544
0.123361
0.150317
0.140847
0.138643
0.10337
0.117055
0.115947
0.115807
0.0401559
0.0583821
0.049405
0.04943
0.167653
0.1694
0.16884
0.169039
0.166343
0.173552
0.175548
0.163451
0.0727948
0.0695896
0.0704449
0.0705301
0.175063
0.19781
0.186814
0.186813
0.181231
0.200264
0.185822
0.185821
0.174241
0.166091
0.181774
0.169151
0.224003
0.224581
0.211249
0.227819
0.104056
0.164749
0.116298
0.116297
0.121081
0.100634
0.107288
0.107288
0.199824
0.198771
0.18697
0.206424
0.301261
0.323545
0.365907
0.262503
0.14566
0.153407
0.150508
0.148515
0.168588
0.19616
0.195382
0.177298
0.139544
0.15574
0.144443
0.155185
0.0192959
0.019319
0.0172899
0.0211591
0.123388
0.150396
0.1388
0.140916
0.10338
0.116998
0.115876
0.11333
0.166436
0.173639
0.175656
0.163538
0.0728808
0.0696408
0.0705194
0.0705899
0.174247
0.166092
0.169163
0.181766
0.223966
0.224582
0.227822
0.21125
0.199881
0.19879
0.206495
0.187008
0.301246
0.323572
0.262529
0.365901
0.206355
0.213527
0.210536
0.213241
0.0507851
0.0527132
0.0494355
0.0525966
0.194717
0.182395
0.191533
0.192432
0.202331
0.203352
0.205543
0.201901
0.0286106
0.0249316
0.0268016
0.0267995
0.0450689
0.0481654
0.0465837
0.0465866
0.209454
0.207372
0.212476
0.208477
0.212221
0.199765
0.196016
0.208573
0.0606095
0.057461
0.059062
0.0590496
0.0650636
0.0649501
0.0657919
0.0658152
0.209843
0.208042
0.206261
0.203789
0.619484
0.640304
0.631846
0.632642
0.351927
0.261079
0.309303
0.309303
0.593229
0.625323
0.616616
0.616589
0.611595
0.624399
0.619499
0.619499
0.540067
0.472873
0.508794
0.508794
0.206363
0.213582
0.210573
0.213293
0.050803
0.0527237
0.0494478
0.0526192
0.194723
0.182473
0.192438
0.191393
0.202373
0.20341
0.205607
0.20194
0.209573
0.207471
0.208578
0.212596
0.212336
0.199845
0.196109
0.208653
0.209821
0.208084
0.203828
0.206069
0.619501
0.640317
0.632643
0.631835
0.127684
0.12535
0.138415
0.132543
0.18006
0.187764
0.168515
0.185754
0.189205
0.195499
0.190318
0.19198
0.123555
0.136794
0.141244
0.147127
0.12727
0.125286
0.138549
0.132531
0.123493
0.136828
0.141191
0.147649
0.189208
0.195501
0.190321
0.191983
0.180073
0.187772
0.168568
0.185764
0.00854607
0.0116615
0.0109741
0.0132281
0.0085705
0.0116597
0.010975
0.0132295
0.0265154
0.0285572
0.0248634
0.0267785
0.0265071
0.0285516
0.0248581
0.0267736
0.165775
0.180856
0.184553
0.19184
0.275766
0.335937
0.246737
0.300105
0.275763
0.335931
0.246723
0.300106
0.165771
0.180834
0.184553
0.191815
0.124042
0.119181
0.147731
0.145533
0.168512
0.157943
0.191371
0.177389
0.158115
0.168533
0.177339
0.191312
0.119326
0.123928
0.144759
0.147733
0.201753
0.20515
0.207814
0.208121
0.211301
0.216346
0.214638
0.219441
0.210579
0.200322
0.213061
0.208291
0.200548
0.195004
0.204552
0.202089
0.201756
0.205172
0.207843
0.208154
0.200567
0.195018
0.204576
0.202119
0.210668
0.200365
0.213134
0.208353
0.211387
0.216426
0.214707
0.219553
0.0444673
0.0431301
0.046283
0.0465256
0.0431379
0.0444807
0.0465326
0.046293
0.0590513
0.0572408
0.0590488
0.0558161
0.0571727
0.0589943
0.0557765
0.0590116
0.590198
0.585549
0.616628
0.61573
0.605569
0.608101
0.620428
0.620031
0.608101
0.605564
0.620031
0.620428
0.58553
0.590206
0.615718
0.616618
0.177781
0.190399
0.180328
0.187039
0.129554
0.141702
0.149927
0.157655
0.131308
0.149862
0.146753
0.161343
0.212132
0.216179
0.215001
0.219051
0.177887
0.190534
0.180454
0.187159
0.212219
0.216228
0.215064
0.219147
0.131355
0.149835
0.146617
0.161372
0.129581
0.141746
0.149884
0.157721
0.0689617
0.0674313
0.0689326
0.0673812
0.069086
0.0675221
0.0690195
0.067451
0.038094
0.0518715
0.0485204
0.0615597
0.038121
0.0518535
0.0485665
0.0615159
0.483956
0.529559
0.456695
0.503692
0.0980868
0.107949
0.11248
0.1502
0.0980883
0.107959
0.112522
0.150229
0.483929
0.529561
0.456717
0.503694
0.147352
0.152838
0.158677
0.161085
0.152833
0.147325
0.161049
0.158679
0.111697
0.109283
0.10386
0.116455
0.109284
0.111692
0.116449
0.103799
0.0720471
0.0823437
0.00467067
0.104352
0.0844238
0.00316786
0.0595922
0.0901881
0.0169675
0.1007
0.0848056
0.0286183
0.0795961
0.0753425
0.10635
0.0842827
0.10988
0.126837
0.0683075
0.0492386
0.0530809
0.06873
0.0988382
0.0615008
0.00469514
0.104423
0.0720465
0.0823545
0.084381
0.00314361
0.0169632
0.100707
0.0595246
0.0900929
0.0847599
0.0285696
0.106345
0.084355
0.0795016
0.0753565
0.110052
0.126821
0.0531001
0.068728
0.0681385
0.0493308
0.0976002
0.061564
0.11808
0.0276685
0.150635
0.0406822
0.180593
0.176423
0.0299404
0.0395777
0.161277
0.0657698
0.172768
0.0597896
0.19373
0.232147
0.0616408
0.0644633
0.172617
0.285853
0.183136
0.183931
0.17681
0.318068
0.371849
0.453237
0.161441
0.283533
0.197193
0.205762
0.172492
0.303582
0.449203
0.435638
0.118227
0.0276796
0.0299475
0.0395912
0.153245
0.0406949
0.180562
0.176417
0.161252
0.0658187
0.0617618
0.064554
0.172891
0.0599431
0.193752
0.232184
0.172607
0.285803
0.371847
0.453178
0.183141
0.183932
0.176807
0.318076
0.161538
0.283526
0.449203
0.435576
0.197282
0.205789
0.172119
0.303577
0.0917943
0.10689
0.0992237
0.134541
0.117135
0.128451
0.142196
0.161055
-0.00444916
0.153692
-0.00435559
0.154043
0.00573033
0.0057402
0.165563
0.165569
0.113059
0.0155298
0.130135
0.0222805
0.129468
0.138647
0.017484
0.0209972
0.0828004
0.120812
0.080548
0.067429
0.106903
0.105907
0.0963002
0.0944013
0.0213006
0.137022
0.0213207
0.137023
0.0314142
0.0313737
0.143293
0.143293
0.145362
0.0772211
0.157896
0.0732571
0.162791
0.152035
0.0732391
0.0740785
0.133726
0.148024
0.133783
0.147833
0.155528
0.155527
0.183436
0.183406
0.161265
0.196709
0.175354
0.22946
0.184817
0.172897
0.212883
0.228461
0.0685098
0.0923084
0.0685032
0.0922824
0.0899721
0.0899724
0.0964327
0.0964324
0.137463
0.170534
0.17101
0.336518
0.190449
0.206324
0.343842
0.239305
0.0917945
0.106905
0.099227
0.134468
0.117137
0.128541
0.161065
0.1422
0.11305
0.0155243
0.130255
0.0222903
0.12947
0.138574
0.0174863
0.0210039
0.0828149
0.120809
0.0805764
0.0674
0.105857
0.106749
0.09679
0.0944398
0.14545
0.0773039
0.157993
0.0734221
0.162889
0.152054
0.0733572
0.074158
0.161264
0.196694
0.175354
0.229466
0.172858
0.184821
0.228461
0.212891
0.137542
0.170604
0.171039
0.336497
0.206294
0.190276
0.239353
0.343871
0.156423
0.0470413
0.156873
0.0534527
0.181302
0.18347
0.0489762
0.0521333
0.200054
0.204525
0.197347
0.20034
0.19739
0.196042
0.204128
0.200702
0.0321857
0.0419037
0.0321892
0.0419077
0.0304001
0.0303981
0.043487
0.0434895
0.222447
0.222172
0.21585
0.217774
0.214651
0.210997
0.212498
0.21264
0.0636547
0.0655952
0.0636925
0.0656384
0.0621455
0.0621287
0.0655101
0.0655322
0.173998
0.32018
0.172122
0.309278
0.186947
0.186901
0.475738
0.471558
0.446075
0.530535
0.446071
0.530534
0.401056
0.401056
0.570494
0.570496
0.603306
0.579638
0.603306
0.579639
0.606677
0.606677
0.561295
0.561294
0.156433
0.0470792
0.156887
0.0535061
0.181307
0.183478
0.0489987
0.0521747
0.200068
0.204544
0.197354
0.200358
0.196062
0.197412
0.20416
0.200726
0.222584
0.222339
0.21594
0.217863
0.211108
0.21479
0.212394
0.212708
0.174006
0.320167
0.172133
0.309393
0.186924
0.186965
0.471536
0.475733
0.156909
0.155554
0.156202
0.169419
0.170768
0.159773
0.177722
0.173086
0.156909
0.155569
0.15619
0.169504
0.159775
0.170664
0.173067
0.177726
0.0149517
0.0149525
0.0171809
0.0211718
0.0171818
0.0211735
0.0230567
0.023055
0.206847
0.206847
0.215153
0.230253
0.230253
0.215154
0.228182
0.228182
0.193076
0.211448
0.160067
0.160067
0.210459
0.21046
0.211373
0.193076
0.210287
0.21277
0.207184
0.203159
0.210444
0.205954
0.206654
0.204612
0.210364
0.212847
0.207251
0.203216
0.206042
0.210571
0.204662
0.206843
0.0511953
0.0542971
0.0496802
0.0496835
0.0558868
0.0558787
0.0512018
0.0543086
0.643905
0.641637
0.635608
0.635607
0.632222
0.632222
0.641638
0.643908
0.157119
0.161849
0.186385
0.174237
0.181276
0.203844
0.189305
0.204634
0.161905
0.154354
0.186474
0.174306
0.203859
0.181318
0.189403
0.204714
0.0665612
0.0665484
0.0676432
0.0678242
0.0676804
0.0678541
0.0660922
0.0661124
0.220525
0.220629
0.377481
0.274314
0.274321
0.377491
0.427209
0.427208
0.123075
0.102443
0.170933
0.170912
0.101674
0.101674
0.123077
0.102442
0.103539
0.117366
0.123777
0.127653
0.00664092
0.00578952
0.12992
0.152047
0.109811
0.116852
0.00976485
0.0138745
0.103191
0.112664
0.128475
0.133219
0.0281361
0.0299588
0.126346
0.138445
0.115796
0.143561
0.0409458
0.0669852
0.10976
0.120454
0.124925
0.156435
0.142511
0.151694
0.127953
0.163062
0.125037
0.153303
0.158271
0.19075
0.108835
0.107507
0.0894174
0.0952183
0.0789101
0.0846506
0.0808616
0.0910096
0.130103
0.164955
0.08736
0.130893
0.00666992
0.0058196
0.12994
0.152137
0.103449
0.117364
0.123771
0.127651
0.109865
0.116773
0.00977011
0.0138714
0.0281019
0.0300055
0.126295
0.138462
0.103205
0.112695
0.128471
0.133216
0.115804
0.143573
0.0409462
0.0670129
0.142508
0.151515
0.127932
0.16304
0.109801
0.120468
0.124856
0.156443
0.125088
0.153311
0.158236
0.19075
0.0789121
0.0846498
0.0808826
0.0910582
0.108875
0.107631
0.0892993
0.0952663
0.130035
0.164618
0.0873637
0.130943
0.1817
0.149325
0.0276352
0.0244424
0.177028
0.179146
0.0426798
0.0458145
0.195216
0.194183
0.198857
0.205495
0.0297192
0.0303652
0.0413399
0.0434309
0.181973
0.166474
0.0685885
0.0709097
0.190064
0.186419
0.0584897
0.055298
0.212243
0.22376
0.194863
0.20123
0.060317
0.0620975
0.0670585
0.0662925
0.182016
0.182832
0.29635
0.23294
0.191304
0.196468
0.194356
0.20272
0.184727
0.185673
0.482118
0.47692
0.365986
0.392452
0.526914
0.563878
0.211301
0.213816
0.481619
0.432734
0.202881
0.216127
0.217495
0.219456
0.190586
0.186642
0.461726
0.493146
0.593214
0.607342
0.547094
0.559467
0.181704
0.149374
0.0276419
0.0244519
0.0297225
0.0303698
0.0413499
0.0434363
0.176997
0.17915
0.0426951
0.0458324
0.195214
0.194205
0.198864
0.205518
0.182109
0.166593
0.0686929
0.0710543
0.0604035
0.0621477
0.0671263
0.066359
0.190083
0.186433
0.0585912
0.0553728
0.212349
0.223898
0.194903
0.201729
0.18201
0.182847
0.296343
0.232937
0.365982
0.39245
0.527008
0.563801
0.191308
0.196473
0.194362
0.202735
0.184727
0.18569
0.482342
0.477002
0.211319
0.21382
0.481675
0.432738
0.593138
0.607342
0.547099
0.559462
0.202934
0.216205
0.217647
0.219537
0.190598
0.18668
0.461728
0.492245
0.143595
0.13802
0.140399
0.14565
0.123249
0.145961
0.206028
0.184483
0.00823782
0.0128605
0.0128612
0.00825079
0.168758
0.134083
0.13409
0.168606
0.130108
0.146244
0.165958
0.150098
0.0151396
0.0154709
0.0228613
0.0230078
0.140271
0.169204
0.156827
0.122632
0.165542
0.153057
0.108133
0.101349
0.0397939
0.0588391
0.0588708
0.039766
0.158005
0.162873
0.162873
0.157876
0.173516
0.181712
0.163362
0.156485
0.0684898
0.0708827
0.0718063
0.0687545
0.198263
0.173956
0.173969
0.198231
0.172559
0.192069
0.192115
0.172624
0.18504
0.17892
0.150268
0.159162
0.206138
0.20755
0.231705
0.233748
0.101413
0.161801
0.161806
0.101421
0.120605
0.0994594
0.0994595
0.120604
0.175784
0.173037
0.212502
0.209262
0.397459
0.41993
0.213842
0.191837
0.138104
0.143586
0.145688
0.14034
0.184898
0.206048
0.146017
0.123341
0.146243
0.130091
0.150114
0.165966
0.0154714
0.0151407
0.0230113
0.0228675
0.122625
0.156865
0.169262
0.140263
0.153054
0.165517
0.101347
0.108145
0.181817
0.173629
0.156557
0.163432
0.0709878
0.0685503
0.0687929
0.0718583
0.159165
0.150264
0.178879
0.185046
0.23375
0.23171
0.20755
0.206128
0.209313
0.212558
0.173068
0.175817
0.191834
0.213851
0.41993
0.397409
0.204013
0.210734
0.21581
0.20871
0.0496189
0.0476265
0.0539492
0.0558225
0.1932
0.182462
0.188593
0.193209
0.208215
0.206368
0.201686
0.203044
0.0285541
0.0248621
0.0248595
0.0285508
0.0450012
0.0480984
0.048104
0.045006
0.21906
0.215771
0.209376
0.212486
0.19048
0.19933
0.217773
0.210932
0.0606009
0.0574318
0.0574115
0.0605718
0.0662453
0.0669391
0.0669826
0.0662908
0.198407
0.209965
0.20643
0.195449
0.608689
0.633875
0.632634
0.615365
0.354585
0.263186
0.263171
0.354604
0.630314
0.601487
0.601486
0.630371
0.61619
0.628967
0.628967
0.61619
0.469023
0.537771
0.537872
0.469031
0.210778
0.204016
0.208729
0.215908
0.0476422
0.0496276
0.0558463
0.0539922
0.193216
0.188629
0.182471
0.193214
0.206398
0.208257
0.203084
0.201713
0.212565
0.209446
0.215867
0.219179
0.199423
0.190582
0.21101
0.217861
0.195479
0.206463
0.21004
0.198442
0.615394
0.632634
0.633867
0.608464
0.0609938
0.0993738
0.119251
0.0801809
0.11874
0.136262
0.124228
0.106804
0.16356
0.151487
0.140612
0.152643
0.089647
0.0922111
0.131833
0.143084
0.123422
0.195504
0.18881
0.164363
0.200178
0.194886
0.190425
0.198337
0.174016
0.162545
0.172991
0.185202
0.127132
0.13668
0.157659
0.146067
0.173875
0.171963
0.190175
0.192635
0.177096
0.183891
0.187419
0.173248
0.168984
0.186526
0.188718
0.17713
0.197916
0.198762
0.194196
0.194165
0.0762196
0.0839938
0.122394
0.123198
0.100282
0.147324
0.134839
0.0948143
0.161379
0.160615
0.144013
0.150114
0.168903
0.15204
0.150177
0.171209
0.0609359
0.0801175
0.11936
0.0993908
0.0897192
0.142451
0.131658
0.0921497
0.163561
0.152644
0.140652
0.15148
0.118741
0.106784
0.124227
0.136254
0.0762018
0.123194
0.122418
0.0836258
0.168944
0.171201
0.150321
0.151996
0.161342
0.150125
0.144212
0.160622
0.100285
0.0948198
0.134876
0.147173
0.173865
0.192634
0.190179
0.17197
0.197927
0.194173
0.1942
0.198767
0.168985
0.17729
0.188713
0.186532
0.177045
0.173259
0.187444
0.183943
0.123437
0.16437
0.188822
0.19551
0.126959
0.146089
0.157736
0.13679
0.174021
0.185209
0.173
0.162552
0.200185
0.198363
0.19044
0.194901
-0.00122093
0.00390922
0.00915698
0.00701018
-0.00403917
0.00814232
0.00839044
-0.00426426
0.0171736
0.0172338
0.0130434
0.0127286
0.0172407
0.0138178
0.013552
0.0173867
-0.00123616
0.00700566
0.00917213
0.00395133
0.0172399
0.0173889
0.0135514
0.013809
0.0171746
0.0127292
0.0130443
0.017235
-0.00402725
-0.00405888
0.00840915
0.00814958
0.0292921
0.0318696
0.0281
0.0272098
0.0322179
0.0285823
0.0285555
0.0321841
0.021222
0.0211657
0.0248625
0.0248969
0.0206183
0.0239792
0.0246584
0.0210824
0.0292771
0.0271918
0.0280941
0.0318636
0.0206112
0.0210766
0.0246512
0.0239659
0.0212207
0.024895
0.0248581
0.0211625
0.0322158
0.0321797
0.0285507
0.0285802
0.0909495
0.148636
0.164207
0.115446
0.20759
0.215114
0.194176
0.184147
0.214054
0.198509
0.197416
0.216056
0.135701
0.130209
0.171898
0.175115
0.308013
0.413903
0.320583
0.254885
0.44634
0.354919
0.346144
0.438321
0.228164
0.232279
0.25609
0.264298
0.222583
0.232057
0.237676
0.231382
0.308105
0.254873
0.320582
0.413705
0.222551
0.231383
0.237672
0.232056
0.228164
0.264298
0.256081
0.232304
0.446339
0.438319
0.346143
0.354919
0.0909348
0.115395
0.164157
0.14862
0.1357
0.175118
0.171894
0.130219
0.214055
0.216057
0.197394
0.198509
0.207545
0.184093
0.194152
0.215129
0.0742598
0.102235
0.105213
0.123618
0.114034
0.161631
0.134462
0.104987
0.198292
0.174189
0.159087
0.185784
0.159794
0.146131
0.12663
0.139597
0.0585563
0.104985
0.148705
0.0919261
0.148522
0.178013
0.156037
0.141579
0.216656
0.205235
0.193506
0.19859
0.132337
0.126471
0.182636
0.182777
0.0585616
0.0916903
0.148687
0.104985
0.132352
0.182881
0.182712
0.126702
0.21665
0.198589
0.19352
0.205222
0.148516
0.141572
0.156042
0.178019
0.0742481
0.123669
0.10532
0.10251
0.159832
0.139602
0.126704
0.146117
0.198292
0.185795
0.159119
0.174189
0.114043
0.105005
0.134446
0.16171
0.148251
0.15756
0.200327
0.197436
0.155856
0.205142
0.20297
0.156993
0.208014
0.206356
0.209425
0.212025
0.203548
0.204199
0.206794
0.204834
0.17874
0.212423
0.211882
0.167837
0.215787
0.213562
0.2216
0.226158
0.209629
0.214516
0.217679
0.211462
0.156052
0.158781
0.210294
0.207537
0.172414
0.172918
0.20169
0.203677
0.172279
0.19805
0.199345
0.17247
0.205124
0.207216
0.211503
0.208854
0.212277
0.217703
0.214605
0.209737
0.176122
0.19402
0.194714
0.17666
0.200213
0.201279
0.203635
0.201813
0.203788
0.207243
0.205491
0.20253
0.173238
0.174903
0.195122
0.195989
0.14822
0.197442
0.200334
0.1592
0.203574
0.204886
0.206822
0.204216
0.208084
0.212073
0.209463
0.206415
0.155865
0.157002
0.202968
0.20515
0.17612
0.176664
0.194731
0.194033
0.173245
0.196025
0.195145
0.17491
0.203853
0.202578
0.20552
0.207289
0.200238
0.201823
0.203655
0.201311
0.172485
0.203744
0.201746
0.17301
0.212396
0.209844
0.21468
0.217794
0.205235
0.208974
0.211553
0.20731
0.172264
0.172485
0.199392
0.197776
0.180792
0.167939
0.211972
0.212563
0.156027
0.207551
0.210338
0.158799
0.209718
0.211578
0.217772
0.214581
0.21594
0.226308
0.221725
0.213691
0.0391517
0.039776
0.0429036
0.0422644
0.0419385
0.0450354
0.0449783
0.0418832
0.0512283
0.0511661
0.0480728
0.048132
0.0486434
0.0454438
0.0460467
0.0492063
0.0391665
0.0422832
0.0429153
0.0397844
0.0486831
0.0492227
0.0460617
0.0454752
0.0512319
0.0481351
0.0480795
0.0511757
0.0419408
0.041888
0.0449845
0.0450381
0.0615325
0.0619851
0.0588221
0.0583538
0.0636875
0.0606037
0.0605982
0.0636975
0.0543331
0.0542846
0.0574155
0.0574461
0.0518957
0.0551296
0.0555952
0.0523967
0.0613718
0.0582131
0.0587448
0.0618893
0.0518809
0.0523661
0.0555397
0.0550364
0.0543271
0.0574358
0.057385
0.0542674
0.0636686
0.0636408
0.0605545
0.0605891
0.342787
0.319848
0.570164
0.489283
0.31985
0.614844
0.598898
0.319956
0.641358
0.62772
0.625863
0.639643
0.53053
0.523295
0.596616
0.599489
0.29923
0.582408
0.599823
0.30798
0.600258
0.613088
0.613686
0.600934
0.638577
0.638798
0.626332
0.625861
0.314155
0.343053
0.611161
0.61809
0.29921
0.307982
0.599803
0.5824
0.314209
0.618057
0.611129
0.34309
0.638577
0.625861
0.626332
0.6388
0.600258
0.600933
0.613686
0.613088
0.340872
0.489267
0.569962
0.319843
0.530529
0.599489
0.596608
0.523296
0.641358
0.639652
0.625907
0.627901
0.319842
0.319949
0.598736
0.614735
0.166955
0.168223
0.186147
0.224453
0.156199
0.17138
0.175703
0.159719
0.185684
0.1928
0.184386
0.179082
0.215907
0.226779
0.194237
0.202336
0.0621208
0.066576
0.124947
0.106797
0.07359
0.12583
0.133817
0.0757966
0.170637
0.167041
0.161814
0.152691
0.147291
0.141358
0.153253
0.159939
0.0671536
0.107809
0.128793
0.0846762
0.14899
0.188388
0.162527
0.12924
0.173864
0.152113
0.160951
0.186403
0.0821326
0.0835761
0.123783
0.122831
0.164194
0.206554
0.212016
0.155157
0.213295
0.214945
0.219417
0.219259
0.201239
0.208169
0.215686
0.206362
0.164207
0.177509
0.212896
0.205609
0.166181
0.224611
0.186218
0.168576
0.216104
0.202438
0.194362
0.226947
0.185776
0.179179
0.184499
0.192887
0.156289
0.159826
0.175826
0.171483
0.164252
0.155236
0.212032
0.206604
0.164183
0.205646
0.212928
0.17926
0.201337
0.206452
0.215741
0.208102
0.213392
0.219346
0.219493
0.215053
0.0671378
0.0844399
0.128916
0.107854
0.0821689
0.122861
0.123876
0.083595
0.173918
0.186435
0.160986
0.152161
0.149034
0.129513
0.162573
0.188435
0.0621396
0.106777
0.124971
0.0666183
0.147393
0.160011
0.153298
0.141398
0.170985
0.15282
0.161878
0.16712
0.0736019
0.0758116
0.133853
0.126081
0.0645058
0.0661625
0.0680115
0.0691588
0.0654057
0.0656524
0.0668383
0.0657848
0.0662423
0.069044
0.0679358
0.0659424
0.0746259
0.0718872
0.0699225
0.0718431
0.0645734
0.0693415
0.068108
0.0662499
0.0747739
0.0719386
0.0700373
0.072069
0.066261
0.0659641
0.068001
0.0690999
0.0654273
0.0658495
0.0669064
0.0656751
0.015496
0.0186296
0.038777
0.0430877
0.0221519
0.0404207
0.0391804
0.0200429
0.0664862
0.0692219
0.0601118
0.0584966
0.0767146
0.0705203
0.0642907
0.0723742
0.0155374
0.0431211
0.0387631
0.0186265
0.0766079
0.0723052
0.064255
0.0704899
0.0664713
0.058488
0.0600796
0.0691771
0.0221498
0.0201239
0.0391626
0.0404204
0.288639
0.345259
0.519454
0.562037
0.313865
0.35101
0.441716
0.358032
0.380485
0.471321
0.464397
0.373838
0.577948
0.577338
0.535508
0.538571
0.0424587
0.0596441
0.0940592
0.0764177
0.0714279
0.104339
0.0995965
0.0658791
0.277234
0.270484
0.157896
0.163848
0.225588
0.111898
0.139302
0.247792
0.0424662
0.0764724
0.0940628
0.0596556
0.225649
0.247678
0.139299
0.11225
0.277234
0.163848
0.157966
0.2705
0.0714288
0.0658793
0.0995975
0.104339
0.288637
0.562018
0.519467
0.345062
0.577945
0.538683
0.535515
0.577322
0.380485
0.373831
0.464406
0.471329
0.314198
0.358085
0.441701
0.350928
0.0773469
0.116408
0.14245
0.106654
0.138547
0.162629
0.155466
0.133487
0.124089
0.120355
0.160778
0.166581
0.07799
0.11351
0.147381
0.107478
0.0773471
0.10666
0.142444
0.116409
0.0780309
0.107419
0.14738
0.113502
0.124089
0.166581
0.160778
0.120361
0.138516
0.133491
0.155459
0.162357
0.0437437
0.0770555
0.102645
0.0662936
0.095529
0.120843
0.116934
0.0861239
0.102953
0.103377
0.0993282
0.100393
0.0701649
0.0688913
0.108781
0.10585
0.0439231
0.0662882
0.10254
0.0770497
0.0701671
0.106105
0.108781
0.0688905
0.102954
0.100393
0.0993299
0.103379
0.0955293
0.0861451
0.116932
0.120843
