-0.72549
0.215
-2.095
-0.749969
0.445
2.045
-0.817559
0.485
-2.045
-0.715
0.882925
1.905
0.735
0.215
-2.0928
0.756952
0.445
2.045
0.825
0.485
-2.04465
0.725
0.882722
1.905
0.050792
0.213863
0.0154664
-0.0045894
0.0505362
0.192126
0.0140937
-0.00637055
0.0173393
0.0382028
0.118153
0.237524
0.137713
0.0648717
0.0347884
-0.00609719
0.0095878
0.0641867
0.187336
0.0800724
0.0103574
-0.0166091
-0.0294923
-0.00962646
0.00455064
0.0256225
0.0152234
-0.0488353
-0.0882097
-0.0908096
-0.0805952
-0.0896794
-0.113515
-0.134366
-0.15813
-0.185568
0.0082695
0.0259288
0.107754
0.249582
0.0957511
0.030626
0.0124514
-0.0119077
-0.0268208
-0.0395011
-0.0274994
-0.0675712
-0.104509
-0.0878437
-0.0766468
-0.0894425
-0.121067
-0.1433
-0.166484
-0.193866
0.00731316
0.0252667
0.104741
0.234756
0.0900073
0.0260586
0.00742804
-0.01252
-0.0298702
-0.0439431
-0.0280773
-0.0699722
-0.108408
-0.0894431
-0.0783383
-0.091735
-0.124131
-0.146765
-0.170266
-0.198021
0.0148031
0.0357391
0.110897
0.216305
0.12314
0.0539429
0.0241813
-0.00799919
0.00810446
0.059405
0.165141
0.0676401
0.00123145
-0.0263059
-0.0312871
-0.0111062
0.0012058
0.0159473
0.00670989
-0.0563003
-0.0968214
-0.0943034
-0.084332
-0.0946448
-0.120154
-0.141925
-0.166162
-0.194133
-0.058294
0.0148977
0.0923479
-0.0748725
0.0327443
0.210675
0.102214
0.0943895
0.0788413
-0.010714
-0.0567084
0.0713878
-0.0751205
0.174686
0.092796
-0.013934
0.0611623
0.0952846
0.106374
0.173484
0.230915
0.00759171
0.314133
0.453791
0.0589865
0.093496
0.168702
0.00609167
0.137752
0.119579
0.0786581
0.238676
0.134494
0.0872308
0.0825458
0.16502
0.523057
0.169477
0.161144
0.17372
0.296781
0.11338
-0.0904466
0.00714443
0.0216972
-0.054226
0.0381447
0.0246266
0.0105289
0.0393788
0.0127127
-0.0778256
0.0517318
-0.0207668
0.00717821
-0.0904372
0.0216899
0.0387153
-0.054764
0.0245733
0.0384212
0.010663
0.0118868
0.0515262
-0.0782462
-0.0207341
0.116339
0.0722608
0.0951059
0.0974338
0.213552
0.0700063
0.203416
0.254794
0.0165657
0.0576877
0.0133513
0.283676
-0.0141691
0.160147
-0.00166584
0.466618
0.114113
0.0957761
0.0728073
0.0916876
0.172661
0.24219
0.069691
0.179397
0.0158545
0.284703
0.0561851
0.0117866
-0.0179966
0.467048
0.15643
-0.00341946
0.0549543
0.100762
0.0420941
0.0666892
0.165034
0.080955
0.151652
0.0483545
0.073302
0.167138
0.194538
0.197188
0.25693
0.154079
0.129813
0.225235
0.195435
0.133233
0.161216
0.270839
0.0429067
0.058981
0.138994
0.0771583
0.149291
0.0482166
0.170647
0.186819
0.111782
0.224989
0.157887
0.270282
0.0959535
0.153649
0.142424
0.0913088
0.10991
0.13519
0.0818722
0.177924
0.209397
0.224556
0.0612683
0.538069
0.238682
0.474805
0.488424
0.41011
0.0933398
0.149466
0.124226
0.0891039
0.0759189
0.157154
0.0578302
0.537721
0.0344778
0.16551
0.130044
0.0823292
0.0233799
0.079566
0.11193
0.145845
0.0314444
0.0290568
0.110131
0.109842
0.23342
0.223318
0.223131
0.233283
0.104805
0.108402
0.108903
0.0215469
0.10142
0.0911522
0.0640709
0.0593346
0.0997934
0.0559323
0.0598999
0.0871838
0.123318
0.121312
0.191896
0.194342
0.443821
0.503438
0.503031
0.44357
0.198496
0.110813
-0.00303711
0.164549
0.175133
0.14435
-0.00616112
0.107077
0.215673
0.207065
0.161839
0.147445
0.381057
0.16655
0.166091
0.380605
0.0934006
0.0932852
0.0522447
0.0522804
-0.0490368
0.00713268
0.0161921
0.0151465
0.0289651
0.0209437
0.00823657
0.0213589
-0.0112317
-0.0521787
0.0235564
-0.0289698
0.0071749
-0.0498517
0.0161834
0.02924
0.0139383
0.0186937
0.0201996
0.00832894
-0.0113848
0.0232693
-0.0558345
-0.0326332
0.0395827
0.0748853
0.0651813
0.0897099
0.213987
0.132381
0.208737
0.23613
0.016093
0.0367969
0.0144537
0.23414
-0.0100687
0.0537105
-0.00495148
0.284093
0.0393683
0.0903566
0.0747276
0.0626435
0.190764
0.232739
0.131468
0.189519
0.0147854
0.233711
0.0354001
0.0129882
-0.0148511
0.282102
0.049784
-0.00619831
-0.0846225
-0.0515971
0.00685448
-0.00359219
0.00830577
0.00843457
0.0313733
0.0945774
0.0602801
0.109046
0.14926
0.0844768
-0.0606539
-0.0905006
-0.0259565
-0.0103915
0.0325365
0.0325128
0.0637172
0.213412
0.17189
0.21209
0.205152
0.249752
0.0567533
0.0566423
0.22847
0.123528
0.0246684
0.0853677
0.125841
0.209469
0.0663711
0.0662108
0.144771
0.198506
-0.00966187
-0.0172363
0.0156125
0.246974
-0.0833533
-0.0495523
0.00558137
-0.00263351
0.0588798
0.109064
0.134281
0.0767283
-0.0577028
-0.0904844
-0.0277733
-0.0105114
0.171421
0.1742
0.179481
0.242996
0.0145686
0.0833447
0.107879
0.209179
-0.0132586
-0.0199045
0.0149687
0.246307
0.0547154
0.0655521
0.0859604
0.140207
0.103825
0.0788421
0.0922534
0.0935226
0.104678
0.104611
0.0941541
0.120272
0.193073
0.166962
0.1409
0.180455
0.212985
0.209796
0.210268
0.231079
0.0118052
0.00290655
0.0377441
0.30656
0.318628
0.31857
0.228523
0.394454
0.464137
0.464034
0.471108
0.437456
0.0547891
0.0642479
0.0841409
0.140245
0.102227
0.0773735
0.0909592
0.0907732
0.170586
0.162502
0.136539
0.159244
0.0104986
0.00132642
0.035532
0.305002
0.129682
0.152907
0.133783
0.140553
0.111729
0.132832
0.115681
0.122342
0.0626848
0.0788014
0.0772163
0.0991163
0.244295
0.259774
0.259667
0.238883
0.132736
0.129906
0.141051
0.0565969
0.0927348
0.0894367
0.084591
0.063513
0.0893566
0.0855682
0.0790541
0.059273
0.162106
0.150074
0.181358
0.162011
0.535044
0.533878
0.505741
0.534885
0.159344
0.183699
0.164119
0.175392
0.156572
0.16181
0.160866
0.155063
0.107526
0.195321
0.19071
0.181191
0.246101
0.288059
0.287805
0.350129
0.0814878
0.129248
0.093917
0.0813361
-0.0251828
-0.015683
0.0233201
0.0621945
0.0355042
0.0277421
0.032899
0.0346997
0.113346
0.153353
0.100534
0.0988675
0.066115
0.0789138
0.210835
0.117459
0.0379951
0.193066
-0.0303104
-0.0105269
0.116125
0.100924
-0.0171991
0.142048
0.022566
0.0649983
-0.0262159
-0.0150742
0.0308248
0.027207
0.0769556
0.153326
0.00613034
0.0335077
0.0984969
0.097683
0.210762
0.117516
0.0651981
0.079578
0.0384416
0.192899
0.115811
0.0980332
-0.0329159
-0.0111658
-0.020297
0.141821
0.163233
0.123317
0.076455
0.115687
0.0817639
0.0986882
0.0886821
0.109457
0.206623
0.23788
0.0996713
0.172145
0.158095
0.201006
0.212944
0.256798
0.063544
0.204138
0.0587835
0.0535796
0.037257
0.299792
0.220138
0.363721
0.0303746
0.352323
0.118259
0.162783
0.0374544
0.295714
0.485084
0.440597
0.141953
0.117688
0.0867769
0.107936
0.0731392
0.116229
0.0803487
0.0968719
0.182613
0.230275
0.20615
0.243345
0.0985939
0.171847
0.153708
0.17732
0.0598879
0.2039
0.220001
0.363517
0.0573383
0.0513489
0.0355694
0.298574
0.0274767
0.351478
0.484902
0.440279
0.102893
0.159103
0.0347225
0.293968
0.0557484
0.0912207
0.126236
0.102723
0.0335488
0.0327874
0.121874
0.0494062
0.157763
0.165104
0.0630428
0.10581
0.155095
0.155114
0.0691169
0.0286476
0.0885171
0.0750732
0.127004
0.127235
0.196517
0.174735
0.203488
0.167543
0.256339
0.256304
0.139255
0.131941
0.130509
0.119556
0.234841
0.223426
0.184422
0.184265
0.0942224
0.0944312
0.0182959
0.16508
0.324761
0.218693
0.0410088
0.0770037
0.0838753
0.111249
0.130196
0.142807
0.0589556
0.100559
0.152542
0.151952
0.0695949
0.0294664
0.17289
0.169259
0.195132
0.180614
0.101783
0.11241
0.223259
0.234665
0.144997
0.0155591
0.218214
0.324261
0.100817
0.0940942
0.140154
0.171759
0.154205
0.136236
0.0983109
0.0710244
0.110062
0.109759
0.133354
0.133241
0.0884916
0.0575911
0.18821
0.171249
0.212748
0.213386
0.198608
0.193673
0.0630083
0.0602478
0.521059
0.520329
0.239752
0.239655
0.484879
0.484844
0.499649
0.499517
0.402493
0.40233
0.0983891
0.0902603
0.134429
0.166323
0.118079
0.135141
0.0960807
0.0678444
0.0512355
0.0847548
0.166143
0.150747
0.0567631
0.0589265
0.520115
0.520664
-0.0038148
0.146976
0.145194
-0.00188418
0.124428
0.102356
0.153967
0.155024
0.0358803
0.12277
0.135533
0.0796754
0.054776
0.0663049
0.124618
0.0545874
-0.00704622
-0.00307292
0.125616
0.128805
0.0540059
0.0548657
0.106756
0.0653333
0.0348916
0.0782158
0.117378
0.104782
0.120592
0.135711
0.13447
0.100052
0.0200929
0.0260315
0.0610869
0.0584234
0.0197958
0.0556729
0.0604488
0.0263046
0.079346
0.0922431
0.0992382
0.104444
0.0806149
0.107325
0.0992571
0.0924232
0.182595
0.202826
0.271549
0.225988
0.226539
0.23125
0.249726
0.20678
0.226827
0.206525
0.249681
0.231289
0.182462
0.225957
0.271471
0.202613
0.023977
-0.0233388
0.128534
0.0896031
0.0846
0.111987
0.13805
0.0333806
0.0849246
0.0336605
0.118998
0.112755
0.0251333
0.0900672
0.0377787
-0.0223004
0.0710256
0.0815754
0.0953018
0.101174
0.146253
0.148895
0.091087
0.0938803
0.0374159
0.0376538
0.0608312
0.132712
0.0368904
0.0747645
0.0671172
0.0376066
0.0677907
0.102645
0.0922964
0.0785688
0.0352106
0.0355266
0.0636466
0.0725915
0.0344067
0.128644
0.0552371
0.0351708
0.143697
0.0915561
0.0869473
0.144044
0.102817
0.119004
0.147652
0.128935
0.102873
0.129147
0.147631
0.118926
0.18772
0.185852
0.178072
0.152507
0.191268
0.154285
0.178561
0.193283
0.298123
0.303343
0.544846
0.401689
0.289888
0.481894
0.517347
0.301137
0.288019
0.299465
0.517213
0.481781
0.298299
0.40169
0.544787
0.301781
0.208345
0.206707
0.185955
0.190736
0.0552003
-0.0215111
0.167039
0.176517
-0.0279378
-0.00793418
0.159617
-0.0256473
0.0729047
0.174144
0.170247
0.0285375
0.186626
0.168282
0.163976
0.180319
0.0655563
0.0257187
0.150024
0.153352
-0.0305452
-0.0276682
0.156704
-0.0108481
0.0534596
0.171004
0.162916
-0.0237901
0.250174
0.198767
0.194173
0.242307
0.249691
0.23548
0.190353
0.196943
0.0749003
0.0664258
0.101675
0.237022
0.0940125
0.241617
0.102549
0.0668555
0.283151
0.307585
0.342487
0.441559
0.0880608
0.133707
0.235774
0.194586
0.0877207
0.194127
0.235563
0.133549
0.281321
0.441387
0.342294
0.306221
0.096668
0.186079
0.100976
0.0104428
0.0964549
0.0101426
0.101107
0.186061
0.0215304
0.15436
0.0618854
-0.0283382
0.0216837
-0.0278872
0.0620887
0.155053
-0.02381
0.00712708
0.0093921
0.0107553
0.0216201
0.0140805
0.0065795
0.00514623
-0.00776193
-0.0307168
0.01002
-0.0280855
0.00717527
-0.0250625
0.00938373
0.0214438
0.00892081
0.0111658
0.00520633
0.00676101
-0.00774703
0.00971831
-0.0347031
-0.0340462
0.0455309
0.0691625
0.0953275
0.0872698
0.214519
0.152004
0.211714
0.234984
0.0157044
0.0263012
0.0149516
0.147209
-0.00660759
0.0184749
-0.0052939
0.134011
0.0453107
0.087113
0.0690347
0.0949159
0.191519
0.232197
0.146755
0.185675
0.0142701
0.146209
0.0251801
0.0135625
-0.00865197
0.132168
0.0157983
-0.00717401
-0.0676325
-0.0539016
-0.0135651
-0.0265097
0.0116324
0.0130952
0.0247424
0.115353
0.0847575
0.118797
0.173281
0.0925791
-0.0671242
-0.0836088
-0.0393222
-0.0397912
0.0328949
0.0328636
0.0466783
0.202709
0.169626
0.211431
0.207519
0.252787
0.0595253
0.0644644
0.209001
0.113137
0.0683098
0.0990184
0.12385
0.181176
0.0727325
0.0725442
0.120048
0.199919
-0.010389
-0.013902
-0.00395682
0.230968
-0.0662338
-0.052453
-0.014551
-0.0253078
0.0862203
0.102922
0.139512
0.0867907
-0.0677285
-0.0838543
-0.0409331
-0.0401428
0.168934
0.174108
0.17825
0.244484
0.0671167
0.0970709
0.105925
0.181103
-0.0133581
-0.0166553
-0.0068618
0.230203
0.0580311
0.0627419
0.074106
0.134003
0.0997643
0.0893261
0.0937575
0.0944821
0.100575
0.103066
0.0997266
0.112801
0.178997
0.170223
0.15762
0.181721
0.208797
0.20915
0.217457
0.230997
0.00989649
0.00523967
0.0243105
0.148319
0.31631
0.316327
0.274033
0.354254
0.458938
0.458844
0.462449
0.445643
0.056911
0.0617859
0.0716802
0.1335
0.098016
0.0878453
0.0925468
0.0926343
0.173653
0.165631
0.152478
0.16029
0.00842875
0.00367652
0.0222665
0.147072
0.133934
0.145334
0.135768
0.13924
0.115857
0.126304
0.117631
0.121042
0.0736176
0.074219
0.0803421
0.0959612
0.241562
0.240686
0.240631
0.238808
0.138518
0.132623
0.129806
0.1381
0.0905335
0.0882551
0.085916
0.075412
0.086847
0.0839664
0.0807831
0.0709096
0.157903
0.157547
0.172683
0.160763
0.529028
0.531711
0.514399
0.528934
0.163189
0.17828
0.165583
0.174126
0.160212
0.157391
0.162362
0.154018
0.106527
0.183394
0.178017
0.178258
0.271441
0.29183
0.291639
0.323454
0.0993933
0.118022
0.102333
0.0982074
-0.0740166
-0.0977821
-0.0488128
-0.0493833
0.0129634
0.00830769
0.0167273
0.0842095
0.022989
0.0500876
0.0456341
0.0252184
0.00113347
-0.0549392
-0.0279912
0.00388561
0.0368819
0.0333056
0.0545601
0.145159
0.0200127
0.133237
0.0928653
0.0410719
0.00940934
0.00734179
0.0581845
0.0513657
0.0377534
0.0403624
0.197807
0.0789562
5.19602e-06
0.0271094
0.0251438
0.179083
-0.0643067
-0.091084
-0.0399882
-0.0396672
0.037687
0.0599986
0.0808338
0.134553
-0.0256042
-0.0150303
-0.0189876
0.136416
0.0131074
0.00833286
0.0163597
0.0857226
-0.0744342
-0.097043
-0.0501522
-0.0503807
0.0148867
0.0491119
0.0430368
0.0234979
0.0367541
0.0340218
0.054156
0.145168
-0.00683706
-0.054892
-0.0302009
0.00364915
0.0175674
0.132482
0.092195
0.0402577
0.0379059
0.0410539
0.197646
0.0803518
0.00949651
0.0074574
0.0573745
0.0518778
-0.000291824
0.0160615
0.024455
0.178828
0.0373332
0.0598719
0.0805406
0.133149
-0.0664345
-0.0923077
-0.0421825
-0.0410768
-0.0290518
-0.0185983
-0.0219831
0.136049
0.0897877
0.110971
0.174203
0.127663
0.0639567
0.0517302
0.0622075
0.112895
0.0778887
0.108131
0.0858213
0.0964164
0.0912141
0.0993143
0.0936013
0.102926
0.213534
0.212898
0.20964
0.238333
0.117564
0.0680255
0.084604
0.162144
0.206525
0.19822
0.180409
0.202191
0.212719
0.232205
0.216849
0.254846
0.0168619
0.0526401
0.0265384
0.192956
0.0470658
0.0682919
0.0580502
0.0554779
0.0139042
0.0126015
0.026021
0.1443
0.259285
0.304186
0.249295
0.323693
-0.0100074
-0.0183767
0.0193888
0.224724
0.147785
0.163424
0.143011
0.164375
0.000449111
0.000635163
0.0194738
0.142219
0.424815
0.466253
0.476158
0.454122
0.0807275
0.11366
0.15082
0.126748
0.0940438
0.100263
0.0920584
0.10126
0.0643079
0.0510698
0.0611222
0.112814
0.0747685
0.106323
0.0852523
0.0945555
0.181954
0.175717
0.181202
0.228896
0.209665
0.22292
0.214189
0.245201
0.116863
0.0668056
0.0828041
0.161908
0.186225
0.175136
0.170562
0.178413
0.0153913
0.0506308
0.0254728
0.193082
0.260016
0.304031
0.249462
0.32351
0.0456025
0.0666562
0.0565758
0.0536667
0.0123746
0.0111094
0.0244376
0.143083
-0.0143193
-0.0208114
0.0167914
0.223943
0.423822
0.466062
0.475973
0.453862
0.142532
0.159439
0.139507
0.160629
-0.00249468
-0.00102703
0.0170921
0.140129
0.0268315
0.0839123
0.0556646
0.0871413
0.0137485
0.134084
0.128546
0.130619
0.0380061
0.0559418
0.02629
0.0401663
0.0743043
0.122226
0.125924
0.127955
0.152932
0.159551
0.161537
0.165153
0.0775884
0.0760242
0.073986
0.0998363
-0.0128695
0.155498
0.154405
0.153379
0.0187079
0.0653005
0.0581464
0.0380307
0.0688247
0.103364
0.0691184
0.0533264
0.220916
0.142004
0.150795
0.150679
0.199958
0.189119
0.195528
0.180771
0.222219
0.185165
0.200423
0.174418
0.24274
0.270732
0.256593
0.256512
0.147038
0.147755
0.152926
0.15046
0.127828
0.131799
0.130272
0.124963
0.218377
0.24666
0.229955
0.223611
0.170103
0.220768
0.190005
0.189841
0.165914
0.100643
0.112054
0.112471
0.0333714
0.162668
0.0749932
0.160812
0.257612
0.284131
0.2978
0.24475
0.025752
0.0713652
0.0433892
0.0734182
0.0145299
0.134766
0.0448268
0.119513
0.13402
0.138784
0.134517
0.14262
0.0848955
0.0784831
0.0710039
0.0937797
-0.0149392
0.152933
0.150916
0.151661
0.0184746
0.0650889
0.0582519
0.0377257
0.175065
0.166228
0.171768
0.174507
0.21527
0.107371
0.191302
0.182815
0.109832
0.113733
0.107046
0.112201
0.218099
0.246469
0.223421
0.229727
0.0303566
0.159376
0.157428
0.0669439
0.25702
0.283827
0.244208
0.297271
0.09725
0.0949385
0.0983209
0.0952763
0.138641
0.152925
0.146959
0.162789
0.104908
0.141666
0.148315
0.13933
0.0920403
0.0907
0.0947839
0.0820198
0.0958359
0.104515
0.100176
0.109063
0.127743
0.142626
0.129759
0.131848
0.124761
0.0837617
0.0881047
0.0692071
0.179189
0.176658
0.183067
0.174586
0.216593
0.202201
0.205666
0.187352
0.231161
0.184122
0.192066
0.189972
0.0495601
0.0671326
0.0624003
0.0608912
0.464743
0.537391
0.539109
0.528951
0.234305
0.239043
0.239213
0.239163
0.434651
0.516373
0.479834
0.479814
0.479766
0.497082
0.494012
0.493916
0.42926
0.384182
0.406343
0.40633
0.0944083
0.0918732
0.095793
0.0918018
0.142187
0.154011
0.140947
0.157241
0.107714
0.123452
0.121153
0.129684
0.089834
0.0877538
0.0925889
0.0791536
0.120292
0.0773656
0.0637985
0.0827623
0.158199
0.156108
0.161648
0.15395
0.0473277
0.0658886
0.0571706
0.0584645
0.463406
0.537171
0.528717
0.538711
-0.00186921
0.0296421
0.0449032
0.0519591
0.172025
0.164557
0.16537
0.16009
0.114487
0.0595184
0.130494
0.13314
0.0740689
0.0763157
0.0884864
0.0928026
-0.00223124
0.0139468
0.0334448
0.0388249
0.0731503
0.0751348
0.0743046
0.0770979
0.111761
0.0581026
0.112378
0.115005
0.146779
0.145175
0.144117
0.140637
0.029911
0.0429648
0.0284719
0.0535573
0.0287708
0.0429589
0.0296734
0.0527128
0.126298
0.0897774
0.105349
0.112824
0.102031
0.0946415
0.110138
0.106905
0.226781
0.208623
0.251543
0.237849
0.21475
0.2254
0.22333
0.22949
0.214556
0.225243
0.223154
0.22934
0.226571
0.208469
0.251412
0.237678
0.00205096
0.110918
0.122406
0.123012
0.0933293
0.112558
0.10498
0.122059
0.112876
0.0937156
0.122493
0.104865
0.0429631
0.00283814
0.126054
0.0403675
0.0897537
0.100417
0.101817
0.101738
0.0912774
0.140277
0.0929163
0.0903068
0.0636201
0.0513594
0.076555
0.063485
0.0566722
0.048482
0.0596499
0.0597313
0.087004
0.0986564
0.100138
0.0995629
0.0533223
0.04571
0.0567806
0.056347
0.0666667
0.0481057
0.071913
0.0594211
0.0873546
0.135828
0.0887439
0.0867468
0.115749
0.115994
0.12947
0.125972
0.114612
0.118232
0.126973
0.12791
0.200036
0.176359
0.197561
0.182455
0.17582
0.205569
0.185827
0.198009
0.409514
0.403773
0.483735
0.465763
0.454002
0.494011
0.511704
0.501895
0.49377
0.449567
0.501665
0.511463
0.403536
0.408211
0.465573
0.483235
0.203567
0.199756
0.197507
0.193353
0.0860972
0.105647
0.125832
0.168698
-0.0159159
-0.0153767
0.0144553
0.00689817
0.160749
0.166177
0.164814
0.167897
0.178816
0.176227
0.174012
0.170638
0.140589
0.145909
0.144673
0.147553
-0.0184702
-0.0186219
0.00584751
0.00428718
0.0814957
0.101985
0.121971
0.164011
0.222916
0.257984
0.206909
0.206448
0.215916
0.244603
0.198879
0.145441
0.13731
0.102988
0.0750393
0.177223
0.141219
0.103463
0.0672749
0.163088
0.373447
0.417087
0.351782
0.397162
0.141005
0.154076
0.17923
0.192625
0.140634
0.153755
0.179061
0.192147
0.372786
0.416598
0.351313
0.396976
0.0647665
0.159411
0.081194
0.114873
0.159374
0.0633663
0.114781
0.0811219
0.0796098
0.0170252
0.0760729
0.0290151
0.0175158
0.0801653
0.0283161
0.0762927
-0.0189018
-0.00618501
0.0146224
0.0489695
0.0217588
0.0201545
0.0353004
0.0702458
0.0943751
0.0908104
0.0527507
0.0428885
0.0466993
0.0546953
0.159848
0.0836398
0.042742
0.16655
-0.0349445
-0.00413643
0.0553718
0.0515681
-0.0284482
0.0707868
0.0144651
0.049852
-0.021224
-0.00500299
0.0191762
0.0199839
0.0941078
0.0907924
0.034265
0.0700339
0.0516654
0.0365994
0.160729
0.0838553
0.0461087
0.0551553
0.0421233
0.16699
0.0550415
0.0501591
-0.0381618
-0.00490839
-0.0314575
0.0699206
0.0853741
0.0795234
0.0568355
0.101421
0.121375
0.0681265
0.0867479
0.0963025
0.211157
0.248019
0.140032
0.185201
0.111575
0.20816
0.200766
0.243143
0.0261785
0.141895
0.0360918
0.0368424
0.0266043
0.143549
0.209752
0.271071
0.0199881
0.134059
0.0373877
0.0745737
0.0157904
0.137357
0.286966
0.291072
0.0835293
0.0791637
0.0854366
0.0971759
0.0559704
0.101265
0.11881
0.0651305
0.184027
0.247926
0.19806
0.241205
0.137409
0.184061
0.159402
0.187831
0.0252456
0.141028
0.213958
0.271782
0.0358082
0.0352875
0.0247077
0.138859
0.0162396
0.131993
0.285072
0.289165
0.0325405
0.0688844
0.0133885
0.135788
-0.026547
-0.0507779
0.0357283
-0.00632238
0.00446864
0.0350035
-0.00883276
0.00266732
0.0189002
0.1087
0.0196378
0.108863
0.0290725
0.029331
0.0960496
0.109615
0.162415
0.0641789
0.175153
0.116313
0.147357
0.151509
0.073252
0.102044
-0.0365627
-0.0183
-0.040279
-0.0568273
-0.0239253
-0.0256738
-0.00112454
-0.0192499
0.052196
0.176853
0.051705
0.176806
0.0608355
0.058825
0.20041
0.200371
0.17636
0.248152
0.20814
0.244453
0.206064
0.185152
0.246029
0.246209
0.212418
0.0973318
0.212376
0.0967801
0.227193
0.227153
0.107787
0.107836
0.0349578
0.189558
0.123118
0.183481
0.124426
0.119262
0.206149
0.20818
0.1119
0.183753
0.111508
0.183466
0.139155
0.13912
0.176243
0.176785
-0.00972324
0.182546
-0.00522702
0.243163
-0.00221194
0.0276284
0.273352
0.22073
-0.0276198
-0.049572
0.0350067
-0.00594344
0.00298745
0.0362802
0.00350591
-0.00774918
0.137769
0.0616906
0.151458
0.114856
0.131071
0.134774
0.0675385
0.0940477
-0.0376847
-0.0184477
-0.0423133
-0.0582076
-0.0278549
-0.0259065
0.00098507
-0.0196202
0.175229
0.245804
0.179072
0.235853
0.179677
0.179356
0.239238
0.23997
0.0300038
0.188165
0.105063
0.183257
0.101422
0.106446
0.207897
0.205923
-0.0133335
0.18181
-0.0074384
0.240962
0.0248658
-0.00467579
0.22019
0.272494
0.0684373
0.123526
0.0799358
0.146474
0.0842938
0.0893895
0.132608
0.145673
0.103515
0.102595
0.0792449
0.0768033
0.0974119
0.0889443
0.0973582
0.0857706
0.0979543
0.111838
0.0978812
0.111769
0.0923827
0.0890305
0.115155
0.117413
0.16697
0.191999
0.149703
0.16958
0.144898
0.136806
0.185596
0.1773
0.199159
0.20014
0.192743
0.197071
0.207601
0.181809
0.195477
0.197293
0.0254728
0.146205
0.0230869
0.145648
0.0377309
0.0377346
0.304895
0.303865
0.280978
0.360086
0.282919
0.360104
0.229831
0.229918
0.398053
0.398051
0.473044
0.452879
0.472846
0.452729
0.476475
0.47639
0.439494
0.439416
0.0661056
0.123243
0.0770117
0.146035
0.0813292
0.0878339
0.132458
0.145369
0.101058
0.100629
0.0776848
0.0750648
0.0875175
0.095568
0.0982827
0.0834909
0.161182
0.169351
0.145612
0.165361
0.132646
0.140291
0.163763
0.156298
0.0234815
0.14521
0.0211776
0.143841
0.0354643
0.0353575
0.302255
0.303392
0.13744
0.127151
0.149257
0.153524
0.134757
0.129448
0.14726
0.138043
0.118794
0.109243
0.129355
0.13379
0.111451
0.116623
0.11986
0.128406
0.0566048
0.0632388
0.0725545
0.0941436
0.0719427
0.0927915
0.0915806
0.0982736
0.244615
0.244574
0.2658
0.254625
0.254475
0.265706
0.240153
0.240102
0.131053
0.137144
0.133106
0.133348
0.14629
0.146668
0.0642691
0.0728519
0.0937968
0.0919108
0.0925705
0.0786246
0.0890215
0.0729161
0.0617702
0.0657225
0.0907653
0.0883708
0.0893353
0.0748505
0.0673543
0.0847499
0.0613637
0.0574828
0.154879
0.170259
0.14425
0.146305
0.175989
0.173041
0.154825
0.170087
0.543118
0.526225
0.539341
0.539306
0.51152
0.511425
0.525978
0.542971
0.163191
0.159476
0.184827
0.17198
0.161868
0.169735
0.180673
0.17282
0.156636
0.159744
0.162893
0.16736
0.149675
0.158785
0.15952
0.152543
0.0988659
0.0976819
0.194747
0.10402
0.190532
0.102536
0.184823
0.182335
0.240907
0.240729
0.315279
0.261924
0.261692
0.315046
0.346163
0.346019
0.0890481
0.0711302
0.122075
0.121962
0.0782693
0.0788215
0.0893565
0.0709921
-0.0267856
-0.0135439
0.0042123
-0.0326607
0.0314548
0.0226308
0.0447324
0.0811654
0.00904964
0.0582212
0.0261893
0.052095
0.058601
-0.0110725
0.100624
0.022086
0.0804888
0.0561694
0.124946
0.171637
0.0781141
0.166429
0.0964128
0.193715
0.0604454
0.0681187
0.0817276
0.0728222
0.198249
0.220375
0.101561
0.130459
0.0605051
0.047844
0.18793
0.199141
-0.0296213
-0.0252783
0.00686736
-0.0280331
0.107672
0.127852
0.0552168
0.133001
-0.0228107
-0.0126292
0.117017
0.168309
0.0298712
0.0243947
0.0456179
0.110265
-0.0297032
-0.0147288
0.00527732
-0.0315848
0.00514449
0.0374206
0.0256597
0.0496782
0.0719149
0.0552286
0.124892
0.171597
0.0567708
-0.0146838
0.0998994
0.0218407
0.076258
0.162652
0.0955032
0.134895
0.197985
0.220298
0.101891
0.131617
0.0596065
0.067156
0.0822956
0.0734531
0.0596142
0.0369616
0.187785
0.198939
0.10753
0.127781
0.0542665
0.132475
-0.0320877
-0.0276696
0.00612561
-0.0285631
-0.0254216
-0.0152775
0.116813
0.167986
0.166174
0.15904
0.0938947
0.112731
0.0734909
0.0788697
0.109532
0.121327
0.0661115
0.107095
0.083546
0.105022
0.0853834
0.0875339
0.103454
0.112599
0.207224
0.206427
0.256879
0.238584
0.130937
0.097504
0.182513
0.162117
0.15283
0.153464
0.205938
0.195876
0.184279
0.202352
0.222608
0.233534
0.0368312
0.120844
0.215757
0.205407
0.0471401
0.0692571
0.0474514
0.06399
0.0371285
0.0375113
0.298364
0.301499
0.228835
0.225441
0.334697
0.385591
0.0311845
0.0294766
0.372837
0.326365
0.0509572
0.128943
0.15731
0.170989
0.0382988
0.037564
0.292758
0.298461
0.43838
0.484078
0.437607
0.44177
0.146626
0.13835
0.0913529
0.110726
0.0896641
0.0879017
0.10583
0.113604
0.0708497
0.0758376
0.109771
0.12133
0.0621614
0.104736
0.0806862
0.104308
0.184695
0.18147
0.252554
0.231722
0.185659
0.199883
0.220095
0.225251
0.12838
0.0952785
0.181488
0.161858
0.150172
0.148876
0.183577
0.172801
0.0357052
0.102858
0.215627
0.205177
0.228832
0.225368
0.334448
0.385438
0.0459224
0.067777
0.0456624
0.0617198
0.035493
0.0355206
0.297444
0.300156
0.0282042
0.0265835
0.371885
0.326347
0.437021
0.483863
0.437099
0.441496
0.0476861
0.124363
0.153794
0.150404
0.0354488
0.0346935
0.290983
0.296738
0.0683167
0.0211771
0.0775748
0.0997142
-0.00387713
0.129429
0.141011
0.0566753
0.0325953
0.0552461
0.0542906
0.0322353
0.124889
0.0809399
0.0698799
0.0298242
0.149682
0.151658
0.160666
0.167609
0.0596459
0.0629576
0.096814
0.0971936
0.00249177
0.162098
0.157365
0.0123951
0.0888782
0.0396498
0.000648862
0.0468573
0.0708267
0.0993106
0.100462
0.0725604
0.192766
0.113281
0.113492
0.192701
0.201806
0.191236
0.170887
0.175626
0.201742
0.217228
0.14743
0.0913145
0.2714
0.241131
0.2411
0.271316
0.142193
0.140019
0.128348
0.140033
0.126641
0.133022
0.122087
0.108753
0.213761
0.257958
0.23738
0.216585
0.159054
0.210002
0.209764
0.158907
0.12411
0.0654142
0.0657272
0.124508
0.0119055
0.159758
0.167651
0.0799223
0.311196
0.338126
0.231612
0.205907
0.0200275
0.0530069
0.0844359
0.0763711
0.0570654
0.143259
0.130146
-0.00308973
0.129442
0.128258
0.139594
0.140366
0.0667376
0.060087
0.102567
0.114777
0.00399355
0.154623
0.158472
-0.00197952
0.0393389
0.0887053
0.0464969
0.0001397
0.168433
0.176942
0.170131
0.166087
0.21043
0.120226
0.0914835
0.128214
0.104484
0.104269
0.114895
0.108597
0.216362
0.237187
0.257805
0.213575
0.0695602
0.147516
0.156772
0.00924886
0.205449
0.23142
0.337911
0.310622
0.095749
0.0981485
0.0931822
0.0961461
0.139437
0.127296
0.153137
0.16962
0.145312
0.154242
0.136082
0.0800172
0.0968135
0.0994743
0.0727886
0.0689523
0.0945692
0.104653
0.104511
0.0953625
0.126173
0.140588
0.140436
0.126084
0.131239
0.0902629
0.0582854
0.115419
0.187082
0.189473
0.172697
0.170748
0.220816
0.204737
0.205324
0.215077
0.196486
0.193599
0.190013
0.196772
0.0505986
0.0751259
0.0556043
0.0488954
0.458858
0.540428
0.519624
0.464259
0.236134
0.244662
0.244396
0.236005
0.525707
0.443312
0.443296
0.525598
0.4908
0.508527
0.508297
0.49058
0.369639
0.430224
0.429944
0.369474
0.0953604
0.093261
0.09205
0.0898601
0.130082
0.140404
0.169405
0.155398
0.0786331
0.117916
0.134952
0.116955
0.106273
0.0944257
0.065711
0.0702447
0.111674
0.0532362
0.0858498
0.126598
0.167213
0.16506
0.150385
0.152049
0.0461553
0.0521082
0.0707171
0.0476301
0.46303
0.519406
0.540299
0.457183
0.00697026
0.0339467
-0.011563
-0.0424876
0.16814
0.151006
0.0383954
0.0794069
0.141599
0.0713316
0.0627282
0.155742
-0.0165932
-0.0374775
0.00984344
0.0248666
0.0849101
0.0701502
0.171857
0.130636
0.0985959
0.144347
0.158827
0.107656
0.146378
0.160626
0.160524
0.147954
0.174723
0.174321
0.170476
0.161302
0.0264081
0.0262783
0.0481748
0.0468959
0.12361
0.12735
0.12567
0.1164
0.136998
0.138874
0.133289
0.132516
0.0892506
0.068634
0.0698802
0.0878003
0.0386331
0.0524419
0.0686505
0.011967
-0.00981484
0.0686422
0.076386
0.0574344
0.131692
0.127206
0.0961219
0.100941
0.114377
0.0377487
0.0677193
0.122113
0.00440015
-0.0452872
-0.0136197
0.0311154
-0.0178059
0.0235664
0.00921613
-0.038844
0.122747
0.134196
0.0494985
0.0599401
0.138064
0.0617221
0.0262174
0.130845
0.0381812
0.0118124
0.067796
0.0517565
0.0959476
0.104234
0.0542042
0.0263252
0.113654
0.0859998
0.0806575
0.109249
-0.0107533
0.0566105
0.0754237
0.0648131
0.0249423
0.0455475
0.046904
0.0251083
0.0876929
0.0862472
0.0684238
0.0671301
0.118833
0.114413
0.115148
0.120684
0.105615
0.100083
0.107619
0.109325
0.082511
0.05637
0.150323
0.0681026
0.144606
0.136567
0.143148
0.150791
0.127431
0.129202
0.140635
0.139962
0.0965786
0.105537
0.139651
0.123468
0.013545
0.0240923
0.0385011
0.0262397
0.0228357
0.0315766
0.0289619
0.0161557
0.068778
0.0703692
0.0533158
0.0512774
0.0834361
0.0523718
0.0617406
0.0734938
0.0134747
0.0247093
0.0384203
0.0223969
0.0798586
0.0770256
0.0586917
0.050682
0.0750224
0.054297
0.0542643
0.0728513
0.0229297
0.0180963
0.0301092
0.0355468
0.0851984
0.0950579
0.103659
0.0880036
0.097298
0.0919037
0.0901088
0.0932589
0.0974558
0.097685
0.107698
0.0957902
0.106915
0.120802
0.120538
0.108386
0.085512
0.0956068
0.0884324
0.0903372
0.109955
0.0923604
0.101504
0.121992
0.0930709
0.103672
0.102058
0.0925454
0.0945418
0.0926076
0.0885395
0.0876109
0.116161
0.172484
0.203368
0.187623
0.196206
0.216036
0.213717
0.185601
0.242727
0.270899
0.2612
0.252343
0.216171
0.206087
0.235989
0.241732
0.143349
0.228119
0.222008
0.182648
0.27627
0.235214
0.231231
0.279362
0.240486
0.242056
0.232764
0.23993
0.182349
0.195368
0.215631
0.217524
0.142468
0.18154
0.221866
0.226808
0.18221
0.217308
0.215418
0.19298
0.240434
0.23988
0.232531
0.241863
0.277003
0.280547
0.231103
0.235175
0.115541
0.187523
0.20323
0.171942
0.216152
0.241711
0.23591
0.206017
0.242679
0.25217
0.261098
0.270661
0.195288
0.184915
0.213561
0.21581
0.0186342
-0.0294921
0.0233425
0.0671745
-0.0351271
0.00958287
-0.0130928
-0.062651
0.137099
0.130829
0.127478
0.133046
0.111895
0.100653
0.117398
0.120256
0.0560272
0.088103
0.0963632
0.0528317
0.0784994
0.1469
0.129804
0.0862938
0.144204
0.139396
0.137231
0.147214
-0.0224478
0.0449012
0.0886018
0.0242062
0.0561487
0.0535816
0.0968731
0.0929005
-0.0218101
0.0272018
0.0891272
0.0455167
0.144418
0.144438
0.13906
0.140009
0.0790159
0.0864669
0.130167
0.146712
0.0200143
0.0680852
0.0242182
-0.0286936
0.112176
0.122072
0.120173
0.0999892
0.137341
0.133747
0.128266
0.131074
-0.0329051
-0.0619394
-0.0122538
0.0103778
0.0831368
0.0595785
0.0866494
0.0805966
0.0714421
0.0974059
0.092549
0.0656813
0.0913843
0.0937512
0.0999148
0.0962706
0.0988681
0.106925
0.104012
0.0977297
0.0973654
0.140969
0.137675
0.12374
0.162573
0.128
0.134764
0.172259
0.0897776
0.0940593
0.0922754
0.0882653
0.0770184
0.0817336
0.093331
0.0974277
0.0166675
0.0175656
0.0535909
0.0910605
0.0237143
0.0503122
0.0511503
0.0212757
0.0743462
0.0714866
0.0757462
0.0742267
0.153717
0.146013
0.111071
0.119929
0.0264754
0.0470872
0.0477801
0.0262587
0.087645
0.0838031
0.0617367
0.0660127
0.0769812
0.0580832
0.0576176
0.0803668
0.0248418
0.0258088
0.0486853
0.049358
0.0837943
0.0775966
0.0838464
0.0585061
0.0967141
0.102398
0.108955
0.104707
0.0879978
0.0935893
0.0976605
0.0912309
0.068649
0.0634424
0.0902836
0.0943379
0.0254052
0.0245588
0.0450405
0.0455084
0.0229038
0.0471586
0.045937
0.024138
0.0729447
0.0769909
0.0547813
0.0559939
0.0857676
0.0642029
0.0590762
0.0814107
0.0140866
0.0854082
0.0502161
0.0151584
0.149044
0.115983
0.107227
0.14204
0.0689891
0.0701201
0.0713157
0.065576
0.0216884
0.0190496
0.0479755
0.0474931
0.153861
0.121739
0.135139
0.16521
0.0745673
0.0940258
0.089327
0.0798843
0.0858814
0.0837555
0.0879445
0.0908608
0.156829
0.166074
0.130344
0.123444
0.0943455
0.0973566
0.109591
0.107158
0.107854
0.122457
0.119286
0.105954
0.151302
0.146163
0.132638
0.137024
0.127846
0.118943
0.121539
0.133052
0.0941895
0.10704
0.111926
0.0999511
0.127488
0.136491
0.124157
0.118722
0.153534
0.139077
0.133662
0.147207
0.110195
0.106934
0.120289
0.12463
0.194961
0.192263
0.183055
0.17341
0.213755
0.213356
0.202609
0.205965
0.168368
0.16171
0.188706
0.199492
0.139848
0.151111
0.168928
0.148486
0.197482
0.17412
0.18436
0.19579
0.14035
0.145744
0.166863
0.151402
0.165386
0.188865
0.189689
0.161206
0.198373
0.21309
0.207291
0.203174
0.144369
0.146475
0.372485
0.296907
0.147273
0.461258
0.441761
0.145385
0.537391
0.520113
0.504551
0.545965
0.357153
0.344845
0.425811
0.438973
0.135695
0.431409
0.446174
0.140271
0.467707
0.485243
0.492987
0.475167
0.520274
0.528507
0.51076
0.502766
0.146965
0.143942
0.458721
0.46124
0.134084
0.138404
0.443387
0.430391
0.145527
0.459836
0.456181
0.142107
0.52018
0.50267
0.510536
0.528289
0.467627
0.474968
0.492764
0.485153
0.142853
0.296722
0.372393
0.14387
0.35716
0.438963
0.425665
0.344703
0.537294
0.545631
0.504291
0.520012
0.146174
0.144467
0.442052
0.460063
0.211006
0.210294
0.204751
0.206464
0.207904
0.200902
0.202697
0.208822
0.179477
0.18187
0.192295
0.190177
0.18686
0.197138
0.194615
0.184331
0.0319943
0.0355478
0.0823884
0.0725866
-0.0378125
-0.00971717
0.0189853
-0.035566
0.167585
0.176376
0.165398
0.158798
0.176792
0.169268
0.167563
0.183689
-0.0302575
-0.0239142
-0.0227436
-0.0374117
-0.00484385
0.0226289
-0.0025368
-0.0146495
0.162534
0.156427
0.158303
0.161213
-0.0395442
-0.0392428
-0.0127118
-0.0110716
0.0178638
0.157773
0.157661
0.0195694
0.178657
0.175943
0.16945
0.166988
0.171936
0.166568
0.167768
0.173703
-0.00436387
0.00572051
0.161513
0.0370028
0.184019
0.184849
0.180765
0.183585
0.16482
0.162706
0.17172
0.173882
0.158455
0.167331
0.169536
0.160584
0.176972
0.180333
0.177879
0.176004
0.0156335
0.0169843
0.14802
0.154225
-0.00706037
0.0340571
0.141394
0.00643421
0.15184
0.153247
0.147535
0.147778
0.157472
0.163002
0.14899
0.155124
-0.033536
-0.040011
-0.0253297
-0.0267341
-0.041368
-0.0132937
-0.015132
-0.0415611
0.159501
0.158074
0.15547
0.153776
-0.0083038
-0.0174332
-0.00527825
0.0198345
0.0312287
0.0718412
0.0799296
0.0340705
0.174241
0.176932
0.163331
0.167232
0.163786
0.155702
0.161241
0.170934
-0.0392518
-0.0367404
0.0138402
-0.0122038
0.244221
0.218804
0.222718
0.253737
0.19866
0.194812
0.239176
0.232249
0.184109
0.18821
0.20234
0.185704
0.24862
0.240287
0.214726
0.219723
0.244384
0.249584
0.219261
0.217416
0.240169
0.21285
0.20801
0.231461
0.18053
0.185182
0.12777
0.113261
0.200773
0.22408
0.226421
0.194642
0.0340083
0.0565822
0.0840063
0.039406
0.0454387
0.0657169
0.0604949
0.0431956
0.0986263
0.0976583
0.0836375
0.0950703
0.245117
0.19534
0.119959
0.146613
0.0343696
0.0398653
0.0934992
0.057916
0.250889
0.1554
0.130419
0.196116
0.0978142
0.0937571
0.0876442
0.0992499
0.0430538
0.0430734
0.0615493
0.0639913
0.138022
0.176612
0.403476
0.439323
0.248007
0.284289
0.33814
0.233919
0.318941
0.376783
0.365114
0.311403
0.449247
0.454008
0.426641
0.429731
0.0396992
0.0689293
0.128891
0.104543
0.117601
0.164505
0.153336
0.0902379
0.26636
0.257925
0.20545
0.215456
0.206918
0.158364
0.179995
0.231742
0.0389073
0.104023
0.12859
0.0686664
0.206069
0.23119
0.179605
0.157927
0.266176
0.215285
0.205251
0.25764
0.117598
0.0899968
0.153194
0.164472
0.135816
0.438196
0.402824
0.176013
0.449182
0.429623
0.426193
0.453776
0.318787
0.310764
0.364789
0.375943
0.245663
0.232443
0.337634
0.283696
0.0622872
0.118655
0.130227
0.0704166
0.190373
0.20753
0.177896
0.163192
0.110306
0.0769405
0.101827
0.13487
-0.0295307
-0.00720461
0.0514781
0.0288453
0.062212
0.0693098
0.130091
0.118611
-0.0298143
0.0287084
0.0512209
-0.00737642
0.110282
0.134712
0.101666
0.0767496
0.19031
0.163127
0.177772
0.207456
0.012025
0.0924918
0.0363308
-0.0226748
0.191979
0.144102
0.104347
0.162213
0.0875367
0.055153
0.0492202
0.0836306
-0.0499907
-0.0583041
2.95155e-05
0.00925553
0.0130132
-0.0217146
0.0374555
0.0936914
-0.0492964
0.00957023
0.000585483
-0.0567486
0.0878948
0.0839617
0.0493905
0.05546
0.192356
0.163048
0.10452
0.14459
