-0.851606
0.245
-1.875
-0.605
0.345
2.08247
-0.755
0.751055
-1.925
-0.615
0.995
2.08352
0.851606
0.245
-1.875
0.605
0.345
2.08246
0.755
0.750797
-1.925
0.615
0.995
2.08352
-0.0179357
0.0877958
0.122317
0.13573
-0.0179341
0.0877778
0.12242
0.135684
-0.0673537
-0.0403199
-0.0218453
0.0471536
0.00666752
-0.0461998
-0.0845672
-0.0420277
-0.0005922
0.0117153
0.0753226
0.00923173
-0.044415
-0.0785102
-0.00154119
0.042519
0.12011
0.132163
0.0291769
-0.0223213
-0.0485744
0.131798
0.180087
0.242018
0.238547
0.165168
0.106255
0.0672796
-0.0715044
-0.0447507
-0.0395954
0.0546327
0.00325649
-0.0532634
-0.0920539
-0.0489204
-0.0549781
-0.0884228
-0.0210367
-0.0400805
-0.0619053
0.121208
0.171718
0.24263
0.239608
0.157553
0.0957257
0.0575892
-0.0714941
-0.0447451
-0.0395938
0.0546206
0.00325146
-0.0532676
-0.0920585
-0.0489113
-0.0549812
-0.0884273
-0.0210244
-0.0400841
-0.06191
0.121233
0.171748
0.242657
0.239611
0.157546
0.09572
0.0575846
-0.0673272
-0.0402946
-0.0218335
0.047135
0.00665394
-0.0462101
-0.0845766
-0.0419993
-0.000557535
0.0117406
0.0752954
0.00921912
-0.0444245
-0.0785197
-0.0015046
0.0425732
0.120196
0.132129
0.0291598
-0.0223322
-0.0485844
0.131846
0.180142
0.242065
0.238554
0.165157
0.106244
0.0672711
0.0329823
-0.0123549
0.0201691
0.0686255
0.00332353
0.0574001
0.0852503
0.152886
0.0510363
0.128723
0.032986
0.0217106
0.0685685
0.057392
0.153063
0.127705
0.0177661
0.139694
0.060609
0.238127
0.124958
0.129687
0.365229
0.519973
0.0177751
0.139709
0.238115
0.129765
0.113269
0.113281
0.0629395
0.221867
0.384972
0.18373
0.18373
0.0900562
0.552908
0.259927
0.259429
0.115765
0.298144
0.211419
0.00403279
-0.000150257
-0.00690863
-0.0196555
-0.00405144
0.0537212
0.0323012
0.0662668
0.138098
0.03073
0.0379477
0.0603949
-0.000171142
0.0041319
-0.0072941
-0.00405927
-0.0191543
0.0538518
0.066368
0.0323618
0.13827
0.0380098
0.0307761
0.060293
-0.015821
-0.00229022
0.0884157
0.0447012
0.0943663
0.0492368
0.233225
0.11325
0.129004
0.165383
0.125928
0.347341
0.146963
0.245861
0.132533
0.499939
-0.0158641
0.0447189
-0.00229113
0.0884045
0.0952159
0.110192
0.0492389
0.233218
0.129122
0.347377
0.165422
0.126121
0.147001
0.49998
0.245884
0.132378
0.0894189
0.308426
0.0164164
0.379308
0.0803431
0.0404647
0.24221
0.193621
0.0906305
0.162756
0.24411
0.112547
0.18486
0.371853
0.151994
0.215208
0.143249
0.126892
0.276873
0.286708
0.0894242
0.308378
0.0807995
0.0472424
0.242225
0.19361
0.244019
0.102208
0.152019
0.215333
0.276512
0.286597
0.134566
0.0678338
0.127038
0.160716
0.0639066
0.0776958
0.206096
0.256113
0.107661
0.130355
0.204526
0.54514
0.222754
0.48088
0.556309
0.43148
0.134564
0.0717079
0.127065
0.160722
0.206095
0.256107
0.20456
0.545247
0.055165
0.0789163
0.160407
0.121857
0.0552817
0.121874
0.160207
0.0789498
0.0148176
0.0148353
0.0386438
0.0388021
0.163857
0.198991
0.200542
0.163988
0.359923
0.346085
0.346057
0.359908
0.111047
0.144974
0.224114
0.183867
0.111044
0.183913
0.223921
0.14901
0.0592817
0.059321
0.0906447
0.0905166
0.473668
0.537092
0.537139
0.473688
0.236809
0.232978
0.219135
0.272816
0.23691
0.272737
0.219127
0.23442
0.121907
0.109838
0.0609288
0.0842857
0.420967
0.135371
0.135357
0.420984
0.142872
0.142862
0.109748
0.109745
-0.0276761
-0.00101084
-0.0228727
-0.0476584
0.019367
0.0414879
0.0171187
0.0524754
0.0829303
0.0224709
0.0226587
0.0265295
-0.000929752
-0.0279622
-0.0240837
0.019272
-0.0476188
0.0412123
0.0525125
0.0167991
0.0835494
0.02266
0.0224147
0.0265477
-0.0216876
-0.011361
0.0445989
0.0310141
0.0972557
0.0753718
0.207622
0.0995348
0.122435
0.15224
0.124
0.29729
0.140409
0.205978
0.133473
0.327815
-0.0216858
0.0308841
-0.0113608
0.0445936
0.0904271
0.101964
0.0753876
0.208392
0.12255
0.298048
0.152307
0.124124
0.140446
0.327606
0.205997
0.133441
0.0257346
0.0355729
0.0736199
0.253782
-0.0118428
-0.0118426
0.00422469
0.370272
0.0108711
0.0284216
0.072982
0.0471482
0.0618262
0.0265289
0.172745
0.158658
0.000359226
0.000363441
0.0629983
0.125221
0.0603864
0.061065
0.232005
0.0841854
0.0754837
0.0755487
0.14359
0.251867
0.157329
0.142131
0.174491
0.199004
0.0474897
0.0474843
0.0953204
0.163736
0.0990203
0.145472
0.245749
0.223538
0.02579
0.0355863
0.073585
0.254037
0.00970626
0.0284753
0.0734922
0.0448308
0.061793
0.0264508
0.17274
0.158656
0.0608624
0.0610661
0.232586
0.0842917
0.157534
0.142273
0.174495
0.199131
0.0985427
0.145518
0.245373
0.223823
0.00723119
0.0303176
0.0840035
0.0560731
0.118322
0.158303
0.132125
0.149304
0.0531126
0.0499675
0.0638116
0.068208
0.228301
0.247811
0.219512
0.256924
0.11664
0.113639
0.115987
0.130287
0.127912
0.13089
0.178464
0.355307
0.36498
0.365013
0.294732
0.426792
0.524396
0.524406
0.542644
0.482793
0.0072142
0.0303197
0.0840064
0.0584636
0.11833
0.158323
0.13216
0.149314
0.228293
0.247805
0.219506
0.256912
0.128014
0.130973
0.178521
0.355074
0.0985784
0.097024
0.134186
0.13043
0.0985583
0.0971341
0.134226
0.13044
0.0530273
0.0545566
0.0405365
0.0793539
0.208094
0.224147
0.224213
0.233206
0.268158
0.387109
0.377751
0.268156
0.163585
0.171964
0.195453
0.199763
0.163581
0.171968
0.19545
0.199772
0.0782831
0.0851647
0.100133
0.0798067
0.561219
0.527929
0.560106
0.561259
0.263886
0.253037
0.270539
0.25881
0.263884
0.252815
0.270393
0.258805
0.112316
0.113026
0.111791
0.130488
0.222231
0.299314
0.299246
0.368028
0.209391
0.201128
0.141521
0.209388
0.0383726
0.216093
0.0106234
0.322847
0.0414959
0.0116496
0.162752
0.10709
0.0627535
0.110567
0.218675
0.0549555
0.106041
0.240249
0.124286
0.230242
0.147743
0.176585
0.153824
0.104495
0.0802798
0.090199
0.190341
0.0971613
0.010627
0.322859
0.0384454
0.216083
0.0414987
0.0116496
0.0380868
0.110591
0.162729
0.107115
0.220001
0.0562031
0.124389
0.230308
0.106044
0.241489
0.147561
0.176816
0.0802687
0.0901523
0.153164
0.104635
0.190155
0.0971853
0.0424695
0.0270987
0.0625836
0.0445395
0.0805369
0.0983951
0.0408483
0.0519741
0.225384
0.0967841
0.106779
0.0749383
0.176165
0.238785
0.102318
0.119755
0.155546
0.209862
0.161639
0.173239
0.165027
0.346375
0.274986
0.413925
0.244676
0.338446
0.234722
0.258373
0.189066
0.344379
0.522125
0.466921
0.0424665
0.0270427
0.0406427
0.0520105
0.0630421
0.0444368
0.0805455
0.0983978
0.225381
0.0984927
0.101972
0.105667
0.106789
0.0748245
0.176042
0.238772
0.155617
0.220999
0.275013
0.41394
0.161682
0.173285
0.165081
0.346124
0.244723
0.338527
0.522201
0.466958
0.234756
0.258366
0.189085
0.344177
0.0704634
0.103374
0.311139
0.306392
0.0164447
0.013339
0.396172
0.396168
0.0658603
0.100028
0.0369765
0.0595037
0.242692
0.233865
0.182232
0.126108
0.0908496
0.0907575
0.159144
0.159143
0.242
0.247537
0.125015
0.112672
0.181654
0.181701
0.36805
0.367944
0.161326
0.135863
0.192946
0.229398
0.147972
0.147988
0.125126
0.125129
0.260489
0.277681
0.356936
0.207173
0.0705457
0.103383
0.306395
0.312874
0.0660274
0.0996524
0.028541
0.059685
0.233665
0.242633
0.182225
0.12612
0.242003
0.247547
0.11002
0.0889946
0.135882
0.16138
0.229514
0.193078
0.277568
0.26046
0.207112
0.357002
0.123
0.146137
0.0666163
0.0820637
0.105474
0.146708
0.140505
0.17747
0.0458885
0.0481505
0.0684428
0.0656643
0.187387
0.22133
0.24921
0.266912
0.0975465
0.0995543
0.12212
0.123178
0.214692
0.193921
0.521395
0.545786
0.218644
0.228666
0.486286
0.486318
0.561723
0.561754
0.431233
0.431242
0.122997
0.146134
0.0666488
0.0822527
0.142779
0.105507
0.140507
0.177487
0.221323
0.187421
0.249186
0.266864
0.193959
0.214709
0.545838
0.52149
0.0264466
0.0536881
0.0809113
0.0573286
0.0388601
0.110235
0.117673
0.0864565
0.151825
0.164571
0.148208
0.151425
0.117835
0.0884186
0.116729
0.162581
0.0264591
0.0573665
0.0809723
0.053934
0.117668
0.162617
0.116744
0.0884276
0.151939
0.151451
0.148181
0.164643
0.0388349
0.0869355
0.117773
0.110257
0.0080079
0.0102984
0.0346949
0.0292928
0.00800635
0.0274875
0.0353849
0.00781335
0.0304007
0.0455864
0.0583788
0.0473304
0.0305225
0.0496213
0.069148
0.0499338
0.127869
0.194142
0.207108
0.136477
0.232721
0.292328
0.23527
0.205885
0.233326
0.205973
0.235327
0.292313
0.128046
0.136539
0.207173
0.194351
0.191081
0.247888
0.270382
0.360432
0.193099
0.248959
0.268845
0.25533
0.193358
0.255395
0.268812
0.248799
0.191136
0.360542
0.270361
0.247892
0.0531191
0.0738135
0.152071
0.128468
0.134203
0.203611
0.175264
0.0943591
0.1984
0.184503
0.210856
0.232751
0.157976
0.166898
0.188347
0.171591
0.0531057
0.128474
0.15207
0.0738137
0.15805
0.171647
0.188358
0.166917
0.198443
0.232742
0.210861
0.184556
0.1342
0.094369
0.1753
0.203635
0.0376028
0.0607792
0.0760191
0.0515256
0.0374826
0.0514312
0.0733295
0.0578202
0.087229
0.105676
0.0893237
0.0664812
0.0873674
0.0665711
0.0915051
0.107607
0.353582
0.353952
0.535072
0.428982
0.338058
0.547118
0.56696
0.350431
0.337959
0.350185
0.566981
0.547149
0.353439
0.429031
0.535112
0.353698
0.223342
0.229848
0.2519
0.249238
0.135662
0.172582
0.257414
0.247918
0.134934
0.22032
0.270498
0.164223
0.221764
0.264146
0.269376
0.257689
0.223319
0.249396
0.251883
0.229853
0.221807
0.257916
0.269305
0.263929
0.134658
0.164223
0.270438
0.220713
0.135127
0.247949
0.257435
0.172554
0.0754727
0.12196
0.122855
0.084118
0.0887957
0.0807781
0.12431
0.119043
0.0395392
0.0626591
0.115435
0.105241
0.0402498
0.0823576
0.113207
0.0625991
0.321036
0.28889
0.368918
0.485144
0.057263
0.091421
0.221966
0.143972
0.0572544
0.144024
0.221913
0.0914536
0.320826
0.485142
0.368897
0.289186
0.104315
0.121595
0.198354
0.147063
0.104137
0.147089
0.198369
0.121605
0.0967482
0.113038
0.141044
0.0947723
0.0968192
0.0947924
0.14102
0.113008
-0.0426647
0.0054545
-0.0284087
0.013111
0.0200278
0.0307765
0.0115318
0.0379664
0.0485771
0.0166594
0.0137403
0.0145311
0.00547717
-0.0424559
-0.0295182
0.0197487
0.0131278
0.0304533
0.0380559
0.0120346
0.0487497
0.0137762
0.0165522
0.0144985
-0.0200391
-0.0159
0.0145271
0.0254893
0.120232
0.0806498
0.161844
0.0963755
0.121636
0.140705
0.122902
0.235554
0.137661
0.175595
0.13475
0.215769
-0.0200497
0.0254556
-0.0158999
0.0145134
0.121666
0.0962901
0.0817638
0.161837
0.121732
0.23553
0.140803
0.122991
0.137648
0.215478
0.175626
0.134813
0.0308208
0.0346011
0.0605726
0.0578636
-0.0121065
-0.0121056
-0.00249171
0.329291
0.0168294
0.0249375
0.0537027
0.0330242
0.0670867
0.0602073
0.126599
0.13009
0.000700686
0.000700461
0.0134735
0.06455
0.0590593
0.0559998
0.220554
0.063998
0.0843278
0.08436
0.116736
0.173504
0.157027
0.149043
0.169873
0.198861
0.0494253
0.0494195
0.072785
0.157008
0.115766
0.138354
0.204481
0.143223
0.0308425
0.0346506
0.0605722
0.058146
0.0165891
0.0252587
0.0541914
0.0326308
0.0669493
0.0600753
0.126562
0.130015
0.0590595
0.0559862
0.2204
0.0642923
0.157144
0.149206
0.169959
0.199007
0.115559
0.138422
0.204356
0.143181
0.0123458
0.0231776
0.0517279
0.0518922
0.131023
0.150362
0.135579
0.143761
0.058237
0.0593586
0.0650899
0.0644156
0.234357
0.244526
0.227128
0.246873
0.120152
0.120053
0.120281
0.130162
0.128967
0.130179
0.157031
0.231224
0.366639
0.366659
0.33
0.396776
0.523766
0.523776
0.531698
0.501738
0.0123391
0.0231985
0.0517215
0.0526
0.131035
0.150367
0.135595
0.143774
0.234355
0.244515
0.22712
0.246863
0.129048
0.13021
0.157109
0.230905
0.107307
0.106388
0.123313
0.120121
0.107297
0.106404
0.123326
0.120132
0.0577339
0.0587015
0.0631809
0.0701979
0.215939
0.22421
0.224243
0.227749
0.287363
0.386918
0.358493
0.287508
0.175558
0.177849
0.189625
0.192618
0.175554
0.17785
0.189626
0.192623
0.0825499
0.0888964
0.0939086
0.0844919
0.557767
0.542963
0.557568
0.557787
0.260764
0.258741
0.267277
0.260245
0.260814
0.258678
0.267145
0.260259
0.114037
0.114713
0.114705
0.129241
0.260895
0.299719
0.299685
0.333682
0.211342
0.208279
0.214241
0.211341
-0.0125148
0.0195257
0.0275009
0.125243
-0.00124558
-0.00822787
0.0084008
0.25016
-0.0173103
0.0058004
0.0236331
0.0111649
-0.00849504
0.0498425
0.112453
-0.142184
0.00995026
-0.00350838
0.0194896
0.0530837
0.0507145
0.0619067
0.210512
0.0558526
0.0277879
0.0346876
0.0907688
0.147532
0.0586161
0.0719488
0.0980496
0.153508
0.117117
0.153325
0.159133
0.194597
0.0309526
0.0305584
0.107915
0.0727516
0.0305928
0.0427136
0.0587641
0.127858
0.0419256
0.0802962
0.146609
0.0710825
-0.00128375
-0.00324407
0.00839765
0.250437
-0.0125376
0.0191339
0.0275569
0.124902
-0.0185807
0.00610899
0.0236439
0.0111085
0.0102444
-0.00419353
0.019473
0.0530877
-0.0123091
0.0496077
0.11228
-0.151976
0.0511411
0.0625371
0.21061
0.0558625
0.0587978
0.0720489
0.0982049
0.153572
0.0278182
0.0347122
0.0901967
0.14782
0.117403
0.153404
0.15902
0.194849
0.0305944
0.0427141
0.05876
0.127935
0.0309482
0.0304952
0.107852
0.0727412
0.0419617
0.0803353
0.146729
0.0711633
-0.0203073
-0.00821637
0.015347
0.0213517
-0.00682472
0.00224112
0.0317411
0.0385738
0.0694214
0.104993
0.0845607
0.0921846
0.0363898
0.0501602
0.0425644
0.0483211
0.092752
0.0595171
0.20905
0.0978303
0.0636413
0.0392449
0.078676
0.0699883
0.213864
0.224807
0.191028
0.24243
0.103226
0.114401
0.109172
0.119443
0.124863
0.13621
0.147358
0.191542
0.161971
0.165715
0.163686
0.168644
0.125265
0.126715
0.148459
0.22247
0.327396
0.359253
0.310983
0.381203
0.143863
0.147772
0.209053
0.218041
0.22947
0.250072
0.24032
0.252339
0.133469
0.132149
0.165464
0.224883
0.437576
0.519083
0.511328
0.483621
-0.0203447
-0.00825301
0.0153104
0.0213551
0.0361735
0.0493009
0.0423452
0.0483507
-0.00682332
0.00223502
0.0317641
0.0385433
0.069414
0.104991
0.0845539
0.0921842
0.0937386
0.0595177
0.208963
0.0989984
0.103004
0.109982
0.109104
0.102983
0.0636519
0.0392608
0.078683
0.0699511
0.221569
0.225035
0.191018
0.242423
0.124988
0.136329
0.147443
0.191902
0.327408
0.359287
0.31103
0.381225
0.162026
0.165738
0.163735
0.16869
0.125361
0.126752
0.14856
0.222119
0.143914
0.147828
0.209261
0.218055
0.437653
0.519104
0.511402
0.483688
0.22952
0.250067
0.240352
0.252338
0.133292
0.131917
0.165034
0.224576
0.0804376
0.0935637
0.0769041
0.0961919
0.349197
0.263462
0.308925
0.307188
0.0110271
0.0243431
0.0112652
0.0141953
0.397842
0.277171
0.399962
0.400228
0.0773939
0.0920692
0.0758835
0.0846228
0.0442434
0.0437129
0.0391585
0.0528031
0.210607
0.263185
0.243139
0.238527
0.179364
0.202918
0.189887
0.195308
0.0764421
0.104038
0.0906634
0.0906899
0.171089
0.175026
0.16145
0.161449
0.236046
0.252969
0.244667
0.244933
0.0946969
0.111793
0.115276
0.112598
0.166396
0.198121
0.184919
0.18494
0.320141
0.395621
0.372628
0.372658
0.16687
0.144493
0.162419
0.146617
0.206058
0.218753
0.204798
0.222476
0.121418
0.183495
0.140936
0.140923
0.11844
0.134595
0.126824
0.126826
0.272636
0.273882
0.274382
0.277235
0.264083
0.29564
0.321932
0.247245
0.0804417
0.0935187
0.0769332
0.0962001
0.349611
0.263422
0.307168
0.308923
0.0775875
0.0922468
0.0763385
0.0847152
0.0521404
0.0403323
0.0310941
0.0529263
0.210601
0.263185
0.238511
0.243116
0.179378
0.202914
0.189886
0.19528
0.235947
0.252922
0.244664
0.244934
0.0808525
0.0993828
0.109001
0.101853
0.167216
0.144517
0.14664
0.162569
0.206202
0.21886
0.2226
0.204929
0.2725
0.273652
0.277141
0.27424
0.264091
0.295549
0.247224
0.321892
0.113853
0.151834
0.12875
0.140187
0.0595837
0.073025
0.0701158
0.0704295
0.12879
0.12641
0.117753
0.138688
0.155093
0.166211
0.152379
0.170137
0.0625335
0.0636376
0.0541567
0.0534839
0.0720184
0.0814293
0.0733843
0.0740063
0.211464
0.20079
0.198443
0.214987
0.254722
0.257466
0.254499
0.263972
0.111521
0.103894
0.103818
0.103947
0.130316
0.130416
0.126761
0.124967
0.194707
0.205398
0.209596
0.199222
0.457929
0.558641
0.536839
0.547866
0.257812
0.235749
0.221599
0.221699
0.455195
0.505079
0.48452
0.484531
0.549967
0.559014
0.560545
0.560552
0.458815
0.398723
0.43209
0.432078
0.113848
0.151828
0.128747
0.140185
0.0637814
0.0780999
0.0703241
0.0781291
0.128798
0.127017
0.138154
0.11778
0.1551
0.166217
0.152376
0.170147
0.211199
0.200907
0.21498
0.198483
0.254715
0.25746
0.254493
0.263948
0.194744
0.20541
0.199262
0.209625
0.458498
0.558717
0.547885
0.536893
0.0442894
0.0411973
0.0598039
0.0604573
0.0620635
0.0788039
0.101842
0.0930117
0.159672
0.160773
0.160661
0.155855
0.112003
0.132556
0.11209
0.12881
0.0443841
0.041274
0.0598203
0.0605868
0.112019
0.132579
0.112176
0.128827
0.159724
0.160545
0.160774
0.155878
0.0620969
0.078827
0.101993
0.0930664
0.0128298
0.0121343
0.0139937
0.0203541
0.0128376
0.0121907
0.0140049
0.0206086
0.0327395
0.0390083
0.0381394
0.0434776
0.0328546
0.0391965
0.0376359
0.0443381
0.145681
0.160882
0.169745
0.179862
0.188878
0.237838
0.234817
0.208681
0.19153
0.238313
0.234914
0.210549
0.145811
0.161061
0.169832
0.179965
0.305524
0.329744
0.374926
0.387645
0.314148
0.294668
0.369895
0.359603
0.294715
0.314399
0.359672
0.369889
0.329794
0.305096
0.387571
0.374851
0.092451
0.10469
0.11713
0.12818
0.134083
0.165433
0.152
0.174809
0.229617
0.218303
0.225939
0.21989
0.178584
0.177402
0.184033
0.188809
0.0924421
0.104688
0.117126
0.128181
0.178631
0.177454
0.184051
0.188848
0.229674
0.218378
0.225925
0.219915
0.134073
0.165315
0.151996
0.174656
0.0499578
0.0556273
0.0629395
0.0643913
0.055665
0.0497734
0.0641225
0.0629776
0.0929872
0.0800944
0.0945444
0.0864201
0.0802746
0.0931882
0.0862618
0.0947292
0.444785
0.445594
0.49947
0.483881
0.44382
0.529985
0.541955
0.555727
0.530074
0.44363
0.555772
0.542011
0.44557
0.445061
0.483921
0.499413
0.232244
0.240366
0.238132
0.24544
0.200571
0.227054
0.240184
0.24086
0.189977
0.206421
0.228864
0.24245
0.267098
0.265313
0.275318
0.27038
0.23224
0.240361
0.238099
0.245388
0.267105
0.265301
0.275222
0.270319
0.189995
0.20653
0.228845
0.242372
0.200495
0.22844
0.240246
0.240945
0.0982788
0.123109
0.125014
0.120755
0.103281
0.109894
0.109927
0.108629
0.0492268
0.0551145
0.0646364
0.0767399
0.0765573
0.0606318
0.090797
0.104757
0.398755
0.448648
0.390581
0.427558
0.104406
0.120708
0.145159
0.165616
0.104424
0.120738
0.145191
0.165523
0.398768
0.448691
0.390524
0.427493
0.12749
0.149138
0.156035
0.151889
0.149119
0.127495
0.151888
0.156032
0.0999215
0.0942884
0.118841
0.118225
0.0942644
0.0999209
0.118189
0.118844
0.00711481
0.116931
0.00604172
0.190779
0.00598564
0.00492732
0.0444191
-0.199111
0.0291978
0.0904786
0.130271
0.0416283
0.0800593
0.126443
0.0951445
0.130079
0.112104
0.140229
0.094002
0.0653239
0.0397919
0.0844283
0.114778
0.0423151
0.00605281
0.190753
0.00699478
0.116962
0.00611415
0.0044595
0.0291872
0.091034
0.0411818
-0.198907
0.130264
0.0405529
0.0953214
0.130244
0.0801592
0.126805
0.112183
0.140199
0.0398797
0.0844038
0.0939506
0.0610607
0.11471
0.0422965
0.00961897
0.0266938
0.0221335
0.0318298
0.0389164
0.0480488
0.0307582
0.0342367
0.15117
0.0810025
0.112815
0.0813938
0.15551
0.255231
0.0968138
0.122425
0.138496
0.210639
0.151805
0.154655
0.14346
0.211905
0.266552
0.330271
0.186637
0.21174
0.202558
0.213546
0.169598
0.222325
0.333698
0.324443
0.00960802
0.0266801
0.0306322
0.0341111
0.0221496
0.0317962
0.0383956
0.0480734
0.151108
0.0894798
0.0963264
0.125527
0.112833
0.0813721
0.155506
0.255153
0.138596
0.210829
0.266658
0.330581
0.151878
0.154721
0.143556
0.211562
0.186685
0.211699
0.333505
0.32425
0.202601
0.213589
0.168454
0.222397
0.0481716
0.147734
0.07935
0.139069
0.0625963
0.0812092
0.254413
0.257659
0.00639377
0.312848
0.0042281
0.312927
0.00376263
0.00405447
0.366903
0.366902
0.0345122
0.0289629
0.0714553
0.0389419
0.0663324
0.0742609
0.0546172
0.0479623
0.124622
0.120468
0.110818
0.0675749
0.173935
0.166978
0.155135
0.159047
0.0119561
0.0631054
0.0124152
0.063105
0.0627469
0.0628008
0.124245
0.123195
0.229351
0.0658906
0.2202
0.0706494
0.233876
0.239535
0.0850079
0.0739053
0.107607
0.166403
0.107726
0.166465
0.14317
0.143202
0.254687
0.254474
0.171812
0.208938
0.157464
0.192477
0.169743
0.172246
0.197675
0.200887
0.0687628
0.149609
0.0688072
0.149663
0.0937751
0.0937702
0.127677
0.127708
0.178175
0.105696
0.220611
0.177073
0.234277
0.255917
0.257698
0.189089
0.048199
0.147752
0.0793561
0.138976
0.0626142
0.0812138
0.257426
0.254518
0.0345922
0.0267946
0.0714761
0.0388956
0.0667212
0.0748431
0.0494195
0.0449067
0.124616
0.120446
0.1108
0.067869
0.166707
0.173935
0.155139
0.158976
0.229236
0.0663852
0.220612
0.071043
0.233849
0.239489
0.0714455
0.099662
0.171868
0.209232
0.157541
0.192701
0.172391
0.169813
0.20106
0.197928
0.178384
0.105671
0.220728
0.177155
0.256009
0.23357
0.189434
0.25803
0.0417149
0.0455284
0.0633423
0.0604155
0.0787324
0.0889043
0.0547944
0.0598176
0.113792
0.122368
0.15491
0.161919
0.122187
0.142143
0.140599
0.159453
0.0516172
0.0569461
0.04748
0.0538943
0.0584475
0.0571908
0.0658099
0.0666861
0.213755
0.244814
0.239631
0.254975
0.212916
0.226946
0.256445
0.261388
0.111723
0.121545
0.109732
0.119162
0.11224
0.112319
0.124985
0.125111
0.152447
0.230089
0.160748
0.227968
0.18142
0.175203
0.354863
0.352987
0.328428
0.397478
0.32847
0.397411
0.29532
0.295251
0.429183
0.429202
0.536223
0.505279
0.536248
0.505291
0.546667
0.54668
0.484865
0.484864
0.0417205
0.0454946
0.0633512
0.060383
0.0787317
0.0889052
0.0547325
0.0622257
0.113805
0.122376
0.154932
0.161937
0.14215
0.122203
0.140607
0.159452
0.213773
0.244799
0.239626
0.254963
0.226939
0.212929
0.256434
0.261367
0.152533
0.229679
0.160817
0.227638
0.175283
0.181448
0.35274
0.354627
0.0891964
0.108239
0.0905736
0.103544
0.143119
0.126812
0.122965
0.138679
0.0892307
0.108248
0.0906584
0.103648
0.126837
0.143137
0.138694
0.122967
0.0283826
0.0531049
0.0450083
0.0618438
0.0382879
0.0516693
0.0738505
0.0711816
0.209005
0.209038
0.216587
0.229866
0.229929
0.216652
0.235166
0.235196
0.268812
0.26555
0.281793
0.281613
0.308011
0.308301
0.265537
0.268806
0.157811
0.169566
0.163941
0.181094
0.186983
0.204099
0.205476
0.194162
0.157809
0.169574
0.163928
0.181102
0.204097
0.186986
0.194173
0.205479
0.0797268
0.0824723
0.0809799
0.0813115
0.0962071
0.0962167
0.0772643
0.0842874
0.550686
0.565511
0.532686
0.532706
0.564885
0.564895
0.565547
0.550726
0.263357
0.268263
0.253752
0.25391
0.269916
0.270464
0.257576
0.266464
0.268229
0.263351
0.253713
0.253929
0.270389
0.269839
0.257572
0.266433
0.112224
0.112203
0.117515
0.113043
0.118173
0.115059
0.127237
0.125076
0.223157
0.223132
0.334621
0.26125
0.261188
0.334563
0.369362
0.369338
0.20559
0.212023
0.200339
0.200338
0.141967
0.141976
0.205588
0.21202
0.0263091
0.0426922
0.203676
0.241287
0.00824473
0.00924414
0.273133
0.347422
0.03082
0.0475132
0.00982027
0.0180701
0.154421
0.170111
0.0940951
0.121187
0.0439179
0.0623356
0.115053
0.116236
0.183558
0.245653
0.0489781
0.0712834
0.110596
0.0945975
0.222896
0.250244
0.118806
0.130024
0.219804
0.241917
0.131109
0.155275
0.153419
0.187567
0.146552
0.160468
0.102114
0.0885046
0.0707397
0.0869015
0.122217
0.0992737
0.165632
0.207661
0.0761134
0.119681
0.00827063
0.00910725
0.273074
0.347468
0.0263569
0.0427349
0.203654
0.24128
0.0308267
0.0476376
0.00981949
0.0182282
0.040303
0.0419739
0.114783
0.116261
0.154411
0.170062
0.0943451
0.121298
0.183521
0.245677
0.0550114
0.0938929
0.118927
0.130136
0.219983
0.242013
0.11062
0.0946113
0.223107
0.250317
0.131133
0.155305
0.153622
0.187739
0.0707689
0.0869184
0.122302
0.0992401
0.147451
0.160348
0.101812
0.088545
0.165594
0.208206
0.0761193
0.119782
0.0398001
0.0796704
0.0292515
0.0287453
0.0546357
0.0683854
0.0409649
0.0477948
0.0624756
0.0968902
0.0797037
0.115219
0.0367834
0.0464319
0.0431253
0.0572613
0.228544
0.227469
0.0920101
0.0790991
0.117664
0.100431
0.0800208
0.0705604
0.156544
0.19159
0.235275
0.242112
0.0912857
0.106357
0.118085
0.120209
0.153468
0.1598
0.197507
0.213496
0.158469
0.159002
0.168574
0.173787
0.161839
0.168038
0.358896
0.350504
0.258681
0.285835
0.391395
0.42516
0.233296
0.252875
0.345738
0.316178
0.220072
0.235367
0.245793
0.262306
0.193352
0.187125
0.341247
0.347471
0.435193
0.540928
0.43508
0.481451
0.0396569
0.0798707
0.029173
0.0296927
0.0366255
0.0456017
0.0429222
0.0566691
0.0557818
0.0683329
0.0408492
0.0476882
0.0624549
0.0969094
0.079705
0.115225
0.228553
0.227512
0.0950014
0.0793263
0.0933836
0.106877
0.118799
0.110232
0.117674
0.100424
0.079903
0.0704536
0.15654
0.19159
0.235269
0.242104
0.153552
0.159873
0.199035
0.213612
0.258751
0.285845
0.391353
0.425218
0.158506
0.159027
0.168632
0.173809
0.161914
0.168108
0.35822
0.350256
0.23331
0.252959
0.345766
0.316325
0.435012
0.540982
0.435123
0.481444
0.220089
0.236659
0.245809
0.263001
0.193425
0.187152
0.340995
0.347258
0.0756977
0.0617282
0.0943565
0.109985
0.335332
0.26636
0.261268
0.347642
0.0133978
0.0216833
0.0194327
0.0105874
0.26848
0.382991
0.383227
0.26848
0.055009
0.0738807
0.106204
0.0961973
0.0406226
0.0401138
0.0472579
0.0569716
0.21079
0.25616
0.259085
0.203993
0.191474
0.167238
0.112384
0.134865
0.076392
0.104447
0.104304
0.0762983
0.16527
0.171795
0.171739
0.165267
0.236209
0.25102
0.257741
0.249137
0.121548
0.0987669
0.0980061
0.112099
0.196027
0.16213
0.162182
0.196099
0.315828
0.377157
0.377003
0.315843
0.164967
0.157088
0.127796
0.146924
0.18786
0.197764
0.233248
0.220177
0.1177
0.182461
0.182639
0.117684
0.115948
0.133429
0.133429
0.115951
0.248042
0.270978
0.272885
0.279383
0.335874
0.365484
0.217375
0.183461
0.0618306
0.0758025
0.109996
0.0943636
0.347684
0.261345
0.266341
0.335366
0.0739111
0.0548784
0.0959875
0.10654
0.0280205
0.0277414
0.0633177
0.0677902
0.203688
0.258615
0.256784
0.21083
0.167178
0.191493
0.134877
0.112385
0.251016
0.236217
0.249088
0.257738
0.111386
0.107403
0.0891596
0.0693389
0.146949
0.127813
0.15714
0.165018
0.220305
0.233336
0.197856
0.188023
0.279316
0.2728
0.27084
0.248026
0.183415
0.217362
0.365601
0.33598
0.103579
0.140385
0.163467
0.124338
0.0714819
0.0569324
0.071906
0.0865722
0.107575
0.114918
0.146786
0.146757
0.146386
0.134704
0.172184
0.182787
0.0436926
0.044537
0.0461014
0.0482497
0.0646109
0.0722312
0.0694973
0.0617456
0.194782
0.180843
0.216137
0.226482
0.250471
0.248458
0.266264
0.26815
0.1017
0.093446
0.0955295
0.103645
0.122207
0.122486
0.123742
0.119088
0.203496
0.216026
0.194509
0.186153
0.471057
0.53375
0.563704
0.451176
0.255356
0.238197
0.238255
0.254564
0.51143
0.459177
0.458991
0.511469
0.55489
0.565107
0.565126
0.554921
0.39882
0.459647
0.459819
0.398785
0.140384
0.103579
0.124331
0.163465
0.056759
0.0713186
0.0864373
0.0717438
0.14688
0.146812
0.115001
0.107605
0.134724
0.146386
0.182802
0.172202
0.226474
0.216193
0.180852
0.194843
0.248416
0.250439
0.268088
0.26623
0.186205
0.194523
0.216033
0.203553
0.450999
0.563767
0.533802
0.471083
-0.00793946
0.011937
0.0313572
0.0140071
0.0465895
0.0673787
0.0474687
0.0288623
0.0994307
0.0830612
0.0665063
0.085811
0.0538383
0.0338688
0.048551
0.0680479
0.0118297
0.066255
0.0613742
0.0112452
0.126535
0.119377
0.0946193
0.101152
0.112416
0.0976044
0.10969
0.122167
0.0633092
0.0473274
0.0929647
0.082791
0.139923
0.143985
0.159557
0.159777
0.164416
0.168139
0.162234
0.152164
0.129482
0.136675
0.155996
0.150048
0.146222
0.162313
0.157174
0.139589
0.0671785
0.0888172
0.121088
0.14196
0.0711109
0.0868256
0.101144
0.0850124
0.117297
0.138127
0.121466
0.102231
0.174561
0.167005
0.140212
0.156968
-0.00818859
0.0140083
0.0314004
0.0120015
0.0538414
0.0680717
0.0486159
0.0339024
0.0994558
0.0857877
0.0665333
0.083079
0.0463823
0.0289118
0.0473549
0.0671847
0.0672739
0.142006
0.121109
0.08902
0.175059
0.15727
0.140229
0.167113
0.117308
0.102233
0.121483
0.138147
0.0712773
0.0850245
0.101135
0.0868286
0.139999
0.159829
0.159636
0.144055
0.146236
0.139247
0.15712
0.162338
0.129495
0.150107
0.156025
0.136686
0.164284
0.152247
0.162263
0.168138
0.0118244
0.0112326
0.0613958
0.0662466
0.063051
0.0830635
0.0931053
0.0470025
0.112478
0.122238
0.109802
0.0977631
0.126549
0.101163
0.0946501
0.119398
0.00318737
0.00622316
0.010181
0.00803764
-0.000348377
0.00748238
0.0115971
0.00647008
0.0330858
0.0432278
0.0199861
0.0165177
0.0323344
0.0176153
0.0188306
0.0427561
0.0031036
0.00781836
0.0102222
0.0062405
0.0299447
0.0503902
0.0190927
0.0175432
0.0578839
0.0248888
0.0201918
0.0449185
-0.00114642
0.00629933
0.0115398
0.0088788
0.0282129
0.0375568
0.0338981
0.0218543
0.0598186
0.0570748
0.0439814
0.0472321
0.068377
0.0559685
0.0418328
0.0529534
0.0358217
0.0237282
0.0339048
0.0599368
0.0282277
0.0218598
0.0340409
0.037725
0.0356659
0.0451699
0.0332034
0.0256956
0.0645054
0.0518548
0.0390441
0.0501476
0.0587995
0.048027
0.0448415
0.0555332
0.0949429
0.171639
0.14131
0.0917681
0.204177
0.198468
0.175549
0.204533
0.217567
0.19858
0.18497
0.209087
0.115967
0.103564
0.151828
0.166167
0.22463
0.293658
0.220863
0.204769
0.331026
0.258301
0.248937
0.322056
0.229918
0.226019
0.237387
0.237433
0.199064
0.18928
0.22678
0.213877
0.224719
0.204593
0.231696
0.29369
0.199282
0.214016
0.226876
0.189442
0.22995
0.237462
0.237471
0.22611
0.331047
0.32208
0.248321
0.25832
0.0949704
0.0919383
0.141439
0.171926
0.116
0.166203
0.151929
0.103676
0.217599
0.209183
0.185089
0.198612
0.204339
0.204993
0.175701
0.198639
0.090568
0.119623
0.283106
0.271553
0.0621466
0.345103
0.324524
0.140466
0.282691
0.277634
0.341082
0.264524
0.322069
0.280475
0.363701
0.393862
0.101434
0.144233
0.273016
0.133506
0.177626
0.319176
0.308247
0.163099
0.293359
0.260921
0.36351
0.387887
0.0576843
0.15243
0.336461
0.351943
0.101465
0.132349
0.274023
0.144433
0.0578001
0.352058
0.336622
0.152631
0.293522
0.382952
0.363401
0.260907
0.177665
0.163223
0.308351
0.319171
0.0905798
0.27168
0.283117
0.120198
0.321928
0.393877
0.363651
0.280639
0.282514
0.264523
0.340804
0.277438
0.0623242
0.140794
0.324695
0.345253
0.0173455
0.0269288
0.0861296
0.0733793
0.0465788
0.108717
0.0983408
0.0365833
0.169712
0.158123
0.13453
0.14619
0.134869
0.108934
0.121699
0.146544
0.137056
0.174143
0.143002
0.0927226
0.221808
0.204184
0.182296
0.20392
0.181366
0.157686
0.169215
0.193065
0.0568684
0.0705856
0.125832
0.119111
0.172816
0.167817
0.221393
0.22516
0.159151
0.198938
0.225594
0.163173
0.198343
0.209582
0.221054
0.210744
0.234673
0.242943
0.231077
0.220303
0.141465
0.163939
0.172841
0.14597
0.154223
0.164799
0.17891
0.169089
0.186855
0.199968
0.189154
0.175491
0.154738
0.150508
0.181663
0.190373
0.0173474
0.0733821
0.0861294
0.026961
0.134881
0.146552
0.121702
0.108942
0.169709
0.14619
0.134533
0.158122
0.0465742
0.036599
0.0983429
0.108715
0.14155
0.146045
0.172884
0.163993
0.154805
0.190388
0.181707
0.150608
0.186862
0.175502
0.18917
0.19998
0.154232
0.169112
0.178929
0.164808
0.172879
0.225181
0.222619
0.167728
0.234663
0.220293
0.231052
0.242945
0.198347
0.210752
0.22108
0.209662
0.159212
0.163246
0.224878
0.19896
0.137123
0.0927439
0.142994
0.174256
0.0568651
0.119106
0.126572
0.070597
0.181368
0.193022
0.169171
0.157665
0.221812
0.20392
0.182313
0.204137
0.0285574
0.0397129
0.0465364
0.0352033
0.0620219
0.0695963
0.060825
0.0537031
0.0847456
0.0748911
0.0679311
0.0771817
0.0490846
0.0420173
0.053427
0.0603859
0.0285229
0.0351702
0.0463497
0.0395033
0.0490559
0.0602727
0.0532502
0.0419868
0.0849627
0.0776583
0.0677333
0.0748574
0.0630204
0.0528969
0.0605059
0.0703471
0.0906344
0.0982581
0.0849115
0.0751948
0.116306
0.108001
0.0991459
0.107919
0.0905922
0.0822675
0.0904691
0.10001
0.056466
0.0653255
0.0758534
0.0677323
0.091069
0.0752231
0.0850954
0.0987012
0.0558096
0.064079
0.0760306
0.06536
0.0894958
0.100079
0.0906338
0.0791579
0.116395
0.110465
0.0993607
0.107891
0.238403
0.21734
0.420722
0.360045
0.231244
0.465508
0.466579
0.22759
0.547602
0.509619
0.510025
0.549035
0.398638
0.392512
0.456054
0.458245
0.218185
0.437361
0.43968
0.223026
0.535593
0.554052
0.548809
0.530136
0.562497
0.563179
0.560358
0.563538
0.230142
0.225818
0.447588
0.454372
0.21793
0.222726
0.43947
0.438289
0.229811
0.454177
0.447425
0.225553
0.562516
0.563554
0.560395
0.563233
0.535605
0.530172
0.54886
0.554066
0.238383
0.36006
0.419865
0.217031
0.398651
0.458251
0.456012
0.392544
0.547623
0.549089
0.510123
0.509639
0.230876
0.2272
0.466557
0.465631
0.203753
0.199384
0.238729
0.24379
0.224862
0.238938
0.234152
0.216924
0.259243
0.256039
0.24854
0.253533
0.24661
0.244389
0.242908
0.25341
0.0831504
0.0951749
0.193969
0.173374
0.127515
0.211967
0.208635
0.123379
0.259865
0.254137
0.249653
0.257559
0.222588
0.234603
0.250165
0.240103
0.0784485
0.130466
0.180373
0.101492
0.192844
0.26056
0.228746
0.162494
0.267522
0.263609
0.251419
0.272297
0.116281
0.109381
0.198769
0.208656
0.18097
0.237605
0.256444
0.198371
0.251693
0.263171
0.2689
0.255261
0.267513
0.273759
0.271751
0.265252
0.215883
0.216466
0.276557
0.275519
0.204426
0.243802
0.238702
0.200101
0.246601
0.253404
0.242887
0.244381
0.259239
0.253529
0.248517
0.256033
0.224846
0.216868
0.234166
0.238911
0.181062
0.198416
0.256239
0.237628
0.216204
0.275414
0.276595
0.216609
0.267479
0.265226
0.271675
0.273656
0.251681
0.255255
0.268852
0.263039
0.0783847
0.101553
0.180291
0.130583
0.117025
0.208611
0.198221
0.10937
0.267488
0.2722
0.251504
0.263571
0.193342
0.162977
0.228743
0.260437
0.0831513
0.173383
0.193923
0.0912686
0.222526
0.240158
0.249187
0.234591
0.259861
0.257546
0.249654
0.254133
0.127447
0.123333
0.20863
0.211913
0.122631
0.118722
0.0999383
0.0947947
0.124896
0.125031
0.123629
0.119959
0.122639
0.115924
0.121149
0.126994
0.0684285
0.0727871
0.0838488
0.0928932
0.12469
0.0968552
0.103506
0.118643
0.0683612
0.0920718
0.116161
0.0732562
0.122354
0.125019
0.10784
0.107026
0.124949
0.110135
0.109437
0.125231
0.0306701
0.0316818
0.0587335
0.0498298
0.0127668
0.0763378
0.0501226
0.0184293
0.11346
0.0981617
0.0776576
0.104174
0.0653211
0.0658176
0.0630119
0.075653
0.0306856
0.0491097
0.0456081
0.030628
0.064988
0.0906935
0.0711197
0.065251
0.113456
0.104165
0.104378
0.111888
0.0127656
0.0184695
0.0761292
0.0763776
0.21653
0.223941
0.422061
0.443686
0.15925
0.300837
0.368537
0.197997
0.335137
0.399535
0.396471
0.330933
0.504686
0.500894
0.456749
0.460101
0.0285886
0.0506103
0.0938347
0.055926
0.0710813
0.12021
0.112658
0.0643863
0.262038
0.256996
0.178036
0.184406
0.125361
0.0818076
0.143254
0.225006
0.0285718
0.0558581
0.0938135
0.0506064
0.125301
0.224952
0.143308
0.0822493
0.262009
0.18438
0.177966
0.256952
0.0710824
0.0643861
0.112598
0.120201
0.216404
0.443873
0.422192
0.223772
0.504692
0.460109
0.456807
0.500951
0.335109
0.330884
0.396422
0.399518
0.159452
0.198141
0.368561
0.300947
0.066272
0.0700027
0.134768
0.0104932
0.0634598
0.168209
0.158034
0.0571377
0.207516
0.198991
0.164978
0.173978
0.128244
0.0974761
0.141029
0.175365
0.0662839
0.0112905
0.134799
0.0699837
0.12826
0.175338
0.140995
0.0975259
0.207514
0.173943
0.164941
0.198987
0.0634448
0.0571399
0.158031
0.168226
0.0577936
0.111142
0.115928
0.0718443
0.153798
0.118118
0.109128
0.139477
0.213918
0.205117
0.127081
0.134681
0.128423
0.0756477
0.103818
0.18027
0.0579833
0.0716889
0.115822
0.110717
0.12857
0.180308
0.103775
0.0756603
0.21392
0.134699
0.127059
0.205124
0.153624
0.139463
0.109129
0.118179
