-0.69768
0.245
-2.135
-0.885
0.065
2.07073
-0.715
0.295
-2.10327
-0.825
0.773195
2.085
0.697685
0.245
-2.135
0.885
0.065
2.07073
0.715
0.295
-2.10327
0.825
0.773212
2.085
0.150009
-0.048588
0.138515
0.0341295
0.150007
-0.0486067
0.138504
0.0339974
0
0
0
0
0
0
0
0
0
0
0
0
0
0
0
0
0
0
0
0
0
0
0
0
0
0
0
0
0
0
0
0
0
0
0
0
0
0
0
0
0
0
0
0
0
0
0
0
0
0
0
0
0
0
0
0
0
0
0
0
0
0
0
0
0
0
0
0
0
0
0
0
0
0
0
0
0
0
0
0
0
0
0
0
0
0
0
0
0
0
0
0
0
0
0
0
0.00510942
0.0693816
0.126335
0.0452441
-0.0251098
0.0807419
0.0219182
0.119873
-0.128308
0.0502259
0.00501321
0.126327
0.0451932
0.0808254
0.119878
0.0500601
0.0548909
-0.0201022
0.0162434
0.0213544
0.0887984
-0.029625
0.204541
0.420517
0.0548997
-0.0200382
0.0214115
-0.0295586
0.0871787
0.0871782
0.076242
0.152374
0.0890324
-0.00836657
-0.00833671
0.0523897
0.451405
0.0609738
0.0612436
0.0392878
0.153898
0.0321716
0.0011395
0.009939
0.0567972
0.0131955
-0.161113
0.00167796
0.00134638
-0.152861
0.0482341
0.00606096
-0.0400597
0.0312965
0.0102498
0.00119907
0.0568264
-0.161118
0.0131436
0.00136449
-0.152913
0.00144189
0.0482349
-0.0400713
0.00616383
0.0314326
0.00484631
6.48147e-05
-0.0101657
0.00869152
-0.154677
0.0281082
0.0684239
0.0567971
0.0140403
-0.00705165
-0.0436543
0.0404876
-0.0481477
0.00243767
0.00640659
0.13233
0.00484367
0.00869286
6.68772e-05
-0.0101969
-0.154482
0.0568035
0.0280333
0.0684331
0.0140461
0.0404786
-0.0070875
-0.0436944
-0.0479816
0.132428
0.00249184
0.00645281
0.0407798
-0.061523
0.0276667
0.030788
-9.82621e-05
0.0181012
0.0106828
0.0191261
-0.00113918
0.0183354
-0.000555316
0.00577666
0.021592
0.00513005
0.000106658
0.00833133
0.00160941
0.0211502
0.00314949
-0.0126739
0.0407031
-0.0615643
-9.69653e-05
0.0181051
0.010579
0.0191818
-0.000705135
0.0057486
0.000108079
0.00829387
0.00311912
-0.0125166
-0.023741
0.0112652
0.0170976
-0.0165086
0.0112037
0.000127103
-2.94342e-05
0.011061
0.001213
-0.00209129
0.00378987
0.181712
-0.0162058
0.0163331
0.00711316
0.0302267
-0.0237423
0.0112637
0.0170677
-0.0165377
-2.97544e-05
0.0109419
0.00379178
0.181844
0.0457731
0.0103971
0.0136615
0.0391325
0.0457789
0.0390905
0.0136486
0.0103823
0.0556914
0.055693
0.0137203
0.0137179
-0.0786994
0.01978
0.0197777
-0.0787328
0.0352248
0.0204918
0.0190022
0.035241
-0.0312187
0.0471266
0.00308445
-0.0254518
-0.0312369
-0.025462
0.00311369
0.0409202
0.0100745
0.0100742
0.0340356
0.0340335
0.127686
0.175764
0.175839
0.127712
0.0178393
0.0122114
0.0325229
-0.0375144
0.0177761
-0.0375318
0.0325124
0.0121463
0.0318246
0.0318122
-0.0292685
-0.0292554
0.0685281
-0.0302846
-0.0302624
0.0686395
-0.051302
-0.0512902
0.00852651
0.00839147
-2.59892e-05
0.0123146
0.00446627
0.003753
0.0897107
0.00192617
0.000266178
0.0619314
0.0108404
-0.0125336
0.0209044
0.00321092
0.0121997
-0.00387233
0.00515345
0.0896359
0.00380892
0.00220955
0.0619042
-0.00023462
0.0108579
0.0213278
-0.0122923
0.00323464
0.00487232
5.31191e-05
-0.00857119
0.0119873
-0.00884935
0.0058444
0.0433099
0.0579093
0.0126447
-0.00696599
-0.0520917
-0.016302
-0.00109485
0.0025257
-0.00108019
-0.0259065
0.00486798
0.0119429
5.17552e-05
-0.00855311
-0.00894169
0.0579305
0.00586887
0.043319
0.0134155
-0.0170825
-0.00699211
-0.0532192
-0.00104933
-0.0258268
0.00259822
-0.00102237
0.000494989
0.000439377
0.0175181
0.0585594
-0.0153509
-0.0154875
0.0237843
0.0127531
0.0124198
6.76327e-09
-0.000143711
0.00732906
0.00327028
0.00237307
0.00526902
0.0750304
-0.0742788
-0.0742793
0.00107374
-0.0104053
-0.000338701
0.00309686
0.000135966
0.00312323
0.0240594
0.0240915
0.00199337
-0.00168088
0.0273857
5.59767e-05
1.86807e-05
0.155843
-0.0124424
-0.0124406
0.00153775
0.0222556
0.00821345
-0.0477933
0.00153696
-0.00537712
0.000465777
0.000479783
0.0178009
0.0496764
0.0127588
-3.14668e-06
-0.000142652
0.0073374
0.00325869
0.00235806
0.0052878
0.0750308
-0.000326692
0.00339629
0.000105942
0.00309848
0.027383
5.3974e-05
1.889e-05
0.155868
0.0083369
-0.0477383
0.00161987
-0.0053696
4.96638e-06
0.00970997
0.0247303
0.0134011
-0.0007532
0.000360864
0.016893
0.0263369
0.00110631
0.00110638
0.0037081
-0.000437361
-0.0207044
-2.32635e-06
-7.12999e-05
-0.0259281
-0.00206963
-0.00207046
0.000761929
-0.00426359
-0.000609471
0.00582223
0.00131497
0.0102103
0.0276621
0.0275865
-0.017101
0.000127652
0.00957905
0.0096191
-0.00945768
0.0301476
5.49613e-06
0.00973908
0.0247323
0.0132855
-0.000759197
0.000376197
0.0168624
0.0263172
-0.0207073
-3.62445e-06
-7.27687e-05
-0.0259277
-0.00060333
0.00585007
0.00132538
0.0102154
0.0182108
2.02537e-05
2.0018e-05
-3.60526e-05
0.0182663
2.03906e-05
1.94802e-05
-3.58049e-05
0.00116338
0.000580242
0.000565714
0.00036132
0.00674943
-0.00560915
-0.00559063
0.000557017
0.00221407
0.00530081
0.00348543
0.00392913
0.000694981
0.00251811
8.61229e-05
-4.72026e-05
0.000691896
0.00251721
8.57119e-05
-4.89847e-05
-0.000379908
0.000564484
0.000467371
-0.000379628
0.0310207
0.0164666
0.00492174
0.0309317
0.00460406
0.000176595
0.00222718
-0.0117377
0.00448134
8.12365e-05
0.00202302
-0.0118542
-0.00221289
-0.00572537
-0.00591543
0.00233833
-0.00441498
0.0134614
0.0134299
6.92695e-05
-0.00941116
0.0764969
0.000643898
-0.00932369
0.0225818
0.0257237
0.0323379
0.0329506
0.00649345
0.024241
0.00248818
0.134418
0.00847325
0.00279794
0.00627344
0.0197923
0.0133182
-0.0245734
-0.0215197
0.1154
-1.05168e-05
0.133187
0.0173063
0.031749
0.0022371
0.0231033
0.0140778
0.0454989
0.0326012
0.0328316
0.022995
0.0256552
0.00648284
0.0242324
0.00847596
0.0028028
0.00251586
0.134281
0.00636972
0.0198928
-0.0215286
0.116138
0.0133318
-0.0228641
-6.8431e-06
0.133213
0.00223746
0.0230223
0.0172791
0.0316992
0.0140577
0.045491
8.78906e-05
0.00745291
0.0260208
0.0126572
0.0148773
0.0329467
0.00718356
-0.000179915
-0.0211546
0.0835565
0.0105894
0.0239636
7.82884e-07
1.00945e-05
-0.0013252
-0.00268458
3.3671e-05
0.121792
0.0164682
-0.0237757
0.000738844
0.0285894
0.00122483
-0.00383064
0.00181975
-0.0845438
7.0126e-05
0.000482449
0.00072063
0.00826645
0.00862899
0.00456644
8.9092e-05
0.00746509
0.00718271
-0.000179485
0.0260246
0.0125759
0.0148757
0.0329493
-0.0170731
0.0834785
-0.00132534
-0.00268521
0.013731
0.0240149
0.0031072
6.94822e-06
3.38087e-05
0.121799
0.00123257
-0.00384621
0.0164712
-0.023882
0.00079946
0.0286034
0.00183612
-0.0840176
0.00865482
0.00457616
7.04857e-05
0.0004977
0.000732263
0.00827383
-2.67784e-05
-7.65138e-05
0.0473609
-0.276089
-0.00423279
-0.00422716
0.0135118
0.0135113
0.0176532
-1.60251e-05
0.00851804
1.76449e-07
3.03782e-06
4.45841e-06
0.103741
-0.0104643
-0.00925457
-0.00925449
-0.0300509
-0.030051
-0.0126746
0.00494264
8.88602e-05
0.0139122
0.0334959
0.0334719
-0.109427
-0.108695
-5.17847e-05
0.0181545
0.0280205
-0.00587931
0.0039164
0.00390221
-0.00583945
-0.00579665
0.0103543
0.0255212
0.00100767
-0.0096325
5.24892e-05
-3.38309e-05
-0.275253
0.0473432
0.0176607
-1.57876e-05
0.00852429
-2.24024e-07
4.35703e-06
3.05942e-06
0.104105
-0.010546
-0.0126704
0.00494317
8.96377e-05
0.0139129
0.018181
-5.23761e-05
-0.00585266
0.028013
0.0255309
0.0103496
-0.0097074
0.00106307
0.00124721
-0.0246014
-0.000589638
-0.000981369
1.88427e-05
1.33769e-05
-0.000159085
-2.9257e-05
0.000626922
0.000625285
0.000402675
0.000402684
-0.0211852
2.42375e-05
-3.63063e-05
-0.0274179
-0.00186328
-0.00186393
-0.00154097
-0.001554
6.87444e-05
1.94229e-05
0.0177055
0.00232914
0.00978874
0.00979106
0.0293117
0.0292165
0.0317328
0.0317162
-0.00530396
-0.00532004
0.00124735
-0.0214976
-0.000590852
-0.00098238
1.33318e-05
1.88307e-05
-0.000164662
-2.92216e-05
2.38294e-05
-0.0184351
-3.75325e-05
-0.0274372
3.31409e-05
7.05769e-05
0.00226137
0.0176339
0.0214078
0.0173771
0.0179487
0.0202718
0.0133084
0.0159018
-5.74414e-06
-3.6714e-05
0.018271
-1.04053e-05
-3.25046e-05
0.0166956
0.0109173
0.0154903
0.0181844
0.018905
0.0216747
0.0203848
0.017981
0.0171357
0.0109817
0.0189181
0.0182233
0.0155051
0.0182756
0.016682
-3.26002e-05
-1.15792e-05
0.0133073
-3.54177e-05
-5.42426e-06
0.015886
0.00153217
0.026977
0.00177544
0.0269872
0.00143538
0.026987
0.00181029
0.0269238
0.0187973
0.00711569
0.00637582
0.00740124
0.0189104
0.00738973
0.00637375
0.00711483
0.0824111
0.165816
0.0203527
0.0432224
0.107124
-0.00449392
0.00270631
0.153337
0.10712
0.153356
0.00272195
-0.00457873
0.0824571
0.0432749
0.0203817
0.165806
0.0356495
0.0450716
0.0316111
0.00198452
0.0848237
0.0405555
-0.093554
0.0217227
0.0852398
0.024824
-0.0931314
0.0434053
0.0355467
0.00146753
0.0315889
0.0451114
0.0195706
0.0253753
0.00279104
0.0273973
0.0269397
-0.0210623
-0.0107234
0.0176797
0.0016772
0.00237594
-7.40306e-05
-4.00034e-05
-0.029561
0.000798157
0.00120252
0.00131121
0.0195736
0.0273833
0.00278893
0.0253776
-0.0295648
0.00132896
0.00120289
-0.0107019
0.00171086
-4.09501e-05
-7.35025e-05
0.00238462
0.0285152
0.0192483
-0.00934679
-0.0196887
0.0123224
0.000898972
1.28453e-05
0.0130656
0.0122595
0.012967
1.29871e-05
0.000898734
0.0413065
-0.00197375
-0.0010226
0.0190539
0.0412668
0.0190288
-0.00112816
-0.0019737
0.00550952
0.027119
0.0458339
0.0288281
-0.00481923
0.0264015
0.0363523
0.00877624
-0.00476267
0.00875778
0.0363146
0.026415
0.00565037
0.0288216
0.0457823
0.0271097
0.0239553
0.0201789
-0.0122462
0.0112526
0.0088771
0.0038904
0.00477227
0.00797984
0.019433
0.00826969
0.00748219
0.0112912
0.00295987
-0.0127309
0.00685467
-0.0341936
0.0247142
0.0112515
-0.0123029
0.0201327
0.00301585
-0.0340312
0.00680165
-0.0127236
0.0193998
0.0112867
0.00741883
0.00821715
0.00893909
0.00801467
0.00471131
0.00391392
0.0912696
-0.00494031
-0.0020867
0.0445299
0.0911793
0.0444799
-0.00223448
-0.00494663
0.043068
-0.0330462
0.000416853
0.00974847
0.0430175
0.00970913
0.000585994
-0.0330476
-0.0332062
-0.0898662
0.00446721
0.00574484
0.0428466
-0.00384942
0.00509332
0.0300642
0.0428658
0.030085
0.0050834
-0.00384435
-0.0331319
0.00574037
0.00443335
-0.0898984
0.0385746
-0.079174
0.0881128
0.114269
0.0389182
0.114256
0.0881043
-0.0791712
0.0223993
0.0164257
-0.008041
0.053168
0.0225531
0.0532185
-0.00803594
0.0164556
-7.67533e-05
0.0026833
-0.014567
0.00352426
0.00162778
0.00192616
-1.43827e-05
0.00901789
0.0025685
0.00814121
0.00873347
-0.00722959
0.00402059
-0.0032943
-0.0106991
0.00161191
0.00349216
0.00223358
0.00896609
0.000106832
0.00257361
0.00578901
0.00798166
-0.00815393
-0.0113824
5.59321e-06
0.0100624
0.011647
-0.00777196
0.000379104
0.00634825
0.0447134
-0.0192501
-0.00145568
0.0248156
0.0399967
-0.000658348
0.00225211
-0.000393571
-0.0388022
-0.0122272
0.0116705
5.35985e-06
0.00917236
-0.00775893
0.0447484
0.000352719
0.00622543
-0.0196505
0.0403456
-0.00145224
0.0254563
-0.000604759
-0.0382072
0.00229884
-0.00036049
9.39212e-05
4.21558e-05
0.00496997
0.013142
0.0140966
0.0141061
0.0220002
0.000975032
0.0101442
-1.19411e-05
-0.000152068
0.0064135
0.000244355
0.00029006
0.00462949
0.0470224
-0.0552053
-0.0616533
0.00107375
-0.0104746
-0.00230231
0.00681256
0.000149369
0.00150009
0.0240416
0.0240379
0.000276167
0.000132036
0.000335765
5.28004e-05
1.25196e-05
0.101787
-0.000587104
-0.000586719
0.000450317
0.0224923
0.00266553
0.0253805
0.00590486
0.0198657
0.000213155
0.00014398
0.00500616
0.0176475
0.00996531
-1.22943e-05
-0.000151469
0.00641434
0.000130739
0.000283045
0.00464965
0.0470361
0.00112347
0.00762718
0.000118825
0.00147356
0.000335768
5.34624e-05
1.3014e-05
0.101774
0.00270319
0.023271
0.00598018
0.0199483
-1.03062e-05
0.00237558
3.90288e-05
0.012734
-0.000756325
0.000133264
-0.0173826
-0.000853976
-0.00119058
-0.00117215
0.00140571
-0.000437373
1.54022e-07
1.96752e-06
4.34478e-05
0.000843129
-0.000542864
-0.000542364
0.000503607
-0.00226052
0.000870395
-0.00058503
0.00071074
-0.00708868
0.00289837
0.00283101
-0.00559036
-9.13333e-05
-0.0127761
-0.0128473
-0.014388
0.0237032
-1.14663e-05
0.0023874
3.85711e-05
0.0127935
-0.000599822
0.000153349
-0.017416
-0.000875406
9.96292e-08
1.94189e-06
4.46829e-05
0.000844576
0.000822266
-0.000332536
0.000786272
-0.00710851
9.99037e-05
-4.07762e-07
1.00107e-05
1.08142e-05
9.91718e-05
-3.104e-07
9.88585e-06
1.10667e-05
-0.000115206
-0.000120576
-0.00011363
-5.89583e-08
0.00150582
0.0053726
0.00536799
0.000571827
0.0222992
0.00185354
0.00147
0.0243521
7.35849e-05
0.000582628
8.54046e-05
2.11873e-05
7.10083e-05
0.000579487
8.34412e-05
2.00664e-05
0.00114355
0.000541155
0.000470791
0.00114312
0.00278721
0.00909587
0.00273402
0.00280153
0.00401417
0.00044658
0.0010338
-0.00443785
0.0038899
0.00034908
0.00124108
-0.0045644
0.0021761
-0.00744717
-0.00738256
0.000605184
-0.00402988
0.00231247
0.0023035
-3.33535e-05
-4.21685e-05
-0.0246315
-1.4632e-06
-9.5625e-05
0.000180451
3.95103e-05
-0.0051621
0.0097347
0.000657602
-0.00322442
0.0251368
-0.0565784
0.00679111
0.00173795
0.00431323
0.0190243
-0.000579262
0.000364048
0.00220083
0.0525242
0.0741363
0.0504381
0.0010346
0.000643139
-7.31583e-05
4.52543e-05
0.00626841
-0.000280821
6.60941e-05
-0.000425593
0.00523901
0.0336521
-0.0497595
-0.00321725
-0.00803594
-0.0136961
0.00232024
0.00805721
-1.45116e-05
0.0647032
-0.000494562
0.00121028
0.0068072
0.0110599
-0.00839105
-0.000860313
0.00248158
0.0212972
0.00396415
0.00170512
0.00117992
0.0237117
0.00036228
-0.00394913
0.0247689
-0.064055
0.00151977
-4.56623e-05
-0.00471492
0.00973343
0.00641016
0.00143754
0.00430286
0.0190158
0.0741716
0.0503976
0.00103752
0.00064834
4.36221e-06
0.000380288
0.00223059
0.052238
-0.000107359
-3.58693e-06
0.00636466
-0.00018472
-0.0497325
-0.00319997
-0.00797835
-0.015265
0.000326167
8.56948e-05
0.00538153
0.0331663
0.00240968
0.00807066
-1.18352e-05
0.0646971
-0.00860767
-0.000858023
0.00249148
0.0213286
-0.000119358
0.00107874
0.00676749
0.0110411
0.00404407
0.00171452
0.00116393
0.0236959
-4.51836e-06
-2.42337e-05
3.68331e-05
0.00902585
1.94891e-05
8.73036e-06
1.6914e-05
0.0119254
-0.000263668
0.000298743
-0.0204269
6.78421e-05
-0.000855296
0.000783658
0.00397744
-4.5135e-05
0.00122892
0.000637409
-0.013706
0.0828089
-0.00432788
0.000753146
0.0105868
0.0231964
-7.04562e-06
0.0179994
4.58951e-06
1.47719e-05
-0.000920882
0.00218773
-0.000747762
0.000402016
0.000452054
0.000112528
7.25677e-06
0.0934166
0.00117837
0.000229418
-0.0166765
0.0205899
0.00255966
-0.00120614
0.00070385
-0.015246
0.0198914
0.00568464
-0.00350762
-0.00187325
-0.000482698
-0.000299707
0.0025004
0.011782
2.52476e-05
-6.53734e-05
-1.40718e-05
7.94249e-05
-0.00111998
-0.00251253
0.000719798
-0.0237985
0.0161181
0.00901024
0.00483113
0.00252508
-2.38701e-06
-2.53544e-05
3.70555e-05
0.00902426
-0.000832692
0.000783836
0.00397821
-4.47897e-05
1.95899e-05
1.00597e-05
1.56524e-05
0.0119664
-0.000271555
0.000287906
-0.0204238
6.79991e-05
0.0011293
0.000801981
-0.0229044
0.082731
-0.000926204
0.00218756
-0.000748171
0.000401147
-0.0042798
0.000749288
0.010622
0.0232218
-7.47457e-06
0.0176808
4.57412e-06
1.47916e-05
6.97153e-05
0.000113695
7.23342e-06
0.0934124
0.020319
0.00570283
-0.00371867
-0.00185803
0.0011462
0.000221835
-0.0166682
0.020633
0.00313768
-0.00115086
0.000743409
-0.0152213
-0.000551143
-0.000276026
0.00249806
0.0115172
0.0161071
0.00905372
0.00489848
0.00246881
1.64187e-05
-6.50895e-05
-1.41702e-05
7.87532e-05
-0.00114
-0.00256813
0.00073132
-0.023755
0.000362999
0.00761992
-7.3558e-05
-5.81207e-05
-0.0301508
-0.109989
0.052088
-0.105939
-0.000382447
0.000110842
-0.00052299
-0.000495654
0.0029145
0.00115343
0.00140741
0.00140788
5.67957e-06
7.88464e-06
4.07795e-05
2.48089e-06
-0.000328204
0.000814821
-5.96567e-05
-1.08421e-08
0.000116885
0.00010779
2.90715e-08
9.72062e-08
-0.000188305
-0.0031693
-0.0198453
0.000387069
-5.58134e-09
-1.53838e-08
0.00158748
0.00159362
-0.000166811
-0.0240616
0.0308961
0.0308957
-5.07161e-06
-0.000319483
-0.00328004
0.0046202
0.00259748
-0.000682849
7.40222e-05
0.0029208
0.00120626
0.00162199
0.00463597
0.00465683
-0.00173222
0.00046156
0.0503197
0.0502426
3.20169e-06
5.00554e-06
3.06562e-05
0.000137894
0.0414854
-0.0215601
0.00595895
0.00337701
0.000934431
2.89234e-05
0.00155723
0.00157326
-0.000437956
0.000289864
-0.00120766
-0.00120949
0.00212912
-0.00140657
0.00452771
-0.00466526
-0.032481
0.0083273
0.000912735
-0.00646524
0.000288012
0.00765945
-5.58193e-05
-2.94963e-05
-0.0267319
-0.110078
-0.105799
0.0521578
5.82748e-06
8.21695e-06
3.97098e-05
2.50774e-06
-0.000332307
0.000822067
-6.17687e-05
-7.55561e-08
0.000116635
0.000108102
9.9578e-08
-6.22764e-08
-0.000153905
-0.00324474
-0.0201324
0.000399736
-5.97531e-06
-0.000328158
-0.00328345
0.0046202
0.00259819
-0.000598046
7.23843e-05
0.00292079
3.56232e-06
4.81979e-06
0.000137612
3.00482e-05
0.041335
-0.0215413
0.0033295
0.00597263
0.00213604
-0.00130596
-0.00466248
0.00466973
-0.0324858
0.00836832
-0.00636143
0.000838459
0.0246889
0.000621439
-1.24571e-05
-1.27222e-05
-0.000849297
0.00155136
-0.000377276
-0.000400328
2.67564e-05
5.2088e-05
7.73202e-07
4.94933e-06
-0.0208539
-9.97267e-05
2.71988e-05
-2.36425e-06
0.00229052
0.000361485
-0.000833803
-0.000839473
1.0738e-09
-3.14977e-09
-0.00015676
-0.000143318
-8.3442e-05
6.13222e-06
3.08471e-07
9.5118e-06
-0.0258804
1.40163e-05
-3.97646e-05
-0.0267647
-1.70202e-06
-9.1154e-08
0.000948638
0.000949149
-0.0019975
-0.00205403
-0.00251243
-0.00250552
0.000221253
4.88205e-06
3.46451e-05
7.7782e-05
0.000462194
0.0181232
0.0116774
0.00237814
-0.000993988
-3.52801e-05
0.00171215
0.00171169
6.05921e-05
6.4299e-05
0.00323516
0.0032713
-2.85062e-05
6.46931e-05
0.00221071
0.00220919
1.03592e-05
-2.1619e-07
-0.0206049
-0.0206257
0.0246913
0.000622813
-1.2529e-05
-1.26118e-05
-0.000788363
0.00159055
-0.000378704
-0.000399694
2.68929e-05
5.21588e-05
4.97746e-06
7.73806e-07
-0.0208587
-9.89807e-05
3.00836e-05
-2.22517e-06
-8.37181e-05
5.87277e-06
9.17055e-06
1.64453e-07
-0.0257282
1.37832e-05
-3.98005e-05
-0.0261226
0.000218498
6.33159e-06
7.26009e-05
3.36916e-05
0.000389253
0.0180622
0.00234299
0.011603
-3.43455e-05
1.46207e-05
9.20947e-06
0.00331258
5.46083e-06
1.65386e-05
1.87084e-05
1.17139e-05
1.4093e-06
3.72613e-05
8.62083e-05
7.01021e-06
0.000302004
6.50241e-05
-4.41642e-06
0.00897054
-0.000191573
7.96913e-06
9.79528e-06
0.00333719
0.000360126
0.000100526
3.59914e-05
0.00899364
1.43143e-06
3.71663e-05
8.62984e-05
6.95828e-06
5.46538e-06
1.65827e-05
1.86643e-05
1.16613e-05
0.00116409
0.00276039
-0.000776969
0.00134028
0.000983674
0.00293205
-0.000765012
0.00140755
-0.000302386
0.00319843
-1.75944e-08
5.72734e-06
-0.000294201
0.00319834
-1.85203e-08
6.33779e-06
-0.00358925
-0.0132942
-0.00367159
0.00824888
0.0136892
0.00289183
-0.00822574
0.00454332
0.0136478
0.00288771
-0.00817874
0.0045438
-0.00357791
-0.0133218
-0.00366658
0.00827766
0.00898157
0.00812344
0.0126501
0.00917248
-0.270692
0.0257395
-0.160843
-0.160232
0.0265504
-0.270439
-0.159479
-0.160107
0.00801936
0.00920258
0.00916089
0.0125559
0.000769114
-0.0227545
0.00128366
6.53805e-05
7.02544e-07
-2.11757e-05
-0.0245638
-0.0211853
-4.06874e-05
5.90673e-07
-9.49687e-05
5.29193e-07
-0.000106681
8.41005e-06
-3.02022e-05
3.81257e-05
0.000769198
-0.0227571
0.00128375
6.77452e-05
-0.000106398
1.49627e-06
-3.01687e-05
3.19096e-05
-4.05859e-05
6.11665e-07
-9.48124e-05
2.84721e-07
0.003107
0.00308522
-0.0214599
-0.0184348
-0.000874723
-0.00013482
-0.000212358
0.0012107
-0.000134732
-0.000832942
0.00121878
-0.000212147
-0.000576049
-0.000485837
0.00187588
-0.000582522
-0.000462627
-0.00057647
-0.000580527
0.00187079
0.00530948
-0.00189153
0.00152115
0.0131223
0.000873716
0.000287441
1.34022e-05
0.0198409
0.00027194
0.00084704
0.0198374
1.86586e-05
-0.00189057
0.00529588
0.0129912
0.00139158
0.0441513
-8.77454e-06
4.7479e-06
-7.8513e-05
5.41652e-05
9.78857e-07
6.43858e-07
5.78712e-05
0.000161896
0.000937583
8.15295e-07
0.000155119
-1.31442e-05
0.000279365
-0.0324393
4.74123e-07
0.0420692
-1.00169e-05
4.09301e-06
-7.89897e-05
-1.19191e-05
0.000282783
-0.0323854
-2.22713e-05
0.000161806
0.000943904
7.92603e-07
0.000155259
5.41676e-05
9.40786e-07
7.45564e-07
5.78727e-05
0.00172357
-0.00308956
8.11825e-06
-0.00070163
0.00172367
-0.00308981
7.65761e-06
-0.000696185
0.00279123
0.0180175
0.0133212
-0.00385631
0.00279129
0.0180188
0.0124707
-0.00385644
0.036163
-0.000187588
-0.000469189
0.00808039
-0.000226324
-0.00611081
-0.00416616
-0.000583508
-0.000267132
-0.00605829
-0.00414484
-0.000593235
0.0359575
-0.00026838
-0.000526769
0.00810407
0.0552164
0.000385931
-0.024014
0.0472772
0.000386087
0.0552745
0.0449379
-0.0242011
0.00158154
-0.00302
-0.00129449
-0.000653809
-0.00293928
0.00163998
-0.000514107
-0.00124289
-0.0123415
0.00892314
-0.0128335
0.0173015
0.00237264
0.00922996
0.00428589
0.0985781
0.00124802
0.0789407
0.00694833
-0.000115801
0.00528487
0.0105242
-0.0166516
0.0206003
-0.000275631
0.030932
0.0137845
9.34886e-05
0.00363491
0.00523751
0.00813954
0.0196851
-0.0128686
0.0168729
-0.0104818
0.0106153
0.00182042
0.00898053
0.0012863
0.0788453
0.00428084
0.0984243
0.00689775
-0.000167628
-0.0166688
0.0204393
0.00569018
0.0103503
-0.000251512
0.0309155
0.00345044
0.00513176
0.0136586
0.000761119
0.00801955
0.0202055
0.000169752
0.0146759
2.2722e-05
0.0117653
-0.0324697
0.0105998
0.00342625
-0.00026615
0.00643943
0.020961
0.0257967
0.0376396
1.04102e-05
0.00751297
-1.0413e-05
7.63281e-05
0.000388116
0.0754861
-0.0229502
0.0225979
0.00226685
-0.0129881
0.00263935
-0.0106332
0.0028922
-0.048869
1.15069e-05
-0.000424237
0.0020678
-0.0298414
0.00144517
-0.000415494
0.000171171
0.01474
0.00341067
-0.000253017
2.4641e-05
0.011798
-0.03229
0.0102507
0.00618182
0.0209775
-1.84307e-05
9.68332e-05
0.0258088
0.0376413
1.03802e-05
0.00706538
5.65069e-06
0.075406
0.00319997
-0.0102934
-0.0229214
0.0226049
0.00290378
-0.0124646
0.00289272
-0.048667
0.00145113
-0.000413187
3.19649e-06
-0.000439968
0.00207812
-0.0298184
0.00224913
0.0108075
0.00566234
0.0223575
-0.000120568
8.79531e-05
0.00159255
0.00477372
0.0291241
-0.00323769
0.0292052
-0.00336144
0.000152802
0.00015126
0.0153196
0.015571
0.00153178
0.012122
-6.06742e-05
0.00772023
0.00135605
-2.11158e-06
3.68462e-05
-2.10572e-08
0.00226415
0.0536687
0.00967844
0.0332445
4.67937e-06
9.57801e-07
0.00145483
0.00143103
7.10136e-05
-0.000209163
7.27168e-05
-0.000206106
-0.0381176
-0.0381176
-0.0185771
-0.0772526
0.00562589
-0.000390714
0.0254354
-0.0339074
-0.0118366
0.00459977
-0.0132203
0.00174986
0.00448584
0.0418913
0.00446782
0.0431549
0.00484627
0.00483207
0.0244354
0.0232104
-1.59855e-06
0.084029
1.11477e-05
0.104538
4.51974e-05
0.000177213
0.00464849
0.00389634
0.000308992
0.0241695
0.000306238
0.0241946
0.00259799
0.00261057
-0.00132601
-0.00132572
-0.000820017
0.0246212
0.00314253
0.0229866
0.000364599
0.0332958
0.00942549
0.0027287
0.00453162
0.0107736
0.0058235
0.020578
-2.78601e-06
1.65042e-05
0.0033455
0.00430367
0.0015814
0.0119989
-5.90427e-05
0.00772034
0.00147473
-2.0258e-06
3.62004e-05
-2.05325e-08
0.00229155
0.0537012
0.00967945
0.0332441
6.67335e-07
4.12e-06
0.00146356
0.00146372
0.00565623
-0.000360954
0.0252816
-0.034496
-0.0118726
0.00460111
-0.0156583
0.00174986
-1.35336e-06
0.0839893
1.06406e-05
0.104532
0.00017693
4.4995e-05
0.0037897
0.00463192
-0.000735552
0.024643
0.0031561
0.0230263
0.0332543
0.000415684
0.00271619
0.0103286
3.45348e-05
0.0120882
0.00147538
0.0142118
6.8243e-06
-1.0007e-05
5.8916e-05
4.92596e-05
-0.0185541
0.000185786
-0.0172317
0.00878185
1.94087e-06
3.38242e-06
-6.26849e-05
0.00651523
0.00312281
0.000300292
0.00312281
0.000300235
-0.00142212
-0.00143726
-0.00053064
-0.000510621
-2.61869e-06
-0.021556
1.5823e-06
0.000469386
7.26278e-08
1.03598e-05
-0.0228206
-5.78433e-08
-8.11126e-07
-0.000701255
-9.68849e-07
-0.000700724
0.00108536
0.00108532
-0.00172122
-0.00171769
0.00152097
-0.00693111
1.90806e-05
-0.0131824
0.00133327
-0.000229988
0.00489988
0.000160977
-0.00446717
7.41297e-05
-0.00438528
-0.000403714
0.00101445
0.00105849
0.00290864
0.00290939
0.00107144
0.00331176
0.0010318
0.00329329
0.00218973
0.00217115
-0.0304255
-0.030456
3.4802e-05
0.0121382
0.00148108
0.0142142
6.72506e-06
-9.08483e-06
-0.000353559
5.49739e-05
-0.0185619
0.000185732
-0.0172485
0.0145249
3.4029e-06
1.97448e-06
7.06639e-06
0.0123939
-2.70561e-06
-0.0215548
1.40378e-06
0.000473348
1.02833e-05
1.82731e-07
-0.022818
-2.85913e-06
0.00152986
-0.00693555
1.59916e-05
-0.0131844
-0.00020585
0.00133073
0.000136178
0.00488306
1.64425e-06
1.67829e-06
6.4878e-05
6.65105e-06
1.46931e-05
0.000115881
3.94938e-07
7.40875e-06
1.68065e-06
1.78119e-06
6.24985e-05
6.72808e-06
0.000117166
1.46053e-05
7.41002e-06
3.89116e-07
-0.00188972
-0.00184964
0.000358251
0.000208514
0.000348489
0.000215087
-2.01213e-05
-1.90522e-05
0.00502996
0.00503585
0.00173396
0.000865397
0.000862281
0.00173504
0.00393408
0.00392603
0.0285284
-0.0380779
0.00391617
0.00394247
0.0515944
0.0532401
-0.0387277
0.0277634
0.000212652
0.000180966
0.00049348
-6.48802e-07
0.000205567
9.58553e-05
1.18065e-05
0.00130547
0.000207055
0.000180232
0.000449252
-2.2391e-06
9.57959e-05
0.000205043
0.00130718
1.2074e-05
1.48079e-06
-1.89371e-06
0.000217554
0.000224005
0.000757645
0.000810855
1.47693e-06
-5.45438e-05
0.00867232
0.00210372
0.00346369
0.00347106
0.00246545
0.00246344
0.00211604
0.00868347
-1.13057e-06
-2.44289e-07
-0.00393158
0.00422049
0.0056623
-0.00599628
9.04225e-06
1.58752e-06
-1.26512e-07
-1.23214e-06
-0.00394867
0.00420669
-0.00473275
0.0057008
9.06047e-06
1.95213e-06
-0.00744461
-0.00748952
-0.000297912
0.00204696
-0.000586312
0.00200249
-0.0049689
-0.00489505
0.00644792
0.00645051
-0.000726831
1.98163e-06
2.90552e-06
-0.000757109
-0.00917935
-0.00926308
-0.0245569
0.000174855
0.0083108
0.00831093
-6.00523e-05
-3.73935e-05
-0.0246114
0.000102696
0.00140538
0.000183286
0.000550291
0.000641749
0.0140808
-0.000369389
0.00203726
0.0159598
0.00350766
0.00271735
0.00968812
0.00576079
3.7963e-06
2.05601e-06
-0.0518838
0.00148245
0.0365475
0.0512657
0.123484
0.0757928
2.47903e-05
2.93875e-05
-1.77974e-09
2.80387e-09
3.73575e-05
2.7388e-05
0.0199829
-0.000155003
-0.0395165
-0.00219112
0.0112935
0.033481
0.00100541
0.00976532
2.26351e-05
0.00613951
0.00458712
2.59208e-07
-0.00172973
-8.98053e-05
-0.00542876
-0.000928228
-0.00100122
-0.00191952
0.00348203
0.00536577
0.00258898
0.0026281
0.0141553
-0.000415548
0.00206006
0.0161916
0.00103727
-5.73775e-05
0.000584454
0.000657587
0.00373816
0.00283609
0.00948244
0.00906523
0.0365467
0.0525799
0.123304
0.0752617
3.90934e-06
2.1382e-06
-0.051354
0.00153388
2.48167e-05
2.9344e-05
-2.03501e-09
5.78441e-07
-0.0395302
-0.00217002
0.0122066
0.0322422
3.9912e-06
2.43921e-05
0.019494
-0.00505096
0.0010047
0.00977492
-1.14009e-05
0.00616787
-0.00546923
-0.000924248
-0.00089862
-0.00190778
0.00454457
3.10086e-07
-0.00168421
-2.88753e-05
0.00347558
0.00530978
0.00256147
0.00261572
1.22504e-05
2.08741e-06
0.00455605
-1.93462e-07
4.53539e-07
1.83416e-05
-0.000316072
-0.000366132
1.29943e-05
1.13307e-05
0.00293054
7.68789e-05
0.00186269
8.0425e-06
-0.000775011
0.00114865
-0.0560252
0.0312983
-0.00243188
0.00057491
-2.08577e-05
-1.60642e-05
-0.000335052
-0.000289921
5.77108e-07
-0.021026
0.017996
3.83308e-06
-0.000166921
0.00262849
0.000836669
-3.15672e-05
4.58929e-05
9.7875e-05
0.00514995
0.00337081
6.00936e-06
9.12071e-06
8.23348e-06
-0.0101725
0.000455381
0.000275193
-0.0057182
-8.97561e-05
-0.0117624
0.00262959
0.000154626
0.0111786
0.000331317
-0.000278532
0.0054221
-0.0149694
1.12243e-06
-3.29603e-05
-3.32938e-05
-2.99059e-06
-1.64064e-05
-3.90142e-07
0.00352103
-0.000779672
0.0119796
0.0132984
0.0268917
0.00755345
1.23751e-05
2.06342e-06
0.00453811
-3.78651e-08
0.00190302
8.43588e-06
-0.000743033
0.00114862
5.1956e-07
1.91491e-05
-0.000298496
-0.000344162
1.3057e-05
1.13048e-05
0.00264113
5.27927e-05
-0.058487
0.0421054
-0.00241619
0.000573788
-7.35644e-05
0.0026305
0.000846529
-2.68291e-05
-2.10068e-05
-1.42522e-05
-0.000350464
-0.000283735
5.90168e-07
-0.0210286
0.0177086
4.59766e-06
4.60409e-05
9.83625e-05
0.00515296
0.00337035
-0.0117851
0.00250776
0.000104362
0.0111226
6.09167e-06
9.10497e-06
1.19665e-05
-0.00447951
0.000438593
0.000253861
-0.00586741
0.000104011
0.000287231
-0.000334408
0.00518893
-0.015271
0.0119669
0.0132607
0.0268999
0.00753525
1.30392e-06
-3.30357e-05
-3.58532e-05
-1.09547e-06
-1.64898e-05
-3.58076e-07
0.0035236
-0.00078584
0.0050393
0.000116224
0.000167848
0.00899026
0.00599813
0.0010528
0.00265787
-0.123404
-0.00022925
-0.00104531
-0.00106791
-0.000210839
0.00282933
0.0153241
0.0155522
0.00301928
0.00133559
1.00541e-05
1.08318e-05
5.89486e-06
0.000428655
0.00364088
-0.000310663
5.6485e-06
8.3714e-05
8.44851e-05
0.000131956
0.000139381
0.00616476
-0.0190065
-0.00264671
-0.00617076
0.0040294
0.010176
0.0101542
0.00402943
0.00239845
-0.0217473
-0.0217473
0.00239832
-2.45607e-06
-1.33878e-06
-1.04185e-07
-3.88892e-07
-0.00104611
0.00124261
0.000634924
-0.000387035
0.00175174
0.00178742
0.00179096
0.00178257
-0.0379534
-0.000751606
-0.000751185
-0.0391409
-5.85855e-06
3.11501e-06
-1.8195e-06
5.85408e-06
0.0180972
-0.01222
-0.00689486
0.0381733
-0.000272015
-0.00299303
-0.00299667
-0.00022278
8.41823e-05
0.000181035
0.000217772
0.000101357
0.00713368
2.62615e-07
-2.78024e-05
-0.00970194
-0.0103284
0.00628657
0.00415032
-0.0118639
3.48209e-05
0.00498806
0.00900461
0.000217317
-0.124761
0.00269039
0.00109951
0.00610282
1.07445e-05
0.00145438
5.89969e-06
1.08149e-05
0.00363691
0.000461959
5.49532e-06
-0.000317232
0.000139403
0.000131978
8.46682e-05
8.35284e-05
-0.0191902
0.00597688
-0.00618867
-0.0026467
-2.17414e-06
-2.33407e-06
-1.19818e-06
3.91613e-07
0.00126288
-0.00097615
-0.00031836
0.000633544
7.07823e-06
-2.48559e-06
3.21219e-06
-5.49887e-06
0.0379174
-0.00691881
-0.0122024
0.0180033
-0.00874865
-2.80884e-05
1.50148e-07
0.00715388
-0.0118392
0.00417374
0.00628071
-0.0102509
0.000751586
0.000932426
0.000754461
0.0246543
0.00165679
-0.000541602
-0.000342896
0.00215309
2.16282e-05
3.52158e-05
6.88758e-05
3.18524e-05
0.000920309
-0.02016
-0.00984542
-1.37134e-05
0.00311925
-1.59377e-08
-4.31046e-08
0.00311925
4.81867e-09
-5.98846e-09
-5.35534e-09
4.32412e-09
-8.17485e-05
0.000204421
-8.68557e-05
-9.32337e-05
2.2936e-05
5.28275e-06
0.00040392
0.0287604
-1.94598e-06
6.16217e-06
-2.78161e-07
-1.96298e-06
-0.00249404
-7.35384e-05
2.05098e-06
-0.00249404
1.23407e-06
-3.28603e-06
-4.04608e-05
-3.70948e-05
0.0126675
0.0166722
0.0215494
0.00117755
0.00251669
0.00195875
0.00195679
0.00256065
-1.23374e-05
-3.03184e-05
-0.000538656
1.46478e-05
-0.000446235
0.000122481
0.000124069
-0.000450743
0.000144905
-7.03239e-05
-6.30013e-05
0.000149833
0.000915932
0.000751686
0.0246578
0.000753879
-0.000489956
0.00168317
0.00210242
-0.000350178
3.18853e-05
6.89298e-05
3.51868e-05
2.14811e-05
-0.0201581
0.000938473
-1.35347e-05
-0.00410139
-9.32587e-05
-8.68516e-05
0.000204303
-8.20168e-05
5.43666e-06
2.34651e-05
0.0287789
0.000409835
-3.37267e-05
-4.04595e-05
-3.44558e-06
1.30593e-06
0.00118816
0.0215387
0.0166974
0.0126808
-0.0158065
0.00856085
0.00181728
-0.00948212
0.00402245
0.000697679
0.00289301
0.00598775
8.10992e-05
0.00643312
0.00405072
6.16329e-05
0.00447755
0.000878847
7.99649e-05
0.000235113
-0.0370093
-0.0215403
2.19189e-05
9.11322e-05
-0.0178949
2.55413e-05
3.05792e-05
-0.0194908
8.72556e-06
1.41807e-05
3.83416e-05
4.4114e-05
-0.000111389
-1.85674e-05
1.60968e-05
6.14818e-06
-0.0252331
0.000188481
4.50337e-05
-0.0164437
5.53169e-05
3.85346e-05
9.30043e-05
9.94046e-05
2.13958e-05
6.66344e-05
8.26717e-05
2.34653e-05
-0.0173218
-0.0169541
4.26316e-05
3.34609e-05
0.00455275
0.00516689
0.000602287
0.00139884
0.00524913
0.000262046
0.000240767
0.00565667
0.000117445
0.000126233
0.0089655
0.00857882
0.00021405
0.00885598
0.00937554
0.000166606
-0.0107712
-0.00933293
0.0017992
0.00838169
0.00518017
0.000146943
-6.67219e-05
0.00092223
7.98518e-05
6.00307e-05
0.00395471
0.0064465
0.00401985
0.00594218
0.00299089
0.000756849
0.00502916
0.00141824
0.000643288
0.00533584
0.000214285
0.000165819
0.00939077
0.00882515
0.000118219
0.00857693
0.00896388
0.000126207
0.00558815
0.00568798
0.000319227
0.000239873
-0.0253995
-0.0164293
4.5007e-05
5.17307e-05
-0.017343
3.35348e-05
4.26753e-05
-0.0169583
2.14183e-05
2.31204e-05
8.27522e-05
6.66607e-05
5.54031e-05
0.000100031
9.33036e-05
3.81181e-05
-0.0370096
9.17135e-05
2.2046e-05
-0.0215409
-0.000109944
6.19316e-06
1.60424e-05
-1.79226e-05
8.9067e-06
4.41415e-05
3.83287e-05
1.4181e-05
-0.0179138
-0.019493
3.06132e-05
2.54727e-05
-0.0121916
0.0105365
0.0125918
0.0232796
0.0266948
-0.00100242
-0.000121908
0.0250389
0.00135505
5.7925e-05
-0.000649143
-0.00217173
0.00928428
0.0221951
0.00723974
0.0016685
-0.0123496
0.0231143
0.0126885
0.0106242
0.00922284
0.00169136
0.00749878
0.0240872
0.00136212
-0.00212573
-0.000685427
5.30412e-05
0.0267207
0.0248258
-0.000213711
-0.0010048
0.0187844
0.00509086
0.00441279
0.0139227
0.000784554
0.00133778
0.00316694
0.00355929
-6.69216e-05
0.002895
5.59507e-06
0.00215611
0.00706731
0.00837225
-0.000309837
-0.000324788
0.0187382
0.0139013
0.00439454
0.00506013
0.00706683
-0.00031945
-0.000302461
0.00837299
-6.98601e-05
0.00215511
5.97594e-06
0.00289087
0.000764658
0.00355874
0.00316679
0.00132736
0.0154083
0.0475445
-0.0317574
-0.0529642
0.097474
0.038885
0.00792366
0.0802259
0.00676067
0.00653224
-0.00166063
-0.0141982
0.0139834
-0.000669654
-0.00411031
0.00544647
0.0760508
-0.0176799
0.00866857
0.0830802
-0.00117614
0.0029366
0.00479376
-0.00437463
0.00567698
-0.0146877
0.000489807
0.00320269
0.107026
0.10231
0.0294462
0.0437813
0.0761236
0.0829494
0.00866815
-0.0175148
0.106969
0.043597
0.0293344
0.102305
0.00568745
0.00320102
0.000487185
-0.0147126
-0.00113422
-0.00431194
0.00481587
0.00304846
0.0154274
-0.0530011
-0.0317482
0.0475022
0.0139869
0.00545072
-0.00410078
-0.000702292
0.00675568
-0.0141809
-0.00162747
0.00655372
0.0974759
0.0802211
0.00781564
0.0387443
0.0169089
0.00935662
0.00621533
0.0220585
0.0122307
0.0283015
0.00794002
0.0103181
0.0164558
0.00374547
0.00954905
0.04155
0.0239631
-0.0412144
0.0132968
0.010734
0.0233388
0.0669074
-0.0347788
0.0221634
0.0428489
0.03734
-0.136125
0.100342
0.0407442
-0.0694468
-0.0799009
0.0544724
0.0179756
0.0280149
-0.1984
-0.172643
0.0234266
0.0216854
-0.0349692
0.0668653
0.0196692
-0.171349
-0.198983
0.0267925
0.0336971
0.0542867
-0.0795258
-0.0695183
0.0421502
0.0996625
-0.135165
0.0366646
0.0176575
0.0220036
0.00625187
0.0100639
0.0240444
0.0108488
0.0134151
-0.0457805
0.016053
0.0411597
0.00943568
0.0037557
0.0144606
0.0102136
0.00820115
0.0306294
0.00543412
3.33683e-05
0.0145196
-0.000296222
3.49336e-05
-0.0193099
0.000752711
4.43182e-05
0.00045549
0.000417674
0.00184899
0.000795665
-0.000322984
0.000334343
-0.0197384
-0.0205066
0.0191226
7.30449e-06
-2.63944e-05
0.0176384
2.52107e-05
-8.25052e-05
-0.0211861
-0.00437353
0.000132401
0.000645402
-0.0107075
0.000105782
0.000745375
0.00602506
0.0123204
0.0246715
0.00231762
0.00139199
-2.77633e-05
-1.07908e-06
0.00211261
0.000682512
3.31087e-07
0.000369557
8.42777e-05
5.81719e-05
-4.66166e-05
1.59843e-05
3.66372e-05
-4.88217e-05
-9.76006e-05
-7.64989e-05
0.0263642
0.0215871
0.000131257
0.00312526
0.00403418
-0.015361
-0.00501142
0.0130558
0.00116387
0.000697115
-2.48241e-05
-4.82764e-05
0.00132601
0.000749148
0.000156501
-6.77555e-05
0.00543187
-0.000300279
0.014521
3.49589e-05
-0.000338572
-0.020508
-0.0197388
0.00035764
0.000455959
0.000789224
0.00182497
0.000420338
3.41243e-05
4.5937e-05
0.000752814
-0.0193228
0.027069
0.00336646
0.000143493
0.0216294
0.00134095
-5.79098e-05
0.000142773
0.000833914
0.00116225
-4.78251e-05
-2.75413e-05
0.000693823
0.00690949
0.0159857
-0.0021969
-0.0124915
0.00234616
-5.23183e-06
-2.78066e-05
0.00140276
3.63686e-05
-7.65934e-05
-9.74704e-05
-4.90084e-05
8.49361e-05
1.48427e-05
-4.6695e-05
5.78723e-05
0.00211089
0.000373764
3.36763e-07
0.000681083
0.0190699
0.0176622
0.00152671
7.35081e-06
0.000747804
0.0246746
0.0138758
0.00604579
0.000132326
0.00010573
-0.00932937
0.000642191
2.55039e-05
-0.00499251
-0.0198122
-8.30168e-05
0.0117061
-0.000815153
-0.000824824
0.0118454
-0.000860612
-0.000343904
0.00132294
0.000966153
0.000687693
0.00161723
0.00143375
3.03945e-05
0.0127159
0.0120068
-0.000708159
-0.000651602
0.0117343
0.0118823
-0.000787943
-0.000787863
0.0127705
-0.000595751
-0.000661444
0.0120523
0.000690646
4.03417e-05
0.00145097
0.0016522
-0.00084087
0.000966226
0.00132286
-0.000326967
0.0406126
-0.000506563
-0.000271695
0.0301522
0.00153611
0.00101539
0.00225777
0.0024098
0.000948813
0.00184475
0.00199012
0.000852929
0.0135483
0.0189966
-0.00042129
-0.000568883
0.0406113
0.0301386
-0.000262317
-0.000584217
0.0135173
-0.000598202
-0.000400234
0.0189827
0.000975632
0.000879925
0.00201222
0.00185164
0.00153581
0.00240958
0.00225439
0.00101562
-0.00181757
-0.0152721
0.00273934
0.00119163
-0.00581466
0.0107893
0.00977649
-0.0118312
0.01222
0.00341511
0.0148997
0.0274301
0.002758
0.00830112
0.0120862
0.0031332
-0.034014
0.0159035
0.0084779
-0.0219581
-0.00477077
0.0022109
0.0165388
0.0139286
0.00522474
0.0220581
0.0208849
0.00240607
-0.00752922
-0.0198857
0.00209869
0.0015874
-0.0339492
-0.0219477
0.00846081
0.0158961
-0.007542
0.00155822
0.0020896
-0.0197997
0.00523103
0.00240314
0.0208656
0.0219868
-0.0047953
0.0138999
0.0165492
0.00219981
-0.00168861
0.0013709
0.00270585
-0.0149381
0.00277864
0.00315457
0.0120928
0.00835299
0.0122309
0.0273862
0.0147759
0.00343902
-0.00581975
-0.0117977
0.00978185
0.0107563
0.00857628
-0.0271999
-0.0645077
0.00902803
-0.00111623
-0.00892941
0.0220907
-0.0644815
-0.00418562
1.46203e-05
-3.88317e-05
-0.00360647
-0.0103394
0.0108011
-2.57951e-05
0.0121283
0.0101036
0.00325558
4.13385e-05
0.00661968
0.00345177
0.000101486
7.00173e-05
0.00223908
0.00411421
0.0044176
7.21888e-05
9.58891e-05
0.00747546
0.00596186
4.39007e-05
0.00460809
0.0205023
0.00641978
0.00414356
0.00689257
0.00305556
0.000257613
0.00426147
0.00452178
0.00483709
0.000119846
0.000144185
0.0076023
0.00715182
0.012549
0.000151382
0.000128694
0.00197916
-0.000159165
0.000306145
0.00272671
0.000663156
-0.0125675
0.000350802
0.000275225
-0.0037776
-0.00705723
-0.0315752
0.0143881
0.0380315
0.00290182
-0.0165012
0.014326
0.00831882
0.00888409
-0.0677644
-0.0284826
-0.0103408
0.0108045
-2.54631e-05
0.0108015
-0.00425731
-0.00361678
-4.02484e-05
1.51725e-05
-0.00120103
-0.0746282
0.0210501
-0.00889505
0.00201917
0.00270853
0.000284035
-0.000165405
0.0380601
0.014309
-0.0165201
0.0028892
-0.00382344
0.0143956
-0.0315322
-0.00703455
0.000663982
0.000278767
0.000361435
-0.012517
0.0203122
0.00680316
0.00415064
0.00634986
0.00716256
0.000128505
0.000151379
0.0127028
0.00479421
0.00761972
0.000144215
0.000120117
0.0031358
0.00459796
0.00428666
0.000383916
0.0100762
0.00664246
4.14038e-05
0.00326758
0.00747647
0.00460748
4.36143e-05
0.00602554
0.00404565
9.59712e-05
7.2494e-05
0.00441189
0.00347528
0.00226795
6.99218e-05
0.000101243
0.0306967
0.000959263
-0.00246311
0.0719077
-0.00301914
-0.00411708
-0.00288555
-8.336e-05
-0.00665528
-0.000667256
-0.000914257
-0.00374374
-0.00573609
-0.0347256
0.00146051
0.00186397
0.0307098
0.0718734
-0.00245582
0.00100421
-0.00503424
0.00185951
0.00146059
-0.0352427
-0.00658233
-0.00370327
-0.000905791
-0.000655751
-0.00301711
-8.10859e-05
-0.00288048
-0.00411177
0.00123404
0.0507652
0.0272821
-0.000176176
-0.0548561
-0.0188879
0.0329506
0.0756195
-0.00581686
0.00180949
-0.000724094
-0.00293005
0.00255594
-0.000272876
0.0093255
0.00521509
0.00124614
-0.000198314
0.0272831
0.0507509
0.00255433
0.00521543
0.00932687
-0.000335768
-0.00586864
-0.00294797
-0.000766558
0.00172507
-0.0498597
0.0740713
0.0318682
-0.0188879
-0.0436349
-0.0104641
0.0339439
0.0274942
0.0227471
-0.043369
0.012426
0.0183939
-0.00365447
-0.0148616
0.00652448
0.00797499
-0.0190199
0.00968934
0.00915645
-0.0254371
0.0173233
-0.00519221
-0.00431529
0.0248549
0.00151555
0.00301419
-0.00261777
0.00141074
0.00493428
0.00531909
-0.00385566
0.00408968
0.0249264
0.0270191
-0.00699181
-0.0213632
0.0172026
0.0248318
-0.00429742
-0.00530341
0.0249697
-0.0213556
-0.007048
0.0270026
0.00493798
0.00409792
-0.00382543
0.00542027
0.00151488
0.00137569
-0.00260514
0.00302053
-0.0434062
0.0275076
0.0338177
-0.0105948
-0.0190598
-0.0257244
0.00916253
0.00965109
-0.00358752
0.00786546
0.00649959
-0.0148655
0.0227253
0.0182813
0.0123463
-0.0423563
0.078
0.123602
0.0881295
0.0328948
-0.114117
0.0485756
0.0618431
0.0825493
-0.0245893
-0.0275545
-0.000740573
-0.00874135
0.0524147
0.0555904
0.0189487
-0.00921937
0.0778888
0.0324429
0.0880819
0.123531
0.052441
-0.00915803
0.0188917
0.0556547
-0.0246166
-0.00874183
-0.00265243
-0.0276937
-0.114116
0.081167
0.0607084
0.0489497
-0.0014775
0.0110626
-0.00297475
0.00282499
0.022083
-0.00146188
-0.00113064
0.0208959
-7.28797e-05
-0.00382872
-0.00517524
-0.000272536
0.0415906
0.022286
-0.00341853
-0.00085089
-0.00148421
0.00284491
-0.00314289
0.011121
0.0415407
-0.000871488
-0.00336419
0.0222782
-3.70104e-05
-0.000253904
-0.00518133
-0.0037831
0.0220826
0.0208393
-0.00109367
-0.00149772
