-0.695
0.125
-1.80201
-0.585
0.315
2.05077
-0.623714
0.645
-1.785
-0.560275
0.915
1.935
0.695
0.125
-1.8027
0.585
0.315
2.05077
0.623316
0.645
-1.785
0.560283
0.915
1.935
0.0541523
0.186758
0.146499
0.135717
0.0538507
0.187127
0.146814
0.135825
-0.053805
0.000336398
0.0805953
0.172056
0.0698875
-0.0197425
-0.0744678
-0.0501861
0.0126982
0.0829162
0.169744
0.044008
-0.0449095
-0.0946919
-0.0289795
0.0376379
0.141101
0.147842
0.0329394
-0.0523214
-0.101408
0.0702577
0.133179
0.19759
0.179632
0.0916272
0.0179536
-0.0378026
-0.0665113
-0.0140888
0.0628463
0.181747
0.046441
-0.0426332
-0.0920907
-0.06441
-0.0719371
-0.114721
-0.0495818
-0.0773242
-0.121384
0.0605498
0.12663
0.198479
0.177184
0.0805484
0.00448436
-0.050415
-0.0665024
-0.0141277
0.0627058
0.181964
0.0465348
-0.0425581
-0.0920065
-0.0643928
-0.0718856
-0.114645
-0.0495454
-0.0772791
-0.121312
0.0606388
0.126742
0.198617
0.177301
0.0806407
0.00457017
-0.0503281
-0.0537684
0.000313976
0.0805085
0.172342
0.0701236
-0.0195622
-0.0742894
-0.0501288
0.0127378
0.0828141
0.170073
0.0442173
-0.0447544
-0.0945246
-0.0288732
0.037796
0.141362
0.148072
0.0331042
-0.052182
-0.101249
0.0704356
0.133395
0.197843
0.17986
0.0918191
0.0181327
-0.0376244
0.0592445
-0.00501588
0.0265702
0.04997
0.00918479
0.078862
0.10878
0.122315
0.0575204
0.110046
0.0596425
0.0267733
0.049998
0.0799658
0.122653
0.110131
0.138213
0.207226
0.0431156
0.253784
0.113562
0.148373
0.379907
0.505823
0.144963
0.207911
0.254312
0.148997
0.213563
0.211768
0.00925072
0.228973
0.312848
0.237751
0.238045
0.078327
0.548171
0.331136
0.331202
0.0414425
0.292536
0.124055
0.0376238
-0.00323386
0.015951
0.0330121
-0.00687198
0.0878397
0.0439959
0.0764172
0.0893783
0.0312738
0.0506198
0.0679859
-0.00322907
0.0377617
0.0162321
-0.00686158
0.0330069
0.0872974
0.0766344
0.044163
0.0890659
0.0506725
0.0312541
0.0680127
0.0403983
0.130362
0.183446
0.0457149
0.0682843
0.157415
0.308572
0.136022
0.136673
0.21837
0.148073
0.356018
0.11805
0.245454
0.14858
0.49742
0.0401552
0.0456829
0.129608
0.184114
0.0669569
0.136057
0.166531
0.309192
0.137146
0.356153
0.219184
0.148483
0.118183
0.497216
0.245608
0.149202
0.194207
0.291366
-0.00604945
0.245914
0.17162
0.0160705
0.188394
0.109588
0.0419452
0.104421
0.285046
0.0370939
0.199515
0.268361
0.253368
0.185774
0.122009
0.07729
0.202198
0.274278
0.19245
0.291646
0.171523
0.0161016
0.188442
0.110209
0.284965
0.0372496
0.252598
0.185704
0.202265
0.274587
0.22092
0.085349
0.18262
0.224935
0.0309083
0.0670167
0.248694
0.327577
0.111059
0.057842
0.240634
0.542305
0.218513
0.511056
0.537987
0.429706
0.222384
0.0860477
0.183201
0.225557
0.249228
0.327677
0.241412
0.542374
0.149481
0.158563
0.186819
0.232085
0.146494
0.228703
0.187467
0.158693
-0.00177524
-0.00176516
0.0380269
0.0380342
0.147256
0.182082
0.209034
0.147365
0.216994
0.249376
0.24958
0.213109
0.204268
0.238912
0.24767
0.232421
0.205245
0.23318
0.248232
0.240405
0.0655655
0.0658996
0.105672
0.105302
0.492502
0.533326
0.533413
0.492688
0.2894
0.170808
0.161993
0.229244
0.289464
0.229411
0.162101
0.170888
0.0742354
0.0743543
0.0330178
0.0329377
0.411736
0.106859
0.107
0.411759
0.0995059
0.0994753
0.0960162
0.095976
0.00131867
-0.00338825
0.00871128
-0.0123999
-0.0122124
0.0615248
0.011509
0.0481895
0.0564565
0.0263972
0.0454641
0.041651
-0.00338812
0.0216985
0.00885148
-0.0122587
-0.0126695
0.0613135
0.048529
0.0113816
0.0566702
0.0450561
0.0261721
0.0416165
0.044007
0.11984
0.174939
0.0453419
0.0760443
0.193802
0.260968
0.142884
0.145235
0.197499
0.147089
0.314325
0.126803
0.213057
0.143664
0.37128
0.0436931
0.0452844
0.118957
0.175652
0.0773649
0.142879
0.178275
0.261435
0.146093
0.314589
0.198151
0.147681
0.126989
0.371388
0.213225
0.143837
0.0511709
0.0632069
0.17377
0.199698
-0.0165019
-0.0164812
-0.0153427
0.328607
0.0205939
0.0316543
0.14523
0.00987795
0.056517
0.0232951
0.157551
0.0973053
-0.0045782
-0.00457757
0.0315677
0.0244048
0.0854664
0.0752966
0.259224
0.0514694
0.0911895
0.0913827
0.162019
0.227777
0.109201
0.131104
0.183537
0.173753
0.0552437
0.0553369
0.0851584
0.135754
0.0929778
0.122515
0.172947
0.241107
0.0515873
0.0637102
0.17415
0.199902
0.020801
0.0314607
0.151748
0.0096018
0.0565037
0.023313
0.157653
0.0973061
0.0854409
0.0745672
0.258831
0.0518387
0.109584
0.131483
0.184155
0.173872
0.0930607
0.122639
0.17302
0.241275
0.135295
0.148461
0.219138
0.0837802
0.196129
0.218741
0.196767
0.215912
0.0643798
0.0642585
0.0355349
0.0554704
0.268919
0.259136
0.252242
0.316596
0.142182
0.14222
0.126984
0.0699242
0.148614
0.148618
0.215011
0.395957
0.376069
0.37615
0.293897
0.449855
0.508739
0.50875
0.525181
0.474837
0.132239
0.158053
0.219232
0.0840334
0.196759
0.219459
0.197457
0.216559
0.268631
0.259265
0.252238
0.315613
0.14914
0.149275
0.215626
0.396617
0.204446
0.1875
0.236309
0.222303
0.203456
0.187625
0.235748
0.22256
0.00328137
0.0310483
0.0310721
0.0178483
0.222102
0.209989
0.210419
0.235684
0.30583
0.264977
0.290531
0.305847
0.229931
0.232018
0.243017
0.246293
0.230906
0.232665
0.243538
0.247057
0.100282
0.0689735
0.0847976
0.100256
0.552752
0.540498
0.546661
0.552805
0.238322
0.314451
0.290529
0.333984
0.238405
0.314569
0.290666
0.334067
0.0326034
0.0292599
0.0294151
0.0497211
0.209879
0.288361
0.288354
0.365478
0.121791
0.135913
0.0804252
0.121795
0.133808
0.153224
-0.0107546
0.149006
0.133767
0.0113035
0.140951
0.0779124
0.0241519
0.0430578
0.154736
0.0369005
0.178088
0.121493
0.120035
0.195925
0.233762
0.139076
0.140381
0.0751828
0.0768667
0.113594
0.135531
0.101519
-0.010752
0.148994
0.134004
0.152998
0.130815
0.0113339
0.0226711
0.0430567
0.140996
0.077916
0.154724
0.0368528
0.120179
0.196684
0.178296
0.120692
0.234089
0.139011
0.076825
0.113618
0.140416
0.0752558
0.135577
0.101594
0.140154
0.0362665
0.200483
0.0666352
0.171384
0.193807
0.0425178
0.0533831
0.253632
0.0548084
0.239836
0.111128
0.250133
0.286511
0.119164
0.0937487
0.18693
0.202795
0.210367
0.225518
0.2097
0.388906
0.268347
0.430129
0.201664
0.374761
0.246577
0.23764
0.217695
0.389666
0.519007
0.462089
0.140793
0.035632
0.0424994
0.0535397
0.200984
0.0664938
0.171862
0.194606
0.253567
0.0546715
0.119367
0.0939337
0.240039
0.112209
0.25095
0.28652
0.187588
0.202968
0.268495
0.430309
0.211156
0.226277
0.210347
0.389648
0.201769
0.374803
0.518759
0.461927
0.246696
0.237854
0.218402
0.390303
0.174991
0.213273
0.179672
0.290859
0.010219
0.010249
0.233488
0.233452
0.161363
0.182468
0.00710485
0.0247983
0.183049
0.180171
0.125494
0.0888663
0.0389612
0.0389117
0.103693
0.103555
0.289522
0.265656
0.0544448
0.0205695
0.163596
0.163908
0.234083
0.236724
0.191697
0.242048
0.169018
0.201295
0.119115
0.119219
0.078013
0.0779157
0.183648
0.219297
0.346987
0.192767
0.171289
0.210688
0.290729
0.179887
0.161496
0.181566
0.00712817
0.0248086
0.180221
0.183095
0.125483
0.0888046
0.289505
0.265698
0.0545808
0.0206861
0.242357
0.192687
0.201379
0.169127
0.219476
0.183714
0.193069
0.34708
0.213048
0.230665
0.0732869
0.09154
0.172469
0.185575
0.214728
0.235292
0.0565974
0.0565916
0.0898926
0.0899839
0.241717
0.255824
0.312554
0.328727
0.120005
0.119733
0.0771119
0.0771635
0.244189
0.237577
0.530243
0.541407
0.205348
0.201011
0.512147
0.512208
0.542869
0.542885
0.425263
0.425286
0.214047
0.230905
0.073806
0.0920772
0.185522
0.173145
0.215438
0.236095
0.256525
0.242051
0.312688
0.328587
0.238378
0.24487
0.541491
0.530277
0.120975
0.142382
0.182121
0.155379
0.161285
0.18412
0.208319
0.158024
0.193324
0.178559
0.212381
0.208032
0.133562
0.194213
0.225954
0.250101
0.118827
0.15548
0.182272
0.142327
0.134366
0.250858
0.226201
0.194479
0.193974
0.208773
0.212193
0.179354
0.161804
0.158623
0.208782
0.184764
0.00142477
-0.000196718
0.0206067
0.00293987
0.00154256
0.00218633
0.020628
-0.000182955
0.0254524
0.0615586
0.0411787
0.0176925
0.025451
0.0179253
0.0411652
0.0615609
0.105817
0.158065
0.189824
0.133813
0.23159
0.288893
0.224256
0.187727
0.231246
0.187842
0.224544
0.289249
0.106097
0.133889
0.190495
0.158134
0.0729929
0.111848
0.253898
0.260913
0.126602
0.219227
0.288972
0.204573
0.126013
0.20492
0.288896
0.219105
0.0729405
0.261377
0.253896
0.11169
0.18984
0.209978
0.222624
0.204961
0.24885
0.248603
0.235689
0.229916
0.215718
0.216365
0.250891
0.25687
0.203672
0.226946
0.241846
0.213538
0.190386
0.205672
0.223526
0.210306
0.2043
0.214185
0.242578
0.227647
0.215871
0.257026
0.251588
0.216968
0.249079
0.229983
0.23663
0.248824
0.0543097
0.0776201
0.0869021
0.0736799
0.0543164
0.0742374
0.0869838
0.077699
0.126066
0.130936
0.10861
0.098064
0.125623
0.0969273
0.108382
0.130564
0.381587
0.393754
0.543673
0.448653
0.379391
0.529164
0.551143
0.39291
0.379485
0.39354
0.551179
0.52915
0.381939
0.449024
0.543789
0.394431
0.241262
0.258439
0.31774
0.312344
0.117489
0.154688
0.270456
0.240552
0.110012
0.157835
0.20567
0.151252
0.207016
0.259487
0.339523
0.188918
0.24132
0.312443
0.317875
0.258561
0.207112
0.188964
0.339584
0.259861
0.11004
0.151307
0.20575
0.157881
0.117492
0.240432
0.270476
0.154721
0.0466193
0.0948434
0.0564262
0.0568533
0.0454073
0.057202
0.056574
0.0949381
0.0324374
0.0286484
0.0215084
0.0441281
0.0340917
0.0439089
0.0215772
0.0285802
0.360868
0.31196
0.36166
0.473739
0.0663594
0.0824018
0.205941
0.164539
0.0664081
0.164591
0.205909
0.0822921
0.36096
0.473675
0.361666
0.311835
0.0259218
0.0724056
0.133819
0.100864
0.0259215
0.100844
0.13383
0.0724416
0.0807882
0.13091
0.0821473
0.0614167
0.0809608
0.0639032
0.0821644
0.130908
-0.00112184
0.000740296
0.00544058
-0.0211726
-0.0181982
0.0440141
0.00825794
0.0250134
0.0319378
0.0189863
0.0326565
0.025795
0.000742658
0.0110231
0.00550329
-0.0182934
-0.020799
0.0439958
0.0253114
0.0080937
0.0317044
0.0320047
0.0190142
0.0259052
0.0446521
0.111758
0.14442
0.0472551
0.142525
0.188691
0.230019
0.137864
0.145095
0.179618
0.14597
0.269199
0.131269
0.185633
0.139404
0.259642
0.0443816
0.047133
0.113399
0.144876
0.192525
0.137927
0.196639
0.230457
0.146128
0.269883
0.180279
0.146315
0.131408
0.259781
0.185729
0.139542
0.05549
0.062203
0.118834
0.142103
-0.0315804
-0.0312536
-0.0195811
0.298463
0.0235916
0.0297786
0.133613
0.0201387
0.0647709
0.025029
0.134527
0.0774012
0.00585529
0.00585222
0.0314508
0.0170484
0.0806262
0.0790119
0.236793
0.0663482
0.105628
0.105702
0.139549
0.179282
0.117171
0.125943
0.158199
0.164745
0.0562585
0.0565948
0.0701017
0.163562
0.10337
0.116219
0.145624
0.217139
0.0558728
0.0627277
0.118796
0.142302
0.0238462
0.0295997
0.133557
0.0202169
0.0647145
0.0251733
0.134527
0.0773628
0.0809714
0.0792951
0.238161
0.0661381
0.117509
0.126241
0.159058
0.165056
0.103489
0.116259
0.144065
0.217136
0.130891
0.143587
0.175504
0.0861646
0.202017
0.214674
0.201938
0.211535
0.0682299
0.0681744
0.0357956
0.0497116
0.262967
0.258326
0.253973
0.271489
0.117309
0.117438
0.122943
0.0933561
0.148474
0.148297
0.191144
0.281464
0.379591
0.379345
0.337985
0.417486
0.507529
0.507364
0.516421
0.49163
0.140547
0.153625
0.175544
0.087439
0.202664
0.215337
0.202626
0.212171
0.263088
0.258461
0.253961
0.27159
0.149162
0.148912
0.191805
0.28219
0.208804
0.199758
0.223969
0.221109
0.207589
0.199745
0.224185
0.219876
0.00477182
0.0254024
0.0252897
0.0135214
0.226555
0.226499
0.226558
0.233081
0.310845
0.305461
0.317748
0.310865
0.234151
0.234771
0.240385
0.243577
0.234993
0.235419
0.241038
0.24431
0.110655
0.0728315
0.0892692
0.11083
0.550642
0.54503
0.547332
0.550658
0.322165
0.328278
0.329847
0.332662
0.322278
0.328366
0.329919
0.332736
0.0376251
0.0379561
0.0379851
0.0455421
0.251205
0.291343
0.291357
0.329339
0.122821
0.147489
0.0915179
0.122823
0.0300453
0.0445467
0.0986779
0.0960011
-0.00338866
-0.0029143
-0.0149324
0.205371
0.0119877
0.0192566
0.125141
0.00468069
0.0147305
0.0462567
0.11689
0.0590516
-0.00902359
-0.0060388
0.0204734
0.0467646
0.0665939
0.0858101
0.142174
0.068282
0.0124547
0.0639484
0.115695
0.0767768
0.0707281
0.0852086
0.101685
0.157285
0.0757091
0.100198
0.14973
0.11898
0.0310148
0.0278308
0.122134
0.0567509
0.0472261
0.0530973
0.0626986
0.134356
0.0552785
0.0812009
0.108025
0.0935835
-0.00329453
-0.00316381
-0.0149042
0.205997
0.0301913
0.0447868
0.0983036
0.0960361
0.0121983
0.01921
0.121915
0.00486213
-0.00909328
-0.00604217
0.0204984
0.0468179
0.0143743
0.0462371
0.116871
0.0590609
0.0628246
0.085189
0.142172
0.0682243
0.0708421
0.0853476
0.101937
0.1573
0.0122081
0.0644467
0.116577
0.0768824
0.0759147
0.100243
0.150273
0.119288
0.0473139
0.0530916
0.0627163
0.134416
0.0308219
0.0279273
0.12213
0.0567419
0.0553543
0.081257
0.108039
0.0937799
0.0415887
0.100025
0.124906
0.0396265
0.125101
0.128344
0.158598
0.0727473
0.180465
0.189191
0.177457
0.188597
0.0462988
0.0537371
0.0426568
0.047361
0.0686958
0.0754109
0.231011
0.0583346
0.168598
0.156561
0.199239
0.110018
0.291631
0.281426
0.273216
0.311703
0.150378
0.162017
0.127512
0.149303
0.139827
0.134796
0.170428
0.196072
0.213202
0.21994
0.214493
0.222009
0.146494
0.148717
0.187618
0.276397
0.338298
0.368999
0.314348
0.394278
0.122089
0.128371
0.174112
0.311461
0.239078
0.254364
0.246268
0.241917
0.147231
0.148533
0.193566
0.27774
0.471687
0.505127
0.508821
0.481675
0.0413557
0.0381026
0.125419
0.0394949
0.046276
0.0528886
0.0426334
0.0474209
0.124282
0.128621
0.159062
0.0726826
0.181076
0.189865
0.177925
0.189304
0.0694114
0.073582
0.231178
0.0574518
0.150417
0.162132
0.127631
0.149383
0.168495
0.157768
0.199293
0.111614
0.292192
0.28153
0.273594
0.31182
0.140011
0.135119
0.171101
0.196253
0.33874
0.36912
0.314486
0.394431
0.213854
0.220665
0.215273
0.22278
0.147115
0.149237
0.188263
0.277149
0.122192
0.128356
0.174196
0.311579
0.471763
0.504714
0.508521
0.481686
0.239242
0.254513
0.2464
0.242063
0.14845
0.149149
0.194202
0.278438
0.183445
0.20021
0.185689
0.207051
0.250831
0.296602
0.190592
0.293356
-0.0106879
-0.00137932
0.0017371
0.00195744
0.2376
0.255452
0.24082
0.240802
0.162638
0.176087
0.166368
0.178253
0.0157149
0.0352622
0.011641
0.0204101
0.174388
0.202259
0.187534
0.185307
0.111076
0.116861
0.134176
0.0803327
0.035211
0.0451364
0.0471921
0.0471455
0.0309673
0.124117
0.103864
0.10372
0.277216
0.305574
0.290493
0.286549
0.0340925
0.0405857
0.0456273
0.0291886
0.18173
0.213561
0.195463
0.195519
0.254182
0.278807
0.222172
0.228047
0.229431
0.244607
0.226081
0.24726
0.17942
0.192711
0.178023
0.194381
0.100974
0.167463
0.121115
0.121162
0.129519
0.0787806
0.0767765
0.0767769
0.194367
0.230312
0.194295
0.212153
0.261589
0.283083
0.311624
0.233517
0.183714
0.200202
0.182588
0.201681
0.251263
0.296815
0.293655
0.19104
0.162005
0.176279
0.166346
0.178086
0.0157395
0.0359674
0.0116696
0.0204365
0.174407
0.20213
0.185357
0.187594
0.111072
0.116865
0.134183
0.0803187
0.27707
0.305687
0.290684
0.286772
0.0342582
0.0407016
0.0457602
0.0293248
0.229671
0.244883
0.247227
0.226085
0.179558
0.192799
0.194474
0.178066
0.194424
0.230381
0.212303
0.194353
0.26183
0.28307
0.233995
0.311821
0.246609
0.225691
0.217595
0.225983
0.0849439
0.0909219
0.0793226
0.0861767
0.19053
0.179126
0.180156
0.188087
0.220298
0.229243
0.220451
0.231599
0.0311903
0.0305864
0.0512565
0.0514271
0.0612437
0.0676221
0.091245
0.0913278
0.249916
0.245712
0.24547
0.253302
0.328225
0.335182
0.325093
0.330539
0.116726
0.0903113
0.149974
0.149882
0.065761
0.0538098
0.0608068
0.0608992
0.236208
0.245469
0.24181
0.239006
0.505132
0.550354
0.537616
0.541844
0.248761
0.179505
0.212733
0.205569
0.482252
0.529649
0.513075
0.512742
0.531959
0.542884
0.540653
0.540718
0.455498
0.398412
0.427431
0.428066
0.249466
0.226851
0.218789
0.227297
0.0858253
0.0916861
0.0799341
0.0867971
0.191183
0.180035
0.188431
0.180798
0.220947
0.22989
0.221202
0.232674
0.249917
0.246455
0.25399
0.246329
0.328322
0.335273
0.325208
0.330651
0.236934
0.24621
0.23978
0.242788
0.505268
0.550457
0.541968
0.537506
0.141307
0.145282
0.162954
0.15455
0.151809
0.16453
0.170127
0.165162
0.197184
0.196808
0.171492
0.182717
0.223974
0.242704
0.222499
0.237284
0.141425
0.136039
0.159367
0.154658
0.223661
0.235517
0.219701
0.237605
0.198139
0.202134
0.171892
0.183337
0.152386
0.164506
0.17036
0.165886
-0.00627752
-0.00306089
0.0152578
0.00266
-0.00626795
-0.00301966
0.0159954
0.00267743
0.0376654
0.0381788
0.0377662
0.0620612
0.0376923
0.0381921
0.037764
0.0614063
0.135287
0.140476
0.155268
0.158905
0.17248
0.222972
0.208985
0.193106
0.1734
0.223141
0.209153
0.208955
0.135437
0.140503
0.155362
0.159041
0.191946
0.158521
0.169099
0.214998
0.170523
0.228489
0.265619
0.208617
0.228899
0.169666
0.207481
0.265811
0.157965
0.191996
0.214465
0.169409
0.221058
0.199037
0.209381
0.209332
0.277142
0.242415
0.234382
0.238344
0.247608
0.263417
0.25323
0.246051
0.228918
0.227648
0.235521
0.235821
0.222062
0.199926
0.210465
0.210257
0.229707
0.228288
0.23622
0.23657
0.248329
0.264022
0.253883
0.246456
0.277957
0.243392
0.235484
0.239316
0.0670051
0.0594246
0.0672516
0.0728416
0.0596674
0.067151
0.0730403
0.0676783
0.110951
0.105295
0.12474
0.0973503
0.104552
0.110664
0.0968967
0.12439
0.473531
0.46433
0.517181
0.505408
0.494551
0.526866
0.53815
0.540772
0.526236
0.494629
0.540775
0.538256
0.464484
0.473975
0.505603
0.516434
0.271337
0.2891
0.29149
0.303423
0.157155
0.164192
0.177315
0.196116
0.151639
0.155137
0.172509
0.17275
0.219564
0.233643
0.224523
0.262372
0.271379
0.28932
0.2917
0.303507
0.219729
0.233797
0.224761
0.262539
0.151707
0.155154
0.172527
0.172892
0.157236
0.164216
0.177395
0.196192
0.071706
0.0837876
0.0643415
0.0745053
0.0721799
0.08389
0.0644727
0.0745896
0.0265539
0.0362591
0.0365065
0.0360092
0.0280093
0.0362408
0.0364884
0.0359081
0.39734
0.4383
0.37909
0.420554
0.0931846
0.10059
0.113929
0.151194
0.0931334
0.102445
0.114095
0.151161
0.397406
0.438323
0.379255
0.420564
0.092256
0.0428532
0.114712
0.104666
0.0431661
0.0922388
0.104566
0.114701
0.0945987
0.090135
0.0758299
0.0932864
0.0901373
0.0982497
0.0932858
0.0757615
0.0801813
-0.0618548
-0.00353328
0.151888
0.108104
-0.00306383
0.0885517
0.00963348
0.0181876
0.0298312
0.103843
0.0576758
0.0859891
0.0746552
0.0810025
0.112273
0.106964
0.0834037
0.0919543
0.0572729
0.0551041
0.094254
0.0813572
0.0597661
-0.00336759
0.150991
0.078519
-0.0654832
0.103741
-0.00270235
0.0152011
0.0298027
0.0886092
0.0095372
0.103877
0.055743
0.0813052
0.112728
0.0862252
0.074223
0.107526
0.0836368
0.0550401
0.0941304
0.0919156
0.0574425
0.0813577
0.0593362
0.130586
0.0262636
0.15191
0.0617799
0.166798
0.184047
0.027324
0.0472893
0.174559
0.035855
0.211828
0.111762
0.255178
0.326015
0.133936
0.0943433
0.17582
0.227118
0.195366
0.200658
0.183722
0.270883
0.273302
0.358887
0.178661
0.247775
0.214386
0.211117
0.190038
0.269706
0.375602
0.365901
0.131047
0.0262584
0.0273008
0.0472576
0.152338
0.0615291
0.16725
0.184688
0.180329
0.0591824
0.134152
0.0942348
0.212359
0.122905
0.255579
0.3132
0.17544
0.228518
0.273156
0.359101
0.196122
0.201303
0.184345
0.271706
0.178744
0.247932
0.375696
0.366047
0.214579
0.211277
0.190178
0.269829
0.113285
0.065323
0.119522
0.146302
0.16175
0.184116
0.118883
0.203366
-0.00694904
0.121409
-0.00693361
0.121314
-0.00943743
-0.00921878
0.3164
0.317067
0.129677
0.0127039
0.148642
0.0280038
0.14591
0.15241
0.00645952
0.0135867
0.134284
0.0829841
0.124741
0.0460233
0.15933
0.153399
0.109827
0.0661265
0.0265652
0.0319771
0.0265971
0.039419
0.036678
0.0366607
0.0399178
0.0399215
0.22239
0.0680869
0.237802
0.0611965
0.258854
0.258647
0.051603
0.0471967
0.115963
0.174819
0.116064
0.174761
0.157741
0.157785
0.227002
0.227933
0.165429
0.143623
0.163163
0.184722
0.177493
0.215612
0.165899
0.181111
0.067355
0.155745
0.0672744
0.155967
0.0839211
0.0836106
0.133159
0.133167
0.128951
0.141171
0.16045
0.272482
0.16651
0.180996
0.278419
0.2029
0.113255
0.065581
0.120512
0.146608
0.161891
0.184171
0.203715
0.118814
0.129714
0.0127723
0.149565
0.0279617
0.146899
0.157701
0.0057341
0.0136191
0.134216
0.0829798
0.124797
0.0461402
0.153986
0.15936
0.109825
0.0662386
0.222489
0.068106
0.23792
0.0607048
0.258758
0.259109
0.0528192
0.0475489
0.165697
0.143905
0.163603
0.184859
0.215837
0.178326
0.181225
0.166006
0.129001
0.141253
0.160531
0.272567
0.180986
0.166442
0.203252
0.27853
0.167032
0.0780297
0.187153
0.0985176
0.214515
0.224128
0.0768266
0.0907326
0.189718
0.200799
0.213131
0.222754
0.190901
0.203755
0.210984
0.223195
0.0614835
0.0656539
0.0614749
0.0655433
0.057571
0.0577376
0.078428
0.078465
0.250654
0.30143
0.257688
0.254799
0.250779
0.255513
0.318771
0.285193
0.135205
0.124521
0.135357
0.124762
0.16886
0.168811
0.0870981
0.0872035
0.190072
0.280463
0.192349
0.279614
0.215698
0.214351
0.394854
0.394493
0.334225
0.414322
0.334264
0.41442
0.292958
0.29308
0.451367
0.451844
0.519786
0.492436
0.519772
0.492391
0.527457
0.527339
0.474476
0.474268
0.167478
0.0779925
0.187067
0.0994578
0.214743
0.224234
0.0777045
0.0918634
0.190362
0.201472
0.213997
0.223449
0.204475
0.191559
0.21168
0.223863
0.250833
0.30132
0.257839
0.254969
0.255647
0.250974
0.318894
0.285327
0.190734
0.281234
0.192977
0.280318
0.214962
0.216329
0.395141
0.395577
0.192691
0.215418
0.185936
0.19633
0.241735
0.229878
0.212871
0.22105
0.192641
0.215443
0.18605
0.196554
0.229774
0.242049
0.220583
0.213158
0.0130967
0.0131375
0.0258695
0.0360897
0.0258915
0.0361087
0.0359479
0.0361123
0.218211
0.218242
0.202374
0.217679
0.218015
0.202999
0.234765
0.234805
0.282146
0.309714
0.26137
0.261378
0.286652
0.286652
0.309747
0.282656
0.226072
0.233049
0.22797
0.238851
0.239977
0.248533
0.248508
0.24396
0.227016
0.234
0.228749
0.239566
0.249205
0.240764
0.24468
0.249277
0.094826
0.110032
0.097851
0.0979805
0.129623
0.12949
0.0948203
0.104003
0.548882
0.551959
0.542512
0.542566
0.549202
0.549204
0.552006
0.548979
0.254545
0.217925
0.315619
0.312223
0.237555
0.336391
0.33127
0.337378
0.218015
0.254693
0.315754
0.312662
0.33748
0.237556
0.331378
0.337467
0.0538528
0.0538146
0.0428275
0.0272299
0.0429826
0.0268691
0.046101
0.0460977
0.208559
0.208662
0.325705
0.246928
0.247089
0.325714
0.36422
0.364222
0.145052
0.092148
0.135266
0.135266
0.0806196
0.0806511
0.145047
0.0921646
0.123528
0.14795
0.0698754
0.108262
-0.0118887
0.00510573
0.11692
0.185306
0.127908
0.137029
0.00639046
0.0156862
0.12992
0.148593
0.043536
0.0908207
0.0260878
0.0272587
0.0343971
0.0476002
0.137727
0.18495
0.03403
0.0401523
0.151695
0.19492
0.12591
0.196351
0.112353
0.128297
0.173468
0.206517
0.18638
0.252031
0.125785
0.147998
0.132679
0.146087
0.0795457
0.0697628
0.07184
0.0797896
0.0990952
0.123323
0.124325
0.147475
0.0840318
0.125025
-0.0118339
0.00596869
0.116857
0.185478
0.119379
0.147406
0.0695567
0.108295
0.128359
0.137682
0.00647572
0.0154954
0.0245511
0.0267823
0.0344021
0.0476168
0.129932
0.148639
0.0432747
0.0907992
0.13773
0.185054
0.0315988
0.0400661
0.112457
0.128402
0.173648
0.206879
0.152162
0.194742
0.125355
0.196562
0.187241
0.251224
0.125868
0.148014
0.0721711
0.0797873
0.0991366
0.123526
0.13267
0.146064
0.0795561
0.0698603
0.124378
0.147508
0.0841469
0.125068
0.147478
0.144027
0.0371467
0.0355711
0.195625
0.204315
0.0615212
0.0686254
0.171093
0.177328
0.198758
0.199053
0.0413515
0.0402483
0.0541039
0.0621244
0.245755
0.259712
0.0481783
0.0558879
0.244405
0.235019
0.116462
0.10201
0.284201
0.247163
0.266491
0.301142
0.130744
0.140598
0.0812182
0.0940838
0.190068
0.182449
0.191583
0.194458
0.209724
0.21055
0.220442
0.22788
0.206738
0.21258
0.394775
0.391711
0.253465
0.281823
0.411763
0.44329
0.204296
0.19627
0.39554
0.34436
0.241313
0.253404
0.232639
0.246456
0.2183
0.217084
0.388179
0.391322
0.486204
0.526687
0.450743
0.468998
0.14799
0.144956
0.0370889
0.0351464
0.0412756
0.0398865
0.0541907
0.0620806
0.196126
0.204705
0.0614048
0.0688374
0.171639
0.178037
0.199485
0.199857
0.245807
0.259794
0.0479465
0.0558456
0.131133
0.140765
0.0812175
0.0942264
0.244554
0.235122
0.117208
0.103118
0.284836
0.247986
0.26647
0.301129
0.190688
0.183163
0.191459
0.194598
0.253131
0.281898
0.411501
0.443479
0.21035
0.211271
0.221082
0.228579
0.20737
0.213189
0.3953
0.392383
0.204436
0.196296
0.39558
0.344391
0.48632
0.526323
0.450832
0.468595
0.241417
0.253557
0.232689
0.24658
0.219125
0.217703
0.388858
0.391948
0.177433
0.168753
0.205107
0.222731
0.148976
0.237287
0.295914
0.252802
0.00501736
0.0154163
0.0154352
0.00503282
0.244058
0.248793
0.24837
0.24404
0.152829
0.171357
0.191009
0.170292
0.025243
0.00545264
0.0244537
0.0450099
0.170824
0.198651
0.192897
0.166866
0.131592
0.115313
0.0777151
0.0815119
0.0323465
0.0419621
0.0418916
0.0322883
0.0851758
0.12339
0.123157
0.0851743
0.276314
0.304396
0.27408
0.251575
0.0575066
0.0488429
0.0196089
0.0233968
0.175805
0.149458
0.149522
0.175934
0.215459
0.218143
0.218901
0.205517
0.188907
0.19868
0.236487
0.251749
0.162304
0.175968
0.207032
0.194608
0.0988416
0.163659
0.163873
0.098733
0.118225
0.0800182
0.0798968
0.118269
0.177414
0.195521
0.27821
0.208472
0.334226
0.356444
0.200366
0.181542
0.168939
0.177559
0.222993
0.205354
0.253274
0.296161
0.237035
0.149131
0.171422
0.150726
0.170109
0.191279
0.00551771
0.0259525
0.0456948
0.0244496
0.166922
0.192935
0.198654
0.170848
0.11534
0.131578
0.0814925
0.0777534
0.304415
0.276462
0.252057
0.274259
0.0489408
0.0576235
0.0238096
0.0197179
0.252056
0.236771
0.199983
0.189466
0.194739
0.207162
0.176092
0.162445
0.208606
0.278327
0.19555
0.177449
0.181777
0.200327
0.356454
0.334378
0.236116
0.217872
0.232895
0.256546
0.0798446
0.073948
0.0911043
0.106244
0.161569
0.174154
0.163243
0.202054
0.219175
0.209658
0.2311
0.239417
0.0565247
0.0566102
0.0565981
0.0565227
0.0770589
0.0892107
0.0893539
0.0770943
0.245356
0.239057
0.253407
0.256113
0.315882
0.315539
0.282075
0.340275
0.121909
0.112818
0.112178
0.121265
0.0852316
0.0686911
0.0687616
0.0852654
0.245704
0.249221
0.241376
0.232901
0.498391
0.539948
0.549189
0.501274
0.243526
0.215047
0.216839
0.243851
0.531992
0.481343
0.481512
0.532116
0.536469
0.547547
0.547566
0.536447
0.394163
0.451788
0.452011
0.394169
0.218939
0.237875
0.260045
0.233867
0.0744763
0.080226
0.108691
0.0918599
0.202676
0.163997
0.175524
0.177234
0.210403
0.220036
0.240069
0.231831
0.256265
0.253985
0.239944
0.24564
0.315673
0.315789
0.339945
0.28231
0.23373
0.242084
0.249907
0.246324
0.501348
0.549264
0.540105
0.498924
0.064098
0.11634
0.135924
0.0897571
0.132449
0.15745
0.14878
0.12711
0.19682
0.188993
0.165384
0.174642
0.115774
0.105653
0.15718
0.176434
0.136897
0.176657
0.162168
0.131261
0.196375
0.184204
0.170021
0.183123
0.207717
0.18577
0.174714
0.177798
0.143285
0.125263
0.161518
0.169206
0.177932
0.172473
0.205959
0.211755
0.159527
0.191665
0.190267
0.166757
0.229472
0.181608
0.165263
0.246867
0.209268
0.215141
0.204737
0.198081
0.073043
0.108737
0.227147
0.131285
0.119727
0.198408
0.215526
0.117771
0.219604
0.240513
0.228989
0.211239
0.16082
0.164313
0.247711
0.255851
0.0633709
0.0886877
0.127501
0.116214
0.115914
0.176763
0.157023
0.105266
0.196897
0.174712
0.165509
0.188488
0.132447
0.127158
0.145417
0.156364
0.0734762
0.131618
0.226348
0.104281
0.161674
0.256149
0.248014
0.164954
0.219768
0.211523
0.228494
0.24079
0.120341
0.118502
0.216361
0.194776
0.178664
0.212387
0.206601
0.173045
0.209969
0.198019
0.205084
0.215874
0.229696
0.246968
0.165849
0.182639
0.160244
0.167481
0.191586
0.192458
0.137332
0.132088
0.162386
0.177256
0.143389
0.168962
0.162916
0.126397
0.207874
0.179201
0.174904
0.185998
0.197025
0.183739
0.170785
0.185059
-0.00688062
-0.0161036
-0.00748766
0.00076699
-0.0155911
-0.00384404
0.0101807
-0.000638255
0.019903
0.0302915
0.0202612
0.00735788
0.0164609
0.009133
0.00119024
0.0113664
-0.0066667
0.00107622
-0.00743543
-0.0160367
0.0165396
0.0113917
0.00124534
0.00919548
0.0198584
0.00755103
0.0209715
0.0309969
-0.0153742
0.000254893
0.0109763
-0.00362451
0.0301206
0.040753
0.0362437
0.0381749
0.0585271
0.0522219
0.0604989
0.0401988
0.0305797
0.0408151
0.0636037
0.0502468
0.0238131
0.0386964
0.037397
0.0200761
0.0301928
0.0382474
0.0364115
0.0407882
0.023793
0.0200617
0.0374132
0.0387804
0.0307388
0.0504113
0.062938
0.040119
0.0586729
0.0412507
0.0598148
0.0523912
0.0577371
0.10271
0.127562
0.0945377
0.154626
0.170822
0.151732
0.13143
0.223218
0.209642
0.166674
0.184218
0.135787
0.110116
0.143559
0.177443
0.249014
0.297397
0.208748
0.184516
0.337595
0.247427
0.235832
0.327175
0.230889
0.199854
0.213056
0.181344
0.175444
0.189837
0.202308
0.187316
0.250168
0.179323
0.20873
0.297325
0.17578
0.187453
0.202485
0.189964
0.230931
0.181406
0.213145
0.199974
0.337497
0.32728
0.236043
0.247525
0.0580196
0.0945982
0.127691
0.102962
0.135832
0.177187
0.143664
0.11027
0.223215
0.18403
0.166781
0.209696
0.154973
0.131702
0.151832
0.170942
-0.0138392
0.0838718
0.116346
0.175699
0.114343
0.157913
0.142538
0.0631294
0.299563
0.251137
0.225809
0.253914
0.290728
0.121955
0.292794
0.232928
0.0667652
0.139713
0.176132
0.0735215
0.178852
0.224147
0.193541
0.168209
0.315271
0.299737
0.2394
0.225712
0.145116
0.145504
0.231786
0.253476
0.0662893
0.0728815
0.18447
0.139961
0.145373
0.253786
0.231901
0.146575
0.315272
0.225461
0.240474
0.300277
0.179085
0.16827
0.193789
0.225731
-0.00637442
0.175906
0.116392
0.0823142
0.290971
0.233018
0.290278
0.122418
0.299564
0.254059
0.225461
0.251139
0.113454
0.0631222
0.142565
0.158117
0.14648
0.155342
0.209992
0.187524
0.170659
0.241784
0.230439
0.162744
0.230933
0.224811
0.214116
0.221584
0.206462
0.194086
0.203959
0.215731
0.222017
0.287489
0.282877
0.204063
0.253181
0.248079
0.243125
0.258878
0.237068
0.229296
0.23726
0.242994
0.181262
0.193086
0.265708
0.251101
0.187925
0.192326
0.242533
0.240286
0.191722
0.237332
0.256323
0.192932
0.24603
0.250604
0.251085
0.247333
0.257382
0.254161
0.253588
0.253987
0.18177
0.216811
0.224063
0.185684
0.219008
0.22746
0.231792
0.22395
0.241192
0.243486
0.239261
0.236267
0.19051
0.189548
0.23117
0.234539
0.146964
0.188167
0.210802
0.155827
0.207134
0.216385
0.204813
0.194825
0.231744
0.222674
0.215043
0.225607
0.170893
0.163156
0.23186
0.243858
0.18241
0.18631
0.224696
0.217433
0.191163
0.235359
0.231847
0.1902
0.241907
0.236973
0.239945
0.244231
0.219685
0.224673
0.23249
0.228126
0.188065
0.240218
0.243158
0.192354
0.257523
0.254133
0.253786
0.254322
0.246767
0.24803
0.251718
0.251367
0.192351
0.193565
0.256639
0.238399
0.222449
0.204435
0.283411
0.288116
0.181231
0.254523
0.268986
0.193102
0.237889
0.244049
0.237255
0.230362
0.253372
0.259412
0.243972
0.2483
0.0514017
0.0476144
0.0604408
0.0672512
0.06932
0.0848365
0.0674747
0.0569409
0.104252
0.0853885
0.0734548
0.0910044
0.0821003
0.0729353
0.0683281
0.0793368
0.0516465
0.0671502
0.0605519
0.0476702
0.0827076
0.0800529
0.0686656
0.0728672
0.104405
0.0911105
0.0737592
0.0859613
0.0693317
0.0566948
0.0675605
0.0848964
0.130496
0.140888
0.110461
0.116094
0.152245
0.155962
0.130263
0.151546
0.124115
0.103465
0.114083
0.136667
0.0948151
0.103846
0.0970326
0.0867398
0.117076
0.116036
0.109899
0.140675
0.0940075
0.08589
0.0962541
0.10225
0.123877
0.136554
0.113762
0.100908
0.152215
0.151396
0.12997
0.155891
0.267984
0.273674
0.442468
0.375075
0.280974
0.502597
0.490397
0.279126
0.54723
0.531245
0.526904
0.545938
0.417649
0.408202
0.476183
0.483579
0.264497
0.48007
0.490451
0.277194
0.518329
0.534549
0.534483
0.516936
0.549898
0.549876
0.545666
0.54548
0.280512
0.278678
0.498171
0.502923
0.26467
0.277907
0.490524
0.480204
0.281231
0.503009
0.498247
0.279386
0.549875
0.545583
0.545621
0.550074
0.518196
0.516428
0.534168
0.534394
0.269438
0.37609
0.442474
0.274427
0.417814
0.483154
0.476305
0.408267
0.547395
0.546492
0.527011
0.531295
0.281714
0.27989
0.49078
0.503037
0.228574
0.221649
0.272253
0.309702
0.242307
0.276267
0.276171
0.233858
0.329886
0.332566
0.304946
0.305535
0.291561
0.309615
0.303786
0.323175
0.0711541
0.102927
0.149421
0.124518
0.138689
0.174982
0.164396
0.126499
0.316412
0.298372
0.197334
0.200962
0.23408
0.172858
0.192145
0.272479
0.0646075
0.0964969
0.143238
0.115183
0.140029
0.189467
0.166284
0.11922
0.275944
0.198675
0.184422
0.207091
0.127434
0.124516
0.160447
0.170635
0.183157
0.2375
0.226043
0.177621
0.261362
0.331162
0.246664
0.250762
0.336254
0.257992
0.275852
0.338318
0.155043
0.1684
0.214559
0.20168
0.256696
0.309515
0.272388
0.22165
0.291624
0.323195
0.303939
0.309588
0.329989
0.305296
0.305032
0.332677
0.242514
0.234121
0.276168
0.276163
0.183247
0.177634
0.226182
0.237639
0.152275
0.201578
0.214679
0.168427
0.336331
0.338421
0.27623
0.257627
0.261511
0.250915
0.247
0.329898
0.0645375
0.115105
0.143222
0.0965593
0.127543
0.170682
0.160397
0.124615
0.276068
0.20719
0.184381
0.198735
0.137229
0.119243
0.166313
0.1875
0.0712055
0.124525
0.149319
0.103051
0.23464
0.272777
0.192275
0.172928
0.318018
0.200984
0.19749
0.298204
0.138728
0.126471
0.164467
0.17506
0.0934868
0.143381
0.0750308
0.0502301
0.112108
0.0737392
0.0840811
0.142877
0.0419739
0.0490364
0.0654365
0.0487273
0.0647372
0.0597905
0.0609914
0.0454643
0.0935369
0.0497158
0.0749734
0.143365
0.064411
0.0456164
0.0605623
0.0586832
0.0419994
0.0486673
0.065485
0.0491432
0.11247
0.142946
0.0841579
0.0738279
0.00781097
0.0212164
0.0291353
0.0605217
0.0358415
0.040383
0.0305824
0.0249679
0.034323
0.03276
0.0395627
0.050331
0.0684694
0.0692432
0.0384211
0.0274796
0.00853574
0.0626419
0.0306526
0.0212112
0.0684408
0.0273734
0.0383535
0.0692502
0.0342977
0.0502824
0.0394983
0.0326585
0.0358292
0.0249839
0.0306491
0.0403504
0.253537
0.275753
0.424395
0.464649
0.245772
0.299656
0.366471
0.293597
0.328151
0.397103
0.38867
0.320599
0.492193
0.487864
0.446612
0.453553
0.0477573
0.0588788
0.0890524
0.0763133
0.0686332
0.100125
0.0962051
0.0650861
0.249899
0.241743
0.15818
0.166095
0.180293
0.106956
0.139952
0.221585
0.0442722
0.076967
0.0892839
0.0590342
0.180291
0.221947
0.139711
0.107065
0.250075
0.166302
0.158201
0.241699
0.0687819
0.0650738
0.0962046
0.0998914
0.253674
0.464723
0.425146
0.275834
0.492076
0.453973
0.446674
0.487388
0.328155
0.320643
0.388664
0.397092
0.245806
0.293503
0.366518
0.299723
0.00893527
0.0376326
0.0547156
0.0265318
0.026097
0.03123
0.0502389
0.0542605
0.146752
0.14136
0.120791
0.123822
0.0916739
0.0722833
0.10489
0.124453
0.00880831
0.0263823
0.0546587
0.0376415
0.0916575
0.124256
0.104862
0.0722517
0.146751
0.123822
0.120649
0.141338
0.0184398
0.0542811
0.0505337
0.0341205
0.0633781
0.116593
0.0953608
0.0590379
0.160451
0.1273
0.101673
0.14777
0.0914395
0.0876855
0.0786079
0.078688
0.0482861
0.0517463
0.0842741
0.0712858
0.0626178
0.0592418
0.095317
0.117732
0.0482469
0.0712498
0.08427
0.0517232
0.0915615
0.0786869
0.0785791
0.0875293
0.159213
0.145514
0.102305
0.127293
