-0.705
0.185
-1.88868
-0.820233
0.235
1.885
-0.705
0.725
-1.84239
-0.765
0.955
1.78016
0.705
0.185
-1.88868
0.820238
0.235
1.885
0.705
0.725
-1.84242
0.785
0.952544
1.775
0.0261829
0.0486961
0.113203
0.0553317
0.0261845
0.0486961
0.112086
0.0440143
-0.0398581
-0.00700944
0.022667
0.0376744
0.00809838
-0.0202704
-0.0409514
-0.0310579
0.0105855
0.0416369
0.0451239
0.00667541
-0.0216107
-0.0403385
-0.00801274
0.0360609
0.104757
0.0632961
0.0119022
-0.0147786
-0.0303335
0.0828349
0.122731
0.155802
0.125047
0.0715978
0.0394711
0.0187241
-0.0484712
-0.0161495
0.0136477
0.0394289
0.00474316
-0.0248411
-0.0455288
-0.0422465
-0.0275175
-0.0458838
-0.026347
-0.0230948
-0.0373311
0.0745797
0.117294
0.156363
0.121594
0.064327
0.0321132
0.0122747
-0.048998
-0.0164461
0.0132092
0.0389296
0.00436407
-0.0255753
-0.0467057
-0.0426394
-0.0280883
-0.0470372
-0.0268167
-0.0240395
-0.0388006
0.0731374
0.115532
0.153309
0.117095
0.0606362
0.0292859
0.00982437
-0.0412655
-0.00823517
0.0205056
0.0349913
0.00643362
-0.0222676
-0.0435784
-0.0322735
0.0096195
0.0390039
0.0410781
0.00534897
-0.0234517
-0.0429749
-0.00943591
0.0347476
0.100199
0.0519614
0.0083337
-0.0175792
-0.0336028
0.0797654
0.119
0.149825
0.116836
0.0645429
0.0338202
0.0137764
0.0541613
0.00503257
0.0146514
0.0241229
-0.00298236
0.00864932
0.0991507
0.123382
0.0880375
0.0279127
0.0542208
0.0146521
0.0160116
0.00864171
0.12277
0.0248908
0.037625
0.164322
0.0215894
0.113105
0.0384871
0.0905392
0.19114
0.497378
0.0376313
0.160807
0.104696
0.0846022
0.170969
0.169213
0.00969954
0.19733
0.246824
0.146995
0.140964
0.0298182
0.405658
0.126166
0.117032
0.0181811
0.36492
0.300392
0.0513421
0.00502863
0.00887914
0.023083
-0.000811891
0.00338654
0.0280012
0.0602554
0.0801367
-0.00701893
0.0484433
0.0150159
0.00501839
0.0513603
0.00887957
-0.00820491
0.0198772
0.00339279
0.0602686
0.0279966
0.078256
0.0451609
-0.0177735
0.0124455
0.020431
0.0319054
0.162846
0.0256665
0.0548226
0.0432807
0.108018
0.0476996
0.124011
0.179728
0.0993902
0.18364
0.0346808
0.102886
0.073137
0.477792
0.0204322
0.0256639
0.0319087
0.161318
0.0548227
0.0477014
0.0433113
0.103723
0.124218
0.183278
0.174425
0.0963658
0.0218338
0.475354
0.104039
0.066219
0.168168
0.223352
0.00613419
0.181268
0.157145
0.0159012
0.117824
0.270591
0.00735707
0.206235
0.113109
0.0269834
0.168979
0.293723
0.189151
0.186547
0.228984
0.294257
0.128488
0.334732
0.167298
0.223434
0.15623
0.0159085
0.107134
0.269227
0.108542
0.0269824
0.186495
0.186228
0.11542
0.333889
0.127064
0.0362471
0.184901
0.154603
0.0136822
0.025375
0.133042
0.118883
0.0350678
0.0287401
0.157097
0.363957
0.200882
0.276567
0.497168
0.457358
0.124421
0.0362444
0.182287
0.149819
0.125663
0.110317
0.148183
0.360834
0.149695
0.163659
0.187009
0.173462
0.149205
0.173314
0.183159
0.162337
0.0103592
0.0103722
0.0216042
0.0216021
0.142384
0.194575
0.194312
0.142167
0.147204
0.225733
0.22506
0.147203
0.14221
0.113806
0.145273
0.167008
0.140149
0.159703
0.134301
0.110848
0.0309644
0.0309592
0.0425786
0.0420279
0.231588
0.472412
0.469814
0.22941
0.116341
0.103278
0.104657
0.114489
0.111932
0.101904
0.0913662
0.0979201
0.0489488
0.0489488
0.010442
0.0104423
0.432832
0.194557
0.193563
0.431653
0.208645
0.207967
0.241686
0.243774
0.0267156
0.00500564
0.00582083
0.0136986
0.000680073
0.00785649
0.0178792
0.0283872
0.0484438
-0.06262
-0.0178849
0.00708471
0.00500616
0.026717
0.00581989
0.00205126
0.0119492
0.00819986
0.0283665
0.0175808
0.0475072
-0.0313304
-0.067667
0.00451927
0.0232621
0.0290435
0.151287
0.0269657
0.0517933
0.0458201
0.0883814
0.0499211
0.120562
0.175551
0.107077
0.162519
0.0484195
0.106843
0.064471
0.329559
0.0232622
0.0269664
0.0290473
0.150389
0.0517933
0.0499213
0.0459862
0.0861308
0.120814
0.161524
0.169346
0.105044
0.036151
0.318965
0.0990613
0.0569966
0.0583958
0.0554812
0.134726
0.170987
0.00503674
0.00502657
0.00433761
0.151162
0.011762
0.0175215
0.144685
0.016861
0.0298346
0.00365798
0.0875716
0.21065
-0.00175191
-0.00175572
0.00233429
0.221368
0.0086963
0.00780141
0.105874
0.0148083
0.081494
0.0815288
0.14141
0.275161
0.105064
0.125362
0.187879
0.162417
0.0827081
0.0807185
0.159172
0.303355
0.0214461
0.0205497
0.100128
0.276092
0.0583864
0.0555342
0.134263
0.170947
0.0117626
0.0175224
0.144204
0.0168613
0.02355
-0.00553514
0.0787881
0.209778
0.00869913
0.00778352
0.103588
0.0148073
0.103801
0.12512
0.185209
0.161679
0.0192285
0.0190999
0.0860724
0.27087
0.0347675
0.0404669
0.128779
0.0385099
0.155301
0.183066
0.182276
0.158901
0.0256849
0.0256849
0.0157682
0.0238829
0.0994139
0.12312
0.124435
0.105159
0.0475594
0.0475595
0.0348879
0.0298622
0.102078
0.0818565
0.161614
0.286453
0.190357
0.190415
0.195529
0.203461
0.504526
0.503508
0.50296
0.481388
0.0347691
0.0404729
0.12724
0.0385112
0.152648
0.178697
0.179207
0.154727
0.0928207
0.113399
0.116436
0.0966609
0.0974108
0.0753945
0.151218
0.282542
0.169725
0.165752
0.178368
0.172819
0.168412
0.164383
0.176162
0.170622
0.00791808
0.0128932
0.0129038
0.0116114
0.186622
0.196913
0.196844
0.200455
0.250481
0.238652
0.281775
0.25048
0.136993
0.150797
0.141644
0.153247
0.132424
0.14539
0.134898
0.145946
0.0366081
0.0282374
0.0327857
0.0366036
0.403731
0.347044
0.464084
0.40241
0.122392
0.117462
0.130836
0.130689
0.112463
0.110615
0.119606
0.121748
0.0127956
0.0194503
0.0194498
0.0233189
0.296981
0.363726
0.364353
0.424043
0.295182
0.223559
0.263088
0.294817
0.12615
0.107208
0.00790253
0.114364
0.141303
0.0110471
0.0849197
0.163649
0.00565218
0.188403
0.0953162
0.00730421
0.116335
0.146333
0.109287
0.216651
0.140633
0.115092
0.0635444
0.138046
0.122232
0.2548
0.0728506
0.0952813
0.00790581
0.114526
0.125905
0.107283
0.141084
0.0110473
0.00442763
0.186471
0.081315
0.162748
0.0926326
0.00731292
0.109161
0.216995
0.115651
0.146455
0.13952
0.114502
0.120347
0.251974
0.0517516
0.13285
0.0593515
0.0845484
0.148423
0.0227471
0.142064
0.032738
0.163805
0.14791
0.0243784
0.0283171
0.114159
0.0543347
0.107721
0.0442244
0.108476
0.109981
0.0448621
0.0494815
0.17838
0.172654
0.177324
0.17964
0.172575
0.154669
0.189015
0.162321
0.0814422
0.381305
0.13771
0.0691119
0.139507
0.344486
0.480856
0.460636
0.147732
0.0227477
0.0243782
0.0283146
0.140825
0.032739
0.162225
0.146167
0.111697
0.0543348
0.0451405
0.0494826
0.105826
0.044228
0.10534
0.105819
0.174135
0.171416
0.188875
0.160677
0.172904
0.173517
0.164583
0.150616
0.07074
0.37789
0.478291
0.459178
0.125855
0.0576736
0.132356
0.33408
0.159343
0.169431
0.223442
0.234776
0.00800086
0.00802766
0.172479
0.172526
0.153863
0.158937
0.0131339
0.018749
0.106639
0.120799
0.23187
0.234338
0.0093419
0.00934218
0.206886
0.206903
0.119372
0.108414
0.036568
0.0187109
0.159042
0.158962
0.270696
0.270639
0.189376
0.182358
0.169542
0.193054
0.227529
0.22578
0.267361
0.267707
0.124692
0.121606
0.398982
0.263562
0.158659
0.168336
0.234797
0.223436
0.153177
0.157821
0.0131396
0.0187537
0.109704
0.0986127
0.230813
0.231884
0.114909
0.103445
0.0365671
0.0187102
0.180376
0.186177
0.192815
0.169307
0.108721
0.111068
0.262664
0.397811
0.134564
0.119738
0.0336058
0.0384447
0.173766
0.190251
0.147617
0.162073
0.0181965
0.0181803
0.0311477
0.0311466
0.121594
0.141836
0.121457
0.113495
0.0421218
0.0420977
0.0269243
0.0269244
0.151851
0.161969
0.300455
0.428018
0.200642
0.200675
0.268515
0.267868
0.503946
0.502815
0.457147
0.4572
0.132328
0.116999
0.033597
0.038863
0.186982
0.171785
0.144045
0.156125
0.133129
0.1161
0.11489
0.102909
0.153798
0.142064
0.42471
0.297626
0.112993
0.142409
0.162235
0.134935
0.153156
0.168002
0.16877
0.143636
0.178098
0.1886
0.180404
0.18601
0.0834688
0.14105
0.173957
0.179126
0.112813
0.134595
0.161202
0.142063
0.0828786
0.177458
0.172308
0.140466
0.172161
0.182344
0.177644
0.184799
0.152318
0.143634
0.167089
0.165688
0.00801769
0.00574949
0.0104595
0.0139529
0.00801809
0.0139531
0.0104844
0.00576618
0.0240474
0.0208935
0.0155442
0.0197963
0.0240473
0.0197959
0.0155414
0.0208851
0.0779185
0.143753
0.181178
0.128782
0.172868
0.194956
0.199892
0.171891
0.171716
0.170874
0.199885
0.194997
0.0777024
0.128739
0.181106
0.142768
0.0758813
0.18064
0.241226
0.139732
0.117729
0.254257
0.265902
0.171661
0.117565
0.1717
0.265919
0.254303
0.0757669
0.139794
0.241228
0.180634
0.146149
0.136425
0.143562
0.150443
0.0984928
0.113599
0.130213
0.119206
0.125274
0.151426
0.149397
0.133649
0.175639
0.169045
0.157166
0.167356
0.145083
0.147348
0.139448
0.135065
0.168645
0.157881
0.15051
0.163835
0.117642
0.124507
0.14137
0.14373
0.0963699
0.117484
0.125173
0.107611
0.0298521
0.0284174
0.0338774
0.0356237
0.0298532
0.0356253
0.0338756
0.0284157
0.047071
0.0448394
0.0393504
0.0413701
0.0470681
0.0413669
0.0393431
0.0448274
0.153762
0.212771
0.339256
0.195289
0.336148
0.51013
0.468304
0.332168
0.326005
0.325596
0.466822
0.508964
0.152683
0.194755
0.33802
0.207894
0.0959904
0.106883
0.124268
0.108398
0.066747
0.0915865
0.112131
0.100689
0.0304058
0.104278
0.126966
0.0779208
0.0915322
0.105356
0.129328
0.100664
0.0935373
0.102051
0.117574
0.104018
0.0808591
0.0891676
0.118287
0.0950432
0.0152481
0.067061
0.114992
0.0897967
0.0641282
0.0982023
0.104692
0.0857251
0.0513212
0.0438655
0.0210839
0.0198945
0.0513221
0.0198993
0.0210177
0.0438644
0.00505991
0.00439324
0.0144072
0.0133139
0.00557172
0.0133005
0.0144076
0.00492007
0.326042
0.342664
0.423661
0.486581
0.0391036
0.155872
0.295724
0.189939
0.0331062
0.179932
0.295716
0.153832
0.315294
0.485315
0.423894
0.338982
0.14927
0.215643
0.224478
0.1842
0.148078
0.18268
0.224474
0.214785
0.0812305
0.283494
0.24989
0.120599
0.108393
0.124733
0.250114
0.284305
0.013881
0.00498506
0.00424783
0.00628264
0.00351764
0.00758211
0.0102816
0.015507
0.0265491
-0.105714
-0.0879886
0.00362005
0.00499182
0.0139343
0.00424738
0.00352815
0.00540471
0.00794355
0.0154311
0.0101347
0.0249839
-0.0925396
-0.130225
0.00263304
0.0247205
0.0276153
0.137715
0.0265771
0.0503245
0.0474084
0.0794152
0.0494318
0.117869
0.172752
0.107957
0.138381
0.051874
0.0774112
0.0588453
0.191834
0.0247218
0.0265779
0.0276168
0.136979
0.0503245
0.0494328
0.0474084
0.0782986
0.116976
0.13703
0.166168
0.106768
0.0400563
0.180517
0.0689031
0.0495163
0.055229
0.0534138
0.0988692
0.128693
0.00503823
0.00503257
0.00342743
0.183206
0.0132179
0.0160873
0.135445
0.0169047
0.0322954
0.0108251
0.059911
0.129412
-0.00278977
-0.00285851
0.00151799
0.203312
0.00900446
0.00838667
0.0972004
0.0131056
0.0905325
0.0905486
0.122294
0.214612
0.115614
0.124907
0.160549
0.136382
0.0877256
0.0882729
0.124118
0.309485
0.0244924
0.024216
0.0344357
0.161404
0.0552168
0.053514
0.0987294
0.128473
0.0132186
0.0160882
0.135183
0.0169051
0.024776
0.00269807
0.049868
0.126915
0.00899172
0.00839055
0.0960741
0.0131059
0.11415
0.124771
0.157708
0.135648
0.0205603
0.0231149
0.0324084
0.131457
0.0361971
0.039051
0.122032
0.0380751
0.160143
0.180065
0.179714
0.161788
0.0234206
0.0234206
0.0168006
0.0227359
0.106549
0.118254
0.118878
0.104066
0.0397156
0.0397069
0.0358781
0.0303821
0.095221
0.0862051
0.127371
0.212543
0.190874
0.19087
0.192853
0.178796
0.502791
0.502679
0.50445
0.489424
0.0362018
0.0390513
0.121283
0.038077
0.157059
0.175982
0.176242
0.157924
0.0988603
0.109164
0.110692
0.0955934
0.0900709
0.079999
0.12251
0.205354
0.171974
0.169791
0.174636
0.171888
0.17044
0.168252
0.172656
0.16991
0.00880836
0.0117251
0.011758
0.0105718
0.192542
0.197379
0.197368
0.199034
0.24867
0.242737
0.271761
0.248672
0.142561
0.148894
0.144906
0.152156
0.137219
0.143175
0.138471
0.145626
0.030562
0.0293717
0.0316456
0.0305556
0.405585
0.376331
0.434875
0.405192
0.124364
0.123239
0.128506
0.128633
0.114831
0.115246
0.118323
0.119603
0.0135221
0.0187846
0.0187844
0.0187918
0.330948
0.364378
0.364657
0.399022
0.300997
0.298542
0.278868
0.300951
0.0392284
0.0594768
0.0961848
0.0800374
0.00501873
0.00503463
0.00665704
0.144736
0.00745924
0.0103314
0.133178
0.0110834
0.0206905
0.0242442
0.0533149
0.111244
-0.00374
-0.00023294
0.00375187
0.17638
0.00806404
0.00308285
0.0865603
0.00612614
0.0182333
0.0499085
0.0778782
0.106687
0.0443907
0.0738079
0.085473
0.158249
0.064423
0.0941549
0.110462
0.0803466
-0.0209998
-0.00154543
0.0318483
0.0829529
0.0239975
0.0662158
0.0859472
0.266036
0.0110007
0.0188122
0.0289957
0.0343664
0.005013
0.00502441
0.00665737
0.144442
0.0392725
0.0595128
0.0961179
0.0844844
0.0074598
0.0103319
0.133053
0.0110837
-0.00908524
-0.000238883
0.00213275
0.0407453
0.0181353
0.0192151
0.0486857
0.108848
0.00814266
0.00309013
0.0852089
0.00613334
0.0443967
0.0738195
0.0854094
0.158215
0.0182013
0.0499745
0.0775324
0.106716
0.0638871
0.0927722
0.109318
0.0800545
0.0210184
0.0645321
0.0825257
0.262757
-0.0328134
-0.0109547
0.0185963
0.0779551
0.00858594
0.0164248
0.020677
0.0221587
0.0218297
0.0189933
0.138535
0.0227643
0.0304751
0.0333329
0.13144
0.032326
0.158099
0.151147
0.164562
0.153516
0.0273497
0.0264611
0.025825
0.0269929
0.0532622
0.00736172
0.102722
0.0559579
0.0445434
0.0418845
0.0993979
0.0437689
0.0988374
0.0988319
0.106796
0.102787
0.0504094
0.0489811
0.0462795
0.0497584
0.122179
0.125818
0.17325
0.13979
0.177668
0.181433
0.178238
0.179916
0.104183
0.101911
0.150484
0.130175
0.175586
0.189694
0.185895
0.176001
0.0448768
0.0227703
0.0578697
0.242958
0.134788
0.12354
0.133537
0.071841
0.0688004
0.0774953
0.108626
0.204591
0.448545
0.493086
0.482675
0.470585
0.0218308
0.0189932
0.138239
0.0227647
0.0273501
0.0265204
0.025824
0.0269893
0.0304774
0.0333384
0.130739
0.0323275
0.156748
0.14894
0.162977
0.151897
0.0532622
0.00734139
0.101649
0.055958
0.0504095
0.0489794
0.0463711
0.04976
0.0447335
0.0418895
0.0984598
0.043774
0.095452
0.0942476
0.103503
0.0984188
0.122322
0.125969
0.168744
0.138554
0.175772
0.189786
0.185741
0.176226
0.171888
0.176596
0.173293
0.174175
0.101886
0.0985507
0.147565
0.130439
0.0322227
0.01205
0.0466583
0.227685
0.445606
0.491858
0.480173
0.468763
0.0651145
0.113237
0.121238
0.0610273
0.0616328
0.0708066
0.101897
0.193936
0.168144
0.170735
0.166525
0.168807
0.200751
0.246405
0.222173
0.229038
0.00524229
0.00702619
0.00728921
0.0073381
0.183968
0.237204
0.179875
0.17991
0.152091
0.160996
0.157009
0.158221
0.0168117
0.0154146
0.0145234
0.017321
0.115431
0.120241
0.114478
0.120023
0.245541
0.285975
0.268553
0.251242
0.00313363
0.00809651
0.0083299
0.00832999
0.216702
0.214859
0.206646
0.206654
0.102844
0.114246
0.116331
0.110805
0.0166132
0.0180128
0.0308995
0.0219569
0.155196
0.180705
0.163738
0.163657
0.28945
0.290077
0.263345
0.263403
0.195096
0.18541
0.189523
0.18749
0.176595
0.195804
0.178169
0.192104
0.194266
0.263015
0.228437
0.228832
0.298543
0.27284
0.27498
0.275923
0.118545
0.130487
0.127429
0.129627
0.312313
0.351076
0.371073
0.299717
0.16724
0.169644
0.165759
0.167824
0.200699
0.246404
0.229089
0.222161
0.151419
0.159895
0.156192
0.157209
0.016812
0.0154171
0.0145252
0.0173271
0.104397
0.109923
0.108489
0.105121
0.244505
0.285187
0.26713
0.249584
0.0994193
0.108537
0.111816
0.106036
0.016611
0.0180121
0.0308986
0.0219561
0.192252
0.182993
0.185178
0.186574
0.176288
0.195707
0.191906
0.1779
0.105528
0.11843
0.116642
0.114104
0.309279
0.349924
0.298842
0.370305
0.135529
0.131183
0.130717
0.123589
0.0389422
0.0372299
0.0349282
0.0375059
0.184171
0.177071
0.178584
0.187576
0.156235
0.1527
0.151107
0.159704
0.0147284
0.0126447
0.0167002
0.0166988
0.0242644
0.0264857
0.0281576
0.0281576
0.128565
0.137391
0.127271
0.140677
0.111613
0.126446
0.120789
0.114809
0.0338997
0.0339264
0.0350985
0.0351028
0.0293418
0.0239075
0.0244638
0.0244
0.15973
0.154629
0.154633
0.15952
0.325693
0.389338
0.331382
0.395984
0.198205
0.201982
0.200903
0.200893
0.239925
0.313
0.273022
0.27256
0.500795
0.486093
0.50286
0.502717
0.472961
0.440707
0.4573
0.457325
0.133223
0.127385
0.128382
0.1209
0.0389433
0.0374569
0.0349206
0.0375557
0.18134
0.174659
0.184634
0.1759
0.151752
0.147605
0.146929
0.154404
0.120864
0.130335
0.132465
0.120827
0.102943
0.117671
0.113285
0.105358
0.150035
0.146456
0.150909
0.145148
0.322297
0.387547
0.392765
0.328422
0.151965
0.148473
0.157887
0.153716
0.156808
0.174244
0.163419
0.166209
0.183353
0.181549
0.190238
0.189738
0.145312
0.158907
0.170379
0.180854
0.15161
0.148146
0.157343
0.153071
0.144328
0.157497
0.169122
0.179207
0.17935
0.177413
0.18688
0.186299
0.155764
0.172833
0.162199
0.164556
0.00916818
0.0110051
0.00929708
0.0117517
0.00917969
0.0110053
0.00926977
0.0117633
0.0227255
0.0230595
0.0201844
0.0201084
0.0227251
0.0230588
0.0201809
0.0200383
0.126366
0.12959
0.154331
0.158407
0.186634
0.19214
0.193942
0.200433
0.186462
0.191999
0.193687
0.200575
0.126214
0.1293
0.154243
0.158133
0.129197
0.148505
0.210762
0.164011
0.199771
0.231077
0.23509
0.246514
0.229478
0.199713
0.246291
0.235584
0.1485
0.129242
0.164031
0.21076
0.150692
0.145343
0.138399
0.143988
0.118093
0.111055
0.116799
0.116138
0.141615
0.148003
0.14289
0.148918
0.171433
0.169669
0.164478
0.164422
0.14884
0.143424
0.136199
0.141022
0.164548
0.161758
0.157878
0.156691
0.130167
0.13645
0.133265
0.138507
0.115192
0.108034
0.113926
0.111577
0.0331462
0.0296392
0.032281
0.0317838
0.0296384
0.0331469
0.0319167
0.0322734
0.0439105
0.0446808
0.0435196
0.0412173
0.0446787
0.0434452
0.0406444
0.0432174
0.202462
0.19599
0.267171
0.2551
0.439401
0.477237
0.457773
0.490778
0.474605
0.43609
0.489496
0.454943
0.194021
0.199804
0.253718
0.264922
0.115845
0.11139
0.121884
0.119447
0.101372
0.0912978
0.103205
0.105928
0.0918594
0.0937794
0.114673
0.118999
0.107736
0.111425
0.111335
0.113803
0.112441
0.107083
0.116966
0.113921
0.0974554
0.0981385
0.0986607
0.102189
0.0779734
0.0798682
0.10217
0.105847
0.0958937
0.0872762
0.0965116
0.100762
0.0527101
0.0492046
0.0412473
0.0365514
0.0527099
0.0492052
0.0412452
0.0345895
0.0067083
0.00707298
0.00975963
0.0136708
0.00737368
0.0070719
0.00976343
0.0136714
0.414227
0.450469
0.415928
0.446539
0.158502
0.164668
0.2111
0.227674
0.157326
0.160997
0.209709
0.226128
0.411224
0.448839
0.414764
0.44535
0.18908
0.204205
0.220108
0.220873
0.202976
0.188497
0.222769
0.2193
0.24697
0.190493
0.258504
0.236092
0.195907
0.249285
0.238461
0.258533
0.0826258
0.082649
0.00684693
0.103388
0.103972
0.00804801
0.0472752
0.0962337
0.00525419
0.133275
0.0653874
0.00728946
0.0506123
0.0832356
0.053671
0.10976
0.0687702
0.0509742
-0.0105188
-0.00424983
0.0138724
0.0431973
0.0248971
-0.0269794
0.00684762
0.103459
0.0825424
0.0826923
0.103909
0.00804878
0.00519182
0.132591
0.0448339
0.0947911
0.0638493
0.00708926
0.0535532
0.10798
0.0501284
0.0833075
0.0679134
0.0508837
0.00487422
0.0201611
-0.0130231
-0.00124118
0.0140038
-0.0327209
0.112046
0.023661
0.137248
0.0294518
0.15336
0.148933
0.025508
0.0284094
0.0827275
0.0516051
0.0878231
0.046577
0.0940434
0.0881669
0.048491
0.0506191
0.178586
0.139071
0.176846
0.175749
0.167805
0.133212
0.167304
0.157088
0.0698955
0.187254
0.117344
0.09716
0.0957087
0.199384
0.332458
0.32763
0.111548
0.0236614
0.0255083
0.0284098
0.136674
0.0294528
0.152486
0.147952
0.0815053
0.0516057
0.0484925
0.05062
0.0867996
0.0465974
0.0918721
0.0857878
0.172849
0.137656
0.16632
0.156101
0.170745
0.169098
0.165682
0.1319
0.0584123
0.175571
0.322069
0.316882
0.109617
0.088901
0.0876067
0.188294
0.101661
0.136497
0.106486
0.129591
0.135757
0.14065
0.173784
0.169239
0.00461192
0.169975
0.00462286
0.170034
0.00520045
0.0052322
0.147238
0.147239
0.134058
0.0139925
0.134434
0.0198234
0.144971
0.144721
0.0154123
0.0183286
0.0579597
0.134752
0.0498281
0.0775097
0.0931178
0.0838502
0.220087
0.146818
0.00231979
0.197413
0.00205325
0.196961
0.00226408
0.00255229
0.221691
0.221335
0.0920412
0.0119825
0.105041
0.015453
0.10782
0.103298
0.0166198
0.013535
0.106704
0.191737
0.106669
0.191718
0.135284
0.135235
0.263879
0.263844
0.14312
0.106499
0.169873
0.13934
0.183387
0.186156
0.154795
0.169758
0.119904
0.295168
0.117757
0.29536
0.158648
0.159113
0.293239
0.294289
0.0470702
0.107226
0.0535001
0.208487
0.102375
0.102961
0.312969
0.233363
0.101633
0.13653
0.106018
0.129574
0.135369
0.140156
0.169266
0.173735
0.133868
0.0139928
0.134833
0.0198239
0.144576
0.144162
0.0154126
0.0183289
0.0500579
0.131993
0.038669
0.0778924
0.0740129
0.0856963
0.218541
0.143649
0.0907899
0.0119982
0.103943
0.0154471
0.104776
0.100911
0.0166357
0.0135385
0.141215
0.10643
0.166095
0.138318
0.183945
0.180369
0.168938
0.154142
0.0425866
0.079291
0.0392823
0.182558
0.0896507
0.0881486
0.221256
0.310026
0.127964
0.0352011
0.110964
0.0409234
0.132625
0.124893
0.0370668
0.0399388
0.158016
0.153618
0.182565
0.190232
0.178269
0.187137
0.154668
0.165666
0.0222386
0.0270511
0.0222429
0.0270503
0.0175471
0.017547
0.0257887
0.0257888
0.108037
0.100436
0.129105
0.114175
0.11903
0.131665
0.106927
0.102598
0.0461929
0.0440955
0.046199
0.044094
0.0374017
0.0374096
0.0367918
0.0367906
0.141809
0.161407
0.117127
0.213364
0.15688
0.164545
0.245341
0.312999
0.192124
0.179433
0.192171
0.179555
0.195337
0.195328
0.199475
0.199056
0.511539
0.495653
0.510408
0.494391
0.508557
0.508407
0.484108
0.484042
0.127264
0.0352019
0.110131
0.040926
0.131166
0.123255
0.0370685
0.0399409
0.155537
0.150729
0.178576
0.185464
0.18371
0.175562
0.151022
0.160872
0.101904
0.0943437
0.119795
0.104119
0.122783
0.112036
0.0994556
0.093136
0.137299
0.156079
0.110971
0.203013
0.154558
0.147969
0.306694
0.241415
0.168433
0.171862
0.16542
0.167316
0.179381
0.17757
0.171184
0.176466
0.167282
0.170382
0.164214
0.165772
0.175647
0.176893
0.173989
0.169262
0.00953164
0.00957724
0.0116777
0.0142187
0.0116955
0.0142227
0.0142303
0.0142131
0.184053
0.183971
0.189017
0.198653
0.198626
0.188943
0.200116
0.200059
0.24585
0.262246
0.239975
0.239976
0.252284
0.252304
0.262246
0.245855
0.140338
0.133697
0.147187
0.155918
0.135986
0.148343
0.151322
0.155128
0.136009
0.128748
0.142464
0.150031
0.141133
0.130094
0.148183
0.143658
0.0352427
0.0379755
0.0305266
0.0305267
0.0328779
0.0328841
0.0352396
0.0379769
0.371565
0.435999
0.345315
0.344915
0.467678
0.467406
0.434619
0.37026
0.119226
0.124681
0.120959
0.11482
0.129001
0.131905
0.128183
0.130846
0.11373
0.110537
0.11419
0.107676
0.120913
0.117397
0.120373
0.120896
0.0135703
0.0135705
0.0163232
0.0149581
0.0162617
0.0149577
0.0193901
0.019383
0.296387
0.29672
0.397871
0.329728
0.330391
0.398378
0.423929
0.424032
0.293679
0.270206
0.224117
0.224062
0.256143
0.258251
0.293212
0.269959
0.119384
0.131513
0.0919386
0.169574
0.00818448
0.00646934
0.0972239
0.130633
0.144505
0.143493
0.00958266
0.0125052
0.0713797
0.0907839
0.155274
0.173981
0.00202547
0.00550336
0.163179
0.204871
0.0930002
0.0980444
0.00601167
0.00736518
0.0977648
0.130795
0.132969
0.160677
0.0937108
0.122231
0.188774
0.243797
0.11328
0.15892
0.0999083
0.128861
0.0500404
0.0740877
0.159618
0.131839
0.0803615
0.139131
0.226046
0.274006
0.0547722
0.0897627
0.06304
0.143735
0.00818344
0.00633684
0.0971575
0.130732
0.119229
0.131223
0.0918972
0.169664
0.144348
0.143212
0.0095824
0.0125054
-0.000632479
0.00468091
0.0467975
0.203513
0.0673836
0.0852139
0.154144
0.172791
0.0902539
0.0954582
0.00576707
0.00736557
0.093531
0.12217
0.188821
0.243942
0.0972573
0.130137
0.13295
0.160738
0.112132
0.157336
0.0995486
0.127906
0.0736853
0.137593
0.219247
0.273846
0.0363559
0.0617719
0.153363
0.127535
0.0408408
0.0764191
0.0571862
0.133316
0.149951
0.146782
0.0243054
0.0212792
0.144724
0.139345
0.031295
0.0341811
0.157202
0.160593
0.154133
0.146687
0.0258091
0.022584
0.030248
0.0290575
0.109335
0.11177
0.053869
0.0218031
0.10298
0.113463
0.0456462
0.0427957
0.109176
0.108056
0.106477
0.108518
0.0475401
0.0462106
0.052499
0.0482597
0.1749
0.184109
0.17329
0.172407
0.177483
0.181668
0.17782
0.17094
0.174733
0.170053
0.140373
0.183584
0.184332
0.194638
0.15549
0.186889
0.088838
0.0763447
0.389021
0.362064
0.142038
0.134802
0.12151
0.110206
0.132314
0.146583
0.339808
0.349416
0.45074
0.497671
0.439254
0.473701
0.149174
0.146215
0.0243057
0.0212796
0.0258094
0.0226416
0.0302487
0.0292349
0.143562
0.138022
0.0312962
0.034182
0.156025
0.158882
0.152521
0.1441
0.10646
0.109568
0.0538693
0.0217983
0.0475418
0.0462499
0.0524991
0.0482589
0.100949
0.111657
0.0456495
0.0427993
0.10601
0.103092
0.102906
0.103152
0.169844
0.180197
0.171914
0.171251
0.184168
0.19473
0.15579
0.1856
0.172202
0.177626
0.171161
0.165201
0.167154
0.160986
0.141174
0.178999
0.0777154
0.0668955
0.374198
0.35849
0.447647
0.496299
0.436165
0.472416
0.129122
0.124534
0.110388
0.0990929
0.124987
0.139402
0.329628
0.340887
0.161925
0.160963
0.165031
0.173345
0.205048
0.237949
0.236547
0.205477
0.00689412
0.0092452
0.00927617
0.00691599
0.2303
0.173626
0.174135
0.230253
0.149846
0.1594
0.161552
0.15214
0.0124459
0.0139071
0.0197598
0.0175172
0.104265
0.109408
0.124748
0.105912
0.209496
0.208498
0.20283
0.242762
0.00525328
0.00987293
0.00987345
0.00551718
0.212501
0.215666
0.215689
0.210283
0.111983
0.121349
0.108781
0.0969147
0.0274119
0.0237823
0.0116828
0.0147061
0.173986
0.143333
0.143282
0.173928
0.263933
0.27
0.270014
0.268775
0.192842
0.185384
0.17868
0.185172
0.159542
0.179001
0.19988
0.185761
0.191833
0.261638
0.260819
0.189969
0.275427
0.258563
0.258801
0.275866
0.118404
0.127666
0.126683
0.112827
0.380417
0.413059
0.280405
0.238416
0.16046
0.161083
0.171975
0.164431
0.205518
0.236497
0.237964
0.205029
0.158579
0.149347
0.151308
0.160177
0.0139072
0.0125393
0.0175324
0.0197601
0.0949995
0.112393
0.101675
0.0959814
0.207433
0.208749
0.242834
0.197591
0.115771
0.10864
0.0931961
0.102577
0.02378
0.0274113
0.0146875
0.0116829
0.183081
0.176774
0.182358
0.189347
0.185592
0.199968
0.178941
0.159279
0.0988586
0.114595
0.115063
0.104164
0.235106
0.279114
0.411831
0.376713
0.143171
0.138064
0.124448
0.127482
0.0345322
0.0360441
0.0418104
0.0401791
0.179206
0.17313
0.189697
0.189498
0.145601
0.149196
0.165296
0.15962
0.0195442
0.0168717
0.0168622
0.0195317
0.0297836
0.032512
0.0325116
0.0297811
0.117507
0.125861
0.145768
0.137757
0.12685
0.116555
0.112797
0.119533
0.0434809
0.0407469
0.0407314
0.0434628
0.0308947
0.0235763
0.0235604
0.0308948
0.153913
0.15042
0.159529
0.164876
0.26393
0.324135
0.451042
0.38947
0.197796
0.201112
0.201101
0.197829
0.305125
0.231673
0.231122
0.303864
0.507764
0.492046
0.490708
0.506504
0.440411
0.475624
0.475437
0.440553
0.134669
0.141109
0.124903
0.120263
0.0360452
0.0345636
0.0404622
0.0418123
0.186104
0.18612
0.171314
0.177082
0.145845
0.141797
0.153309
0.15973
0.128804
0.137423
0.120591
0.111766
0.110169
0.120153
0.108879
0.102018
0.15602
0.152145
0.141563
0.143111
0.385797
0.4492
0.322643
0.260795
0.0737932
0.126449
0.142454
0.0896274
0.136163
0.152481
0.150874
0.135164
0.170789
0.169329
0.160475
0.161881
0.100644
0.101371
0.158618
0.163778
0.116502
0.159551
0.157207
0.141414
0.166493
0.183026
0.179379
0.151472
0.170485
0.161293
0.165983
0.175345
0.135541
0.137194
0.156789
0.15217
0.174452
0.171406
0.178781
0.177546
0.163696
0.19399
0.189086
0.178195
0.175534
0.180506
0.191065
0.185371
0.185741
0.17994
0.18519
0.186954
0.0413682
0.0591266
0.128733
0.0945411
0.101362
0.167327
0.157219
0.096707
0.174821
0.184902
0.17471
0.172075
0.155551
0.128607
0.182839
0.194285
0.0737589
0.0895315
0.142254
0.126828
0.100437
0.163203
0.158542
0.101265
0.169445
0.160922
0.159793
0.168368
0.135955
0.134995
0.150467
0.151898
0.0411518
0.0937682
0.127654
0.0586787
0.153096
0.191765
0.181268
0.126998
0.173092
0.170843
0.17313
0.182791
0.101068
0.0963345
0.156316
0.166509
0.170656
0.172019
0.174331
0.166135
0.182007
0.18375
0.18145
0.175444
0.173305
0.182647
0.188568
0.177788
0.160433
0.174003
0.185444
0.190809
0.115953
0.141108
0.156112
0.158259
0.135251
0.151424
0.15586
0.136979
0.168756
0.173235
0.16446
0.160057
0.163553
0.149367
0.177614
0.18055
0.00648945
0.00693691
0.00964551
0.00961557
0.00414426
0.00625822
0.00790953
0.00504728
0.010629
0.0139661
0.0109332
0.00843531
0.015454
0.0125431
0.0124613
0.0153646
0.00649024
0.00961536
0.00964506
0.00693536
0.0154543
0.0153649
0.0124615
0.0125434
0.0106695
0.00848604
0.0109638
0.014097
0.00416716
0.00495294
0.00782863
0.00629876
0.0251212
0.0273136
0.0242602
0.0242587
0.0185844
0.0165048
0.0213725
0.0239137
0.0129942
0.0168144
0.018755
0.0154653
0.0183646
0.0213015
0.0212503
0.0182861
0.0251213
0.0242581
0.0242599
0.0273134
0.0183643
0.0182859
0.02125
0.021301
0.0129692
0.015456
0.0187105
0.0168133
0.0185844
0.0239094
0.0212751
0.0165048
0.0335951
0.0654064
0.113388
0.0697964
0.120146
0.16823
0.145545
0.0933445
0.190572
0.177442
0.17041
0.187349
0.114205
0.0991923
0.138257
0.149391
0.138801
0.179719
0.186848
0.139892
0.192559
0.19812
0.197578
0.1917
0.198995
0.198702
0.200758
0.201564
0.139334
0.139689
0.186277
0.183975
0.137297
0.138576
0.186767
0.179634
0.138523
0.183668
0.1861
0.138535
0.198944
0.201515
0.200841
0.198778
0.192552
0.191803
0.197663
0.19811
0.0345637
0.0697029
0.11317
0.0651876
0.114185
0.149319
0.138196
0.0991516
0.190487
0.187266
0.170364
0.177372
0.119784
0.0931651
0.145218
0.167946
0.0665774
0.0987236
0.113654
0.126888
0.129011
0.201197
0.192643
0.130981
0.244323
0.236558
0.227659
0.24226
0.178358
0.160542
0.165212
0.181528
0.0599542
0.135389
0.206295
0.0962034
0.20255
0.278476
0.240922
0.181499
0.26949
0.252503
0.243403
0.260951
0.127792
0.120292
0.198739
0.202065
0.0599183
0.0959987
0.206468
0.135359
0.127714
0.202085
0.198715
0.120337
0.269489
0.26095
0.243316
0.252704
0.202592
0.181446
0.241067
0.278471
0.0666041
0.126924
0.113661
0.0988164
0.178004
0.181567
0.165235
0.160478
0.244323
0.242258
0.227089
0.236522
0.128959
0.131025
0.192653
0.201009
0.138532
0.134353
0.152848
0.156183
0.125218
0.13935
0.146992
0.130715
0.145226
0.149147
0.14147
0.134592
0.157702
0.149309
0.145551
0.152596
0.0832988
0.104413
0.113635
0.0935895
0.113395
0.122944
0.112005
0.102296
0.139287
0.127837
0.120147
0.131697
0.116728
0.105182
0.122538
0.131755
0.0876694
0.102905
0.145073
0.137777
0.121372
0.156954
0.150952
0.112878
0.150256
0.144716
0.146801
0.152359
0.126385
0.129897
0.138934
0.136161
0.171206
0.177924
0.175899
0.159252
0.168429
0.162772
0.168046
0.181301
0.154034
0.157057
0.162011
0.157802
0.13459
0.149397
0.167278
0.162464
0.137792
0.154709
0.151115
0.133705
0.154326
0.148678
0.14277
0.146906
0.140231
0.130995
0.138272
0.144697
0.124486
0.130055
0.145053
0.137166
0.16606
0.156839
0.167845
0.171701
0.129904
0.153139
0.158892
0.145033
0.147826
0.152214
0.155031
0.149277
0.16704
0.176085
0.161834
0.157691
0.0794935
0.124424
0.133021
0.0951026
0.117407
0.127598
0.128728
0.11964
0.143401
0.143897
0.137583
0.136902
0.115517
0.106495
0.139863
0.146565
0.0822083
0.0926133
0.110601
0.101136
0.11594
0.129326
0.119767
0.104289
0.133667
0.125535
0.115785
0.123843
0.106234
0.0971955
0.107242
0.116234
0.0280146
0.028799
0.0316972
0.0308891
0.0246045
0.0269731
0.0304094
0.0277593
0.029407
0.0358873
0.033158
0.029342
0.0366378
0.0337636
0.034595
0.0374933
0.0280157
0.0308901
0.0316977
0.0287997
0.0366396
0.0374942
0.0345961
0.0337647
0.0294044
0.0293421
0.0332401
0.0359548
0.0246045
0.0278777
0.0305817
0.0269731
0.0480112
0.048972
0.0461113
0.0451859
0.038556
0.0362506
0.0448849
0.0476137
0.0317163
0.0389597
0.0419989
0.0339387
0.0395015
0.0423504
0.0432467
0.0403782
0.0480014
0.0451729
0.0461094
0.0489709
0.0394999
0.0403765
0.0432447
0.0423461
0.0317226
0.0339449
0.0416917
0.0387045
0.0385646
0.0476042
0.0447144
0.0362566
0.133498
0.134902
0.168916
0.169017
0.192891
0.294407
0.233278
0.125501
0.375363
0.310055
0.289624
0.357255
0.179093
0.178851
0.220663
0.236199
0.195162
0.453247
0.446453
0.20211
0.509969
0.506429
0.494828
0.499255
0.43657
0.420199
0.476998
0.491091
0.215749
0.209566
0.421264
0.357621
0.183899
0.191136
0.443391
0.450045
0.205728
0.354068
0.417513
0.198929
0.435947
0.490895
0.475433
0.418396
0.509816
0.497851
0.493434
0.506273
0.132243
0.168907
0.166421
0.133895
0.179139
0.235616
0.219271
0.178988
0.374716
0.355732
0.288176
0.309605
0.186823
0.123455
0.230338
0.291272
0.0815177
0.0912732
0.110814
0.0969016
0.101081
0.107409
0.116476
0.115527
0.125889
0.12702
0.124305
0.117872
0.0998391
0.105461
0.116331
0.113528
0.0427864
0.0521725
0.0891762
0.0847833
0.0620855
0.112177
0.100991
0.0540643
0.121309
0.11153
0.106009
0.116978
0.094552
0.0892475
0.0940567
0.099849
0.01763
0.0278372
0.0770554
0.0157685
0.0450685
0.121266
0.110722
0.0350396
0.126686
0.122487
0.123074
0.129892
0.054145
0.0430056
0.100663
0.112262
0.0729571
0.127853
0.112372
0.0669131
0.109119
0.112227
0.110499
0.116745
0.130857
0.130814
0.113654
0.12512
0.0396221
0.0467398
0.110715
0.116974
0.0803617
0.093377
0.107565
0.0905625
0.0924251
0.106132
0.110819
0.100341
0.117986
0.112228
0.118773
0.119288
0.0999702
0.114309
0.113173
0.104025
0.0618505
0.055153
0.103076
0.113666
0.0342579
0.104204
0.0968154
0.0364409
0.120775
0.11541
0.10196
0.118829
0.0998553
0.106152
0.0988834
0.102573
0.00660227
0.00315424
0.0626168
0.0173178
0.0435001
0.102517
0.0881441
0.0312916
0.116117
0.117547
0.110315
0.111161
0.036785
0.0272793
0.0972956
0.107629
0.0415847
0.083421
0.0850447
0.048613
0.0933498
0.0962752
0.0901936
0.0879447
0.112967
0.107948
0.0995595
0.105573
0.0530401
0.0480935
0.0941021
0.102531
0.050532
0.0522712
0.0525849
0.0549665
0.0371209
0.0263026
0.0480113
0.048508
0.0194709
0.0218366
0.0312404
0.0210438
0.0137657
0.0194135
0.0258093
0.0186541
0.0505343
0.0549674
0.0525849
0.0522714
0.0137732
0.0186525
0.0258075
0.0193956
0.0194707
0.0209932
0.0305069
0.0218361
0.0371152
0.0485067
0.048011
0.0262689
0.00662426
-0.00312387
0.00281171
0.00698503
0.00133517
0.00417032
0.00576433
0.0038358
0.0142089
0.0128987
0.0103744
0.00895371
0.0121553
0.00633306
0.00737485
0.0125908
0.00661826
0.00708602
0.00319879
0.00103894
0.0121509
0.0125916
0.00737461
0.00633426
0.0142091
0.00895397
0.0103868
0.0128992
0.00151609
0.0047837
0.00617808
0.00430223
0.189591
0.217147
0.430064
0.444954
0.185705
0.348685
0.397462
0.22471
0.398624
0.440633
0.429873
0.387156
0.493492
0.483363
0.463927
0.474311
-0.052688
0.0537243
0.127069
0.00149638
0.12363
0.193776
0.175216
0.103072
0.330397
0.316082
0.246101
0.262451
0.13509
0.0649151
0.202544
0.274822
-0.0558738
-0.0102557
0.117777
0.0481772
0.107411
0.271639
0.198645
0.0562911
0.330708
0.262806
0.244751
0.314873
0.124113
0.101485
0.173731
0.194213
0.178124
0.442097
0.427069
0.203736
0.493405
0.474271
0.462605
0.482084
0.398842
0.386178
0.428681
0.440703
0.157683
0.204149
0.394368
0.345348
0.0870537
0.155211
0.181984
0.103509
0.203612
0.217607
0.22056
0.187936
0.299187
0.283695
0.1989
0.215349
0.160401
0.122103
0.199074
0.244562
0.0867308
0.101597
0.181145
0.0340696
0.155048
0.243342
0.198196
0.119708
0.299198
0.215361
0.204061
0.282804
0.203419
0.187155
0.219629
0.216584
-0.157908
0.211823
0.212777
0.10137
0.30147
0.28417
0.26621
0.287701
0.275844
0.263964
0.250713
0.265418
0.0907882
0.0682649
0.184722
0.223652
-0.135329
0.107678
0.219074
0.233561
0.09056
0.22472
0.190438
0.071957
0.276349
0.266536
0.250774
0.263975
0.302329
0.287249
0.266321
0.28503
