-0.765
0.225
-2.04732
-0.748054
0.335
2.065
-0.735
0.567166
-2.015
-0.635
0.992803
2.075
0.765
0.225
-2.04649
0.748378
0.335
2.065
0.735
0.575
-2.00591
0.635
0.993074
2.075
0.065899
0.108201
0.174124
0.151967
0.0658991
0.108201
0.172039
0.150509
-0.0652219
-0.00341331
0.0629326
0.0892252
0.0150612
-0.0510842
-0.0983681
-0.0559143
0.0167489
0.0895068
0.107352
0.0123009
-0.0541164
-0.0973858
-0.0245292
0.0501345
0.174091
0.155981
0.0296067
-0.0354038
-0.0723452
0.118135
0.190784
0.271221
0.256796
0.16419
0.0920606
0.0418228
-0.0789162
-0.0175201
0.0487875
0.0892974
0.00717077
-0.0616053
-0.108777
-0.0732355
-0.0673675
-0.109921
-0.051682
-0.0547285
-0.0876962
0.104025
0.180099
0.270877
0.255707
0.154567
0.0798044
0.0304868
-0.0792156
-0.0176817
0.0486487
0.0891987
0.00710077
-0.0617422
-0.109003
-0.0734847
-0.0674705
-0.110136
-0.0520046
-0.0548865
-0.0879613
0.103276
0.179192
0.269752
0.25472
0.153899
0.0792877
0.0300191
-0.0660083
-0.00413453
0.0622097
0.0887186
0.0147587
-0.0514589
-0.0988785
-0.0566903
0.0159194
0.0884855
0.10671
0.0120788
-0.0544472
-0.0978841
-0.0254946
0.0488778
0.171592
0.154191
0.029074
-0.0358778
-0.0729443
0.116614
0.188997
0.269121
0.254939
0.162861
0.0910004
0.0408626
0.0175619
-0.0118347
0.0345106
0.0193595
-0.00093171
0.082439
0.140972
0.191173
0.0742511
0.104705
0.0206875
0.0345314
0.0190791
0.0824242
0.186085
0.10351
0.0840676
0.158388
0.0683858
0.178698
0.110428
0.169856
0.513721
0.631367
0.0840676
0.158494
0.17869
0.167943
0.163243
0.163036
0.0357023
0.308195
0.138293
0.177653
0.177718
0.0861692
0.700642
0.213606
0.213354
0.0805105
0.343433
0.089823
-0.0230327
-0.00399831
0.0200823
0.0316451
0.00220317
0.0753358
0.0261367
0.0875597
0.104356
0.00451882
0.0594068
0.0587114
-0.00396841
-0.0221617
0.0200874
0.00218564
0.0316253
0.075383
0.0921312
0.0275522
0.103767
0.0593046
0.0045855
0.0578778
0.0475111
0.0775697
0.116986
0.0663077
0.0818389
0.0958389
0.135428
0.109662
0.169757
0.17778
0.174512
0.485679
0.135027
0.200787
0.161515
0.613421
0.0475375
0.0663076
0.0775687
0.117189
0.0818201
0.109662
0.095841
0.135575
0.167331
0.484669
0.177769
0.172456
0.133833
0.612038
0.200683
0.159899
0.139895
0.14314
0.0170058
0.12591
0.148593
0.0358748
0.161033
0.0738436
0.0411133
0.142397
0.179995
0.0789688
0.305266
0.215644
0.193839
0.310332
0.142129
0.0290352
0.168148
0.320204
0.14056
0.145666
0.148483
0.0358803
0.160337
0.0734715
0.179715
0.0789389
0.192979
0.306787
0.167712
0.318993
0.128703
0.0852366
0.175728
0.169029
0.0543814
0.0803797
0.181898
0.218296
0.0981666
0.101139
0.197671
0.681083
0.343202
0.655962
0.672126
0.545823
0.128996
0.0852368
0.175504
0.169109
0.182256
0.218008
0.197477
0.679504
0.119994
0.158965
0.191458
0.155861
0.120391
0.161097
0.187962
0.158748
0.0184876
0.0184917
0.0544994
0.0544977
0.269889
0.30769
0.307871
0.266749
0.130369
0.164833
0.167818
0.131662
0.122139
0.134578
0.2021
0.189706
0.122483
0.189625
0.201915
0.134843
0.0782575
0.078257
0.0974112
0.0974108
0.630828
0.654415
0.653033
0.629871
0.185668
0.146909
0.130254
0.185695
0.185401
0.18565
0.1299
0.146935
0.10201
0.101871
0.034672
0.0346746
0.524209
0.126403
0.125855
0.522776
0.120794
0.120778
0.0122071
0.0122294
0.00468908
0.00371573
0.0127753
0.00371889
0.00157219
0.0397565
0.0116101
0.0344529
0.0298969
0.00336632
0.0457101
0.031494
0.00371992
0.0054843
0.0127805
0.0015496
0.00361647
0.0398154
0.0302486
0.0124409
0.031638
0.045817
0.00363821
0.0309246
0.0594779
0.0715447
0.125556
0.0660036
0.114281
0.102078
0.129736
0.108783
0.173006
0.186375
0.174821
0.417758
0.144908
0.190818
0.157389
0.40151
0.0594771
0.0658824
0.0715443
0.125559
0.11428
0.108784
0.102079
0.129743
0.170663
0.416549
0.186036
0.17278
0.143659
0.401105
0.189889
0.155807
-0.00368781
0.0288132
0.104202
0.0504186
-0.0122497
-0.0122414
0.00431773
0.174524
0.0272616
0.0407942
0.142011
0.0359998
0.0492527
0.00233544
0.119802
0.0726234
-0.000254175
-0.000271894
0.0166568
0.10483
0.0871735
0.0849907
0.180411
0.0852277
0.105634
0.108068
0.29568
0.1286
0.174444
0.175945
0.207976
0.289313
0.065798
0.0655819
0.104833
0.0808953
0.0829877
0.122734
0.155753
0.297419
-0.000420624
0.0313801
0.105403
0.0544053
0.0272994
0.0408126
0.141929
0.0360078
0.0492519
0.0021686
0.119312
0.0723036
0.0871683
0.0849822
0.180117
0.0852403
0.171205
0.170954
0.206783
0.284227
0.0819631
0.121638
0.155002
0.295685
0.0780331
0.0895827
0.127325
0.0842536
0.140909
0.168531
0.147475
0.1638
0.0683411
0.0683412
0.0614512
0.0743846
0.159696
0.189055
0.181013
0.179042
0.110177
0.110177
0.104164
0.110601
0.173033
0.165735
0.201272
0.431631
0.509808
0.509313
0.429424
0.586774
0.635587
0.634774
0.653184
0.596968
0.0780331
0.0895847
0.127328
0.0842543
0.141117
0.16739
0.147608
0.163876
0.159706
0.188993
0.180994
0.17946
0.171068
0.163891
0.199741
0.431002
0.150108
0.15438
0.178566
0.169945
0.150137
0.154311
0.179073
0.169733
0.0263485
0.0357911
0.0357908
0.0475047
0.309913
0.311197
0.309428
0.314708
0.127308
0.1321
0.154443
0.128763
0.158621
0.173688
0.180895
0.186909
0.158746
0.173777
0.180973
0.186868
0.0859587
0.0801709
0.0921683
0.0859589
0.706787
0.694123
0.688874
0.705749
0.197558
0.199446
0.202945
0.216384
0.196938
0.199144
0.201924
0.216114
0.0642322
0.0756757
0.0756749
0.090816
0.227717
0.336669
0.336071
0.454154
0.0850307
0.154241
0.0441261
0.0848332
0.0759377
0.0796697
0.0100441
0.135796
0.125953
0.0205478
0.107982
0.0931703
0.0233955
0.0854137
0.13684
0.0614734
0.102303
0.0669283
0.236415
0.14164
0.133313
0.244803
0.099685
0.044094
0.0896873
0.0609204
0.113009
0.108883
0.0100515
0.136501
0.0764095
0.0817414
0.126011
0.0205537
0.0233996
0.0854107
0.108032
0.0931938
0.136855
0.0614712
0.234111
0.132745
0.102761
0.0903443
0.134531
0.240491
0.0893579
0.0609104
0.0994471
0.0441884
0.112465
0.108132
0.149594
0.0541566
0.12728
0.0778485
0.113897
0.118888
0.0614647
0.0722851
0.182215
0.0908554
0.129993
0.0964903
0.136492
0.177143
0.103537
0.111652
0.174881
0.290986
0.168592
0.184155
0.196262
0.425441
0.402267
0.560847
0.182462
0.448858
0.202462
0.193052
0.197006
0.417898
0.636291
0.584329
0.149461
0.0541237
0.0614656
0.072285
0.127278
0.0778477
0.113644
0.119184
0.181956
0.0907383
0.103537
0.111652
0.129989
0.096491
0.13693
0.176881
0.173523
0.284978
0.401129
0.559862
0.16848
0.183979
0.195771
0.424808
0.181707
0.447447
0.635014
0.58288
0.202315
0.192911
0.195935
0.417302
0.126196
0.147713
0.136032
0.153817
0.0178822
0.0178815
0.115065
0.115914
0.135941
0.153715
0.0271753
0.0476799
0.165697
0.126877
0.133865
0.0300975
0.0377075
0.0377101
0.136276
0.13625
0.18264
0.174616
0.0890678
0.0421821
0.265212
0.261573
0.199145
0.200616
0.198445
0.173935
0.292512
0.315559
0.136668
0.136409
0.0240854
0.0240936
0.153524
0.175603
0.428129
0.206521
0.126763
0.148202
0.156102
0.137123
0.135956
0.153684
0.02718
0.0476821
0.126554
0.165683
0.133855
0.030052
0.182359
0.174332
0.0891657
0.0421775
0.179828
0.197644
0.312278
0.289603
0.175614
0.153079
0.205586
0.426737
0.1257
0.131782
0.0792596
0.0912756
0.168251
0.188838
0.151306
0.17733
0.0544406
0.0544398
0.0803807
0.0803806
0.16222
0.190971
0.206513
0.20764
0.0980679
0.0980678
0.102158
0.102154
0.199952
0.194673
0.673959
0.669635
0.339075
0.337348
0.659066
0.658482
0.678174
0.677232
0.54103
0.540308
0.12605
0.132061
0.0792598
0.0912758
0.188975
0.167821
0.151434
0.177301
0.191231
0.162431
0.206233
0.207095
0.194463
0.199786
0.668206
0.672429
0.0818521
0.130118
0.141546
0.0880685
0.145521
0.131449
0.162169
0.145823
0.177679
0.207854
0.183107
0.162131
0.100734
0.110213
0.161075
0.187398
0.0815704
0.0890864
0.142109
0.13011
0.100464
0.188112
0.162876
0.111609
0.177952
0.16184
0.184688
0.205765
0.144669
0.145719
0.162569
0.131712
0.0125111
0.00903808
0.0268298
0.0282657
0.0125184
0.0282723
0.0268314
0.00904112
0.0589755
0.0614584
0.0475938
0.0475453
0.059132
0.0475409
0.0475926
0.061458
0.208358
0.270558
0.303861
0.275872
0.348617
0.424216
0.317713
0.294948
0.346974
0.29012
0.316028
0.423591
0.204642
0.274918
0.302189
0.265817
0.0291342
0.0438952
0.121289
0.16489
0.110095
0.158835
0.13938
0.0581228
0.11409
0.0874726
0.141046
0.156206
0.0303579
0.165196
0.122451
0.0470795
0.126855
0.127254
0.155124
0.146326
0.130595
0.161889
0.161407
0.128613
0.194328
0.198262
0.190227
0.190928
0.191717
0.171567
0.182571
0.198735
0.12685
0.146516
0.155276
0.127256
0.191323
0.198082
0.182558
0.17142
0.193373
0.190863
0.190169
0.197191
0.130612
0.128618
0.161523
0.16194
0.071934
0.0743627
0.0800689
0.0790804
0.0719335
0.0790808
0.080069
0.0743627
0.102639
0.104123
0.0920138
0.0903732
0.102637
0.0903727
0.0920137
0.104123
0.423866
0.428802
0.69783
0.585918
0.409819
0.658427
0.694835
0.426398
0.409308
0.425787
0.69383
0.657553
0.422989
0.585451
0.696994
0.428121
0.182858
0.181732
0.204608
0.189093
0.0912087
0.129363
0.190794
0.170429
0.0842509
0.137201
0.1518
0.0976952
0.186372
0.182141
0.228919
0.169235
0.18251
0.188343
0.204266
0.181469
0.185644
0.168753
0.228702
0.182097
0.0839315
0.0974544
0.151416
0.136538
0.0912382
0.168803
0.190521
0.129429
0.113324
0.111126
0.0923539
0.0881586
0.113337
0.088141
0.0923507
0.111126
0.0271657
0.0193203
0.0538816
0.0812181
0.0271643
0.0811357
0.0537748
0.0193224
0.400288
0.385175
0.44759
0.596932
0.0731697
0.0992548
0.221719
0.186534
0.0726808
0.185071
0.221262
0.0990948
0.399652
0.596185
0.446874
0.383453
0.063652
0.0996061
0.14871
0.10921
0.0636662
0.109166
0.14871
0.0995977
0.00997209
0.0739791
0.040276
0.0440046
0.00948505
0.0440627
0.0402883
0.07398
0.00227878
0.00375978
0.00912575
0.00218333
0.00320545
0.0235256
0.00413765
0.0248093
0.0182928
0.00225605
0.0290579
0.0168464
0.00376266
0.00267944
0.00912577
0.0032043
0.00223887
0.0235738
0.0199104
0.0066278
0.0120232
0.029133
0.00242204
0.0163928
0.0624951
0.0685277
0.141736
0.0658041
0.111206
0.105196
0.154027
0.108501
0.173118
0.186164
0.17472
0.28109
0.148439
0.173168
0.154813
0.263297
0.0624944
0.0658036
0.068527
0.141958
0.111205
0.108501
0.105198
0.154108
0.170902
0.274755
0.184512
0.172673
0.147106
0.262789
0.172052
0.153362
0.00796891
0.0249413
0.0733294
0.0197168
-0.0118504
-0.0118482
-0.00328956
0.17643
0.0309095
0.0350094
0.139733
0.0351435
0.0546812
0.00258472
0.0957467
0.0519805
-0.000952278
-0.000955286
0.00869999
0.11792
0.0864894
0.0806321
0.176119
0.0840794
0.114603
0.115852
0.250152
0.130455
0.188356
0.186187
0.211647
0.260427
0.0714715
0.0713102
0.0895178
0.0869091
0.094136
0.114235
0.135334
0.231981
0.01127
0.0277218
0.0751289
0.0261442
0.0309189
0.0360119
0.139667
0.0351545
0.054751
0.0025741
0.0952434
0.0516536
0.086489
0.0806199
0.175848
0.0840643
0.183875
0.180795
0.209699
0.256993
0.0930589
0.112963
0.134384
0.230993
0.0802204
0.0864616
0.149048
0.0838457
0.150427
0.166305
0.152698
0.161249
0.0683634
0.0683634
0.0648774
0.0713852
0.1694
0.18273
0.179943
0.173873
0.110169
0.110169
0.107162
0.110334
0.171808
0.167936
0.189131
0.280952
0.51393
0.51371
0.471816
0.550784
0.635135
0.634745
0.643036
0.615351
0.0802219
0.0864635
0.149205
0.0838462
0.150606
0.166393
0.152862
0.161325
0.169418
0.18271
0.179935
0.173941
0.169858
0.166211
0.187034
0.280305
0.16073
0.160874
0.170325
0.166639
0.16036
0.160682
0.169969
0.166452
0.0310302
0.0357484
0.0357464
0.0428047
0.309275
0.310478
0.309586
0.311667
0.132733
0.135197
0.146367
0.133474
0.168678
0.175725
0.179211
0.187377
0.168757
0.175851
0.179276
0.187368
0.086064
0.08317
0.0891688
0.086064
0.705011
0.70029
0.695755
0.704375
0.212612
0.208626
0.220651
0.215082
0.212351
0.208362
0.220385
0.214821
0.0733117
0.0809084
0.0808877
0.0864179
0.285977
0.341779
0.341473
0.399212
0.088494
0.156321
0.0795405
0.0883875
0.00698399
-0.0171502
0.0381079
0.0439292
0.00394013
-0.0128135
0.00336518
0.134119
0.0164285
0.0236796
0.124008
0.020619
0.0157043
0.0415052
0.086635
0.0709971
0.00180254
0.0011561
0.0132091
0.0989451
0.0563155
0.082173
0.136202
0.0685101
0.0199385
0.0295864
0.0737802
0.0219607
0.056464
0.119764
0.208303
0.0876344
0.0733584
0.143666
0.114584
0.225159
0.00558222
0.00268497
0.0792387
0.0293339
0.0516093
0.0656131
0.0751211
0.0633776
0.0453784
0.0712462
0.0900703
0.0928154
0.00394385
-0.0127963
0.00338471
0.134557
0.00811995
-0.0144969
0.0376108
0.0460573
0.0164393
0.023728
0.124023
0.0206255
0.00180295
0.0011553
0.0131986
0.0989311
0.0157702
0.0415119
0.0866454
0.0708947
0.056344
0.0821942
0.136228
0.0685095
0.0621372
0.119982
0.206494
0.0915214
0.0205245
0.03156
0.0733437
0.0275789
0.0755993
0.142488
0.116052
0.220902
0.050743
0.0654984
0.0748799
0.0633391
0.00576381
0.00274439
0.0794959
0.0294284
0.0446212
0.0703396
0.0894946
0.0920354
0.0564875
0.0441889
0.146085
0.0533318
0.0745621
0.080592
0.145338
0.0777117
0.106864
0.13068
0.115328
0.11822
0.0660678
0.0683188
0.0648395
0.0692964
0.0800376
0.0836159
0.175958
0.086501
0.0989585
0.0927186
0.154263
0.0961314
0.1219
0.14815
0.136007
0.138357
0.109222
0.110439
0.1066
0.110876
0.172338
0.166902
0.174432
0.284303
0.1827
0.171507
0.173337
0.181001
0.174848
0.173962
0.188221
0.27613
0.460326
0.501944
0.444307
0.523882
0.140134
0.129209
0.161238
0.281409
0.203434
0.195344
0.201842
0.197122
0.15967
0.163737
0.181404
0.273954
0.525255
0.633708
0.626053
0.602311
0.0564857
0.04419
0.145985
0.0533396
0.066065
0.0683189
0.0648401
0.0692964
0.0745618
0.0805916
0.145532
0.0777109
0.107057
0.130898
0.115471
0.118473
0.0799495
0.0835983
0.17573
0.0864864
0.109222
0.110439
0.1066
0.110876
0.0989605
0.0927207
0.154404
0.0961325
0.121993
0.148219
0.136394
0.138895
0.169863
0.16415
0.173447
0.279942
0.459139
0.50118
0.443259
0.522921
0.182564
0.171549
0.173356
0.180997
0.172789
0.171917
0.186587
0.275186
0.138935
0.127935
0.160392
0.28107
0.524948
0.632545
0.624736
0.601011
0.202805
0.19525
0.201707
0.197008
0.158005
0.161949
0.180064
0.273269
0.123676
0.147094
0.135828
0.143895
0.0790649
0.121241
0.13964
0.149246
0.0123226
0.0216816
0.0174482
0.017444
0.122812
0.129005
0.120271
0.120699
0.145331
0.152913
0.14635
0.151092
0.0359439
0.0358286
0.0315304
0.0409224
0.14118
0.178372
0.171963
0.125263
0.0894137
0.0803053
0.136408
0.063479
0.0285451
0.0530043
0.0356617
0.0356476
0.0928797
0.149915
0.140692
0.140691
0.174968
0.189626
0.181268
0.179971
0.0870493
0.073641
0.0857422
0.0418341
0.301089
0.307323
0.28001
0.271163
0.192017
0.162755
0.209608
0.20997
0.197655
0.183435
0.196242
0.184013
0.291033
0.310883
0.303078
0.312574
0.121484
0.168567
0.140324
0.140186
0.021652
0.0366359
0.0268935
0.0268998
0.167596
0.169643
0.161599
0.173087
0.309354
0.32941
0.374695
0.263755
0.124558
0.155243
0.138788
0.144465
0.0820543
0.123617
0.15149
0.141413
0.145228
0.152762
0.146307
0.150968
0.0359505
0.0358328
0.0315355
0.0420256
0.14048
0.177583
0.124939
0.171959
0.0891288
0.0800141
0.136398
0.0635066
0.174683
0.189348
0.180987
0.179834
0.0870224
0.0736744
0.0857646
0.0417606
0.196702
0.185951
0.187091
0.195413
0.28692
0.308223
0.309194
0.300229
0.166886
0.168783
0.172653
0.161157
0.307846
0.32851
0.262682
0.373413
0.111918
0.146613
0.127139
0.130328
0.0846323
0.0858535
0.0822481
0.0882562
0.164225
0.173061
0.171704
0.182769
0.166312
0.171521
0.160373
0.177865
0.0580349
0.0509448
0.054411
0.0544106
0.077384
0.0833807
0.0803802
0.0803801
0.181832
0.182415
0.172267
0.189032
0.210975
0.217465
0.211766
0.22458
0.101165
0.0951677
0.0981172
0.0981172
0.110224
0.0967247
0.101649
0.101647
0.200077
0.193083
0.198855
0.196336
0.56442
0.704781
0.680642
0.6761
0.386392
0.298634
0.343222
0.345612
0.621982
0.679965
0.659765
0.659499
0.662931
0.680795
0.676639
0.676177
0.574745
0.507332
0.544716
0.544345
0.112079
0.146794
0.127438
0.130616
0.0846307
0.0858537
0.0822483
0.0882563
0.162168
0.172766
0.183052
0.171318
0.166409
0.171542
0.160502
0.177946
0.18183
0.182455
0.188884
0.172668
0.210746
0.217184
0.211488
0.224249
0.199023
0.192994
0.196154
0.198624
0.563915
0.70326
0.674513
0.679193
0.107021
0.128403
0.127469
0.133727
0.153899
0.151516
0.156397
0.161644
0.181595
0.171042
0.200074
0.192582
0.135074
0.159908
0.153106
0.166329
0.106623
0.128501
0.125637
0.141694
0.135582
0.157898
0.154884
0.17468
0.177504
0.169635
0.198978
0.194505
0.1537
0.15107
0.156318
0.162
0.0142671
0.0201823
0.0182495
0.0228334
0.0142726
0.0201853
0.018252
0.022844
0.0543311
0.0581008
0.0510925
0.0544702
0.0543285
0.0581
0.0510908
0.0544689
0.256848
0.253039
0.287399
0.281628
0.29226
0.360004
0.303297
0.338362
0.2911
0.358313
0.297276
0.336776
0.253671
0.249334
0.284575
0.278452
0.108473
0.135883
0.132046
0.110282
0.125603
0.164676
0.157631
0.184741
0.167693
0.14405
0.187029
0.160378
0.136839
0.110149
0.111782
0.133451
0.108636
0.120269
0.123967
0.139912
0.117759
0.135279
0.133582
0.150627
0.202234
0.205151
0.197426
0.201589
0.186882
0.193572
0.183915
0.192133
0.108779
0.120619
0.124295
0.140115
0.18683
0.193308
0.183878
0.19246
0.202094
0.204931
0.197625
0.201348
0.117899
0.13571
0.133843
0.150872
0.0780781
0.0752738
0.0812496
0.0803812
0.0752738
0.0780762
0.080381
0.0812479
0.100475
0.0969148
0.0980186
0.0943475
0.0969151
0.100474
0.0943472
0.0980184
0.571683
0.596932
0.661145
0.651862
0.549606
0.645714
0.662364
0.676084
0.644373
0.546813
0.674695
0.660948
0.595822
0.569416
0.651116
0.659813
0.182976
0.187123
0.184121
0.195604
0.128033
0.135686
0.157074
0.161846
0.115683
0.129446
0.129436
0.143078
0.17785
0.189891
0.180396
0.181555
0.186765
0.186858
0.183841
0.195332
0.177868
0.189747
0.180185
0.182363
0.115359
0.129064
0.129093
0.142661
0.128072
0.135968
0.157103
0.161321
0.10162
0.111786
0.0941823
0.102667
0.101989
0.108352
0.0944459
0.102662
0.0280337
0.0376148
0.0335793
0.0394506
0.0280373
0.0376129
0.0335817
0.0394514
0.505867
0.558891
0.480514
0.53492
0.106151
0.119311
0.131937
0.149409
0.105735
0.118613
0.131537
0.148584
0.50413
0.557389
0.479068
0.533823
0.109669
0.0728136
0.129006
0.129602
0.07287
0.109682
0.129603
0.129001
0.00439074
0.00589182
0.0188951
0.0205651
0.00585107
0.00444144
0.0205944
0.0189079
0.0504258
0.00234239
0.0093112
0.0400168
0.0803753
0.0131635
0.0607999
0.0437901
0.014581
0.07351
0.0884359
0.0333189
0.0611153
0.0754286
0.179256
0.0980027
0.0732523
0.185522
0.0653264
0.0278479
0.0600962
0.0429406
0.0628806
0.0606508
0.00931522
0.0405816
0.0503162
0.00381171
0.0800384
0.013166
0.0145691
0.0735114
0.0608129
0.0437864
0.0885072
0.033329
0.177199
0.0920848
0.0624633
0.078644
0.0554301
0.182648
0.0597785
0.042992
0.0666311
0.0278774
0.0624925
0.0600877
0.130469
0.0595122
0.143432
0.0717414
0.132447
0.126345
0.0625205
0.0689737
0.16046
0.113803
0.154797
0.102323
0.130251
0.111512
0.105711
0.110922
0.181882
0.277341
0.182016
0.189415
0.18746
0.270075
0.385282
0.430202
0.16755
0.262762
0.192675
0.188661
0.177758
0.268358
0.4059
0.401287
0.130835
0.0595117
0.0623664
0.0689499
0.143636
0.071741
0.131791
0.12634
0.160327
0.113809
0.105711
0.110929
0.154879
0.102324
0.130018
0.111768
0.18156
0.274575
0.384096
0.43099
0.181958
0.18907
0.185823
0.266016
0.166552
0.262121
0.405444
0.400784
0.19176
0.187865
0.176504
0.267779
0.0535861
0.00684873
0.080659
0.0328484
0.096487
0.109999
0.0467112
0.0798925
-0.00413646
0.164994
-0.0040528
0.165274
0.00514004
0.00516801
0.172269
0.17242
0.127803
0.0278705
0.142907
0.0463408
0.140194
0.143914
0.0321383
0.0396201
0.109576
0.0881544
0.0794064
0.0276861
0.137591
0.0955013
0.112156
0.0495162
0.0102323
0.112311
0.0102322
0.1123
0.0175678
0.0175689
0.103344
0.103345
0.16968
0.0844059
0.176515
0.0879134
0.181148
0.178865
0.0880687
0.0819698
0.237824
0.104578
0.236674
0.10676
0.288924
0.28828
0.147746
0.146727
0.19726
0.246025
0.204995
0.276656
0.209408
0.200592
0.280114
0.292944
0.0841123
0.0755279
0.0839778
0.075501
0.102589
0.102507
0.0784872
0.0784878
0.114555
0.165924
0.151139
0.279777
0.147581
0.163904
0.343768
0.243556
0.0557592
0.00294035
0.0818659
0.0374821
0.0978442
0.110776
0.0905777
0.0503742
0.127785
0.0278792
0.142825
0.0463493
0.140149
0.143821
0.0321468
0.0409363
0.109577
0.088191
0.078938
0.0277637
0.0952385
0.137642
0.112157
0.0494611
0.167
0.0844022
0.176279
0.0879096
0.180849
0.178592
0.088073
0.0819929
0.197122
0.242292
0.199961
0.272706
0.199897
0.208317
0.28799
0.275324
0.113772
0.164501
0.150382
0.278621
0.16315
0.146849
0.241947
0.342364
0.147032
0.0778417
0.151788
0.0899497
0.127258
0.127965
0.0813473
0.0873132
0.136251
0.143441
0.167537
0.170483
0.139888
0.155361
0.155588
0.172185
0.0648584
0.0713519
0.0648587
0.0713519
0.0614547
0.0614546
0.0743736
0.0743736
0.161122
0.155801
0.190486
0.184774
0.171627
0.185975
0.187467
0.175659
0.10715
0.110605
0.10715
0.110605
0.104143
0.104143
0.110864
0.110864
0.188206
0.277967
0.184669
0.277921
0.200712
0.199628
0.430291
0.429201
0.467172
0.548291
0.466601
0.547769
0.428967
0.428704
0.5886
0.588134
0.647647
0.617306
0.646811
0.616527
0.657293
0.656874
0.598714
0.598353
0.147204
0.0778426
0.151937
0.0899505
0.127257
0.127967
0.081348
0.0873137
0.136489
0.143777
0.166144
0.169589
0.155458
0.140095
0.15574
0.172306
0.161162
0.155841
0.190397
0.184725
0.185414
0.171652
0.187551
0.1756
0.186731
0.278099
0.183081
0.277298
0.198457
0.199541
0.428502
0.429625
0.147059
0.155487
0.151848
0.157508
0.179701
0.173326
0.166996
0.176543
0.147114
0.155426
0.151805
0.158042
0.173595
0.181941
0.17617
0.166684
0.0265948
0.0265894
0.0313159
0.0424744
0.0313163
0.0429379
0.0475493
0.0475486
0.306879
0.306014
0.308759
0.314788
0.313079
0.306996
0.316907
0.316064
0.124398
0.13334
0.1265
0.127084
0.147278
0.148128
0.134899
0.125724
0.156806
0.159967
0.164976
0.182922
0.17142
0.190604
0.188652
0.184887
0.156953
0.160096
0.16507
0.182991
0.19059
0.171481
0.184952
0.18861
0.0830138
0.0889862
0.0801199
0.0801199
0.092091
0.092091
0.0830139
0.0889864
0.706039
0.70207
0.6977
0.697282
0.693143
0.692652
0.70103
0.705066
0.202256
0.167352
0.202228
0.197609
0.175071
0.224613
0.210286
0.223081
0.1666
0.20139
0.201949
0.197333
0.22365
0.174145
0.21016
0.222797
0.0588897
0.0588889
0.085528
0.064502
0.0854177
0.0645174
0.0915852
0.0915836
0.226078
0.226021
0.392251
0.279494
0.278972
0.391733
0.452718
0.452351
0.150779
0.0747904
0.15276
0.152757
0.042578
0.0425879
0.150768
0.0748105
0.0833191
0.0817662
0.0769513
0.0415942
0.0122585
0.00963961
0.105878
0.153004
0.106878
0.12834
0.0165292
0.0244089
0.0934096
0.119368
0.0739824
0.103081
0.0247338
0.0223275
0.0763585
0.0934924
0.114221
0.159314
0.0428546
0.0742455
0.102534
0.10727
0.113334
0.0619028
0.219709
0.251439
0.136198
0.177905
0.10908
0.181189
0.228351
0.258775
0.0980626
0.0993706
-0.0110839
0.045523
0.0822248
0.0950268
0.0400638
0.0687373
0.0991607
0.126083
0.0896866
0.1375
0.0122664
0.00964517
0.106168
0.153591
0.083168
0.082436
0.0812207
0.0442281
0.10646
0.13637
0.0165375
0.024424
0.0247296
0.0223297
0.0763315
0.0934682
0.093414
0.11942
0.0740083
0.103087
0.114348
0.159032
0.0428521
0.0743252
0.216542
0.249914
0.138369
0.180077
0.103689
0.105996
0.118101
0.0670148
0.0964661
0.181204
0.224314
0.254348
0.0818166
0.0947807
0.0399277
0.0687492
0.0977783
0.0991277
-0.0110643
0.0454883
0.0987218
0.125479
0.0890936
0.136495
0.150001
0.147714
0.0579992
0.0508324
0.127108
0.127273
0.0748942
0.0806774
0.119908
0.122353
0.107777
0.135569
0.0614724
0.0614614
0.0720756
0.0743519
0.191312
0.182004
0.103869
0.0909737
0.130329
0.129348
0.0995637
0.0934319
0.120956
0.15072
0.179375
0.183716
0.103069
0.104297
0.11328
0.111389
0.175217
0.198972
0.308654
0.297086
0.173881
0.161555
0.188867
0.178005
0.194142
0.197918
0.425006
0.42712
0.381805
0.416229
0.533547
0.578295
0.185391
0.174571
0.432683
0.419913
0.20557
0.19736
0.198336
0.188283
0.195742
0.197696
0.413787
0.431982
0.536752
0.656367
0.551526
0.593735
0.14969
0.147599
0.0579342
0.0508367
0.0614492
0.061462
0.0720743
0.074352
0.12708
0.12727
0.0748938
0.0806764
0.118552
0.122821
0.107918
0.135853
0.189966
0.181743
0.103489
0.090935
0.10307
0.104297
0.113286
0.111389
0.130341
0.129366
0.0995644
0.0934324
0.121068
0.150825
0.179035
0.18345
0.174336
0.194517
0.306048
0.292515
0.380561
0.41533
0.532357
0.577532
0.173991
0.161558
0.188608
0.178039
0.193779
0.19709
0.42436
0.426442
0.184885
0.174091
0.429613
0.418637
0.536412
0.6551
0.550171
0.592588
0.205093
0.197241
0.198005
0.188229
0.194732
0.196646
0.413245
0.43135
0.139316
0.116141
0.131957
0.156472
0.072294
0.11579
0.13181
0.0877509
0.0134632
0.022359
0.0223632
0.0134621
0.118175
0.118601
0.117783
0.119181
0.133068
0.139625
0.157475
0.149688
0.0270332
0.0280526
0.047624
0.0476366
0.147785
0.182515
0.140143
0.112901
0.142292
0.124177
0.0254749
0.0356097
0.0280534
0.0465092
0.0465127
0.0280557
0.0871746
0.144295
0.144279
0.0871393
0.177178
0.192665
0.183415
0.16607
0.0897231
0.0942316
0.0441596
0.0409874
0.29331
0.280739
0.272951
0.291911
0.195342
0.145416
0.147187
0.195955
0.203956
0.189895
0.167267
0.183598
0.275465
0.300946
0.317427
0.304774
0.115951
0.164035
0.163628
0.115902
0.016286
0.0323068
0.0323173
0.0162938
0.152289
0.152968
0.198597
0.177813
0.41351
0.439528
0.215121
0.196592
0.116307
0.148341
0.16361
0.132224
0.0913193
0.13449
0.117719
0.0745295
0.139652
0.133073
0.14955
0.157975
0.0280601
0.0270364
0.0476383
0.0476273
0.112607
0.139733
0.182417
0.147824
0.124169
0.14227
0.0355871
0.0253361
0.192383
0.1822
0.165588
0.183653
0.0942201
0.0897196
0.0409911
0.0441602
0.187058
0.172407
0.191143
0.203454
0.301404
0.31493
0.298467
0.271531
0.177506
0.197304
0.152555
0.151803
0.195365
0.214433
0.438456
0.411785
0.109765
0.143376
0.14942
0.114162
0.0798866
0.0789906
0.0907747
0.0919338
0.159521
0.165866
0.186346
0.16649
0.152878
0.148727
0.174481
0.179998
0.058068
0.0510189
0.0510181
0.0580676
0.0773735
0.0833273
0.0833275
0.0773736
0.16204
0.162416
0.191242
0.191008
0.205704
0.206199
0.180068
0.226918
0.101096
0.0950411
0.0950409
0.101095
0.111005
0.0980029
0.0979997
0.111004
0.202613
0.195925
0.189102
0.197667
0.563611
0.695533
0.693105
0.55675
0.380664
0.288588
0.287609
0.380049
0.682751
0.623206
0.622667
0.681951
0.668608
0.686943
0.685968
0.667698
0.502173
0.572062
0.571341
0.501397
0.143563
0.109944
0.114299
0.149583
0.0789881
0.0798868
0.091934
0.090773
0.164402
0.187122
0.165624
0.156806
0.148888
0.152999
0.180064
0.174412
0.19095
0.191157
0.162515
0.162116
0.205935
0.205429
0.226288
0.180955
0.197341
0.189008
0.195829
0.202366
0.556295
0.691623
0.694244
0.563053
0.0490998
0.105327
0.108589
0.0517945
0.138106
0.14332
0.131069
0.126209
0.158224
0.142898
0.137207
0.150568
0.0656184
0.0413555
0.111036
0.119019
0.134317
0.108631
0.150669
0.142513
0.144889
0.162538
0.155137
0.126278
0.163989
0.155578
0.159269
0.169419
0.141324
0.144494
0.151801
0.147513
0.184925
0.177512
0.172887
0.178542
0.210237
0.200579
0.201167
0.182111
0.173479
0.17942
0.192965
0.18667
0.160771
0.166461
0.168398
0.165544
0.0586824
0.0655422
0.13554
0.0764561
0.078574
0.128942
0.133577
0.0791194
0.16675
0.177773
0.163016
0.151687
0.206547
0.179309
0.171559
0.193569
0.0487526
0.0518541
0.108335
0.104813
0.0676796
0.12028
0.112019
0.0431692
0.158154
0.150504
0.145489
0.151563
0.138065
0.134567
0.139079
0.14327
0.0593032
0.0784514
0.135977
0.0650067
0.205101
0.191362
0.179713
0.179537
0.166514
0.159041
0.17016
0.180937
0.0800801
0.0794177
0.134048
0.129177
0.183705
0.178501
0.171929
0.176652
0.161011
0.16292
0.166608
0.166688
0.17312
0.188638
0.193297
0.179092
0.208059
0.176978
0.199375
0.199892
0.134586
0.142301
0.150338
0.10817
0.14125
0.147397
0.151647
0.144403
0.163775
0.168981
0.160389
0.155412
0.145042
0.126556
0.153165
0.159819
0.00943431
0.00870635
0.0162244
0.0168975
-0.00363114
0.0128965
0.0139456
-0.00418165
0.0311787
0.0314362
0.0226441
0.0220254
0.0315147
0.0242436
0.0241193
0.032005
0.00943681
0.0169023
0.0162293
0.00871383
0.0315235
0.0320121
0.024134
0.0242668
0.0311729
0.0220221
0.0226515
0.0314399
-0.00360665
-0.00412544
0.0139495
0.0128945
0.0626453
0.0648341
0.0580097
0.0580695
0.064868
0.0580515
0.0580846
0.0648494
0.0428713
0.0424842
0.0510559
0.0509819
0.039773
0.0498458
0.0509808
0.0415004
0.0626379
0.0580786
0.0580205
0.0648495
0.0384401
0.040222
0.0509782
0.0498374
0.0428418
0.0509815
0.0510547
0.0419325
0.0648679
0.064849
0.058084
0.0580513
0.118295
0.208962
0.238324
0.195822
0.254559
0.283715
0.265374
0.237303
0.309799
0.297713
0.28952
0.307179
0.245411
0.228478
0.282955
0.260002
0.279583
0.42214
0.340329
0.284173
0.471585
0.385615
0.372715
0.45925
0.314074
0.315009
0.286812
0.344606
0.269458
0.281092
0.312913
0.296244
0.278132
0.280335
0.338091
0.420898
0.265947
0.292658
0.308884
0.276674
0.313207
0.294647
0.281108
0.312588
0.47132
0.458421
0.37179
0.385333
0.12384
0.19296
0.234942
0.204922
0.244831
0.267519
0.280556
0.226793
0.30891
0.304554
0.287134
0.296817
0.250881
0.23355
0.261472
0.279534
0.0189203
0.0446492
0.112523
0.104345
0.00678133
0.0766141
0.0696062
0.0493412
0.129617
0.123384
0.113068
0.118518
0.173478
0.152453
0.138485
0.119979
0.067592
0.0801739
0.141549
0.0837387
0.11419
0.198594
0.184535
0.168992
0.140077
0.12652
0.137094
0.154053
0.0309574
0.0277773
0.0919226
0.0834339
0.0715958
0.0923967
0.145349
0.0708332
0.037497
0.0867249
0.0958414
0.0325741
0.140875
0.154955
0.139922
0.12905
0.115273
0.170129
0.186457
0.198454
0.0192243
0.104351
0.113333
0.0490594
0.173847
0.119628
0.138328
0.152817
0.13028
0.12067
0.114774
0.123891
0.0126175
0.0523575
0.0713988
0.0792606
0.142563
0.144468
0.108112
0.107312
0.14805
0.110985
0.109082
0.146118
0.166869
0.162786
0.141715
0.144933
0.153225
0.132804
0.137774
0.157997
0.154232
0.122092
0.119545
0.155038
0.170877
0.172455
0.151006
0.149866
0.170216
0.148038
0.150529
0.17285
0.150437
0.153124
0.115694
0.112923
0.175618
0.179709
0.20567
0.205333
0.186691
0.200035
0.204203
0.18302
0.188735
0.191688
0.197219
0.194617
0.183913
0.196837
0.197496
0.187999
0.187128
0.185895
0.191369
0.187895
0.169271
0.17503
0.181072
0.174665
0.185372
0.191157
0.186549
0.180377
0.188083
0.188107
0.195861
0.199218
0.142771
0.10748
0.108258
0.144661
0.153417
0.158114
0.137964
0.133085
0.166966
0.145134
0.141909
0.162944
0.148215
0.14631
0.109216
0.111173
0.185393
0.186284
0.19109
0.185731
0.186663
0.198865
0.195644
0.186608
0.185492
0.180517
0.186799
0.19114
0.169305
0.174714
0.18106
0.175131
0.174473
0.205187
0.205407
0.178389
0.183739
0.187442
0.197395
0.196722
0.188527
0.194508
0.19711
0.190893
0.185233
0.181632
0.203935
0.199261
0.154281
0.155117
0.119584
0.122201
0.150594
0.113089
0.115771
0.153271
0.170282
0.172897
0.150659
0.148208
0.170887
0.149936
0.151128
0.172507
0.0687728
0.0690719
0.0750793
0.0747297
0.0713685
0.0773788
0.0773683
0.0713354
0.0830919
0.08287
0.083235
0.083354
0.0808435
0.0803465
0.0810191
0.0819277
0.0687723
0.0747295
0.0750789
0.0690696
0.0808443
0.0819244
0.0810155
0.0803459
0.0830919
0.083354
0.0832353
0.0828702
0.0713685
0.0713355
0.0773685
0.0773787
0.105413
0.106146
0.0999926
0.0992284
0.107156
0.10113
0.101061
0.107368
0.0890775
0.0888939
0.0949765
0.0951043
0.0868983
0.0930408
0.0938442
0.0877018
0.105412
0.0992274
0.0999922
0.106146
0.0868977
0.0877039
0.0938452
0.0930398
0.0890775
0.0951043
0.0949763
0.0888937
0.107156
0.107368
0.10106
0.10113
0.276292
0.271912
0.562862
0.498821
0.279658
0.563871
0.562619
0.277451
0.704574
0.683104
0.678261
0.703966
0.551744
0.540652
0.61527
0.624798
0.265948
0.53151
0.541667
0.271109
0.646947
0.667325
0.666625
0.645549
0.700455
0.699924
0.684964
0.685198
0.279945
0.287231
0.560927
0.560359
0.265415
0.270513
0.541143
0.531214
0.279257
0.559876
0.560461
0.286437
0.69994
0.684722
0.683531
0.698408
0.646545
0.644331
0.665314
0.666884
0.271383
0.497603
0.561633
0.272356
0.551507
0.624542
0.614541
0.539875
0.704101
0.70255
0.677163
0.682722
0.279085
0.276639
0.562
0.563344
0.159997
0.182712
0.192003
0.132002
0.176328
0.175882
0.17867
0.176253
0.210001
0.210565
0.194222
0.191131
0.164967
0.145183
0.19669
0.21086
0.0575739
0.0681602
0.114786
0.111737
0.116869
0.155627
0.138838
0.0987705
0.207396
0.187985
0.174144
0.188066
0.176086
0.155013
0.150455
0.173427
0.0482987
0.0767107
0.114839
0.0773124
0.125503
0.160919
0.142061
0.102772
0.201838
0.13884
0.142227
0.16118
0.0778579
0.0781364
0.114857
0.111392
0.170911
0.200665
0.188228
0.164686
0.178422
0.200839
0.184874
0.191441
0.221959
0.18817
0.193739
0.223965
0.144149
0.156702
0.183547
0.174012
0.160108
0.132456
0.191638
0.180444
0.165032
0.210757
0.196422
0.145788
0.209738
0.19085
0.193939
0.210412
0.176074
0.176027
0.186229
0.177683
0.169863
0.163754
0.186382
0.200211
0.143143
0.173543
0.183291
0.155872
0.221684
0.22367
0.192933
0.186986
0.178257
0.191361
0.184725
0.200706
0.0478885
0.0777459
0.114396
0.0762371
0.0777039
0.111188
0.114543
0.0782355
0.20096
0.160769
0.141852
0.138448
0.124637
0.102093
0.141587
0.160402
0.0575601
0.111751
0.114845
0.0680903
0.175801
0.173141
0.150192
0.150327
0.20712
0.188042
0.173914
0.187931
0.116958
0.0988537
0.138838
0.155641
0.111064
0.111672
0.108427
0.0899165
0.110469
0.110614
0.111395
0.11074
0.0870512
0.0813808
0.0976738
0.097364
0.0840756
0.0874253
0.0986813
0.0915003
0.111068
0.0898408
0.108469
0.111675
0.0840641
0.0914537
0.0986689
0.0874118
0.0869575
0.0973624
0.0976036
0.0814502
0.110469
0.11074
0.111394
0.110614
0.0179926
0.0137127
0.0301644
0.0492259
0.00900908
0.0261304
0.0269535
0.0117908
0.0701246
0.038958
0.0382853
0.0476007
0.0840902
0.0785758
0.0418969
0.0460918
0.0180068
0.0492217
0.0301661
0.0137156
0.0840944
0.0461817
0.0418955
0.0785421
0.0701238
0.0476
0.038289
0.0390015
0.00901591
0.0117946
0.02694
0.0260627
0.264341
0.271667
0.535866
0.55788
0.257362
0.362354
0.461928
0.26489
0.397571
0.506165
0.493602
0.384726
0.617679
0.615257
0.567452
0.574708
0.0466768
0.06821
0.0989838
0.0759126
0.0873255
0.119321
0.111786
0.0800201
0.284321
0.272527
0.157254
0.16712
0.202869
0.118401
0.143125
0.253949
0.0463179
0.0751549
0.0984412
0.0679365
0.201904
0.252591
0.141268
0.117121
0.284051
0.167224
0.156626
0.271725
0.0872557
0.0798309
0.111401
0.119339
0.263756
0.558043
0.53416
0.271428
0.617417
0.574334
0.566335
0.614079
0.39723
0.383734
0.492472
0.505783
0.256252
0.265364
0.460234
0.360751
0.0513698
0.0886493
0.069026
0.0541037
0.116208
0.0912645
0.0808101
0.106461
0.154841
0.144573
0.137773
0.148494
0.0914538
0.081108
0.118742
0.126787
0.0513115
0.0541698
0.069186
0.0886427
0.0914866
0.126779
0.118748
0.0810994
0.154832
0.148486
0.137769
0.144569
0.116203
0.106459
0.0808569
0.0913947
0.0263782
0.0541401
-0.00254777
0.0301309
0.0802383
0.0192446
0.0110588
0.0703768
0.0781135
0.0701446
0.0273937
0.0347581
0.0320555
0.0284059
0.0152866
0.0603177
0.0265322
0.0300897
-0.00256046
0.0541349
0.0320722
0.0603827
0.0153153
0.0285165
0.0781196
0.0347645
0.0274093
0.0701534
0.0802517
0.0703996
0.0110722
0.019247
