-0.783744
0.135
-1.715
-0.791475
0.245
1.725
-0.775
0.685
-1.61908
-0.545
1.33961
1.365
0.783184
0.135
-1.715
0.802609
0.245
1.715
0.76714
0.685
-1.625
0.705
0.905
1.63737
0.0441672
0.0399911
0.0639436
0.0683335
0.0377772
0.0291105
0.112671
0.103236
-0.0434779
-0.00800067
0.0274986
0.0265369
-0.00495915
-0.0344713
-0.0583102
-0.038844
-0.00016469
0.0416848
0.0390323
-0.00102147
-0.031058
-0.053275
-0.02353
0.0112378
0.064341
0.0654643
0.0101992
-0.0181314
-0.0354417
0.0537721
0.0892713
0.128512
0.125845
0.0841288
0.0510058
0.0281911
-0.0454901
-0.00927179
0.027074
0.0258181
-0.00446113
-0.0356682
-0.0600098
-0.0423151
-0.0333193
-0.0558868
-0.030683
-0.0241721
-0.0394334
0.0551978
0.0941036
0.139076
0.134685
0.0858336
0.0500925
0.0272952
-0.0397465
-0.00718554
0.0246693
0.0198982
-0.00583227
-0.0349119
-0.0574474
-0.0371962
-0.0325206
-0.0532215
-0.0235996
-0.0216809
-0.0352604
0.0716584
0.114321
0.164278
0.156499
0.0999226
0.0603309
0.0360933
-0.0281378
0.00478358
0.0352774
0.0258242
-0.00563798
-0.031592
-0.0521684
-0.0228258
0.0168611
0.0575776
0.0416743
-0.00221961
-0.0281291
-0.0468362
-0.00243241
0.0396351
0.120066
0.103029
0.0186383
-0.0108114
-0.025938
0.0869625
0.128768
0.17497
0.166174
0.111628
0.0717905
0.0461851
0.0447057
0.00496352
0.000556597
0.140281
0.046334
-0.00238016
0.110487
0.0553975
0.110648
0.0577582
0.0449097
-0.001923
0.0463587
-0.000236777
0.0992658
0.0783694
0.0422895
0.137699
0.0596717
0.176793
0.0726484
0.0701244
0.456241
0.481949
0.0335991
0.112855
0.119747
0.107073
0.126371
0.118938
0.0205229
0.149098
0.279816
0.158151
0.116597
0.068481
0.543895
0.182123
0.135745
0.0345686
0.388917
0.201324
0.0279961
0.00493427
0.0076935
0.114708
0.0458683
-0.00326907
0.0327674
0.0616245
0.0466123
0.0626942
0.0935788
0.0483975
0.00509457
0.0284301
0.00764109
0.0377691
0.0589265
-0.00606494
0.0618389
0.0356042
0.0740622
0.0814919
0.0333277
0.0582709
0.074797
0.0434168
0.0909847
0.0507135
0.0875671
0.0413482
0.119517
0.065206
0.038158
0.154718
0.0678806
0.349741
0.0637917
0.132055
0.0700822
0.409257
0.0653709
0.0500669
0.035894
0.0728686
0.0760505
0.064112
0.0312947
0.0772251
0.109269
0.431036
0.135778
0.109936
0.0933699
0.538543
0.144838
0.10419
0.106649
0.240089
0.0114879
0.239665
0.0933168
0.0177966
0.19217
0.243844
0.0412448
0.270087
0.141027
0.0315148
0.149109
0.22476
0.157142
0.0939596
0.337591
0.209953
0.104599
0.297586
0.104842
0.2396
0.0843074
0.0174407
0.138394
0.176268
0.102568
0.0286883
0.151369
0.135524
0.136803
0.466379
0.105688
0.0608697
0.130776
0.148298
0.0413904
0.0667235
0.167862
0.180785
0.075544
0.0598679
0.154711
0.490748
0.259567
0.565254
0.515694
0.437581
0.0754293
0.0599874
0.117507
0.114837
0.118103
0.116987
0.140482
0.585633
0.0729937
0.108508
0.142263
0.133607
0.0718079
0.128697
0.127706
0.101501
0.00991323
0.00973528
0.0395717
0.0401875
0.0939595
0.166199
0.232855
0.113091
0.198467
0.17738
0.180168
0.19775
0.0984626
0.112657
0.144416
0.158047
0.0741844
0.138139
0.14256
0.0764619
0.0577782
0.0570139
0.0670977
0.0680924
0.501632
0.454197
0.564158
0.585721
0.121296
0.156124
0.0984429
0.115035
0.0969627
0.141302
0.124693
0.101508
0.0582584
0.0504938
0.0319726
0.0362765
0.349668
0.2402
0.40989
0.505934
0.26095
0.243435
0.173715
0.195478
0.00655528
0.00288542
-0.00362853
0.0841358
0.0364344
0.000179061
0.0231942
0.0457705
0.0292891
0.0337759
0.0658085
0.0334776
0.00302042
0.0129628
-0.00375553
0.0366505
0.0410212
-0.00192593
0.0399028
0.0264934
0.0430226
0.0433358
0.0222569
0.0442836
0.0445138
0.0439045
0.0681417
0.0494762
0.0394107
0.0407891
0.0786219
0.0624446
0.0255563
0.11867
0.0662188
0.239399
0.0666447
0.0981644
0.0694165
0.334949
0.0387268
0.048495
0.0369167
0.0563213
0.0277011
0.103392
0.0302655
0.0509114
0.113156
0.333943
0.132972
0.111329
0.100326
0.331819
0.137574
0.10321
0.0390131
0.0415955
0.0925691
0.188275
0.00487806
0.00503339
0.00700798
0.183641
0.0098182
0.00904906
0.0642069
0.0133758
0.121208
0.11544
0.184103
0.228708
0.0462195
0.0462374
0.0466252
0.222743
-0.00205285
-6.61095e-05
0.100981
0.026158
0.0995751
0.0996341
0.136758
0.230098
0.0564821
0.0474945
0.120016
0.0626996
0.107326
0.102202
0.288321
0.158383
0.0540543
0.0606446
0.0845837
0.241506
0.0393423
0.0422271
0.0936244
0.187067
0.0091128
0.0103978
0.0620072
0.012892
0.0560176
0.0372417
0.133938
0.134252
-0.00507655
-0.00382856
0.074935
0.0264527
0.0927915
0.104196
0.126961
0.131119
0.0692806
0.0864616
0.131262
0.431405
0.0428544
0.0417377
0.0700926
0.0587529
0.11787
0.154005
0.130102
0.143058
0.0598147
0.0594835
0.0464505
0.0631974
0.152483
0.187691
0.172395
0.178798
0.0833994
0.0828393
0.0695175
0.0740491
0.069189
0.0701589
0.0942935
0.37236
0.4218
0.465612
0.364371
0.535987
0.449889
0.525101
0.498843
0.460187
0.0347741
0.0324463
0.0541336
0.0579895
0.0951812
0.12726
0.108396
0.113914
0.101332
0.136201
0.119274
0.118229
0.10853
0.105657
0.136324
0.350828
0.116835
0.109202
0.142051
0.133114
0.11448
0.101479
0.134374
0.124942
0.0159653
0.0191231
0.0189451
0.0253681
0.152557
0.116626
0.134193
0.153993
0.274285
0.27092
0.237959
0.274079
0.135813
0.153279
0.163007
0.171498
0.0989301
0.115668
0.117345
0.13174
0.0690687
0.0702503
0.0720152
0.0686205
0.522348
0.55571
0.532205
0.579696
0.186005
0.159292
0.178844
0.181953
0.138394
0.119939
0.133343
0.123268
0.036349
0.0330863
0.033259
0.0327858
0.367745
0.345763
0.431185
0.414983
0.222493
0.202776
0.203551
0.1941
0.0631052
0.141566
0.00637222
0.1584
0.0499008
0.00611217
0.16271
0.243689
0.0438832
0.213046
0.112708
0.0282493
0.111301
0.143284
0.0852016
0.169991
0.132176
0.072885
0.0897014
0.167062
0.196157
0.150596
0.0770688
0.181446
0.00630753
0.158168
0.0650457
0.140947
0.0487614
0.00611328
0.037172
0.188458
0.101269
0.198921
0.0746625
0.0276542
0.095111
0.169779
0.117642
0.142133
0.140689
0.118702
0.308383
0.131183
0.103409
0.129597
0.115004
0.379354
0.106082
0.0595577
0.0695744
0.0609287
0.0855029
0.0946899
0.0460143
0.0542537
0.105722
0.10802
0.0748732
0.0708314
0.116185
0.120772
0.062064
0.073813
0.130598
0.0845329
0.148006
0.15714
0.101302
0.36257
0.25969
0.429831
0.0933185
0.293374
0.138334
0.119095
0.096686
0.365025
0.431761
0.380273
0.10048
0.0537857
0.0453668
0.0535492
0.0552874
0.0599646
0.069714
0.0735543
0.0867536
0.107004
0.0610246
0.0736207
0.0507356
0.0905703
0.0769894
0.0747918
0.129556
0.180758
0.337877
0.511196
0.13166
0.137021
0.134962
0.350039
0.138348
0.441688
0.551379
0.526855
0.143896
0.143267
0.136759
0.341805
0.0934659
0.119079
0.235472
0.219061
0.0106535
0.0105644
0.240974
0.240937
0.0795792
0.0964923
0.0138126
0.0234641
0.198097
0.165966
0.222604
0.246166
0.0389214
0.0388268
0.263471
0.265609
0.13203
0.151179
0.0307006
0.0321945
0.122619
0.132534
0.233662
0.232472
0.133992
0.145646
0.0963245
0.104157
0.291595
0.376948
0.20549
0.224068
0.102401
0.110104
0.324234
0.268881
0.0923911
0.115697
0.217742
0.234512
0.0778884
0.0922624
0.0135544
0.0229697
0.152617
0.119967
0.22952
0.180212
0.0958804
0.102092
0.0283267
0.0298758
0.141849
0.131001
0.158805
0.125503
0.13968
0.133729
0.446598
0.488385
0.10217
0.109166
0.061293
0.0557787
0.121087
0.139735
0.127011
0.163748
0.0404754
0.0407781
0.0671366
0.0667473
0.144417
0.178152
0.155499
0.184858
0.0759923
0.076497
0.0592193
0.058899
0.149681
0.157517
0.507588
0.473688
0.227778
0.261381
0.547769
0.596834
0.489499
0.555036
0.396304
0.475778
0.0748175
0.0760265
0.0604698
0.05485
0.126598
0.109792
0.0969874
0.129519
0.133978
0.100308
0.112201
0.132495
0.139333
0.141625
0.576125
0.592891
0.0324767
0.0551885
0.0982314
0.0828186
0.0642305
0.110997
0.118275
0.0685623
0.125001
0.123226
0.15183
0.145433
0.100605
0.0976165
0.128608
0.135185
0.0398789
0.0793177
0.098556
0.0555344
0.111663
0.148739
0.127505
0.102264
0.132225
0.1227
0.139047
0.127894
0.0532947
0.0671524
0.109592
0.091134
0.00131659
0.00663818
0.0148462
0.00977906
0.00135617
0.00931911
0.0147173
0.00660635
0.0336469
0.0459018
0.0241363
0.0241443
0.0348309
0.0253125
0.0243839
0.0462265
0.0832053
0.0624888
0.122162
0.117799
0.159406
0.33066
0.135969
0.061281
0.259395
0.142126
0.167803
0.368177
0.103731
0.122927
0.136058
0.123676
0.11206
0.182043
0.255266
0.177294
0.11364
0.220699
0.230412
0.179358
0.107402
0.177805
0.229725
0.22011
0.111411
0.177111
0.274616
0.18104
0.0694731
0.0670806
0.131457
0.122439
0.0769599
0.14857
0.140168
0.0726369
0.0976494
0.0955774
0.175068
0.181471
0.110403
0.159063
0.167635
0.0933176
0.0558351
0.0961149
0.0981231
0.0547343
0.134048
0.135423
0.130635
0.1284
0.129885
0.135346
0.132858
0.136638
0.0513407
0.0515999
0.0997043
0.101071
0.0535781
0.0634978
0.0707116
0.0654366
0.0555636
0.0645143
0.0702927
0.063138
0.072869
0.0698647
0.0723042
0.0622694
0.074292
0.0629467
0.0727804
0.0703926
0.303267
0.371807
0.537084
0.506355
0.351858
0.469712
0.507915
0.371607
0.337104
0.346405
0.569759
0.540034
0.348916
0.553463
0.589959
0.350518
0.0765067
0.103308
0.15671
0.153758
0.113241
0.200719
0.188359
0.10899
0.0686869
0.0816563
0.174831
0.148669
0.0974199
0.184982
0.18326
0.0888306
0.0453116
0.0994795
0.109599
0.0723432
0.140984
0.136391
0.136948
0.134366
0.0948593
0.120812
0.152122
0.12427
0.0742146
0.0725791
0.120034
0.11756
0.117057
0.073972
0.0317745
0.0313005
0.120647
0.0299082
0.0317106
0.0738777
0.0317699
0.0448046
0.0362871
0.024748
0.0322686
0.0259376
0.0361864
0.0453334
0.322891
0.267806
0.372153
0.423739
0.138475
0.245082
0.320501
0.211568
0.2487
0.424617
0.410147
0.317275
0.345582
0.500527
0.455876
0.438815
0.187065
0.221716
0.217341
0.209266
0.146532
0.194034
0.228001
0.209654
0.107593
0.148571
0.198738
0.135569
0.12444
0.221535
0.266884
0.162026
-0.00924663
-0.00736237
-0.00612987
0.0488803
0.0329663
0.000906868
0.0143483
0.047986
0.0159419
0.0145515
0.0380639
0.023326
-0.00737273
-0.00882458
-0.00743889
0.0307931
0.018216
-0.00182119
0.0462768
0.0164812
0.0245948
0.0246049
0.0113255
0.0323739
0.044311
0.0441093
0.0562536
0.0727792
0.0396927
0.0405155
0.0596481
0.102743
0.0503224
0.0820674
0.0655786
0.162837
0.0675108
0.0837634
0.0689657
0.2094
0.0382229
0.0716081
0.0374109
0.0471937
0.028283
0.103732
0.0296886
0.0409337
0.113036
0.202502
0.126409
0.112047
0.103398
0.20432
0.126188
0.103239
0.042414
0.0451751
0.0859933
0.137775
0.00492171
0.00499941
0.00476322
0.178497
-0.00363375
0.00486693
0.0440707
0.0227545
0.13227
0.140645
0.173672
0.21362
0.0462807
0.0462917
0.0492518
0.194379
-0.00315934
0.000868827
0.0753719
0.0188799
0.107459
0.107602
0.127336
0.188955
0.0559289
0.0518979
0.100652
0.0765058
0.11106
0.107658
0.221981
0.135775
0.0564373
0.0588062
0.0722226
0.197846
0.0427234
0.0450587
0.0883845
0.136808
-0.00437521
0.00549341
0.0419118
0.0222497
0.0625795
0.038035
0.117601
0.101135
-0.00555369
-0.00329533
0.0538989
0.0188737
0.0967671
0.102077
0.115991
0.155418
0.0739543
0.08247
0.118198
0.23698
0.0425724
0.0420058
0.0578488
0.08632
0.128654
0.14699
0.13398
0.140388
0.0597457
0.0595798
0.048884
0.0614347
0.165793
0.183403
0.17459
0.177857
0.0730554
0.0727778
0.0710829
0.0735921
0.0697344
0.0703088
0.0824723
0.224094
0.44298
0.466516
0.411584
0.497267
0.467013
0.505295
0.490396
0.471494
0.0341836
0.0330177
0.0440193
0.0847228
0.104795
0.120548
0.110643
0.113452
0.110774
0.128456
0.119634
0.118844
0.107789
0.106366
0.12625
0.209923
0.123306
0.117744
0.134257
0.130942
0.117251
0.110725
0.12358
0.12236
0.0182708
0.0198143
0.0197252
0.022951
0.1516
0.142827
0.149491
0.14951
0.279736
0.258117
0.292996
0.279418
0.147837
0.155717
0.160578
0.167607
0.108014
0.116131
0.116918
0.124574
0.0687855
0.066721
0.0702527
0.0685613
0.533989
0.549807
0.538161
0.563466
0.183939
0.16864
0.185851
0.1824
0.138237
0.129746
0.137867
0.130727
0.0371875
0.0338286
0.0339153
0.033654
0.37826
0.368582
0.410622
0.403033
0.211897
0.212259
0.205833
0.19769
0.0195395
0.0339256
0.0525329
0.0909419
0.00497353
0.00489129
0.00459217
0.176338
0.00402531
0.0111858
0.0269001
0.00861555
0.103552
0.109398
0.164068
0.211034
0.0455757
0.0460586
0.047634
0.183437
-0.00329199
-0.00113695
0.0780886
0.0190607
0.0290684
0.0361978
0.0942332
0.125706
0.0307026
0.0860974
0.0770398
0.129899
0.0393833
0.0540371
0.0897714
0.0955232
0.0502375
0.072214
0.0812746
0.137821
0.0819694
0.101751
0.162343
0.123683
0.0497309
0.0514899
0.0637135
0.142534
0.00512107
0.00506436
0.00459375
0.174767
0.0213551
0.0343368
0.0620454
0.0910961
0.00392319
0.0114125
0.0248837
0.00864305
0.0456297
0.046093
0.0397492
0.169601
0.0528869
0.0595785
0.0982242
0.146548
-0.00425341
-0.00644627
0.0474993
0.0177979
0.0303667
0.0864808
0.0822766
0.130244
0.0320313
0.0379281
0.0998671
0.123632
0.0593137
0.0865077
0.124487
0.132983
0.0658556
0.0931477
0.199806
0.10479
0.0295215
0.0356727
0.0809921
0.100918
0.0522008
0.0641047
0.0992882
0.211429
0.0445595
0.0166917
0.101003
0.0699113
0.0436578
0.0431365
0.0570802
0.0791625
0.0765068
0.105249
0.0883771
0.0928385
0.0507357
0.059877
0.0488264
0.0524916
0.0391429
0.0847388
0.0948409
0.113849
0.0410633
0.0414779
0.0588363
0.0960594
0.0996542
0.137065
0.117885
0.120144
0.075757
0.0738061
0.0734629
0.0743926
0.0347998
0.0421175
0.104991
0.0511602
0.144366
0.156328
0.151809
0.156181
0.0668849
0.0684736
0.079683
0.224518
0.299882
0.391381
0.305582
0.391481
0.0654725
0.0620812
0.079367
0.245298
0.110808
0.169609
0.135202
0.124652
0.0698884
0.0701225
0.0842755
0.217218
0.38238
0.431303
0.420474
0.39521
0.0391581
0.0125348
0.0794599
0.0677517
0.0499239
0.0593812
0.0481751
0.0518168
0.0363954
0.0353141
0.0456173
0.0777888
0.0611659
0.0846624
0.0714487
0.0732189
0.0271089
0.0769609
0.0840575
0.111162
0.0743817
0.0729665
0.0723858
0.073397
0.0307068
0.0318745
0.0424164
0.0942184
0.0644552
0.0900651
0.0772712
0.0758826
0.111846
0.106411
0.131495
0.172841
0.391943
0.455143
0.385112
0.472534
0.135547
0.132649
0.133694
0.136401
0.110613
0.109229
0.126445
0.206414
0.0969851
0.0899481
0.127797
0.249588
0.450942
0.541791
0.544968
0.534941
0.143297
0.142315
0.144494
0.144242
0.103492
0.104918
0.125512
0.208556
0.0987267
0.112878
0.102716
0.112542
0.217672
0.264048
0.231627
0.256535
0.00924879
0.0137277
0.0110595
0.0110149
0.235036
0.25466
0.2419
0.241728
0.0800458
0.102158
0.0889701
0.0950555
0.0171432
0.0184556
0.0158286
0.0206356
0.189776
0.190779
0.203431
0.187517
0.240361
0.232741
0.235099
0.250458
0.0438779
0.0387486
0.0400907
0.0400423
0.24016
0.266617
0.263296
0.27088
0.122564
0.156193
0.138929
0.148598
0.030683
0.0323068
0.0310846
0.0336369
0.1443
0.152136
0.142149
0.145324
0.248746
0.248475
0.228217
0.228669
0.143781
0.154862
0.149397
0.152721
0.079711
0.104599
0.0961476
0.0914501
0.316364
0.356976
0.316315
0.357652
0.187571
0.234065
0.211106
0.207246
0.0955934
0.124548
0.103938
0.107413
0.270913
0.322922
0.311491
0.28324
0.0984462
0.107701
0.10087
0.111518
0.216527
0.263414
0.255677
0.230761
0.0751314
0.0922197
0.0810658
0.0879262
0.0166992
0.0181885
0.0155166
0.0202096
0.138294
0.138431
0.147525
0.133543
0.157078
0.189831
0.172208
0.179294
0.0911916
0.109689
0.0980873
0.102501
0.0311095
0.032567
0.0284952
0.0302572
0.149858
0.144779
0.147259
0.148735
0.131878
0.135627
0.136675
0.131884
0.136428
0.134742
0.13701
0.135575
0.475074
0.449305
0.456563
0.477384
0.0884789
0.122455
0.10395
0.107439
0.0611715
0.0693391
0.0591594
0.0626474
0.12698
0.14737
0.125911
0.135781
0.145698
0.15084
0.138476
0.157811
0.0440198
0.0277952
0.0409295
0.0410812
0.0649604
0.0684868
0.0669569
0.0667622
0.170132
0.165433
0.156991
0.175972
0.180095
0.181452
0.169661
0.186235
0.0773095
0.0737795
0.0757762
0.0760284
0.0589278
0.0606028
0.05955
0.0593915
0.122002
0.170512
0.152211
0.156824
0.460836
0.507733
0.499509
0.482321
0.313807
0.202746
0.246023
0.264259
0.558552
0.561147
0.557914
0.582879
0.507286
0.524114
0.50352
0.537169
0.44888
0.426282
0.418101
0.457297
0.0634389
0.0878476
0.0751268
0.0757369
0.0600645
0.0686673
0.0583054
0.0617378
0.106883
0.128709
0.121299
0.114286
0.114375
0.115283
0.106449
0.122628
0.118921
0.117731
0.126503
0.109428
0.117659
0.12634
0.108206
0.125363
0.139646
0.137391
0.139954
0.141016
0.481864
0.592964
0.58094
0.589716
0.0688484
0.0654567
0.0828181
0.0758287
0.10703
0.104534
0.103796
0.116196
0.14073
0.145167
0.136271
0.141668
0.121975
0.138161
0.123153
0.137974
0.0680373
0.0634537
0.0820483
0.072758
0.124704
0.135323
0.121199
0.135216
0.128752
0.129035
0.129534
0.124202
0.100419
0.06839
0.0984354
0.106145
0.00814337
0.010122
0.0102784
0.0118658
0.00802205
0.00998351
0.010145
0.0116434
0.0425222
0.0425607
0.0257314
0.0400254
0.0436177
0.0432058
0.0263079
0.0404813
0.0908907
0.0717472
0.111043
0.0964534
0.127602
0.212291
0.141013
0.197608
0.211114
0.28624
0.205127
0.252768
0.105231
0.0970336
0.126159
0.120703
0.173882
0.17764
0.210995
0.209189
0.156929
0.190401
0.1817
0.216734
0.189499
0.156132
0.217788
0.187754
0.177222
0.173244
0.210713
0.210317
0.0826155
0.096593
0.100319
0.114028
0.0942153
0.114402
0.110912
0.129877
0.141512
0.108709
0.172102
0.147129
0.157742
0.135957
0.164266
0.157833
0.0622677
0.0738705
0.0745051
0.0865027
0.137619
0.137813
0.135033
0.13873
0.143353
0.1414
0.13983
0.142073
0.0642986
0.076773
0.0762416
0.0890321
0.0580052
0.0560064
0.0595307
0.0673497
0.0552721
0.0570494
0.0667659
0.058737
0.0594806
0.0672782
0.0761853
0.0563934
0.0594073
0.060493
0.0573503
0.0769416
0.443753
0.475428
0.51206
0.528418
0.425828
0.442981
0.465228
0.473143
0.55779
0.466459
0.57005
0.570441
0.547261
0.484268
0.603175
0.59327
0.102273
0.121143
0.132583
0.139564
0.161787
0.132712
0.178092
0.153663
0.094714
0.0887206
0.106353
0.101013
0.10495
0.117023
0.112789
0.163996
0.0886575
0.0739782
0.0973287
0.105067
0.141358
0.142293
0.140521
0.138136
0.114453
0.121079
0.141245
0.129631
0.103979
0.0896394
0.112329
0.101751
0.0626605
0.0580423
0.0585399
0.0587551
0.0613711
0.0506579
0.0504806
0.0582967
0.0345404
0.0347468
0.0377034
0.0304823
0.0400184
0.0347914
0.0375592
0.0342677
0.323828
0.36501
0.336966
0.374487
0.219831
0.211579
0.267059
0.254609
0.378316
0.422054
0.39417
0.429154
0.51009
0.517602
0.497452
0.491517
0.256984
0.260428
0.247466
0.264049
0.206353
0.225954
0.256449
0.228798
0.159764
0.153391
0.191832
0.179825
0.184432
0.174327
0.227184
0.201888
0.0251241
0.0750114
-0.000899592
0.120262
0.0172993
-0.00129036
0.114031
0.149798
0.0362741
0.147459
0.076631
0.0256127
0.0572551
0.105043
0.0869471
0.0911079
0.0582105
0.0954378
0.0597014
0.0954731
0.109443
0.0960142
0.055648
0.102739
-0.000826364
0.119724
0.0394
0.0742787
0.0169151
-0.00139885
0.0362373
0.129127
0.0729133
0.100072
0.0446064
0.0229143
0.0946973
0.0833392
0.0657452
0.102555
0.0740558
0.114477
0.15351
0.0772727
0.0743318
0.0860883
0.0834032
0.158864
0.0544185
0.0696492
0.0566817
0.0744651
0.0662332
0.0687517
0.0374356
0.0515292
0.0590544
0.119599
0.0592916
0.100909
0.077972
0.0771258
0.102958
0.116583
0.0872269
0.0953194
0.12246
0.114898
0.0779957
0.216561
0.202059
0.273721
0.082881
0.199741
0.0979144
0.0982237
0.0842241
0.21329
0.344237
0.329057
0.0462575
0.0694834
0.0368142
0.0505437
0.0464113
0.073192
0.0547477
0.0560708
0.0385439
0.126733
0.100928
0.110252
0.041636
0.0961664
0.0517361
0.0476256
0.126736
0.189129
0.302573
0.349559
0.13253
0.133367
0.126509
0.204483
0.127522
0.21134
0.334598
0.33878
0.137981
0.140358
0.113893
0.207436
0.0709419
0.132299
0.0870603
0.135451
0.0832049
0.0989895
0.178691
0.197211
0.0046131
0.164706
0.00462553
0.164602
0.00681143
0.00679521
0.181994
0.181906
0.033409
0.0163703
0.0482027
0.0341742
0.0622868
0.0687794
0.0115555
0.0191652
0.158719
0.194362
0.137063
0.203937
0.178064
0.182122
0.22162
0.231085
0.0485476
0.19468
0.0482918
0.243896
0.0457168
0.0459801
0.221713
0.218052
0.0755375
0.0242791
0.0723859
0.0204245
0.102911
0.106549
0.0287047
0.0274297
0.112303
0.182929
0.11498
0.182547
0.130983
0.133035
0.228275
0.227905
0.0987039
0.0902876
0.106215
0.0551085
0.120186
0.124682
0.0618559
0.0619324
0.211765
0.136408
0.220621
0.126356
0.266801
0.303182
0.154699
0.162747
0.0688174
0.170396
0.0756315
0.221782
0.0834355
0.0867234
0.254986
0.226532
0.070823
0.13119
0.0955397
0.134066
0.0841128
0.103697
0.195551
0.177517
0.0335216
0.0162124
0.0474827
0.0340509
0.0584532
0.0593037
0.0112045
0.0183118
0.113833
0.154189
0.0861876
0.107635
0.142177
0.127944
0.174118
0.135561
0.0483806
0.0222241
0.0488762
0.0191913
0.0724692
0.0729897
0.0282584
0.0274296
0.117406
0.147228
0.12249
0.161719
0.144492
0.124498
0.135636
0.12732
0.109795
0.229061
0.124534
0.244466
0.134156
0.127784
0.435025
0.43553
0.0574647
0.0838429
0.0584057
0.0911816
0.0684073
0.0714256
0.0603317
0.0672843
0.114407
0.120156
0.149662
0.156547
0.121031
0.138819
0.133697
0.152518
0.0488512
0.0616562
0.048525
0.0613111
0.0461742
0.0463365
0.063351
0.063171
0.15048
0.152966
0.17006
0.205027
0.161547
0.180109
0.167625
0.185127
0.0719171
0.0740329
0.0713756
0.0735402
0.0697
0.0699639
0.074022
0.0739755
0.0812103
0.224454
0.083423
0.221092
0.09498
0.0935044
0.372085
0.36837
0.37735
0.463001
0.417716
0.510348
0.350839
0.371691
0.523901
0.548798
0.459817
0.437503
0.532534
0.512902
0.485293
0.521237
0.443101
0.481595
0.0448156
0.0823649
0.0432253
0.0894711
0.054461
0.0530956
0.0716733
0.0800785
0.0931807
0.0956783
0.124998
0.127852
0.116133
0.100568
0.105627
0.121599
0.101303
0.100336
0.135897
0.135264
0.127769
0.110356
0.109344
0.126902
0.126366
0.208303
0.125874
0.209233
0.135982
0.136587
0.348635
0.35069
0.107681
0.12015
0.105324
0.115064
0.14882
0.136559
0.127121
0.143957
0.106097
0.119042
0.0996131
0.104146
0.130907
0.137951
0.136807
0.119934
0.0153953
0.0153307
0.0170105
0.0217592
0.0168546
0.0215458
0.024744
0.0248678
0.145809
0.150648
0.119932
0.123475
0.144593
0.135787
0.144656
0.172705
0.260068
0.287283
0.253946
0.253674
0.231822
0.23333
0.28523
0.259475
0.133635
0.138064
0.143244
0.162706
0.152417
0.171968
0.173424
0.169556
0.0985186
0.0993513
0.107287
0.123617
0.125521
0.10872
0.131188
0.132299
0.0672706
0.0709241
0.0705111
0.0703016
0.0721665
0.0724046
0.0668372
0.0704619
0.529788
0.515137
0.547219
0.574375
0.520988
0.552819
0.57483
0.58481
0.184754
0.189886
0.156701
0.17761
0.177609
0.181901
0.171442
0.18656
0.146446
0.132322
0.116388
0.120064
0.130528
0.148278
0.115842
0.130188
0.0362519
0.036022
0.0324076
0.0354644
0.0324613
0.0356169
0.0322806
0.0322489
0.34529
0.389523
0.360077
0.333077
0.420682
0.443986
0.394745
0.436025
0.216888
0.226737
0.210629
0.196117
0.204166
0.259183
0.195505
0.196293
0.0468466
0.0740679
0.124356
0.155304
0.00637291
0.00650016
0.140351
0.171972
0.0400233
0.0536675
0.00381734
0.00795316
0.14136
0.185269
0.242
0.228629
0.0413858
0.0446185
0.205589
0.218128
0.115638
0.111733
0.0302355
0.0270742
0.114108
0.108515
0.124727
0.155985
0.0588723
0.105612
0.110842
0.204449
0.120656
0.138285
0.0781314
0.0653158
0.0799464
0.0973746
0.147335
0.183733
0.168888
0.221133
0.140709
0.157873
0.0732862
0.0797443
0.162096
0.196557
0.00632115
0.00645205
0.139788
0.171727
0.0557691
0.0754524
0.123611
0.154551
0.0443069
0.0496916
0.00384164
0.00785502
0.0405079
0.0438309
0.173971
0.19937
0.0882254
0.111628
0.164968
0.189268
0.0755677
0.0732502
0.0297465
0.0266749
0.0718165
0.113384
0.111739
0.203947
0.119138
0.111832
0.119741
0.153487
0.130629
0.148183
0.111974
0.121767
0.284547
0.324638
0.123011
0.15477
0.0998249
0.10626
0.121885
0.134646
0.107202
0.120488
0.325831
0.421531
0.0716116
0.0796743
0.0535998
0.0327566
0.0699881
0.0676127
0.0556286
0.0600709
0.0719442
0.0983319
0.0795831
0.109726
0.0452038
0.0461193
0.0544356
0.0636358
0.0786861
0.101697
0.113743
0.0544389
0.0759342
0.0738199
0.0953336
0.0856539
0.0969297
0.133496
0.0990068
0.138009
0.0625688
0.0705605
0.0846492
0.0738982
0.129003
0.127377
0.115535
0.0706217
0.143039
0.148392
0.1417
0.160537
0.105777
0.0944134
0.340011
0.373169
0.215326
0.29902
0.374445
0.472439
0.0954557
0.0910636
0.312602
0.280607
0.109681
0.171911
0.109518
0.167874
0.0972436
0.0961356
0.358626
0.368593
0.404206
0.452294
0.36402
0.404059
0.0558706
0.0722615
0.052692
0.0315628
0.0445967
0.0456332
0.0535526
0.0630966
0.0555609
0.0550085
0.0547269
0.0569767
0.0581352
0.0804318
0.0617048
0.0855668
0.0469257
0.084857
0.113371
0.100485
0.0612706
0.0697692
0.0857584
0.0737557
0.0510808
0.0505663
0.0960785
0.0842618
0.0646855
0.0898758
0.0607309
0.0879038
0.129298
0.126758
0.218709
0.157613
0.309169
0.357529
0.466068
0.54353
0.133344
0.12811
0.136669
0.133842
0.134391
0.135304
0.349425
0.350321
0.139776
0.13734
0.394468
0.440903
0.458689
0.555914
0.512825
0.517211
0.124148
0.141325
0.144209
0.140307
0.144515
0.136898
0.339455
0.3441
0.0952506
0.0880922
0.106939
0.123981
0.214865
0.24238
0.228286
0.203422
0.00864648
0.0127517
0.0126408
0.00858627
0.249152
0.236038
0.235775
0.255836
0.0671655
0.0896607
0.108473
0.0871289
0.0143246
0.0135906
0.0249175
0.0239199
0.204266
0.193346
0.171172
0.158292
0.220628
0.219549
0.236465
0.262235
0.0417999
0.0366771
0.0365598
0.042017
0.250491
0.271854
0.2531
0.230187
0.118974
0.145306
0.170831
0.130687
0.0312423
0.0326459
0.0304378
0.0336555
0.123138
0.121161
0.128673
0.135059
0.222592
0.236921
0.236228
0.222288
0.132804
0.144176
0.140253
0.150917
0.0778769
0.110086
0.121706
0.081207
0.27028
0.307926
0.397108
0.352371
0.174529
0.230471
0.240793
0.184537
0.0930404
0.112612
0.146064
0.100424
0.297719
0.349542
0.295656
0.241099
0.0879096
0.0930154
0.121365
0.108727
0.202141
0.227284
0.241406
0.213846
0.0872385
0.0683483
0.0832997
0.101015
0.0133093
0.0141314
0.0235489
0.0241219
0.147905
0.152452
0.119992
0.121255
0.216179
0.238454
0.186577
0.159272
0.101511
0.0862275
0.0905027
0.110738
0.0322253
0.0311473
0.0340033
0.030557
0.149636
0.135345
0.138017
0.130108
0.150545
0.169362
0.133075
0.115693
0.139783
0.138349
0.142244
0.130984
0.456418
0.428796
0.473005
0.494443
0.0855533
0.118356
0.126225
0.0913723
0.0710523
0.0615662
0.056235
0.0639349
0.118301
0.126198
0.134093
0.141375
0.129278
0.124725
0.161301
0.165776
0.0432813
0.0267329
0.0270216
0.0436047
0.0653396
0.0689713
0.0685673
0.0649651
0.146552
0.142407
0.17661
0.179592
0.156419
0.154614
0.185155
0.184282
0.0777035
0.0741481
0.0746386
0.0782229
0.0586189
0.0597202
0.0595139
0.0582511
0.115004
0.171825
0.167784
0.129805
0.472818
0.524229
0.492073
0.444544
0.281112
0.192182
0.204606
0.316129
0.543416
0.534993
0.584387
0.594345
0.479606
0.499288
0.562496
0.547535
0.384228
0.410022
0.488153
0.46582
0.0872071
0.0629293
0.0638981
0.0884062
0.0605358
0.0704237
0.0632279
0.0550615
0.120841
0.126627
0.123604
0.089875
0.096839
0.0976724
0.130078
0.128959
0.134789
0.133419
0.0999847
0.100818
0.0988238
0.1124
0.131864
0.133465
0.138722
0.136228
0.138597
0.140572
0.474181
0.583757
0.602482
0.483097
0.0117184
0.0216092
0.0582814
0.0406521
0.0418234
0.0760468
0.064409
0.0296826
0.114896
0.104821
0.0855546
0.0980168
0.0778779
0.0675739
0.0779047
0.0917413
0.0553154
0.0745216
0.101065
0.0572579
0.124733
0.123721
0.11411
0.101616
0.122096
0.106523
0.116767
0.138821
0.0449756
0.0590475
0.0970439
0.0842487
0.0850669
0.100987
0.150531
0.145681
0.104052
0.129711
0.138043
0.10455
0.140996
0.143224
0.135068
0.158487
0.142859
0.152718
0.144824
0.135188
0.0380493
0.0816293
0.125112
0.0814883
0.0911526
0.105808
0.113423
0.0989528
0.128745
0.149035
0.13028
0.114328
0.100233
0.0990392
0.141185
0.151673
0.0154856
0.0497975
0.0599688
0.0205243
0.0798454
0.0928731
0.0786711
0.0675371
0.10861
0.0896488
0.082211
0.101685
0.0376229
0.0269749
0.0630287
0.0721158
0.0470994
0.112515
0.129022
0.0883619
0.115934
0.152363
0.145024
0.128376
0.121152
0.113427
0.12652
0.13997
0.0950074
0.101863
0.117667
0.106651
0.1267
0.134499
0.130366
0.123417
0.118342
0.11441
0.125904
0.130409
0.128166
0.148687
0.127947
0.126429
0.117281
0.12315
0.128256
0.126489
0.0467191
0.0491518
0.0695782
0.0598065
0.0431269
0.0788203
0.0850914
0.0477825
0.115433
0.127411
0.103631
0.0965817
0.102584
0.08234
0.0793778
0.0992019
-0.00559857
0.00451867
0.00824918
0.0044358
0.00467616
0.00893634
0.00838995
0.00459771
0.0176308
0.0164151
0.0123039
0.013229
0.0197199
0.0124493
0.0118596
0.0153895
-0.00566643
0.00441541
0.00815296
0.00453068
0.019266
0.0150206
0.0116435
0.012458
0.0175528
0.0131733
0.0121376
0.0161811
0.00468211
0.00460465
0.0082994
0.00890594
0.0723724
0.0477748
0.04365
0.0667451
0.0487029
0.0436482
0.04292
0.0483492
0.0222399
0.0208737
0.026228
0.0272562
0.0279507
0.043469
0.027819
0.0204232
0.0727063
0.0684328
0.0445361
0.0484915
0.0283115
0.0210457
0.0288084
0.0442482
0.0223467
0.0273997
0.0266605
0.0211935
0.048866
0.0488374
0.043404
0.0438097
0.0862134
0.0969221
0.0666163
0.0491348
0.0841295
0.0798921
0.0765547
0.0933265
0.145061
0.145426
0.111495
0.108228
0.122633
0.0993801
0.10922
0.137704
0.131981
0.258596
0.168075
0.0588444
0.398156
0.300207
0.249349
0.34621
0.14295
0.106402
0.147464
0.191012
0.0656639
0.0463364
0.0987022
0.0784512
0.203826
0.179492
0.25859
0.353031
0.158598
0.137139
0.171971
0.16607
0.15176
0.206287
0.199494
0.143128
0.420596
0.406779
0.306387
0.319809
0.0956947
0.0555963
0.085787
0.124947
0.124043
0.140421
0.120595
0.103328
0.150633
0.135381
0.130534
0.148802
0.151476
0.140963
0.107518
0.124774
0.081703
0.0721081
0.154755
0.151795
0.129759
0.209408
0.188616
0.107053
0.259396
0.248082
0.232964
0.249301
0.176586
0.167114
0.178301
0.235406
0.0877358
0.0691273
0.134749
0.111018
0.190482
0.242316
0.21968
0.168185
0.290912
0.276194
0.217126
0.242342
0.145028
0.12698
0.176297
0.225851
0.0854451
0.10855
0.135045
0.0703453
0.143723
0.224515
0.175234
0.125623
0.290625
0.242023
0.21646
0.274595
0.190424
0.168285
0.219094
0.242052
0.080735
0.151373
0.154165
0.0718821
0.176541
0.235273
0.17789
0.166293
0.259087
0.248772
0.232595
0.247856
0.128941
0.106368
0.187822
0.208357
0.0564592
0.0568812
0.0811168
0.0780462
0.0576567
0.0870223
0.0840818
0.0572724
0.145552
0.140838
0.116197
0.120471
0.131217
0.107503
0.111881
0.136126
0.0594587
0.0982605
0.0955274
0.0591074
0.163685
0.15928
0.131676
0.135288
0.150125
0.124333
0.128069
0.154706
0.0580608
0.0586263
0.0927766
0.0899231
0.0841266
0.0842574
0.109106
0.110267
0.0829532
0.118418
0.110749
0.0839947
0.169793
0.173973
0.17203
0.171243
0.181622
0.171052
0.172224
0.177906
0.0786171
0.143566
0.138873
0.0787843
0.149757
0.155219
0.162476
0.158517
0.165156
0.169223
0.166038
0.160258
0.0819017
0.08039
0.133046
0.126047
0.0467996
0.0614341
0.0619805
0.0460133
0.105197
0.106053
0.0860337
0.0851458
0.107659
0.0875303
0.0868993
0.106879
0.0444123
0.0452179
0.0625526
0.0631867
0.126514
0.126624
0.137215
0.136125
0.126321
0.139193
0.13826
0.126381
0.12409
0.123129
0.13563
0.136813
0.121072
0.133232
0.134438
0.122122
0.126084
0.143204
0.141656
0.125252
0.128233
0.12729
0.140699
0.14191
0.125044
0.137988
0.139222
0.126013
0.126063
0.125691
0.141002
0.140111
0.0412355
0.0420226
0.0645006
0.0648729
0.0436266
0.0636864
0.0641038
0.0428207
0.108368
0.109074
0.0887219
0.0881633
0.110671
0.0901333
0.0895896
0.110021
0.0752168
0.0526512
0.0562201
0.0768138
0.0615482
0.0651539
0.0654723
0.0617562
0.0670001
0.0675918
0.0692008
0.0687339
0.0816496
0.0815025
0.0597855
0.0594614
0.0708852
0.0754903
0.055301
0.0518044
0.0823569
0.0583918
0.0587926
0.0800768
0.0667833
0.0685318
0.0685947
0.0669419
0.0613757
0.0612393
0.0649106
0.0649665
0.101357
0.062903
0.0597949
0.0966
0.0712389
0.0775147
0.0684018
0.0713642
0.0703635
0.0703174
0.0651383
0.0739712
0.087097
0.0918447
0.0566871
0.0618259
0.100413
0.0984839
0.060988
0.0739487
0.0887509
0.0629726
0.0578209
0.0936204
0.0705946
0.0742164
0.0658668
0.0710098
0.0715096
0.0721833
0.0691798
0.0777747
0.197837
0.224402
0.408022
0.338994
0.224308
0.468341
0.469703
0.224486
0.540622
0.553174
0.529811
0.515999
0.484312
0.432541
0.509329
0.548787
0.211297
0.393251
0.415161
0.215196
0.476154
0.494414
0.462756
0.441799
0.527594
0.499841
0.483418
0.512589
0.22255
0.219155
0.435774
0.452809
0.206693
0.208107
0.462574
0.454803
0.209573
0.478018
0.470322
0.208898
0.558187
0.545084
0.577035
0.588244
0.513265
0.548798
0.563008
0.529208
0.203506
0.4266
0.48283
0.205447
0.508562
0.574052
0.585685
0.500403
0.569001
0.597909
0.605684
0.579496
0.209142
0.207368
0.483681
0.482489
0.0592106
0.0632093
0.100722
0.0994312
0.0749588
0.12477
0.11885
0.085219
0.167486
0.170663
0.141218
0.147795
0.166643
0.137422
0.138799
0.168647
0.0751246
0.143377
0.139255
0.0798954
0.164684
0.196073
0.183386
0.181507
0.175818
0.16672
0.174826
0.198154
0.0757695
0.0767242
0.131833
0.129199
0.0452674
0.0601149
0.0848098
0.0712488
0.0707889
0.0945958
0.0912699
0.0667003
0.18874
0.188693
0.109649
0.119524
0.172366
0.0895144
0.102631
0.185597
0.0833449
0.110719
0.107128
0.081182
0.184397
0.185739
0.168922
0.169808
0.186415
0.13555
0.155729
0.186534
0.0739409
0.0774717
0.102841
0.0980369
0.0396555
0.0626238
0.060687
0.0422611
0.109908
0.108797
0.087159
0.0886304
0.123127
0.105569
0.103735
0.118209
0.0509774
0.0742732
0.0909034
0.0865485
0.128519
0.128318
0.142881
0.144009
0.121649
0.137906
0.140609
0.126147
0.126427
0.131948
0.137496
0.134099
0.127618
0.141351
0.139235
0.126172
0.0644065
0.0772918
0.113333
0.0937472
0.0940183
0.147713
0.125513
0.0826626
0.14565
0.136619
0.145826
0.147064
0.114128
0.104918
0.126712
0.133805
0.0438692
0.0469637
0.0915658
0.0856576
0.0501022
0.0909001
0.0898707
0.0468515
0.131488
0.133047
0.111578
0.110133
0.124123
0.108094
0.114881
0.134511
0.119738
0.0800455
0.0651994
0.111555
0.0738239
0.0587811
0.0583531
0.0742186
0.0330316
0.0317517
0.0591496
0.0601682
0.0198149
0.107743
0.0615535
0.0316446
0.116568
0.10967
0.0646652
0.0809712
0.0190741
0.0316459
0.0606482
0.105907
0.0330588
0.0600668
0.0588458
0.0318336
0.0735775
0.07348
0.0578017
0.058597
0.0262751
0.0446094
0.0375648
0.0198948
0.0487749
0.0428409
0.040706
0.0471418
0.036404
0.034788
0.0356229
0.0377142
0.0194949
0.0165205
0.0330524
0.0329359
0.0292614
0.0213962
0.0380297
0.0455968
0.0200392
0.0326342
0.0329768
0.0183798
0.0363274
0.0376547
0.0354211
0.034558
0.0489006
0.0481016
0.0410262
0.0429482
0.203906
0.246453
0.344499
0.373583
0.209887
0.284663
0.310773
0.233572
0.382965
0.406423
0.362015
0.33707
0.455609
0.418279
0.389427
0.430601
0.0790458
0.136781
0.191637
0.125697
0.226362
0.295027
0.245532
0.188933
0.356881
0.309234
0.282109
0.333708
0.184153
0.156438
0.226322
0.256076
0.0957908
0.193708
0.37671
0.182632
0.233899
0.466764
0.439222
0.222001
0.400018
0.377795
0.413573
0.438992
0.223814
0.214159
0.367089
0.335221
0.208979
0.500187
0.514108
0.222472
0.493746
0.469446
0.504364
0.529884
0.42411
0.461275
0.482274
0.446661
0.241351
0.247367
0.502885
0.485007
0.108589
0.169517
0.256211
0.202819
0.19482
0.243727
0.252295
0.189283
0.218177
0.227554
0.268902
0.271176
0.206631
0.18682
0.205891
0.231539
0.0881857
0.119502
0.191991
0.153927
0.139826
0.159215
0.214568
0.153505
0.204375
0.26123
0.241997
0.184287
0.19221
0.179923
0.218456
0.237534
0.0680577
0.0887325
0.143211
0.0946265
0.132395
0.185827
0.173218
0.116564
0.200878
0.190039
0.190633
0.238782
0.107964
0.105484
0.157587
0.158984
0.067714
0.11881
0.164097
0.11306
0.218501
0.243474
0.211129
0.155353
0.216334
0.240666
0.237842
0.237654
0.138794
0.131613
0.180922
0.183877
