-0.727712
0.225
-2.025
-0.689312
0.285
2.025
-0.745
0.515
-1.94671
-0.625
0.845
1.96785
0.727712
0.225
-2.025
0.689303
0.285
2.025
0.745
0.515
-1.94671
0.625
0.845
1.96785
0.101089
0.128941
0.160915
0.158259
0.101078
0.128952
0.160937
0.15826
0
0
0
0
0
0
0
0
0
0
0
0
0
0
0
0
0
0
0
0
0
0
0
0
0
0
0
0
0
0
0
0
0
0
0
0
0
0
0
0
0
0
0
0
0
0
0
0
0
0
0
0
0
0
0
0
0
0
0
0
0
0
0
0
0
0
0
0
0
0
0
0
0
0
0
0
0
0
0
0
0
0
0
0
0
0
0
0
0
0
0
0
0
0
0
0
-0.0635551
-0.0186701
0.0367953
0.0394269
-0.0162302
0.0418668
0.187385
0.0869099
0.103228
0.0583104
-0.0642011
0.0368006
0.0394272
0.0418603
0.0868602
0.0583211
1.33059e-05
0.027611
0.00261567
0.052548
0.00275038
-0.00300448
0.168139
0.407691
-2.80271e-06
0.0276102
0.0526125
-0.00302039
0.073661
0.0736945
0.0285265
0.224299
0.126257
0.0367095
0.0367016
0.00267015
0.436985
0.134176
0.134178
0.0373876
0.201611
0.151642
-0.0430546
-0.0156655
0.0309819
-0.014876
-0.0127882
0.031381
0.03024
-0.00548773
0.0281684
-0.00548457
0.0305899
0.0205414
-0.0153068
-0.0425044
0.031235
-0.0128328
-0.0149334
0.0313818
-0.00556687
0.0305188
0.0281963
0.0305731
-0.00537535
0.0204443
9.20389e-05
-3.73608e-06
0.0237134
-7.99152e-05
-0.00566216
-1.34787e-05
0.0201469
-0.000135633
-0.0136999
0.0282456
0.001431
0.0704271
-0.0016526
0.0246576
-0.00181612
0.197309
9.73135e-05
-7.5732e-05
-6.29089e-06
0.0237233
-0.00566935
-0.000121902
-1.3097e-05
0.0201073
-0.0138037
0.0703917
0.0282224
0.00142145
-0.00166247
0.197335
0.0246069
-0.00182143
0.0606121
0.0236138
0.0336989
0.0501858
0.0347736
0.00125372
0.031709
0.0435475
0.0244375
0.0688072
0.0431999
0.00389252
0.0536688
0.0532574
0.00200216
0.0639531
-0.0201052
-0.0119915
0.0370169
0.0579667
0.0608189
0.0238998
0.0347574
0.00125371
0.0314218
0.0435581
0.0432042
0.00389266
0.00199961
0.0639596
0.0369562
0.0579634
0.028673
-0.000116911
0.00883753
-0.0011649
4.27877e-05
-2.8924e-06
-0.0061047
0.00883456
-9.97593e-06
0.00247277
0.0383788
0.198648
0.00444434
0.0188211
0.0252174
0.0320354
0.0286908
-0.000107982
0.00881942
-0.00116868
-0.00610865
0.00880086
0.0383718
0.198598
0.0702041
0.0345847
0.0124704
0.0506664
0.0706993
0.0507718
0.0124647
0.0345823
0.0310171
0.0310171
0.00132469
0.00132283
0.110925
0.0722804
0.0722599
0.110943
0.0305256
0.0738752
0.0741611
0.0306493
0.0248029
0.0269658
0.0313908
0.0363075
0.0248076
0.0362988
0.0313899
0.0269485
-0.000100983
-9.57692e-05
-0.000128482
-0.00013978
0.147932
0.224233
0.22423
0.147941
0.0422074
0.0546507
0.0481737
0.0280369
0.0421918
0.0280192
0.0481678
0.0546585
0.00510774
0.00510581
0.0236202
0.0236201
0.159297
0.0300201
0.030019
0.159314
0.0923302
0.0923474
0.0345998
0.0347652
0.0189731
0.0690639
0.024093
-0.0087784
-0.0752667
-0.00556638
0.000443242
0.00888313
0.0126055
-0.00148527
-0.00330284
0.0124974
0.0689309
0.0186664
0.0240889
-0.0735098
-0.0096442
-0.00918842
0.00927025
0.000543472
0.0125228
-0.00322663
-0.00137395
0.0125232
0.000219106
-5.83421e-06
0.048411
-5.02831e-05
-0.00912013
-1.20411e-05
0.055997
-3.05304e-05
-0.0098307
-0.00122531
0.00522172
0.0753565
0.000732484
0.0123923
-0.000298413
0.017648
0.000220473
-4.61117e-05
-6.2859e-06
0.0484044
-0.00912663
-4.39957e-05
-1.1917e-05
0.0560151
-0.00978324
0.0753124
-0.00131239
0.00521071
0.000731371
0.0163869
0.0125727
-0.000296479
0.00798197
-0.0121043
0.0435193
0.0057601
0.000474623
0.000516599
0.0243747
0.122435
0.0028652
-5.04446e-07
0.0356226
0.00119374
0.0138383
-0.0100704
0.00860907
0.0277272
0.00124284
0.00124429
0.00943924
-0.00240678
0.0117588
0.00316946
0.0477341
-0.000486526
-0.0061697
-0.00601941
0.0450195
0.00106015
-0.00048059
0.00241343
0.00162651
0.0405643
0.00232071
0.00222765
0.00409532
0.0287343
0.00320882
-0.00122182
0.00711195
0.0300306
0.00819223
-0.0115101
0.0437818
0.00567626
0.00273866
-5.08796e-07
0.035624
0.00119374
0.0137793
-0.00993809
0.00875486
0.0277225
0.011762
0.00317712
0.0477368
-0.000487922
-0.00027842
0.00256904
0.00163989
0.0405818
0.00321372
-0.00123438
0.00709958
0.0300353
2.09993e-06
-6.1724e-06
0.0445299
-6.06701e-05
0.0145409
0.00649407
0.0174159
0.000311758
0.000688914
0.000688902
9.57532e-05
-2.88941e-06
0.00280707
0.00270853
-4.25104e-05
-0.00326041
0.000749312
0.000741199
-9.97298e-06
0.00315362
-0.00207081
0.00341852
0.000438032
0.0361724
0.00364687
0.00367124
0.00279779
0.00212357
0.00813353
0.00811838
0.00677168
0.00536115
-2.60143e-09
-6.04806e-06
0.0445341
-5.57517e-05
0.0145373
0.00786268
0.0172067
0.000306799
0.00269139
0.00271203
-8.91568e-05
-0.00328795
-0.00202568
0.00342498
0.00042743
0.0362057
0.000756489
-0.00509087
-0.000621279
0.000608346
0.000700372
-0.00510883
-0.000639406
0.00058969
4.03021e-05
-4.01591e-10
-2.75897e-09
-2.17394e-07
0.00328242
0.00315547
0.00315919
0.000411081
0.00482537
-8.00597e-07
0.0460024
0.00488788
0.0111645
-0.00128846
-0.00103419
0.0038442
0.0111544
-0.00122975
-0.00105835
0.00385138
0.000717631
-1.25383e-09
-1.06308e-09
0.000716423
0.0132187
0.00748176
0.00913555
0.0131933
0.0134497
0.000637353
0.00988778
0.000332856
0.0135953
0.000637078
0.00991565
0.000332765
0.00563655
2.09268e-08
-2.13902e-08
-0.000714864
-0.0340053
0.00532379
0.00539649
0.0108011
0.00300608
0.0131359
-0.017348
0.00303945
0.0479201
0.0733399
0.0266658
0.0908276
0.0344931
-0.00016011
0.00970515
0.0177551
0.0115222
-0.0100214
0.0280706
7.33223e-05
0.0196396
0.0280788
0.0715762
-0.0173972
0.00816198
0.0347544
0.0180833
0.0310424
0.00458128
0.0195499
0.0120379
0.0226965
0.026534
0.0907214
0.0476332
0.075264
0.0344115
-0.000243022
0.011541
-0.00999526
0.00971813
0.0203945
0.0281935
7.32095e-05
0.0715908
-0.0174509
0.0196845
0.0282923
0.0082444
0.0347774
0.00458738
0.0193439
0.0180307
0.0311205
0.0120729
0.0227193
0.0403163
0.00120759
0.0468772
-5.72859e-05
0.0300879
-0.00135023
0.000784677
-3.90169e-06
0.0462889
-0.00177019
0.0458034
-4.94515e-05
-0.000118408
0.00205057
-1.35048e-05
0.00390321
0.0112311
0.0656243
0.00048501
0.000831384
0.00793423
0.08217
0.00395276
-0.000802468
0.0110583
0.0960724
-0.00125708
-0.00895396
0.00738158
0.0119757
0.00164283
0.00792224
0.04035
0.00120759
0.00078467
-3.90918e-06
0.0468828
-5.10675e-05
0.0300862
-0.00138803
0.0463161
-0.00177189
-1.3539e-05
0.00389485
0.0458098
-5.38687e-05
-0.000119514
0.00205015
0.011278
0.0656497
0.00397242
-0.000804797
0.000477843
0.000830119
0.00796655
0.0821451
0.0110757
0.0960767
0.00163176
0.00790439
-0.00127044
-0.00895699
0.00737636
0.0119788
-0.0016476
0.00193244
0.000660694
0.0430475
-4.59026e-09
-4.71549e-09
0.00386849
0.00391582
0.00798676
0.000343233
4.48566e-05
-2.18347e-07
0.00375672
0.0027978
0.00728064
-0.0209796
3.53634e-05
2.86912e-05
-0.00645608
-0.00647449
0.000126281
0.0160869
-0.000714706
0.00552353
0.0032398
0.00324638
-0.0274937
-0.0299933
0.000794132
0.0037453
0.00307692
0.000992036
0.00190701
0.00190569
-0.00627664
-0.0063699
-0.00017403
0.0138341
0.00995978
-0.026551
-0.00182555
0.00196931
0.0430821
0.000643462
0.00779099
0.000363524
4.48661e-05
-2.11755e-07
0.0029004
0.00390813
0.00728911
-0.0209091
0.000126093
0.0160885
-0.00071483
0.00552362
0.00374819
0.00078405
0.00101043
0.00307232
0.0138723
-0.000177751
-0.026551
0.00994612
3.12598e-05
0.00098506
1.33532e-06
-8.68497e-10
-0.00345409
0.000152675
0.0147364
-0.00183609
-1.80873e-09
-8.15972e-10
0.000702976
0.000702964
0.0105168
0.00544017
0.000623577
0.0121161
0.000729877
0.000734525
-3.92519e-08
5.25835e-10
-0.000785969
0.00220939
0.00508255
0.0113481
0.0028788
0.00289541
0.0087512
0.00871198
0.0108442
0.0108305
0.00410885
0.00409909
2.47907e-05
0.000990659
-9.10257e-10
-6.93592e-10
0.000167461
-0.00345637
0.0147258
-0.00183155
0.00542026
0.0105255
0.000623582
0.0121152
0.00221819
-0.000803133
0.011356
0.00509064
0.0500451
0.0391364
0.00238106
0.0441598
0.0849217
0.0228419
-0.00428955
0.0373944
0.00442558
0.0066697
-0.000207755
-0.00284182
0.0225949
0.0322275
0.00595548
0.0119615
0.0498476
0.0441848
0.00227634
0.0389951
0.0228001
0.0119682
0.00594904
0.0323256
0.00444644
-0.00284627
-0.000252824
0.00669671
0.0849177
0.0373882
-0.00429947
0.0228377
0.0244079
0.0255201
4.25769e-05
0.00222164
0.0243128
0.00217685
4.25813e-05
0.025454
-0.000334532
0.00044021
-2.17453e-07
0.00120045
-0.00033718
0.00120045
-2.18906e-07
0.000440214
0.0743062
0.0364832
0.00644915
0.0619739
0.084407
0.0073441
0.00328712
0.0575409
0.0844419
0.0578381
0.00328465
0.00735618
0.0743878
0.06201
0.0064465
0.0365016
0.0675407
0.0283683
0.00438566
0.110664
0.0243518
-0.0223243
0.0526578
0.0520204
0.0243625
0.0520699
0.0526368
-0.0223097
0.0674825
0.110599
0.00438423
0.0288142
0.0473608
0.0457071
0.0128922
0.015802
0.0481355
0.004744
0.0109941
0.0448842
0.00703924
0.00436402
0.00189519
0.00550437
0.010306
-0.00305789
0.00243692
0.00229186
0.0473612
0.0158018
0.0128886
0.0457108
0.0103058
0.00229321
0.00244666
-0.00305682
0.00693917
0.00547984
0.00191548
0.00436145
0.0481306
0.0449057
0.0109795
0.00472428
-5.83549e-05
0.000693057
0.000710302
-5.89791e-05
-5.3168e-05
-5.34113e-05
0.000709693
0.000693042
-6.48785e-05
0.000725564
0.000723149
-5.48112e-05
-5.593e-05
-5.50611e-05
0.000726076
0.000731946
0.0720484
0.0610774
0.0161302
0.00787216
0.0110142
0.0144068
0.0216111
0.0245487
0.0109345
0.024566
0.0216201
0.0144452
0.0719822
0.00786245
0.0161437
0.0610935
0.0595411
0.0477036
0.000891243
0.000774353
0.00028058
0.0155218
0.0169301
0.0519476
0.0316792
0.013422
0.0134134
0.00913075
0.0140578
-0.00666738
0.0114694
0.0155718
0.059571
0.000757362
0.000891097
0.0476291
0.0140373
0.0155789
0.0114831
-0.00668381
0.0316092
0.00917525
0.0134797
0.0134426
-0.00443695
0.0519273
0.0170034
0.0156052
-0.00885037
0.00352826
-0.000714832
-0.0016821
-0.00886317
-0.00168188
-0.000714847
0.00352423
-0.040626
0.0104372
0.00558009
0.00698536
-0.0385959
0.0069852
0.00558004
0.0104341
0.0317887
0.0789733
0.0151304
0.0118031
0.0229207
0.00658308
-0.0284181
0.0139094
0.0229472
0.0138971
-0.0284155
0.00659084
0.0317557
0.0117916
0.0151251
0.0789697
-0.051699
-0.00323213
0.0152343
0.0439943
-0.0318707
0.0439978
0.0152282
-0.00321988
0.0306806
0.0274157
-0.0190426
0.00599281
0.0306773
0.00578708
-0.0191211
0.0278068
-0.00311389
0.00548836
0.0126114
-0.0159335
-0.0133868
-0.0202511
0.00050496
0.00142577
0.0036356
0.00109026
-0.000219514
0.00534901
0.00558146
-0.0032332
0.0125231
-0.0145307
-0.0155167
-0.018446
0.00122123
0.00076021
0.00372056
-0.00035841
0.000837538
0.00536799
-0.000148695
-1.76191e-06
0.0041869
-7.08467e-06
0.0109263
-9.18318e-07
0.00585465
7.60338e-06
-0.00313188
0.00165438
0.00425068
0.022812
0.000690979
0.0126412
-4.31368e-05
-0.0272079
-0.0001488
-2.91387e-06
-2.20645e-06
0.00421927
0.0109367
3.20572e-06
-8.43042e-07
0.00588251
-0.00315029
0.0227192
0.00167884
0.00425668
0.000689205
-0.0266049
0.0125743
-4.03616e-05
0.000471682
-0.00437622
0.00489713
0.0152856
0.000324094
0.000336474
-0.0256289
-0.163969
-4.04859e-07
-2.17385e-07
0.0322728
0.00122361
0.00641994
0.00339291
0.00584131
0.0170887
-5.1616e-05
-5.15916e-05
0.00605614
0.0198375
0.0011929
-0.00314547
0.0431601
0.000697187
-0.00445427
-0.00318176
0.0353039
0.004503
0.00822396
0.00608103
0.000856758
0.0438256
0.00101876
0.00107068
0.00123001
-0.00620048
0.000367486
0.000336965
0.00707383
0.00404913
0.000775811
-0.00602979
0.0349918
0.0165179
-4.18765e-07
-2.18033e-07
0.0322564
0.0012236
0.00644514
0.0033135
0.00584915
0.0170553
0.00119653
-0.00314508
0.0431674
0.000695816
0.00816189
0.00603918
0.000870708
0.0438864
0.000371267
0.000284415
0.00707831
0.0040814
2.10278e-06
-6.17285e-06
0.00182316
-1.69991e-05
0.00994143
0.0225287
-0.0215098
-0.00398546
-2.34056e-09
-3.82855e-09
-6.30425e-05
-1.15109e-06
0.00148835
-0.000482961
0.00090343
-0.000465412
6.22731e-10
-1.90236e-09
-4.94583e-06
0.000569998
-0.00135256
2.30956e-05
0.00276317
-0.00997084
7.92306e-05
6.78923e-05
-0.00797605
0.000503053
0.000531628
0.000525243
0.00131808
0.000477754
-4.45727e-10
-6.04884e-06
0.00183126
-1.07447e-05
0.0103517
0.0219653
-0.021403
-0.00399004
0.00149642
-0.000531666
0.00085695
-0.000503543
-0.0013807
1.66234e-05
0.00276783
-0.0100309
-0.000837383
-0.00171202
0.000579081
0.000598273
-0.000850544
-0.00172942
0.000561363
0.000569308
-1.23542e-07
-3.08073e-09
-5.25045e-09
-9.74538e-08
0.000446
0.000280286
0.000280144
1.45699e-05
0.004565
4.75985e-08
-0.0322379
0.00460445
0.00641698
0.000643447
4.56076e-05
-0.00176995
0.00641288
0.000698622
7.28137e-05
-0.00176906
-5.44701e-10
-3.97591e-10
-5.19239e-10
-3.63971e-09
0.00144861
0.00425107
0.00122136
0.00149403
0.0060739
-0.00115415
0.00064453
7.56439e-05
0.00607432
-0.00115463
0.000644565
7.54419e-05
-0.000650008
3.12894e-09
3.06399e-09
-0.000244812
-0.0153943
0.00022759
0.000264314
0.00306123
0.00120514
0.00327318
-0.0145887
0.00118658
0.00720152
-0.00426926
0.0129496
-0.0305705
-0.0433388
4.81652e-05
0.0277371
-0.0881812
-0.000809899
0.00282727
0.0285028
0.00126952
-0.0119616
0.00102624
0.000104401
0.0174902
0.0302139
0.000326664
0.00746197
0.0198262
0.00791855
0.00257377
0.048257
6.45003e-05
0.000301009
0.0199082
0.0116799
0.0157931
0.00756448
0.0085949
0.0613178
-0.000236084
0.00205082
-0.00248457
0.00226342
0.069439
0.000662709
-0.00154243
0.0124001
0.0143826
0.00104575
0.00156936
0.00169876
-0.00786343
0.000655544
0.0004658
0.0105729
0.014191
-0.0431455
5.62717e-05
0.0276044
-0.0914368
0.00663334
-0.00452388
0.0169431
-0.0349567
-0.000601218
0.00270068
0.0282341
0.00119516
0.0293305
0.000328449
0.0074772
0.0197367
-0.0115385
0.00101332
3.47817e-05
0.0161987
0.00963673
0.0025726
0.0482549
6.4276e-05
0.00729849
0.00857129
0.0613605
-0.000138452
0.000218735
0.0197926
0.0117446
0.0157091
0.00212508
-0.00253515
0.00232835
0.0694252
0.00101266
0.00156621
0.00171585
-0.00774393
0.000441899
-0.00169994
0.0122761
0.0140464
0.000701705
0.000504997
0.010542
0.0142669
-6.36245e-05
-3.7493e-07
0.0311916
0.00123813
9.48046e-10
1.95249e-09
0.00201528
-1.32242e-05
-0.017152
0.00324473
-0.0150897
-0.000601812
-4.31985e-05
0.000688916
0.000626004
-1.62701e-06
3.24249e-05
-3.45607e-06
0.0394043
0.000671365
9.12124e-07
-2.09661e-09
0.00147072
-8.68686e-06
-0.0174695
0.00387894
-1.415e-06
0.0179528
-3.81337e-05
0.000749311
-6.29921e-06
0.00131843
0.000311866
-0.00300886
0.00130691
0.0513684
0.00278643
-0.00328937
6.51406e-05
0.000493073
-4.44018e-05
-0.000730574
0.00226211
-0.00444224
0.00114816
-0.000453967
0.00712311
-0.00317409
1.8696e-05
-0.000603908
0.0134065
-0.0267686
0.00031884
0.00351803
-0.00113041
0.00102947
-0.000990135
0.000882823
0.00803924
-0.0152786
0.022923
0.00376104
0.00230393
0.00462651
-6.19754e-05
-3.74503e-07
0.0311703
0.00123813
-4.31978e-05
0.000688906
0.000625854
-1.45124e-06
1.94101e-09
1.67167e-09
0.00202907
-7.00621e-06
-0.0171591
0.00324048
-0.0150974
-0.000618405
5.52629e-05
2.01983e-05
0.039311
0.00067022
-4.72014e-05
0.000741201
-6.9935e-06
0.00131124
9.58045e-07
-1.26387e-09
0.00147166
-7.91564e-06
-0.0174312
0.00392002
-1.13761e-06
0.0179551
0.000338329
-0.0029926
0.00133259
0.0514249
0.00113228
-0.000100056
0.00713666
-0.00316648
0.0028254
-0.00396055
6.64985e-05
0.000543514
-5.27579e-06
-0.000779336
0.00223728
-0.00444424
1.37405e-05
-0.000599213
0.0133999
-0.0268291
0.0248265
0.00372773
0.00229875
0.00459446
0.000223011
0.00350863
-0.00113331
0.00103117
-0.00101543
0.000864503
0.00802148
-0.015287
0.00110193
-0.00036229
-0.000393759
0.0020206
0.0188439
-0.000843839
-0.000954916
-0.0367618
-0.00103587
2.3996e-05
-2.45796e-09
-2.5273e-09
-0.0292977
-6.87241e-07
0.00424195
0.00440503
-0.0041204
-0.00298285
4.52704e-05
0.000422355
-2.98644e-05
3.61574e-09
-1.60169e-07
-9.83182e-08
0.00135285
0.00309583
0.00201376
0.000680901
0.00241702
0.00273335
0.00536967
-0.00127022
0.00103221
0.00283873
8.55179e-07
-6.1862e-06
0.000650613
0.0239893
6.04469e-05
6.41459e-05
-0.00964835
-0.00284648
3.15384e-05
0.00448682
-0.00118403
1.69131e-08
-0.000245003
-0.000650069
0.000874412
0.00137591
0.0012578
0.00125103
0.000886432
0.0178645
-0.0175466
-0.0164517
0.000752304
-0.00122445
0.00082722
-0.00111095
0.00718989
0.00900061
0.000926885
-0.00014045
0.00139936
0.000545818
-9.65466e-05
-9.68299e-05
-0.0114794
0.000201584
0.00229913
0.00230754
-0.000158783
0.00611013
0.000749338
0.00338648
0.00462691
0.00174516
0.00274657
-0.0221318
0.00112852
-0.000351393
-0.00037462
0.00199951
0.0141288
-0.000888576
-0.0366951
-0.000963038
-0.0041095
-0.00300317
4.38836e-05
0.000411175
-2.98642e-05
3.32655e-09
-1.58356e-07
-9.90013e-08
0.00148343
0.00323441
0.000863686
0.00211292
0.00241098
0.00269593
0.00526676
-0.00127939
-0.00964491
-0.0028463
3.12908e-05
0.00448541
-0.00118327
-1.03054e-08
-0.000244771
-0.000649975
0.000751906
-0.00122511
-0.00111552
0.00083307
0.00719715
0.008995
-0.000153847
0.000932865
-0.000117583
0.00616889
0.00348694
0.000721664
0.00463073
0.00171399
-0.0219646
0.00275893
-0.0208691
0.00149375
2.0873e-05
0.000179658
-4.3671e-05
0.000717631
6.00882e-07
7.56397e-10
-0.00454714
-4.45064e-05
-0.000751671
-0.000597698
7.71147e-06
-2.6145e-05
0.00417411
-0.000944952
-2.66552e-05
-1.63836e-07
-4.16267e-09
-3.17974e-09
-5.20598e-11
8.07798e-11
-1.59349e-09
-3.58079e-09
0.000253843
-0.00097153
0.00522966
-0.0013914
-0.00295633
0.000114436
2.70677e-06
0.000616918
-2.47505e-10
-2.33031e-10
-2.63109e-09
-1.10749e-10
-0.000911447
0.000897156
-1.33204e-08
7.89611e-10
0.000202613
0.00440291
0.000202039
-0.000311806
0.0389089
0.00431425
0.00119251
0.00539389
2.9696e-06
0.000333618
1.93615e-05
1.69267e-05
0.000152057
0.00087354
0.000341431
0.000236128
0.00158281
0.000411037
0.00158238
0.0015892
0.00145193
0.00252165
0.000506044
0.000506329
-0.0208353
0.00149016
1.82334e-05
0.000188124
-4.5008e-05
0.000716426
-9.86853e-10
-2.43441e-09
-0.00444388
-4.32077e-05
-0.000605586
-0.000725218
7.56464e-06
1.17859e-05
0.0040287
-0.000939671
0.000303132
-0.000965004
-0.0014037
0.00519335
-0.00296001
0.000114473
2.34174e-06
0.000616918
0.000215141
0.00437206
-0.000316474
0.00016555
0.0389211
0.00432761
0.00541595
0.00122528
-0.000560608
-0.00185289
-0.00123305
-0.00038157
-0.00315008
-0.0110282
-3.80034e-05
-0.00136992
0.000199701
-0.00114206
-0.000231188
-0.00140173
0.00879766
-0.0018461
-5.05194e-05
-0.000769395
-0.000629552
-0.00215437
-0.001426
-0.000576035
0.00895512
-0.00184701
1.50272e-05
-0.000761548
0.000196531
-0.0011353
-0.000226009
-0.00141287
-0.0031656
-0.0110277
-4.30616e-05
-0.00137119
-0.0010605
-0.0026224
2.21838e-09
2.84517e-05
-0.0010607
-0.00262569
2.19273e-09
2.84495e-05
-3.05398e-05
-2.66586e-05
-1.6624e-07
3.29029e-09
-3.05404e-05
-2.66595e-05
-1.63903e-07
3.15149e-09
0.00155405
0.0137005
0.00935633
0.00120103
0.00209622
-0.00660706
0.000809212
-0.00673435
0.00217077
-0.00655147
0.000852083
-0.00702088
0.00155269
0.0136803
0.00934324
0.00120838
-0.0321138
-0.0268901
0.000190516
-9.36367e-05
0.00751104
0.0322287
0.00832927
0.0233643
0.0321099
0.00716445
0.0247833
0.00795045
-0.0261012
-0.0331621
-0.000120088
0.000182312
-0.0222008
-9.41748e-06
1.0384e-05
0.00451963
-0.018487
0.000396745
6.79498e-06
0.00137513
0.00016792
9.63249e-05
0.00310624
3.76422e-05
-2.86203e-06
0.00255367
0.00655233
-0.000187435
-0.0221841
1.23155e-06
6.59695e-06
0.00452686
-1.12298e-05
0.00253709
0.00656732
-0.000206052
0.000172891
8.60212e-05
0.00309334
3.18051e-05
-0.0185005
0.000395673
2.71416e-06
0.00136198
-4.40616e-05
1.05945e-09
2.59359e-09
0.000702978
2.61303e-09
-4.40613e-05
0.000702969
1.7243e-09
-1.73025e-09
-4.59531e-05
0.00072988
-2.41589e-09
-4.07647e-05
-2.66667e-09
-2.15714e-09
0.000734525
0.0128947
0.000497796
0.00117239
0.00231301
0.0189452
0.000749419
0.00158511
0.00545006
0.000766139
0.0189628
0.00545627
0.00159443
0.000491524
0.0128858
0.00230824
0.00115781
-0.0108038
-0.00407944
4.45813e-05
-0.0025566
0.000105603
-0.00366004
-0.000221446
0.00521005
0.00536621
0.000592512
0.00122435
0.001378
-0.00524241
-0.00872954
0.00460553
0.00399425
-0.0108271
-0.00407988
4.42623e-05
-0.00255645
-0.00511027
-0.00865247
0.0045314
0.00399883
0.00532332
0.00060411
0.00124023
0.00137902
6.4274e-05
-0.00371359
-0.000126109
0.00521669
-0.00345329
-0.000911711
0.000896956
-5.60299e-10
-0.00345219
-0.000910301
0.000897083
-7.49683e-10
0.00155571
8.82197e-06
3.28751e-05
0.00252042
0.00155118
8.82197e-06
3.30461e-05
0.00252045
0.0164529
0.00347743
0.00232733
0.00104039
0.0017166
0.00186253
0.00105179
0.000442623
0.00171708
0.00186219
0.0010495
0.000446247
0.01647
0.00350513
0.00236687
0.00103058
0.0145489
-0.00658496
0.017344
0.00973755
-0.0066007
0.0132395
0.00958805
0.0172212
-0.0051105
-0.00272989
-0.00778532
0.000637773
-0.00292467
-0.00525034
0.000649401
-0.00786374
0.0160757
0.00774806
0.00126616
0.0239028
0.0267795
0.0018944
0.0010147
-0.207686
0.037097
-0.0828904
0.0118753
0.00360918
0.010656
0.0266238
0.0359841
-0.00539579
0.0026397
0.0487798
0.0122447
0.0182327
0.0096321
0.00667297
0.00738462
0.00622086
0.00124866
0.0238858
0.0161561
0.00776722
0.0268615
0.00184942
0.0376508
-0.105195
0.00349946
-0.217405
0.0163414
0.00590862
0.0357876
-0.00552543
0.0106779
0.0257476
0.00374736
0.0487853
0.00964457
0.00656296
0.0121691
0.0179394
0.00733658
0.00622589
-0.00375522
-1.95546e-06
0.00287713
-1.05048e-05
-0.0194017
-9.35963e-05
-0.000125001
-1.83982e-06
0.0150655
7.61931e-06
0.00107616
-5.09923e-06
0.00072182
0.0464542
-7.64606e-06
0.00885221
1.00975e-06
0.0241372
-0.001624
0.00396062
0.00528099
0.0189241
0.001204
-0.0176714
0.0128354
-0.0175467
-0.000127921
0.000964004
0.0120882
-0.0187478
-0.00399266
-0.00325594
-0.00376753
-2.13211e-10
-0.000124662
-1.75464e-06
0.00290007
-5.13681e-06
-0.0193994
-9.43187e-05
0.0152598
6.26664e-06
-7.99123e-06
0.00885466
0.00107946
-6.96647e-06
0.000886607
0.0464356
2.43239e-05
0.0241353
0.00119148
-0.0176205
-0.00157339
0.00397724
0.00528585
0.0189767
0.0127356
-0.0175619
-0.00332171
-0.00272882
-0.000225963
0.000856309
0.0121304
-0.0187216
0.0216183
-0.00528407
0.0286885
0.00484164
-0.00106777
0.000153819
-0.00772045
-0.0337637
-0.0263888
-0.129678
-0.0264695
-0.132027
-3.94061e-07
-5.82156e-08
0.00365027
0.00373899
0.0341294
0.00121574
0.0325434
0.00123094
-5.45913e-06
0.000190324
-1.95898e-07
-9.66535e-08
0.00361238
0.0245029
0.0116345
0.00804005
0.00517615
0.000682756
0.00681447
-0.00448413
0.00625265
0.0197913
0.00626449
0.0197969
-4.04312e-05
-3.41111e-05
0.000152715
0.000152884
0.0473233
0.000365282
0.0391756
0.000479817
8.45445e-05
0.004766
-0.00116017
-0.000737128
0.0533282
0.0145376
0.0532499
0.0145204
0.00181583
0.00180518
0.0263781
0.0259823
0.00769603
0.0652862
0.00533265
0.0459076
0.000175285
0.000212879
-8.90562e-05
-0.00153971
0.00268163
-0.00211733
0.00271541
-0.00174626
0.000963836
0.000957518
0.00221634
0.00169104
0.0104146
0.0181001
0.0101274
0.00588263
0.00147185
0.0024823
0.00747613
-0.0145656
0.0216215
-0.00554521
0.0285684
0.00447087
-0.00105932
0.000137593
-0.0335864
-0.00984526
0.0340856
0.0012157
0.0325516
0.00123094
-5.62119e-06
0.000192942
-1.72936e-07
-9.73313e-08
0.00366787
0.0245474
0.0116847
0.00786381
0.000683025
0.0049963
0.00681613
-0.00450375
0.0474349
0.000364247
0.0392198
0.00047745
6.60198e-05
0.00475876
-0.00115966
-0.000736214
0.006895
0.0651816
0.0053555
0.0458257
0.000213019
0.000174972
-0.00177064
-9.60129e-05
0.0103156
0.0181424
0.0101412
0.00574485
0.00248058
0.00141892
-0.0145076
0.00748806
0.00166322
-1.59435e-05
0.00179088
-1.03994e-05
-1.54133e-06
-0.000201336
1.84428e-09
-2.69914e-10
-0.0157785
0.000866744
-0.000225537
-0.00709766
0.000995563
-0.0137636
0.00731301
0.000165494
-6.29162e-05
-1.15035e-06
-6.30455e-05
-1.20062e-06
-4.12106e-09
-2.85976e-09
-1.96425e-09
-3.70106e-09
-0.0016041
0.00768792
-8.86726e-06
0.0029455
0.0034103
0.00193686
0.000860223
-0.000358364
-5.1271e-06
0.000570012
-4.9465e-06
0.000570017
-2.25786e-09
2.59843e-10
1.24222e-09
-9.57927e-10
0.00119207
-0.00860623
0.00414668
-0.014623
-0.00053488
-0.000308505
-6.30155e-05
0.000460909
-0.00409858
-6.06587e-05
-0.00410671
-7.19913e-05
-0.000606534
-0.000607241
0.000244703
0.000244283
0.00208945
0.00132769
0.00206823
0.00132957
0.00135419
0.00133274
0.000375255
0.00037527
0.00169315
-8.8755e-06
0.00179193
-6.93634e-06
-2.17331e-06
-0.000206655
-3.09252e-10
-2.05814e-09
-0.0157798
0.000867729
-0.000907363
-0.00778392
-0.0136591
0.00111505
0.00725725
0.000165569
-0.00152313
0.00788095
-2.37553e-05
0.00292852
0.00205034
0.00340752
0.000857815
-0.000295592
0.00118462
-0.00863742
0.00413488
-0.0146009
-0.000301387
-0.000534117
0.000430999
-7.85786e-05
0.00149869
0.00368286
-7.4191e-05
-3.03225e-05
-0.000189301
2.57994e-05
-0.00259653
-0.0002958
0.00151854
0.00370399
-7.50661e-05
-3.02276e-05
2.56087e-05
-0.000190929
-0.000277385
-0.00262889
-4.5821e-09
-4.8375e-09
-1.41492e-07
-9.83129e-08
-1.39807e-07
-9.72792e-08
-4.95342e-09
-3.5569e-09
0.000623389
0.000625375
0.00044507
0.000139963
0.000145944
0.000445997
0.000118029
0.000119829
5.33611e-05
-0.0353585
0.00440458
0.00453991
0.00555451
0.00516518
-0.0353844
5.57689e-05
-4.36931e-06
6.17237e-05
0.00426026
-0.00206629
0.00564287
-0.0012347
-0.000416974
0.000706362
-5.47874e-06
6.80633e-05
0.00422383
-0.00209713
-0.0012468
0.0056466
0.000699893
-0.00043432
-9.00314e-10
-8.36723e-10
-1.45952e-09
-3.46007e-09
-2.76579e-09
-4.814e-10
-1.24558e-10
4.35659e-11
0.0019421
0.00127592
0.000426378
0.000423756
0.00097002
0.000973868
0.00129881
0.00194689
0.00108255
0.00514093
6.16725e-05
0.00447062
0.00752921
0.000104315
-0.00038567
0.00066304
0.0050857
0.00112297
6.15862e-05
0.00447032
0.000104337
0.00753283
-0.000389924
0.000663052
-2.21789e-10
-2.52027e-10
-0.000244895
-0.000650051
-0.000244777
-0.000649982
-4.58327e-08
2.07797e-09
-8.12086e-05
-7.91331e-05
0.00330722
-0.0164314
-0.0164695
0.00328472
0.000239827
0.000240615
0.00402836
-0.0178248
6.04857e-06
6.60321e-06
0.00143804
0.00145081
0.00401613
-0.0178564
-0.000909382
-8.79535e-05
0.000717031
0.0100755
-0.00140974
-2.45035e-08
0.000804437
4.15578e-06
0.000252221
-0.000719954
-0.00152515
0.00168862
0.00208503
-0.000308405
0.0603011
-0.000963665
0.0229602
-4.46036e-06
0.0267393
0.00103637
0.000647837
0.00482295
-0.0084541
0.00151473
-4.33127e-05
0.000298801
0.00804499
0.00124316
0.0166099
0.0073795
0.0122754
-0.000181803
0.0023949
0.00262608
0.00251849
8.46461e-05
0.00125739
-0.00107534
-0.000742855
-0.00329553
0.00140801
0.001154
0.00137837
0.00152453
-0.000222777
0.001293
0.000709026
0.000567738
-0.00141576
1.13918e-07
0.000765022
2.65669e-06
-0.000915917
-7.3292e-05
-0.000331321
0.00897739
0.000174245
-0.000787689
-0.00152097
0.00168534
0.0239801
-4.13934e-06
0.016775
0.000894717
0.0044561
-0.00030434
0.0490259
-0.00206636
0.00403494
0.00511576
-0.00254924
0.00151469
0.0165261
0.00741783
0.0127233
-9.53682e-05
-1.57489e-05
0.000299214
0.00756433
0.00124206
0.00215394
0.0026539
0.00240755
0.000103787
0.00140821
0.00121555
0.00138513
0.00191416
0.00126708
-0.00107426
-0.000685704
-0.0034145
-0.00020039
0.0012919
0.000699559
0.000575855
-0.0116087
4.15309e-06
0.000925493
-1.62544e-07
9.74751e-06
5.01399e-06
1.31765e-09
1.98115e-09
0.00192282
-0.00111628
-0.0231809
0.00548319
0.000920198
2.70953e-09
-4.35888e-05
0.000696248
0.00531151
0.000477737
0.000291531
0.00135202
-3.64298e-05
-3.31429e-05
-1.99423e-09
-2.18007e-09
-0.0137372
0.00202856
-0.000625841
-0.000659083
-3.93117e-05
0.000742972
0.00164412
-1.56467e-07
0.00168467
-0.0011913
0.00128493
0.00038935
0.00733435
-0.0120539
0.000617508
0.00605556
0.00164775
2.73322e-05
0.00240908
0.0102894
-0.00456335
0.000325588
0.00354063
0.00199731
-4.37137e-05
-0.00233014
0.0182283
0.00322545
-0.00574495
0.00314649
-0.000836942
0.000681204
-0.00041148
0.00100664
7.13159e-05
-1.20822e-06
0.0193864
0.00545601
0.0561615
0.00188744
-0.0116334
1.81819e-05
0.000925487
-1.63768e-07
0.000920192
3.37917e-09
-4.35882e-05
0.00069624
8.86345e-06
4.45762e-06
2.00069e-09
1.8118e-09
0.00195521
-0.00112162
-0.0231556
0.00552511
0.0052946
0.000513744
0.000306615
0.00137029
-4.64258e-05
0.000736607
0.00164544
7.93463e-10
-4.05457e-05
-3.27871e-05
-1.99702e-09
-1.66285e-09
-0.0137495
0.00202954
-0.000627829
-0.000656368
0.00169331
-0.00114491
0.00128982
0.000239708
-0.00452235
0.000327275
0.00356235
0.00196068
0.0073558
-0.0127478
0.000612345
0.00596867
0.00178336
1.96796e-06
0.00243999
0.0104312
-4.98437e-05
-0.00232294
0.0182232
0.00339411
0.0193811
0.00544602
0.0561799
0.00189365
-0.00562009
0.0031482
-0.000842887
0.000679491
-0.000397102
0.00100477
9.7792e-05
6.45352e-06
-0.000310556
0.000157134
0.000840905
-0.00057686
-0.0108151
-0.000731183
0.000204194
0.00283752
-0.00104864
2.62321e-05
2.62266e-05
-0.0010485
2.84128e-05
-0.0280274
-0.0280057
-8.27364e-06
-0.00375825
-0.002565
-0.00258903
-0.003405
-2.13188e-09
-2.95388e-05
-3.02001e-05
3.64684e-09
-8.11607e-05
0.00445673
0.000571428
0.00346852
0.00100405
0.00237523
0.00107094
0.00105216
0.00129785
0.00266197
0.00266534
0.00129826
0.00257291
0.0254658
0.0254677
0.00257563
-0.0115241
-0.0028344
0.00014203
-1.16614e-05
4.96209e-08
-0.00292502
-0.000299256
-3.94227e-09
0.00127837
0.000735098
0.000667524
0.00126779
-0.00220927
0.00940582
0.0108603
-0.00102192
1.49595e-05
-0.00182322
-0.000664357
0.00214917
0.0125438
0.0105663
0.00543289
0.0021063
0.00153441
0.000414994
0.000420773
0.00152819
-0.011748
-0.00149976
-0.00147365
-0.0120415
0.00145078
-0.000221848
0.00372272
0.000742874
0.00775291
0.00130691
0.00096308
0.00177688
0.000152086
-0.000317751
-0.000591834
0.000860884
0.0028936
0.000144779
-0.00063854
-0.0109574
-0.00258012
-0.00375674
-0.00338985
-0.00260501
-2.95454e-05
-2.18073e-09
4.58817e-09
-3.01999e-05
0.00343512
0.000591496
0.00444284
-0.000109058
0.0023622
0.000995785
0.00106822
0.00096589
-0.00283446
-0.0114947
1.97772e-07
0.000170841
-0.00292496
-2.90462e-09
-4.32676e-09
-0.000299067
0.00215279
-0.000688894
-0.00180085
1.97338e-05
0.0019663
0.0054529
0.0105774
0.0125198
0.000721397
0.00371735
-0.000188018
0.00141738
0.00179668
0.000975423
0.00129158
0.00776282
-0.0215191
0.00327854
0.000708033
-0.0199897
0.000709707
-4.45345e-05
-4.22178e-05
0.000726078
-0.00889097
1.61152e-05
2.98414e-05
0.00272886
-0.000102266
6.65305e-06
-0.000221001
-0.000250757
-2.66569e-05
-1.64495e-07
-1.63869e-07
-2.66568e-05
-1.51295e-10
-1.30272e-10
5.5172e-11
4.72761e-11
0.00058319
2.80652e-05
-0.00150275
0.0016261
8.93615e-05
-0.0039149
-0.00159978
0.000159384
-2.51028e-10
8.24987e-11
-3.10526e-10
-2.44488e-10
-0.000911481
0.000897099
0.000897162
-0.000910961
-0.000917513
0.00488861
0.00554949
0.00100219
0.0341282
0.00329246
0.00517036
0.0237315
-0.000115826
8.89592e-05
4.28341e-05
-0.000118816
0.000758201
-3.32455e-05
-0.000112549
0.000768518
0.00160255
0.000563749
0.00057307
0.00158823
0.00214649
0.0023142
0.00249129
0.00219228
0.00328031
-0.0214758
-0.0200049
0.000701813
-4.45343e-05
0.000709697
0.000723152
-4.54802e-05
0.00275758
4.49408e-05
1.93765e-05
-0.00889032
7.93574e-06
-0.000112996
-0.000251577
-0.000244799
0.00162274
-0.00151623
1.62583e-05
0.000582807
-0.00391515
8.93096e-05
0.000159498
-0.0015595
0.0010115
0.00556218
0.00484452
-0.000912516
0.023713
0.00517095
0.0033082
0.0341399
0.032435
0.0306049
-0.00173714
0.0290555
0.033223
-0.00398626
-0.00335554
0.0300096
-0.000173568
0.000367552
-0.00207654
-0.002848
0.0211925
0.0205303
-0.000111861
-0.000577438
-0.00475599
-0.0166587
-0.0109311
0.0197317
-0.00923045
-0.00615388
-0.0111637
-0.0134316
-0.00223059
-0.00302843
-0.00199738
-0.00182597
0.0324589
0.032043
-0.00323724
-0.00375745
-0.00505374
0.00128253
0.00550488
0.0057128
0.00333962
0.000514399
-0.0001666
0.00165642
0.00016286
-0.000512311
-0.00184102
-0.00149209
0.00211857
0.000861462
0.000510115
-0.00120285
0.0147369
0.0110687
0.0028362
0.00150945
0.0316091
0.000988565
0.00220831
0.0206061
0.00215178
-0.000992269
-0.000647956
0.00230915
0.00471507
0.0047536
-0.00137674
0.00164522
0.0323952
0.0289879
-0.00188534
0.0301021
0.0283085
-0.000564706
-0.000214172
0.0204343
-0.000171919
-0.00286473
-0.00218565
0.000374757
0.0331905
0.029904
-0.0035024
-0.0039806
0.0148774
0.00141929
0.00275091
0.0110601
0.00468848
0.00164521
-0.00134767
0.00468386
0.00215343
0.00231347
-0.000653726
-0.000992091
0.0317243
0.0205532
0.00221294
0.000825133
-0.00505982
0.00573077
0.00550251
0.00130226
0.00341758
-0.00115277
0.000525674
8.14876e-05
0.00016338
-0.00148151
-0.00183358
-0.00050644
0.00333206
0.0015757
-0.000165479
0.000515878
-0.00479413
0.0196364
-0.0109239
-0.0165541
0.0324471
-0.00375942
-0.00323437
0.0320354
-0.00226045
-0.00181599
-0.00200292
-0.00303608
-0.00917456
-0.0133843
-0.0111643
-0.00608322
0.012062
-0.0443027
-0.00322011
0.000132236
-0.0257965
-0.00104257
-0.00105453
-0.0268551
-1.36983e-07
-1.47967e-07
2.7337e-05
2.51046e-05
0.00121947
0.00306099
0.000829307
-2.98816e-05
0.0120414
9.16918e-05
-0.00322488
-0.0443706
0.00121947
-2.98691e-05
0.000827666
0.00301459
-1.36488e-07
2.51065e-05
2.7333e-05
-1.46429e-07
-0.0258363
-0.0269614
-0.00105453
-0.00104242
-0.000136731
0.00122239
0.000418707
0.00168264
-6.30479e-05
-2.66601e-05
-2.66544e-05
0.000281408
-1.01704e-07
-9.48122e-08
-1.62036e-07
-1.68386e-07
0.00122717
0.00123437
-3.05335e-05
-3.01294e-05
-0.000140531
0.00168196
0.000418709
0.00122254
0.00122718
-3.01289e-05
-3.05311e-05
0.00123437
-1.01629e-07
-1.67221e-07
-1.60487e-07
-9.4605e-08
-6.2987e-05
0.000281551
-2.66549e-05
-2.6659e-05
0.0509402
0.0695389
0.0166874
0.0703211
0.0551649
0.0109337
0.0141011
0.067869
0.000830378
0.00215808
0.011625
0.0105645
0.0463238
0.0574265
0.0108175
0.00240379
0.0238061
0.0070788
-0.013657
0.0387121
-0.00661589
-0.000314191
-0.00543513
0.00163316
0.000237921
0.00780242
0.00153568
0.00027551
0.0454146
0.049659
0.00224723
0.00463088
0.0238125
0.0387565
-0.0136397
0.00712583
0.0452958
0.0045589
0.00214982
0.0494768
0.000240356
0.000198516
0.00161946
0.00780919
-0.00662041
0.00161021
-0.00550488
-0.000316098
0.0507979
0.0702252
0.016654
0.0697036
0.0462941
0.0023941
0.0107945
0.0574109
0.000830707
0.0105313
0.0116584
0.00215503
0.0551214
0.067824
0.0140827
0.0109246
0.0228776
-0.0076012
0.0157178
-0.132767
0.0037947
-0.00399432
-0.0213967
-0.0138244
0.00450395
0.00431183
-0.000297552
3.42634e-05
-0.150997
-0.107709
-0.0278889
-0.0243436
0.0170346
0.0231201
0.00461939
0.0223742
0.0378136
-0.0173549
-0.00677756
0.00165573
-0.0290368
-0.0355166
0.0101895
0.0114223
-0.0187028
0.0270139
0.00664681
0.0348546
0.0168769
0.0222905
0.00471806
0.0229301
-0.0184509
0.0368321
0.0065485
0.0269251
-0.0289704
0.0122535
0.0107028
-0.0354406
0.0378262
0.00165298
-0.00778188
-0.0157163
0.0229213
-0.13286
0.0149292
-0.00875988
-0.15226
-0.0241917
-0.027845
-0.110578
0.00459291
5.97932e-05
-0.000286116
0.0044495
0.00400039
-0.0148527
-0.0219409
-0.00394534
0.00329061
0.00244624
-0.0226333
-0.0221513
0.00172991
-0.022067
-0.0218592
0.00169128
0.00623131
0.00299288
0.00389164
0.00264076
0.00471019
0.00482144
0.00503821
0.00750208
0.00230278
-0.016955
-0.0125606
0.00127332
0.000287284
0.0061331
0.00189737
0.00210265
0.00600408
0.00110053
0.00151417
0.00481781
0.00181322
0.00163408
-0.0192258
-0.0204207
0.0123097
0.00997555
-0.000428069
-0.00894257
0.00345412
-0.000696877
0.000552277
0.00654512
-0.00162868
-0.00261078
0.00361786
0.00506161
0.000921812
0.00334689
0.0031824
0.000515465
0.00825561
0.00273602
0.00158561
0.00378886
-0.00536322
-0.000358305
0.00786651
0.00455373
-0.00126567
0.00590837
0.00787703
-0.00205681
0.000644763
0.00177001
0.00335356
0.000341341
0.00332116
-0.0221343
-0.0226168
0.00246393
0.00443937
0.00739753
0.00505072
0.00481502
0.00621033
0.00263992
0.00389647
0.00296049
0.00173985
0.00171809
-0.0218342
-0.0220432
0.00826758
0.00378011
0.00157504
0.0027496
0.000555801
0.000337364
0.00335274
0.0017483
-0.0012805
-0.00207211
0.00787675
0.00591076
-0.00570872
0.00387895
0.00785618
-0.000333101
0.0121261
-0.00797332
-0.000405148
0.00999878
0.000900014
0.000504522
0.00316875
0.00334388
-0.00163308
0.00505868
0.00360766
-0.00262056
0.00345355
0.00653623
0.000537713
-0.000701383
0.0023004
0.00127556
-0.0126223
-0.0169142
0.00181756
-0.0204136
-0.0192463
0.00163182
0.00600223
0.00480679
0.00150366
0.0010966
0.000291068
0.0021194
0.0018956
0.00600811
-1.07569e-05
-4.51115e-05
-4.38241e-05
-1.18635e-05
-1.15287e-06
-1.88055e-09
0.000699613
0.000691432
-1.68638e-09
0.000713668
0.000706342
-1.43288e-09
-1.64697e-05
-1.45821e-05
-4.42959e-05
-4.41006e-05
-5.94616e-06
-6.06976e-06
-4.38225e-05
-4.49814e-05
-9.80992e-06
-4.47715e-05
-4.42957e-05
-7.9393e-06
-3.6608e-09
-3.45246e-09
0.000706333
0.000713062
-1.1781e-06
0.000691368
0.000699604
-3.64332e-09
-1.04418e-05
-5.42342e-05
-4.61913e-05
-7.44274e-06
-4.94824e-06
-2.69373e-09
0.000733243
0.000733957
-3.42883e-09
0.00071979
0.000726516
-2.89298e-09
-8.84226e-06
-7.42732e-06
-4.57186e-05
-4.5246e-05
-7.12851e-06
-6.89476e-06
-4.00404e-05
-4.56342e-05
-1.37e-05
-4.29441e-05
-4.14937e-05
-9.54502e-06
-1.34472e-09
-5.67848e-10
0.000730301
0.000721854
-5.03004e-06
0.000741
0.000738748
-1.71445e-10
0.0142754
0.0159987
0.00937249
-0.00753305
-0.00917198
0.0394693
0.0274089
-0.00796848
0.00353938
0.00116432
0.00376256
0.00514288
0.000470609
0.0005033
0.00225274
0.000324593
-0.022521
0.0206297
0.0194716
-0.0170488
0.00252538
0.00329945
0.00683199
0.00677491
0.00206051
0.0077723
0.00626238
0.00140987
-0.0121195
-0.0150026
0.0213391
0.0393574
-0.022209
-0.0170263
0.0195356
0.0202257
-0.0121272
0.0395328
0.0214087
-0.0149944
0.00194064
0.00141462
0.00627254
0.00775329
0.00251458
0.00675791
0.00682875
0.00329243
0.0141381
-0.00753446
0.00936991
0.0160625
0.000482723
0.000334141
0.00224509
0.000547616
0.00354819
0.00514288
0.0037623
0.00115734
-0.00918793
-0.00797423
0.0273444
0.0392515
0.0272838
0.0347972
-0.00872407
0.01341
0.0410977
-0.0113174
-0.0112215
0.0390637
-0.000740322
7.82617e-05
-0.00267287
-0.00282828
0.00154425
0.0132836
-0.00524016
-0.00343311
-0.0238924
-0.00229416
0.00135611
0.0302682
0.00993086
0.00349371
-0.00144695
0.000865586
0.00416182
0.00246635
0.00533813
0.00537803
0.0472836
0.0676139
0.00437053
0.00181645
0.0197174
0.0100908
0.00335604
0.014435
0.00916793
0.000702254
0.00269795
0.0106688
0.00956323
0.00382952
0.00108687
0.00603234
0.00998761
0.0112423
0.00541969
-0.000707161
0.0155878
0.000912667
-0.00460708
0.0138381
0.000151615
0.000353779
-0.0060034
0.00302261
0.000750807
0.00659518
0.00765517
0.000786427
0.00905437
0.0103556
0.00140042
0.00280053
0.0279087
0.0134048
-0.00874127
0.0349534
0.00152735
-0.00343548
-0.00522103
0.0133053
-0.000728419
-0.0028285
-0.0026733
7.86094e-05
0.0411258
0.0390658
-0.0112181
-0.011309
0.0155579
0.0138
-0.00461267
0.000877604
0.00878406
0.0027939
0.00139659
0.0102512
0.000750763
0.00078637
0.00752856
0.00660661
0.000128716
0.00300854
-0.00597005
0.000346643
0.0196164
0.014325
0.00336592
0.0101837
0.00984276
-0.000411883
0.00539412
0.0111816
0.00956832
0.00597053
0.00108048
0.00381319
0.00917759
0.0107074
0.00269845
0.000729461
-0.02233
0.0324238
0.00221614
-0.000883174
0.047306
0.00184848
0.00435978
0.0677446
0.00416111
0.00548578
0.00534976
0.00247411
0.00993412
0.000871777
-0.00153255
0.00354253
0.00989381
0.00476594
-0.00412537
0.00074522
0.000570006
-0.000911463
-0.000911597
0.000944597
-0.000244851
-0.000244952
0.000897026
0.000897129
-0.00108226
0.00147296
-0.000867196
-0.00270999
0.00989277
0.00076752
-0.0041217
0.00476283
-0.00108323
-0.00270967
-0.000865508
0.00148979
-0.000244792
0.00089716
0.000897123
-0.000244774
0.000570006
0.000940628
-0.000910631
-0.00091129
0.0166038
0.0331009
0.0138047
-0.0161074
0.00616071
0.00115784
0.00142916
0.0068692
-0.000649992
-0.000649975
0.0025911
0.00275036
0.000297129
0.00172517
0.00137334
-0.00198089
0.0158457
-0.0172568
0.0132927
0.0332322
0.000297022
-0.0019815
0.00137338
0.00172578
-0.000650026
0.00275204
0.00259279
-0.000650057
0.00615872
0.00685766
0.00142951
0.00115805
-0.0202051
-0.0308813
0.0405126
0.053582
0.00367705
0.00899629
0.0145791
-0.000971003
0.00346528
0.00256805
0.00339727
0.00462702
0.00122177
0.00500956
0.00410292
0.00290711
0.0113992
0.00724263
0.00287287
0.0102974
0.00332611
0.00141144
0.00264941
0.0032727
-0.015626
-0.0171527
0.00136499
0.000423179
0.0117878
0.0177298
0.00206845
-0.0191033
0.0113652
0.0103327
0.00287803
0.00724628
0.0118445
-0.0190301
0.00206296
0.0177422
-0.0156451
0.000423091
0.00136944
-0.017155
0.00334156
0.00329669
0.00270565
0.0014133
-0.0199325
0.0539696
0.0405558
-0.0307418
0.00122229
0.0029293
0.00415072
0.00501044
0.0034472
0.00460948
0.00341635
0.00257491
0.0036727
-0.00108938
0.0146114
0.00898251
-0.00473894
0.036661
0.040406
0.0512137
0.0198162
0.00165168
-0.000606712
0.020624
0.00450786
0.00678506
0.0227583
0.0248422
0.0302019
0.022156
0.0203427
0.0078169
-0.00209587
0.0451894
0.0341608
0.031838
0.0305316
0.00783623
0.0181438
0.0213287
0.00449761
0.0248442
0.0224125
0.00678899
0.0198263
0.0204741
-0.000755775
0.00165314
0.0186118
0.00198858
0.00148387
0.0191464
-0.000960703
-0.00901282
-0.0157253
-0.00131409
-0.0156321
-0.0196878
-0.00630499
0.0012358
0.00843905
0.00791252
-0.00070746
-0.0023551
0.0186644
0.0189869
0.00141856
0.00188586
0.0084979
-0.00233395
-0.000672081
0.0080521
-0.015615
0.0012505
-0.00613225
-0.0196598
-0.0011062
-0.00162203
-0.0159035
-0.00911717
