-0.780867
0.135
-1.615
-0.640051
0.235
1.605
-0.587103
0.665
-1.755
-0.618909
0.645
1.625
0.780867
0.135
-1.615
0.640056
0.235
1.605
0.587103
0.665
-1.755
0.618913
0.645
1.625
0.0183792
0.0257709
0.237922
0.236777
0.0184078
0.0255033
0.237931
0.23681
-0.118198
-0.054653
-0.0306155
-0.0351165
-0.067484
-0.118364
-0.169091
-0.0771562
0.00964467
0.0525487
0.0343061
-0.0315116
-0.0848989
-0.130608
-0.00472374
0.0828457
0.243956
0.220949
0.0395527
-0.0141558
-0.0402249
0.261869
0.356719
0.480545
0.479642
0.356435
0.264667
0.209447
-0.128451
-0.0633775
-0.0504265
-0.0401631
-0.0513239
-0.112063
-0.170738
-0.0947987
-0.0816139
-0.135445
-0.0452655
-0.0332715
-0.0542078
0.239087
0.338095
0.480095
0.483464
0.347046
0.250389
0.196494
-0.128453
-0.0633757
-0.0504392
-0.0403384
-0.0513916
-0.112114
-0.170792
-0.0947997
-0.0816475
-0.135491
-0.0452661
-0.0332954
-0.0542465
0.239083
0.338092
0.480092
0.483454
0.347025
0.25036
0.196458
-0.118205
-0.0546555
-0.0306598
-0.0353512
-0.0676509
-0.118484
-0.169202
-0.0771597
0.00964826
0.0525407
0.0340631
-0.0316559
-0.0849988
-0.130709
-0.00472589
0.0828487
0.243967
0.220894
0.0394672
-0.0142308
-0.0403098
0.261859
0.356711
0.480533
0.479613
0.356385
0.264603
0.209374
-0.00586669
0.00620949
-0.00993773
0.0018696
0.0201054
0.0102559
-0.0153666
0.136329
0.146398
0.181185
-0.00606354
-0.00957579
0.00180718
0.0102824
0.136296
0.181215
0.0329986
0.210244
0.0249245
0.229132
0.0414046
0.253984
0.785927
0.967943
0.0329921
0.210254
0.2291
0.253963
0.177175
0.177178
0.0212724
0.345822
0.113286
0.232109
0.232093
0.0344605
0.959252
0.268466
0.268448
0.0316867
0.729719
0.171018
-0.00186905
0.00332511
-0.0265265
-0.00599271
0.0196899
0.00777081
-0.00783795
-0.0342851
0.0728115
-0.0025402
0.0484425
0.108983
0.00463082
-0.00182423
-0.0265726
0.0196805
-0.0060299
0.00798922
-0.0341761
-0.00846125
0.0727855
0.0484125
-0.00252624
0.108956
0.00256711
0.0249615
0.152868
0.0240468
0.0134299
0.0302742
0.193905
0.0437693
0.198895
0.253747
0.252115
0.728312
0.214807
0.261654
0.255784
0.935576
0.00146565
0.024198
0.0249424
0.152872
0.0132429
0.0437423
0.0302028
0.193857
0.198857
0.72834
0.253768
0.252106
0.214789
0.935565
0.261638
0.256456
0.145064
0.0817464
0.0161978
0.145083
0.121066
0.0175734
0.231279
0.130902
0.0295267
0.159481
0.255144
0.0320835
0.262035
0.0753525
0.240853
0.317973
0.389464
0.134924
0.276785
0.708377
0.145034
0.0817311
0.121121
0.0176199
0.231259
0.130867
0.255135
0.0320872
0.240789
0.31792
0.27676
0.708334
0.183995
0.0353324
0.182254
0.225717
0.0217912
0.0271349
0.235014
0.266084
0.0363255
0.0361642
0.272972
0.931103
0.447033
0.937917
0.970024
0.920708
0.183988
0.0353317
0.18206
0.225711
0.234985
0.265964
0.272958
0.931102
0.0958347
0.132585
0.215838
0.195509
0.0958483
0.195003
0.215819
0.132615
0.011478
0.0114586
0.0211428
0.0230361
0.234547
0.416028
0.382488
0.234472
0.109799
0.0378512
0.0376945
0.109807
0.173595
0.190157
0.272211
0.268451
0.173594
0.268451
0.272203
0.190125
0.0277092
0.0277095
0.0374673
0.0374804
0.922232
0.934875
0.934876
0.922328
0.243455
0.238392
0.13152
0.240038
0.24342
0.240019
0.13161
0.238393
0.037487
0.0374662
0.0269736
0.02718
0.90682
0.375572
0.375465
0.906683
0.132795
0.134877
0.10085
0.100836
0.0202439
-0.00149578
0.00817374
-0.00275573
0.0179039
0.00374712
-0.00684244
-0.0455365
0.0529089
-9.52426e-05
0.0165746
0.0355112
0.000460751
0.0202781
0.00813224
0.0178716
-0.00274276
0.00378192
-0.0480784
-0.00682482
0.0529203
0.0166042
-0.000186667
0.0355377
0.00729591
0.0213198
0.120518
0.020022
0.0172164
0.027192
0.177159
0.0364966
0.221964
0.241805
0.248103
0.589836
0.225988
0.257523
0.245949
0.605
0.0076035
0.0200265
0.0213212
0.120536
0.0171933
0.03646
0.0269502
0.177117
0.222012
0.58966
0.24181
0.248128
0.226009
0.604968
0.257479
0.24568
-0.023046
-0.00478686
0.127158
0.04444
0.0058815
0.00653487
0.0136525
0.154334
-0.0193716
0.00209858
0.0961737
0.0182749
-0.0103324
-0.000235596
0.0840406
0.0959123
0.019461
0.0194588
0.0279794
0.161689
0.00694655
0.0118308
0.207458
0.0305483
-0.018567
-0.0185832
0.187768
0.0424079
0.104823
0.167612
0.184017
0.285205
0.110764
0.110805
0.208003
0.185811
0.154585
0.200677
0.207311
0.631634
-0.0230461
-0.00464293
0.127118
0.044371
-0.0191508
0.00223491
0.0962526
0.0183538
-0.0103884
-0.000276774
0.0840193
0.0959522
0.00661111
0.011846
0.207452
0.0305424
0.103632
0.167524
0.184431
0.285211
0.154579
0.200652
0.207427
0.631842
0.0280823
0.0308282
0.157805
0.0326579
0.184197
0.235263
0.189716
0.219254
0.0253711
0.0253799
0.0208718
0.0235147
0.211563
0.249499
0.23409
0.219781
0.0417433
0.0417869
0.0388779
0.0394979
0.254459
0.258392
0.262244
0.605581
0.778722
0.778733
0.616611
0.909236
0.978409
0.978412
0.970151
0.948707
0.0280767
0.0302954
0.157815
0.0326426
0.184203
0.235262
0.189739
0.219255
0.211524
0.249435
0.233761
0.219762
0.254438
0.258109
0.262225
0.605581
0.162329
0.149489
0.211929
0.212813
0.162325
0.149516
0.211925
0.212816
0.0187368
0.0199105
0.019936
0.0242692
0.308549
0.327481
0.327483
0.374752
0.105588
0.130476
0.102326
0.10559
0.209742
0.229708
0.233906
0.255481
0.209732
0.229696
0.233883
0.255478
0.0352364
0.0307457
0.0377392
0.0352356
0.96857
0.951471
0.965189
0.968568
0.260678
0.265617
0.289593
0.268376
0.260687
0.265602
0.289579
0.268329
0.0297215
0.0304564
0.0304584
0.0328256
0.547271
0.72814
0.728169
0.862945
0.170728
0.157311
0.153033
0.170828
0.080209
0.0714376
0.00860039
0.120585
0.0691032
0.00796368
0.0892561
0.0940669
0.0269622
0.134911
0.207035
0.022945
0.0816581
0.00879198
0.145806
0.00992048
0.124109
0.201295
0.0686547
0.0666294
0.205579
0.0800367
0.124462
0.320835
0.00879711
0.120758
0.0802208
0.0719358
0.0690967
0.0079702
0.0269608
0.135143
0.0891905
0.0944835
0.207269
0.0220432
0.145803
0.00992475
0.0817283
0.00867248
0.124083
0.201278
0.20545
0.0800422
0.0685726
0.0666141
0.124458
0.320442
0.106052
0.0247534
0.145145
0.0250724
0.133705
0.164892
0.0189702
0.0238857
0.203356
0.0357252
0.166663
0.0344571
0.191305
0.217541
0.0399335
0.0428629
0.218453
0.34462
0.23439
0.263366
0.255515
0.596077
0.561376
0.882452
0.244338
0.838144
0.269189
0.251069
0.266602
0.607483
0.936492
0.941095
0.105871
0.0213752
0.0189916
0.0238877
0.145157
0.025071
0.133698
0.164895
0.203223
0.0356859
0.0399161
0.0428415
0.166638
0.0341918
0.191335
0.217493
0.218464
0.344845
0.561314
0.882116
0.23403
0.263362
0.255508
0.596118
0.244298
0.838202
0.936492
0.941078
0.269167
0.251033
0.266551
0.607336
0.116244
0.17529
0.0961941
0.0604743
0.0153209
0.0153339
0.136401
0.136393
0.107954
0.137727
0.0146173
0.0214445
0.242549
0.197065
0.131706
0.119838
0.0282136
0.0282441
0.150791
0.151876
0.245281
0.24753
0.0337418
0.0292399
0.243082
0.243142
0.0722065
0.072381
0.199436
0.222776
0.281007
0.347956
0.387694
0.387641
0.134948
0.134935
0.244765
0.263634
0.853732
0.551106
0.116304
0.175268
0.0604608
0.0962175
0.107988
0.137773
0.0146086
0.0214785
0.197042
0.243088
0.132805
0.119835
0.245258
0.247521
0.033735
0.029229
0.223035
0.199459
0.34791
0.281021
0.263701
0.244839
0.551049
0.853777
0.179457
0.187156
0.0315211
0.0385791
0.156821
0.2027
0.201424
0.250365
0.0227109
0.0242577
0.0275438
0.0275443
0.214285
0.25633
0.256972
0.254925
0.0368583
0.0368584
0.0350588
0.0350437
0.27308
0.271707
0.929378
0.933332
0.443509
0.440108
0.955636
0.955643
0.979372
0.979371
0.920771
0.920771
0.179452
0.187141
0.0315205
0.0385829
0.202681
0.156816
0.20142
0.250363
0.256285
0.214264
0.256938
0.254906
0.271697
0.273019
0.933333
0.929386
0.0538146
0.0816761
0.133835
0.0987581
0.106751
0.162004
0.166346
0.108557
0.232781
0.19903
0.219841
0.214065
0.0886425
0.132194
0.198195
0.157859
0.0538408
0.0987351
0.133819
0.0817142
0.0885871
0.158383
0.198169
0.131716
0.232774
0.214067
0.21983
0.199369
0.106768
0.108487
0.166369
0.162052
0.00598844
0.0130379
0.0176184
0.0131171
0.00608734
0.0131596
0.0176374
0.0131427
0.0132218
0.0206281
0.0232676
0.023906
0.0130264
0.0239396
0.0232479
0.0206172
0.106837
0.247948
0.290162
0.161966
0.47544
0.606
0.35654
0.317104
0.47319
0.317127
0.356539
0.605965
0.107014
0.161978
0.290157
0.247968
0.0862212
0.0587617
0.121953
0.146138
-0.0088473
0.0262599
0.0851487
0.0178473
-0.00891995
0.0175203
0.0851411
0.0262428
0.0863319
0.146187
0.121949
0.0573324
0.135284
0.15202
0.206284
0.193946
0.173671
0.214162
0.212342
0.16163
0.264819
0.265009
0.256293
0.254191
0.250238
0.244381
0.253796
0.259631
0.1353
0.19399
0.206277
0.152031
0.25029
0.259617
0.253794
0.244384
0.264752
0.254144
0.256243
0.264957
0.173636
0.16163
0.212324
0.214085
0.0213586
0.0237917
0.0313912
0.028866
0.0213599
0.028853
0.0313911
0.0237967
0.0357296
0.0393593
0.0384462
0.0364819
0.0357924
0.036484
0.0384552
0.0392856
0.575222
0.597332
0.965516
0.915029
0.611701
0.982084
0.973124
0.606124
0.61168
0.606052
0.973122
0.982083
0.575269
0.914985
0.965529
0.597328
0.16029
0.202463
0.25752
0.220897
0.0957916
0.0893668
0.25608
0.206888
0.0553257
0.169431
0.275145
0.0789273
0.252632
0.237272
0.284027
0.229491
0.160338
0.220949
0.257495
0.202469
0.252583
0.229444
0.284014
0.237231
0.0552816
0.0788306
0.27513
0.169205
0.0954123
0.206882
0.256065
0.0893584
0.036716
0.0391342
0.0316923
0.0321021
0.0367293
0.0320838
0.03147
0.0391153
0.0238292
0.027175
0.0283904
0.0275879
0.0238225
0.0275692
0.0283888
0.027176
0.628542
0.766187
0.866222
0.953994
0.168759
0.213047
0.550736
0.447211
0.168878
0.447224
0.550774
0.213026
0.628563
0.954011
0.866225
0.766485
0.0944052
0.153216
0.149082
0.0945647
0.0946971
0.0948865
0.149655
0.153469
0.046227
0.119186
0.152858
0.0846935
0.0463646
0.0846938
0.152734
0.119186
-0.0128747
-0.0152269
0.00147343
-0.00171134
0.00311352
0.00573923
-0.0178974
-0.0282314
0.0329326
0.00105986
-0.00772153
0.00278762
-0.0136332
-0.0129478
0.00142455
0.00320735
-0.00172897
0.00575454
-0.0281295
-0.0178458
0.0329396
-0.00786077
0.00101042
0.00308142
0.011772
0.0212029
0.107435
0.0185981
0.0219139
0.0262728
0.151926
0.0308566
0.229645
0.231509
0.245481
0.367278
0.230841
0.234571
0.241448
0.37752
0.0119692
0.0186039
0.0212179
0.107395
0.0217491
0.0307977
0.026141
0.152006
0.229712
0.366866
0.231497
0.245587
0.230802
0.377491
0.234542
0.241484
-0.013866
-0.00193952
0.0489475
0.0868977
0.00604576
0.0063725
0.0123761
0.159002
-0.0182362
-0.0153689
0.0700254
0.00993683
0.000314023
0.00261405
0.0372479
0.0860323
0.0196454
0.019636
0.0275338
0.162933
0.0100838
0.0100187
0.138203
0.0165432
-0.0155035
-0.0155124
0.11064
0.0123927
0.116323
0.152607
0.170988
0.253693
0.120522
0.120518
0.156799
0.213305
0.16699
0.193793
0.19959
0.431958
-0.0134553
-0.00246314
0.0494473
0.086806
-0.0184986
-0.0150652
0.0699349
0.0100316
0.000335301
0.00230806
0.0372495
0.086801
0.0101035
0.00976684
0.138159
0.0165764
0.116451
0.152479
0.170964
0.253676
0.167029
0.193801
0.199448
0.43174
0.0305684
0.0353837
0.138845
0.0327263
0.198255
0.223096
0.19985
0.21648
0.0253038
0.0253084
0.0223799
0.0264839
0.21992
0.239331
0.23149
0.223386
0.0408165
0.0408107
0.040146
0.0408154
0.25417
0.253717
0.248297
0.385453
0.787555
0.787584
0.701717
0.868035
0.975506
0.9755
0.968944
0.958592
0.0305668
0.0353189
0.141854
0.0327188
0.198261
0.223103
0.199856
0.216487
0.21989
0.239302
0.23146
0.223377
0.25415
0.2537
0.248292
0.385435
0.168308
0.163936
0.195365
0.182743
0.168332
0.163948
0.195367
0.182755
0.0199987
0.0205841
0.0205973
0.0227527
0.32798
0.328485
0.32851
0.361661
0.110619
0.121881
0.104334
0.110612
0.221656
0.230916
0.233334
0.244123
0.221645
0.230903
0.233315
0.244108
0.0347094
0.0325501
0.0361052
0.0347083
0.965434
0.955941
0.962704
0.96543
0.2667
0.270257
0.282857
0.270356
0.26668
0.270239
0.282839
0.270333
0.0296153
0.030655
0.030656
0.0322564
0.634462
0.730176
0.730178
0.823383
0.171601
0.179869
0.162007
0.171685
0.00975823
-0.0184727
0.0673044
0.0603211
0.000921365
0.00571656
0.00718174
0.125878
-0.0379227
-0.0223852
0.0350235
-0.00238728
-0.00428782
-0.00743629
0.0536573
0.0331666
0.0191136
0.0201041
0.0243677
0.136056
0.00431098
0.0074229
0.137071
0.014176
0.00763846
-0.00873826
0.0647264
0.0136994
-0.048415
-0.024556
0.0678668
-0.00451461
0.0625235
0.0857657
0.118989
0.170391
-0.00128966
2.24284e-05
0.0229314
0.0643558
0.0358598
0.0582684
0.138578
0.0664194
0.078598
0.137637
0.120444
0.223619
0.00255271
0.00669627
0.00745733
0.126116
0.00975813
-0.0182469
0.0673068
0.0603384
-0.0384473
-0.0252892
0.0351054
-0.00238637
0.0191001
0.0200997
0.0243701
0.136051
-0.00431512
-0.00749706
0.0536476
0.0339272
0.00418251
0.0074845
0.136509
0.0142125
-0.048224
-0.024636
0.0673771
-0.00439223
0.00738627
-0.00872019
0.0647021
0.0135522
0.0624637
0.0857642
0.118902
0.170365
0.0359365
0.0580596
0.138566
0.0664034
-0.00135093
9.76457e-05
0.022893
0.0646435
0.0786778
0.137716
0.120425
0.223637
0.00290105
0.00296563
0.0933314
0.0185429
0.0231418
0.0267678
0.132183
0.0250069
0.135928
0.170115
0.143137
0.160541
0.0224488
0.0254333
0.0212361
0.0260125
0.0150911
0.0134496
0.146103
0.020804
0.0279996
0.0297523
0.130505
0.0320281
0.18781
0.201952
0.191811
0.193265
0.0413632
0.0428578
0.0411549
0.0427335
0.213781
0.18211
0.196977
0.316002
0.255253
0.246238
0.243719
0.260731
0.250178
0.254297
0.246277
0.377294
0.693073
0.757479
0.643657
0.810102
0.220671
0.208171
0.223939
0.413182
0.262545
0.257075
0.265529
0.256419
0.254378
0.247401
0.250254
0.393446
0.848208
0.975589
0.936338
0.952067
0.00323943
0.0022268
0.093143
0.0158888
0.0224521
0.0254465
0.0212545
0.0261138
0.0231329
0.0255852
0.13225
0.0249918
0.135933
0.170028
0.143088
0.160545
0.0150126
0.0134763
0.146164
0.0208825
0.0413307
0.0428414
0.0411322
0.0427108
0.0277952
0.0295331
0.13146
0.0319779
0.187778
0.20192
0.191777
0.193252
0.213658
0.182546
0.196817
0.315859
0.693437
0.757448
0.643634
0.810192
0.255235
0.246414
0.243737
0.260737
0.25017
0.254289
0.246266
0.37739
0.220703
0.208185
0.223881
0.413262
0.848176
0.975575
0.936335
0.952078
0.262527
0.257042
0.265504
0.256271
0.254235
0.247098
0.250737
0.392659
0.136385
0.153572
0.133426
0.159493
0.0599954
0.0938592
0.0894955
0.0724664
0.0149265
0.0174649
0.0157465
0.0157531
0.149771
0.139071
0.142357
0.142353
0.108837
0.133516
0.116236
0.12893
0.0172319
0.0192514
0.0160886
0.0192089
0.138129
0.260177
0.239553
0.220556
0.118357
0.140409
0.133451
0.128605
0.0279193
0.0298357
0.028688
0.0286988
0.160719
0.158243
0.156009
0.156413
0.241059
0.260978
0.254597
0.255777
0.03146
0.0323037
0.032913
0.0296268
0.229388
0.286439
0.243018
0.243102
0.0605272
0.0897898
0.075328
0.0749516
0.209065
0.234613
0.217003
0.231327
0.306518
0.323652
0.300505
0.334749
0.343017
0.444441
0.389342
0.389344
0.125949
0.143899
0.138455
0.138303
0.247672
0.29368
0.265294
0.272774
0.694911
0.723926
0.802643
0.623143
0.136349
0.153544
0.133394
0.159361
0.0599881
0.0938473
0.072486
0.0894466
0.108907
0.133557
0.11628
0.12901
0.0172961
0.0192894
0.0161045
0.0192534
0.138273
0.260134
0.220002
0.23947
0.118333
0.141071
0.133486
0.128572
0.241104
0.260966
0.254582
0.255768
0.0314647
0.0322977
0.0329113
0.0296282
0.209135
0.234631
0.231335
0.217083
0.306516
0.323671
0.334767
0.300476
0.247593
0.292853
0.272732
0.265218
0.695087
0.723995
0.623192
0.803677
0.170632
0.197741
0.181726
0.185739
0.0341237
0.0357334
0.0334269
0.0369125
0.179549
0.187075
0.167811
0.193301
0.222608
0.228499
0.214421
0.238406
0.0193659
0.0257688
0.0221621
0.0236919
0.0253248
0.0289414
0.027304
0.0273036
0.235567
0.23446
0.225242
0.245909
0.243122
0.270079
0.263224
0.262759
0.0376026
0.0349321
0.0365515
0.0365548
0.0367478
0.0355874
0.0347298
0.0347254
0.274129
0.266256
0.273142
0.272272
0.858621
0.96833
0.930434
0.932571
0.52915
0.376643
0.452256
0.441448
0.927476
0.945439
0.947056
0.947052
0.971889
0.967619
0.977698
0.977698
0.936336
0.892683
0.921285
0.921286
0.17063
0.197713
0.18172
0.185728
0.0341209
0.0357323
0.0334262
0.036917
0.179577
0.186974
0.193302
0.167809
0.222606
0.22849
0.214417
0.238401
0.235537
0.234432
0.245883
0.225219
0.242939
0.270062
0.263191
0.262723
0.274118
0.266238
0.27226
0.273126
0.858617
0.968326
0.932571
0.930435
0.0880586
0.0824105
0.107536
0.102049
0.120695
0.127085
0.158945
0.145764
0.220198
0.224235
0.211458
0.209183
0.134692
0.139349
0.191611
0.213257
0.0880709
0.0824138
0.107539
0.102012
0.13475
0.139383
0.191165
0.213271
0.220073
0.224222
0.211479
0.211472
0.120605
0.126915
0.158991
0.145647
0.0100237
0.00878062
0.0149321
0.0129453
0.0101351
0.00879702
0.0149515
0.0129106
0.0211223
0.0167308
0.023688
0.0223786
0.0238292
0.0167065
0.0236574
0.0239267
0.201064
0.22407
0.239955
0.260208
0.364447
0.477186
0.36065
0.419813
0.364236
0.482252
0.360636
0.423067
0.201035
0.224057
0.239963
0.260159
0.0886934
0.115271
0.103339
0.123967
0.0201441
0.0232467
0.0486473
0.062332
0.0231955
0.0201158
0.062518
0.0488183
0.115382
0.0879709
0.123955
0.103336
0.159069
0.169244
0.177187
0.188361
0.17547
0.191707
0.188563
0.203056
0.271522
0.274088
0.265886
0.272674
0.265954
0.269917
0.261559
0.271061
0.159066
0.169245
0.177183
0.188341
0.265943
0.269915
0.261537
0.27107
0.271497
0.274096
0.265874
0.272658
0.175513
0.189809
0.188545
0.203038
0.0263019
0.0257974
0.0296154
0.0277749
0.0257986
0.0263001
0.0277739
0.029615
0.0386976
0.0365195
0.0371461
0.0367125
0.0365328
0.0387123
0.0367231
0.0371559
0.833378
0.908923
0.927781
0.956202
0.855171
0.935594
0.9341
0.979079
0.935594
0.85521
0.979078
0.934101
0.908963
0.833422
0.95624
0.927798
0.229967
0.234484
0.244447
0.250719
0.191335
0.232118
0.241858
0.247824
0.103666
0.128166
0.160031
0.204817
0.243416
0.24227
0.239632
0.241636
0.229998
0.234443
0.244421
0.250684
0.243459
0.242248
0.239593
0.241563
0.10359
0.128205
0.160211
0.204513
0.191296
0.232321
0.241853
0.247817
0.0366702
0.0385979
0.0366478
0.0375795
0.0366272
0.0385776
0.0366355
0.0375637
0.0267132
0.0240247
0.0279524
0.0288582
0.0267089
0.0250425
0.0279777
0.0288682
0.888889
0.92568
0.8822
0.916877
0.307156
0.364779
0.382182
0.445829
0.307311
0.364873
0.382176
0.445827
0.888958
0.925676
0.882212
0.916957
0.118743
0.133935
0.132299
0.143436
0.136323
0.126069
0.144871
0.134175
0.0905088
0.0871502
0.111608
0.110372
0.0871286
0.0905046
0.110367
0.111645
0.0430732
0.0623859
0.00453506
0.0916328
6.24325e-05
-0.000898095
0.0551223
0.035375
0.021549
0.09578
0.104195
0.0171544
0.0759606
0.00217342
0.0487007
-0.0259345
0.091195
0.0662405
0.0152801
0.031273
0.102848
0.0340587
0.0469758
0.0966911
0.00487141
0.0919445
0.0429536
0.0625342
5.03427e-05
-0.00085226
0.0215483
0.0957807
0.0550291
0.0361015
0.104304
0.0171715
0.0485187
-0.026288
0.0760192
0.0021517
0.0905413
0.0664451
0.102619
0.0335971
0.0166963
0.0311959
0.0469821
0.0966384
0.0841039
0.0114021
0.119793
0.0212832
0.112046
0.130018
0.016524
0.0225605
0.0968428
0.0242492
0.11377
0.0315687
0.175093
0.195043
0.0366995
0.0365022
0.212226
0.345758
0.237279
0.247631
0.241721
0.366418
0.546351
0.570084
0.227564
0.388082
0.261269
0.254216
0.240616
0.394267
0.609418
0.617206
0.0836423
0.0115017
0.016624
0.0225637
0.119784
0.0212841
0.11204
0.130035
0.096958
0.0242512
0.0365898
0.036455
0.113851
0.031516
0.175057
0.195002
0.212204
0.342487
0.545001
0.570138
0.23727
0.247659
0.241734
0.366427
0.227582
0.388075
0.609365
0.617171
0.261261
0.254176
0.240607
0.395921
0.0861037
0.052121
0.0424806
0.00380649
0.115896
0.13625
0.051534
0.0375267
0.0120612
0.151042
0.0122125
0.15115
0.013329
0.0133816
0.15183
0.151861
0.0531628
0.0036062
0.0827374
0.0168987
0.0906302
0.106529
0.015683
0.0210779
0.0499486
0.028767
0.0332302
0.0875145
0.0879905
0.0812641
0.0977856
0.0923063
0.0265818
0.15435
0.0265834
0.154579
0.0274865
0.0274878
0.158399
0.158373
0.131681
0.0168226
0.131505
0.0201177
0.206739
0.208203
0.0313079
0.0280519
0.0873576
0.0098374
0.0873294
0.00981222
0.166145
0.166142
0.0304273
0.0304923
0.151205
0.215961
0.176473
0.287026
0.193132
0.17099
0.267649
0.302863
0.143356
0.161653
0.143349
0.161639
0.213894
0.214126
0.129725
0.129594
0.167363
0.332647
0.215635
0.402231
0.190364
0.218935
0.712987
0.539398
0.08583
0.0521279
0.0424996
0.00352119
0.115863
0.136214
0.0374906
0.0515338
0.0530272
0.00366299
0.0828085
0.0169058
0.0906889
0.106552
0.0157443
0.021101
0.0497897
0.029307
0.0331881
0.0875064
0.0812351
0.0880245
0.0979224
0.09241
0.131804
0.0172578
0.131667
0.0201456
0.206762
0.208191
0.0313013
0.0280642
0.151311
0.216229
0.176318
0.287021
0.170928
0.193081
0.302862
0.26766
0.167372
0.332791
0.215603
0.402328
0.218961
0.190487
0.53937
0.713225
0.13558
0.0279505
0.135262
0.035796
0.155103
0.159734
0.0309528
0.0350161
0.172938
0.190125
0.224604
0.24149
0.176308
0.201977
0.207364
0.232179
0.0223274
0.0266918
0.0223371
0.0266985
0.0207453
0.0207394
0.0236428
0.0236453
0.212708
0.207811
0.25166
0.243103
0.224317
0.244434
0.223323
0.227496
0.0405034
0.0409981
0.0405832
0.0410066
0.0386869
0.0386893
0.0380313
0.0380256
0.248775
0.381669
0.249817
0.385855
0.26341
0.260936
0.60148
0.606258
0.692858
0.866396
0.692839
0.866668
0.614626
0.614523
0.915496
0.915398
0.980829
0.966664
0.980829
0.966651
0.978563
0.978564
0.952204
0.952204
0.137094
0.027948
0.135303
0.0357383
0.155086
0.159739
0.0309431
0.035015
0.172945
0.190128
0.224608
0.241495
0.201982
0.176315
0.20741
0.23218
0.212674
0.207783
0.251601
0.242615
0.244406
0.224202
0.223335
0.227473
0.248769
0.381679
0.249753
0.385829
0.260919
0.26338
0.606224
0.601477
0.150156
0.180271
0.14326
0.155374
0.227492
0.202983
0.187827
0.221008
0.150144
0.180222
0.143272
0.155408
0.202974
0.226906
0.221011
0.18825
0.0181672
0.0181772
0.0187586
0.0215613
0.0187804
0.0215839
0.0237639
0.0237537
0.290956
0.290958
0.3099
0.343548
0.343547
0.309921
0.357349
0.357366
0.11377
0.0972365
0.127683
0.127678
0.0898147
0.0897925
0.0972398
0.113764
0.208013
0.211347
0.218782
0.242092
0.223787
0.245371
0.256198
0.254664
0.208004
0.211334
0.218774
0.242083
0.245351
0.223768
0.254663
0.256148
0.0333139
0.0369142
0.0310079
0.0310071
0.0379821
0.0379868
0.0333134
0.0369113
0.967457
0.969953
0.95905
0.959051
0.971726
0.971726
0.96995
0.96747
0.259782
0.269897
0.265935
0.265297
0.286823
0.29111
0.263039
0.276872
0.269879
0.259764
0.265915
0.265282
0.291094
0.286808
0.263014
0.27685
0.028735
0.0287343
0.0310617
0.028294
0.0309147
0.0282958
0.031553
0.0315513
0.549287
0.549287
0.82145
0.637034
0.637042
0.821562
0.864658
0.86466
0.171941
0.16138
0.15408
0.15415
0.154208
0.154087
0.185964
0.161477
0.0677942
0.0890472
0.0794943
0.0647311
0.00616376
0.0127929
0.101691
0.134427
0.0625672
0.0775788
0.00697695
0.0105333
0.0913892
0.0892447
0.0941526
0.0943474
0.0255556
0.0274022
0.119102
0.145769
0.191671
0.208384
0.024208
0.0270935
0.0874189
0.0741085
0.00137565
0.00867488
0.131724
0.154476
-0.0176388
0.0187035
0.104364
0.144021
0.165121
0.227804
0.0617703
0.0742656
0.0568599
0.0764679
0.200183
0.209963
0.0665964
0.0890734
0.0953627
0.14911
0.258206
0.348685
0.00631557
0.0129488
0.101829
0.134509
0.067802
0.0891405
0.0795355
0.064671
0.0625568
0.0775997
0.00702974
0.0105581
0.0255627
0.0274009
0.120798
0.145984
0.0914774
0.0891998
0.0945942
0.0947511
0.191896
0.208539
0.0242034
0.0271187
0.131684
0.154436
-0.0181238
0.0187248
0.0873706
0.0740785
0.00125878
0.0118655
0.104528
0.144365
0.16525
0.227805
0.201256
0.209981
0.0666111
0.0890804
0.0617755
0.0743242
0.0567203
0.0763739
0.0953563
0.149111
0.258228
0.347902
0.0967491
0.133949
0.0126028
0.0267792
0.140215
0.149287
0.0232156
0.02697
0.118067
0.147871
0.149771
0.180192
0.0168186
0.0205072
0.0224181
0.0238365
0.182209
0.20307
0.0350784
0.0349145
0.170011
0.163559
0.0348726
0.0340778
0.182434
0.203337
0.215859
0.224118
0.0389535
0.0399751
0.0426928
0.0427009
0.22898
0.207202
0.403778
0.330708
0.238752
0.225496
0.26473
0.255866
0.252869
0.25824
0.581786
0.593221
0.52877
0.588427
0.813912
0.90525
0.248975
0.239704
0.826764
0.808205
0.270835
0.263073
0.254826
0.243457
0.269917
0.265757
0.628637
0.60593
0.853286
0.979415
0.901581
0.951198
0.0966698
0.1339
0.0126277
0.0266879
0.0169283
0.0205232
0.0224198
0.0238401
0.140229
0.149274
0.0232103
0.0269629
0.118108
0.147867
0.149774
0.180189
0.181956
0.203106
0.0356868
0.0348887
0.0389318
0.0399649
0.0429216
0.0426852
0.169993
0.163554
0.0345989
0.0340402
0.18241
0.203323
0.215828
0.22351
0.22928
0.207201
0.40335
0.33079
0.52863
0.588404
0.81196
0.905178
0.238805
0.225493
0.26471
0.255792
0.252896
0.258225
0.58183
0.593216
0.248929
0.239755
0.826296
0.808511
0.853246
0.979414
0.901457
0.951208
0.270837
0.263057
0.254784
0.243431
0.269507
0.265713
0.628248
0.60582
0.124563
0.108729
0.163884
0.18806
0.0741002
0.109491
0.0733085
0.0402329
0.0141808
0.0164662
0.0164826
0.0142393
0.130149
0.141254
0.141325
0.130146
0.0951097
0.120008
0.149945
0.125383
0.0170931
0.0130022
0.0225203
0.0227463
0.17749
0.255245
0.251624
0.112139
0.141871
0.11786
0.106142
0.130091
0.0267973
0.0284925
0.0284912
0.0267954
0.152083
0.149832
0.150886
0.153127
0.231933
0.252
0.252377
0.237089
0.0338867
0.0330371
0.0285184
0.0296494
0.268463
0.21098
0.210979
0.268482
0.0424224
0.0722723
0.0723374
0.0424071
0.201698
0.204752
0.215542
0.220859
0.269991
0.286552
0.35312
0.336806
0.310503
0.452522
0.452523
0.310708
0.126008
0.14423
0.144056
0.125999
0.211225
0.264577
0.281651
0.231807
0.831595
0.864952
0.550861
0.521867
0.108858
0.12455
0.188075
0.163862
0.0402367
0.0732931
0.10948
0.0735031
0.120031
0.0951473
0.125403
0.149978
0.0130423
0.0171226
0.0227761
0.0225226
0.11209
0.251599
0.255232
0.177414
0.118662
0.142699
0.129985
0.106163
0.251977
0.231963
0.237135
0.252366
0.0330261
0.0338809
0.0296517
0.0285285
0.220656
0.215503
0.204549
0.201651
0.336794
0.353135
0.28658
0.269958
0.231829
0.281607
0.264645
0.2114
0.521901
0.550864
0.864888
0.831534
0.16545
0.193715
0.200479
0.173752
0.0317554
0.0302143
0.0379093
0.0390091
0.158543
0.184471
0.193585
0.203269
0.204555
0.197692
0.24739
0.252954
0.0189213
0.0249347
0.0249175
0.0189091
0.0256678
0.0294686
0.0294688
0.0256703
0.215233
0.213312
0.256312
0.256235
0.257402
0.243955
0.234935
0.27622
0.0381297
0.0355795
0.0355852
0.0380934
0.0360635
0.0343309
0.0342597
0.0360464
0.275051
0.266464
0.26492
0.27299
0.849096
0.967763
0.972468
0.858588
0.517712
0.368727
0.370763
0.517678
0.962646
0.93645
0.936264
0.962633
0.981918
0.976241
0.976236
0.981906
0.893515
0.938982
0.938979
0.893548
0.193694
0.165447
0.17371
0.200462
0.0302107
0.031754
0.0389967
0.0379115
0.203317
0.193343
0.184862
0.158344
0.19769
0.20455
0.252952
0.247447
0.25618
0.25626
0.213293
0.215207
0.243922
0.257376
0.275838
0.235039
0.272984
0.264905
0.266442
0.274981
0.858552
0.972452
0.967757
0.849155
-0.00289536
0.0206943
0.0751309
0.056957
0.0628655
0.103708
0.0906374
0.0453869
0.158284
0.141834
0.111818
0.128441
0.0948875
0.077146
0.099602
0.124973
0.0910023
0.126784
0.108433
0.0833898
0.187155
0.165922
0.142683
0.158793
0.168742
0.13803
0.171354
0.184962
0.0806285
0.120385
0.146421
0.118941
0.221241
0.20482
0.230332
0.247075
0.176334
0.196096
0.210224
0.18817
0.20146
0.18592
0.201916
0.233135
0.212498
0.23615
0.214783
0.191593
0.0681257
0.0724301
0.104055
0.106248
0.033897
0.148298
0.17049
0.0528893
0.185887
0.223324
0.206699
0.171704
0.1654
0.135494
0.20388
0.226522
-0.00314193
0.056962
0.0751472
0.020702
0.0949583
0.124935
0.0996031
0.0771479
0.158282
0.128473
0.11183
0.141822
0.0626784
0.0453546
0.0906589
0.103761
0.0681508
0.106135
0.104067
0.072563
0.165401
0.226559
0.203958
0.13554
0.185887
0.171683
0.206669
0.223309
0.0340295
0.0529702
0.17046
0.148226
0.221093
0.247101
0.230354
0.204838
0.212505
0.191589
0.214816
0.236152
0.201473
0.233158
0.20202
0.185861
0.176324
0.188253
0.210175
0.195969
0.0903924
0.0832767
0.108417
0.126792
0.0806192
0.118979
0.146402
0.120264
0.168756
0.184947
0.171375
0.138066
0.187162
0.158784
0.139424
0.165912
-0.00345689
0.00462247
0.00747659
-0.00157966
0.0122007
0.0145391
0.0138638
0.0118021
0.0193698
0.0181665
0.0160104
0.0169548
0.00674925
0.000595384
0.0108837
0.0151006
-0.00329116
-0.0015461
0.00756025
0.00493887
0.00682553
0.0151528
0.0109121
0.00062505
0.0193814
0.016963
0.0160351
0.0182003
0.0122763
0.0120272
0.0139515
0.0145687
0.0149711
0.0199061
0.0143707
0.0103178
0.022355
0.0191376
0.0187224
0.0223262
0.0221625
0.0210147
0.024521
0.0253485
0.0134202
0.0194282
0.0251406
0.0198785
0.0149199
0.0103626
0.0143459
0.0198457
0.0133689
0.0198449
0.0251697
0.019544
0.0221509
0.0253398
0.0244951
0.020981
0.0223498
0.022312
0.0187038
0.0191312
0.0532157
0.131481
0.18953
0.0577492
0.23604
0.289211
0.249937
0.197463
0.310946
0.26878
0.265327
0.306076
0.0932726
0.0768543
0.207282
0.211447
0.367377
0.610931
0.448865
0.329076
0.701469
0.525356
0.503673
0.673049
0.344263
0.340109
0.365804
0.36845
0.271402
0.301359
0.34926
0.323349
0.365377
0.326604
0.453235
0.610826
0.271415
0.32335
0.349245
0.301302
0.344265
0.388385
0.3658
0.340133
0.701323
0.673034
0.50352
0.525352
0.0541598
0.0578032
0.189518
0.131354
0.0933342
0.211477
0.207286
0.0768654
0.311012
0.306071
0.26532
0.268863
0.236004
0.197186
0.249933
0.289205
0.0499486
0.0671524
0.0949682
0.108232
0.0881041
0.0680847
0.0812518
0.0536363
0.119162
0.136179
0.117403
0.101821
0.156636
0.139797
0.129217
0.147183
-0.0117707
-0.0313143
0.00442105
0.00984918
0.0118913
0.0559595
0.0344386
0.00408425
0.10181
0.0851837
0.0614135
0.0824112
0.0536944
0.0181893
0.0305649
0.0518934
-0.01186
0.00976126
0.00634311
-0.0314322
0.053569
0.0519924
0.0305046
0.0203849
0.101807
0.0816442
0.0614491
0.0855695
0.0118896
0.00399325
0.0341544
0.0589309
0.0500221
0.108518
0.0950239
0.0671894
0.156685
0.147198
0.129269
0.139913
0.119156
0.1018
0.117394
0.136176
0.0880639
0.0541981
0.0806374
0.0680868
0.114617
0.124908
0.15442
0.144824
0.137233
0.168041
0.162859
0.133754
0.220219
0.217345
0.191684
0.195729
0.20396
0.175955
0.184237
0.211022
0.1121
0.185146
0.179758
0.121263
0.222321
0.225958
0.203772
0.202516
0.22303
0.199515
0.20174
0.224514
0.136097
0.14154
0.175238
0.172342
0.237842
0.247249
0.273284
0.26668
0.2482
0.2745
0.274873
0.251993
0.245046
0.245641
0.266163
0.266642
0.241964
0.260194
0.265452
0.246112
0.239362
0.262004
0.267329
0.243777
0.229467
0.235415
0.258364
0.253094
0.243108
0.26564
0.264162
0.241076
0.248536
0.248644
0.27231
0.273559
0.114601
0.144957
0.15442
0.124903
0.203965
0.211021
0.184236
0.175939
0.220209
0.195704
0.191665
0.217339
0.139497
0.134503
0.162855
0.168039
0.239365
0.2438
0.267311
0.261993
0.24853
0.273551
0.272311
0.248609
0.243095
0.241069
0.264143
0.265622
0.229473
0.253078
0.258413
0.235413
0.237782
0.266669
0.273285
0.247014
0.241936
0.246086
0.265427
0.260177
0.24503
0.266622
0.266141
0.245616
0.248191
0.24791
0.274871
0.274491
0.111714
0.121491
0.179766
0.185111
0.134275
0.172322
0.175217
0.14282
0.223017
0.224492
0.201722
0.199494
0.222292
0.202493
0.203746
0.225933
0.0214197
0.0248557
0.02436
0.0231451
0.0265873
0.0254734
0.0258057
0.0267409
0.0328587
0.0337445
0.0297663
0.0291571
0.0303386
0.0268576
0.0282591
0.0321687
0.0214231
0.023138
0.02436
0.0248585
0.0303324
0.0321653
0.0282565
0.0268503
0.0328578
0.0291564
0.0297648
0.0337433
0.0265908
0.0267493
0.025807
0.0254745
0.0311332
0.0401303
0.0377267
0.0330402
0.0397489
0.0376207
0.0385583
0.0414039
0.0364104
0.0374351
0.0359206
0.0352656
0.0343812
0.0323928
0.0353922
0.0356782
0.0312039
0.0330776
0.0377434
0.0401591
0.0344101
0.0356766
0.0354032
0.0324418
0.0364123
0.0352686
0.035929
0.0374382
0.0397526
0.0414165
0.0385682
0.0376235
0.364539
0.375218
0.822058
0.763496
0.383732
0.854038
0.841381
0.379276
0.962529
0.954168
0.965733
0.968063
0.871784
0.840597
0.927526
0.935249
0.382673
0.851849
0.854374
0.406132
0.977047
0.98032
0.981419
0.977338
0.968683
0.969366
0.975602
0.97471
0.385855
0.386095
0.856297
0.858764
0.382694
0.405964
0.854331
0.85182
0.385826
0.858751
0.856251
0.386056
0.968679
0.97471
0.975587
0.969361
0.977047
0.977321
0.981377
0.980321
0.364686
0.763275
0.822306
0.373799
0.871787
0.935345
0.927458
0.839922
0.962527
0.968061
0.965932
0.954164
0.383726
0.379299
0.841441
0.854011
0.102405
0.12875
0.224299
0.18868
0.137535
0.239622
0.230928
0.145637
0.27101
0.263332
0.251477
0.26086
0.215056
0.200191
0.241317
0.246133
0.0560888
0.0545962
0.194935
0.143397
0.04224
0.165093
0.185199
0.052713
0.26947
0.261125
0.252059
0.258431
0.142228
0.130143
0.238482
0.24247
0.0144274
0.0908358
0.098792
0.0172195
0.183681
0.233071
0.154531
0.146525
0.280833
0.265922
0.233127
0.285306
0.0364262
0.0278491
0.108427
0.114944
0.230924
0.258511
0.2496
0.222239
0.233713
0.234697
0.235462
0.250762
0.284206
0.289576
0.262406
0.277543
0.210785
0.221073
0.237634
0.242974
0.101591
0.188653
0.224215
0.128702
0.215024
0.245781
0.241278
0.200172
0.270989
0.260843
0.251451
0.263306
0.137599
0.145703
0.230996
0.239665
0.231146
0.222182
0.249568
0.258488
0.210741
0.242921
0.237642
0.220905
0.284186
0.277632
0.262392
0.28957
0.233652
0.250505
0.235554
0.235058
0.0135592
0.0161113
0.0987619
0.0907619
0.0363226
0.114399
0.108582
0.0278817
0.280815
0.285314
0.233345
0.266278
0.183768
0.146472
0.153914
0.23307
0.0560153
0.143405
0.194954
0.0544953
0.142244
0.242516
0.238557
0.12554
0.269452
0.258414
0.252049
0.261113
0.0422865
0.0526733
0.185067
0.164992
0.0275709
0.0419297
0.038307
0.0256496
0.038679
0.035259
0.038594
0.0425153
0.0311044
0.0330955
0.03677
0.0342739
0.0184333
0.0202149
0.0358796
0.0322494
0.027546
0.0256967
0.0382841
0.0417105
0.0192526
0.0322461
0.0358555
0.0202647
0.0311039
0.0342708
0.0367608
0.0330885
0.0386726
0.0424975
0.0385789
0.035254
0.00919853
0.0231285
0.0256198
0.0125575
0.026866
0.0271997
0.0272468
0.024649
0.0285659
0.0299401
0.0293721
0.0289118
0.0165732
0.013045
0.0280989
0.028972
0.00921606
0.0124983
0.0256043
0.0231254
0.0165711
0.028965
0.0280922
0.013026
0.028565
0.0289112
0.0293701
0.0299374
0.0268653
0.0246462
0.0272432
0.0272006
0.386437
0.370976
0.903596
0.90677
0.447825
0.771475
0.862842
0.401979
0.825334
0.893838
0.89158
0.813048
0.964123
0.964262
0.935715
0.938002
0.0348328
0.124992
0.296372
0.164022
0.153948
0.314638
0.315013
0.146597
0.636606
0.635169
0.45924
0.449796
0.390475
0.290417
0.427783
0.609646
0.0348883
0.164101
0.296513
0.124945
0.387982
0.609709
0.428692
0.290409
0.636607
0.44983
0.459417
0.635217
0.153802
0.146544
0.31718
0.314642
0.386623
0.906675
0.903584
0.370819
0.964123
0.938002
0.935723
0.964278
0.825309
0.812971
0.891568
0.89384
0.44844
0.402055
0.862872
0.771654
0.0377218
0.121059
0.119606
0.0342882
0.159645
0.157286
0.144693
0.147001
0.178754
0.147536
0.142672
0.154899
0.0738829
0.0316293
0.118471
0.120927
0.0377138
0.0350521
0.127009
0.12194
0.0743071
0.121088
0.125736
0.0324226
0.18795
0.155295
0.144023
0.150849
0.159619
0.146995
0.146303
0.157672
0.0118703
0.0537731
0.0769577
0.0493923
0.189213
0.129858
0.101057
0.0731264
0.162929
0.138758
0.120537
0.145347
0.0887148
0.0769276
0.0966718
0.115318
0.0116863
0.0493498
0.0769113
0.0538699
0.0887046
0.115332
0.0966529
0.0769796
0.162821
0.14523
0.121093
0.138774
0.189213
0.0734074
0.101128
0.129736
