-0.896217
0.155
-1.625
-0.891045
0.155
1.705
-0.635
0.786429
-1.725
-0.674567
1.035
1.685
0.896217
0.155
-1.625
0.891045
0.155
1.705
0.635
0.786429
-1.725
0.674567
1.035
1.685
-0.0441101
-0.0248808
0.209031
0.174968
-0.0441337
-0.0248649
0.209027
0.174966
-0.116576
-0.0801436
-0.100937
-0.0970883
-0.0840881
-0.106285
-0.138992
-0.0633872
5.88136e-05
-0.00926339
-0.024711
-0.0407785
-0.0657277
-0.0943763
0.0172254
0.0826293
0.204482
0.159275
0.0284212
0.00427108
-0.00409497
0.278508
0.351606
0.44457
0.42657
0.322685
0.25675
0.223162
-0.120885
-0.0829
-0.120731
-0.0970549
-0.0602624
-0.0927719
-0.134567
-0.07511
-0.0548402
-0.0927253
-0.0198849
-0.0071082
-0.0117766
0.258761
0.336043
0.44642
0.430448
0.31505
0.245704
0.213649
-0.120888
-0.0829053
-0.120746
-0.0970477
-0.0602591
-0.0927699
-0.134565
-0.0751121
-0.0548389
-0.0927239
-0.0198863
-0.00710741
-0.0117755
0.258758
0.33604
0.446417
0.430446
0.31505
0.245704
0.213649
-0.116584
-0.0801553
-0.100956
-0.097083
-0.084081
-0.106281
-0.138988
-0.0633931
5.08057e-05
-0.00928552
-0.0247036
-0.0407714
-0.0657239
-0.0943734
0.017221
0.0826251
0.204471
0.159273
0.0284249
0.00427359
-0.00409288
0.278502
0.3516
0.444564
0.426566
0.322683
0.25675
0.223163
0.0179927
0.00562919
-0.000774776
0.0230905
0.00243713
-9.29223e-05
0.0278519
0.158575
0.0872962
0.14649
0.0179978
-0.000799879
0.0230862
-9.03686e-05
0.1586
0.146485
-0.0261429
0.0864111
0.0120104
0.137863
0.0161963
0.185242
0.544001
0.617174
-0.0261392
0.0864899
0.137861
0.185225
0.140634
0.140632
-0.00337677
0.288264
-0.0148467
0.0566718
0.0563032
0.0134926
0.661701
0.118067
0.118067
-0.00102552
0.536062
0.184971
0.0220937
0.00563389
-0.00202052
0.0404138
0.00237836
-0.0067267
0.0294358
0.00966184
0.0911453
-0.0129557
0.0595336
0.115331
0.00564451
0.0220948
-0.00205331
0.0023698
0.0403938
-0.00632206
0.00964421
0.0305446
0.0911666
0.0606445
-0.0128841
0.115329
-0.0507051
-0.033694
-0.0382632
0.00588162
-0.0258545
-0.0254971
0.0634948
0.0103731
0.223032
0.170068
0.195046
0.527845
0.161299
0.132307
0.179664
0.599884
-0.0511258
0.0058785
-0.0336983
-0.0382688
-0.0258382
0.0103746
-0.0254873
0.0634916
0.22291
0.527843
0.170579
0.19503
0.161294
0.599893
0.131467
0.179661
0.138914
-0.0126765
0.000736382
0.0111454
0.0734147
-0.000276347
0.114261
0.151806
0.00109439
0.13269
0.0589474
0.000735252
0.162786
0.161028
0.168046
0.279644
0.502225
0.13123
0.138403
0.524398
0.138913
-0.0126758
0.0734103
-0.000280232
0.114261
0.151561
0.0589483
0.000735558
0.16202
0.279637
0.139046
0.524394
-0.0377935
0.00903261
0.0752311
0.0722892
0.0141131
0.0121407
0.042134
0.120555
0.0148445
0.0179962
0.16356
0.643931
0.41999
0.639894
0.644699
0.576672
-0.0377931
0.00903307
0.0750936
0.0727
0.0408418
0.12055
0.164101
0.643924
0.072461
0.0275109
0.163615
0.179049
0.0724589
0.179041
0.163953
0.0251806
0.00186953
0.00186758
0.0155685
0.0155723
0.151482
0.407349
0.407357
0.151484
0.0114314
0.135252
0.135126
0.0114319
-0.0380283
-0.0449992
0.158002
0.166945
-0.038031
0.167612
0.158215
-0.0449885
0.00745715
0.00745573
0.00970384
0.00970293
0.618178
0.627468
0.627468
0.618204
0.0546335
0.0571352
0.0984248
0.145585
0.0546315
0.146309
0.0985961
0.0571353
0.0187731
0.0187743
0.00176935
0.00176922
0.560743
0.485281
0.485281
0.560742
0.0895732
0.0895661
0.096985
0.0969837
0.0162417
0.00560976
-0.00174128
0.0289028
0.00557275
-0.00738052
0.018417
0.013058
0.0455095
-0.000854072
0.0377495
0.0898678
0.00561946
0.0162494
-0.00177628
0.00556444
0.0288845
-0.0064251
0.0130573
0.01829
0.0453752
0.0379501
-0.000934416
0.0902723
-0.0491431
-0.0390049
-0.0294424
0.0103867
-0.0247923
-0.0251741
0.0150341
0.0147942
0.216317
0.21015
0.201717
0.441593
0.168324
0.1906
0.179024
0.431137
-0.0491631
0.0103831
-0.0390111
-0.029458
-0.0247771
0.014797
-0.0251613
0.0150372
0.216325
0.441541
0.210834
0.201743
0.168317
0.431131
0.19145
0.179022
0.018916
0.0272136
0.136944
-0.00513649
0.00563021
0.00564177
0.00279373
0.235996
-0.0182342
-0.000216895
0.0398237
0.00264291
0.0356492
-0.0281021
0.111776
0.119892
0.0024151
0.00240591
0.00215425
0.129959
-0.0082441
-0.000195185
0.0293476
0.00349307
0.0189613
0.0189524
0.102019
0.117443
0.130106
0.193656
0.198507
0.253334
0.0736198
0.0878411
0.36557
0.122956
0.138924
0.153215
0.173345
0.472677
0.0191409
0.0271904
0.136944
-0.00515549
-0.0204357
-0.000238268
0.0398182
0.00263738
0.0356606
-0.0281089
0.111776
0.119891
-0.00818773
-0.000189711
0.0293484
0.00349432
0.130104
0.193662
0.198987
0.253327
0.138917
0.15319
0.174063
0.472662
-0.0283385
-0.0258201
0.00234364
0.0138875
0.0256699
0.129651
0.0806287
0.0803363
0.0119071
0.0119056
0.0124689
0.0114647
0.103452
0.146528
0.0377664
0.122042
0.0169262
0.0169268
0.0155204
0.0171144
0.189677
0.181737
0.197116
0.45947
0.542762
0.542754
0.485537
0.593113
0.619172
0.619174
0.632192
0.596896
-0.0283389
-0.0258133
0.00234554
0.0138884
0.0254491
0.129889
0.0806195
0.0803339
0.103447
0.146474
0.0342558
0.121745
0.189672
0.181755
0.197784
0.459454
0.140014
0.107018
0.1797
0.141655
0.140013
0.107015
0.1797
0.141653
-0.00132044
-0.00182547
-0.00182738
-0.00502008
0.223494
0.284124
0.28408
0.354106
-0.0136853
0.199923
0.201247
-0.013685
0.0167289
0.0649693
0.0480786
0.124711
0.0162277
0.0649175
0.048178
0.124974
0.0148717
0.0128166
0.0141686
0.0148718
0.664086
0.660401
0.656302
0.664081
0.116228
0.0885227
0.152492
0.121568
0.116229
0.0885236
0.152492
0.121569
3.44452e-05
-0.000141427
-0.000141319
-0.00190713
0.519271
0.533097
0.533096
0.556451
0.170846
0.177495
0.129285
0.170798
0.0733415
0.0273082
0.00335634
0.202406
0.0389485
0.00350188
0.0600897
0.0826245
0.00245585
0.108287
0.027534
0.00307008
0.0932528
0.103125
0.0890674
0.0909898
0.141518
0.136999
0.0655183
0.0653088
0.33472
0.09006
0.13132
0.406558
0.00335689
0.202395
0.0733387
0.0274084
0.0389388
0.00349609
0.00245465
0.108264
0.0600876
0.0826196
0.0275949
0.00312961
0.0890227
0.0910217
0.0933748
0.102775
0.141549
0.137008
0.334396
0.0901132
0.0655256
0.0653142
0.131372
0.406554
-0.0116319
0.0144963
-0.0133601
0.0122618
-0.0352041
-0.0377274
0.0143011
0.00666941
0.0222965
0.0199133
0.0153961
0.0143424
0.0524279
0.0139245
0.010038
0.0182176
0.209149
0.368598
0.166809
0.168467
0.203857
0.451432
0.475258
0.573544
0.180828
0.506424
0.155207
0.147945
0.195375
0.446465
0.614625
0.580544
-0.0130523
0.0144328
0.0142977
0.0066671
-0.013366
0.0122611
-0.0358018
-0.0377314
0.0221534
0.0199166
0.0100392
0.0182189
0.015475
0.0143442
0.054129
0.0140913
0.209554
0.368616
0.475105
0.573522
0.16712
0.168937
0.204573
0.451428
0.18151
0.506471
0.61463
0.580544
0.155746
0.148675
0.196494
0.446459
0.105705
0.1735
0.172539
0.174637
0.00130372
0.00130274
0.0114417
0.0114419
0.0730871
0.0721531
0.000796344
-0.00270047
0.0857114
0.143609
0.141831
0.0967882
0.0014359
0.00143584
0.122088
0.122083
0.0597217
0.0580757
-0.000596677
0.00125224
0.157319
0.15732
0.147595
0.14757
0.161715
0.206616
0.214069
0.343464
0.494587
0.494564
0.113882
0.113881
0.127803
0.141992
0.54286
0.50474
0.105704
0.1735
0.174637
0.172552
0.0730836
0.0721499
0.000793438
-0.0027042
0.143605
0.0857115
0.141829
0.0967915
0.0597231
0.0580762
-0.000595906
0.00125246
0.206545
0.16246
0.34346
0.21405
0.142674
0.127783
0.504763
0.542864
-0.0374944
-0.0377184
0.00824489
0.00936782
0.0623492
0.123939
0.025129
0.127207
0.0148539
0.0148558
0.0133894
0.0133887
0.00151995
0.132687
0.0872465
0.156656
0.0158993
0.015899
0.0184
0.0184006
0.160556
0.165191
0.640271
0.638677
0.413748
0.413751
0.641704
0.641702
0.647211
0.647211
0.571722
0.571723
-0.0374954
-0.0377182
0.00824436
0.00936846
0.124062
0.0590665
0.0255448
0.12769
0.132743
0.00151123
0.0872447
0.156649
0.16576
0.161134
0.638676
0.640209
0.0393739
0.0394858
0.106554
0.105199
-0.112577
0.0217712
0.106878
0.0353359
0.216311
0.204174
0.148367
0.126616
0.0966988
0.151657
0.176887
0.171577
0.0393691
0.105197
0.106552
0.0394798
0.096774
0.171572
0.176888
0.151661
0.21668
0.126774
0.141998
0.204903
-0.112516
0.0353008
0.106875
0.021456
0.00437791
0.00307562
-0.000261128
0.00307205
0.00437572
0.00306641
-0.000262561
0.00307589
0.0179819
0.0133969
-0.00386089
-0.00224079
0.017983
-0.0022063
-0.00385896
0.0133986
0.0762644
0.196219
0.218896
0.0956634
0.405326
0.481893
0.348828
0.313889
0.405321
0.313867
0.34883
0.481886
0.0762516
0.0956639
0.218897
0.196157
0.145961
0.106805
0.193016
0.226796
0.0814231
0.10476
0.194539
0.145955
0.0814622
0.145989
0.194539
0.104795
0.145995
0.226777
0.193007
0.106812
-0.0212963
-0.00557407
0.0241238
0.0255237
0.0157238
-0.00379511
0.00918144
0.00898238
0.193387
0.196244
0.1224
0.139368
0.206725
0.128358
0.125995
0.201115
-0.021307
0.0252925
0.0239266
-0.00557563
0.207422
0.201694
0.126334
0.128581
0.194073
0.139344
0.122918
0.19713
0.015729
0.00898253
0.0087678
-0.0037732
0.0113486
0.0126483
0.0141305
0.0130745
0.0113464
0.0130747
0.0141302
0.0126472
0.0145706
0.0164131
0.0153856
0.0141163
0.0145683
0.014115
0.0153854
0.0164126
0.453558
0.449258
0.662476
0.593079
0.438729
0.634352
0.658712
0.454842
0.438715
0.454851
0.658712
0.634353
0.453559
0.593075
0.662467
0.449174
0.0150825
0.027754
0.0906613
0.0732643
0.0295495
0.0859352
0.0871663
0.0284604
0.095128
0.160562
0.148132
0.119035
0.192103
0.155169
0.157488
0.177086
0.0150788
0.0732491
0.0906626
0.0277561
0.19302
0.177787
0.157483
0.155069
0.0951375
0.119026
0.148131
0.160568
0.0295795
0.0284912
0.0871668
0.0859344
0.0201749
0.0176812
-0.00124832
0.000926399
0.0201759
0.000928319
-0.00124798
0.0176819
0.00395046
0.00230866
0.0006473
0.00331198
0.00392099
0.00328159
0.000647218
0.00230925
0.430191
0.490246
0.552572
0.595374
0.275675
0.352736
0.514001
0.455759
0.275527
0.455754
0.514
0.35252
0.430193
0.595374
0.552571
0.490239
0.0813416
0.122978
0.168918
0.102316
0.0813382
0.102272
0.168916
0.122894
0.0618634
0.106338
0.113187
0.0644494
0.0618322
0.064419
0.113182
0.105951
0.00373548
0.00556766
-0.0191329
0.0155394
0.00556245
-0.0071648
0.0134763
0.0303167
0.011594
-0.000399605
0.0194686
0.0451417
0.00557681
-0.00225089
-0.0220559
0.00555449
0.0155678
-0.00598466
0.0300474
0.0132927
0.0115369
0.0196495
-0.000399476
0.0451432
-0.0468209
-0.0417407
-0.0495661
0.0107178
-0.0248711
-0.0250126
0.0125961
0.014905
0.212655
0.214686
0.205333
0.330293
0.171643
0.185979
0.178275
0.301467
-0.0468392
0.0107138
-0.0417495
-0.0496018
-0.024857
0.0149078
-0.0249983
0.0125936
0.212654
0.330334
0.214539
0.20533
0.171642
0.301469
0.18599
0.178272
0.0206203
0.0188922
0.109124
-0.0044854
0.00562349
0.00563553
0.00382274
0.23655
-0.0013167
-0.017074
0.0225
0.00339318
0.028655
0.00321929
0.107372
0.0897241
0.00242635
0.00241683
0.00268405
0.130199
-0.00862828
-0.00806884
0.0152025
0.00393055
0.0235512
0.0235467
0.0716451
0.0840615
0.146497
0.16822
0.192804
0.217402
0.080663
0.0829627
0.240384
0.124624
0.143114
0.149842
0.163649
0.313321
0.0206208
0.0193655
0.109221
-0.00436145
-0.00134419
-0.0188422
0.0224996
0.00338682
0.0297641
-0.000391381
0.108413
0.0897196
-0.00851583
-0.00773833
0.0151986
0.00393195
0.146494
0.168023
0.19296
0.217312
0.143115
0.149795
0.163622
0.313311
-0.0263364
-0.0259816
0.000457395
0.0143126
0.0559193
0.109179
0.0833477
0.0845533
0.0113481
0.0113472
0.0116469
0.0111268
0.121339
0.124129
0.0995993
0.136378
0.0165614
0.0165617
0.0158584
0.0166735
0.187004
0.185084
0.190949
0.322903
0.5435
0.543499
0.514667
0.568507
0.618332
0.618333
0.624669
0.607122
-0.0263653
-0.0259764
0.000465509
0.0143135
0.0558406
0.109338
0.0833651
0.0845967
0.121334
0.124437
0.0997558
0.136376
0.186999
0.185078
0.190949
0.3229
0.140384
0.123825
0.160167
0.141331
0.140382
0.123822
0.160166
0.141329
-0.00234868
-0.00260106
-0.00260209
-0.00419851
0.256772
0.286298
0.286177
0.321205
-0.0143431
-0.00825344
0.206487
-0.0143429
0.0366985
0.0611119
0.0526731
0.0765528
0.0362654
0.0609288
0.0522414
0.0763928
0.0141823
0.0131546
0.0138306
0.0141822
0.662993
0.661913
0.661198
0.66299
0.117154
0.1033
0.135385
0.119821
0.117154
0.103301
0.135386
0.119823
-0.000495539
-0.000583342
-0.000583312
-0.00146633
0.527665
0.534656
0.534655
0.546343
0.178163
0.188387
0.125241
0.178103
0.020285
0.0229223
0.0731038
0.0876297
0.00562654
0.00563278
0.00410009
0.203298
-0.0189747
-0.00191832
0.0203772
0.00363819
0.0363185
0.0403476
0.0611175
0.0739682
0.00234775
0.00239778
0.00279902
0.096669
-0.00759636
-8.10088e-05
0.0123205
0.0027496
0.00944248
0.0356866
0.0529041
0.0774099
0.00496505
0.0143563
0.0579299
0.0595442
0.0697126
0.113483
0.136728
0.123019
-0.00621004
-0.0196739
0.0494713
0.0446721
0.052373
0.0665767
0.21502
0.0777917
0.103535
0.127127
0.131689
0.294287
0.00563669
0.00564388
0.00410189
0.203375
0.0202709
0.0229845
0.0730988
0.0876582
-0.0216092
-0.00194962
0.0203508
0.00363051
0.0023395
0.0023889
0.00279717
0.0966662
0.036329
0.0403023
0.0611149
0.0739606
-0.00686569
-7.82777e-05
0.0124108
0.00283877
0.00494294
0.0143424
0.05794
0.0595433
0.00952856
0.0358537
0.0526273
0.0776801
0.0697139
0.11367
0.136652
0.123018
0.0526525
0.0699171
0.214263
0.0778646
-0.00624471
-0.0196763
0.0494795
0.0446803
0.103528
0.127125
0.131687
0.294281
-0.0500592
-0.000212428
-0.0312295
0.0127337
-0.0363488
-0.0310392
-0.0178121
0.0127172
-0.0688692
-0.00504702
-0.0340164
-0.0377856
0.00628518
0.0124544
0.0136675
0.00627553
-0.0247203
-0.000329099
0.00885537
0.0190831
-0.0253356
-0.0256586
0.01469
0.0146111
0.0328922
0.0855653
0.063591
0.0615371
0.0105422
0.0172781
0.0102056
0.0179399
0.21968
0.21324
0.223831
0.308081
0.190386
0.149922
0.168473
0.169283
0.198013
0.192361
0.20257
0.323263
0.496696
0.54195
0.501802
0.550637
0.165002
0.156606
0.17558
0.336621
0.171503
0.115224
0.156867
0.149116
0.179332
0.180395
0.18916
0.310722
0.559327
0.618398
0.607243
0.590499
-0.0500842
-0.000232231
-0.0321773
0.0126406
0.00628152
0.0124522
0.0136644
0.00627278
-0.0363548
-0.0310418
-0.0178152
0.0127171
-0.0688735
-0.00542489
-0.0345348
-0.0377904
-0.0247023
-0.000322165
0.0079687
0.0190871
0.0105448
0.0172792
0.0102069
0.0179413
-0.0253243
-0.0256503
0.0146672
0.014613
0.0328952
0.0855602
0.0635741
0.061497
0.219675
0.213252
0.223862
0.308083
0.496696
0.541944
0.501794
0.550641
0.191047
0.150287
0.168799
0.169763
0.198009
0.192345
0.202559
0.323263
0.165001
0.156629
0.175576
0.336615
0.559344
0.618408
0.607251
0.590506
0.172479
0.118146
0.160992
0.14984
0.179345
0.180383
0.189172
0.310709
0.138132
0.139535
0.122316
0.15621
0.144325
-0.013181
-0.00651593
0.179697
0.00176499
-0.000292088
0.00102007
0.00101954
0.226571
0.00468192
0.0112164
0.0112165
0.0566176
0.0902143
0.0732906
0.0729275
0.000496702
-0.00105083
0.000259915
-0.00148856
0.113135
0.115285
0.0999897
0.128966
0.138603
0.159675
0.150093
0.0942078
0.00162434
0.000564426
0.00126528
0.00126526
0.130912
0.180351
0.129039
0.129087
0.0441478
0.0737396
0.0593373
0.0585156
0.00116746
0.000297414
6.92542e-05
0.00099375
0.132431
0.193139
0.160182
0.160184
0.141161
0.196006
0.153877
0.153888
0.181862
0.1982
0.172202
0.186359
0.27222
0.281815
0.246406
0.311501
0.480249
0.510735
0.498645
0.498642
0.129546
0.132716
0.122333
0.122333
0.155842
0.124233
0.134904
0.140198
0.507271
0.531351
0.53398
0.514637
0.138132
0.139534
0.122315
0.15621
0.144306
-0.0131805
0.179698
-0.00653884
0.0566124
0.0902105
0.0732867
0.0729236
0.000491822
-0.00105364
0.000256533
-0.00149223
0.113135
0.115285
0.128966
0.0999898
0.138602
0.159578
0.150075
0.0942127
0.0441487
0.0737404
0.0593385
0.0585163
0.00116779
0.000297662
6.98615e-05
0.00099401
0.177198
0.199226
0.186347
0.165623
0.271923
0.281803
0.311479
0.245987
0.156603
0.125119
0.140862
0.13553
0.507287
0.531355
0.514651
0.533981
0.0227784
-0.00444851
-0.0374361
-0.037548
0.00952754
0.0155488
0.00863875
0.00920026
0.0779052
0.109661
0.0798747
0.103885
0.0763095
0.0683651
0.0517569
0.0925374
0.013291
-0.0058415
0.0144843
0.0144854
0.0118027
0.0124787
0.0127652
0.0127647
0.0382571
0.0454389
0.0218036
0.0631534
0.120177
0.121185
0.103855
0.138733
0.0151825
0.0145065
0.015372
0.0153719
0.0175553
0.0183147
0.0181983
0.0181985
0.182214
0.143928
0.162089
0.164407
0.596002
0.662654
0.643691
0.643687
0.452961
0.387084
0.416912
0.416913
0.61764
0.65032
0.641186
0.641186
0.638924
0.650527
0.646116
0.646116
0.586784
0.566561
0.574321
0.574321
0.022785
-0.00499678
-0.0374364
-0.0375476
0.00952841
0.015549
0.00863867
0.00920076
0.0778733
0.108293
0.103943
0.0759771
0.076267
0.0689205
0.0521799
0.0929657
0.0368466
0.0457712
0.0632786
0.021793
0.120177
0.121177
0.103853
0.138731
0.182967
0.144304
0.16494
0.162593
0.596
0.662621
0.643635
0.643647
0.0729707
0.0557074
0.0890864
0.0728135
0.00793397
-0.0364369
0.07034
0.0449062
0.186378
0.165132
0.162963
0.144102
0.132663
0.134984
0.190779
0.205702
0.072969
0.0557032
0.0890845
0.0728107
0.132574
0.134984
0.19078
0.205627
0.186761
0.165429
0.163624
0.144284
0.00605117
-0.0370711
0.0703405
0.04208
0.00261288
0.00203189
0.00158666
0.00133288
0.00261217
0.00202794
0.00158523
0.00133045
0.0138064
0.0149352
-0.00391607
0.0152129
0.0138399
0.0149346
-0.00391224
0.0152158
0.120361
0.149209
0.154333
0.182733
0.394337
0.442677
0.375404
0.410568
0.394335
0.442635
0.375373
0.410565
0.12035
0.1492
0.154335
0.182732
0.166835
0.193239
0.00540048
0.0115135
0.131046
0.11225
0.169577
0.140464
0.112261
0.131239
0.14043
0.169578
0.193241
0.166844
0.0115138
0.00540091
-0.0687652
-0.0376691
-0.0375526
-0.00498638
0.0343305
-0.0495735
-0.039591
-0.0187742
0.156574
0.176762
0.139418
0.159048
0.167649
0.186197
0.146905
0.165965
-0.0687664
-0.0376724
-0.0375544
-0.00457412
0.168115
0.186908
0.1474
0.166582
0.156753
0.177356
0.139586
0.159708
0.0343317
-0.0495654
-0.0395779
-0.0187707
0.00798082
0.00706328
0.00785102
0.0140016
0.00706142
0.00798009
0.0140006
0.00785005
0.00987153
0.0100375
0.0164141
0.00953615
0.0100356
0.00987049
0.00953538
0.0164135
0.568499
0.596472
0.629989
0.639938
0.582327
0.621874
0.633062
0.64598
0.621873
0.582335
0.645979
0.633062
0.596465
0.568502
0.639977
0.629974
0.0431289
0.052707
0.0601053
0.0706412
0.0586867
0.0423342
0.0714272
0.0576277
0.0820841
0.115382
0.124128
0.112954
0.163145
0.146764
0.143788
0.127979
0.0431319
0.0527073
0.0601071
0.0706395
0.163873
0.147492
0.144489
0.128751
0.0824996
0.115427
0.123594
0.113053
0.0586859
0.0423647
0.0714273
0.057628
0.0179627
0.0184953
0.0193145
0.0185887
0.0179647
0.0184966
0.0193154
0.0185896
0.00211202
0.00146977
0.00160319
0.00151091
0.00211256
0.00144011
0.00160309
0.00151074
0.542528
0.570664
0.551841
0.569029
0.447774
0.469052
0.490586
0.494979
0.447633
0.469046
0.490584
0.494963
0.542536
0.570663
0.55184
0.569031
-0.00186878
0.108015
0.143209
0.102807
0.105225
-0.00188204
0.102726
0.143208
0.0951474
0.0858212
0.105431
0.0993283
0.0858036
0.0950949
0.099327
0.105428
0.0400169
0.0893815
0.00522541
0.14555
0.0197642
0.0041165
0.0315747
0.0626989
0.00498819
0.0820859
0.012814
0.00308014
0.0523657
0.0554813
0.0445072
0.0682961
0.0779409
0.0642873
0.0715941
0.0419224
0.177812
0.051533
0.10898
0.189418
0.00522566
0.145639
0.0400154
0.0893493
0.0197492
0.00411027
0.00500202
0.082101
0.0315881
0.0626994
0.0129676
0.00323488
0.044634
0.0683717
0.052415
0.0554617
0.0779308
0.0642514
0.177649
0.0515131
0.071597
0.0419224
0.108947
0.189302
-0.0922278
0.0217383
-0.0338135
0.0116822
-0.0807868
-0.0254611
0.0141727
0.0108191
0.0233424
0.0228542
0.013364
0.0147596
0.0153994
0.0145498
0.0146813
0.0174989
0.220589
0.327537
0.213673
0.208129
0.209455
0.326831
0.426661
0.4503
0.180767
0.298797
0.191873
0.193202
0.189289
0.30734
0.436368
0.430652
-0.092089
0.021738
0.0141699
0.0108163
-0.0338647
0.0116809
-0.0812606
-0.0254742
0.0233432
0.0228563
0.0146838
0.0175016
0.0133546
0.0147619
0.0154129
0.0145523
0.220662
0.326385
0.426545
0.450312
0.214134
0.20899
0.209368
0.326828
0.180775
0.298792
0.436363
0.430623
0.192723
0.194219
0.189292
0.307342
0.103623
0.0150024
0.0814203
0.108437
0.121085
0.153684
0.000218611
0.14865
0.00396171
0.2276
0.00396352
0.227594
0.00293467
0.00293479
0.231514
0.231514
0.0201616
0.00105163
0.020851
0.0010525
0.0396838
0.0376958
0.00285736
0.000218537
0.0860411
0.0751133
0.0759864
0.0421664
0.0988561
0.124252
0.117015
0.0618127
0.00274691
0.113612
0.00274527
0.113641
0.0022316
0.00223189
0.118493
0.118493
0.0130131
0.00263242
0.0147643
0.00263124
0.0285526
0.0289065
0.00220993
0.00338733
0.0649904
0.0717788
0.0649905
0.0717807
0.0989748
0.0989086
0.111248
0.111285
0.166116
0.179502
0.225875
0.260722
0.201469
0.185223
0.223529
0.283828
0.228084
0.0935729
0.222408
0.0954176
0.359554
0.359443
0.114355
0.113968
0.154741
0.311121
0.169657
0.326948
0.170045
0.175215
0.481841
0.464217
0.10365
0.014963
0.0814115
0.108501
0.121084
0.153722
0.148691
0.000195887
0.0198269
0.000726717
0.0208307
0.00103231
0.0396779
0.0376757
0.00285179
0.00019865
0.0860433
0.0751174
0.075616
0.0421656
0.124254
0.0988556
0.117054
0.0618167
0.0130373
0.00265593
0.014761
0.0026334
0.0285541
0.0289223
0.00221126
0.00340315
0.166058
0.179209
0.22461
0.260733
0.185203
0.202413
0.283826
0.223346
0.154112
0.311008
0.169654
0.326922
0.175925
0.170765
0.464208
0.481823
-0.00842913
0.0136756
0.00757799
0.0144619
-0.00172148
0.00557316
0.013481
0.0140013
0.0235026
0.0256052
0.128008
0.129014
0.0512126
0.106348
0.0555905
0.100981
0.0126709
0.0122777
0.0126693
0.0122764
0.012933
0.0129339
0.0120566
0.012056
0.101757
0.102427
0.142416
0.15035
0.0151893
0.0621005
0.10194
0.123717
0.0166694
0.0173218
0.01667
0.0173225
0.0159668
0.0159667
0.017398
0.0173982
0.196091
0.319217
0.189068
0.318321
0.196295
0.199512
0.456687
0.458684
0.512305
0.567944
0.512288
0.56791
0.483893
0.483896
0.593308
0.59331
0.626731
0.607296
0.626735
0.607295
0.63343
0.63343
0.596251
0.596251
-0.00842773
0.0136759
0.0075843
0.0144632
-0.00172508
0.00557417
0.0134815
0.0140024
0.023215
0.0253788
0.128179
0.129242
0.106455
0.0510507
0.0555032
0.101055
0.101998
0.102422
0.142372
0.150299
0.0593654
0.0151338
0.101932
0.127906
0.196054
0.319174
0.189064
0.318317
0.200084
0.197087
0.45869
0.456697
0.123285
0.158452
0.106837
0.107116
0.180161
0.17836
0.124261
0.155759
0.123283
0.158452
0.106834
0.107113
0.178361
0.180322
0.156499
0.124259
-0.000790744
-0.000791517
-0.00104338
-0.00284229
-0.00104504
-0.00284422
-0.0044405
-0.00443947
0.221228
0.221226
0.260172
0.316473
0.316389
0.252962
0.351585
0.351585
-0.00730838
0.200023
0.196547
0.196546
0.197941
0.197941
0.200023
-0.00730802
0.0208796
0.0125458
0.0446799
0.0846607
0.0288956
0.0685361
0.124113
0.125276
0.0205712
0.0119783
0.0445453
0.0847348
0.067808
0.0279428
0.125555
0.124314
0.0145011
0.0151285
0.0134737
0.0134735
0.0147771
0.0147771
0.014501
0.0151287
0.664195
0.663658
0.661467
0.661475
0.657687
0.657687
0.663634
0.664179
0.101701
0.132247
0.0895955
0.0878499
0.150319
0.157777
0.10612
0.139539
0.132247
0.101702
0.0895967
0.0878506
0.15777
0.150319
0.106121
0.139534
0.000340995
0.000340968
-0.000694873
0.000252897
-0.000694651
0.000252991
-0.0015776
-0.00157746
0.516742
0.516741
0.54299
0.523543
0.523545
0.542989
0.554629
0.554628
0.173976
0.110122
0.1748
0.1748
0.121276
0.121287
0.173944
0.110127
0.0563681
0.0892891
0.0568172
0.112737
0.00322968
0.00321599
0.180271
0.214953
0.0391976
0.0392387
0.00393981
0.00328688
0.044822
0.0730142
0.078812
0.102765
0.00219265
0.00238314
0.101982
0.111455
0.0285801
0.0280097
0.00349557
0.00317584
0.102534
0.129492
0.09476
0.120953
0.0861877
0.0922451
0.0847396
0.0981194
0.126312
0.157688
0.106572
0.166939
0.080962
0.0864167
0.064467
0.0672869
0.313123
0.343942
0.080773
0.098029
0.113209
0.146
0.346396
0.44709
0.00322884
0.0032164
0.180291
0.214966
0.0563646
0.089288
0.0559256
0.112732
0.0391896
0.0392324
0.00393582
0.00328117
0.0022066
0.00238224
0.101965
0.111735
0.0448354
0.0730122
0.0793369
0.102765
0.0286256
0.0280555
0.00354007
0.00322081
0.0861514
0.0922444
0.0847267
0.0981325
0.102517
0.129334
0.0947886
0.121
0.126331
0.157871
0.106572
0.16695
0.312891
0.343655
0.0808193
0.0980711
0.0809029
0.0863424
0.0644755
0.067279
0.113232
0.14603
0.346353
0.446907
-0.0848777
0.0317511
0.0197378
-0.00463071
-0.0174983
-0.00945968
0.0117809
0.0126682
-0.072776
-0.00766857
-0.0690487
-0.0050315
0.0184354
0.0138517
0.00713301
0.013228
0.0179128
0.0269545
0.023542
0.0211208
0.015197
0.0123018
0.0144554
0.0142287
0.0340574
-0.0203039
0.0330647
0.0438287
0.0102889
0.0168458
0.0213273
0.0179515
0.212744
0.206765
0.386118
0.343344
0.191536
0.147007
0.188298
0.148404
0.205347
0.202493
0.452404
0.449204
0.457563
0.479947
0.531795
0.592834
0.187892
0.178955
0.472827
0.498177
0.174074
0.13679
0.171388
0.130474
0.194309
0.19643
0.441323
0.450767
0.57145
0.633339
0.555937
0.594267
-0.0854623
0.0317123
0.0197056
-0.00467962
0.0184328
0.0138492
0.00713081
0.0132264
-0.0175066
-0.00946574
0.0117795
0.0126679
-0.0734124
-0.00813941
-0.0690514
-0.00541422
0.0179129
0.0269573
0.0235443
0.0211238
0.0102912
0.0168467
0.0213283
0.0179525
0.0151946
0.012301
0.0144574
0.0142302
0.0340637
-0.0201861
0.0330666
0.0437953
0.21309
0.207417
0.386123
0.343262
0.457413
0.479945
0.531778
0.59282
0.19193
0.147219
0.188953
0.148709
0.206076
0.203147
0.452463
0.449196
0.188691
0.179649
0.472824
0.498195
0.571482
0.633339
0.555938
0.59428
0.174879
0.137343
0.172196
0.131235
0.195291
0.197167
0.441319
0.450768
0.106188
0.105568
0.172257
0.17528
0.156537
0.183953
0.185134
0.161429
0.00218961
0.000521235
0.000520032
0.00218925
0.00519446
0.217679
0.217666
0.00519467
0.0562892
0.089821
0.0895087
0.0537377
0.000267665
0.00126405
-0.00315791
-0.00327952
0.0859208
0.0864704
0.145936
0.140282
0.158053
0.126055
0.0844279
0.104987
0.0018723
0.00104161
0.00104154
0.00187257
0.115189
0.1711
0.171101
0.117389
0.0437386
0.0751964
0.0726252
0.043268
-0.000921989
-0.000766098
0.0013038
0.000950261
0.188009
0.126536
0.126536
0.188014
0.126499
0.189055
0.189055
0.126494
0.182929
0.160261
0.195313
0.167465
0.210955
0.216398
0.34606
0.333267
0.465465
0.504329
0.504329
0.465359
0.112106
0.116081
0.116073
0.112074
0.144878
0.133788
0.125295
0.159493
0.525582
0.550498
0.511181
0.488235
0.105567
0.106187
0.17528
0.172297
0.161454
0.185134
0.183953
0.156537
0.0898182
0.0562845
0.0537182
0.0895055
0.00125963
0.000265558
-0.00328239
-0.00317727
0.140284
0.145922
0.0864707
0.0859204
0.126072
0.158052
0.104995
0.0844533
0.0751978
0.0437404
0.0432836
0.0726257
-0.000764926
-0.000921472
0.000950433
0.00131879
0.167289
0.195315
0.153874
0.183653
0.333262
0.346059
0.216402
0.210952
0.160238
0.126161
0.133792
0.144914
0.488233
0.51118
0.550498
0.525584
-0.0685298
-0.0041239
-0.0104673
-0.0305957
0.0147752
0.00875408
0.00978163
0.0159812
0.020045
0.103314
0.139456
0.125213
0.0249157
0.0254427
0.127703
0.126364
0.0141263
-0.00487743
-0.0048755
0.0141264
0.0130188
0.01376
0.0137595
0.0130179
-0.00111922
0.00680631
0.1275
0.135697
0.0917264
0.086358
0.1561
0.157037
0.0161562
0.0156425
0.0156422
0.0161558
0.0180406
0.0188303
0.0188308
0.0180412
0.179466
0.141262
0.145394
0.184209
0.586818
0.660721
0.657456
0.591426
0.447943
0.381256
0.381256
0.447943
0.652267
0.618161
0.618158
0.652265
0.641281
0.652943
0.652942
0.641281
0.562143
0.583579
0.58357
0.562144
-0.00452936
-0.0685298
-0.0310786
-0.0112354
0.00875431
0.0147748
0.0159816
0.00978294
0.125359
0.139053
0.105615
0.0196989
0.0252428
0.0257164
0.126878
0.127931
0.135824
0.128133
0.00536172
-0.00111912
0.0863583
0.0917279
0.157082
0.15608
0.18493
0.145809
0.141799
0.180149
0.591427
0.657456
0.660756
0.586807
0.0198803
0.0200665
0.0560914
0.0566442
0.0216307
0.0564871
0.0560272
0.0206982
0.12361
0.122864
0.0895031
0.0900629
0.11835
0.0883937
0.0892737
0.121854
-0.0665933
-0.0694709
-0.0711886
-0.095488
0.0534478
0.0489778
-0.00845051
-0.00648535
0.124221
0.0900182
0.0880035
0.0984041
0.0220432
0.0145076
0.0510392
0.0553085
0.217562
0.221545
0.188929
0.191049
0.200535
0.181167
0.184826
0.228956
0.160826
0.126483
0.143464
0.159497
0.107612
0.148323
0.145746
0.105077
0.0401711
0.0562037
0.119067
0.112919
0.097934
0.155204
0.186146
0.0880561
0.159373
0.19734
0.19314
0.157409
0.1811
0.153694
0.151318
0.179446
0.0198697
0.0566432
0.0560876
0.0200457
0.116602
0.121854
0.0892722
0.0884029
0.123608
0.0900597
0.0895007
0.122862
0.0214598
0.0206618
0.0560228
0.0564821
0.0401737
0.113338
0.119074
0.0566867
0.181204
0.173148
0.15125
0.153693
0.159373
0.157409
0.193141
0.197341
0.0978941
0.0885665
0.186209
0.155223
0.21758
0.191451
0.189291
0.22153
0.107729
0.105177
0.145975
0.148595
0.160825
0.158591
0.143812
0.123528
0.200441
0.229504
0.185466
0.182076
-0.0665538
-0.0964872
-0.0719543
-0.0700743
0.0220294
0.0552957
0.0510192
0.0144553
0.124218
0.0953192
0.0880015
0.0900146
0.0533117
-0.00688946
-0.0089447
0.0487887
0.00466758
0.00403353
0.00263072
0.00387726
0.00389222
0.00197731
0.00240126
0.0040309
-0.00169598
-0.000391663
0.000927104
0.000114605
0.00222263
0.00234519
0.00164791
0.000880289
0.00466516
0.00387031
0.00262832
0.00403456
0.00205684
0.000875646
0.00164373
0.00217874
-0.00169688
0.000113955
0.000925336
-0.000394112
0.00389311
0.00403271
0.00240075
0.0019771
0.0198297
0.0161927
0.016116
0.0154181
0.0121581
0.0137095
0.0145325
0.0131688
-0.00352138
-0.00216808
-0.00439657
-0.00535947
0.00220913
-0.0039099
-0.0050105
-0.00134273
0.0198313
0.0154664
0.0161343
0.0161954
0.00222252
-0.00133086
-0.00498387
-0.00385319
-0.00352035
-0.00535844
-0.00439369
-0.00216529
0.012159
0.0131711
0.0145324
0.0137088
0.0531303
0.0925503
0.117777
0.0545907
0.199937
0.240956
0.180499
0.152631
0.261738
0.190682
0.185233
0.259911
0.0684369
0.0613705
0.123379
0.129548
0.329136
0.482002
0.425999
0.323144
0.513629
0.450497
0.445302
0.511025
0.318967
0.313893
0.378336
0.384269
0.238899
0.284662
0.3639
0.302771
0.329129
0.323135
0.425996
0.481566
0.238901
0.30277
0.363897
0.284661
0.318951
0.38427
0.378336
0.313855
0.513628
0.511014
0.445249
0.450497
0.0531094
0.0545898
0.117755
0.092565
0.0684364
0.129547
0.123378
0.0613753
0.25521
0.250182
0.185233
0.190687
0.199686
0.152551
0.180456
0.240843
0.078717
0.0860859
0.172452
0.18014
0.00370555
0.150243
0.162366
0.0845993
-0.00785799
0.00486104
0.00537444
-0.00691219
0.231729
0.215996
0.206235
0.222199
0.0426203
0.0529343
0.106126
0.0681499
0.0776168
0.133964
0.119216
0.0655542
0.203303
0.190242
0.180026
0.192579
0.105868
0.0950663
0.155942
0.165721
0.0425937
0.0682744
0.106069
0.0529499
0.105852
0.165734
0.157303
0.0943274
0.203303
0.192579
0.180026
0.190242
0.0776918
0.0655567
0.119203
0.133957
0.0787109
0.180114
0.17336
0.0860846
0.231934
0.222196
0.206173
0.215995
-0.00785781
-0.00691166
0.00537476
0.00486114
0.00334066
0.0848736
0.162366
0.150249
-0.0454897
-0.0225044
-0.0689069
-0.0687277
-0.00399294
-0.0212659
-0.0686475
-0.0131181
0.0409953
0.0476201
-0.00488268
-0.00405453
0.0557631
-0.0050453
-0.00502041
0.0548625
0.0129801
0.0334533
0.0337683
0.0139965
0.119801
0.0184735
-0.019642
0.0852877
0.0326092
-0.00658769
-0.013739
0.0253154
0.00401766
0.0111342
-0.0339559
0.0259821
0.188804
0.189232
0.175422
0.172577
0.190531
0.18082
0.17809
0.189076
0.0724387
0.064629
0.140011
0.142685
0.0599991
0.137228
0.138104
0.0610865
0.212414
0.189341
0.187242
0.206056
0.105104
0.0968617
0.147658
0.149204
0.0807225
0.144687
0.146066
0.0882858
0.193588
0.199141
0.185215
0.183209
-0.0454839
-0.0687313
-0.0689089
-0.0225118
0.0556786
0.0548519
-0.00543863
-0.00542035
0.0407538
-0.00449049
-0.00455193
0.0483602
-0.00398816
-0.0131202
-0.0686481
-0.0214377
0.21228
0.206006
0.187911
0.189992
0.193565
0.183953
0.185913
0.199125
0.0806307
0.088854
0.146584
0.145071
0.105217
0.149563
0.147978
0.0969035
0.188817
0.173494
0.175969
0.18924
0.0596306
0.0610177
0.138253
0.135835
0.0718648
0.143019
0.140677
0.0639437
0.190521
0.189067
0.178766
0.181546
0.0129741
0.0139825
0.0337678
0.033458
0.00402501
0.0259873
-0.0340897
0.0111437
0.0321094
0.0255727
-0.0149073
-0.0070191
0.1198
0.0852719
-0.0195942
0.0184718
0.0112246
0.00670909
0.00755691
0.0121997
0.0117024
0.0124109
0.0136148
0.0128412
0.013828
0.015162
0.0143884
0.0131195
0.0139941
0.0131927
0.00836744
0.00914081
0.0112219
0.012199
0.00755545
0.00670617
0.0139947
0.00914132
0.00836722
0.0131928
0.0138278
0.0131191
0.0143877
0.0151619
0.0117016
0.0128393
0.0136135
0.0124104
0.0148349
0.010418
0.0101643
0.0146874
0.0162642
0.0156694
0.0166304
0.0170629
0.0144797
0.0157653
0.0161979
0.0150745
0.0143884
0.0145381
0.0099102
0.00965567
0.0148323
0.0146853
0.0101622
0.0104156
0.0143873
0.00965463
0.00990863
0.0145365
0.0144797
0.0150745
0.0161973
0.015765
0.016264
0.0170619
0.0166296
0.0156693
0.328562
0.325069
0.550163
0.514061
0.318044
0.593644
0.577885
0.321337
0.663253
0.651406
0.650482
0.66291
0.568461
0.567352
0.617641
0.61814
0.305396
0.565413
0.577665
0.309021
0.625893
0.640268
0.640211
0.625902
0.662609
0.662437
0.651718
0.651902
0.322107
0.314139
0.586925
0.594995
0.305425
0.309029
0.577673
0.565446
0.322098
0.594987
0.586931
0.314149
0.662609
0.651901
0.651717
0.662434
0.625894
0.625902
0.640211
0.640267
0.328573
0.514061
0.550164
0.325068
0.568461
0.61814
0.617638
0.567335
0.663253
0.662923
0.650446
0.651402
0.318043
0.321345
0.577924
0.59362
0.0223139
0.0086928
0.0353438
0.0333696
0.0149999
0.0439455
0.0435309
0.0118571
0.104714
0.107526
0.0759209
0.0744711
0.120058
0.084794
0.0694588
0.103257
0.0142285
0.0463513
0.0436334
0.0125736
0.0979674
0.0995305
0.072307
0.0735753
0.102506
0.0731871
0.0720531
0.100882
0.0141023
0.0126713
0.0428186
0.0437112
0.0743341
0.120356
0.098243
0.063948
0.161101
0.152448
0.130161
0.143213
0.133823
0.13065
0.135001
0.129441
0.0948666
0.0447329
0.112916
0.12673
0.183447
0.170897
0.167266
0.178606
0.123833
0.138338
0.129303
0.131755
0.137159
0.124801
0.126212
0.139113
0.166654
0.172618
0.161319
0.157668
0.0222259
0.0333715
0.0353445
0.00869784
0.120052
0.103257
0.0694592
0.0847907
0.104715
0.0744723
0.0759226
0.107527
0.0149991
0.0118394
0.0435332
0.0439469
0.183438
0.178586
0.168033
0.171643
0.166647
0.158422
0.162056
0.172615
0.137159
0.139178
0.126994
0.125711
0.12389
0.132479
0.130078
0.138332
0.0743306
0.0637666
0.0982266
0.120347
0.0948667
0.126731
0.112756
0.046348
0.133823
0.130042
0.135001
0.13065
0.16107
0.14321
0.130173
0.15321
0.0143046
0.0126956
0.0436557
0.0463591
0.0141124
0.0437195
0.0428416
0.0127289
0.102507
0.100882
0.0720534
0.0731878
0.0979683
0.0735765
0.0723063
0.09953
0.0215153
0.0198507
0.0196411
0.0209706
0.0169978
0.0177981
0.0182701
0.017633
-0.00108047
-0.000312286
0.0190746
0.0185727
0.0032807
0.0215241
0.0187961
0.000200674
0.0215176
0.0209746
0.0196427
0.019852
0.00328262
0.000201512
0.0187977
0.0215275
-0.00108039
0.0185729
0.0190753
-0.000311904
0.0169981
0.017634
0.018271
0.0177984
0.00423132
0.00289539
0.0018382
0.00303686
0.00271481
0.00174846
0.00199273
0.00277183
-0.000121158
0.000624048
0.00127681
0.000803144
0.00329389
0.00274736
0.00139428
0.00124329
0.00415413
0.00291491
0.0018164
0.00288958
0.00328129
0.00123563
0.00137196
0.00269102
-0.000121186
0.000803119
0.00127668
0.000623839
0.00271562
0.00277358
0.00199314
0.0017486
0.30025
0.317915
0.549695
0.560965
0.32024
0.517083
0.534057
0.333135
0.544755
0.56449
0.559771
0.541184
0.607327
0.60693
0.581657
0.585285
0.135482
0.211821
0.409785
0.250017
0.234625
0.473178
0.457216
0.221596
0.525706
0.521277
0.500842
0.507646
0.311706
0.307988
0.478745
0.497688
0.135097
0.249952
0.409677
0.211538
0.311649
0.497702
0.478772
0.30796
0.525706
0.507641
0.500838
0.521281
0.231646
0.218258
0.457115
0.473274
0.300243
0.560863
0.549694
0.317873
0.607327
0.585285
0.581663
0.606956
0.544754
0.541184
0.559772
0.564489
0.320203
0.333118
0.534061
0.517083
0.055367
0.0886436
0.0971244
0.0684699
0.122064
0.11976
0.11921
0.105168
0.181365
0.162096
0.159732
0.177492
0.0763432
0.0786664
0.126549
0.135828
0.0553223
0.0684616
0.099092
0.0886478
0.0761166
0.135867
0.126562
0.078656
0.181447
0.177492
0.15973
0.162057
0.122092
0.105279
0.118057
0.119772
0.0317136
0.0690778
0.0849421
0.0441596
0.102926
0.120548
0.103614
0.0861971
0.118309
0.102186
0.107829
0.124229
0.0381408
0.0456705
0.0875049
0.0814612
0.0317379
0.0441686
0.0848893
0.0689562
0.0380146
0.0814331
0.0875102
0.0456648
0.118222
0.12423
0.107821
0.102176
0.101575
0.0856807
0.10359
0.120502
