-0.852954
0.165
-1.895
-0.68319
0.305
2.105
-0.681017
0.735
-1.975
-0.605984
0.995
2.075
0.842865
0.165
-1.905
0.683188
0.305
2.105
0.675
0.735
-1.98046
0.605
0.995997
2.075
0.0230359
0.0678362
0.159239
0.148469
0.015811
0.0674495
0.161478
0.151118
0
0
0
0
0
0
0
0
0
0
0
0
0
0
0
0
0
0
0
0
0
0
0
0
0
0
0
0
0
0
0
0
0
0
0
0
0
0
0
0
0
0
0
0
0
0
0
0
0
0
0
0
0
0
0
0
0
0
0
0
0
0
0
0
0
0
0
0
0
0
0
0
0
0
0
0
0
0
0
0
0
0
0
0
0
0
0
0
0
0
0
0
0
0
0
0
0.0543863
-0.000867337
-0.0239411
0.0969504
0.00809427
0.0188931
0.106053
0.0522048
0.0516088
0.0472239
0.0565547
7.35225e-05
0.0970285
0.0178395
0.0522151
0.0473396
-0.00423122
0.0873367
-0.00280112
0.117009
-0.00402721
0.00790572
0.25027
0.400403
-0.00972528
0.0932747
0.119425
0.0086553
0.102537
0.111917
-0.011874
0.144155
0.347141
0.109026
0.112262
-0.00773006
0.440564
0.192698
0.194045
0.00926809
0.242892
0.212132
-0.00206442
0.00161127
-0.0231273
0.0213549
0.0366471
0.0217947
0.0355101
0.0299868
0.0305969
0.00194234
0.0159
0.0137905
0.00161507
0.00049741
-0.00949668
0.0366421
0.0214043
0.0209972
0.0296318
0.035019
0.0315872
0.0155032
0.00221219
0.0131677
-0.000213764
0.0106211
0.0263914
-0.0176964
-0.0173396
0.00268091
0.046141
-0.00307351
0.00334461
0.0440774
-8.85769e-05
0.10039
-0.00479786
0.0517704
0.00701602
0.191142
-0.00258003
-0.00970634
0.0250378
0.0321332
-0.0154707
-0.00240467
0.00871575
0.0479986
0.00300466
0.0986952
0.0443951
-0.000735063
-0.00489442
0.190337
0.0518205
0.00706896
0.0350172
0.108705
-0.00984235
0.142814
0.0238806
-0.0101579
0.0136411
0.0450475
0.000309611
0.0765004
0.0609896
0.0127058
0.045842
0.0895118
0.0640719
0.0233159
-0.0553637
-0.0275379
0.0187507
0.0785275
0.0372472
0.106175
0.0196514
-0.0180056
0.014154
0.04498
0.0623213
0.0140669
0.0660739
0.0227403
0.0190233
0.0776408
0.0397642
-0.00834788
-0.00766152
0.00298882
-0.0067937
0.00231809
0.00168436
0.00860592
-0.00220183
-0.00906615
0.0498375
0.210095
-0.0968771
0.0505939
0.011893
0.0332611
0.0455105
-0.00440429
-0.00838868
0.00284426
0.00100674
0.00819499
0.0493506
0.208892
0.0271681
0.0168343
0.0337655
0.101922
0.0292973
0.105981
0.0370823
0.0175117
-0.0167242
-0.0201063
-0.0121507
-0.0101988
0.0438162
-0.0044854
-0.0345037
0.0436586
0.208598
0.146848
0.144485
0.218119
0.0350686
0.0435832
0.0543331
0.0505421
0.0407919
0.0504258
0.0533322
0.0482609
-0.0162223
-0.00679869
-0.00699112
-0.0103343
0.201254
0.215531
0.21436
0.199664
0.0542327
0.0544497
0.05138
0.040241
0.0559297
0.0402111
0.0517185
0.0554178
-0.00468874
-0.00389878
0.0143004
0.0135744
0.163033
-0.0075301
-0.00820331
0.162153
0.094951
0.0954977
0.0361811
0.0363043
-0.0107276
0.00273639
-0.023087
0.000810515
-0.0220122
0.00395346
-0.0162353
0.0103773
0.0121962
0.0107464
0.0105286
0.00813786
0.00272343
-0.0107199
-0.0110967
-0.0219646
0.000770716
0.00465384
0.0104147
-0.0171001
0.0125447
0.00982955
0.0106035
0.00771415
0.000392976
0.00219891
0.0205486
-0.00519124
-0.0180171
-0.0109721
0.0412896
-0.00538033
0.00319786
0.0152504
-0.00156354
0.0677064
0.000115549
0.0212773
0.001735
0.0618596
0.00674077
-0.00546464
-0.00762338
0.0278075
-0.00994502
-0.0187861
-0.0100198
0.0430117
0.00442503
0.0661912
0.0146568
-0.00281689
0.000136856
0.0620433
0.0205066
0.00127846
0.00290261
0.00248695
0.0297317
0.0560774
-0.00114594
-0.00112494
-0.00991027
0.23253
0.0223439
0.0176003
0.022377
0.0102426
0.00581195
-0.0208188
0.0196057
0.0198316
-0.0261947
-0.0262032
0.00240422
0.0885302
0.00307318
0.00248723
0.0496118
-0.0150011
0.00499409
0.005029
-0.00638316
0.0531217
0.00330512
0.00266007
0.0170319
0.0216823
0.00162423
0.00148599
-0.00117363
0.080686
0.0045377
0.00889627
0.0168446
0.0514455
0.00284211
0.00321166
0.0334203
0.0533186
0.00157644
-0.011652
0.0190176
0.000200059
0.00605549
-0.0209159
0.0199725
0.0201659
-0.000906578
0.00246148
0.0513665
-0.0165595
0.00323887
0.00277771
0.018628
0.0212928
0.00463071
0.00887996
0.0163924
0.0515324
-0.00591221
-7.06551e-05
0.0497532
-0.0059475
0.000687224
0.0057502
-0.000360586
-0.000110885
0.0196547
0.0173575
-0.00354494
-0.000144217
0.000590304
0.00890357
0.000833537
-0.00772434
0.0184525
0.0182384
-0.00212905
-0.0108407
-0.000104183
-8.30366e-05
0.0192051
0.0552559
0.00868409
0.00865464
0.00173432
0.00462947
0.00762064
0.00746196
0.00329952
0.00812783
-0.0155887
-0.00661006
0.0563653
-0.0063226
0.000787569
0.0056085
-0.000941759
-1.70152e-05
0.000461179
0.00879853
0.00145947
-0.00841151
0.00114289
6.56527e-05
0.0178244
0.0557388
-0.000178662
0.000976497
0.00172535
0.000313079
0.00377869
0.000286137
0.000506398
5.79459e-05
-5.4515e-05
0.0218677
0.0221888
0.000140928
0.00550928
0.00980089
0.00991545
0.00690633
0.00883975
-0.0269909
0.0129308
0.00869192
0.000311036
0.000718139
8.80428e-05
0.0069182
0.000298915
0.000984018
-1.91276e-05
0.0069269
0.01983
-0.00242129
-0.000166039
0.0197011
0.00827527
0.0121503
0.00358052
0.0082002
0.00363004
-0.0022036
0.0216019
0.000394576
0.00342701
-0.00205803
0.0211148
0.000541164
-0.000605349
0.0243723
0.0243772
0.00153623
0.00380063
0.00498085
0.00522831
0.00485799
0.00441155
0.00548679
-0.0377597
0.00137688
0.013673
0.00418601
-0.012648
0.0464694
0.018154
0.0122352
0.0164205
0.0181001
0.000656099
0.0553167
0.0278612
-0.0189262
0.0431748
-0.020789
0.00864336
0.0456408
0.0706112
0.0229334
0.0389747
0.0142362
0.00176064
0.0458354
0.0232618
0.0139512
-0.012334
0.0420015
0.01693
-0.00613864
0.0146253
-0.000581036
0.000650306
0.0550923
0.0163657
0.0179963
0.028967
-0.0198567
0.00864884
0.0454229
0.041389
-0.0215784
0.0712594
0.0218654
0.00178617
0.0461942
0.0390976
0.0143734
0.0234927
0.0135542
0.0207934
-0.000474776
0.0331843
-0.00774346
-3.4371e-05
-6.30331e-06
0.00210014
0.00660251
0.0501709
-0.000865431
0.0514114
-0.00733326
-0.000716961
0.00140519
-0.00362635
-0.00936209
0.0228336
0.0321493
0.0029215
2.3863e-05
0.0194449
0.0761698
-0.0160194
0.00653972
0.0279476
0.11895
0.00126568
0.000278918
0.0183096
0.0530227
0.00373612
0.00830623
0.0225958
-0.0053745
-0.00346054
0.00258574
0.0355553
-0.0150875
-0.000603071
-8.57621e-08
0.0510241
-0.00247276
-0.00444807
-0.00927267
0.0524453
-0.0117905
-0.0006604
0.00137712
0.0221945
0.0460171
-0.00183565
0.00651531
0.00115443
-0.000173864
0.01876
0.0787792
0.0274757
0.118303
0.00401182
0.00836992
0.00207042
0.000225176
0.0170712
0.0534027
-0.000281999
0.0010916
-0.0224837
0.0081967
0.0163098
0.0162434
-0.00691809
-0.0134086
-0.000203112
0.00639391
-0.000151774
0.00398992
0.00299797
0.00535208
0.00336866
-0.0357248
0.00748849
0.00777575
0.00507325
0.00482519
-0.000234198
0.0231343
0.00104452
-0.00459703
0.00120131
0.00235063
-0.0443422
-0.0450327
-0.0150021
0.00136645
0.00257433
0.00400302
0.00447537
0.00510041
-0.0104761
-0.0102956
0.00192536
0.00266252
0.00443976
0.00226289
-0.000206865
0.000794892
0.00806767
-0.0192723
0.00308585
0.00700932
0.000431046
0.00490501
0.00542938
0.00282342
0.00367125
-0.0356401
1.51267e-05
0.0230086
0.00055004
-0.00510429
0.00820019
-0.0155932
0.0186828
0.00256709
0.00249547
0.0018997
0.00224033
0.00460755
0.000379563
0.000736568
2.82291e-05
-0.00100839
0.000454258
0.00602521
0.000573223
0.00637328
0.0159514
0.0161387
0.0238035
0.0189918
0.000416409
0.0076862
0.001068
0.0124258
0.0223344
0.0229732
0.0227994
0.0224423
0.000583822
0.00112253
0.0143266
0.00399672
-0.00655582
0.0156165
0.0109312
0.0109078
0.00775252
0.00770501
0.00496401
0.00500061
0.000450007
-8.535e-05
-0.00069463
-0.000897367
0.0045815
0.0005147
0.000544518
0.0063412
0.00772871
0.00114379
0.00113397
0.0120567
0.00133522
0.000138605
0.00397257
0.0145534
0.0144783
0.0198751
0.000116585
0.0229269
0.0226515
0.000224343
0.00429713
0.0233913
0.0198489
0.0137784
-0.000824783
0.0061087
0.051404
0.0359663
0.0016442
0.064358
0.0168949
0.0261963
0.00291429
0.0187993
0.0523377
0.0668555
0.00525608
0.0417617
0.018959
0.00498637
-0.000868272
0.0138475
0.0284748
0.0257191
0.00461516
-0.000266311
-0.000895064
0.00251625
0.019052
0.0112439
-0.00995734
-0.000159651
0.0192061
0.00250529
-0.0198216
0.0155451
0.019526
-0.00195243
-0.0140474
0.00457296
0.0189053
0.016788
0.0295687
0.0240326
0.0179189
0.00545303
0.0198428
0.00163936
0.00993508
0.0262861
0.0260895
0.0331084
0.0169993
0.00828272
0.0293788
0.00549198
0.0186236
0.023252
0.119725
-0.0202082
-0.0233973
0.21506
0.0398271
0.0491179
0.0216463
0.0568852
0.039418
0.0548109
0.0216658
0.0457979
0.113873
0.212111
-0.0274724
-0.0269873
0.0263972
0.0421311
0.00110475
0.00050999
0.0339932
0.000648474
0.000515442
0.0552536
0.0208546
0.0185858
0.00742807
0.00879855
0.0173644
0.00600188
0.00751148
0.0203759
0.0309578
0.000662584
0.00132397
0.0467499
0.0167412
0.0193962
0.00766239
0.00602777
0.0205344
0.00939747
0.00730888
0.0172799
0.035534
0.0598669
9.09508e-05
0.00100451
-0.00490148
0.0201287
0.0184355
-0.0103651
-0.0104832
-0.0132605
0.0169903
0.0176516
-0.0138859
0.0209478
0.0210175
-0.00912528
-0.00932912
-0.00662534
0.0213967
0.0213829
0.104881
0.0672464
0.0224093
0.0150492
0.0606857
0.0112453
0.0114906
0.0540921
0.0607449
0.0546304
0.0114083
0.0111469
0.104805
0.0147484
0.02242
0.0681804
0.0479148
0.0487949
-0.000585402
0.00249058
0.028159
0.0227511
0.023383
0.0646629
0.0463446
0.0240476
0.00308275
0.0311886
0.0244229
0.000433676
0.0310767
0.0241212
0.0488879
0.00146282
-0.000562916
0.0500518
0.0238507
0.0236318
0.031182
0.000684616
0.0464344
0.0316463
0.00310806
0.0239469
0.0284784
0.0657181
0.0239209
0.0231875
-0.00897456
0.0156348
0.0223043
-0.0126837
-0.00932853
-0.0130481
0.0221098
0.0153903
-0.00959905
0.00999204
0.00324491
-0.0206597
-0.00970853
-0.0206331
0.00368978
0.0101207
0.0766205
0.0893225
0.010614
0.013687
0.0121601
0.00112522
0.00761588
0.0258483
0.0116747
0.0255588
0.00780304
0.00112558
0.0769287
0.0136091
0.0107319
0.0889013
0.0441233
0.0842323
0.0102809
0.0250407
0.0440336
0.0251168
0.010085
0.0839694
0.0417861
0.0662218
-0.0378654
-0.0152402
0.04166
-0.0150123
-0.0379994
0.0660791
-0.0046628
0.00382154
-0.023051
0.000510152
-0.00599027
0.00165864
0.00195554
0.000193834
0.00355589
0.00595013
0.0173376
0.00512343
0.0038039
-0.00518925
-0.0110783
-0.00655543
0.000773628
0.00166144
-0.00014672
0.00235668
0.00331888
0.0160324
0.00592004
0.0048728
0.000303188
0.00146178
0.0240216
0.0032388
0.00442635
0.0105782
0.0264836
-0.00585544
0.0052007
0.00747528
0.00207093
0.0423401
-0.000325145
0.0118151
-0.000290552
0.00951242
0.00692492
0.00160372
0.013623
0.0303088
0.00695786
0.00304566
0.00926778
0.0279779
0.0055929
0.0437952
0.00741674
0.0138496
-0.000472489
0.00941574
0.0109943
-0.000423885
0.000933263
0.000631656
0.0178141
0.0269658
-6.14446e-05
-7.86468e-05
-0.00987925
0.0760481
0.0110719
-0.00894892
0.0217667
0.00948047
0.00326873
-0.0120762
0.0145066
0.0115774
-0.000656644
-0.000693925
0.00102643
0.0338172
-0.00090053
0.00147646
0.0468429
-0.000591099
0.00140653
0.00139074
0.00316153
0.0191845
0.00103317
-0.000145927
0.00679543
0.0183016
-3.29631e-05
-0.000199203
0.00111738
0.0548316
0.00212782
6.03886e-05
0.00254014
0.0445099
0.000526316
0.000579533
0.0198023
0.0263445
0.00160668
0.00631884
0.0153705
-0.000455124
0.00331861
-0.0119625
0.0130736
0.0113624
0.000788573
-0.00093788
0.0477782
0.000391136
0.00173207
-8.65409e-05
0.00771758
0.0184285
0.00221743
5.97586e-05
0.00471472
0.0443296
-0.00159431
-6.90409e-05
0.0281935
0.00126637
0.000671393
0.00164862
-1.15194e-05
-1.28413e-05
0.00688192
0.00406159
-0.00354573
-0.000143566
-0.000568323
0.00168348
0.000461353
-0.000770677
-0.00809453
-0.0098597
-0.00213248
-0.00638388
0.000297775
6.72472e-05
0.00944837
0.0102819
0.00142397
0.00157264
0.00124056
0.00299717
-0.000214762
-3.253e-05
0.00107447
0.00140515
0.011675
0.0121177
0.0357775
0.00293557
0.000613214
0.0015796
2.78261e-05
-5.05966e-06
-0.000547285
0.00160732
0.000404626
-0.000601193
-3.84047e-06
-4.40287e-06
0.00847665
0.0100579
-0.000359096
0.00133373
0.00186353
0.00575198
-0.000301224
0.000367382
0.00114015
0.00504792
1.07544e-05
0.00718496
0.00427875
0.00155603
0.0010967
0.000955216
0.000662981
-0.00101532
0.00384061
0.0217183
0.00411671
0.00383926
0.0003266
5.62811e-05
2.0093e-06
0.00123403
0.000303831
-8.58197e-05
-3.84679e-05
0.00107371
0.00479362
-0.000318409
-0.000169362
0.0018367
3.33051e-05
0.000597351
-7.82296e-06
2.84842e-05
0.0111666
0.00352174
0.007854
9.43517e-05
0.0112666
0.0034349
0.00812838
9.43716e-05
-0.00489304
-0.00702499
-0.00761091
-0.00106171
4.33924e-05
0.00105883
0.000993594
0.000378728
0.00135578
0.00101283
-0.02943
0.00286571
0.000125832
0.000718171
0.0118737
0.0188863
0.00108103
-0.00108484
-0.0126263
0.0748551
0.0154693
0.0112713
0.0169364
0.0106327
-0.000796587
0.00113731
0.0116169
0.0119821
-0.0126027
0.0263825
0.00253131
-0.00820082
0.00304752
-0.000202841
0.0237448
-0.00265417
-0.0214278
0.000265174
-0.00169912
-0.0148624
0.00887852
0.00120868
0.00396981
0.0249605
0.00268852
0.000939149
0.00410788
0.0050596
0.00230929
0.000230244
0.0317159
0.00505171
-1.76013e-05
0.000263593
0.000566909
0.0461681
0.000576255
0.0003879
0.00733211
0.00918766
0.00107724
-0.00107986
-0.0124919
0.0719222
0.000978871
0.000650733
0.0150886
0.0152132
4.86393e-07
-1.99693e-05
0.0113834
-0.000267817
-0.0120233
0.0261147
0.00255418
-0.00822653
-0.000796049
0.00110706
0.011678
0.0118655
0.00327307
0.00113646
0.0250606
-0.00279925
0.00838891
0.0012942
0.00398958
0.0240615
-0.0219819
0.00110773
0.000380059
-0.0165347
0.0026972
0.00132899
0.00310074
0.00497533
-9.15398e-05
0.000446448
0.000620568
0.0463755
0.00233615
0.000327628
0.0318255
0.00494947
0.000663104
0.000365889
0.00762474
0.0087488
1.17708e-05
-0.00914201
0.0115992
0.00434448
0.000766567
-0.00735082
0.0226012
-0.00119822
0.00454204
-0.00016579
5.27205e-05
1.38017e-06
-0.000141691
0.0115359
0.00209929
-0.00209381
-0.000396806
0.00063225
0.0476825
-0.00390632
0.0095941
2.04133e-06
0.0157074
-0.000506003
0.00101239
0.000818671
-0.000637513
0.000931358
-0.0188662
0.00501429
-0.00362909
-0.00562231
-0.000663355
-0.00107103
0.00864893
0.0283813
0.00549827
0.000445662
-2.33999e-05
-7.55176e-05
0.000391762
0.00298622
0.00889705
0.00917758
0.00386375
0.00334992
0.00223957
0.00115292
-0.000561348
0.00448807
0.0150639
0.0702776
0.00851364
0.00050796
-4.11373e-06
0.000455545
0.00319271
0.000140436
0.0106014
0.00951496
0.0396081
0.00178096
0.000707883
0.00215578
-0.000183924
0.000616332
0.0139145
-0.000294774
-0.000727197
0.00919272
-0.00218567
-0.0013712
-0.00762756
0.0064127
0.0200933
-0.00258553
0.0046586
-0.000120346
0.000136874
-6.24168e-06
0.00423262
0.000231096
0.0485921
-0.00455475
-0.0242303
0.00480908
-0.00401139
-0.00496343
0.00643724
-0.00632191
0.0176805
-0.00189731
0.00109158
0.000826727
-0.000593168
0.000226833
-0.0012553
-0.00114673
0.00947225
0.0275173
0.00379475
0.00336688
0.00212436
0.001148
0.00499107
0.000161818
-9.21315e-06
7.42809e-05
0.000558617
0.000358182
0.00869317
0.00926158
-0.00060449
0.000486883
0.0148451
0.0696383
0.0393593
0.00207855
0.000753489
0.00203831
0.00815179
0.000381794
3.52529e-06
0.000430829
0.00459851
6.33813e-05
0.00919099
0.00937547
0.00285379
-5.29756e-05
-0.00371982
-0.00327005
0.00547195
0.00124948
-0.0224409
0.000716377
1.07463e-06
-4.69713e-05
0.00563976
0.0033188
-0.0312168
-6.52342e-08
0.00247768
0.00256682
0.00229654
0.0010915
-3.56923e-05
0.000861126
-0.00680913
0.00965974
1.44477e-05
-0.00367617
0.00095971
-0.00522243
0.00175553
0.00141961
0.00278864
0.00290939
0.00158858
-0.0375292
0.000444597
0.000677108
0.0058493
0.00598479
-0.0230073
0.0011685
0.000822916
0.000769959
-0.000581108
0.00211507
0.000408091
0.000299891
-0.0132689
-0.00879278
7.17829e-05
-0.00704738
-0.0115305
0.00484569
0.00963358
0.00895155
0.00498386
0.00344111
-0.0223141
-0.0215631
0.00852003
0.000569841
0.00195326
0.000159243
-0.000431906
-0.00311156
0.000477567
0.000897981
-0.00236684
0.00275685
0.00106912
0.000814397
-0.0130579
-9.8328e-05
0.000921233
0.000816778
0.00923952
-0.00576372
0.00117623
0.00133616
0.00472614
0.00176541
0.00106195
0.00016037
0.00251402
-0.00238057
-0.00365972
-0.00317805
0.00517993
0.00112162
0.000725233
-0.0228762
0.00176532
0.00158479
0.00211352
0.000643295
-0.00461732
0.0100535
-0.000380555
-0.00464818
0.00079658
-0.00531072
0.00119163
0.0018893
0.00277479
0.00448836
0.00141756
-0.0375721
-0.000881216
0.00200497
0.000551115
0.000310936
-0.0130882
-0.00739829
-0.000268007
-0.00920072
0.00818852
0.000389952
0.00375426
0.00192303
-0.000427274
-0.00301149
0.00095524
0.000221694
0.00928191
-0.00616953
0.00119838
0.00107492
0.00438351
0.0019323
-2.30613e-05
0.00107828
-0.00235691
-0.000483709
3.23053e-05
2.28226e-05
-0.010082
0.00831217
-0.00106611
-0.00100874
-0.000472076
-0.00346554
0.000767606
0.00171707
-0.000105644
0.000659826
0.000596324
0.00156799
1.27796e-07
-0.00169488
0.00360777
0.00677548
-4.51769e-07
-0.00178811
0.00765691
0.00557339
8.36911e-05
-9.97472e-05
0.000545861
0.00110238
-0.000627296
0.000101072
0.00230768
0.00616731
3.82204e-06
4.35034e-06
-0.00462049
0.00516915
0.000146761
1.20741e-05
-0.00493689
-0.00563016
0.00770276
0.000366282
-0.00041365
0.00012179
0.0385107
0.00349171
0.00130294
0.000142186
-0.000534789
-0.0293166
0.00539501
0.00929696
0.00185699
0.00451116
0.00193353
0.00217147
0.000571769
0.000825833
0.000158672
8.24266e-05
0.0173638
0.000904078
0.000521875
-0.00015682
-0.00130693
-0.000463139
6.13994e-05
1.89983e-05
-0.00819485
0.00826772
-0.000778861
-0.000385152
-0.000848705
-0.00399704
0.0018136
0.000796931
3.92317e-06
0.000812476
0.000542542
0.00142186
0.000776525
1.4952e-05
0.00104912
-0.000100443
-0.000700698
0.000252254
0.00243847
0.0066536
0.00737923
0.000268503
1.83495e-05
-0.000217326
0.0388741
0.00335965
0.000130031
0.00152396
0.00168506
-0.00126655
0.00115019
-0.000163464
0.0010944
-0.000234083
-0.00629438
-0.000119868
0.00764825
0.00263905
-0.00264687
-0.0012503
0.00373036
0.00134797
-0.00126994
0.000922894
0.00170372
-0.0030709
-0.000211492
-0.00182566
0.00600423
0.00219578
-0.00134057
-0.00288014
0.00625201
0.000959074
-0.000855255
-0.00426669
0.00111811
-0.000570826
-0.00671138
-0.00014398
-0.000100517
-0.00557236
0.00587047
0.000297275
-0.000140686
-0.00369127
0.00631718
0.000246486
-0.00021897
0.00211163
-0.00206558
0.005586
-0.00167829
1.03662e-07
-0.00164719
0.00561477
0.00173561
-0.00315018
-0.003987
0.000796392
-0.0348955
-0.0175164
0.00401529
0.00672578
-0.0208278
-0.00327634
0.0177167
-0.003276
0.00173148
-0.00309643
-0.00444305
0.00075617
-0.0203962
0.0566809
0.0023534
-0.0131291
-0.0128435
0.00319136
0.00183863
-0.0217883
0.00325465
-0.0120383
0.000742875
0.00440098
0.0518561
-0.0253806
-0.020491
0.00292858
-0.000218257
-7.92873e-06
0.000325984
-0.000232877
-0.00104091
-2.7776e-05
0.000195734
-0.00028867
0.000512641
0.0174544
-9.06641e-05
-0.000224044
-1.10086e-05
0.00623456
0.000391579
0.000990798
0.000152373
-6.90739e-08
0.000368363
-0.000294554
5.43711e-05
0.00580911
0.000256489
0.00114279
-0.000127548
0.0141396
-0.000241097
0.000158882
-0.000608888
-1.60925e-05
-0.000945144
-0.000272141
-0.00278539
0.000264071
0.00168879
0.0126307
0.00140353
-0.00487353
0.0109627
-0.000694349
-0.000436216
-0.0109377
0.00899928
-0.000444023
-0.0189223
0.00222498
-8.78532e-08
0.00959934
0.0352677
0.00339936
0.00568618
0.00374592
0.0362289
0.000661819
0.000883323
0.00297323
0.000935891
0.0365492
0.00296191
0.000899396
0.00330572
0.0331678
0.00375281
0.00663693
0.00178306
-0.00234662
-0.000320294
0.000994736
0.000440832
0.000966425
0.000174507
0.000560842
0.000422545
0.00685564
0.00163651
-0.000125631
0.00703175
6.73237e-05
7.69994e-05
-0.00298693
0.00179518
-0.0023832
-0.000278712
0.00117023
0.00755361
-2.65981e-05
3.04702e-05
-0.00328985
0.000467399
0.0071001
0.00151299
-7.87979e-05
0.000488232
0.000899156
0.000247212
0.000887569
0.00729401
0.00016338
0.00217212
0.00985183
0.00674913
0.000152013
0.000717856
0.00967962
-0.00104229
-0.00970461
-0.001012
0.00385705
-0.000796626
-0.0102262
-0.000748248
0.00380304
0.00485112
0.00213893
1.95739e-06
0.00221209
0.000996504
-0.00580834
0.00151545
0.00100244
0.00106455
-0.00561447
0.00128504
0.00134348
0.00489911
0.00207788
-7.90061e-05
0.00222113
0.00111256
0.00445992
0.000798233
0.000544498
0.00415078
0.000647489
0.000280808
0.000302059
-0.0104741
0.00366265
-0.0120193
0.00203888
0.00361169
-0.00991474
0.0019023
-0.0121418
0.00989209
0.0343726
-0.00792569
0.0034308
0.0145797
0.0112079
0.0098272
0.00817348
0.0092296
0.025294
0.0148674
0.000590418
0.0133223
0.00703203
0.00423824
0.0239271
0.0133683
0.00273082
0.0240554
0.00480531
0.000561121
0.0329038
0.00687938
0.00526427
-0.0106956
0.000914462
0.0112711
0.0327551
0.0168334
0.000274883
0.0092617
0.0253094
0.0100405
0.00823813
0.0152517
0.000519168
0.00418119
0.0235375
0.0136144
0.00687507
0.01362
0.0020965
0.000621402
0.0333481
0.0240801
0.00397225
0.00736605
0.00502786
0.0177559
0.00236763
0.0223674
-0.000587366
0.000243697
-9.90382e-05
-0.00514332
0.00154785
0.0243873
-0.0153864
0.0247829
-0.00231569
-0.000433831
0.0113159
-0.00270413
-0.0292222
0.00656705
0.0437421
-7.51032e-05
1.74103e-06
0.00901555
0.00835638
0.000517617
0.0114616
0.0122922
0.00639061
-5.02955e-05
0.00120918
0.0109429
0.00972923
-0.000329737
-0.00025886
0.0168633
-0.00654958
-0.00699013
-0.00168399
0.0296866
0.00467796
0.000291848
-0.000201156
0.0284706
-0.00794677
-0.00555008
-0.00497734
0.0258876
0.00350945
-0.000424978
0.0120953
0.00624467
0.0427859
0.000602432
0.010977
-4.78201e-05
-4.33289e-06
0.00945863
0.0106702
0.0108335
0.00631104
-0.000431285
-0.000505744
-7.90126e-05
0.00120359
0.0101621
0.0101378
0.0183511
0.0451698
0.0140752
0.0283121
-0.00396757
0.000989249
0.01448
0.000359958
-0.00520631
0.0118045
-0.00519401
0.0101557
0.00488758
0.00486686
0.00533338
0.00494208
0.00868216
0.00235318
0.010063
0.000453924
-0.000122886
0.00321346
2.39077e-05
0.00156999
0.013131
0.0123969
0.0286597
0.00376558
0.00252268
-0.00138285
0.00248976
-0.0190719
0.0174525
0.032668
0.0174336
0.0327462
0.00804826
0.00822178
0.00379815
0.00373461
0.0436698
-0.00316523
0.0468014
-0.00188099
-0.000315288
0.00107789
2.12498e-05
-0.0047893
0.00349734
0.0277017
0.00366675
0.0291846
0.00137041
0.00134122
0.00466363
0.00606242
0.00532587
0.0111008
0.00875814
0.026649
-0.00340811
-0.000962812
-8.3707e-05
0.000406309
0.000379549
0.0521375
0.000367349
0.0522222
-0.000271257
9.8237e-05
-0.00217644
-0.00219275
0.00381249
0.0123249
0.00509331
0.0599485
0.00100301
1.35881e-05
0.00260132
0.000709315
0.0144597
0.028122
0.0104521
0.0269523
-0.00427358
-0.00120669
0.000769127
0.01349
0.0151282
-0.00095359
0.0223491
0.003897
0.00033
0.0017005
7.48522e-06
0.00119116
0.0129021
0.0121086
0.0291044
0.00417491
-0.00141164
0.00217343
0.00229801
-0.019214
0.0453363
-0.00173572
0.0478116
0.000153252
-0.000360736
0.000868778
0.00078927
-0.00409202
0.00532847
0.0111223
0.0098041
0.0262375
-0.0017216
-0.00386657
0.00018381
1.00839e-06
0.00377706
0.0119381
0.00502866
0.0599174
0.00328199
0.00107196
0.000113809
0.00230882
0.0292455
0.0026674
0.0235244
0.000399213
1.97579e-05
0.000171448
0.00159296
-4.176e-07
-4.40752e-05
1.38361e-07
-8.18265e-05
-7.24744e-07
0.000678713
0.00183698
0.000619291
0.00159773
-0.00110957
-0.000546236
-0.00110966
-0.000522938
0.00365562
0.00756895
0.00814113
0.00515038
0.000299832
-0.00594471
-6.17741e-06
0.00133476
0.00080162
0.00112906
9.59132e-05
0.00332731
0.000670613
-0.000795551
0.000661749
-0.000804337
-0.00577857
0.00250738
-0.00412029
-0.00548002
0.00929563
0.0108104
0.0101935
0.0100044
-6.12034e-05
-1.59258e-06
5.76196e-05
6.2355e-05
0.00175283
0.00185569
0.00196716
0.0021109
0.00153349
0.00140766
0.0025815
0.00218086
0.000925768
0.00126573
0.000983988
0.00130497
-1.24057e-05
0.000122785
-0.000125409
0.000224786
0.0370512
0.00318848
0.0311002
0.00313469
-1.39966e-05
0.000183137
0.000760905
-0.00479854
1.29834e-06
-1.51974e-06
-0.000163493
4.24388e-05
0.00177977
0.000634656
0.000571821
0.00144506
0.000344212
-0.00658667
6.56011e-05
0.00137534
0.00116016
0.000786211
-0.000247185
0.00320507
0.00803272
0.0102325
0.00894051
0.009651
-1.63754e-05
-3.64928e-05
8.50631e-05
4.46603e-05
-0.000503968
-0.000752959
8.91813e-05
0.00211623
0.00646148
9.81351e-05
-0.000685684
0.000906161
0.00318199
-0.000337081
0.00181403
0.00198297
0.00220616
0.00614377
0.00121782
-0.000744952
0.00644302
0.00388405
3.02253e-05
0.00279537
6.44155e-06
0.0025202
0.00427552
0.0069932
0.00243718
0.00234301
0.0010968
-0.000620854
-0.000429028
0.000960228
0.000644778
0.000576932
0.0197803
0.00364214
0.00349537
0.00418861
0.00248921
0.0022412
0.00376017
0.0202248
0.000104052
2.73681e-08
0.00037974
0.00141433
0.000523387
0.00109639
-0.000242018
-0.000156815
1.34097e-05
-5.9372e-06
0.000373819
0.0012535
0.00103359
0.000544055
-0.000120693
3.29924e-05
3.0366e-08
-4.66586e-06
0.00442941
0.00225095
0.0016567
0.00526757
1.67011e-08
-2.52105e-08
0.000744703
-5.64533e-05
0.000193198
0.000170152
0.0001242
0.000127918
-6.91746e-05
0.000649549
0.00508751
8.45551e-05
-1.54882e-05
0.00164961
-0.00172151
0.0062431
0.00301575
0.000199849
9.43764e-07
0.00498472
-9.95058e-05
0.00299378
0.00672035
-0.00178007
0.00300836
0.000243549
0.0033144
0.00368806
-0.00104406
-0.0152833
-0.00133226
-0.0152643
-0.00605645
-0.00675216
0.000793342
0.000638388
0.000654439
-6.09625e-05
8.02601e-06
0.000600294
0.00052289
0.00052298
0.00226655
-0.0295772
0.000514237
0.000660908
0.00083058
0.000800196
0.00373836
-0.028055
-0.00419358
-0.00401413
0.02628
-0.0109208
-0.00447003
0.00455461
-0.0399007
0.0551071
0.00156809
-0.000237838
9.39032e-05
-9.04213e-06
-9.02127e-05
0.00103867
-0.0226452
0.00183248
-0.0071156
0.000525711
0.000822681
0.00378465
4.25074e-05
0.00520317
-0.0038348
0.00136527
0.00159896
0.00567953
0.00138636
0.0345981
-0.000366949
0.00129645
0.0116121
0.00368623
0.00680108
0.00167066
0.00278988
-0.000656929
0.00785317
0.000827514
0.00183671
-0.00182369
0.000543355
0.000368167
0.00211156
0.00146704
0.00148049
0.000850152
0.000165527
-0.00871014
-0.00297706
0.00433284
-0.0421604
0.0563309
-0.0041277
-0.00402223
0.0279324
-0.0107986
0.00176833
-0.00135444
0.000141176
-7.29663e-08
-0.00703983
-0.000313819
0.000509946
0.00382307
8.66893e-05
0.00111751
-0.0225085
0.00181052
2.58785e-05
0.00560386
-0.00332878
0.00194231
-0.000800245
0.00136046
0.0106968
0.00443238
0.00110059
0.00677166
0.00139899
0.0355104
0.00512201
0.00340894
0.00287193
-0.000639672
0.000381007
0.000334162
0.00208314
0.00133035
0.00800676
0.000475365
0.00179573
-0.00190291
0.00149747
0.000841614
0.000104395
-0.00853898
-0.000501228
-0.00382293
0.00352528
-0.00117251
-0.000800577
0.000678176
-0.00365979
0.00152458
0.00388601
-0.000269017
0.00192247
-0.000286511
0.0030923
0.00594818
-0.00256654
0.00967982
-0.00102895
-0.00019632
-0.0024686
-0.00498286
-0.00265362
0.00153098
-0.0104451
6.95699e-06
0.00666893
-0.000456738
0.00379781
0.000994559
-0.0132543
0.00978917
-0.0231471
0.00839551
0.000657621
-6.16834e-05
-0.028311
-0.000920859
0.00839041
0.000856193
0.00581971
0.000434998
6.56308e-05
0.00100299
0.0101533
0.000391012
0.00354254
0.00342146
0.00549736
0.00411604
7.21106e-05
0.000930492
0.0300527
0.00116979
0.00840014
0.000300622
0.0113108
0.00302584
0.00123035
-7.77591e-05
0.00133408
-7.2613e-06
0.0377417
0.00259544
0.0412086
0.000869398
-0.000886852
-0.0061843
0.00366785
-0.0017761
0.0063528
0.00769703
-0.00541854
0.0091298
-0.000733352
0.000738905
0.00444551
0.00262443
0.00327387
-0.000277951
0.00180028
-0.000239999
-0.000788722
-0.000227123
0.00320976
-0.00443294
-0.0113707
0.00975378
-0.0168525
0.00812642
-0.00190887
0.00212388
-0.0047365
-0.00490787
0.00694048
-0.00044419
0.00413618
0.00143565
0.000944696
-0.000155939
-0.028765
-0.000860812
0.00369994
0.00361473
0.00529926
0.00422343
0.00787472
0.000784709
0.00549818
0.000287139
0.00010886
0.000974651
0.00997687
-0.000198913
8.87326e-05
0.000892162
0.0297734
0.00110922
0.0379513
0.00263161
0.0403998
0.00121003
0.00793745
0.000201974
0.0110462
0.00287074
0.000594804
-7.53779e-05
0.00139268
8.37428e-06
-0.000127875
0.00172052
0.00231432
-4.49109e-05
-0.0210297
-0.00768855
0.003104
0.00527499
9.88801e-07
-9.04371e-06
-6.18945e-06
1.10534e-06
-2.84057e-05
-0.0278568
-0.0284397
0.00058148
0.00119446
0.00369416
0.00159902
0.00605781
0.00752999
-0.00624856
-0.00202421
0.00535591
0.00140557
-0.0058937
-2.22581e-05
0.00121319
0.00250526
0.00248722
0.00152853
-0.0011041
-0.000945712
0.00200034
0.00206944
-0.000930744
-0.0268205
0.000830777
0.00100791
-0.0267478
0.00167362
0.00110292
-0.00141805
-0.00110187
-0.00221918
-0.0108352
-0.0103607
-0.00344037
0.00425219
-0.00348889
-0.00400437
0.00530004
-0.00689852
-0.00728617
-0.0101819
-0.00571108
0.00201054
0.00301204
-0.00143427
0.00142203
-0.00141212
-0.00943443
0.00112209
0.000132675
-0.00209336
0.0021369
0.00186478
-0.00240279
-0.0296848
-0.000149356
6.95003e-05
-0.0297168
0.00773028
0.000412461
0.000897545
0.00699454
0.00550978
0.00225213
0.000991514
0.00318652
0.00176161
-0.0017315
-0.00217726
0.00404964
0.00539485
0.00298622
-0.0121341
-0.0245335
0.0052794
-0.000584796
0.0053682
0.00173215
-0.00440503
0.0079665
0.00554359
-0.000317891
0.00122153
-5.12636e-06
-0.00613335
0.00106019
0.00204908
0.0021202
-0.00118043
0.00173207
0.00130503
0.001658
-0.00104152
-0.001525
-0.011809
-0.00228944
-0.00408034
-0.0107447
0.00498419
-0.00326212
0.00234844
0.00133071
-8.06152e-05
0.0011855
-0.00965602
-0.00129829
0.0077004
0.000127884
0.000141338
0.00809101
0.00309075
0.00113887
0.00224747
0.00552226
-0.00154202
-0.000452602
-0.000609353
-0.00326539
0.0089742
-0.00624896
-0.0104369
0.00940942
-0.000409706
-0.00472332
-0.00169824
0.000403164
0.000451749
-0.000117364
-6.661e-05
0.000703595
4.02575e-08
-0.00298444
-0.00270644
4.72197e-07
-0.00105397
-0.00266854
-0.00116908
3.2773e-08
-0.000112722
-2.99661e-05
-0.00014835
0.000544864
8.77021e-06
-0.00196768
-0.00267338
0.0061088
-1.59994e-07
4.68516e-08
4.28865e-08
-5.66063e-07
-0.0008499
-3.27594e-06
3.43017e-05
-0.0008585
0.00894194
-0.000161268
0.000527777
0.00690671
0.0398424
0.00310288
0.00326668
0.0375517
-0.0017629
0.00133974
0.000405381
-0.00573698
0.00489926
0.00130657
0.0013015
0.00495046
0.000631534
0.000786186
0.000812518
0.000658594
-0.000460943
0.00335663
0.00311538
-0.000542996
-0.00038314
-0.00090079
-0.00249875
-0.000578282
-0.00647198
0.00793097
0.00903284
-0.00902278
3.27383e-05
-0.00253278
-0.0052726
-0.000797385
-8.37206e-07
0.000593366
0.000715856
1.41809e-05
0.00104153
-6.65606e-05
-0.000614981
-9.68043e-05
-0.00145253
8.48484e-06
0.00547956
-0.00303955
0.00642339
0.000187632
0.000120156
0.0087332
0.0377106
0.00311743
0.00283262
0.039966
0.0155236
0.0142038
-0.00164507
0.00608149
0.0154163
0.00171814
0.000763545
0.0125425
0.00121867
-0.00193317
0.00345934
0.00279388
0.0192407
0.0119901
-0.00249313
-0.00213072
0.0199164
0.00410827
0.00265462
0.016393
0.000652024
0.000190884
-0.000590931
-0.000287905
0.00324388
0.00292895
-0.00556033
-0.00321142
0.0215046
0.00304846
-0.00407404
0.0043384
0.00720921
0.00787465
0.0109933
0.00722274
0.0067812
-0.000881148
0.00207555
0.00853141
0.0067398
-0.00145304
-0.000513174
0.00908785
0.00188847
0.000584361
0.00280453
0.00154744
0.0227939
0.0141262
0.0205509
0.0123451
0.0197264
0.00103892
0.00475162
0.00672275
0.000809136
-0.000722116
-0.00145228
-0.00235248
0.00507985
0.0116096
0.00137122
0.0117043
0.0285347
0.00970084
-0.00262379
0.0120401
0.0184547
-0.00236823
-0.00239921
0.0152867
0.00423732
0.00631022
0.000670674
-0.00177067
0.011882
0.0118501
-0.00337985
0.00136051
0.0232967
0.0117472
0.021981
0.0157197
0.00603127
0.0190568
0.00225441
0.0111567
0.00382593
-0.00383438
-0.00438555
0.000117932
0.0164327
0.00603347
0.00528866
-0.000519923
0.00701311
0.00665844
0.0104982
0.00839994
0.00179472
0.00128384
0.00163414
0.00039488
0.00586146
0.00958992
-0.00466291
-0.00201606
0.00759117
0.00957485
0.00248251
-0.000888891
0.0223001
0.0179947
0.00203431
0.00449183
0.0228649
0.00326625
-0.00506961
0.00895769
0.00252696
-0.00373143
-0.00606926
0.00229948
0.000653156
-0.000206298
-0.000965008
-0.000213249
-0.000936987
-0.0139594
-0.00519289
0.0108967
-0.00148663
0.00526468
0.00521363
-0.00601833
0.00682297
0.00831313
0.0066718
0.00603267
0.00586612
0.00627071
-0.00578917
-0.00652776
-0.00875545
7.36056e-06
-0.00334167
-0.014074
-0.000707184
-0.00450244
-0.00404692
-0.000614135
0.00408971
0.00366007
0.007135
0.00902013
-0.0030471
-0.00512304
0.00556426
0.0029865
-0.00782668
0.00346643
0.00306607
0.00112359
0.00139223
0.00375477
0.00667876
0.00644172
0.00651409
0.00989115
0.00302732
0.00102273
0.00315616
-0.000171655
-0.00234303
-0.00647452
-0.00106225
0.00547914
0.000706641
0.00284123
0.00672515
-0.00821709
-0.00345579
0.000907068
0.00974429
0.00418075
0.00330692
0.00997038
0.00565319
0.00660423
0.00578152
0.00717225
0.00557663
0.00559763
-0.000590945
0.00777329
0.0151864
-0.000973751
-0.00198621
0.00806007
0.00208571
0.0117983
-0.00580661
-0.00635821
0.0046124
0.00495346
3.75626e-05
-0.00563532
0.0441673
0.00509619
-0.0206643
0.00860618
0.00303042
0.000226292
-0.00684453
0.00513473
2.93274e-05
-0.000829987
0.00857265
-0.0131812
0.0229436
0.0271354
0.00221104
0.000195611
0.0439894
0.0221658
-0.0139641
0.00503747
0.023258
0.000116575
0.00936552
0.0267436
-0.000164987
-0.0135124
0.0139188
-0.000706126
0.00315098
0.00526638
-0.0017816
-0.00172746
0.00450032
0.00730895
-0.000879178
0.00510273
0.00464144
-0.00572233
-0.000171817
0.0050743
0.00222186
-0.00657588
-0.00635611
0.0114835
0.015266
0.00803335
-0.0019314
-0.000933585
-0.017034
0.0422661
0.0429163
0.0358885
0.0499339
-0.00923199
-0.0290401
0.00298309
0.0245924
0.00324561
-0.00967943
0.0169232
0.0118488
0.0420087
-0.00654319
-0.0281961
0.0234802
0.0295125
0.0057195
-0.00331226
0.0260377
-0.0187805
-0.0182541
0.0285413
0.00768787
0.00600632
0.0129781
-0.0357034
0.0286136
0.0455001
0.0216024
0.00598823
0.0225951
-0.00459091
0.00510005
0.0293172
0.0279892
0.00614557
0.0225012
0.0444517
0.00784459
-0.0372749
0.0066735
0.00568295
0.0268066
0.0290477
-0.0179609
-0.0174587
-0.0171627
0.0510775
0.0397674
0.0405954
0.0100429
-0.0283862
0.0119835
0.0390895
0.0249826
0.0144978
-0.0163237
0.00353901
0.0494714
-0.00373931
-0.0330979
-0.0119791
0.0231944
0.0224893
0.000641675
0.00350897
0.0287997
-0.00195438
-0.000604948
0.0264639
0.000351461
0.00109706
6.89838e-05
-0.000468083
0.000644796
-0.00022709
-0.000390055
0.000492151
0.0251135
0.00302151
0.0029999
0.0200441
0.00130834
0.00058952
-0.000343041
-0.000666675
0.000426444
-0.00040101
-0.000224078
0.000557755
0.0262425
0.0214229
-0.00180273
-0.0027602
0.0111267
0.0119833
0.00904853
0.00846673
0.00981533
0.00778655
0.011528
0.0104449
0.00113398
0.000995617
-0.000167101
6.49114e-05
0.00167544
0.000429566
0.000177398
0.00127281
0.00830379
0.00567136
0.00598602
0.00894816
0.00159372
0.00146838
0.000433649
0.000432323
0.0013253
0.000509799
0.00136742
0.00229648
0.00932694
0.00996238
0.00758583
0.00728235
0.0300072
0.00349852
0.00113258
0.0248877
0.000593123
0.000541322
-0.000279434
-0.0001811
0.000221393
-0.000512831
0.000227457
0.00123595
0.0365288
0.0291682
-8.03173e-05
-0.00110856
0.00848142
0.0090975
0.0056914
0.00522198
0.00841366
0.00692004
0.00712477
0.00915726
0.00106887
0.00229597
0.00110934
0.000227961
0.00151586
0.000222275
0.000269425
0.0014117
0.0101892
0.00803946
0.00803328
0.0118647
0.00165263
0.0019713
-0.000223688
0.000305348
0.00103975
8.38495e-05
-0.000121337
0.00105667
0.00911638
0.0096049
0.0104074
0.00766242
0.0265139
0.0217914
0.00338382
0.00327332
0.0337229
-0.00188907
-0.00123256
0.0257482
0.000401784
0.000320661
-0.000966964
-0.00037163
0.00131595
-0.000589446
-0.000322267
0.000926061
0.00134133
-0.00200719
-0.0044742
-0.000892502
0.00751094
0.00789903
0.011294
0.0107324
0.00461137
0.00864237
0.00817621
0.00501034
0.0019668
-0.00149124
-0.00574877
-0.00816579
0.00102348
0.00126267
-0.00514603
-0.00107582
0.00249939
-0.00733374
-0.00723144
0.00054148
0.0020435
0.00299593
0.00747775
0.00809923
0.00460523
0.00916054
0.00999639
0.00536189
0.00302403
-0.0129865
-0.0111315
0.00078715
-0.00702255
-0.00519134
0.00937594
0.00850734
0.00174579
0.0086497
0.00901757
-0.00395779
0.00303871
0.000618823
-0.0101227
-0.00860902
-0.00620584
-0.00398029
-0.0116236
-0.0247771
0.000832457
-0.01026
-0.0180501
-5.35399e-05
0.00502999
0.00542436
0.00950536
0.00885971
-0.00472042
0.00863242
0.00969524
0.00487121
0.0355882
0.00881727
0.0198178
0.00561236
0.0105613
0.0403689
0.0424103
0.0107679
0.00096054
0.00496871
0.00808565
0.00455955
0.00457339
0.00564472
0.00596346
0.00290984
0.00977953
0.0397577
0.0371197
0.011014
0.000981928
0.000617798
0.00352635
0.00313999
0.000158706
0.00342216
0.00396025
0.000983101
0.010159
0.00975525
0.037224
0.0382754
0.00993466
0.0113388
0.0373361
0.039747
0.00986731
0.038617
0.0374258
0.00950062
0.000190645
0.000892924
0.00398408
0.00312046
0.00111983
0.00347139
0.00369808
0.000775335
0.0337905
0.00446243
0.0185343
0.0100152
0.00455409
0.00343703
0.00613779
0.00557343
0.000590672
0.00384646
0.00799446
0.00498482
0.0101513
0.0104683
0.0418825
0.040633
0.0546216
0.0414425
0.000413069
0.00881602
0.0463014
0.000734294
0.00122561
0.0468387
0.00334085
0.00274633
0.000838166
0.00168107
-0.000324227
-0.00271677
-0.000328662
-0.0011785
0.0162585
0.00978271
0.00169468
0.0193648
0.0161393
0.00310303
0.00163004
0.0140357
0.00770067
0.00203311
-0.0032239
-0.00474962
0.0453293
0.0426584
0.00435265
-0.00100495
0.0216896
0.00906907
0.007164
0.0365634
0.00379267
0.00945179
0.00734875
0.00631195
0.0113117
-0.00152104
0.00171406
-0.0039414
0.0176226
0.0312476
0.00228848
0.00119414
0.0120973
0.0120289
0.0102385
0.0150409
-0.000618725
0.00490449
-0.00204853
0.00194385
0.00413005
0.00113926
0.000139286
0.0033033
0.00381974
0.0112747
0.00822368
0.00846673
0.052737
0.00876203
0.000489951
0.0413377
-5.22672e-05
-0.000684963
-3.5953e-05
-0.00328143
0.00329388
0.00174283
0.000986942
0.00280856
0.0472666
0.0478283
0.00117785
0.000461778
0.0108503
0.0146932
0.0106166
0.0116753
0.00458934
0.0105642
0.0087775
0.0111093
0.0042892
0.00356895
-0.000505005
0.000500969
-0.000385296
0.00181475
-0.00179633
0.00530136
0.0219681
0.0365826
0.00742352
0.00948247
0.0181696
0.00092572
0.00212192
0.0313875
0.011031
-0.00407628
0.00149037
-0.00166851
0.00612042
0.00641023
0.00755602
0.00983214
0.0165583
0.0198609
0.00183569
0.00982694
0.0467925
-0.00115697
0.00475133
0.0455846
0.00846145
-0.0052224
-0.00329048
0.00223409
0.0162477
0.0140405
0.00139243
0.00330811
0.00695742
-0.0103947
0.00630146
-0.00620407
-0.00888947
-0.00421452
0.00908186
0.00584828
-0.00650965
-0.00534023
0.00986705
-0.0054904
-0.000611144
-0.00325634
-0.0122043
-0.0130483
0.0142736
-0.00182477
0.00538038
-0.0292645
-0.000303716
-0.0127276
-0.0130483
-0.00182874
-0.00711671
-0.00618448
0.00969601
-0.00545408
-0.010408
0.00562077
0.00885018
-0.0054014
0.00753477
0.00151695
-0.0116107
-0.00292806
0.0202956
0.00570916
-0.00194184
0.0123223
-0.00675945
-0.0144417
0.00152102
0.00783867
-0.00409894
0.000108188
-0.00744183
-0.017342
0.00756899
-0.00336068
-0.0117862
0.00136258
-0.00476471
-0.0173558
-0.00760768
-0.0012044
-0.0062208
0.00716193
0.00170143
-0.0138083
0.0203936
0.0129482
-0.0017497
0.00596804
0.00754718
0.0354367
0.0250033
0.0443984
0.0534774
0.00677304
0.00575445
0.067036
0.00115422
0.00074608
0.0026109
0.00300854
0.00124946
0.00225177
0.00419912
0.00428441
0.00613469
0.000942874
0.00148545
0.00766087
0.000546745
-0.00237176
-2.49273e-05
0.000815239
0.000964282
0.00136405
0.00231411
0.00303084
0.0290067
-0.00199571
-0.00202604
0.00412095
0.00573639
0.00666855
0.00125319
0.000833872
0.0279119
0.00373897
-0.00155968
-0.00249276
0.000748494
0.00268994
0.00227336
0.00156958
0.00049948
0.000892559
-0.000176726
-0.00227014
0.00746416
0.0437624
0.0238906
0.0354511
0.00137541
0.00400463
0.00423743
0.00258099
0.00113433
0.00303605
0.00265958
0.000769064
0.0530646
0.0673263
0.00575717
0.00662099
0.0173964
0.0224627
-0.0225297
-0.0047473
0.0333948
-0.0245784
-0.0245753
0.0124549
0.00226479
0.00412021
0.00249801
0.00186386
0.0151579
0.0136829
0.00326534
0.00452241
0.017349
-0.00509614
-0.0226228
0.0225562
0.0150786
0.00433063
0.00326356
0.0136107
0.00305027
0.00128852
0.00236918
0.00479223
0.0333525
0.00945684
-0.0246768
-0.0245211
0.0288414
0.0416263
0.0037841
0.00758366
0.0521577
-0.0220321
-0.0337452
0.050607
-0.027672
-0.0313694
-0.00735236
0.000754931
-0.00869253
0.00434679
0.00316413
-0.0335071
0.0287074
0.00775155
0.00380046
0.0412721
-0.00848193
-0.0334972
0.00304188
0.00426511
-0.0283499
0.000730911
-0.00734974
-0.0321457
0.0521279
0.0505047
-0.033693
-0.0225002
