-0.765
0.075
-2.08944
-0.778224
0.145
1.995
-0.825
0.455
-2.02595
-0.771615
0.775
2.085
0.765
0.075
-2.08944
0.778224
0.145
1.995
0.825
0.455
-2.02595
0.771616
0.775
2.085
0.0199396
0.0314464
0.0559967
0.065965
0.0199386
0.0314586
0.0560007
0.0659754
-0.0242877
-0.00397591
0.01596
0.0221834
-0.0017415
-0.024261
-0.0413726
-0.0196869
0.00431548
0.0279846
0.0332598
0.000514594
-0.0223276
-0.0379498
-0.00780067
0.0163316
0.0593976
0.0638135
0.0121444
-0.0107482
-0.0231541
0.0450359
0.070313
0.103357
0.107145
0.0756238
0.0483023
0.0294831
-0.0281052
-0.00767371
0.0111026
0.0210885
-0.00272462
-0.0267703
-0.0445142
-0.0247953
-0.0258035
-0.0419371
-0.0166664
-0.0178914
-0.0286396
0.0398356
0.0659679
0.102738
0.107673
0.072829
0.0440926
0.0254985
-0.0281041
-0.00767321
0.0111039
0.0210972
-0.00272108
-0.0267671
-0.0445104
-0.0247945
-0.0258013
-0.0419336
-0.0166654
-0.0178892
-0.0286362
0.0398383
0.065971
0.102743
0.107679
0.0728341
0.0440972
0.025503
-0.0242847
-0.00397343
0.0159653
0.0221973
-0.00173195
-0.0242532
-0.0413645
-0.0196844
0.00431758
0.0279892
0.0332755
0.000522674
-0.0223209
-0.0379422
-0.00779775
0.0163346
0.0594051
0.0638285
0.0121522
-0.0107417
-0.0231464
0.0450414
0.0703195
0.103366
0.107156
0.0756342
0.0483117
0.0294923
-0.0125469
0.019197
0.0209641
0.0332666
0.0681554
0.0781346
0.0785298
0.0599624
0.0330728
0.0730888
-0.0125689
0.0203934
0.0332578
0.078433
0.0599622
0.0730676
0.0259341
0.0720524
0.0434159
0.0821462
0.0700992
0.071924
0.285102
0.488337
0.0259286
0.0720586
0.0821552
0.0719321
0.0741828
0.0741823
0.029054
0.29915
-0.0112913
0.0771038
0.0771114
0.056757
0.488961
0.127437
0.127438
0.0774545
0.291395
0.122744
-0.0208456
0.0192041
0.00655463
0.0424678
0.0520066
0.0829848
-0.00667147
0.0598915
0.0455322
0.00417475
0.0237794
0.0385805
0.019187
-0.0208405
0.00647952
0.0520261
0.0424628
0.0833718
0.0599121
-0.006559
0.0456021
0.0237887
0.00432123
0.0385882
0.0292974
0.023035
0.0765598
0.0432717
0.0806367
0.0285762
0.0864385
0.0707913
0.0611952
0.0653266
0.0656354
0.298327
0.0738697
0.0811707
0.07052
0.502986
0.0298748
0.0432716
0.0230342
0.076566
0.0795297
0.0707927
0.0286086
0.0864487
0.0611524
0.298328
0.0653341
0.0656435
0.0738682
0.502989
0.0811793
0.0705145
0.0616323
-0.0163263
0.0243643
0.0648392
0.0797713
0.0306554
0.127762
0.0998664
0.0909652
0.0914239
0.137206
0.0865843
0.254959
0.0159165
0.0673073
0.300887
0.166687
0.0880957
0.131368
0.291708
0.0616699
-0.0163297
0.0794025
0.0305718
0.127763
0.0998677
0.137251
0.086628
0.0673072
0.300887
0.131365
0.291706
0.0818818
0.0570603
0.0804713
0.0745818
0.036346
0.0500866
0.0793648
0.127521
0.0634281
0.0737149
0.0745543
0.483889
0.30663
0.393108
0.517208
0.408848
0.0818857
0.0570597
0.0804721
0.0745888
0.0793731
0.127523
0.074562
0.483888
0.0687183
0.0852643
0.0726398
0.0534337
0.068659
0.0534376
0.0726412
0.0852542
0.0237556
0.0237138
0.0371004
0.0371423
0.248544
0.308995
0.308996
0.248501
0.0353415
0.0061277
0.006126
0.0353415
0.0792093
0.0846802
0.0780166
0.0699468
0.0792155
0.069954
0.0780247
0.08469
0.050166
0.0501656
0.0639299
0.0639295
0.385091
0.524619
0.524621
0.385047
0.134198
0.132451
0.0845843
0.103895
0.134222
0.103894
0.084562
0.132475
0.0782755
0.0782982
0.0905565
0.0905346
0.408772
0.161468
0.161556
0.408772
0.0966318
0.0962753
0.0616189
0.0616173
-0.0215401
0.0191985
0.00435677
0.0281576
0.00401359
0.041766
-0.00224557
0.0537744
0.0339277
-0.0640674
0.0128915
0.0220604
0.0192108
-0.0214683
0.00433689
0.00396974
0.0282194
0.0411836
0.0537868
-0.00221552
0.0339307
0.0128828
-0.0641035
0.0220664
0.0176093
0.0216304
0.06037
0.0432152
0.0327738
0.0299708
0.0732795
0.0711474
0.055993
0.0619542
0.0571255
0.320143
0.0692706
0.0808487
0.0698332
0.216781
0.0176131
0.043215
0.021629
0.0603725
0.032773
0.0711493
0.0299963
0.0733088
0.0560012
0.320154
0.0619606
0.0568999
0.0692669
0.216787
0.0808569
0.0698344
-0.01617
-0.00987221
0.0525353
0.0217612
0.0192227
0.0191908
0.0221262
0.0622026
0.0183622
0.0263161
0.0788882
0.031455
0.0421465
0.0197008
0.082221
0.0883883
0.0604277
0.0604435
0.0974061
0.0727096
0.0813638
0.0756666
0.140343
0.0911363
0.069372
0.0694012
0.192413
0.129118
0.0549665
0.0644375
0.063693
0.313571
0.0313783
0.0313818
0.100729
0.0772788
0.0552468
0.0723098
0.133302
0.215618
-0.016204
-0.00982278
0.0525374
0.0217288
0.0156744
0.0265408
0.0786534
0.0313297
0.0421749
0.0196625
0.082224
0.08841
0.0817488
0.0757415
0.140387
0.0912018
0.0549665
0.0644382
0.0636929
0.313562
0.0552858
0.0731516
0.133297
0.215634
0.0244393
0.0272648
0.0673005
0.0572245
0.0770401
0.0686922
0.0770451
0.0733154
0.0440239
0.0440238
0.0397721
0.0467513
0.084134
0.0815087
0.0806072
0.0811441
0.0711509
0.0711515
0.0667635
0.0718611
0.068788
0.0719447
0.0732739
0.243171
0.292509
0.29252
0.29541
0.334723
0.500262
0.500263
0.507202
0.457589
0.0244274
0.0272804
0.0673084
0.0572236
0.0770288
0.0686988
0.0770368
0.0733222
0.0841431
0.0815174
0.0806158
0.0811526
0.068796
0.0719335
0.0732818
0.24317
0.0697621
0.0774871
0.0707648
0.0776441
0.0697592
0.0774037
0.0707647
0.0776441
0.0268199
0.0298548
0.029813
0.032698
0.283176
0.300017
0.300017
0.309544
-0.0151829
0.0719545
0.0022335
-0.0151846
0.0807866
0.0758429
0.0783645
0.0758309
0.0807938
0.0758502
0.0783724
0.0758386
0.0576002
0.053422
0.0600927
0.0575999
0.496983
0.444537
0.518245
0.496983
0.128476
0.132999
0.129411
0.128193
0.128477
0.133022
0.129411
0.128195
0.0842077
0.0820195
0.0820413
0.0756945
0.230175
0.292728
0.292727
0.351161
0.111474
0.141777
0.105349
0.111475
0.0572724
0.0193785
0.0218189
0.0335666
0.0689097
0.0228768
0.0816749
0.111116
0.0948226
0.0487066
0.139026
0.0967358
0.041703
0.0623833
0.181311
0.102334
0.0502372
0.25688
0.0779581
0.0467001
0.0937237
0.0482513
0.0772126
0.151644
0.0217955
0.0335632
0.0572728
0.0193774
0.0688374
0.022845
0.0948364
0.0486492
0.0817332
0.111109
0.139099
0.0968034
0.181304
0.102335
0.0417249
0.0576394
0.0502096
0.256901
0.0937232
0.0482538
0.077983
0.046729
0.077218
0.151625
0.0830419
0.0388331
0.0640469
0.05023
0.0746757
0.0778567
0.0407785
0.046714
0.140451
0.0843298
0.0703189
0.0641796
0.0859576
0.0858025
0.0673571
0.0751935
0.0689529
0.321754
0.0630589
0.0676319
0.0678002
0.285563
0.303495
0.322916
0.0863698
0.236103
0.0794573
0.0819522
0.0773694
0.223786
0.517801
0.467101
0.083076
0.0388968
0.0407575
0.0467138
0.0640614
0.0502298
0.0787462
0.0778649
0.140278
0.084179
0.067358
0.0752056
0.0703396
0.0641831
0.085972
0.0858238
0.0689481
0.321762
0.303495
0.322916
0.0630655
0.0676347
0.0678079
0.285562
0.0863815
0.236098
0.517797
0.467094
0.0794657
0.0819594
0.077376
0.22378
0.0645887
0.0582424
0.0371592
-0.00510423
0.02406
0.0240391
0.0499006
0.04991
0.0768317
0.0822433
0.0273159
0.0338969
0.130222
0.102375
0.115288
0.080751
0.0907609
0.09075
0.0779739
0.0779736
0.136184
0.134884
0.0825393
0.0885575
0.251752
0.251752
0.00975702
0.00981464
0.0705171
0.0611268
0.280868
0.311352
0.166325
0.166324
0.0749659
0.0749655
0.129913
0.130312
0.351157
0.227718
0.0645576
0.0582414
-0.00510677
0.0371513
0.0767525
0.0821909
0.0272532
0.0338341
0.102376
0.130233
0.115287
0.0807286
0.136219
0.134905
0.0825726
0.0885903
0.0611254
0.0705177
0.311353
0.280821
0.13031
0.12991
0.227722
0.351259
0.0805382
0.0831198
0.0536076
0.0604887
0.0842017
0.076626
0.0789194
0.072266
0.0367233
0.0367442
0.0508121
0.0508119
0.0823815
0.0785675
0.13132
0.127521
0.0643759
0.0643758
0.0759953
0.0760066
0.0762855
0.0722505
0.438554
0.521544
0.307798
0.307798
0.397465
0.397464
0.530317
0.530317
0.409358
0.409358
0.0805406
0.0831376
0.0536072
0.0604886
0.076627
0.0842019
0.0789254
0.0722732
0.0785757
0.0823897
0.131333
0.127521
0.072258
0.0762934
0.521456
0.438514
0.0431175
0.076246
0.0736455
0.058604
0.0594838
0.0809413
0.0810195
0.0802538
0.0583013
0.0669997
0.0741226
0.0663709
0.0371622
0.0472664
0.0654171
0.0577655
0.0431346
0.0585997
0.0736023
0.0760479
0.0371835
0.0577698
0.0654158
0.0472807
0.0583092
0.0663775
0.0741228
0.0669974
0.0594839
0.0802124
0.0809946
0.0796548
0.0199724
0.0219726
0.027068
0.027276
0.0199552
0.0271973
0.0270366
0.0219609
0.0421162
0.0402649
0.0332661
0.0351113
0.0421265
0.0351421
0.0332975
0.0402753
0.184696
0.291388
0.281998
0.186944
0.34655
0.299472
0.310454
0.324133
0.346544
0.324101
0.310454
0.299467
0.184609
0.186933
0.281998
0.291359
0.0170631
0.0197056
0.0571327
0.0476844
0.0810063
0.117309
-0.00275531
0.0206487
0.0810388
0.0206548
-0.00275667
0.117307
0.0171009
0.0476897
0.0571326
0.0189603
0.0621561
0.065836
0.0798559
0.0779688
0.0718161
0.0832582
0.0817143
0.068762
0.0789812
0.0753218
0.077327
0.0800381
0.0648859
0.070474
0.0740485
0.0705375
0.0621729
0.0779728
0.0798627
0.0658284
0.0648932
0.0705453
0.0740559
0.0704821
0.0789887
0.0800466
0.0773349
0.075329
0.0718277
0.0687862
0.0817219
0.0832669
0.0467226
0.047418
0.0542061
0.0537272
0.0467224
0.0537267
0.0542059
0.0474179
0.0676718
0.0677637
0.0609879
0.0607034
0.067669
0.060702
0.060988
0.0677633
0.304598
0.26502
0.450528
0.338231
0.221014
0.519853
0.529792
0.225795
0.221026
0.225795
0.529792
0.519853
0.304593
0.338229
0.450511
0.264532
0.0755741
0.140282
0.132818
0.0835852
0.0761446
0.0828516
0.132185
0.139993
0.0718836
0.105036
0.129206
0.0803147
0.0827669
0.0815508
0.129248
0.131687
0.0756019
0.0835993
0.132836
0.140238
0.0827728
0.131683
0.129247
0.0815586
0.0719004
0.0803426
0.129204
0.104984
0.076153
0.140068
0.132202
0.0828593
0.0798038
0.0735274
0.079117
0.087842
0.0798097
0.0877994
0.0791336
0.0735334
0.0941416
0.0961214
0.086399
0.0940008
0.0941064
0.0939342
0.0863827
0.0961144
0.234199
0.225902
0.352125
0.46396
0.0827252
0.100155
0.230607
0.211177
0.0827723
0.211447
0.230641
0.100157
0.234198
0.46396
0.352122
0.225912
0.0583764
0.0608991
0.12865
0.103593
0.0753969
0.103592
0.128649
0.0608988
0.0312415
0.0629026
0.0932259
0.0673586
0.0312694
0.0672923
0.0932384
0.0629065
-0.0153581
0.0192025
0.00309065
0.0166129
0.0364798
0.033571
9.41261e-05
0.045068
0.0241681
-0.0701959
0.0215219
0.0125457
0.0192235
-0.0152942
0.00308382
0.0361005
0.0166618
0.033747
0.045086
0.00035617
0.0241924
0.021529
-0.0702673
0.0126047
0.018724
0.020928
0.0405509
0.0431856
0.0320708
0.0306738
0.0565457
0.0713424
0.0576372
0.0602769
0.0548865
0.252011
0.0648675
0.0759063
0.0682795
0.156567
0.0187253
0.0431853
0.0209268
0.0405638
0.0320738
0.0713445
0.0306926
0.0565708
0.0576427
0.252003
0.0602812
0.0548944
0.0648683
0.15656
0.0759166
0.0682803
-0.0143287
-0.0111596
0.0430751
0.0260324
0.0192183
0.0192024
0.0210071
0.0676915
0.0222608
0.0249224
0.0693282
0.0318557
0.0383169
0.0264875
0.0759194
0.0781904
0.0644166
0.0644011
0.100531
0.0499297
0.0796621
0.0769005
0.140196
0.0934277
0.0741108
0.0741235
0.143344
0.105294
0.0575207
0.062248
0.0618455
0.305988
0.0330696
0.0330744
0.0668477
0.0847595
0.0634275
0.0772824
0.120678
0.160776
-0.0142325
-0.0111326
0.0430693
0.0260249
0.0180336
0.0248561
0.0693029
0.0317094
0.0382754
0.0265085
0.0759241
0.0781901
0.0800196
0.0770872
0.140275
0.093504
0.0575213
0.062248
0.0618454
0.305954
0.0634534
0.0773095
0.12069
0.160744
0.0252402
0.0265776
0.0485829
0.0573137
0.074573
0.0703736
0.0708098
0.0726849
0.04372
0.0437199
0.041594
0.0450836
0.0829917
0.081679
0.0812285
0.0815984
0.0706249
0.0706252
0.0684311
0.07098
0.0703672
0.0721458
0.0726305
0.218641
0.288505
0.288505
0.2898
0.302818
0.494308
0.494309
0.498897
0.474028
0.0252237
0.0265816
0.0485942
0.0573127
0.0745791
0.07038
0.0708172
0.0726912
0.0830007
0.0816879
0.0812373
0.0816071
0.0703751
0.0721477
0.0726383
0.218653
0.0719936
0.0772329
0.0724979
0.07592
0.0719901
0.0772118
0.0724978
0.0759191
0.0279359
0.0294544
0.0294335
0.0308754
0.292324
0.299597
0.299597
0.305389
-0.0144572
-0.0145994
-0.00452058
-0.0144581
0.0789508
0.0764733
0.0777342
0.0764671
0.078958
0.0764808
0.0777419
0.0764748
0.0571788
0.0550897
0.058425
0.0571787
0.493843
0.467625
0.508835
0.493843
0.12804
0.13022
0.128426
0.127892
0.12804
0.130232
0.128426
0.127893
0.0808307
0.079737
0.079748
0.0765741
0.261073
0.292863
0.292862
0.321581
0.11733
0.133649
0.114117
0.11733
-0.0224744
-0.0185624
0.0541881
0.0111649
0.0192185
0.0192239
0.0208506
0.0399256
0.0054607
0.0168072
0.0326513
0.0224363
0.0371928
0.0443076
0.0764163
0.09856
0.00757876
0.0563786
0.0969876
0.0285357
0.0839924
0.0830652
0.14056
0.0998542
-0.00457146
-0.00828245
0.0323361
0.0469359
0.0551525
0.0646295
0.12916
0.0851831
0.038684
0.0520763
0.0481199
0.250558
-0.0551068
0.0124124
0.067695
-0.0267759
0.0189962
0.0273817
0.0589185
0.0533811
0.030316
0.0470028
0.0664404
0.0921236
0.019216
0.0191919
0.0208364
0.0398955
-0.0224759
-0.0185653
0.0541864
0.0111645
0.00543211
0.0142869
0.0309241
0.0224094
0.0075883
0.0564247
0.0969639
0.0285338
0.0373184
0.044331
0.0764236
0.0985513
0.0818476
0.0834779
0.140636
0.0999447
0.0551686
0.0646542
0.129159
0.0851759
-0.0045494
-0.00839378
0.0323596
0.0469473
0.0386602
0.0520763
0.0481735
0.249808
0.0190173
0.0273859
0.0589198
0.0534203
-0.0550286
0.012384
0.0677316
-0.0268954
0.0303057
0.0470118
0.0664493
0.0921231
0.031117
0.0277099
0.0751782
0.0396815
0.0223327
0.0237373
0.0445873
0.0502653
0.0711803
0.0794505
0.0753522
0.0771825
0.0432334
0.0443278
0.0427051
0.0449906
0.0334732
0.0744318
0.143093
0.0873697
0.0292679
0.0278893
0.0525928
0.0643159
0.0815552
0.085275
0.0862168
0.0860895
0.0709598
0.0716769
0.0690742
0.0736982
0.057657
0.0661068
0.0663473
0.318514
0.0636395
0.0670103
0.0641499
0.0664801
0.064052
0.0672149
0.0667243
0.237633
0.302092
0.295849
0.300743
0.290174
0.072488
0.0742337
0.0826955
0.177088
0.0810107
0.0813385
0.0803134
0.0816703
0.0699291
0.0712958
0.0769972
0.188955
0.372999
0.504624
0.511536
0.486908
0.031483
0.0282258
0.0751417
0.0397977
0.0432333
0.0443278
0.0426946
0.0449905
0.0223316
0.0237328
0.0445853
0.050265
0.0711885
0.0794567
0.0753529
0.0771894
0.0334715
0.0743948
0.142755
0.0871323
0.0709616
0.0716778
0.0690753
0.0737049
0.0293
0.027912
0.0526128
0.0643212
0.0815674
0.0852901
0.0862346
0.0861051
0.0562784
0.0661074
0.06608
0.318566
0.302082
0.295849
0.300743
0.290109
0.0636477
0.0670169
0.0641566
0.0664869
0.0640601
0.067223
0.066732
0.237645
0.0724787
0.0742486
0.0827473
0.177082
0.372997
0.504625
0.511542
0.48691
0.0810191
0.0813471
0.0803219
0.0816781
0.0699335
0.0713136
0.0770065
0.188972
0.0562851
0.0674794
0.0620464
0.0599637
0.0102685
-0.0138325
-0.0198318
-0.0107069
0.0232452
0.0257067
0.0242122
0.0242017
0.0619281
0.0682081
0.0573138
0.0573135
0.0812424
0.0805436
0.077996
0.0809747
0.0310545
0.0302551
0.0289846
0.0322755
0.0848043
0.128609
0.129051
0.126468
0.0940073
0.105731
0.108931
0.0903513
0.0941197
0.0875856
0.0908631
0.0908576
0.0859567
0.148269
0.084872
0.0848719
0.139491
0.135779
0.136726
0.135907
0.0888515
0.0843019
0.0845614
0.0875705
0.22915
0.271385
0.253399
0.253399
0.127499
0.00899927
0.0117666
0.0117662
0.0655021
0.0690386
0.0689341
0.064282
0.301235
0.300449
0.292064
0.307271
0.13406
0.198717
0.16725
0.16725
0.0796075
0.0967178
0.0816986
0.0816983
0.132339
0.130391
0.130789
0.13094
0.289603
0.292422
0.321783
0.259904
0.056286
0.0674739
0.061974
0.0600053
0.0102643
-0.0138354
-0.0107097
-0.0198347
0.0812431
0.0804747
0.0779125
0.0809174
0.0309501
0.0301924
0.0289115
0.0322024
0.0847979
0.128609
0.126589
0.129056
0.0940052
0.10573
0.108931
0.0903525
0.139518
0.135813
0.136765
0.135947
0.0889062
0.0843347
0.0845999
0.0876088
0.0655021
0.0690389
0.0642813
0.0689343
0.301235
0.300449
0.307271
0.292064
0.132335
0.130389
0.130937
0.130786
0.289609
0.292414
0.259937
0.321787
0.0773181
0.0824512
0.0812115
0.0824566
0.057128
0.0580216
0.055331
0.0587716
0.0801675
0.0792047
0.0828639
0.0785681
0.0739512
0.0752124
0.0767645
0.0734248
0.0381735
0.034521
0.0365347
0.0365452
0.048419
0.0517543
0.0504494
0.0504493
0.079986
0.0789949
0.0808734
0.078966
0.0869887
0.128231
0.129409
0.127512
0.0650958
0.0617604
0.0639021
0.063902
0.0727423
0.0748163
0.0748551
0.0748609
0.0739154
0.0751945
0.0754197
0.0734024
0.391625
0.494717
0.461888
0.504168
0.30102
0.311793
0.307214
0.307214
0.364834
0.419677
0.397505
0.397501
0.513248
0.518884
0.523809
0.52381
0.436779
0.380239
0.409405
0.409405
0.07734
0.0824591
0.0812167
0.082464
0.0571273
0.0580212
0.0553305
0.0587712
0.0801767
0.0792054
0.0785703
0.082854
0.0739579
0.0752195
0.0767713
0.0734318
0.0799945
0.079003
0.0789742
0.0808817
0.0869894
0.128232
0.129411
0.12751
0.0739232
0.0752021
0.07341
0.0754275
0.391634
0.494729
0.504156
0.461875
0.0598823
0.0674812
0.0653219
0.0760375
0.0866167
0.0868697
0.083747
0.0848138
0.0708161
0.0703102
0.0718397
0.0746685
0.0457498
0.0520317
0.0558812
0.0578086
0.0598677
0.0674094
0.0653099
0.0759647
0.0457539
0.0520349
0.0558839
0.057807
0.0708154
0.0703106
0.0718409
0.0746713
0.0866342
0.0868563
0.0837227
0.0847836
0.0227873
0.0233167
0.0239078
0.0256499
0.0227547
0.0232799
0.0238765
0.0255977
0.037997
0.0390432
0.0354663
0.0369119
0.037986
0.0390746
0.0355186
0.0369432
0.220522
0.247983
0.250162
0.267186
0.309742
0.306245
0.313456
0.308414
0.309735
0.306246
0.313456
0.308415
0.220522
0.247996
0.25012
0.267186
0.0270481
0.0329682
0.0388846
0.0431957
0.0314974
0.0133774
0.000514038
0.00986319
0.0133777
0.0315044
0.00987067
0.000511902
0.0329998
0.0270733
0.0431635
0.0389188
0.074935
0.0785301
0.0798646
0.0809587
0.079505
0.0853064
0.0837617
0.0840044
0.0786001
0.0776942
0.078169
0.0771509
0.0687947
0.0688739
0.0711076
0.0710988
0.0749381
0.0785385
0.0798674
0.0809667
0.0688018
0.0688813
0.0711148
0.0711061
0.0786084
0.0777015
0.0781772
0.077159
0.0795116
0.0853068
0.0837871
0.0840159
0.0501857
0.0484374
0.0518843
0.0511747
0.0484371
0.0501855
0.0511745
0.0518839
0.0656406
0.06404
0.0648498
0.0622059
0.064038
0.06564
0.0622058
0.0648495
0.358913
0.354783
0.413386
0.394743
0.382228
0.522038
0.52557
0.533844
0.522053
0.382233
0.533845
0.525561
0.354721
0.358867
0.394754
0.413272
0.137618
0.0925216
0.135515
0.133195
0.0955573
0.135774
0.131352
0.134127
0.0808564
0.0827786
0.0867611
0.122292
0.0893533
0.08629
0.129361
0.123912
0.137526
0.0925404
0.135543
0.133207
0.0895583
0.0856432
0.12936
0.123131
0.0808679
0.0826608
0.0867295
0.122315
0.0912798
0.13582
0.131372
0.134174
0.0812952
0.0766889
0.0805186
0.0771354
0.0812313
0.0767063
0.0805466
0.0771524
0.092631
0.0936701
0.0906587
0.0895726
0.0926132
0.0936253
0.0906423
0.0895453
0.405066
0.442354
0.380182
0.409216
0.127881
0.158744
0.163995
0.194839
0.127894
0.158777
0.164091
0.194852
0.405328
0.442352
0.380233
0.409217
0.108007
0.0599003
0.120554
0.0851088
0.0599001
0.1075
0.0851083
0.120554
0.052384
0.0541852
0.068351
0.0712079
0.0541673
0.0523822
0.0712059
0.06835
0.0391652
0.00824365
0.0199256
0.0245989
0.0283817
0.0192052
0.0663329
0.0849716
0.039359
0.0220743
0.0674819
0.0938082
0.0280751
0.0606055
0.128533
0.0795507
0.0365101
0.180036
0.0600339
-0.0507552
0.0481217
0.0345505
0.0576483
0.0572003
0.0199189
0.0245861
0.0391062
0.00799162
0.0283247
0.0191936
0.0393689
0.0220775
0.0663941
0.0849208
0.0674477
0.0937406
0.128493
0.0795144
0.0280894
0.0606176
0.0365184
0.179941
0.0481536
0.0345275
0.0600467
-0.0507112
0.0576857
0.0572073
0.0391565
0.0436367
0.0425523
0.0467406
0.0599237
0.061255
0.0426659
0.0449585
0.0595726
0.0829899
0.0545919
0.0678196
0.0723729
0.0740189
0.0694027
0.0754771
0.0571487
0.24176
0.0600763
0.063417
0.0631199
0.246096
0.334365
0.3125
0.079626
0.156568
0.0799163
0.0819352
0.0774392
0.173009
0.218886
0.225472
0.0391726
0.0436315
0.0426607
0.0449584
0.0425734
0.0467403
0.0599159
0.0612629
0.0595759
0.0829923
0.0694051
0.0754811
0.0545991
0.0678237
0.0723926
0.0740294
0.0571568
0.241776
0.334359
0.312485
0.0600838
0.0634241
0.0631032
0.246106
0.0796165
0.156579
0.218904
0.225482
0.0799242
0.0819409
0.0774452
0.172991
0.0491195
0.0182939
0.037574
0.035867
0.056462
0.0498926
-0.0200482
0.0157023
0.0209322
0.0538084
0.0209216
0.0537436
0.0220494
0.0220436
0.05485
0.0548487
0.0687221
0.0279301
0.0715056
0.0359401
0.076651
0.0793905
0.0293645
0.0332979
0.0778333
0.0922589
0.0724014
0.0586568
0.0825426
0.0814009
0.0973112
0.0778927
0.0987522
0.0394203
0.098758
0.0394182
0.0967638
0.0967603
0.0669793
0.0669793
0.140027
0.0967569
0.140555
0.0899633
0.140265
0.140155
0.0894887
0.0925349
0.136438
0.0955233
0.136453
0.095554
0.189753
0.189753
0.124337
0.124161
0.0563984
0.28511
0.0657279
0.318246
0.0653761
0.0608124
0.303665
0.319974
0.0662919
0.070021
0.0663467
0.0699987
0.100921
0.100921
0.0702886
0.070288
0.0702615
0.1272
0.109349
0.179708
0.132178
0.132606
0.220835
0.2207
0.0489695
0.0181873
0.037588
0.0358951
0.0564014
0.0499009
0.0157035
-0.0200523
0.068574
0.0274971
0.0713057
0.0359576
0.0764311
0.0792925
0.0292625
0.0332199
0.0778475
0.0922602
0.0724063
0.0586931
0.0814275
0.0825474
0.0973108
0.0779098
0.140091
0.0968465
0.140543
0.0899529
0.140271
0.140194
0.0895002
0.092601
0.0564009
0.285109
0.0657268
0.318274
0.060815
0.0653747
0.319958
0.303648
0.0703736
0.127201
0.109203
0.179779
0.132602
0.132174
0.220676
0.22083
0.0465976
0.0537847
0.050578
0.0608158
0.0665439
0.0680445
0.0554652
0.0589525
0.075682
0.0775042
0.067481
0.069584
0.0818712
0.0709735
0.0756674
0.0718961
0.0421496
0.0457209
0.0421444
0.0457209
0.0400185
0.0400238
0.0470847
0.0470846
0.0836958
0.0839563
0.0807736
0.0816365
0.0819326
0.0803225
0.0823654
0.0813466
0.0694571
0.0723392
0.0694576
0.0723425
0.0672637
0.0672634
0.0726943
0.0726973
0.0696786
0.22815
0.0749099
0.20482
0.0742977
0.0719056
0.253346
0.233426
0.295433
0.306466
0.295444
0.306409
0.297388
0.297389
0.338615
0.338615
0.51125
0.483216
0.51125
0.483217
0.513532
0.513533
0.46084
0.460841
0.0465931
0.0537832
0.0506036
0.0608182
0.0665439
0.0680609
0.0554645
0.0589528
0.0756905
0.0775081
0.0674877
0.0695907
0.0709776
0.0818656
0.0756738
0.0719029
0.0837049
0.0839679
0.0807822
0.0816446
0.0803311
0.0819412
0.0823765
0.0813547
0.0696865
0.228136
0.0749152
0.204813
0.0719134
0.0743052
0.233427
0.253346
0.0733543
0.0675929
0.0754602
0.0792844
0.0724597
0.0681369
0.0802593
0.0759076
0.0733362
0.0675903
0.0754146
0.0792595
0.0681358
0.0724599
0.0759082
0.0802427
0.026944
0.0269283
0.0284603
0.0315755
0.0284238
0.0315389
0.0329821
0.0329978
0.282596
0.282596
0.292207
0.306375
0.306376
0.292207
0.310008
0.310008
-0.0186272
-0.00896013
0.0644971
0.0644966
-0.00142726
-0.00142801
-0.00896167
-0.0186286
0.0803221
0.0812514
0.0778578
0.0749458
0.0800422
0.0778453
0.076579
0.0749398
0.080329
0.081259
0.0778649
0.0749531
0.0778533
0.0800499
0.0749473
0.0765868
0.0559032
0.0592941
0.0538141
0.053814
0.0605404
0.0605404
0.0559029
0.0592939
0.474562
0.517728
0.448974
0.448973
0.524174
0.524176
0.517729
0.474524
0.130335
0.128844
0.132976
0.132651
0.129421
0.129417
0.130505
0.128719
0.128844
0.130344
0.132997
0.132671
0.129416
0.12942
0.130515
0.128719
0.0853034
0.0852952
0.0805679
0.0842007
0.0805871
0.0842198
0.0774058
0.0774141
0.23118
0.231199
0.322672
0.261953
0.261953
0.322678
0.352156
0.352157
0.121407
0.102426
0.135388
0.135388
0.0994855
0.0994854
0.121407
0.102427
0.052926
0.0581492
0.0170392
0.023387
0.0208966
0.0218958
0.0249923
0.0410289
0.045175
0.0766421
0.0214246
0.0251902
0.0792677
0.0831383
0.105883
0.108962
0.0944547
0.0954685
0.0435791
0.0548631
0.115932
0.139643
0.0953562
0.0953343
0.0394352
0.0445216
0.0718614
0.0385667
0.17949
0.184162
0.0914717
0.10959
0.0421507
0.0545564
0.225748
0.276726
0.0786058
0.0789585
0.0368608
0.0569635
0.089693
0.0970142
0.0397941
0.0556355
0.0745556
0.0760874
0.117577
0.182837
0.0208764
0.0218782
0.0249762
0.0410108
0.0529197
0.0581145
0.01705
0.0234037
0.0451968
0.0765026
0.0214001
0.0251349
0.0944793
0.0954789
0.0435787
0.0548637
0.0792883
0.0830723
0.105885
0.108972
0.11599
0.139712
0.0954076
0.0954014
0.179488
0.184143
0.0914796
0.109591
0.0394531
0.0445605
0.0718752
0.0386398
0.0421631
0.0545635
0.225724
0.276719
0.0897075
0.0970141
0.0398018
0.0556371
0.0785601
0.0789748
0.036912
0.056995
0.0745689
0.0760207
0.11767
0.183399
0.0856237
0.0812671
0.0416101
0.0369866
0.0631358
0.0650381
0.0484659
0.0519681
0.0701079
0.0827244
0.0730723
0.080201
0.042467
0.0405269
0.0467095
0.047751
0.0764849
0.140466
0.0830881
0.0861965
0.0710084
0.0695086
0.0659134
0.06243
0.0805379
0.084793
0.0821401
0.0849065
0.0674989
0.068263
0.0785587
0.0743605
0.0659674
0.0683052
0.344582
0.326066
0.0606824
0.064715
0.0662631
0.069051
0.0663434
0.0691689
0.295837
0.275321
0.329747
0.301536
0.30231
0.335297
0.083438
0.110049
0.23541
0.230999
0.0792201
0.0797466
0.0823478
0.0817511
0.0783107
0.0763459
0.221891
0.225844
0.377575
0.524037
0.439616
0.466315
0.0856409
0.0812825
0.0416367
0.0370031
0.0424513
0.0405112
0.0467094
0.0477508
0.0631606
0.0650389
0.0484657
0.0519677
0.0701155
0.0820889
0.0730782
0.0802074
0.0764776
0.140365
0.0830158
0.0860998
0.0675008
0.0682636
0.0785677
0.0743695
0.0710131
0.0695397
0.0659165
0.0624324
0.0805481
0.0848013
0.0821528
0.084927
0.0659653
0.0683016
0.344578
0.326052
0.329734
0.301536
0.302317
0.335301
0.0606896
0.0647216
0.0662661
0.0690586
0.0663508
0.0691766
0.295834
0.275319
0.0834936
0.110051
0.235415
0.23099
0.377582
0.524038
0.439719
0.466315
0.0792281
0.079755
0.0823551
0.0817586
0.0783177
0.0763527
0.221886
0.225842
0.0719636
0.0609543
0.0510722
0.0625869
0.0336167
0.0476146
-0.00159666
0.0208806
0.0230163
0.0256784
0.0256523
0.023
0.0533701
0.0472285
0.0472901
0.0533394
0.0755504
0.077067
0.0826119
0.0845351
0.027192
0.0272958
0.0345183
0.0335972
0.0869081
0.131505
0.128603
0.0813198
0.122027
0.109336
0.0740372
0.0870856
0.0933754
0.0885792
0.0885655
0.0933665
0.0730545
0.134606
0.134607
0.0730538
0.138847
0.135136
0.134029
0.138049
0.0808282
0.0851823
0.0912365
0.0874701
0.269303
0.224888
0.224888
0.269303
0.077394
0.00346644
0.00346533
0.0775933
0.0687655
0.0723619
0.0632399
0.0594476
0.280766
0.281454
0.310899
0.311856
0.133572
0.198715
0.198714
0.133575
0.0661287
0.0840942
0.0840936
0.0661274
0.130328
0.129562
0.129778
0.130999
0.348602
0.351802
0.229279
0.225751
0.0609459
0.071932
0.0625833
0.0510712
0.020882
-0.00158812
0.0475942
0.0270352
0.0770248
0.0755714
0.084531
0.0825626
0.0272251
0.0271449
0.0335501
0.0344716
0.0813194
0.128602
0.13152
0.0869139
0.109335
0.122027
0.0870678
0.0740141
0.135162
0.138831
0.1381
0.134054
0.0851777
0.0808531
0.0874947
0.0912862
0.0594495
0.0632382
0.0723626
0.0687647
0.311855
0.310899
0.281408
0.280717
0.130996
0.129777
0.12956
0.130326
0.225754
0.229278
0.351809
0.34863
0.0760825
0.0816969
0.0831623
0.0784352
0.0545978
0.0536568
0.060583
0.0614352
0.0848111
0.0827421
0.0755769
0.0748368
0.0793837
0.0784542
0.0713745
0.0731574
0.0386084
0.0349937
0.0350199
0.0386242
0.049115
0.0525091
0.0525089
0.0491149
0.08282
0.0821765
0.0780751
0.079303
0.132438
0.0904989
0.0869131
0.128782
0.0660698
0.0626819
0.0626819
0.0660695
0.0747157
0.0776675
0.0776815
0.0747244
0.0758054
0.0768084
0.0731511
0.0713948
0.387321
0.447864
0.532466
0.386891
0.303614
0.312658
0.312658
0.303582
0.424788
0.368715
0.368707
0.424477
0.526165
0.531192
0.531194
0.526166
0.380979
0.440127
0.440128
0.380978
0.0817046
0.0760889
0.0784447
0.083171
0.0536564
0.0545975
0.0614351
0.0605836
0.0747804
0.0755785
0.0827387
0.0848081
0.0784577
0.0793904
0.0731646
0.0713814
0.0793114
0.0780832
0.0821844
0.0828285
0.0905083
0.132452
0.128782
0.0870697
0.0714024
0.0731585
0.0768163
0.075813
0.386899
0.532454
0.447824
0.387341
0.0261525
0.0296146
0.0551166
0.0496645
0.0685371
0.0776151
0.0743138
0.0700774
0.0752975
0.0704538
0.0753839
0.0788834
0.0458081
0.0542634
0.0605377
0.0583857
0.0398186
0.0707627
0.0885254
0.0787592
0.073294
0.0830381
0.0860043
0.0780624
0.0787277
0.0815383
0.0837376
0.0816739
0.0702559
0.0725905
0.0857741
0.0828839
0.0588325
0.0643347
0.0681576
0.0621231
0.0638174
0.0671588
0.0700845
0.0667469
0.0742159
0.077416
0.0737465
0.0707295
0.0691462
0.0658159
0.0722158
0.0776303
0.026748
0.0301736
0.0441552
0.0407411
0.0403003
0.0537399
0.0484094
0.034929
0.070082
0.0661896
0.0601706
0.0650124
0.0591878
0.0530777
0.0561957
0.0625499
0.0260963
0.0496703
0.0550951
0.0295494
0.0458103
0.0583674
0.0604386
0.0542129
0.0752639
0.0788418
0.0753327
0.0704404
0.0684728
0.0699615
0.0742183
0.0776722
0.0267638
0.0407393
0.0441642
0.0301946
0.0591898
0.0625506
0.0561977
0.0530857
0.0700813
0.0650095
0.0601684
0.0661888
0.0403082
0.0349498
0.0484119
0.0537361
0.0588404
0.0621302
0.0681567
0.0643311
0.0691526
0.0776147
0.0722161
0.0658225
0.0742159
0.0707305
0.073747
0.0774164
0.0638167
0.0667426
0.0700831
0.0671582
0.0398288
0.0787659
0.0885315
0.0707712
0.0702439
0.0828899
0.0857544
0.0725635
0.078705
0.0816598
0.0836787
0.0814766
0.073299
0.0780634
0.0859912
0.0830375
0.0181342
0.0203894
0.0221067
0.0208207
0.0209697
0.0231308
0.0229018
0.0208914
0.0281982
0.0287225
0.0256642
0.0256926
0.0298919
0.025297
0.0254201
0.0291742
0.0181292
0.0208015
0.0220781
0.0203789
0.0296022
0.0290866
0.0253664
0.025067
0.0281799
0.0256796
0.025625
0.0286676
0.0209644
0.020879
0.0228773
0.0231227
0.0449296
0.0436917
0.040338
0.0410014
0.0418692
0.0383911
0.0388258
0.0424195
0.0312072
0.0318707
0.03523
0.0347574
0.0338329
0.0378766
0.0362332
0.0327102
0.0449321
0.0409456
0.0403404
0.0436996
0.0338973
0.0327858
0.0362512
0.0378098
0.0312255
0.0347705
0.0352692
0.0319255
0.0418719
0.0424274
0.0388494
0.0383989
0.124688
0.220686
0.219158
0.125911
0.296723
0.292175
0.26691
0.270978
0.292279
0.270366
0.268242
0.292134
0.140025
0.132791
0.222697
0.227098
0.24361
0.316681
0.317793
0.309312
0.292476
0.302301
0.304975
0.298096
0.30589
0.30686
0.313041
0.312247
0.313193
0.320715
0.313975
0.307668
0.243634
0.309328
0.317786
0.316691
0.313219
0.307667
0.313971
0.321036
0.30589
0.31225
0.313041
0.30686
0.292476
0.298096
0.304976
0.302301
0.124626
0.125907
0.219162
0.220717
0.139998
0.227095
0.222697
0.132813
0.292279
0.292134
0.268242
0.270366
0.296716
0.270957
0.266927
0.292175
0.0139777
0.00852664
0.0246972
0.032779
0.0220871
0.00647431
0.0308461
0.0146737
-0.0178705
0.0607574
0.0466613
-0.0172582
0.0607038
0.0471403
0.0405418
0.0544692
0.0698975
0.0805449
0.0333563
0.0535268
0.100622
0.119002
0.0436703
0.0903321
-0.00793329
-0.00743474
0.00398603
0.00509621
0.0307774
0.0411666
0.0261903
0.0155784
0.0700346
0.0535336
0.025779
0.0805381
0.0308059
0.0155771
0.0261945
0.041208
-0.00793417
0.00509559
0.00399867
-0.00743175
0.100425
0.0903622
0.0437695
0.119002
0.0139496
0.032618
0.0247301
0.00852935
0.0603936
0.0543345
0.0405604
0.0471019
-0.0178714
-0.01727
0.0465935
0.0607496
0.0220516
0.0146882
0.0308801
0.0064709
0.0415483
0.0435695
0.0740104
0.072133
0.047595
0.0767003
0.0755563
0.0456
0.0784043
0.0773113
0.0813366
0.0820741
0.0751205
0.0798282
0.0805808
0.0762177
0.0555545
0.0810525
0.0800212
0.0535812
0.0824622
0.0814031
0.0844196
0.0849479
0.0794965
0.082795
0.0835459
0.0805879
0.0495805
0.0515756
0.0791052
0.0779006
0.0766488
0.0775619
0.0783239
0.0801144
0.0737707
0.0748605
0.07675
0.0759736
0.0771562
0.0785344
0.0776153
0.0760013
0.081001
0.080542
0.0789573
0.0796445
0.0616912
0.0649488
0.0675693
0.0649226
0.0711351
0.0726637
0.0700852
0.0680326
0.0757066
0.0741727
0.0721293
0.0741858
0.0711548
0.0682013
0.0701343
0.0726553
0.0415684
0.0721413
0.0740145
0.0435793
0.0751265
0.0762243
0.0805876
0.0798341
0.0784115
0.0820812
0.0813458
0.0773182
0.0475974
0.0455895
0.0755603
0.0767119
0.0616863
0.0649181
0.0675766
0.0649558
0.0711627
0.072663
0.0701418
0.0682091
0.0757141
0.0741931
0.0721366
0.0741803
0.0711416
0.0680392
0.0700921
0.0726706
0.0766554
0.0801226
0.0783316
0.0775758
0.0810097
0.0796529
0.0789657
0.0805506
0.077164
0.0760092
0.0776233
0.0785425
0.0737773
0.0759792
0.0767575
0.0748681
0.0555708
0.0535934
0.0800328
0.0810624
0.0495991
0.0779245
0.0791029
0.0516083
0.079504
0.0805959
0.0835566
0.0828024
0.082471
0.0849606
0.0844105
0.0814115
0.0449634
0.0449714
0.0484476
0.048503
0.0454023
0.0487671
0.0494629
0.0460394
0.0554965
0.0563097
0.0528863
0.0521318
0.0555492
0.0520249
0.0519213
0.0553924
0.0449631
0.0485026
0.0484475
0.0449714
0.055548
0.0553919
0.051921
0.0520241
0.0554964
0.0521317
0.052886
0.0563093
0.0454023
0.0460393
0.0494626
0.048767
0.0695841
0.0692312
0.0657704
0.0660784
0.0689445
0.0655829
0.0665567
0.0699707
0.0588595
0.0597281
0.0631425
0.0622212
0.0590655
0.0625697
0.0623118
0.0588555
0.069581
0.0660737
0.0657684
0.0692294
0.0590648
0.0588555
0.0623105
0.0625659
0.0588596
0.0622212
0.0631424
0.0597284
0.0689442
0.06997
0.0665563
0.0655827
0.249018
0.242518
0.33186
0.292892
0.223413
0.389505
0.380809
0.232878
0.472249
0.42412
0.422102
0.472095
0.306451
0.303405
0.365949
0.368988
0.164759
0.375271
0.379905
0.181158
0.505064
0.519718
0.53007
0.515586
0.513926
0.51604
0.534221
0.52514
0.212295
0.197059
0.384565
0.389248
0.164752
0.181153
0.379907
0.375266
0.21228
0.38926
0.384562
0.197068
0.513924
0.525141
0.534219
0.51604
0.505065
0.515593
0.530071
0.519718
0.249063
0.292824
0.33184
0.242512
0.306451
0.368985
0.365941
0.303426
0.472249
0.47209
0.422076
0.424014
0.223426
0.232877
0.380685
0.389508
0.057966
0.0583511
0.0832508
0.0818556
0.140299
0.139175
0.138457
0.141587
0.130435
0.130331
0.134553
0.135519
0.082777
0.085226
0.0922884
0.0887421
0.0567293
0.0735687
0.107372
0.13111
0.0769835
0.0860748
0.0899942
0.077478
0.130348
0.134953
0.132933
0.130066
0.139979
0.140212
0.137008
0.139032
0.0461966
0.0622174
0.0809601
0.0650354
0.102302
0.131489
0.0845841
0.0703127
0.128732
0.128612
0.128586
0.130106
0.0741614
0.070231
0.0810643
0.0838698
0.0772164
0.0817889
0.0829344
0.081102
0.0816169
0.0869495
0.0865352
0.0816536
0.128654
0.130178
0.129068
0.128502
0.124526
0.0819995
0.12989
0.131775
0.0579733
0.081867
0.0832271
0.0584516
0.0827871
0.0887472
0.0923036
0.0852396
0.130446
0.135549
0.134576
0.130339
0.140333
0.141458
0.138424
0.139184
0.0772183
0.0811003
0.0829539
0.0817968
0.124402
0.131772
0.129888
0.0825927
0.128654
0.128503
0.129067
0.130176
0.0816254
0.0816617
0.0865586
0.0869607
0.0461887
0.0650634
0.0809729
0.0622315
0.0741662
0.083866
0.081073
0.0702726
0.128732
0.130104
0.128584
0.128611
0.10219
0.070441
0.0844155
0.131486
0.056325
0.131207
0.107409
0.073582
0.140065
0.139085
0.137057
0.140277
0.130358
0.130073
0.132954
0.134982
0.0769922
0.0774936
0.0899143
0.0860739
0.0798013
0.0756386
0.0798815
0.0824708
0.0716596
0.073729
0.0757023
0.0730187
0.078571
0.0825646
0.079093
0.0762419
0.0916952
0.0887773
0.0833495
0.0870165
0.0798035
0.0823535
0.0798541
0.0756439
0.0917281
0.0870415
0.0833151
0.0886533
0.0785807
0.0762489
0.079114
0.0825935
0.0716613
0.0730237
0.0757153
0.0737334
0.0892497
0.0419518
0.0940097
0.0967938
0.0996447
0.0937476
0.0930032
0.0978479
0.0825253
0.0859143
0.0890759
0.0880825
0.0951749
0.0983949
0.0924774
0.0900959
0.0892868
0.0967891
0.093975
0.0419598
0.0950919
0.0900437
0.0924302
0.0983049
0.0825158
0.0880756
0.0890554
0.0858856
0.0996418
0.0978403
0.0929898
0.0937431
0.14861
0.171009
0.431148
0.416064
0.173621
0.31944
0.377281
0.180089
0.322834
0.381023
0.380785
0.322348
0.478659
0.486585
0.44131
0.438645
0.0392403
0.0543101
0.124545
0.0746029
0.0669225
0.134425
0.130858
0.0624554
0.262304
0.261115
0.196959
0.199491
0.143922
0.109516
0.192394
0.257925
0.039255
0.0745926
0.124544
0.0543116
0.14392
0.257951
0.192443
0.109514
0.262303
0.19949
0.196959
0.261114
0.0669241
0.0625346
0.130858
0.134425
0.148605
0.416059
0.431194
0.171006
0.478658
0.438642
0.441305
0.486583
0.322834
0.322353
0.380785
0.381023
0.17365
0.180125
0.377331
0.319444
0.0698945
0.025574
0.0542515
0.0942851
0.044985
0.0797319
0.0665756
0.0340731
0.127704
0.115227
0.127639
0.141673
0.0861806
0.0971426
0.114644
0.103027
0.0697904
0.0942867
0.0542504
0.0255765
0.0861809
0.103027
0.114644
0.0971053
0.127703
0.141674
0.127639
0.115227
0.0449841
0.0340133
0.0665165
0.0797316
-0.0468443
0.0439348
0.0447183
-0.0386404
0.0775207
0.0730741
0.0593154
0.0617782
0.108464
0.0964483
0.0777124
0.0905926
0.0684417
0.0487356
0.0640728
0.0840915
-0.0470506
-0.038556
0.0447092
0.0439205
0.0684414
0.0840849
0.0640641
0.0487288
0.108463
0.0905924
0.0777115
0.0964473
0.0775193
0.061762
0.0593138
0.0730736
