-0.667475
0.145
-1.885
-0.869972
0.125
1.655
-0.715
0.464727
-1.785
-0.749506
0.795
1.805
0.675
0.145
-1.88106
0.870005
0.125
1.655
0.715
0.465761
-1.785
0.749506
0.795
1.805
0.0153543
-0.00620464
0.150635
0.120233
0.0153233
-0.00691493
0.150566
0.120092
0
0
0
0
0
0
0
0
0
0
0
0
0
0
0
0
0
0
0
0
0
0
0
0
0
0
0
0
0
0
0
0
0
0
0
0
0
0
0
0
0
0
0
0
0
0
0
0
0
0
0
0
0
0
0
0
0
0
0
0
0
0
0
0
0
0
0
0
0
0
0
0
0
0
0
0
0
0
0
0
0
0
0
0
0
0
0
0
0
0
0
0
0
0
0
0
-0.0186251
0.00291292
0.012634
0.0371991
-0.0656317
-0.0291209
0.0988594
0.130382
0.105759
0.0464765
-0.0169937
0.0126007
0.0371876
-0.0304962
0.129838
0.0464553
-0.00192745
0.0711541
-0.00184225
0.0105553
-0.000304323
-0.00455426
0.304391
0.252953
-0.00178828
0.0685562
0.00951978
-0.0047758
0.129209
0.127371
0.00692549
0.206839
0.188651
0.0586671
0.0573606
-0.00464275
0.373019
0.0803159
0.0798214
0.00102128
0.121778
0.309683
-0.0510526
0.00324071
0.00430531
-0.0161936
0.0353545
-0.0327473
0.0208299
0.0216293
0.0282817
0.00376601
0.0138619
0.0198661
0.00327914
-0.0459976
0.00431315
0.0339809
-0.0165368
-0.0320013
0.0212614
0.0235242
0.0286466
0.013778
0.0039746
0.0198343
1.54499e-05
-0.00881477
0.0715809
0.000352058
0.00444625
0.00173245
0.0438826
0.00246694
0.0130658
0.0161404
-0.0036034
0.137402
0.00216045
0.00751227
0.00117442
0.111836
3.21196e-05
0.000348106
-0.00948491
0.0594664
0.00332087
0.00274111
0.00154996
0.0416196
0.0128339
0.137263
0.0167791
-0.00354564
0.00217519
0.0888812
0.00758511
0.000989968
0.0535139
0.0167584
-0.000223709
0.00543619
0.08224
0.00292281
0.0249365
0.0884375
-0.00844583
0.165026
0.0217606
0.0153827
0.0713523
0.028949
0.00832132
0.0109573
-0.00958222
0.0152835
0.04071
0.0242889
0.053868
0.0163943
0.0784058
0.00292373
0.0249338
0.0898215
0.02199
0.0159955
0.00473206
0.0117995
0.0407435
0.0243634
0.0350274
0.000693371
0.0110895
0.000726475
-3.72218e-05
-0.0106964
0.0067425
0.00756728
6.07413e-07
-0.00353094
0.015846
0.176023
-0.00745861
0.030811
0.0288209
-0.0470995
0.0334902
0.000775418
0.0052224
0.00113873
0.00661096
0.00741129
0.0161553
0.175992
0.0789232
0.072938
0.0190106
0.05648
0.0783071
0.0583412
0.0172107
0.0697815
0.0036567
0.00367021
0.00302485
0.00301002
0.0558783
0.0749844
0.0748354
0.0529164
0.0255142
0.0785769
0.0784633
0.0246073
0.0449836
0.0320156
0.0171117
0.0156998
0.0432111
0.0162673
0.0170873
0.0287107
-0.00885857
-0.00881814
0.00175542
0.00157702
0.187881
0.175499
0.175372
0.187897
0.0232236
0.0133562
0.0717016
0.0138027
0.022746
0.0138195
0.0717149
0.0134936
0.00633415
0.00676777
0.0196531
0.0193462
0.0282527
0.0106061
0.010512
0.0282542
0.22531
0.225058
0.0749793
0.0749055
-0.0383462
0.00230757
0.0082296
-0.0204915
0.0016009
-0.0331143
0.00287902
0.00674383
0.00820536
0.00145568
0.0139753
0.00774438
0.00232786
-0.0380318
0.00642675
0.000227448
-0.0202066
-0.0307402
0.00585186
0.00344969
0.00813333
0.0140323
0.00128153
0.0077418
2.20355e-05
-0.00162996
0.0633397
-0.00103935
-0.00236394
0.00269547
0.0246469
0.000379598
-0.00314253
0.00857865
-0.00155466
0.0722103
-0.000124064
0.0228937
-0.000599287
-0.0302331
5.24461e-06
-0.0010366
0.00180157
0.066368
-0.00134417
0.000658693
0.00307147
0.0246058
-0.00247483
0.0728257
0.00884106
-0.00157791
-0.000116035
-0.0188615
0.0228808
-0.000548904
0.000746307
0.0166259
0.0274158
0.0093916
-0.00297141
-0.00350072
0.00331179
-0.00574458
-0.00396092
-1.85528e-06
0.0665609
0.000880361
0.013723
0.0008063
0.019889
0.0776431
0.0337531
0.0337523
-5.00519e-05
0.16455
-0.00120244
-0.00644836
0.0129983
0.0130143
0.00874108
0.00850918
0.000589514
0.00441126
0.00865486
0.00829184
0.00411746
0.0511545
-0.00488855
-0.00491456
-0.0180141
0.0414664
0.00458257
0.00159183
0.0035387
0.0362449
0.000361267
0.0158552
0.0270795
0.0111058
-0.00383133
1.0543e-05
0.0638081
0.000884252
0.0140646
0.000904089
0.0198848
0.0768078
-0.000977325
0.0070367
0.0133007
0.0136239
0.00839445
0.00765472
0.0058937
0.0506326
0.00460497
0.00159425
0.0035463
0.0361334
0.00383084
-0.000120448
0.0384984
-0.00129265
-0.00434839
0.00231733
0.00695896
-0.00044869
0.00407566
0.00407292
-3.54465e-05
-5.52943e-06
-0.0286269
0.00325287
0.00439089
-0.0469203
0.00325898
0.00325961
1.13523e-07
1.62088e-06
0.000157191
0.000625521
0.00802427
-0.000786751
0.00671255
0.00649501
0.00290136
0.00597084
0.00171519
0.0121958
0.0188319
-0.0497725
0.00363078
0.000316909
0.0375936
-0.00120709
-0.00015173
0.00269273
0.00111201
-0.000117005
-0.0280337
0.00328124
0.00438564
-0.0468956
0.000308547
0.000610465
0.00833441
-0.000301127
0.0151634
0.00250986
0.001718
-0.00150552
0.0137223
-0.00695248
0.0026098
-0.001291
-0.00353809
0.00181528
0.00179927
-2.66243e-06
-0.132644
0.0033545
-0.00629056
-0.0133177
0.0180693
0.023494
0.0301626
0.018388
0.00190378
0.000377877
0.00212963
0.00300476
0.00191495
0.000441745
0.00196867
0.0030171
0.00317959
0.00359213
2.63257e-07
0.00318067
0.00661879
0.00508368
0.00414107
0.0065829
-3.66581e-05
0.000356414
0.00228462
0.00863587
-3.67491e-05
0.000266509
0.00229587
0.00878049
-0.00839901
0.00225605
0.00224534
-0.00352977
0.00121526
7.96522e-05
3.00499e-05
0.00100772
0.0150216
-0.026166
0.0143491
0.0144856
0.0441451
0.01469
0.00450455
0.0321808
0.0492111
0.000257165
0.000475472
0.0957807
-0.000841072
0.0634669
0.0116018
0.018095
0.00689118
0.0351405
0.0116689
0.000642232
0.00486633
0.0412937
0.0175885
0.0358198
-0.0111577
0.0444981
0.00581904
0.0335774
0.00449482
0.0202425
0.0406891
0.0125028
0.0491984
0.000267912
-0.000355121
0.0655388
0.000693911
0.0957817
0.011334
0.0181349
0.0129513
0.00113719
0.00774753
0.0362989
0.00469055
0.0418164
-0.0109478
0.0443156
0.017114
0.0354031
0.00579427
0.0336034
0.061931
0.000937266
0.0457731
-0.00231914
0.00533314
-0.00933912
0.00139611
-0.000516886
0.0202053
0.00418428
0.0337306
-0.00114473
0.00103993
-0.00327621
-3.53433e-06
0.00100674
0.00670746
0.0510898
-0.000255527
-0.000904761
0.00886015
0.0255331
0.00211286
0.00344719
0.0153564
-0.0201436
0.00218431
-0.0302629
0.011394
-0.0285739
0.0210265
-0.0456578
0.0586575
0.000942325
0.00140068
-0.000515943
0.0445032
-0.0020062
0.00877237
-0.00427601
0.0201331
0.00501557
-4.42638e-06
0.00100991
0.0341072
-0.000891943
0.00204836
-0.00323506
0.00760526
0.0509949
0.00231499
0.00329617
0.000232472
-0.000729739
0.00914569
0.0260649
0.0153525
-0.0202619
0.0323365
-0.0353455
0.00216381
-0.0302562
0.0114799
-0.0285314
0.000456815
-0.000211857
6.09771e-05
0.0294117
0.00181457
0.00180482
-0.041722
-0.0410744
0.000487137
-0.000169286
-0.00346787
-4.76547e-06
-0.0018882
0.00359247
-0.0141503
0.0271613
0.0169529
0.0169624
0.00796203
0.00801354
0.0106133
-0.000781863
-0.00347218
9.20732e-07
0.0261388
0.0272729
0.00135703
0.00148962
0.000355027
0.00848204
0.0237373
-0.00313926
0.00375162
0.00379662
0.00739741
0.00736569
0.000407857
-0.00437131
2.53696e-05
-0.00026044
-0.00074676
0.00046012
0.0308079
-5.22642e-05
-0.0014636
-0.000170447
-0.00342423
3.62752e-06
0.00356979
-0.00186048
-0.0151374
0.0263177
0.0109309
-0.000858599
-0.00347717
8.83992e-07
0.0069065
-0.000284577
-0.00342239
0.0224535
-0.00361559
0.000407981
-0.00026651
0.000898959
0.000673607
-0.00234235
0.00295863
-1.55703e-06
0.00150078
-0.00155364
0.0016903
0.00236288
0.00185576
0.00187615
0.00245373
0.00245581
-0.00500008
0.0034938
0.00211636
0.00283277
0.00321882
0.00321861
0.00227673
0.00227001
0.00131261
0.000496842
0.00578527
0.00404608
0.00558643
0.00561391
0.00806582
0.00813284
0.00674456
0.00676371
-0.00244765
-0.00252979
0.000671451
-0.00194776
0.00295715
-3.21703e-06
0.0017685
0.00416532
0.00170007
0.00225293
0.00343126
-0.00420694
0.00211321
0.00288123
0.000581026
0.00104924
0.00402073
0.00568045
0.0565337
0.0628079
0.00794963
0.0358774
0.0516968
0.00626055
0.00191105
0.0634157
0.00728265
0.00655088
-7.89811e-05
5.85659e-05
0.0119997
0.0174946
0.0110909
0.0190244
0.0537675
0.0339579
0.00402468
0.0574418
0.0127226
0.0188989
0.00966451
0.0184414
0.00712459
0.00138272
0.00211115
0.00793881
0.0554326
0.0602494
-0.00347646
0.00969258
0.00543738
0.00566681
-0.00162444
-0.00289588
0.0054418
-0.00282628
-0.00161665
0.00565029
-0.00360723
0.00256721
0.00182944
0.000920003
-0.00360794
0.0009014
0.00184341
0.00258195
0.0374977
0.056294
-0.10485
0.0176794
0.0823403
0.00849008
-0.00195865
0.0355995
0.0824585
0.0259228
-0.00216745
0.00851106
0.0376728
0.0182607
-0.104479
0.0563269
0.00104391
0.0114606
-0.00478474
-0.0136162
0.0268985
0.0122069
0.0462141
0.00960232
0.0267565
0.0105235
0.0465677
0.0121141
0.00235098
-0.0131597
-0.0045246
0.011569
0.041821
0.0419099
0.00234767
-0.00292218
0.0289129
-0.0114862
0.000702253
0.0360634
0.0170837
0.00917584
0.00504643
0.00580469
0.00832042
0.00103271
0.0030088
0.00822217
0.0425855
-0.000416999
0.00238304
0.0409253
0.00859006
0.00859081
0.00307339
0.00125016
0.0170815
0.0057448
0.00482413
0.00913434
0.0292233
0.0356619
0.000969927
-0.0109872
-0.00220422
0.0028822
0.0062632
0.00113208
-0.00204408
0.00133267
0.00626526
0.00288486
-0.000122032
0.00323551
0.00319783
-0.00105232
-0.000389339
-0.00122395
0.00319713
0.00323575
0.0488562
0.0123593
0.0122024
0.0133183
-0.0309502
0.025469
0.0106541
-0.0136489
-0.0249847
-0.01348
0.010659
0.0310228
0.0493892
0.0132418
0.0122839
0.0125819
-0.0138502
0.0407454
0.00755455
-0.0487741
-0.00729975
0.0113194
0.000134158
0.0126911
0.0173061
0.0201979
0.00309088
0.0287067
0.0211411
-0.0351027
0.00985524
0.00772089
-0.0111961
-0.040887
0.0076721
0.0387296
0.0211285
0.0077361
0.00998082
-0.0351818
0.0171823
0.0286458
0.0030701
0.0201201
-0.00737748
0.0126646
8.62049e-05
0.0113537
0.00134376
0.00274361
-0.00119227
0.00514207
0.00210473
0.00585718
-0.0012008
0.00273775
0.00889525
0.0199034
0.00959767
0.0158817
0.00863088
0.015554
0.00960712
0.0196695
-0.0162973
0.0295591
-0.000618333
-0.0480216
0.0251851
-0.0115555
0.0029115
0.0441697
0.0252027
0.0442775
0.00294927
-0.0115216
-0.0109368
-0.0428532
-0.000563959
0.029464
0.103844
0.110052
0.00524295
0.00188563
0.105479
0.00182341
0.00492415
0.110731
0.0502275
0.0508657
0.0293265
0.0763609
0.0504787
0.0773317
0.029542
0.0506741
0.0258916
0.00229232
-0.00163879
-0.0317009
0.00300185
-0.0334623
0.000122527
0.00814986
0.00238337
0.00187122
0.00518892
0.00339743
0.00231367
0.0306853
-0.00160144
0.000181475
-0.0317715
-0.0317111
0.00792863
0.00109338
0.00256999
0.0051757
0.00147051
0.00345827
-1.05205e-05
-0.00399388
0.0239155
-0.00105579
0.00277374
0.000165507
0.00725204
0.00260983
-0.00231381
0.00659544
-0.000538222
-0.0305768
-2.06267e-05
0.00178106
6.81405e-05
-0.00221725
-8.79396e-06
-0.00105039
-0.00240801
0.0222346
-0.00196869
0.00288942
0.000687429
0.00609622
-0.00228637
-0.030639
0.00690437
-0.000573798
-4.26969e-05
-0.00237067
0.00177782
4.53586e-05
-0.000208903
-0.00644957
0.0204115
-0.000584001
-0.001968
-0.00185075
0.00331242
0.0375796
0.00403478
3.07594e-06
0.0678597
0.000864424
0.00420386
0.000965114
0.0126317
0.0450725
-0.033183
-0.0328737
-1.94851e-05
0.126301
0.00125324
0.013482
0.0117814
0.0146337
0.000119383
9.60711e-06
0.000568974
0.00264437
0.00146541
0.00122148
0.00113365
0.0308591
-0.0096273
-0.00966725
0.00572327
0.025588
0.000847566
0.000879003
0.00103901
0.0199429
-0.000600894
-0.00624357
0.0199125
0.00760852
0.00397235
7.47086e-06
0.0548444
0.00086875
0.00413779
0.000914139
0.0125842
0.0451054
0.000109467
0.0123644
0.0108433
0.0152506
0.00156859
0.001523
0.00096393
0.0315537
0.000843728
0.000894665
0.00107076
0.0198968
-0.000478644
-0.000106943
0.02519
0.00114413
0.000845704
0.000750088
5.50086e-05
0.000741673
-0.00188403
-0.00188711
-2.22489e-05
-0.00356887
0.000898398
0.000128673
0.000865223
0.00100332
-0.000899403
-0.000898557
2.78294e-07
1.69474e-07
-0.000334156
-4.67202e-05
0.00331194
-0.0333528
0.00110611
0.000958776
-1.6817e-05
0.000897859
0.00132966
0.00132167
0.016809
-0.0491331
-9.75577e-05
1.58397e-06
0.0237032
0.00123246
0.000820919
0.0011304
0.00365597
0.00107624
0.000921046
0.000162587
0.000846849
0.00102351
-0.000254396
-5.29878e-05
0.0034473
-0.0333771
0.00394629
0.00222819
0.00345693
-0.000735709
-0.002918
0.0059545
-0.00359071
-0.000376107
0.00354251
-0.00142172
-0.00141754
-2.97775e-06
0.0240002
-0.0174705
-0.0107822
-0.0130692
0.00221528
0.000146437
0.00440661
0.00220434
0.0010266
0.000277643
-0.000137251
0.000302754
0.00104773
0.000353104
-8.75645e-05
0.00034701
-0.000734345
-1.41772e-05
-4.32348e-07
-0.000732372
0.00110107
0.000531311
0.000198235
0.00116495
4.34421e-06
-0.000448376
0.00100624
-0.0022796
4.25298e-06
-0.000472426
0.00109703
-0.00230231
-0.00839966
-0.0025224
-0.00253084
0.0035272
-1.96011e-08
0.000685681
0.000910543
0.000780477
0.00349365
-0.0237296
0.00491407
0.00342652
-0.00515618
0.000234006
0.0416312
0.00158834
4.81986e-07
0.00182627
0.00448659
0.0168074
9.98822e-06
-9.99423e-06
0.0460213
0.000239677
0.00743333
-0.00125247
0.00464997
0.063827
1.12243e-06
4.66898e-07
-0.000845052
0.0399545
-0.000348692
0.00157255
0.00693074
0.0196553
0.0011612
0.00118361
0.00398456
0.0218429
-0.00231909
0.0048834
0.00146975
0.00305083
0.00168292
0.00203999
0.0011254
0.0212
-0.00100545
-0.000154482
0.0014501
0.0317865
0.00351917
-0.00312522
0.0185722
0.0374602
0.00136432
0.00112403
0.00189904
0.0175261
-1.5878e-06
0.00208914
0.00447806
0.0706131
-0.00269241
9.85403e-05
0.03835
0.00705675
0.000909035
-6.33406e-05
0.0437593
0.00025064
1.90176e-07
-1.11168e-06
-0.000359065
0.0446071
0.00753206
-0.00114488
0.00468539
0.0646502
0.00104098
0.00171031
0.00674494
0.0197025
-0.00193458
0.00504408
0.000677207
0.00275058
0.00111534
0.00088922
0.00385231
0.0189241
0.00153001
0.00233564
0.000641084
0.0209956
0.00361663
-0.00309208
-0.00682657
0.0375199
-0.000721058
8.47677e-05
0.00179266
0.0319641
0.00139421
0.00118205
0.00188748
0.0175526
-5.4482e-09
2.97646e-06
0.0607849
0.000923573
-0.00544105
0.00394206
0.0329715
-0.00232255
7.2743e-05
-0.00180281
-0.00349833
-0.00942127
4.02976e-06
0.00172836
0.00139454
-0.0034735
0.000510189
0.00530182
0.0126546
0.00552762
0.00211666
2.17189e-06
0.0130806
0.00120656
0.000171133
-0.0228721
0.00124813
-0.00147518
2.3268e-06
0.00100707
-1.4747e-06
0.00101517
-0.000351186
0.00342195
0.00259021
0.0192284
0.0003875
-5.23928e-05
0.000383692
-3.32818e-05
5.48515e-05
-0.000155383
0.00591692
-0.0318436
0.0225711
0.00259582
0.00154286
0.0014685
-8.54096e-05
-4.55586e-05
0.00320928
0.000992164
0.0193622
-0.000128527
0.00131742
0.000579767
0.000109205
-0.000610769
0.00104327
-0.0233439
0.0335757
-0.0176507
0.0185221
-0.01365
8.36262e-07
-2.90236e-06
0.0521445
0.000927406
2.9561e-06
0.00173638
0.00140073
-0.00347244
-0.00385362
0.00403792
0.0365741
-0.0020105
0.0029986
-3.75692e-05
0.000213911
-0.00435008
0.000252617
0.00199856
0.0131582
0.00636021
1.6692e-06
0.00101144
-2.21124e-06
0.00101886
-0.00130006
0.000102507
0.0116757
0.00143849
0.000783254
-0.0232001
0.00200577
-0.00115058
-0.000787082
0.00395973
0.00270405
0.0203774
0.0216768
0.00251757
0.0013077
0.00148549
0.000395321
-7.78805e-06
-0.00171939
-9.7584e-05
5.8446e-05
-0.000242454
0.00617327
-0.0319083
-9.76158e-05
-6.7639e-05
0.00320465
0.000927459
0.0451083
-0.00809469
0.0302908
-0.0340457
0.019289
-0.000141506
0.00132444
0.000576844
0.000195877
-0.000512921
0.001168
-0.0233922
0.000579379
-0.00453344
-0.000339895
7.91783e-05
0.000915964
-0.00559953
-1.2909e-05
-0.0149672
3.8575e-06
2.26891e-06
-0.000919081
-0.000915859
-0.020824
0.00530361
-0.00261737
-0.00518218
0.00288709
-0.00883164
0.0108265
-1.17575e-05
3.75825e-06
-5.96971e-05
0.00348867
-1.60628e-06
-0.00176619
-2.28244e-05
0.00179091
0.00159956
0.00174397
0.00825859
-0.00154116
0.0119047
7.43421e-07
1.69786e-07
-0.0168342
-0.0168374
0.0337237
-0.00259737
7.74382e-05
8.75415e-05
-0.00205754
0.00106046
-0.00208389
-2.97847e-05
2.00389e-06
-2.92483e-05
0.00348049
-1.3418e-08
1.57584e-06
-0.0794491
0.000130142
0.000239677
-0.00224384
4.41407e-05
0.00222031
0.00227438
4.12629e-05
-0.00214085
8.19005e-05
0.00453776
-0.0200243
-0.0056459
0.0157411
0.00556842
6.80906e-05
0.000949385
0.000985818
0.00100629
0.0126584
-0.0117111
0.00227325
0.00246086
0.0111803
-0.000737486
9.14658e-05
0.00725345
0.0317561
0.00937149
0.000325405
0.000369716
0.000840565
-0.0094177
0.000763766
-5.26155e-05
-0.000217842
-0.0140444
-0.0151424
0.000239178
-0.00624323
-0.00517015
0.0077417
-7.28447e-06
3.93817e-06
-5.90888e-05
0.00347725
3.64589e-06
-0.00184784
-2.26325e-05
0.00168719
0.0017342
0.00110117
0.00801791
-0.00203623
0.0110016
-0.00201218
0.00105938
-0.00229142
-8.39735e-05
3.98868e-06
-2.54984e-05
0.00348234
4.86393e-08
0.00161156
-0.000436107
0.00312601
-1.20457e-07
-0.020569
-0.00147324
-0.00305733
0.0157074
0.0117123
-0.000743877
0.00694802
9.14078e-05
0.0317681
0.00928435
0.000367074
-0.00029877
0.0022158
0.000249732
1.04559e-05
-0.000679883
3.1142e-06
0.00100579
-1.1475e-06
1.75266e-07
0.000234388
0.00148973
-0.00354256
0.000414581
-0.000126781
0.00019789
0.000617034
0.00053148
1.24498e-07
1.19884e-07
-0.00155782
-0.00156299
-0.00353991
0.00357857
-0.00110709
-0.00110713
0.000136566
0.000194582
0.0018826
9.58275e-05
0.0261121
-0.00446641
0.000109442
0.00055231
1.94942e-10
-1.40099e-07
-0.000814945
-0.000816605
-1.64384e-08
-2.1073e-07
-0.00201794
-0.00202331
0.00216001
-8.10709e-05
4.35158e-05
0.000533397
0.0218147
0.00243518
0.000155763
0.000113235
0.000176518
0.00101142
0.000850945
0.000361768
0.00469151
0.000975845
0.00130665
0.00100622
0.000837445
-9.23872e-05
0.00150582
0.00166987
0.000826545
7.71204e-06
0.000183948
0.000205808
0.00183268
0.000244858
2.37775e-06
-0.000534829
4.35193e-06
0.00101089
-2.21736e-08
-3.83944e-07
0.00269743
-6.02463e-05
0.00311419
-0.000711734
-0.000110975
0.000196949
0.000619019
0.000603053
0.000112536
0.000105662
0.000109686
0.00182639
0.0262268
-0.00449031
4.84248e-05
0.000491265
0.00244159
-7.44601e-05
0.000615156
6.73365e-05
0.0223323
0.00240078
0.00015164
0.000207864
0.000457113
-0.000238428
8.83104e-05
-0.00211943
0.0068749
9.98249e-05
-0.00012433
0.00219507
0.00105091
0.0033309
8.57625e-05
0.00135628
0.000518886
0.00404342
0.000679428
-0.0047686
0.000571269
0.000181949
0.000512131
-0.00316974
0.00130598
0.00502241
0.000296753
-0.00551978
0.00191257
0.00344794
-4.23376e-05
-0.000309121
-0.00320449
-7.65226e-06
-0.000128064
-0.00616694
4.40624e-06
5.07881e-07
-4.45183e-05
-8.36827e-07
6.24e-06
2.27242e-06
-4.69483e-05
-1.75317e-05
3.59884e-06
-1.56562e-06
1.03849e-07
-5.48333e-05
4.87064e-06
4.31614e-08
-1.32043e-07
-5.69732e-05
0.00841684
0.00106079
0.0107268
0.00360032
0.00263194
-0.000214208
-0.000181278
0.00134765
0.00260411
6.41799e-07
4.50949e-05
0.0013476
0.00047306
0.00250227
-0.00459015
0.0059532
0.000677995
-0.00577944
0.000130969
0.0386019
0.00520927
-0.00329546
0.0151141
-5.07687e-05
-0.00340889
0.00406246
-5.48136e-05
0.0145103
-0.00234618
0.00105295
0.0471555
0.00013426
0.000569039
-0.000155369
0.000344192
-0.000100786
0.00548263
-0.000533446
-0.00241875
-0.00577082
0.00107231
0.00898643
-0.000534451
-0.00034555
-1.94987e-06
0.00104431
-0.00016301
-4.59521e-05
0.000417511
-0.000186586
0.000362252
-0.00010092
-8.04305e-05
0.00108325
-3.23029e-05
-4.25965e-05
0.00108035
0.00901443
-0.000567814
-0.000324443
0.00590051
-0.00070445
-0.00324249
-0.00501236
2.62614e-06
-0.00295408
0.0029572
0.000149227
-0.00295378
2.11246e-06
0.000155527
0.00295612
-1.18957e-06
4.01506e-06
0.00101145
-8.84055e-07
3.00741e-06
-6.81593e-07
-1.68812e-06
0.00100697
0.0402574
0.00229345
0.000572667
0.00241213
0.0142197
0.00161039
0.00128252
0.00174928
0.00172356
0.0143628
0.00178836
0.00124726
0.00225052
0.0400972
0.00236058
0.00101631
-0.000132765
-0.00159087
-0.00493084
0.000370494
0.00394243
-0.00289086
0.00167418
0.000612018
0.00914821
0.0145105
-0.00381134
0.000147406
-0.010233
-0.0382387
0.000438101
0.000441954
0.000895378
-0.00161102
-0.00503902
0.000294648
-0.00934753
-0.0382562
0.000124239
0.000197903
0.00933339
0.0141924
-0.00380029
0.000147742
0.00352246
-0.00296581
0.00165076
0.000761829
1.58429e-06
4.25411e-06
-2.31687e-07
-1.78713e-05
1.55046e-06
3.68179e-06
2.56515e-06
-1.54776e-05
-6.82768e-08
1.0733e-06
4.47441e-05
8.51475e-07
-2.36834e-08
-1.17169e-06
4.45364e-05
8.2069e-07
0.0923883
0.000657304
-0.000267434
0.00739124
8.28032e-06
0.0206381
0.00268943
0.000593415
0.000103153
0.0206819
0.00281066
0.000708616
0.0923902
0.00152147
-0.000754711
0.0072926
0.00201434
0.00745222
-0.017898
0.00587926
0.0076784
0.00147578
0.00604108
-0.0176499
0.00561456
0.00382899
0.00229911
-0.012294
0.00305738
0.00558115
-0.0126448
0.0023056
0.0453771
0.00197763
0.00447457
0.0104116
0.0285117
0.000257213
0.0018731
0.067752
-0.000991542
0.0355238
0.00474998
0.0222919
0.00308864
0.0130188
0.00413555
0.00403479
0.00175911
0.0195239
0.00589179
0.0224111
0.00431503
0.0179368
0.00271092
0.0112654
0.00446739
0.0116066
0.0432033
0.00544711
0.0283362
0.000903412
-0.000262732
0.0391327
0.00181204
0.064401
0.00404879
0.0214779
0.00445913
0.00386656
0.00406612
0.0122606
0.00175265
0.0191808
0.00430334
0.0179616
0.00565115
0.0223835
0.00274397
0.0109064
0.0132556
-0.00202184
0.0360483
-0.00131045
-0.00167054
-0.0128769
-0.00063754
-0.00346062
0.0293181
0.00598901
0.00789138
0.000840175
-0.00020151
0.0193773
-2.32486e-06
3.77744e-07
0.00109786
-0.0269398
-0.00304252
-0.000569433
0.0071902
-0.0272075
0.00166653
6.99062e-05
0.00203003
-0.00572025
0.000218249
9.45525e-05
0.00130107
-0.0109865
-2.58999e-05
-0.000389029
0.0131545
-0.00201008
-0.000633637
-0.00346085
0.0352897
-0.00251042
-0.00733598
-0.012941
0.0271403
0.00624223
-5.83733e-07
1.87225e-06
0.00644203
0.00095388
-0.000205215
0.0181909
0.00165998
-0.0269245
0.00175322
-4.70981e-06
-0.00248675
-0.000586797
0.00755667
-0.0270186
0.0020139
-0.00519485
3.7384e-05
-0.000221953
0.00034561
0.000105776
0.00136203
-0.0112006
0.0309266
-0.00331234
0.00189307
-0.00209875
9.93291e-05
0.000770542
0.000641497
0.000677721
0.00579277
0.0221276
0.00596733
0.0201437
-0.000837392
-0.000834548
0.00121006
0.0010458
0.0649915
0.000222619
0.0640561
0.000890109
0.00633195
-0.000488115
0.00347771
-2.66454e-06
0.00567554
0.0807323
0.011309
0.0460068
0.00200972
0.0027792
-0.0213018
0.00323668
-0.000745523
0.0467835
-0.000506648
0.0478659
-0.0201847
-0.0201945
0.00795227
0.00775341
0.0112968
0.0175744
0.0283721
0.0104743
-0.0107418
-0.00184486
0.00346577
-6.93512e-07
0.000948694
0.00141988
0.000355467
0.00159999
0.000158994
0.000203848
0.000203049
0.000250258
0.00307013
0.026623
0.0023678
0.0321176
7.78109e-05
0.00220642
0.00225803
-0.0242695
0.00726667
0.0407069
0.00723936
0.0406105
0.000930549
0.000988298
0.00163153
0.00162711
-0.00222619
0.0146723
0.00308595
0.0199839
0.00103544
-0.000120456
0.00182153
0.00436705
0.0291681
0.00792128
0.00374759
0.00035664
0.000108437
0.000832476
0.00124046
-0.000309581
0.0612291
0.000226058
0.0537164
0.000897946
0.00711438
-0.000606371
0.00346059
4.0552e-06
0.00562034
0.0799571
0.0110931
0.0462033
0.0028232
0.00200333
0.0057059
0.00342367
0.0110165
0.0178233
0.0306747
0.00642433
-0.00967356
-0.00166881
0.00347026
1.02316e-06
0.00303622
0.0266021
0.00275355
0.0368793
0.00224645
7.79228e-05
-0.0200722
0.00213887
-0.00214929
0.014562
0.00303673
0.0198973
-0.00012979
0.00103302
0.00427718
0.00181954
0.0297569
-0.00187032
0.0186613
0.00123954
7.69316e-06
-0.000229494
-4.88069e-07
1.1979e-06
-6.96664e-05
-0.000585532
0.00278254
3.90317e-05
-0.00300777
-0.00175281
0.00048115
0.000748808
-0.000395383
-0.00345593
-0.000397943
-0.00345539
-0.00162731
-0.00163147
-0.00060869
-0.000606195
0.000946916
-0.010479
0.000829596
0.000629044
0.00167919
7.84226e-05
-0.0103867
0.000207085
-1.10585e-06
-1.76119e-05
-8.15347e-07
-1.83558e-05
-0.000856112
-0.000857494
-0.00194296
-0.00194503
0.00468717
-0.033437
0.00139479
-0.0316026
-0.000200648
-0.000419334
0.000662192
0.000215047
0.00016104
0.000474259
4.67999e-05
0.00053865
0.000985707
0.000925951
0.00144408
0.00126757
0.0193336
-0.0464341
0.0190749
-0.0465315
0.0011695
0.0010561
0.000744873
0.000753741
0.0286717
6.92626e-05
0.0170659
0.0011613
-1.49682e-05
-6.07425e-05
5.47032e-07
7.74668e-07
-8.76306e-05
-0.00018418
0.0018293
4.6311e-05
0.00058063
-0.00109801
0.000445868
0.000734792
0.00106511
-0.0142066
0.000828169
0.000596317
4.56889e-05
0.00174736
-0.0141438
-4.00544e-05
0.00488871
-0.0337313
0.00148099
-0.0316249
-0.00030576
-0.000227905
0.000171077
0.000694187
-0.00123888
0.00102994
0.0101715
-1.03668e-05
-4.67876e-05
0.00541664
-0.000433855
0.00285747
0.000634542
-0.00290883
0.000908618
-0.0011704
-0.00150405
-3.26547e-05
-0.00202019
0.00371338
-0.00100594
-0.00100239
0.00346754
-1.56052e-06
0.00345938
1.88948e-06
-0.00148867
-0.00149285
-0.000287455
0.000182385
0.0355173
-0.00721121
-0.0025797
0.0316959
0.000694701
0.000700923
0.00645654
0.000594651
0.00483486
0.00457864
0.00213623
0.00197838
0.000600156
0.00646682
0.000148805
-0.000168828
0.000850089
0.000592185
0.00134338
0.000247045
1.25627e-05
0.00047016
0.000183106
-0.000150597
0.00084421
0.00061515
0.000268826
0.00133795
0.000566875
1.04881e-05
6.19893e-07
4.34037e-08
-0.000707196
-0.000705399
-0.000773348
-0.000775134
1.07055e-07
1.20903e-08
0.000324748
0.000226373
0.00114902
0.00106517
0.00137506
0.00139563
0.000163099
0.00048175
6.87282e-05
0.00140041
-0.000919783
-7.49414e-05
4.2007e-05
-0.000480871
0.00360585
5.11414e-05
0.00147794
3.7511e-05
-0.00100559
-1.65925e-05
-0.000222767
3.99169e-05
0.0035412
5.79818e-05
-0.0136234
-0.0136253
0.00346592
7.10981e-07
0.00346424
7.23934e-07
-0.00209125
-0.00209727
0.000933687
0.00128973
0.00045133
1.01144e-05
9.64212e-06
0.000393243
0.00148592
0.00142047
0.00241844
0.00481692
-0.0129561
-0.0128451
0.000698152
0.000893435
0.00240577
0.00488242
-0.000256211
-0.000156128
0.00247098
-0.000696692
-4.87189e-07
-4.75762e-05
-0.00475296
-0.0323096
0.0021797
0.00140203
3.85696e-06
2.19121e-07
0.00127329
0.000147791
0.014777
-0.0417425
-8.45882e-07
4.05924e-05
0.00632206
0.00133115
0.0011775
0.0001829
-4.30206e-08
-1.43551e-07
0.00174778
-0.000445375
0.00117243
0.0117428
-0.00434984
0.00333605
0.00211712
-0.00749475
0.0013258
0.00357642
0.00302777
0.00107051
-0.00256638
0.0117246
0.00235559
-0.0106533
0.0197823
0.00210702
0.00269488
0.00258273
0.00116609
0.00231085
0.0162559
0.00880957
-4.1936e-07
-5.04809e-05
-0.00316184
-0.0225757
7.35594e-07
-0.000160159
-0.000910759
-9.67487e-05
0.00236366
0.00387585
4.27765e-06
-2.32879e-05
-2.54144e-07
4.3971e-05
0.0053202
0.00224727
0.0011697
0.000198835
0.0144967
-0.0417735
0.00116937
0.000254204
1.66388e-06
1.50928e-06
-0.00436376
0.00271401
0.0016732
-0.00501422
0.00239627
3.50271e-06
1.71065e-05
0.0112748
0.00208074
0.00185645
0.00316738
0.00110615
0.0197228
0.00203517
0.00097121
0.00246474
-0.00231275
0.0125483
0.00249938
-0.0112549
0.00122051
0.0023003
0.0162576
0.00880582
0.0118963
-9.79085e-05
0.00211276
1.29915e-07
2.26621e-06
0.000229996
-0.00293515
0.00294027
0.00783759
-0.00218931
0.000231764
0.000330742
0.00211756
-5.40794e-05
5.18426e-06
0.00100433
0.0159794
-0.0111872
0.00131146
-1.03398e-06
4.49152e-05
4.75452e-05
-2.54907e-06
-9.52715e-07
0.00245981
-0.0165538
0.0162459
0.0237755
3.61846e-06
0.00100715
0.00130923
-1.97268e-05
0.000881577
0.000894899
0.00879606
-0.00645441
0.00462052
0.000466011
0.000616314
-8.20172e-05
-0.000389822
0.000117062
0.000130576
-0.000710025
0.00893771
0.00254513
0.0453676
0.00228967
7.79441e-05
0.000131662
0.0015577
-0.0238154
0.0139321
-0.000242562
0.0235935
0.000533415
-7.22537e-05
0.000425626
0.00136401
2.92351e-05
0.0134677
0.00255657
0.0934231
0.0251634
0.0116199
-0.000120141
0.00211775
-2.23088e-06
0.00212289
-5.05463e-05
3.08226e-06
0.00101053
-9.71e-05
0.000168382
-0.00293505
0.00293741
0.00584582
-0.00591466
0.000163579
0.000304709
0.0148687
-0.00681596
0.00131317
3.28582e-06
2.50754e-06
0.00101165
0.00131163
-1.7125e-05
9.13619e-05
-0.000133433
-1.49008e-06
-5.55994e-07
0.00229509
-0.0162327
0.0151312
0.0198392
0.00100803
0.000944515
0.00841586
-0.00177984
0.00948544
0.00240452
0.0450984
0.00224229
0.00486322
-0.000318796
0.000521309
-0.000150429
-0.000379785
0.00012437
0.000120583
-0.000905621
7.94849e-05
0.000120099
0.00109918
-0.0234772
0.0135551
0.00259551
0.0955735
0.0234173
0.0139935
-0.000249358
0.0235086
0.000534106
-5.55194e-05
0.000463145
0.00138106
-5.21897e-05
-0.00348766
0.000323481
-0.000470272
-0.00391999
0.00152903
0.054515
0.0019777
-0.0143361
6.19503e-06
-5.8123e-06
-1.28302e-05
4.95852e-06
-0.00223438
-1.22752e-07
-1.80877e-07
-0.00228366
0.00726032
0.00607288
-0.00556649
0.00668167
-4.42584e-05
3.0292e-06
4.77077e-06
-5.6578e-05
0.00197726
0.000214783
5.5691e-05
-0.00242853
0.00465287
-0.0577072
0.00370206
0.0031495
-1.34381e-07
-2.13507e-06
-2.36365e-06
-1.39714e-07
0.0193526
-0.0130942
-0.0130348
0.0193651
-0.012952
0.000768951
0.00105203
-0.0015159
-1.59309e-05
1.0113e-06
1.23092e-06
4.89821e-05
-0.076121
0.00014122
0.000238329
-0.0760324
-0.00770719
0.00419382
0.00407355
-0.0074613
8.32874e-05
3.2406e-05
-0.00132267
0.00303441
0.000284428
0.0679234
0.00103718
-0.00421307
0.000175823
0.000852466
0.000893059
0.000176804
0.0101964
-0.0122254
-0.0123741
0.0103252
0.0112226
-0.00243569
0.0014374
0.00168041
0.0503803
0.00733131
0.00633798
0.0225988
0.00103226
-0.00775004
-0.00842859
0.00133456
-0.0152888
0.00193433
0.0583283
-0.000484393
-0.00275959
0.00395875
-0.00452309
-0.00495351
1.82405e-06
-4.54884e-05
-5.69838e-05
4.18093e-06
-0.002407
4.9123e-05
0.0002179
0.00195083
-0.0574299
0.00485485
0.00318307
0.00349661
0.000455646
-0.0126051
-0.00159522
0.00105911
1.18881e-06
-1.37649e-05
4.09522e-05
1.82682e-06
0.000562018
-0.000176407
4.50792e-07
0.0015966
0.000234898
0.00107836
0.0693455
0.0010471
0.00132109
0.001449
-0.00242617
0.0112762
0.0222228
0.0062771
0.00674503
0.0499114
0.00128758
5.11606e-05
-0.000839154
0.00508664
0.0010046
4.44554e-06
4.33976e-06
0.00100572
5.14139e-05
0.000111715
-1.36351e-05
0.00294395
0.000569877
-0.000420368
-7.54405e-05
-3.89121e-05
-4.48866e-08
3.32187e-08
-7.95938e-07
1.49258e-07
-0.00349708
0.00344616
0.00344638
-0.00349794
0.000442084
0.000889126
0.000222594
0.000892137
-0.00158675
0.0254804
-0.0462857
-0.00488534
-6.53678e-07
-7.6836e-07
-8.63233e-07
-5.89162e-07
4.07306e-06
4.92227e-07
1.8902e-06
3.74902e-06
0.00436144
0.000165809
1.51778e-05
0.00147825
0.0285236
0.00202273
0.00223989
0.0164706
-8.6438e-05
0.00079728
0.000825311
4.9535e-05
0.000755236
0.00343324
0.00322504
0.000758759
0.000896071
-4.16782e-05
-3.50641e-05
0.00118496
0.00019063
0.000307903
0.000344135
0.000430749
2.96429e-05
0.000947794
0.00483857
-0.000684753
4.59093e-06
0.00101094
0.00101168
4.36258e-06
0.00300376
1.06334e-05
0.000899341
5.3831e-05
-0.000402656
0.000561916
5.21674e-05
8.26133e-06
0.000949311
0.000191304
0.000771164
0.000561999
0.0215929
-0.00183097
-0.00535475
-0.0463501
0.00146427
1.94488e-05
0.000175206
0.00429717
0.01653
0.00223333
0.00203949
0.0282835
0.0402448
0.0402503
0.000405364
0.0437019
0.073053
0.00813097
0.00108416
0.0521495
0.0088701
-0.00527026
-0.00408932
0.00436778
0.0256646
0.0364758
0.00043405
0.000451748
0.0135782
-0.00182504
0.00621448
0.0539162
-0.000521345
-0.00331579
-0.000138028
-0.00419099
0.00075572
-0.00826559
-0.00156628
-0.00199467
0.0656908
0.0622425
0.00673543
0.00608556
0.00229079
0.00393789
0.00308845
-0.00147914
0.00292071
0.0001402
0.000660711
0.00332498
0.00320262
0.00176602
0.00154108
-0.00171755
0.000997797
0.00276471
0.00430078
0.00186551
0.0029987
0.00646029
0.00323704
0.00282675
0.0120285
0.000325778
1.26307e-05
0.0029428
0.00707576
0.0028958
-0.00112047
-0.00497824
0.00482326
0.00449407
0.00551515
0.00410194
0.0388652
0.0410804
0.00135807
0.0388601
0.024545
0.000928736
0.000754254
0.0336965
0.00351997
0.000226844
-0.00620642
-0.00816762
0.0604539
0.0518732
0.00312678
0.00167488
0.00452531
0.00220509
0.00421645
0.00633134
0.00499787
0.00130994
0.00357219
0.00402175
-0.00497694
-0.00659334
-0.00504341
-0.000692251
0.0121281
0.00379594
0.00199029
0.00134858
0.00210417
-0.00109027
0.00352784
0.00365063
0.00305836
0.00542229
0.00263868
0.00202934
-0.0029169
-0.000236529
-4.19555e-05
0.00128552
0.00307116
0.0035566
0.00184872
0.00167475
0.0159837
0.0551848
0.00101192
-0.00110332
0.0540589
-0.00543529
-0.00396564
0.0522468
0.00467265
0.00140681
-0.00555648
-0.00517617
0.00113685
-0.00362412
-0.0061165
0.000345577
0.00540492
0.00448178
6.26026e-06
0.000250889
0.00375965
-0.000874064
-4.10662e-05
0.00509176
0.00211986
0.00341775
-4.73013e-05
-0.000960983
0.00401555
0.000233286
1.80535e-06
0.0034869
0.00572964
0.000584056
6.63299e-06
0.00447397
0.00399788
0.003472
-1.83973e-05
0.000215648
0.00211977
-0.000960967
-6.10241e-05
0.00340644
0.00385179
0.00517382
-4.37051e-05
-0.000871654
-0.00231004
0.00260257
0.0010632
0.00200609
-0.00186698
-0.00159246
-5.29588e-05
0.000452104
-0.00145472
-5.52768e-05
-5.5918e-05
-0.00152314
0.000888296
0.000909796
5.32438e-06
8.06701e-06
-0.00231555
0.00198973
0.00106118
0.00259012
0.00087374
1.6895e-06
4.7113e-06
0.000907042
-0.00146052
-0.00152782
-5.73304e-05
-6.05318e-05
-0.00186547
0.000447315
-5.55577e-05
-0.00159712
0.0199408
0.0247546
0.000485439
-0.00457032
0.0307887
0.00951972
0.00351308
0.0240115
0.0274481
-0.0781175
0.0437853
0.0017236
0.00138162
0.00531964
0.00867662
9.5196e-06
-0.0277863
0.0175422
0.0060144
-0.0111457
0.00112639
0.00110048
0.001803
0.0033878
-0.00950433
-0.00345507
0.00162048
0.0016476
0.0335574
0.0193749
-0.000833686
-0.0132405
-0.0274985
-0.0109977
0.00645908
0.0172627
0.0357659
-0.0115307
0.00149167
0.0224711
-0.00771367
0.00164369
0.00163687
-0.00226127
0.00105242
0.00331335
0.00185657
0.000575608
0.0195791
-0.00422272
0.00107247
0.0245964
6.76501e-05
3.52348e-05
-0.0055364
0.00511684
0.0281319
0.00430533
0.0451442
-0.0775393
0.031547
0.0239966
0.00464915
0.00943451
-0.034628
0.00102597
-0.000900015
0.0370363
-0.00136062
0.00146325
0.00110364
-0.00081042
0.00937785
0.00363295
0.053721
0.042831
0.0307759
0.00761276
-0.00334989
-0.00921044
0.00983037
0.00241222
0.00514577
0.0198486
0.00269816
-0.00295213
-0.00609228
0.00689217
0.00291045
-0.0221295
0.00963863
0.0055169
-0.00208798
-0.00180507
0.022163
-0.00645857
0.00977232
0.0182903
0.0045226
0.00219139
0.00337286
-0.00790913
0.0213744
0.00650056
0.00292446
0.00545098
0.00927685
-0.0233938
0.0027619
0.00685754
-0.00607847
-0.00260394
-0.0368149
0.0377322
0.00189328
0.00524817
0.0295912
-0.00940432
0.0190897
0.0102045
0.00933937
0.0429116
0.0592801
0.00324366
0.00744944
0.00810826
0.000709209
-5.00569e-05
0.0218903
0.0279864
0.000267687
-0.0110054
0.0275377
0.00180864
0.000855794
0.0334951
0.00110045
0.00106506
0.000600221
3.50128e-05
0.000610393
-0.00427367
-0.000153439
0.000301665
0.00686577
0.00127694
0.0030565
0.01038
0.00193517
0.00184021
-0.0108009
-0.0221656
0.00121869
-0.000355089
-0.00194387
0.0020484
0.0222531
0.0164256
0.0053121
0.00361486
0.00111641
0.000893676
0.0120081
0.0168916
0.00223319
0.00306205
0.00695842
0.00124774
0.000220237
-5.65428e-05
-8.00659e-05
-7.71041e-05
0.000892999
0.00139604
0.000841446
0.000610602
0.00671061
0.000535657
0.00101181
0.00686491
0.00109609
0.000596487
0.000219098
-6.01421e-05
0.000891473
0.000366027
-0.000152875
0.000688957
0.00346833
0.0055016
0.00116896
0.00187674
0.0240554
-0.0085141
0.000130955
0.0283659
0.000924151
0.000300424
-0.000164065
-0.00167514
0.00114331
4.2987e-05
0.000609488
0.00105357
0.0263273
0.0323047
0.00056341
0.00146056
0.0068952
0.00689007
0.000958319
0.000474991
0.0037747
0.00189833
0.00115608
0.00572921
0.000980043
0.000729311
-4.32921e-05
0.000440476
0.00125293
-7.79791e-05
0.000224737
0.000631745
0.00113784
0.0171173
0.0120894
0.000973927
0.000826995
0.000645306
0.00086529
0.00119114
0.000264324
-5.69564e-05
-8.09915e-05
-7.06196e-06
0.00233011
0.00136138
0.00696646
0.00300159
0.0054601
0.00902963
0.00401409
0.00146044
0.0207299
0.00332526
0.00529677
0.0150432
0.00122133
0.00184892
-0.00158379
-0.000288725
0.00196881
-0.0216914
-0.0102232
0.0019013
-0.00463826
-0.00346372
-0.00294143
-0.00473984
-0.00428648
-0.00424323
-0.00289404
-0.00208307
-0.000720531
0.00100531
0.00404966
0.00282581
-0.00120268
0.000828547
0.0029512
4.86495e-06
-0.00523443
-0.00518336
-0.00294193
-0.00346416
0.00107354
3.96343e-06
0.002951
0.00112372
-0.000718647
0.00282777
0.00405603
0.00101065
-0.00428217
-0.00207492
-0.00288736
-0.0042409
0.00191784
8.48344e-07
2.11346e-06
0.00120194
-0.000877506
-0.000835877
0.00101088
0.00101058
-0.000753193
0.00101154
0.00101083
-0.0007945
0.00120411
0.00127888
2.31189e-06
4.55325e-06
0.00172204
0.00102229
2.34168e-06
1.47351e-06
0.00120069
3.54992e-06
3.57073e-06
0.00122282
-0.000755024
-0.000796248
0.00100551
0.00100611
-0.000878627
0.00100591
0.00100652
-0.000837266
-0.0273001
-0.0269192
0.0450763
0.0340028
-0.03295
0.0251308
0.0345705
-0.0301403
0.00154827
0.0021337
0.00304796
0.00283749
0.00201101
0.00349925
0.00482029
0.00536565
-0.00559405
0.0238686
0.0141211
-0.0166268
0.0191485
0.00239142
0.00305152
0.0206367
0.00136961
0.0025356
0.00203295
0.00117553
-0.0332293
-0.0278889
0.0156246
0.0192568
-0.00578753
-0.0167674
0.0142103
0.0296594
-0.0335736
0.0194309
0.0157297
-0.0279909
0.00159895
0.001479
0.00204452
0.00250896
0.0191063
0.0260737
0.00301833
0.00222289
-0.0257981
0.0332194
0.0449875
-0.0267476
0.00205591
0.00532984
0.00452179
0.00351266
0.00148715
0.0028563
0.0030151
0.00184345
-0.0329662
-0.0299638
0.0349121
0.0256087
0.0186367
0.0227442
0.00769016
0.00809378
0.0290927
-0.00747558
-0.00552311
0.0113882
-0.00259938
-0.00262363
-0.00292033
0.000485656
-0.00417448
-0.0284992
0.0124191
0.0264812
-0.0132639
0.00501778
0.00124792
0.00762742
0.0118127
0.00471544
0.00173169
0.0047351
-0.000226973
0.00123788
0.00169114
0.00087195
0.010798
0.00882595
-0.00218181
-0.00426951
0.00757455
0.00219648
0.0061553
0.00256928
0.000419533
0.0140969
0.0161284
0.00155828
0.00126032
0.00153761
-0.00310027
-0.00154274
0.0209649
0.00397326
0.00219955
-0.00139535
0.00198283
0.0214951
0.00507822
0.00277817
0.000784297
0.000881259
-0.0423477
0.000730752
-0.00289714
0.00870409
-0.00153656
-0.00434847
0.00228834
0.00301745
-0.000216488
0.00312799
0.0169349
0.00806684
0.00728134
0.0219989
-0.00600102
0.0235873
0.00990179
-0.031404
-0.00265968
0.000290581
-0.0030649
-0.00290688
0.0175244
0.012286
-0.00503156
-0.00732946
0.00196447
0.0027508
0.00546949
0.0218096
0.00237202
0.00296196
-0.000350984
0.00299544
-0.00294652
-0.00434849
-0.00193381
0.00850055
0.0005736
0.000748426
-0.0423193
0.012018
0.00760459
0.00264851
0.00621024
0.00224518
0.0212366
-0.00134932
0.00230883
0.00470642
0.00133468
-0.00154087
-0.00308984
0.00162183
0.000482259
0.00159836
0.0161684
0.0141297
-0.0141434
0.00703187
0.00116789
0.00499737
0.01028
-0.0041113
-0.00237177
0.00852659
-0.000254473
0.000828338
0.0016955
0.00121457
0.0118014
0.00489863
0.00174654
0.00468406
0.00464951
0.00181891
0.000659706
0.00605668
-0.00191635
-0.00198139
-1.46636e-05
0.00047895
0.00100707
0.00344284
-1.6777e-05
-0.00205501
0.0161849
0.00799994
7.96805e-07
0.00347528
0.0049511
0.00656286
0.000660226
0.00182364
0.0144691
0.0034789
4.30786e-06
0.00639735
0.000998123
-0.00206003
-1.23726e-05
0.00344691
-0.00191936
0.000482254
-1.26101e-05
-0.00198394
0.0113185
-0.000305452
1.73738e-06
0.0205874
-0.0218937
-0.0185084
4.29506e-05
-0.000389862
-0.0162189
-2.34709e-05
3.98655e-05
-0.0152286
0.0165405
0.0187628
2.87079e-06
2.64466e-06
0.0113607
0.0209731
2.17794e-07
-0.000913552
0.0161077
1.0681e-06
1.29039e-06
0.0186145
-0.0162204
-0.0152311
4.67376e-05
-1.71916e-05
-0.0220466
-0.000755663
4.27111e-05
-0.0185149
-0.00316116
-0.00156354
0.0935299
0.0742358
0.021793
0.0405051
0.0710509
0.0287723
0.00162424
0.000845343
0.0072734
0.0084288
-0.0466396
-0.0460817
0.0181552
0.000624871
0.0108711
0.0135966
0.0212164
0.0274623
0.010741
0.00101013
0.0029428
0.0193582
0.000763093
0.00801554
0.00486838
0.00184521
0.0248476
0.0260817
0.0221477
0.0266943
0.0108485
0.0274646
0.0212762
0.0135709
0.024775
0.0266626
0.022103
0.026016
0.00110986
0.00186057
0.00493051
0.00792909
0.0107521
0.0193288
0.00305186
0.00106972
-0.0030615
0.0828632
0.0945709
-0.00111964
-0.0468672
0.00064174
0.0166437
-0.0407264
0.0013894
0.00810353
0.00694903
0.000830385
0.0217261
0.0281657
0.0708489
0.0402593
0.0586202
0.0411657
0.0154063
0.0811401
-0.0593479
0.0335612
0.0145355
0.0494912
-0.0291771
0.00982189
-0.0148877
-0.0130601
0.0652655
0.0555631
-0.0839711
-0.030767
0.0576427
0.0809374
0.0149811
0.0425886
0.0651906
-0.0310765
-0.0817819
0.0559182
-0.0291576
-0.0129591
-0.0145265
0.00987877
-0.0585281
0.0481796
0.0146335
0.033906
0.0208754
0.0254175
0.00663215
0.0271188
0.0390986
0.0123981
0.0111382
0.0381072
0.00703244
0.0101888
-0.00989876
-0.00957683
0.0490166
0.0498401
-0.00767014
0.011362
0.0208306
0.0273417
0.00658419
0.0253053
0.0489579
0.0114431
-0.0101023
0.0486687
0.00703704
-0.00966683
-0.0100836
0.0107418
0.0391411
0.0381247
0.0111293
0.0127319
