-0.775
0.205
-2.11251
-0.825
0.315
2.14454
-0.723494
0.765
-2.085
-0.785
0.989747
2.215
0.768554
0.205
-2.115
0.815
0.325
2.16075
0.715
0.765
-2.09054
0.785
0.989825
2.215
-0.00107327
-0.00608813
0.101499
0.057597
0.00607105
0.0130116
0.103192
0.0565981
0
0
0
0
0
0
0
0
0
0
0
0
0
0
0
0
0
0
0
0
0
0
0
0
0
0
0
0
0
0
0
0
0
0
0
0
0
0
0
0
0
0
0
0
0
0
0
0
0
0
0
0
0
0
0
0
0
0
0
0
0
0
0
0
0
0
0
0
0
0
0
0
0
0
0
0
0
0
0
0
0
0
0
0
0
0
0
0
0
0
0
0
0
0
0
0
0.0520195
0.00531557
0.0130956
0.0529816
0.00176096
0.0251375
0.0714168
0.0391161
0.000202945
0.0010682
0.0522959
0.0167722
0.0495868
0.0282203
0.0393225
-0.000307002
-0.00260369
0.0515852
0.0299192
0.0490087
0.0524127
0.00528135
0.294043
0.550069
-0.00075663
0.051428
0.0441467
0.00516463
0.0843762
0.0952926
0.0179294
0.0991516
0.188092
0.0483993
0.0457087
0.0408665
0.570711
0.0683794
0.0890697
0.0712056
0.507028
0.0504809
-0.0238128
0.00264884
0.00183503
0.0587336
-0.00207287
-0.00349698
-0.0471729
0.00807919
0.0212854
0.0165207
-0.000483023
0.00134434
0.00264387
-0.0241662
0.000601181
0.00231426
0.0712129
-0.00276995
0.00750633
-0.0502148
0.0213174
0.000690577
0.0142628
2.78593e-05
0.0104651
0.000227352
0.0241482
0.0154669
0.00837556
-0.000893117
0.0210341
0.0321041
-0.00115122
0.0179096
0.000994542
0.135189
-0.000825831
0.025169
0.000757251
0.281619
0.0128946
0.0144922
8.15631e-05
0.0231934
0.00304413
0.0283049
-4.76761e-05
0.0157136
-0.00170815
0.133075
0.0182611
0.000997002
-0.00124548
0.281914
0.0253001
0.000866046
0.0188189
0.0547046
-0.00092378
0.022778
0.0282979
0.00452148
0.00025189
0.0092201
-0.0130805
0.0795595
0.0247204
0.0263374
0.0163446
0.000937709
0.0536167
0.0154902
0.054489
-0.0247645
0.0200786
0.248715
0.0263868
0.0530194
0.0268255
0.00276757
-0.0104749
0.00677185
0.033842
0.0260342
0.0600996
0.0150678
0.00831704
0.249363
0.0221778
0.0244534
0.0128741
4.31677e-05
0.00178667
-0.00308531
-0.000600361
0.00026687
-0.00330307
-0.000170937
0.0207537
0.282384
-0.102603
0.109979
0.00958467
0.00407666
0.0181854
0.0216997
0.0083195
5.63302e-05
-0.000574686
-0.00535599
0.0209261
0.28227
0.0349027
0.0442322
0.0353922
0.0506932
0.0392221
0.0499887
0.0334095
0.0458332
0.00229232
0.00141716
0.0104556
0.0117589
0.0257404
-0.0295262
-0.0309028
0.0254641
0.0525815
0.00647869
0.00493476
0.0416242
0.0231891
0.0207881
0.0230626
0.0179337
0.0206729
0.0184649
0.0234674
0.0161763
0.0175538
0.0155144
0.0218896
0.025344
0.313525
0.287393
0.287499
0.312757
0.0186832
0.0323668
0.0324382
0.0200894
0.0301783
0.014629
0.0267479
0.0283631
0.0269657
0.025097
0.00112081
-0.000469837
0.263428
0.180946
0.181488
0.263952
0.0838401
0.0830952
0.0129237
0.0139145
-0.00609526
0.00264571
0.000791124
-0.0322975
0.000652962
0.0100944
0.00726767
0.00602819
0.0103327
0.000889426
-0.000471151
0.00136758
0.00263457
-0.00612302
0.000239391
0.00199417
-0.0332384
0.00656955
0.0047866
0.00535478
0.010967
0.000708456
0.00178855
3.36268e-05
-0.00787821
-9.42566e-06
0.00638464
0.0157157
-0.0112339
-1.49821e-05
4.74868e-05
0.029203
-0.000851635
0.0110877
6.71472e-05
0.0611903
5.03364e-05
0.0133328
-1.74124e-06
0.0386115
-0.0109242
0.0147381
0.000172236
0.00733449
-0.00634212
0.0253729
5.75579e-05
-0.00504531
-0.000882947
0.0594359
0.010985
7.27537e-05
0.000269153
0.0396102
0.0133811
-7.60624e-06
0.0124868
-0.0300863
0.0112211
0.0322804
1.0909e-06
3.22455e-06
-0.000959559
0.0685069
-0.000444616
-0.000185228
0.0587489
0.00449256
0.0374253
0.000843384
0.00847631
0.00877323
-0.000392291
2.88422e-05
0.00256915
-0.0200101
0.00902181
-0.00013607
0.00917527
-0.00439896
0.00273981
0.00276316
0.00379612
0.0432838
0.00241709
0.00259229
0.00785527
0.00933034
-4.16958e-06
-6.42845e-06
0.00210316
0.0307263
-3.41285e-05
0.000238591
0.0125566
0.19779
0.0128545
-0.0310505
0.00598385
0.030644
-0.000436674
-0.000405936
0.0584219
0.00273733
0.0330069
0.000362747
0.00952743
0.00633568
0.012273
-0.000511343
0.0134038
-0.00401037
0.00318461
0.00268134
0.00352417
0.00893544
-6.16623e-06
0.000473471
0.013287
0.197106
-8.38198e-05
-0.00109322
0.00232411
0.0241388
0.00624685
0.00667637
-0.00625524
2.21252e-05
0.00105953
0.00106073
-0.00324195
-0.0031958
0.00185073
0.00118315
-2.26553e-05
-0.0046927
-0.00068631
-0.000694639
-0.000144553
-0.000130778
0.000337395
0.000793408
0.0202462
0.0368891
0.0096717
0.00985041
-0.0142447
0.0026327
0.010811
0.0109735
-0.00331665
0.000895824
0.000157596
-0.000227132
0.00677792
0.0211884
0.00633138
0.00671902
-0.00623569
3.94775e-05
0.00228013
0.00130163
4.5804e-05
-0.00736837
0.00039132
0.000814004
0.0197009
0.0378295
0.00234844
0.00352025
0.00238885
-0.000346411
0.00417159
0.00606858
0.00313439
0.00423505
1.12478e-06
9.38879e-06
1.01969e-05
0.000113177
0.00308091
0.00490492
0.00492057
-0.00500264
0.00594612
0.0208265
-0.0564132
0.00573705
0.00479863
1.99202e-05
-0.000571984
0.00306308
0.00494018
8.55105e-05
-0.000554512
0.00320476
0.000496146
0.000109573
-0.00315822
0.000334016
0.0122465
0.00617867
-3.08541e-05
0.0186017
0.0158394
0.00469988
0.0116235
0.0051694
-0.0138665
0.00339553
-0.0164691
0.0133963
0.0288152
-3.87764e-06
-3.95281e-06
-1.24302e-06
0.0671427
0.00212106
0.00218155
0.00102074
0.000836542
0.0357178
-0.000160209
0.000646808
0.00935197
0.0342188
-0.000926708
0.0522508
0.0416669
0.00211696
0.0084762
0.0225873
0.00301058
-0.0179054
-0.00390379
0.01011
0.0220856
0.0116042
0.0063586
0.0297662
0.0254976
0.00551781
0.0164881
0.0031174
0.00184559
0.0109221
0.00635006
0.147303
-0.000931537
0.048172
0.00763884
0.0380301
0.0462106
0.00167472
0.00214557
-0.0219366
0.00956253
0.0204647
-0.00397875
0.0098642
0.00646195
0.0149815
0.0249875
0.0110058
0.0246499
0.00477474
0.00171437
0.0107558
0.0175428
0.00292623
0.00691424
0.149671
0.0309141
0.0071642
0.00404645
0.0186286
-0.00323877
4.77748e-06
-0.00245573
-0.00258487
0.0117348
0.00668455
0.000967638
0.0254978
1.46726e-05
-0.00474534
-0.000308684
-0.000527564
0.0111349
0.011986
-0.00474318
-0.000721621
0.0126342
0.0341139
-0.0146978
-0.000769174
0.0155902
0.208836
-9.47329e-05
6.40617e-05
0.0140581
0.0357868
0.000553972
0.00508436
0.029603
0.00500188
-0.00246262
-0.0025829
0.00687424
0.0166413
-0.00602091
-7.46576e-06
0.0138501
0.0149539
-0.00031585
-0.000529696
-0.00444743
0.0219533
-9.28465e-06
-0.0145295
0.0114421
0.0122296
-0.0129433
-0.000422843
-0.00447239
-0.00093083
0.0126098
0.0348795
0.0156672
0.208972
0.000547255
0.00495592
-4.33207e-06
-0.000186316
0.0135877
0.0364164
0.00361211
0.00716634
0.0199309
-0.0547718
-3.42406e-06
-3.54413e-06
0.012255
0.00970231
0.00207269
-0.00251761
3.67106e-06
7.27529e-05
0.0221129
3.75305e-05
0.0361987
-2.04362e-05
-8.53398e-07
-3.94712e-06
0.000419052
-0.000167178
0.00867769
-0.00738747
1.6154e-06
0.0286296
0.00677009
0.00670293
-0.163162
-0.164848
0.0013974
0.0102162
0.00260443
-0.00135253
-4.69106e-05
4.16332e-08
-0.0160219
-0.0158621
9.24597e-05
-0.000325389
0.000977774
0.066898
0.00587769
0.00860142
-0.0565124
0.0254827
0.00327975
-0.00356814
3.57813e-06
6.95737e-05
0.000526624
0.0222054
0.0344944
-7.09631e-06
0.0100001
0.00261573
-3.41436e-06
0.0290089
0.0130336
-0.00302018
-0.000942358
0.00261011
-4.43349e-05
0.00233409
0.0669375
0.000990995
1.10144e-05
-0.000804348
0.000177921
-0.00262433
0.00145879
0.00277451
0.0053483
0.00555763
4.11795e-07
4.79631e-07
6.27155e-05
6.0444e-05
0.00330823
0.00199196
0.00569588
-0.00501655
-0.000404767
-0.000399124
-3.34043e-06
-3.62566e-06
0.000222622
-0.000150638
0.0183702
0.00207337
0.00472552
0.00467832
0.0188012
0.0185306
0.0126597
0.0188114
0.00226066
0.00229978
-2.61622e-05
-0.000823521
-8.22205e-08
-0.00279662
0.00309636
-0.000915515
0.00564517
0.00553066
0.00195145
0.00386703
0.00792894
-0.00619644
-5.33997e-05
0.000357087
0.00205418
0.0186214
0.0198724
0.056278
0.0061471
0.0196615
-0.00206673
-0.000515139
0.0012666
0.0539429
0.01218
0.0101377
0.0104894
0.00184542
0.0359135
0.00207084
0.00931398
0.0219203
0.0197523
0.0165198
0.0102737
0.0619079
0.0405893
0.0203274
0.0148118
0.000887265
0.0125905
0.00207048
0.0136856
0.00815644
-0.00558406
0.0569198
0.00595059
-0.0017446
0.00109898
-0.000949399
6.84883e-06
0.00330811
0.000871087
0.00221536
6.79303e-06
-0.000952379
0.00726439
-0.00285258
0.000107298
0.00388648
0.00942996
0.00585139
0.000107828
-0.00284902
0.0121499
0.0101476
0.00897482
0.0126603
0.0134985
-0.0072395
-0.000139974
0.0108414
0.0127091
0.0107839
7.04067e-05
-0.00738759
0.0119045
0.0126726
0.00889406
0.0100307
0.0532074
0.0484944
0.0293348
0.0654777
0.023724
-0.106503
-0.0516339
-0.0295929
0.0226347
-0.0306375
-0.0520059
-0.105441
0.0548676
0.0580715
0.0315453
0.0495609
0.00500368
0.00285854
0.00513783
0.0057942
0.000705137
0.00253247
0.00341132
0.00055048
0.0136836
0.014746
0.00220962
0.00158757
0.011852
0.0061545
0.00428684
0.0131699
0.00733143
0.00598824
0.0054241
0.00085004
0.0118096
0.0132787
0.00442672
0.00611656
0.0134792
0.00162682
0.00229732
0.0142741
-0.00431138
-0.00495493
0.00396104
0.00301922
0.0145879
-0.00277347
0.000279183
0.0211673
0.0131083
0.0189157
0.000197029
-0.00277434
0.022995
-0.000549802
-0.0033031
0.0188723
0.0275638
0.0223372
-0.00321914
-0.000542716
0.0833169
0.0372481
0.0243905
0.0176889
0.0371106
0.00965408
0.0125179
0.0374629
0.0384188
0.0374614
0.0186594
0.0099097
0.0845598
0.0176001
0.0244066
0.0392141
-0.00847793
0.0166356
0.0114809
-0.00368698
0.00236816
0.0336128
-0.000888405
0.00456861
0.0138146
0.00827741
-0.00340385
0.0124936
0.0177062
-0.00157158
0.0252899
0.0146756
-0.0176463
-0.00973498
0.0149886
0.0231865
0.0176363
0.0149775
-0.0107298
-0.0029223
0.0139982
0.0135843
-0.00603792
0.00897742
0.000511894
0.0203671
0.00349771
0.0366214
0.0314953
-0.000332696
-3.6199e-06
0.00192928
0.0290483
0.00443575
-6.17249e-06
-0.000333822
0.00742749
0.00264959
0.0289081
0.00601236
0.0107481
0.00876787
0.0287184
0.00278794
0.0634404
0.204425
0.00321259
0.00773083
0.0777327
0.00199487
0.0681571
0.215886
0.0788962
0.215422
0.0682399
0.00190879
0.0634822
0.00780671
0.00326053
0.204298
-0.00972063
-0.0183649
0.0361368
0.0518032
-0.0119678
0.0480389
0.0348319
-0.0210073
0.012471
0.0194606
-0.00768725
0.0046312
0.0123506
0.00594495
-0.00747747
0.0195365
0.0055273
0.00264261
9.08377e-06
-0.0208468
0.00574012
0.000149952
0.000277698
0.00350982
0.00505989
0.000833029
-0.000468655
0.00137745
0.00263073
0.00562443
2.72843e-05
0.00200624
-0.032795
0.00815565
0.00266718
0.0032772
0.00497616
0.000711872
2.88626e-05
2.93261e-05
-0.000154191
6.26067e-05
0.00615365
0.0157134
-2.33948e-05
-4.28692e-05
0.00233202
0.030171
0.00393438
0.00184663
5.78662e-06
0.0365353
-2.2687e-06
0.00310243
2.57399e-06
-0.00194778
-0.000186373
0.0147364
5.03037e-05
0.006514
-5.00147e-05
0.0263494
5.32228e-05
0.00928281
0.00432924
0.0371317
0.00194269
-5.56473e-06
8.76503e-06
-0.00173779
0.00320934
-9.23217e-06
0.00215828
0.0372981
0.00916853
0.0276295
4.14636e-08
2.6783e-08
-0.0009583
0.0832538
0.000212707
0.000301004
0.0447147
0.00448356
-0.0100444
7.87455e-05
0.00843771
0.00877375
0.000586797
-7.56733e-06
0.00201799
-0.0124077
-0.00140784
0.00022734
0.026499
0.00189398
-0.00301637
-0.00299941
0.00219095
0.0314716
0.00163161
0.000257659
0.0053289
0.00454844
4.41308e-07
-1.34561e-06
0.00185233
0.0110555
2.70047e-06
2.24069e-05
-0.00185704
0.00633459
0.00224182
0.0385211
0.0104643
0.0259778
-0.00109091
-0.00039752
0.0464519
0.00272773
-0.0265803
-0.000230525
0.0103852
0.00633192
-0.001536
0.00029642
0.0376803
0.000617108
0.000831833
0.00150359
0.00618411
0.00418483
-2.2409e-06
2.51736e-06
-0.0019631
0.00499279
2.2691e-06
-1.98118e-05
0.00539276
0.0241382
0.00226617
0.00247613
-0.00100145
2.61523e-05
0.000139521
0.000139521
-0.000695566
0.00271641
-0.003311
0.00283289
-2.45925e-05
-9.30006e-05
-0.000144584
-0.000144658
-0.000144553
-0.000151969
6.31523e-05
0.000281969
0.00021409
-0.00387785
0.00102308
0.00086248
-0.000193498
7.89396e-06
0.000177129
0.000273658
0.000389141
0.000352951
-4.28519e-05
-3.0675e-05
0.00693539
0.0206995
0.00219795
0.00248914
-0.001147
2.58486e-07
-0.0019879
0.00339262
-7.80198e-07
4.89775e-05
9.75754e-05
0.000206005
0.000394387
-0.00356178
-0.00163115
-0.000190776
0.000790211
6.70078e-06
-0.000205547
-0.000122984
0.00409709
0.00285609
2.90572e-07
-3.59453e-07
1.75639e-07
1.5236e-07
0.00198342
3.70452e-06
3.57611e-05
-4.61743e-05
-0.000920066
0.00218325
0.050441
-0.000792817
0.00168983
1.86455e-05
-7.24717e-05
0.00365768
0.0019929
-9.0783e-05
-6.70819e-05
0.003619
0.000109783
0.000109671
-0.00315247
0.000109852
-9.38755e-05
0.00297162
-6.85161e-05
6.19178e-06
-0.00465689
0.0028683
0.00153922
4.49683e-05
0.00855393
0.00215758
0.0200647
5.33416e-05
4.34739e-06
2.50967e-08
5.65894e-08
8.77996e-07
0.00685298
2.34572e-05
-4.223e-06
0.000295904
0.000604599
-0.0126191
-3.9246e-05
0.000610563
-0.00815106
-0.0076229
0.00749159
0.0208124
1.38963e-06
1.02568e-07
-0.000930054
0.0679286
0.000282227
-0.000420975
0.0345308
0.0021191
-0.000536037
0.00889868
0.00604463
0.0225876
-0.00134354
6.14165e-05
-8.78646e-06
-0.0089957
0.00220624
0.00603142
-0.00563644
0.00880107
1.65345e-05
0.00967893
0.0216853
0.0111302
0.00130983
-0.00299693
0.00256099
0.031787
0.000580171
0.00158974
0.00652623
0.00427043
0.00126724
0.000105945
0.016447
0.00313735
-2.6637e-07
-1.5596e-06
0.00307601
0.00354895
-7.6983e-06
1.45273e-05
8.23283e-06
0.0796029
1.64202e-06
1.53743e-06
-0.000931898
0.0716864
-0.00813899
-0.00808075
0.00884312
0.0201218
9.17698e-05
-0.000156862
0.0383531
0.00167768
-1.86939e-06
5.18566e-05
0.0026286
-0.0167868
0.00047218
0.00637857
0.00827226
0.0204651
0.00613347
0.00785697
-0.00556336
0.00917191
0.00131519
-0.00290954
0.00268817
0.0380589
0.00199286
0.00297744
0.0244998
0.0108777
0.00102427
0.000743172
0.0085682
0.00423895
-6.26294e-07
-2.02085e-06
0.00488353
0.00344455
0.00172988
0.000236329
0.0177992
0.00294634
7.05251e-07
-2.46274e-06
8.79532e-06
0.0760643
-0.00764972
-0.000378921
0.0332018
0.00716353
2.46078e-06
1.08788e-05
0.00596844
0.0184099
-0.000469326
0.00403582
-0.00394685
1.2093e-06
0.000371632
0.000920233
8.65008e-05
0.00227672
0.00729921
0.00109818
0.01854
0.0156629
3.03455e-05
-2.48615e-05
0.00430557
0.0264554
-8.32295e-05
0.000637756
1.37363e-05
0.000332049
0.000349397
-0.000539114
-0.000309216
-0.000545788
-0.00115266
0.00105014
0.00651707
0.00447682
0.000706209
0.000255498
-0.000545285
-2.13749e-05
-6.68212e-06
0.000119537
0.00166249
-0.00062344
0.00560697
0.00181087
-0.00162606
0.00692303
5.70902e-05
-0.000139988
0.00393855
0.0105053
0.00736874
-0.000155898
-9.46575e-05
-0.000151378
-2.39672e-06
5.0871e-06
0.00322089
-0.00365621
0.0430749
0.00744126
0.000402538
0.000538305
-0.0107831
-2.87553e-06
0.0340271
0.00500139
0.000380143
0.000921369
8.59566e-05
-0.00262526
-1.76391e-05
-2.20575e-05
0.00689814
0.0164122
-0.00133082
0.00409426
-0.00389067
-1.83224e-06
0.00234194
0.00184067
0.023375
0.0116644
0.00034699
-0.000547609
-0.000315848
-0.000554301
-6.22656e-06
6.88215e-05
0.0114208
0.0219034
5.82591e-05
0.000906093
-1.02913e-07
-7.77856e-06
-0.00102021
0.000726251
0.0078531
0.00400071
0.00626491
0.00206488
-0.0025074
0.00694179
0.000962845
6.35348e-06
-0.000504998
-0.000113755
3.04143e-05
2.96089e-05
0.00170849
0.00144564
0.000266568
-2.00456e-05
0.00399807
0.00956035
0.0419735
0.00761184
0.000392728
0.000539669
0.0062482
1.79324e-05
-4.95629e-06
1.56753e-06
-1.92754e-06
3.62569e-06
0.00350622
-0.00323371
0.00169654
0.00107181
-7.04231e-05
-0.00155761
0.00280605
0.00339359
0.00227766
0.0530416
-4.41849e-06
8.11161e-08
-2.52899e-06
-1.92984e-06
-0.0206483
-0.00468948
-0.00102949
-4.67847e-05
-0.00414536
-0.00100539
-0.00178464
-2.2287e-05
4.99016e-06
4.60991e-06
-4.57391e-06
-2.14238e-06
3.87008e-05
-0.0120944
0.0118244
9.83256e-05
1.14026e-06
0.000230674
-0.0106777
-5.82485e-06
0.00137355
-0.0247202
-5.61e-07
8.86455e-07
8.43412e-07
0.00856526
0
-8.88178e-16
0.00376279
0.00156001
5.02778e-05
0.00451503
0.0153724
-8.60197e-07
-8.67564e-07
4.20149e-06
-1.73067e-05
0.000967005
0.000181688
0.00023282
0.00151311
0.00170028
-0.0430643
-0.000133201
0.0204773
-0.00147053
0.015251
-0.000625387
0.0015523
-0.00195759
0.000126382
-1.0054e-05
-0.000453555
-0.00674797
3.71101e-05
-2.3612e-11
0.0177182
-0.0001216
0.000676956
0.000676943
0.0070971
-0.00970916
-0.000131026
0.000365464
0.0145895
0.000608371
0.000321737
0.00583853
-0.00428956
0.00193684
-7.1491e-05
-0.0103284
0.00293856
0.00359735
0.0538137
0.00191391
-0.00930837
0.00105299
-0.000106794
0.00259648
5.89385e-06
4.09768e-06
4.33248e-06
2.53285e-06
0.00193599
-0.00201593
0.000220195
0.0109682
5.61287e-06
3.75668e-05
-0.0244449
-1.35676e-06
-0.00161904
0.000971119
4.89721e-05
-0.00141608
0.0150255
-7.17506e-07
2.92338e-06
4.08357e-06
0.021452
-0.00134746
0.00295357
0.00788296
0.0014601
-0.00188664
-2.36703e-06
0.000129671
0.00702304
-0.00105124
1.50493e-05
-0.000928842
0.0149584
0.000581175
0.00577422
0.000315995
4.53681e-05
0.00251742
7.70896e-06
-2.04511e-05
4.32486e-08
0.000387606
0.000178322
-0.00261557
0.000367556
0.00988919
0.000211854
0.000895688
4.817e-09
-6.25576e-07
0.00201579
0.00295889
-0.00254609
0.000113681
8.25054e-09
-5.46393e-08
-6.2815e-08
-1.05495e-07
6.91739e-10
4.46339e-08
8.96589e-06
-1.04941e-06
0.000784837
0.00400836
-0.00461511
0.00115813
0.00341305
-0.00503515
0
-1.46331e-07
-1.63587e-09
-3.30344e-08
-0.000105611
3.99826e-06
-5.71033e-08
8.46773e-09
-0.000570245
-0.000428679
-5.86582e-05
-0.000141913
0.0342046
0.0123365
0.000295417
4.6523e-05
0.00217708
-0.00507649
0.00146408
0.00150627
0.0024705
0.00959193
0.00119103
0.00119512
-0.00359907
5.46189e-05
-6.41098e-05
-2.82952e-05
0.000434404
0.000334407
2.31294e-05
-3.77948e-06
-0.00392932
0.00280239
-1.28404e-05
-9.80096e-05
-0.000360364
0.000225667
-1.08834e-08
-0.00279286
0.000287453
0.0162728
0.000850399
0.000192811
3.95169e-05
-3.81651e-06
0.00205675
0.00304528
-3.10791e-05
-3.29824e-07
0.00404681
0.000973002
-0.00733533
0.00529632
0.00595978
-0.00721613
-0.000243286
-0.000612807
-3.96258e-05
9.18587e-05
0.0333393
0.0177974
4.86062e-05
0.000278718
0.00277548
0.00571964
-0.00448234
0.00077772
0.00245643
0.00303244
-0.00216111
-0.000607906
0.00541296
-2.93236e-05
0.00052269
0.000454887
-0.000189404
0.00458595
-0.00402516
0.0193531
-0.000177074
0.00182029
-0.00754564
0.00224816
-0.000259894
0.00598817
-0.00834943
0.0101347
0.00609748
0.000240687
0.000736498
0.000658375
0.00271347
0.000704554
-0.000721768
0.0015416
-5.06e-08
-2.55755e-06
-6.08996e-07
-1.9864e-06
-3.3175e-06
-1.06185e-06
-2.26722e-06
7.46665e-06
2.33803e-07
-0.0025482
6.31451e-05
1.55013e-07
2.80631e-07
-0.00254162
8.05247e-05
1.47762e-07
0.00054452
0.000159315
-0.00223259
0.00160916
0.0026421
-0.006698
-0.00121464
0.00342046
0.00281193
-0.0097596
-0.000771859
0.00173276
0.000483197
0.000185086
-0.00214882
0.00158848
-0.214626
-0.0125148
-0.0108483
0.00503357
-0.00112659
2.824e-05
-0.0753492
-0.0740386
0.00754857
-0.00131797
-0.0747039
-0.0718982
-0.0149953
-0.212528
0.00461311
-0.00632503
-0.000129786
1.58659e-05
4.85024e-06
0.00330542
7.01749e-05
5.7881e-07
1.81614e-05
0.0017326
-3.60517e-07
0.00490507
3.81847e-05
-1.05155e-05
-0.000250309
0.00233993
-0.000655167
-5.01196e-06
-0.00258887
-2.0641e-06
-1.50134e-05
0.00352535
-0.000269192
0.00243099
-0.00068745
-4.71454e-05
-6.89661e-07
0.00489215
0.000118155
-1.04648e-08
0.000518147
-1.25061e-06
-2.58646e-05
0.00188764
-1.7864e-06
-1.36653e-07
-1.06944e-07
6.37973e-05
-6.30387e-08
-1.92531e-06
6.1612e-05
-5.83316e-08
2.48253e-17
0.000413976
-0.00040277
-6.58829e-08
0.00054197
5.14551e-07
-3.47471e-07
-0.000397304
0.029134
0.000151409
0.00901326
0.0108457
0.0396226
8.95632e-05
0.00129249
0.0127101
8.6479e-05
0.0392411
0.0190505
0.00131667
-0.000482794
0.0293709
0.0104323
0.00882736
0.00104997
-0.000166682
0.000192029
0.000450077
0.00164989
0.000109585
0.00649101
0.00297355
2.93246e-05
0.0074509
-1.10314e-05
-4.30165e-05
0.00554672
1.19586e-05
0.00017218
0.000576552
0.0010865
0.00158482
0.000712558
0.000911885
0.00543018
-0.0001908
0.000235777
-2.1017e-05
-2.27304e-05
0.00774684
0.000709656
-0.00110337
0.00189109
0.000327791
0.00615741
-0.0147787
0.0087067
-0.000102302
-2.58533e-06
-1.12129e-06
0.00457909
-0.000108721
8.25743e-06
-1.39143e-06
0.000430571
-0.000609952
5.91261e-07
-0.0247716
0.00189377
-0.000858017
6.40524e-07
-0.02467
0.0153249
0.00195451
0.000471013
0.000656506
-0.00011223
0.00288343
-3.39643e-06
-0.0055663
-0.000454536
0.00217031
-1.38434e-08
-0.00551539
0.0153883
0.00205068
0.000460331
0.000631007
-1.59972e-08
-0.000178288
0.00956339
0.000418402
-0.000130417
-3.73509e-07
-0.000167184
0.00749978
0.00154047
-1.94243e-05
-0.0166992
2.76589e-05
-1.79004e-05
0.0015362
1.39594e-06
-0.0165389
0.00651606
0.0185615
-0.000895176
0.0510689
0.0169289
0.00129411
0.0162791
0.0116882
0.00635708
-0.0268759
-0.00484889
-0.00131186
0.0144958
0.00574798
0.00268363
-0.0714253
0.00284841
0.00363622
0.0102946
0.00657609
0.00152724
0.00354581
-3.60937e-05
0.0732568
-0.000896248
0.0501785
0.00772575
0.0171357
0.0179123
0.00126198
0.00290394
-0.019108
0.0140468
0.0114792
-0.00328048
0.00403393
0.00290551
-0.0744041
0.0163615
0.0045882
0.00280481
0.00197553
0.00327502
0.00341165
0.00993071
0.00646042
2.85084e-05
0.0758181
0.00723431
0.0160752
0.00627379
0.0157941
-1.7689e-05
-1.57685e-05
-0.000883655
0.00255133
0.00136967
0.0401201
0.00337361
0.0282168
2.50083e-05
-0.000151506
-0.00136928
-0.00101689
0.00515541
0.00780451
0.000148605
-4.42625e-05
0.00171166
0.00181277
-0.00254516
0.00815467
0.00173058
-0.00109923
-5.78177e-06
-0.00105222
0.00327743
-0.002745
-8.49052e-05
-1.49353e-05
0.00763087
0.0154409
-0.00088476
-0.00262862
0.00643756
0.0142343
-0.000238983
-3.82824e-06
0.00922336
0.0348153
-0.000525511
-0.00103954
0.0101573
0.0236609
1.15392e-05
-0.000124586
0.00572586
0.00800325
-0.00244362
0.00796486
0.000178507
2.26232e-05
0.00180239
0.00458591
0.00183724
-0.000917417
1.97482e-05
5.80314e-06
0.000229802
-0.000932112
0.00352367
-0.00268939
0.00685984
0.0278223
0.0152137
0.00844966
0.000771447
0.0124401
0.00186605
0.053235
-0.000950127
0.0793774
-0.00095207
0.0833393
-1.95041e-07
-2.15982e-09
-0.00058792
4.86108e-05
0.0426077
0.00346122
0.0433937
0.00586357
-0.00431376
3.44536e-05
-6.93631e-06
-3.55214e-06
0.00699801
0.0204069
0.0121947
0.00565708
0.0110431
2.79992e-05
-0.00647693
-3.95704e-07
0.000180823
-0.0103604
0.00216439
-0.0146715
-4.33897e-08
2.19183e-07
-8.68909e-08
2.41933e-07
0.0127086
0.00106624
0.0286566
-8.11705e-05
-4.96799e-05
0.00300813
-0.00100747
0.000706559
0.00447255
0.109071
0.00458403
0.108156
0.00018846
0.0001913
-0.072238
0.030953
0.00699405
0.00496227
0.00689788
0.00483852
-0.000903979
0.00348396
5.52888e-05
-0.000554686
0.0016327
0.00353601
0.00210576
0.00348001
0.000141002
2.85859e-09
-0.0012897
-0.00128994
-0.000194997
0.0214132
-0.000240524
0.00535992
0.000223446
0.000414898
0.000390053
0.0062845
0.00795694
0.0262902
0.0170182
0.0073643
-8.3379e-05
0.0134951
0.0531477
0.00206221
0.0462421
0.00236407
0.049059
0.00397769
0.00166456
0.00569222
3.68478e-06
3.65962e-06
0.011961
0.0192057
0.0138741
0.00451073
0.000113984
0.00707615
-0.00558105
-1.21025e-07
0.0253977
0.00268672
0.0373927
-0.00190934
-0.00228218
0.00637434
0.00129476
0.00279303
0.0078857
0.00410241
0.0082004
0.00424821
0.0025363
-0.000825967
-0.000480818
0.00016667
-0.000185795
0.0196775
-0.000128695
0.00356391
0.000335948
0.000263991
0.00658611
8.29808e-05
0.00596782
0.0213431
0.0052144
0.0243025
-3.77734e-05
0.000173071
6.30517e-05
-0.00247276
-0.00140679
-3.03852e-05
-0.000615528
-4.87643e-05
0.00256809
0.00145688
0.00213206
0.00268718
-0.000834582
0.00275011
-0.000835504
0.00240278
-9.35619e-09
6.01935e-09
1.47787e-09
-9.62811e-08
4.71829e-05
-0.000140432
2.4529e-08
-0.000102502
-0.00113031
0.00356359
-0.00376366
0.00242866
8.32667e-17
-7.41657e-06
-9.8882e-08
-7.52436e-06
-8.0785e-09
-3.12546e-08
-3.8813e-08
-6.36168e-09
0.00201164
-0.00335927
0.0031308
-0.00379006
-0.00318563
-0.00333192
0.00051661
-9.95306e-07
-0.000171001
0.000183737
-0.000293255
-2.30818e-05
0.00032752
0.000329185
0.000512487
0.000574017
0.000343604
0.000523859
0.000306672
0.000515668
0.000197295
0.000244272
-2.91126e-05
2.5978e-06
0.00971462
0.0184959
0.0124021
0.0204213
0.00375124
0.00146013
-0.00031438
-0.00269323
-0.00140714
-6.55577e-06
-0.000691226
-3.55419e-05
0.00139343
0.00256466
0.00210759
0.00274789
4.63314e-07
-8.48412e-05
-6.31922e-05
-6.75649e-05
0.00407293
2.62057e-05
-0.00373145
0.00288257
0.00197083
-0.00268052
0.00348495
-0.00364272
-0.00291618
-0.00231283
-3.53464e-05
0.000438407
-4.1084e-05
-0.00280802
-0.00164745
2.60725e-05
-0.000509288
-0.00145843
-0.000418114
0.00403136
-1.38432e-05
-0.00302231
0.000141353
0.00306009
-0.000213292
0.00297949
0.00647753
-0.000334077
-2.92153e-07
5.4826e-09
-2.13549e-06
-1.06156e-06
2.68503e-06
1.35776e-06
2.84643e-07
-4.00434e-07
0.00042061
0.00046952
0.00126969
1.7968e-05
1.7209e-05
0.00128386
-0.000141267
-0.000107268
0.0019961
0.052076
2.92435e-07
-9.2918e-08
-0.000394213
0.000163047
0.0522266
0.00200023
-0.000188544
-9.42068e-05
0.00179982
0.00328468
0.00139588
0.00372859
-0.000239713
-2.31062e-05
-8.42111e-05
-3.52516e-05
0.00206031
0.0033349
0.00376779
0.001751
-0.000138259
-0.000240069
1.85104e-08
-0.00326155
-6.28978e-08
1.10033e-08
4.08573e-09
-3.29661e-08
-6.04725e-08
-0.00326234
0.00248485
-6.19342e-05
0.000305513
0.000372994
-3.65341e-05
8.19687e-06
-2.49748e-05
0.00365899
-0.00317035
-0.0115865
0.00011738
0.00449508
-0.00996541
0.0167186
0.00263743
-0.00429527
-0.00375088
-0.0044374
9.29084e-05
-0.00110995
0.0193987
-0.00150401
0.00208361
0.0209178
2.82411e-07
-1.32407e-08
-8.41719e-08
4.13565e-06
1.89702e-06
4.10643e-06
3.142e-09
5.33146e-08
0.00706493
0.00700949
0.000295715
0.00687259
0.00684252
0.000298344
2.14675e-05
-3.30153e-06
-0.0132418
3.77133e-05
-4.44089e-16
4.44089e-16
0.00072363
0.000723658
-0.0195616
1.03097e-07
-0.000960767
-0.00710254
-0.000289471
-0.0149509
-3.44406e-06
-2.88691e-06
-0.168137
0.00463045
-0.00418809
0.00169023
5.71419e-07
-5.05415e-06
0.00089222
0.00646355
-0.000158575
0.00994612
-0.00233326
-2.10209e-07
1.12093e-05
0.000592503
-0.000774569
0.00455784
-0.00232787
-0.00407615
0.00165264
-0.000370618
0.000661606
-0.119441
0.000120902
-0.00314435
0.000403111
-0.00371611
0.00454744
0.00148158
0.000224302
0.00122238
0.00487097
-2.10607e-05
0.00154132
3.34457e-08
-4.17602e-05
-3.38083e-05
-1.31528e-06
2.43557e-06
-4.48986e-06
-0.000318852
0.0028879
0.0072737
-5.10543e-06
-3.0129e-06
-0.172563
0.000852828
-0.00100244
-0.00699526
-0.000196006
-0.0149293
-0.00767791
0.00652337
-5.22106e-06
8.32815e-06
-1.21402e-06
-0.000234363
-1.19429e-05
-3.43907e-05
-0.00120328
0.00635764
-8.86808e-05
0.00642348
0.00277839
0.00920296
-0.000334726
-0.00130714
-4.44372e-05
-0.0030612
0.00722096
0.00425839
0.000627451
0.000329286
0.000266882
-0.120855
0.00502806
0.00289916
0.000415446
0.0011069
-5.48309e-05
2.58697e-08
1.25169e-06
9.07645e-06
0.0051557
-6.63831e-05
0.00152574
1.59054e-08
2.5866e-05
-0.000255624
0.00174278
0.007531
-0.0195957
0.00912306
-0.00165329
3.36195e-05
1.12734e-05
-2.37012e-05
-7.23616e-08
0.000193705
0.00457811
0.0016866
-0.000207217
0.00364751
0.000885055
3.10229e-08
-1.67853e-06
-1.85897e-05
0.00738637
0.0003536
-0.00896357
-0.00260645
0.000161795
-0.000354118
-0.00036258
-3.3442e-07
-0.000102019
0.00121603
0.000514375
0.000100317
0.000493236
-0.000330515
0.00170655
-1.47048e-06
-0.000897663
-0.00011245
-0.0196761
0.000715898
0.00072507
-3.54571e-06
0.00186589
4.78901e-05
-4.44006e-05
-2.81811e-05
0.00020878
0.000113279
0.0159979
0.00552799
0.0219502
0.0060155
0.00186339
2.10084e-05
0.0149711
0.000336228
0.00627538
1.13648e-05
0.00707267
1.36651e-05
5.45619e-06
1.3093e-05
4.80289e-06
7.44724e-05
0.0412031
0.00769375
0.0838684
0.00183835
-0.0221856
0.00689082
-0.0016615
6.62312e-06
0.000886737
-1.16436e-07
-1.71676e-06
-2.02093e-05
0.000281179
0.000756534
-6.70866e-08
-8.41456e-07
0.00475031
0.00197765
-0.00208483
0.00381554
0.012032
0.00215665
-0.00932693
0.00228562
0.000871592
-0.000333557
0.00172497
-6.19618e-07
6.31337e-05
-5.7386e-05
0.00023193
4.11005e-09
8.65236e-05
0.00140296
0.000172075
7.05552e-05
-0.00044948
2.21382e-06
-0.0142724
0.000697599
0.0169454
0.00466611
0.0201551
0.00569957
0.00109316
-8.49296e-05
0.00209482
9.92054e-05
7.43721e-06
5.43755e-06
4.3623e-05
0.00037702
-0.00105045
1.86975e-06
0.0139717
0.000348239
0.0399007
0.00795829
0.0837146
0.00194525
0.00541955
0.000107514
0.0068103
1.99263e-05
0.000346879
-4.35557e-06
-1.53136e-05
7.96716e-05
0.00103536
0.00371048
-0.00384952
0.00310951
0.00306126
0.00382835
-0.00101371
0.0017597
-1.24536e-06
2.15996e-07
4.51529e-06
-2.86174e-06
-0.00853406
-0.0120611
-0.0219173
-0.00494237
0.00679187
-0.0038605
0.0019851
-0.0127994
2.2745e-06
1.67874e-06
8.15949e-06
6.60826e-06
0.00195839
0.00343838
-0.000314898
-2.08893e-05
0.000178459
6.72626e-08
1.88765e-06
-0.00810954
0.00124781
-0.024745
-0.0246945
0.00147765
2.34349e-07
0.00894184
0.00803948
4.37421e-07
0.00236008
0.00135399
0.00123244
0.00353953
-1.54125e-06
0.011647
0.0182986
-8.98355e-07
0.00163922
-0.000119949
-0.000140221
0.00166501
-0.00886235
0.0689015
0.070367
-0.00904925
0.012
-0.00251195
-0.000919823
0.0259916
0.00158501
-0.00255103
0.000577766
0.00302336
-0.000351895
-0.00674727
-0.00673161
-0.000454057
0.0183627
-8.73022e-08
-3.19095e-07
0.0182778
0.00798079
-9.83975e-05
-0.0158089
0.00642592
0.0149397
0.000647546
0.00706597
0.00746621
-0.00160896
0.0022778
0.0065088
-0.00787841
0.00251622
-0.000130845
0.0036705
0.00289739
-0.0017673
-0.00576856
-0.0145771
0.0033224
2.95027e-06
1.54075e-06
6.3971e-06
9.14334e-06
0.000134868
-0.000413779
-0.00603941
0.00210941
1.70439e-05
-0.000274239
-0.00832753
-3.2539e-06
0.000541892
-0.00162872
0.00231967
0.00189592
0.010319
-1.44015e-06
-1.54837e-06
0.0202184
0.0178555
0.00168484
0.00232536
0.0126095
0.00286729
-1.55509e-05
-0.0024331
0.0014116
0.00628223
-0.000888672
0.000686923
0.0067744
0.00861482
0.0069675
0.000617108
0.0150905
0.000110117
0.00286155
0.00229331
0.000194777
0.000146052
0.000192098
0.000227467
-0.000464622
0.000429471
-0.00158967
-9.01817e-05
0.000225497
-5.40412e-05
-3.46541e-05
2.98546e-06
4.57748e-08
-0.00254742
9.88346e-05
0.000107104
-0.00254421
-6.39103e-08
-9.3026e-08
-7.23756e-08
-7.30474e-08
9.52748e-05
9.68586e-05
-3.38402e-05
-5.13728e-08
-0.00295403
-0.00537824
0.000438127
-0.0146134
2.02319e-10
-1.05406e-07
-1.87359e-07
1.08012e-09
-0.000104085
4.91333e-07
6.12474e-06
-0.00010721
0.00329936
0.000122187
-0.00146753
0.00248919
0.0215943
0.00958976
0.0115691
0.037171
0.016479
-0.00474334
-0.00443483
0.00524731
0.0108562
0.00196697
0.00198384
0.0110631
-0.00256574
9.06068e-05
9.98024e-05
-0.00543256
0.000334835
0.000438772
0.000436509
0.000333534
0.00320247
-0.000194202
0.000988213
0.00246861
-2.90429e-06
0.000143536
-0.000471412
0.00018832
0.000103049
-0.00420694
0.00355781
0.000309265
-1.10422e-05
-1.48071e-05
-7.71801e-05
-5.72983e-05
-6.40126e-05
-8.54439e-05
1.7031e-06
5.61887e-05
-0.000605953
0.000260984
-0.000195891
-0.000417452
0.00254558
-0.00156171
5.91524e-05
0.00339954
0.0374629
0.0176368
0.00951558
0.02067
0.0139811
0.0209596
-0.000549531
0.00454518
0.0394008
-0.00176961
0.0098658
0.0399054
-0.00175424
0.000995286
-0.00380458
-0.00383727
0.00913654
-0.00069483
-0.00222228
0.0029848
0.00695177
-0.00227115
0.00446914
-0.00602601
0.00122238
0.00162896
0.00131524
0.00122631
-0.000291166
0.000764449
0.00109906
0.0122371
0.0440552
0.0475408
-0.0107668
-0.0100614
0.00402178
0.00589252
0.00327341
-0.000201268
0.0062824
0.0135739
0.00943957
0.00644786
0.00178608
0.00453424
0.000255191
0.000151315
0.00116663
-0.000575095
0.00103553
0.00185664
0.0139901
0.0189473
0.00302868
0.00630108
0.0302403
0.00522003
-0.002218
0.0186012
-0.0016342
-0.00178774
0.00312452
-0.00537094
0.00819582
0.00921748
0.00978564
0.0276335
0.0155953
0.00597158
-0.003782
0.0200891
0.0109182
-0.00333993
-0.00636516
0.00062733
-4.29371e-05
-0.000226399
-0.00301307
0.00205233
0.04815
0.0488018
0.00284757
-0.00690593
0.0155943
0.00758331
0.0032922
0.0212619
0.00930391
0.0195936
0.00871607
0.0110877
0.0015934
-0.00616728
0.00655656
0.000907164
0.0326315
0.0207705
-0.00414481
0.00126849
0.00446681
1.95337e-05
0.00336532
0.00687579
0.0011036
0.0017004
0.00100402
-0.000728795
0.00767042
0.0110337
-0.00170675
-0.000120057
0.00739772
0.00781844
0.010171
0.0105835
0.00726269
-0.00871407
0.00239565
-0.00241677
0.0530417
-0.0148253
-0.00922077
0.0475343
0.00270644
0.00833012
0.00532979
0.00492979
0.0012055
0.00147578
0.000127397
0.00150013
0.000709219
-0.000917798
-1.8184e-06
0.00170677
-0.00095405
-3.00697e-06
-2.66706e-06
-0.000943732
-1.26215e-06
2.01376e-07
-5.53309e-08
-6.05011e-08
0.00396436
0.00278775
-3.45413e-06
-2.63233e-06
0.000690905
0.00146802
-6.34614e-06
-0.000920361
0.00255576
7.99692e-06
8.03595e-06
0.00203029
1.61432e-06
2.41979e-06
5.01899e-06
6.31076e-06
-0.000955249
-0.000946266
-4.61004e-06
-3.58035e-06
0.0162093
0.000669893
-0.00210495
0.00639829
-0.000765552
-0.00254676
-0.0025479
-0.000374839
9.86214e-07
7.19908e-06
8.83707e-05
0.000106593
0.00335668
0.00445569
4.55153e-05
1.0626e-05
0.0171451
0.00771334
-0.00209765
0.000669004
0.00516916
3.75844e-06
6.69568e-05
0.00651234
-8.35394e-07
0.000109974
0.000101494
3.94235e-06
-0.000765069
-0.000374161
-0.00254304
-0.00254516
0.0085167
0.00452052
0.00102988
0.00215998
0.00575073
0.0015927
0.00166981
0.00603337
0.00194524
0.00135495
-0.000592407
-0.00170092
0.0034961
0.00152439
-0.00266837
0.000565454
0.0199358
0.0132076
-0.0123587
-0.00882237
0.00048065
0.0148341
0.0145503
0.00355592
-2.66772e-05
-0.000886871
-0.00212502
-0.00493202
0.00353273
0.00508155
0.00268359
0.00257509
0.020057
-0.00898102
-0.0145528
0.0131811
0.00377079
0.00246661
0.00272044
0.00471864
8.50691e-06
-0.00478699
-0.0012227
-0.000894611
0.000442159
0.00313871
-0.00110042
-0.0056443
0.00802021
0.00233031
0.00143893
0.0040469
0.00351356
0.000406002
-0.00255152
0.00157978
0.00199613
-0.00163808
-0.000439312
0.00117329
0.00531731
0.00537573
0.0015845
0.0014304
0.0517713
0.0180998
-0.217213
0.0624528
0.0298245
0.00490613
-0.129308
0.00794209
0.000962166
-0.00661406
-0.00528948
0.00556193
0.0813605
0.0762601
-0.00666887
-0.016379
0.0142523
0.0272662
-0.000248518
0.00842024
0.0724071
-0.0728583
-0.0785496
0.0705406
0.0512877
0.0555031
-0.0117867
-0.0777618
0.0704694
0.00772394
-0.00310026
0.0560136
0.0119927
0.00736247
0.00313535
0.0290709
0.0692656
0.056591
-0.00183227
0.00863783
0.0514301
-0.0688977
-0.010816
0.0561085
0.0718562
0.0732225
-0.0742879
0.0097903
0.0503218
0.063682
-0.218773
0.0174277
0.0831452
-0.0214961
-0.0179693
0.0801765
0.000965508
0.005576
-0.00109002
-0.00481606
0.0281541
0.00723167
-0.126332
0.0048701
0.00617694
0.00625192
-0.000170633
-0.000352387
0.00563964
8.32508e-05
-1.77971e-05
0.00593216
0.00173336
0.00190774
0.00308353
0.0026756
0.00219941
0.00380138
0.00347913
0.00207358
0.00284647
-7.63795e-05
-1.63161e-05
0.0038934
-0.00222841
-8.29573e-05
0.00144838
0.000949704
0.0014782
0.00237613
0.00201234
0.00108997
0.00536486
0.00473402
0.000134172
0.00010914
0.00319157
0.00328484
0.00565271
0.00684399
0.00148825
0.000971278
0.00410501
0.003178
0.00361087
0.00386894
3.29077e-05
-0.00018587
0.00317898
-0.000107992
2.22615e-05
0.00393485
0.00172456
0.00127801
0.00209278
0.00182353
0.00258119
0.00282328
-0.000304935
8.51866e-05
0.00344345
-0.00110995
-0.00111571
0.00312174
0.000520748
0.00179506
0.0024059
0.00107396
0.0064368
-0.00169623
-0.00233647
0.00669706
0.00215277
0.00208219
0.00367033
0.00395678
0.00192407
0.00290588
0.00335776
0.00212293
0.00830185
0.00827413
-0.00145526
-0.00208545
0.00180849
0.00186497
0.00226452
0.00151182
0.000744588
0.00134609
0.00245337
0.00178054
0.00337701
0.00318476
-0.00112275
-0.00114782
0.00261904
5.28206e-05
-0.000294313
0.00289474
0.00336505
0.00582929
0.00560866
0.0035592
0.00373294
0.00413041
0.000118552
9.45438e-05
0.00361376
-0.000200947
8.91458e-05
0.00390749
0.00181782
0.00349555
0.00414584
0.00157817
0.00971988
0.0108442
0.000314682
7.20611e-05
0.00967354
-0.00152509
0.000753591
0.0119129
0.00187919
0.00146994
0.00217771
0.00258674
-0.000935441
0.0011732
0.00164233
0.000696652
0.0179037
0.00241322
-1.88707e-06
0.0171004
0.00273327
-6.23808e-08
2.25397e-05
0.00328722
5.47475e-05
0.000266847
0.000104855
-9.85856e-08
0.0227907
0.0198762
9.48942e-05
-3.88248e-05
0.0119142
0.0153231
-1.86681e-06
-0.00262854
0.0195977
-2.93577e-06
-2.54149e-06
0.0174568
5.48115e-05
-4.29442e-08
0.0001025
0.000184536
0.00255958
-0.000577577
2.06221e-05
-2.387e-08
0.0255504
0.000608388
0.000642827
0.022782
-7.23332e-05
-5.83767e-09
-0.000367833
-0.000440583
-0.00320738
-0.00338504
-0.000437172
-1.24642e-07
0.0182477
0.0211594
0.000301061
-0.002667
0.0291936
0.0273319
0.000517602
0.000421316
0.0218532
-0.0024733
0.00038439
0.0250861
-0.00320704
-1.99847e-07
-0.000431171
-0.00329949
-7.23076e-05
-0.000435159
-0.000363909
-3.21445e-08
0.019681
0.00105287
0.0353325
0.00745361
-0.00360806
0.0277426
0.0254761
-0.00197272
0.00284512
0.0106351
0.0219405
0.00788932
0.000711602
0.00193923
0.0116518
0.00329403
-0.00234584
0.0423865
0.0403809
-0.00319138
0.000574294
-0.00294094
0.00657063
0.00796685
-7.7374e-05
0.0119615
0.0122355
3.86957e-05
-0.00368807
-0.00374558
0.0397728
0.0358769
-0.00221166
-0.00296318
0.0395555
0.0407659
-0.00356875
0.0354057
0.0397115
-0.00343822
-4.69432e-05
8.12903e-05
0.0183439
0.0180847
0.000651573
0.00816712
0.00544232
-0.00420511
0.023959
0.00664884
0.0345296
0.00349282
0.000787574
0.00321871
0.0111322
0.0018905
0.00327386
0.0083127
0.0220886
0.0107748
-0.00315529
-0.000602607
0.0252598
0.0267728
0.00211696
0.0214441
0.00474123
0.000370858
0.0279127
0.00310698
0.0018815
0.0238841
0.00287326
-0.00059554
-0.000462098
0.0015624
-0.00374432
0.000258621
-0.0020121
-0.00985881
0.00889761
0.011159
0.000460469
-0.00717786
0.0134084
0.0123018
0.00818724
0.0127801
0.00275207
0.00607528
0.00686831
0.00621102
0.0231106
0.0129909
0.00684718
0.0080194
0.00581924
-2.3026e-05
0.00615893
0.0175127
-0.000886116
0.00756
0.00779429
-9.96532e-05
0.0178904
-0.0060615
-0.000179208
-0.00518923
0.0103234
0.0143187
-2.66715e-05
6.53902e-05
0.00257107
0.00650717
0.00648105
0.00315494
0.00256256
9.43782e-05
0.00023544
-0.00013206
-0.00108907
-0.0123039
-0.00722414
-0.00220812
-0.0018892
0.00189233
0.00596396
0.00729108
0.0101178
5.34638e-05
0.00905161
0.0272843
-0.00327554
-0.0149169
0.00136761
0.000388723
0.00222029
0.000804564
0.000901284
0.00434001
0.0383745
0.0357415
0.00137848
-0.00167674
0.00261928
0.0031732
0.00533842
0.00578755
-0.0016335
0.00684599
0.00585711
0.00202948
0.0205225
0.0199306
4.04346e-06
-0.000925933
0.00315432
-1.3075e-05
-0.000290571
-0.0013068
0.00499363
0.0181472
0.00668905
1.67904e-05
0.0121049
0.000601894
0.00033262
0.0158293
0.0116698
-0.00119943
-0.000374299
-0.000995134
-0.000842729
-8.88454e-05
0.00729313
0.00689252
0.00484286
-0.00220336
0.00250793
0.0111746
0.0358473
0.00173162
0.00699125
0.0263963
0.00542097
0.00477329
-0.00422322
-0.00139213
-0.00416291
0.0159311
0.00851852
0.0117483
0.0379529
0.000859533
0.00510401
0.0192375
-7.97277e-05
-0.000104889
-0.000104653
-0.000278054
3.86512e-07
-1.43231e-06
-2.64325e-06
2.20218e-06
0.00111001
0.018324
0.0101728
0.0135074
0.0330903
0.0154483
0.00304182
0.000865148
-0.000347285
0.0126751
0.00745774
0.0153801
1.44344e-06
5.10493e-06
5.81955e-06
1.69268e-06
-7.97553e-05
-0.000281551
-0.000109328
-0.000106407
0.00582186
0.00276078
4.6784e-05
0.00623371
0.00209095
0.0013112
0.000327325
0.00239666
4.2909e-06
3.34501e-06
-0.0247586
-0.0247329
0.00069976
0.00683445
-0.0149806
0.017626
0.000696367
0.00372496
0.000446643
-0.0017267
0.000139427
0.0168404
-0.0162098
0.00511509
4.10394e-06
-0.0247067
-0.0246821
3.28897e-06
0.00216168
3.39373e-05
0.00144163
0.00145016
-0.00134927
0.00611458
0.0533041
0.0786116
0.0036439
0.0150786
0.0154901
0.0078367
0.000318031
0.000355116
0.000976572
0.000905399
0.000462702
0.00501134
0.00169448
0.000418187
0.0389983
0.00154203
0.00138862
0.094855
0.00180693
-0.0003562
-0.00025908
0.00292983
0.00688672
0.00698305
-0.00616982
-0.00671962
0.0138938
0.0504662
0.00910603
0.0206087
0.0414032
0.095176
0.000602472
0.00480075
0.01235
0.0208807
0.00914307
0.0479068
0.00684392
-0.00673979
-0.00612349
0.00689457
0.00197895
0.00431445
-0.000454268
-0.000453806
-0.000985596
0.0781615
0.0534341
0.00575091
0.000493581
0.000434096
0.00173041
0.0051276
0.000292452
0.000878315
0.000951231
0.000331405
0.00198616
0.00648474
0.0156094
0.0153486
-0.00286803
-0.00878394
-0.000774133
0.0171381
-0.011384
5.12597e-07
0.000505738
-0.00908485
-0.0144414
-0.011493
0.0094289
0.00875355
0.0140861
0.0316357
0.00975467
-0.00905994
-0.0144342
0.0159722
-0.000586141
-0.0179472
0.00804854
-0.0051653
0.00696168
0.0256855
-0.0176021
0.00830237
0.00755588
-0.0213304
-0.01354
-0.0158176
-0.000100341
6.43447e-07
0.0069333
0.00342766
0.00152694
0.00621087
0.00285478
0.0180356
0.0100384
0.00346225
0.000666558
-0.00414458
-0.0125122
0.000699407
0.00542133
0.00372858
-1.13933e-05
1.37003e-06
0.00662786
0.00640388
0.00152569
0.00354712
0.00721538
1.54416e-06
-7.91862e-06
0.00439726
0.000685101
0.000699585
-0.0123243
-0.00388681
0.0028825
0.00354233
0.00998804
0.0179935
