-0.715
0.245
-1.79347
-0.755
0.405
1.90232
-0.645
0.870304
-1.715
-0.675
1.125
1.79403
0.715
0.245
-1.79346
0.755
0.405
1.90232
0.645
0.870304
-1.715
0.675
1.125
1.79403
0.075717
0.140494
0.178715
0.155502
0.0757179
0.140603
0.178722
0.1555
0
0
0
0
0
0
0
0
0
0
0
0
0
0
0
0
0
0
0
0
0
0
0
0
0
0
0
0
0
0
0
0
0
0
0
0
0
0
0
0
0
0
0
0
0
0
0
0
0
0
0
0
0
0
0
0
0
0
0
0
0
0
0
0
0
0
0
0
0
0
0
0
0
0
0
0
0
0
0
0
0
0
0
0
0
0
0
0
0
0
0
0
0
0
0
0
0.0730023
0.00509725
0.00133332
0.0285194
0.0781453
-0.0190492
0.111416
0.0942076
0.108622
0.0521533
0.0730873
0.00133381
0.0285207
-0.0190602
0.0941802
0.0521521
-0.00329979
0.0966912
0.00296122
0.0627067
-0.00151069
0.00613108
0.375403
0.505732
-0.00323357
0.0966842
0.0626642
0.00611355
0.160361
0.160356
0.00354702
0.152577
0.259982
0.0825647
0.0825408
-0.000585075
0.52256
0.122535
0.122365
0.0471437
0.48688
0.104533
0.018633
0.00252151
0.00139675
0.0358889
0.0380486
0.0273332
0.0247019
0.032308
0.0320244
0.00765464
0.0229154
0.0429401
0.0025365
0.0184457
0.00139675
0.0380519
0.0357981
0.0273024
0.032343
0.0246341
0.0320496
0.022891
0.00773327
0.0430095
-9.92474e-05
0.00268199
0.0485858
0.000644416
0.0473712
0.000392561
0.0234152
0.00293034
0.0128163
0.0493025
-0.000398744
0.191257
0.00484663
0.0481706
0.00914124
0.25126
-9.87268e-05
-0.00103719
0.00262335
0.0485811
0.0472929
0.00275235
0.000277548
0.0232343
0.0128569
0.191267
0.0492967
-0.000395713
0.00487351
0.251263
0.0481727
0.00918304
0.0665151
0.0904685
0.000227737
0.0975123
0.0618983
0.0017092
0.0638138
0.0313512
0.00411585
0.0517073
0.035339
0.0302724
0.0400314
0.0386353
0.0256429
0.0188355
0.163589
0.0219532
0.0268374
0.202304
0.0664834
0.0904288
0.0619045
0.00108331
0.0642653
0.0313764
0.0354566
0.0302563
0.025488
0.0189606
0.0265718
0.202305
0.0388842
0.00145503
0.00259706
0.000863045
-0.000338792
0.00307645
0.00127856
-0.0122782
-0.000622968
0.00740571
0.0459
0.258984
0.0101123
0.0344442
0.00877621
0.0078994
0.0387793
4.33241e-05
0.00286749
0.000863148
0.00128023
-0.0122077
0.0459051
0.258888
0.0944958
0.062952
0.0453717
0.0949442
0.0944662
0.0948759
0.0453699
0.0629404
0.00211151
0.00165556
0.0010979
0.00188948
0.071382
0.110429
0.110439
0.0713805
0.139005
0.104479
0.104396
0.139022
0.043852
0.0294827
0.0496201
0.0481912
0.043803
0.0481872
0.049626
0.0295111
0.00411392
0.00189741
0.00149848
0.00219252
0.25722
0.265743
0.265711
0.257202
0.026354
0.0756595
0.0648257
0.0383363
0.0263663
0.038419
0.0646116
0.0757064
0.0222219
0.0221949
0.0341316
0.0341399
0.228093
0.277363
0.277016
0.228092
0.0992199
0.0992205
0.0516049
0.0516057
-0.0022449
0.00251494
0.00128669
0.00036207
0.0325688
0.0264693
-0.0170318
0.0169099
0.0160104
0.0165959
-0.00155798
0.017857
0.00251844
-0.00218693
0.00128608
0.0325525
0.00036677
0.0264974
0.0168899
-0.0168721
0.0157924
-0.00184438
0.0165327
0.0176863
-0.000423567
-0.000301699
0.0393907
-0.0010497
-0.000370073
0.000632048
0.00634936
0.000270787
-0.0303461
0.00635675
-0.000542554
0.121898
0.00034561
0.0149242
-0.00533846
0.0548431
-0.000424389
-0.000209195
-0.000301544
0.0393923
-0.000423556
0.000295839
0.0005776
0.00636944
-0.0150394
0.121918
0.00635106
-0.00056597
0.000331903
0.0548359
0.0149227
-0.00530112
-0.00397663
0.0270677
0.0491936
0.0352259
4.42356e-06
6.6214e-06
0.000175193
0.106928
-2.40578e-06
7.79284e-06
0.0546495
0.000865589
0.0145218
-0.00303582
0.029161
0.0397394
0.000398926
0.000402011
0.00391374
0.0388938
0.000131826
-0.0425227
0.0220594
0.0138801
0.00412756
0.00410654
0.0107184
0.0361963
0.00571987
0.00802423
0.0163456
0.0366631
0.00549658
0.00549904
0.0246889
0.0333133
0.0119571
0.000108128
0.0128048
0.156346
-0.00111417
0.027045
0.0492203
0.0352422
-2.40022e-06
7.77959e-06
0.0546475
0.00117819
0.0144741
-0.00272281
0.0288241
0.0397263
0.000104209
-0.042568
0.0220056
0.0140801
0.00572675
0.00801459
0.016445
0.0365574
0.0118692
0.000155216
0.0129714
0.156353
-0.000721699
-0.000262069
0.0211084
-0.000661643
-0.0138882
0.0076574
-0.00588191
1.8387e-05
-0.000103979
0.000655728
-0.000238593
3.65788e-05
-0.019338
0.00673662
4.32406e-05
0.000168627
0.00247476
0.00245665
-8.75821e-10
-0.00232407
-9.97999e-08
-0.00128176
0.0101935
0.0576886
0.00575088
0.00572842
0.00611951
0.00782056
0.00915558
0.00915303
0.000381288
-4.44405e-05
-0.00482621
-0.000322636
0.0211016
5.35432e-05
-0.0138906
0.00765612
-0.00601925
1.79363e-05
-0.019279
0.00673989
4.34712e-05
0.000167707
3.57963e-06
-0.00130533
0.0102037
0.0577344
3.03005e-05
-0.00218931
0.0188053
0.00552115
3.08762e-05
-0.00219001
0.0189551
0.00538847
-7.59043e-07
-0.000255662
4.17946e-05
0.000183001
-0.0143012
0.00408801
0.00403001
0.000820219
0.00136008
0.0128293
0.0182511
0.000627701
-0.0163526
0.000155643
0.000210029
0.00782463
-0.0163299
0.000156333
0.000209902
0.00782473
-0.000503939
0.00271889
0.000964087
0.000138019
0.00585218
0.00840204
0.000698177
0.00589204
-0.00143701
0.00522296
-0.0064629
-0.010828
-0.00160917
0.00526894
-0.00625015
-0.0107349
-0.000583699
-6.89451e-07
-1.13166e-06
0.00269034
0.0052628
0.00626426
0.00627025
0.0020606
0.0047652
0.0264288
0.00643341
0.00475255
0.0535446
0.0238226
0.000305228
0.0920418
0.0549921
0.000865776
0.0378775
0.0323141
0.00418661
0.0303316
0.0197441
0.0160461
0.0192592
0.0265285
0.0125827
0.0254284
0.0113355
0.0264623
0.0338867
0.017251
0.00413695
0.0380884
0.0109156
0.0637827
0.000165466
0.091957
0.0541763
0.0239036
0.0550234
0.00109358
0.00418699
0.03033
0.0377037
0.0323572
0.0197483
0.0165691
0.0124204
0.0254854
0.0193531
0.026554
0.0113541
0.0264725
0.00434287
0.0381206
0.0339724
0.017217
0.0109965
0.063888
0.0470761
0.000872133
0.0291862
-0.00111969
-0.00857892
0.000107564
0.000730163
1.58433e-07
0.0101213
0.00015916
0.0141404
-0.000312835
-0.00189437
-0.0002074
-6.58971e-07
-0.00179248
0.00552122
0.0946816
-0.00014118
-0.000181001
0.0066412
0.0718454
0.0116307
0.000722418
0.00952412
0.186259
-1.10073e-05
0.000457469
0.00510603
0.052905
0.000463088
0.000507879
0.0470811
0.00126737
0.000644167
-5.03302e-08
0.0291939
-2.39636e-05
-0.00859512
0.000114127
0.0101221
0.00015998
-7.75237e-07
-0.00173209
0.0140969
1.15078e-05
-0.00208811
-0.000149128
0.00550054
0.0946617
0.0116269
0.000711201
-0.000141139
-0.00017915
0.00664162
0.0718427
0.00949449
0.186218
0.000476316
0.000510473
-5.01887e-06
0.000433104
0.00509533
0.0528889
5.71699e-05
0.0106264
-0.0170193
0.0273145
-0.000147528
6.66289e-05
-0.00132685
-0.0013428
-9.00318e-05
0.00169338
-1.02468e-06
4.50651e-06
0.00250382
-0.0106567
0.0186402
0.0043872
-2.00815e-06
-1.78898e-06
-0.0063133
-0.00631367
0.000236712
-0.00102226
0.00265204
-0.000583055
0.00333491
0.00335453
-0.00793038
-0.00786701
0.00313239
0.0134384
-0.000404007
-0.0011164
0.00523769
0.0054231
0.00572057
0.00571915
0.00274562
-0.000866348
0.00280893
0.00236268
6.40024e-05
0.0105752
0.0273542
-0.0169358
-8.53157e-05
0.00171118
-6.57653e-07
3.58978e-06
-0.0106962
0.00230858
0.0186725
0.00438091
0.000178008
-0.0011077
0.00265203
-0.0005832
0.0139806
0.00331452
-0.00117805
-0.000459678
-0.00073011
0.0030616
0.00253414
0.00280836
0.00183079
0.0012232
0.00158104
0.000231282
0.00124693
0.0025093
-0.0156162
0.0069508
0.000160144
-0.000231877
-0.000265835
0.000765699
-0.0159033
0.00724769
-0.0142126
0.00600559
0.0016461
0.00149769
1.50618e-05
1.50281e-05
0.00103137
0.000603304
0.00558744
0.00181492
0.0039293
0.00392453
0.00976017
0.00976862
0.00882782
0.00883848
0.00490591
0.00490764
0.00185582
0.00122339
0.00208983
9.99583e-05
0.00236203
0.00111278
-0.0156074
0.00696756
0.00725005
-0.0159461
-0.0142015
0.0059838
0.000601415
0.0010213
0.00187986
0.00564416
0.0797552
0.0561917
-0.00110052
0.0543444
0.0477766
-0.0169269
0.000215923
0.0528166
0.00574645
0.0132137
0.00880714
0.00591348
0.0275354
0.0511593
0.0158778
0.0220812
0.0798361
0.054366
-0.00109764
0.0562308
0.0274299
0.0221389
0.0159481
0.0518387
0.00573266
0.00585271
0.00878482
0.0132107
0.0477715
0.0528278
0.000165967
-0.0170677
0.00149154
0.000155857
-0.000207788
0.000865058
0.00160335
0.00113523
6.10352e-05
0.000239104
-0.000893945
0.000168768
0.000115866
0.0012264
-0.00170365
0.000872446
-0.000228895
-0.000414507
0.0277808
0.0430835
-0.00686719
0.0144454
0.133074
0.0117179
0.00540248
0.0606142
0.132915
0.0605865
0.00535491
0.0117127
0.0277994
0.0142996
-0.00689515
0.0433028
0.083838
0.0201659
0.0191812
0.102202
0.0427319
0.0336045
0.0199832
0.0682368
0.0427393
0.0682064
0.0200256
0.0336319
0.0838475
0.102111
0.019176
0.0202367
0.0343722
0.025333
-0.0160849
-0.0148562
0.0102449
-0.0189165
-0.0153511
0.0167346
0.0106229
0.010864
0.00792492
0.00721135
0.00708524
0.00733332
0.00722195
0.00628315
0.034377
-0.0148529
-0.0160691
0.0253345
0.00709228
0.00628009
0.00722154
0.00733339
0.0106262
0.00720725
0.0079271
0.0108636
0.0102322
0.0166959
-0.0153601
-0.0189557
-0.00110343
-0.000184908
0.00257752
-9.3464e-05
-0.000135688
-0.00248082
0.00314005
0.000715787
0.000153872
0.00205118
0.000978291
3.43801e-05
-2.18334e-05
-0.000445626
0.000213798
0.00210318
0.0948004
0.0647104
0.0155664
0.0162396
0.0528304
0.00937517
0.00797657
0.0545201
0.05282
0.0545521
0.00800688
0.00937561
0.0948374
0.0161925
0.01555
0.0647537
0.00645499
-0.000486942
0.0119494
-0.017813
0.0418867
0.0469199
0.00270151
0.0186924
0.0441001
0.0160193
-0.00216555
0.0267165
0.0136042
0.00633929
0.000794455
0.00625171
0.00646475
-0.0177821
0.0118752
-0.000622408
0.01359
0.00489106
0.000935957
0.00632872
0.0441559
0.0265177
-0.00200973
0.0161961
0.0419259
0.0185973
0.00262563
0.0468435
-0.0013328
-0.000943951
0.00267081
-0.00813131
-0.00131685
-0.00828794
0.00267063
-0.000913736
0.0299992
0.00396453
-0.00058512
0.0148192
0.0295175
0.0140449
-0.000584616
0.00396351
0.0702512
0.173181
0.00767576
0.00719892
0.0424772
0.0295327
0.00890265
0.152011
0.042622
0.152093
0.00900634
0.0297479
0.0702356
0.00719859
0.00768511
0.173172
0.0491438
0.034757
0.0225694
0.040845
0.0491629
0.0403796
0.0225628
0.0347562
0.0481773
0.0418434
0.0114861
0.020873
0.0482746
0.0208751
0.011492
0.0420005
0.000681787
0.00250357
0.00117178
-9.46785e-05
0.00214255
0.00608793
0.00160706
0.00312975
0.000269626
0.00577193
-0.00140949
-0.0033277
0.00250656
0.000651386
0.0011714
0.00219928
0.000139146
0.00608686
0.00289239
0.00155847
0.000174017
-0.00127384
0.00583133
-0.00295102
-0.000375411
-0.000299452
0.033863
-0.000249931
0.00106997
5.71778e-05
0.00401512
0.00034893
0.00368311
-0.00463306
-0.00034133
0.00550429
-1.07378e-05
-0.0028379
-0.000107279
0.00333876
-0.000374396
-0.000250359
-0.000298797
0.033845
-0.00439684
0.000307534
0.000491003
0.00396567
0.00398482
0.00548381
-0.00463877
-0.000324052
-1.13844e-05
0.00334138
-0.00284418
-0.000129175
-0.00106123
0.00523057
0.001098
0.0167748
8.9338e-08
9.26056e-08
0.000120794
0.113869
8.46161e-06
-1.354e-06
0.0485617
0.00117086
-0.00375778
-0.00194647
0.0217176
0.015649
3.394e-05
3.03693e-05
0.00321153
0.0300286
-4.18675e-05
0.000279374
0.0128682
0.00721236
0.000883187
0.000879971
0.00524551
0.0291109
0.000724986
0.00158792
0.00203277
0.030617
-0.000410488
-0.000424455
-0.0021245
0.0123812
0.00540337
-0.0036822
0.00721977
0.0342585
-0.00250482
0.00519402
0.00101007
0.0167441
7.80683e-06
-1.50187e-06
0.0485622
0.00117059
-0.00300803
-0.00187117
0.0217649
0.0156486
-3.97952e-05
-0.000824577
0.012797
0.00725635
0.000726846
0.0015579
0.00176461
0.0304704
0.00547048
-0.00371462
0.00722387
0.0341334
-0.00103421
-0.000122652
0.0207086
4.66169e-05
0.00121241
0.00357844
-7.27319e-05
1.47497e-05
0.000856877
-0.000648086
-0.000233364
3.65789e-05
0.00187981
0.00190161
4.44245e-05
0.000109501
-0.00145882
-0.00202681
-2.12382e-10
0.00145525
-6.37339e-06
-1.41539e-05
-0.0072465
0.00404657
2.50275e-05
2.41427e-05
-0.000154347
3.54548e-05
0.000123894
0.000125784
0.000208952
-5.07025e-05
0.000759135
-5.21977e-05
0.0206441
-4.1171e-05
0.00120965
0.00357957
-7.27326e-05
1.46059e-05
0.00187671
0.0018966
4.4307e-05
0.000110791
3.59455e-07
-1.43014e-05
-0.00711657
0.00409612
0.00139093
0.00218847
-0.00116943
9.99693e-06
0.00139323
0.00219336
-0.00120123
9.5918e-06
3.61678e-06
0.000440334
-0.000259999
-4.00538e-07
-0.0119507
-0.00016632
-0.000173019
0.000749596
0.00151853
0.00358454
0.00607265
0.00186571
0.00239266
-3.37691e-07
1.13384e-05
0.00162006
0.00238908
-3.49354e-07
1.13484e-05
0.00162927
0.00094305
-0.00287924
-6.39698e-05
-0.000930797
0.000243081
0.00033572
0.000580893
0.000242989
-0.000677658
0.000873299
0.000727081
0.00630673
-0.00072228
0.000950904
0.000827966
0.0063774
-2.38391e-07
2.63305e-07
2.63808e-07
-0.00056052
-4.01627e-05
0.000185174
0.000182237
0.00130747
0.000169362
-0.0328695
0.0065188
0.000170263
9.62005e-05
-0.00237258
0.00842014
0.00788652
5.34381e-06
-1.1707e-06
0.000241712
0.0788356
6.97672e-05
9.16245e-06
0.050124
0.00108608
-6.26768e-08
0.0105024
0.0145333
0.0214961
0.00234774
2.56424e-06
0.00382241
0.0290304
0.000499068
-0.00101708
0.00568903
0.00903363
-0.00516333
0.00959625
0.00253663
0.0109002
0.00206616
0.00219466
0.00305646
0.0245256
0.000790495
0.000384333
0.0123426
0.0219588
-6.37695e-05
0.00187277
0.0157334
0.00987176
0.00714655
0.00220495
0.00417338
-0.0056677
0.007131
8.87398e-05
-0.000890015
0.0654484
7.50373e-06
1.03911e-06
0.000109287
0.0789161
0.000168499
-0.00368648
0.00829156
0.00959564
7.0116e-05
9.18469e-06
0.0501006
0.001086
0.0022764
3.49789e-05
0.00351527
0.0290285
5.55683e-08
0.010509
0.0146822
0.0218405
0.000493736
-0.00103764
0.00571057
0.0087483
0.00202999
0.00216012
0.00311908
0.0243633
-0.00513457
0.00960472
0.00252671
0.0109441
0.00077813
0.000372831
0.0123296
0.021995
0.00732811
0.00228054
0.00419348
-0.00662052
-7.84999e-05
0.00169597
0.0156997
0.00985642
0.0070906
0.00010638
-0.000357876
0.0654245
4.30367e-05
9.29624e-06
0.0452923
0.00125969
2.18956e-06
0.00185534
0.0256485
6.56883e-06
-0.000793166
-0.0154748
0.000654152
0.000348357
-0.000839192
0.00130422
0.00073833
1.65141e-08
-0.00113488
-0.0455518
0.00855431
0.000968259
-9.18709e-05
0.000103165
0.0123248
2.46527e-05
-0.00129545
-0.0257706
0.00300596
-0.000379924
-7.09317e-05
0.00040072
-5.09741e-07
0.00155707
0.0157863
-0.000737114
-0.0043826
0.0840937
0.00711999
1.80853e-05
6.71344e-05
-0.00010287
-5.02028e-05
-5.93604e-05
-0.00322914
0.00598466
0.0209143
0.00148323
-6.6517e-05
0.000270503
0.000357501
-0.00141973
0.00710062
0.0247176
0.00257523
0.000227509
3.82006e-06
0.000147882
0.00172305
0.00121781
-0.0102834
0.00663258
0.0431345
0.000827002
0.000230874
0.000430679
4.35649e-05
9.299e-06
0.0453196
0.00125953
1.73052e-06
0.000866279
0.000771356
-3.67158e-08
1.70657e-06
0.00387373
0.0256721
6.3024e-06
-0.000794569
-0.0154843
0.00066319
0.000350728
-0.00113408
-0.0458313
0.00855504
0.000969143
-3.79372e-06
0.000421844
-8.88273e-07
-0.000420175
-9.18746e-05
0.000103163
0.0123225
2.64202e-05
-0.00120281
-0.0257125
0.00310804
-0.000337025
0.00810715
-0.000716694
-0.00439337
0.0838203
0.020872
0.00147082
-0.00011286
0.000214921
0.00711994
1.83979e-05
6.52045e-05
-9.70596e-05
-4.82894e-05
-5.78467e-05
-0.00331702
0.00599759
0.000343121
-0.00132032
0.00694755
0.0246852
0.0431292
0.000825778
0.00023139
0.000431688
0.00257721
0.000237786
9.95866e-06
0.000144109
0.00170016
0.00119875
-0.0102881
0.00658776
0.0100103
0.00151004
-0.00308055
-0.000412108
0.0088078
-0.0015966
0.010313
0.00219436
3.2319e-05
3.94128e-06
0.00033088
-0.000179836
-4.79307e-05
-0.0110706
0.000395836
0.000394951
-0.000229191
0.00128609
0.00135401
3.49499e-05
-0.000310499
0.000230898
4.21995e-06
-4.86644e-07
0.00311748
0.000194836
0.00357479
-0.00289568
-0.0101332
0.00225594
-0.0314248
0.00437905
-0.000193665
-0.000587142
7.27166e-08
2.62859e-07
-0.00704292
0.01542
-8.9977e-09
-2.51137e-09
5.02915e-05
0.000278937
7.12066e-05
-0.00150933
0.00819997
9.68112e-07
-0.000560494
2.54457e-07
0.00402313
0.0144557
-0.000276924
-0.000279067
0.0031427
-0.0103792
-0.000438665
-0.000536191
0.0135191
0.0102792
0.00025325
0.00324636
-0.000520298
-0.00249102
0.000846302
0.000492365
-0.000651279
0.00232355
0.00117717
0.00116817
-0.00138187
-7.38835e-05
1.42745e-05
1.47693e-05
0.00153524
0.00512746
0.00119837
-6.14928e-05
0.0180901
0.00160179
0.00137052
-0.00020779
0.00997932
0.00150614
-0.00309627
-0.000374673
0.00879504
-0.00123326
0.00219344
0.0102569
-0.000209851
0.00128328
0.00135183
7.5448e-05
2.35817e-06
-7.40731e-05
3.50949e-06
-3.05283e-07
0.00300517
3.62102e-05
-0.0031264
0.003392
-0.0101092
0.00224637
-0.0314347
0.00439251
-2.65171e-05
0.000238768
-1.15648e-05
-0.00149987
0.00809246
9.01893e-07
-0.000560603
2.48345e-07
0.0132874
0.010332
0.00311181
0.000295617
-0.00058932
-0.00149082
0.000459205
0.000787323
0.0016904
0.0052915
6.36704e-05
0.00136895
0.0181796
0.00159504
-0.000192993
0.00135566
0.00028066
-0.0195058
0.000949924
-0.000219698
-0.000678843
0.00100143
-0.00106926
0.000398317
-0.00580998
0.00447587
0.000473233
-0.000905502
-3.68282e-06
0.000143553
0.00151961
0.00231462
2.95922e-05
0.000183498
-0.000802091
0.000750246
-1.11797e-10
0.000160492
0.00127754
-0.000777406
-3.70892e-07
0.000205878
0.00358083
0.00149168
-1.12875e-06
-0.000680612
-0.000607727
0.00290191
-2.95972e-10
0.000857317
-0.00146852
0.00130702
-9.93823e-06
0.00314145
-0.000242956
6.65569e-05
0.0103165
0.00128587
0.0019347
0.000223232
0.040965
0.000850042
0.000444774
0.00181442
0.00165435
-4.93094e-06
-0.000572504
-0.000572685
0.00826238
7.03136e-05
-0.00040186
-0.000402061
0.000172311
-8.91619e-05
-3.25197e-05
-4.46369e-05
5.34398e-06
0.000130211
0.000146034
0.0001457
0.000293666
-0.019479
0.00101212
-0.000203281
0.000100654
0.00023803
-0.00224213
-0.00018313
-0.00594711
0.00434375
-0.00109767
0.000344401
-3.71283e-06
0.000144338
0.00151807
0.00230594
-2.51627e-07
0.000205849
0.00148962
0.00359904
-1.20616e-06
-0.00068779
-0.000615858
0.00290421
0.0102814
0.00125757
0.000202885
0.00186488
0.0410114
0.000917751
0.0018602
0.000483526
0.00421406
-0.0011893
0.00327135
0.00130773
0.00603896
0.00837364
0.00106379
-0.000856456
0.0133055
-0.000241423
0.00425374
0.000956768
0.000107165
-0.00445357
0.00770907
0.00525506
0.00391418
-0.0012548
0.00327851
0.00130755
0.000135411
-0.00442152
0.00780336
0.0050939
0.0132786
-0.000242078
0.0043463
0.000961789
0.00604047
0.00839527
0.00106876
-0.000859305
3.7297e-05
0.000227943
0.00015871
4.59889e-06
3.1789e-05
1.29063e-06
-6.22394e-05
3.87377e-06
2.37344e-06
-9.12047e-05
3.91223e-06
-6.72875e-05
-0.000393438
4.78985e-05
5.04478e-06
0.000326456
0.00323944
0.00377246
0.000706951
0.0115528
0.00287869
0.00166068
-4.91779e-05
-0.00119026
0.00279506
0.00164809
-3.49483e-05
-0.00119027
0.00330602
0.0037088
0.000691521
0.0115559
-0.000144285
0.000137468
0.00910974
-0.00881027
0.00691445
-0.00981685
-0.00201003
-0.0069421
-0.0097993
0.00721504
-0.00708075
-0.00206483
-3.13401e-05
-0.00017652
-0.00884712
0.00905687
-0.00262175
-0.000214003
-0.00018237
-0.0187965
0.00471335
-0.00181749
0.000967574
-0.0190608
1.10393e-05
0.0142749
0.000151106
-0.000380076
-5.09181e-05
0.00996466
4.65958e-05
-4.7524e-05
-0.00263419
-0.000256159
-0.00019776
-0.0187874
-5.1226e-05
0.00994548
3.94984e-05
-5.07814e-05
8.66719e-06
0.0142732
0.000151441
-0.000374671
0.00467419
-0.00153809
0.000998417
-0.0191025
-0.00106573
-3.54917e-09
0.000741804
0.00156291
9.1206e-08
3.06949e-05
0.00100444
0.000152503
1.10031e-07
-6.96458e-07
-8.22462e-05
5.33203e-07
-0.000325352
-0.000616448
-0.000166396
5.693e-06
0.0507754
0.000512539
3.27781e-05
0.00155221
0.0359209
0.000268771
0.000260975
0.000609497
0.000288357
0.0359555
0.000627183
0.000264702
0.000515545
0.0506781
0.00156092
-4.62781e-05
0.00165318
-0.000318877
0.00463812
0.00415642
2.91661e-05
-0.00313563
0.00267926
0.00100898
0.00124555
0.00184481
6.5292e-05
0.000842559
0.000493055
4.3944e-05
6.73633e-05
0.00179612
0.00165318
-0.000320773
0.00465266
0.00411855
0.000466281
6.97916e-05
5.04545e-05
0.00177159
0.00143839
0.00196394
0.0001544
0.000957927
0.00011492
-0.00306346
0.00271698
0.00102672
0.000803215
-5.73335e-06
0.00226431
1.14563e-06
0.000802569
-5.64761e-06
0.00226449
1.13011e-06
-0.000143849
0.0029323
1.30592e-06
-0.00015732
-0.00014319
0.00319216
1.29293e-06
0.000426121
0.0133959
3.08218e-05
0.000503472
0.00189065
-0.00804279
0.00461777
0.00126302
0.00172835
-0.0078014
0.00488249
0.00143506
0.0019039
0.0134102
2.70137e-05
0.000504392
0.00189143
0.0053605
7.42281e-07
0.0114167
-0.0252916
3.60626e-07
0.00520832
-0.0252919
0.0115095
-0.00781599
0.00385151
0.00186654
-1.97879e-06
0.0038398
-0.00780312
-1.68103e-06
0.00186681
0.00543996
0.0144436
0.000114637
0.05621
0.0394566
0.00105825
0.0223808
0.0151847
0.0081723
0.0218179
0.00871605
0.0160222
0.00367584
0.00767942
0.00381668
0.0181976
0.00871914
0.0172685
0.0180746
0.00256544
0.00530008
0.00764065
0.00472972
0.00243531
0.00011198
0.0563103
0.00539944
0.0144533
0.0394838
0.00105871
0.00793687
0.0218313
0.0223651
0.0152041
0.00877941
0.0157865
0.00379007
0.0182653
0.00385716
0.00755572
0.0089976
0.0172213
0.00547462
0.00786724
0.0177754
0.00247478
0.00484739
0.00238107
0.0415816
5.98232e-06
0.029716
7.07774e-06
1.01063e-06
1.77621e-05
-0.000122116
2.40842e-05
0.00542904
0.000385549
0.00790418
-6.56196e-05
2.80829e-06
0.00192057
-1.61575e-06
0.00175404
-0.0127874
0.0138282
-5.84795e-05
0.00011723
-0.0030356
0.00708876
0.000971841
-8.95041e-06
0.00178779
0.00123404
0.000631113
0.000186131
-0.00459371
0.00530907
0.000129049
-7.18459e-06
0.0414128
6.5384e-06
-0.000122718
2.42598e-05
0.0297118
7.12841e-06
6.92885e-06
1.79767e-05
0.00542501
0.000385712
-2.39361e-06
-0.00246333
0.00790136
-6.6351e-05
1.81106e-06
0.00191891
-0.0204526
0.00625341
0.00112858
5.11394e-05
-2.63978e-05
0.0001247
-0.00308572
0.00709555
0.00179341
0.00123974
0.000115299
-7.03199e-06
0.000610086
0.000170392
-0.00463833
0.00527578
0.0118546
0.0088672
0.00328283
0.0143235
-0.00228274
0.00294419
0.00545747
0.000352717
0.000166445
0.106464
0.000148938
0.106499
0.00026598
-0.000133539
2.03848e-05
6.03191e-05
0.0487028
0.00112915
0.0463088
0.00121386
0.00224133
-9.24316e-05
3.59434e-06
-2.89871e-07
0.0197539
0.0199121
0.0153847
0.00998362
0.00203625
-0.00130513
-0.00216422
-0.00724122
0.00305453
0.0315395
0.00304922
0.0315367
3.63775e-05
4.00908e-05
0.000112669
0.000112668
0.00756659
0.00939638
0.00978141
0.00745263
0.00144469
-0.00193756
-0.00384966
0.000109205
0.00591804
0.0248724
0.00599166
0.0248493
0.000341708
0.000411069
0.00014775
-7.71992e-05
0.00906634
0.0275517
-0.00504277
0.0509171
0.00186598
0.00262818
-0.00993457
-0.0107626
0.0028413
0.00730095
0.00295221
0.00756904
0.00183367
0.00177455
-0.000229929
-0.000313311
0.00150552
0.0383343
0.00911443
0.0283726
0.00324251
0.000666283
-0.00271282
0.000279699
0.0101972
0.00734602
0.00326434
0.0144245
-0.00218223
0.00275269
0.000344805
0.00545772
0.0486848
0.00112904
0.0463911
0.00121368
0.00223711
-9.78658e-05
3.60157e-06
-4.24669e-07
0.0198413
0.0201961
0.0154191
0.00989996
-0.0011538
0.00211056
-0.00169706
-0.00795887
0.00760234
0.00907108
0.00975563
0.00744502
0.00153307
-0.00190665
-0.00334063
0.000120894
0.00910917
0.0273242
-0.00501854
0.050892
0.00277911
0.00198565
-0.0107358
-0.0100281
0.00150865
0.0383648
0.0098577
0.0283109
0.00147943
0.00325354
0.00026683
-0.00269547
0.0233866
-5.39728e-06
0.0170722
0.000116878
-1.84144e-05
-2.59636e-07
-0.00157256
3.89843e-05
-0.000638712
-0.000180539
-2.94323e-05
-2.96503e-06
-0.000438844
0.00261569
0.00140416
0.00292313
-0.000129427
-1.1087e-10
-0.000127327
-5.09549e-11
-0.000947522
0.00103756
0.00104892
-0.000733571
-0.000157676
0.000443856
7.39241e-05
-7.96289e-05
0.00337904
0.00157455
0.000937405
0.00227654
-0.000494666
0.00196139
-0.000595326
0.00199269
-0.00174901
0.00139046
-0.000530833
-0.00113314
-0.00397532
0.00494515
-0.0106267
0.00520793
0.00338392
-0.00138165
-3.69955e-05
0.000263639
-0.000121966
-7.00944e-06
-0.000114824
2.89519e-05
-4.44972e-06
-4.33815e-06
7.69458e-05
0.000101158
0.000127104
8.37457e-05
0.000122518
8.42159e-05
7.556e-05
7.88195e-05
0.000267953
0.000267862
0.0250727
0.00134868
0.0170711
0.000118595
-3.55654e-07
-1.08762e-05
6.633e-06
1.06843e-06
-0.000610841
-0.000170413
-2.31825e-05
-4.45687e-06
0.00261328
-0.000405922
0.00139077
0.00292346
-0.000135261
0.000456949
8.69245e-05
-8.09136e-05
0.00157215
0.00340067
0.000934133
0.00226207
-0.00395971
0.00494701
-0.0106026
0.00522052
-0.00138933
0.0034
0.000285221
-4.51173e-05
-0.00109293
-0.00160211
0.00157277
-2.94525e-05
0.00368118
0.00156256
0.00301819
0.00385259
-0.00111016
-0.00161294
0.00157346
-3.6072e-05
0.00150557
0.00364851
0.00385344
0.00301255
0.000388099
-0.000223552
5.08097e-06
-3.9248e-07
3.69474e-06
-3.75974e-07
-0.000296336
0.000500819
-0.000187092
-0.00018699
-0.00908547
0.00142027
0.0014273
-0.00908543
-0.000356173
-0.000364616
0.00640969
0.0045683
2.47085e-05
2.47085e-05
-0.0024438
-0.00250939
0.00528304
0.00677843
-0.000135635
7.80186e-05
0.00179396
0.00187395
0.00301644
0.00148161
3.66999e-05
0.000143129
-0.000135247
7.82066e-05
0.00179341
0.00187602
0.00148295
0.00300584
3.53567e-05
3.71992e-05
-0.00297753
-1.78779e-10
0.00107267
-0.000667082
-0.0010341
0.000419233
-0.00283618
-0.000154155
0.000561921
0.000572932
0.000230674
0.000250553
-0.000589748
-0.000590256
0.00057585
0.00057854
0.00205935
0.00586383
0.000348286
-0.00134688
-0.00209248
0.00122403
-1.03463e-06
0.0026645
0.00582831
0.00208374
0.000390633
-0.00134669
0.00123351
-0.00209654
4.69385e-05
0.00264438
2.41466e-07
2.122e-07
-0.000560492
-3.38071e-08
-0.000560535
-5.92128e-08
3.91979e-07
2.82771e-07
0.000385805
0.000385681
0.00140193
-9.14236e-05
-4.58609e-05
0.00139267
0.00018627
0.000182197
-0.0309044
0.00635345
0.000113566
0.000113189
1.09114e-05
1.08524e-05
-0.0309046
0.00635366
0.000695922
0.00561396
-0.00100701
-0.0048572
0.000182338
0.000116649
-0.00172614
0.0109082
0.00331067
0.00257448
3.13867e-05
3.65405e-06
0.0030738
0.00214243
-0.000268675
0.0127409
0.00028418
2.97403e-06
0.00967022
0.000849214
-0.000298452
0.000763191
0.000638767
0.001259
-0.00248485
-0.000376598
-0.00431656
-0.000976876
0.00128578
0.000496782
0.0138087
0.00134643
0.00502604
0.00245577
0.00409
-0.00164482
0.00524664
-0.000296218
-0.00922548
5.88781e-05
0.0043342
0.000388267
0.00631577
-0.000639303
0.00189164
0.000478961
-0.00344769
0.0349943
1.4888e-06
-5.07021e-05
-0.00161891
0.0108325
0.000773615
0.00533525
-0.00186171
-0.00483075
0.00320669
0.0025766
3.11128e-05
3.65512e-06
4.4174e-05
1.92865e-06
0.0097492
0.000849285
0.00315486
0.00263105
-0.000235157
0.0129759
-0.00030435
0.000761585
0.000995565
0.000680583
0.00133654
0.000635113
0.0137551
0.00133347
-0.00254815
-0.000696195
-0.00448864
-0.000873643
0.00516288
0.00249319
0.00408113
-0.00174648
0.00436215
0.000304429
0.00628031
-0.000589657
0.00507836
-0.000341459
-0.00917962
4.95184e-05
0.00179902
0.000429672
-0.00346566
0.0347899
0.0189194
0.00202168
0.000931042
3.80925e-06
-2.3787e-05
-7.37523e-06
1.57471e-07
0.000776607
0.00147874
-0.00785546
-0.0018977
-0.0185939
0.000406138
0.000564894
-0.000942843
0.00143353
-0.00597264
-0.0167985
2.52796e-05
0.00841723
2.9147e-06
-9.98527e-05
1.7609e-06
-5.01473e-07
0.00574272
-0.0215019
-0.0017088
-0.0150578
-0.000196385
-0.000450261
0.000254622
9.89693e-07
-0.000502439
0.000186881
0.0181199
0.000517558
0.0109081
-2.94694e-05
0.00832339
6.47772e-05
2.01365e-06
-1.06221e-05
4.60223e-06
-6.66042e-06
0.0197208
0.000648532
0.0441673
0.00320779
2.08568e-06
0.00102251
0.0100744
0.00399919
0.00810721
0.000161432
0.00126741
0.00084894
-9.67442e-05
-0.00123665
-0.00185459
-0.00120982
0.0399336
0.000728752
0.0677842
0.00105383
0.018924
0.00202403
0.000931248
3.85676e-06
0.00102345
-5.63977e-05
2.57085e-05
0.000932807
-2.49453e-05
-1.37785e-05
5.36537e-08
0.00240163
0.00149184
-0.00780549
-0.00189817
-0.0185911
-0.00597244
-0.016922
2.53515e-05
0.00847831
-1.19737e-06
-0.000155371
0.000252191
1.07217e-06
2.94088e-06
-0.000100158
1.85885e-06
2.21266e-07
0.0058817
-0.0213761
-0.00171106
-0.0150523
-0.000509856
0.000225127
0.0182083
0.000470041
0.0198451
0.000645695
0.0440686
0.00319497
0.0109091
-3.41922e-05
0.00834474
6.47458e-05
-5.72542e-06
-5.79861e-06
-1.16189e-05
-6.00613e-06
1.44193e-06
0.00173503
0.00994846
0.00394746
0.0399794
0.000732057
0.067767
0.00105792
0.00813769
0.000161638
0.00127432
0.000848791
-0.000101574
-0.00123892
-0.00184656
-0.00118428
0.00166094
0.00591767
0.00921972
0.0030565
0.0235753
-0.0131616
-0.00202367
0.00762335
3.34207e-05
3.36029e-06
4.78886e-06
3.30018e-05
-0.0144635
5.33534e-05
9.2744e-05
-0.0144639
-0.000800186
0.00231472
0.000272016
-8.32833e-05
0.000197515
-8.79246e-05
-0.00035265
0.000273445
0.00208992
5.20313e-05
-5.68374e-05
0.00263945
-0.000683537
0.00993308
0.00132551
0.00163778
-0.000127191
-0.000462794
-0.000462676
-0.000126324
-0.00646173
0.0171714
0.0171712
-0.00646178
0.00341966
0.00167758
0.000243574
-0.000148505
5.78916e-07
0.0133953
0.0058636
1.76875e-06
0.0143469
0.0030233
0.0029741
0.0143379
0.00050208
0.00636387
0.00622341
0.000487944
0.0169254
-0.00908245
0.00840245
-0.0056218
0.0106542
0.00146681
0.00111191
-1.10171e-05
-0.00236478
0.00168338
0.00164982
-0.00239591
-0.00700391
-7.25579e-05
-7.29639e-05
-0.00708342
0.00282495
0.000337089
0.00371535
-0.00490627
0.0157807
0.00217966
0.00206087
0.0152039
0.00591457
0.00166205
0.00308577
0.00899704
0.0114163
-0.00203849
-0.0131856
0.0234507
0.00231547
-0.000796214
-8.86296e-05
0.000257798
2.21367e-06
-7.18003e-05
-7.64586e-05
2.08078e-06
0.0026913
-0.000842434
6.50557e-05
0.00211776
0.0101608
-0.000717361
0.00163465
0.00122319
0.00226273
0.00354583
-9.44871e-05
0.000226303
0.0134699
6.01157e-07
1.48955e-06
0.00547357
-0.00612039
0.00795263
-0.00921515
0.0170837
-1.85721e-05
0.0011258
0.00152053
0.0105895
-0.00424765
0.00365354
0.000289931
0.00266156
0.0152444
0.00204945
0.00218489
0.0157916
-0.00234434
-0.0201845
-0.0194965
0.00244351
0.00148804
-0.00055317
-0.000871125
0.000541494
-0.0103946
0.000659677
-0.00961344
0.000792483
-0.00022936
-1.82108e-05
-2.03554e-05
-7.69616e-05
0.000230717
-4.77679e-06
-4.64965e-06
0.000233544
-1.36922e-10
5.90876e-05
0.000205407
1.31534e-06
-0.000198275
0.000838404
0.000405595
2.52989e-05
0.00552944
-0.00119427
-1.38555e-07
0.000125073
-0.000481381
-0.000369505
-0.000188604
-0.000290448
-5.99257e-06
0.00225298
0.00225313
-6.01016e-06
0.0159591
0.000590859
0.000165576
0.0113483
0.0465943
0.000835833
0.00107209
0.0383024
0.00161686
-2.99493e-05
-7.61267e-05
0.00161451
0.00032885
0.00728189
0.00732906
0.00033037
8.04518e-05
-1.42372e-05
-1.16813e-05
8.60039e-05
0.000262748
8.42699e-05
8.39004e-05
0.00025389
-0.0201811
-0.00234735
0.00243694
-0.0195061
-0.00157968
0.000774666
-9.95704e-06
-3.76928e-07
0.000798748
-0.00960923
0.000666411
-0.0103598
-1.7498e-05
-0.000229415
-7.84671e-05
-1.86175e-06
3.31087e-05
0.0004039
0.00083891
-0.000175787
-0.00120803
0.00558362
0.000109445
-4.93015e-08
0.0113469
0.000165323
0.000597416
0.0124616
0.0383002
0.00108041
0.000876784
0.0465617
0.0275631
0.0543871
0.00304831
0.00694226
0.0499523
0.00119992
0.000994997
0.0507879
0.00215454
-0.000994519
0.00450015
0.003407
0.00191884
0.004327
0.00845169
0.00492198
0.0421942
0.000508474
0.0136473
0.0667583
0.000247026
-0.00939778
-0.0109526
-0.0127586
0.00279128
0.000755748
0.00092893
0.00651151
0.0478633
0.0475736
0.00142416
-7.52965e-05
-0.0121954
-0.0285709
0.0119161
0.0096106
-0.000778592
0.0158398
0.0163777
-0.00502182
0.00202101
0.00262829
-0.00268094
-0.000597033
0.00341298
1.16697e-06
0.000240342
-0.000707317
0.00738231
-0.000153484
0.00216111
0.0185257
0.00835944
0.011848
0.0105462
0.00935376
-0.000202052
0.016061
0.0119528
0.000325409
0.00743352
0.0127585
-0.00152379
0.00383012
0.0275613
0.00681726
0.00284608
0.0543591
0.00103018
0.00490344
0.00830954
0.00392645
0.00219101
0.0034059
0.00450253
-0.00102013
0.0499444
0.0507592
0.000983027
0.00122486
0.00742383
0.0185852
0.00222264
-0.0001725
0.0074286
0.0037258
-0.00169755
0.0127679
-0.000221721
0.000336876
0.011873
0.0159755
0.00814336
0.00916379
0.0103388
0.0116854
-0.00923175
0.00963129
0.0119125
-0.0314802
0.00341264
-0.000773876
0.000240304
-9.42614e-07
0.00200961
-0.000728575
-0.00269978
0.00256629
-0.000757001
-0.00501988
0.0162806
0.015826
0.0421812
0.066759
0.0136604
0.00051446
0.0478657
-6.94738e-05
0.00143555
0.0476085
0.00280806
0.00644417
0.000927295
0.00074725
0.000261191
-0.0127356
-0.0109272
-0.00945055
0.00152995
0.000335249
0.000241908
0.00110353
0.000373653
0.000335634
0.000174721
0.00030025
0.000418456
0.000218508
0.000182704
0.000364075
0.00115313
0.0011115
0.00018762
-0.000285694
0.00152946
0.00110341
3.24068e-05
0.000113101
0.001153
5.78836e-06
5.59242e-06
0.00111124
-0.00023834
-0.000197907
-6.31357e-05
-6.93753e-05
2.50767e-05
8.49933e-05
-2.46018e-05
-0.000125234
-0.000241981
0.00139702
0.000421812
0.00166681
-0.00125433
-0.000853138
-0.000153019
0.000278754
-0.000278513
-7.56168e-05
-6.79479e-05
-0.000215148
0.00119199
0.00124057
6.15988e-06
1.77887e-06
-0.000242391
0.00166665
-8.47563e-05
0.000712492
0.00119215
-0.00033204
-0.000369015
0.00124084
0.00047008
0.000630641
0.000305083
0.000251648
0.000946868
0.000934176
0.000493565
0.000941835
0.0191563
0.0209406
0.00887804
0.00150778
0.0301932
-0.00286988
0.00875813
0.0251354
-0.0106129
0.0143225
0.0141238
-0.00395019
0.00610399
0.00728252
0.0038464
0.00396382
0.00908644
0.0198439
0.0133415
0.0951819
-0.000148391
0.00145845
0.00126879
0.00154563
0.00110453
0.00230447
-4.58133e-05
-0.000759768
0.0310739
0.0696176
0.00141655
-0.00495019
0.00537718
0.0871935
0.013351
0.0198436
0.0309239
-0.00494452
0.00142076
0.0694475
0.00110798
-0.000759542
-8.28949e-05
0.00215634
-0.000145024
0.00154214
0.00126289
0.00145571
0.0191774
0.00154305
0.00889735
0.0209262
0.00613886
0.00399432
0.0039036
0.00732499
-0.0106129
-0.0039794
0.014115
0.0143184
0.0300295
0.0250285
0.00861816
-0.00295793
0.040698
0.0180862
0.00164991
0.0791678
0.00735088
0.0163965
0.00688494
0.0135036
0.00504809
-0.0121095
-0.0117461
0.00254355
0.11025
0.0953162
-0.00856078
0.000134062
0.0219187
0.0323011
0.00958912
-0.00384972
0.0273794
0.00211326
-0.00276684
0.0226299
0.00710607
0.00151129
0.00166055
-0.00731138
0.015475
0.0194053
0.00871746
0.0111762
0.0218127
-0.00442778
0.00971635
0.0321924
0.0155524
0.0111945
0.00873362
0.019383
0.00728332
-0.00734599
0.00164692
0.00165184
0.0274193
0.0226524
-0.00272565
0.00209964
0.0407076
0.0791082
0.00119631
0.0180813
0.110533
0.000153276
-0.00847223
0.0953806
0.00523246
0.00273619
-0.0117826
-0.012111
0.00653824
0.0127584
0.00682149
0.0164181
0.0317775
0.0275558
-0.0023537
-0.00134491
0.0220517
-0.00103197
-0.00268157
0.0245086
0.00210077
0.00151307
-0.0196806
-0.0198351
0.00132091
-0.0184913
-0.0186951
0.00146191
0.00596061
0.00312513
0.00523842
0.0101143
0.00261656
0.003546
-0.0208495
-0.0236325
0.00272645
-0.0194426
-0.0185511
0.00367764
0.0188904
0.0146979
0.00371781
0.00136215
-0.00371619
-0.00770171
0.0111983
0.00532947
-0.00843983
0.0163295
0.0123086
-0.0106401
0.00157244
0.00169886
-0.000192194
0.000956665
0.00174565
0.000275086
0.000162534
0.00153167
-0.00376048
0.00771707
0.00912068
-0.00383357
0.00325074
0.00261897
2.2231e-05
4.10431e-05
0.0017558
-1.89366e-07
7.75795e-05
0.00200137
-0.00597776
-0.00377134
0.010759
0.0122018
0.031753
-0.00134596
-0.00235029
0.0275532
0.00130817
0.00145338
-0.0186893
-0.0184884
0.00210094
-0.019822
-0.0196744
0.00151246
0.0228585
0.0253539
-0.00268001
-0.00102688
-0.00377062
-0.00388024
0.00918703
0.00771453
-0.00597927
0.0121972
0.01075
-0.00386223
0.00176563
0.00199682
7.40593e-05
-1.34119e-06
0.00325162
4.1202e-05
1.78104e-05
0.00261472
-0.00374292
0.00533124
0.0111958
-0.00774193
0.00173994
0.00153163
0.000163063
0.000275173
0.00157232
0.000960492
-0.000188137
0.00170324
-0.00839982
-0.0106698
0.0123429
0.0129095
0.00593426
0.0101117
0.00527951
0.00324206
0.0188577
0.00136531
0.0036949
0.0146961
0.00272738
0.00368078
-0.0185762
-0.019436
0.00262837
-0.0235404
-0.0208697
0.00355962
-0.000121926
-0.000891059
-0.00100427
7.20056e-06
0.000952899
0.00116323
0.00149822
0.00136892
-0.00164156
-0.00127012
0.00195531
0.00146817
-0.00120217
0.00112855
-0.000367933
-0.00256501
-0.00012173
6.54178e-06
2.83086e-05
1.38828e-05
0.00029574
-0.00111372
0.00131067
0.00274037
-0.00376404
-0.000647548
0.00117953
-0.00221562
-0.000690827
0.00089952
0.000968637
-0.000755488
0.000124645
-2.31499e-06
-2.06962e-06
-1.92824e-05
-0.00188936
-0.00160877
-0.000118562
0.000402238
-0.000982446
0.000113999
-4.60949e-05
-0.00172594
4.02737e-05
6.87398e-05
-3.83432e-07
4.9196e-05
0.000144052
-2.15475e-05
-0.000261695
-0.00013388
8.40599e-05
-0.000775716
-0.000831743
6.83997e-05
0.000662107
0.000960254
0.000273412
0.00077147
-0.00102814
-0.000620053
-0.000222289
0.00134874
0.00626295
0.00654366
0.0495956
0.0347692
0.00438071
0.0440742
0.0500845
0.00547215
0.000929865
-0.000465205
0.00119258
0.00223442
5.35678e-05
0.00232894
0.00791675
0.00830039
0.00432792
0.0415088
0.0383179
0.0048928
0.000318669
0.000203915
0.000845056
0.00103058
0.000413289
0.0017105
0.000968125
-0.000492423
0.00457911
0.00563349
0.0371041
0.0400636
0.00431163
0.00486515
0.0383384
0.0415113
0.00458713
0.0400804
0.037087
0.00563134
0.000414896
-0.000491181
0.000978282
0.00173727
0.000320321
0.00103168
0.000856689
0.000206911
0.00624894
0.0346023
0.049566
0.00654398
6.96989e-05
0.00831268
0.00794201
0.00236241
0.000941672
0.00227453
0.0012033
-0.000457182
0.00437544
0.00547719
0.0494959
0.044138
0.00510157
0.00320362
-0.00258674
-0.00216372
0.00769831
-0.000570912
0.00148698
-0.0276396
0.00625454
-0.00865537
0.00479587
0.000607693
0.00140766
-0.0244549
-0.00480605
0.000168777
0.0215949
0.0186479
-0.00209928
0.00965017
0.0168825
0.0111623
0.00338275
0.0216354
-0.000289232
-0.00157911
0.00179388
0.00288928
0.00903973
0.0075597
-0.00160982
-0.00157723
0.0148871
0.00444361
0.00523815
0.0171665
0.00608867
0.00499973
0.00236913
0.00068375
0.00260208
0.00297997
0.00190809
0.0033972
0.0162956
0.0160577
0.000975855
-0.000274511
-0.00052398
0.00196092
0.000841739
0.00546831
0.00198386
0.00257119
0.00132244
0.000582776
0.000297988
0.00479392
0.00298596
0.00295688
0.00792282
0.00821449
0.00081329
0.00114546
0.0050723
-0.00213348
-0.00259311
0.00314611
0.00140655
0.000164238
-0.00480122
-0.0242174
0.00631662
0.000620673
0.00482708
-0.00837222
0.00771721
-0.0278856
-0.00212568
-0.000628551
-0.000511255
0.0054566
0.000845894
0.00195945
0.00823865
-0.00495701
0.00116546
0.00856059
-9.10214e-05
0.00295147
0.00294168
0.00489688
0.00198243
0.000557439
0.0013101
0.00257733
0.0149256
0.0171347
0.00531784
0.00444866
0.0163803
0.000366763
0.00133052
0.0161334
0.00261805
0.00347838
0.00193572
0.00287693
0.0060597
0.000643783
0.00240245
0.00477119
0.0218687
0.00961054
-0.00202502
0.0187569
0.00913091
-0.0015781
-0.00158518
0.00757316
-0.000247322
0.00281419
0.0017813
-0.0016003
0.0169397
0.0216924
0.00344447
0.0110107
0.00212855
0.00266352
0.000522545
0.000679809
6.96148e-05
-0.000394459
-5.14217e-06
0.00135842
-0.000560125
-0.000559748
0.00225986
0.00261133
0.00782093
-0.0199337
0.00936963
0.010237
-0.00209956
0.000680287
0.00052104
-0.000141449
0.00735269
0.0102205
0.00940708
-0.0199402
-0.000560252
0.00324506
0.00226005
-0.000559792
-6.07594e-05
0.00220706
-5.10149e-06
-0.000538204
0.0321872
0.00672069
0.00135162
0.0117163
0.00327854
-0.000160346
-0.000133913
0.0032765
1.27579e-07
1.09865e-06
-0.000309
-0.000587022
0.00696265
0.0108675
0.00477983
0.0067828
0.0323046
0.0119735
0.00160224
0.00683889
0.00721694
0.00703152
0.00510475
0.0111572
1.2345e-07
-0.000586953
0.000276401
1.37515e-06
0.00327942
0.00340767
-0.000133172
-0.000159835
0.00198158
0.020619
0.0436818
0.0659614
0.032056
0.0182165
0.0146037
0.0265954
0.0013772
0.000285414
0.00223237
0.0033805
0.000175309
0.000817582
0.00158848
0.000233639
-0.00552568
0.0139706
0.00979461
0.0413175
0.00107855
0.00143826
-0.00456549
0.004397
0.000662072
0.0018408
0.00390526
0.00237708
0.043783
0.0648238
0.0344496
0.0167457
-0.00565689
0.0415293
0.00986825
0.0140656
0.0437951
0.0167675
0.0342971
0.0647428
0.000657934
0.00236995
0.00400292
0.00182875
0.00106009
0.00437117
-0.00450544
0.00140546
0.00198905
0.0659336
0.0436788
0.0205756
0.000175509
0.000233319
0.00158432
0.000816199
0.00137299
0.00336984
0.00223024
0.000283101
0.0319964
0.0265484
0.0146801
0.0182261
0.0217407
0.0338683
0.00566944
0.0187986
0.0308188
-0.00675213
-0.00255075
0.0311109
-0.031868
-0.0296948
0.0148916
0.0162986
0.0142851
0.0324859
0.0167907
-0.0337407
0.021754
0.0188293
0.00549143
0.0338182
0.0144867
-0.0335283
0.0168247
0.0326375
-0.0318677
0.0162987
0.0148801
-0.0297033
0.030797
0.0311013
-0.00129601
-0.00675213
0.0219326
0.00358668
-0.00309973
0.00392296
0.0108992
-0.00445657
-0.0063098
0.00236853
0.00644991
0.00688643
0.00175093
-6.25262e-05
0.00994354
0.00972908
0.0022484
-0.000213849
0.0217872
0.00391403
-0.00312038
0.00344975
0.010085
-0.000167507
0.00220122
0.00990566
0.00644971
-6.21851e-05
0.00175456
0.00688574
0.0108311
0.00232553
-0.00634305
-0.00449653
