-0.605
0.175
-1.84681
-0.836399
0.245
1.635
-0.595
0.415
-1.82609
-0.765
0.655
1.75216
0.635
0.175
-1.84797
0.81816
0.265
1.675
0.615
0.414863
-1.835
0.795
0.655
1.75163
0.0909799
0.123121
0.17922
0.141914
0.0881382
0.12131
0.183624
0.143167
0
0
0
0
0
0
0
0
0
0
0
0
0
0
0
0
0
0
0
0
0
0
0
0
0
0
0
0
0
0
0
0
0
0
0
0
0
0
0
0
0
0
0
0
0
0
0
0
0
0
0
0
0
0
0
0
0
0
0
0
0
0
0
0
0
0
0
0
0
0
0
0
0
0
0
0
0
0
0
0
0
0
0
0
0
0
0
0
0
0
0
0
0
0
0
0
-0.0463399
0.0288269
0.00155632
0.0132204
0.0368615
-0.00753842
0.066543
0.149166
0.115683
0.0695083
-0.0504889
0.0141762
0.0285029
0.0145635
0.127672
0.0511677
-0.0121914
0.0608204
0.000476101
0.0680673
-0.0204712
-0.00310305
0.27109
0.25434
-0.0172269
0.0532403
0.0261329
-0.00294321
0.140595
0.0922974
0.0143769
0.200477
0.10055
0.0113042
0.0242286
0.00388746
0.372512
0.0803224
0.0481305
-0.004571
0.170106
0.237405
-0.0451483
0.018206
0.0304115
-0.00694844
0.0131287
0.00727113
-0.00188862
0.0136554
-0.00297839
0.0129592
0.025928
0.0125239
0.0182914
-0.0457262
0.0163288
0.0149124
0.00635547
0.0166687
0.0121136
-0.00392112
0.00946382
0.0254211
0.0115588
0.00867348
0.0708843
0.000899029
0.0673075
-0.0156351
0.0070539
0.00225833
0.0227167
0.00396883
0.00881738
0.00478957
0.00188241
0.110032
-0.00670842
-0.0187175
0.0016423
0.14064
-0.00563087
-0.00418305
0.00494209
0.0259417
0.0282592
0.00976428
-0.0069967
0.0461745
0.00355764
0.108161
0.0180286
-0.00343723
0.00205873
0.140708
0.0122443
0.0014311
0.0766494
0.0200183
0.00181244
0.0251379
0.0770156
0.00177842
0.0398848
0.0424637
0.0054527
0.137504
0.0261495
0.0123761
0.0183231
0.043919
0.0142911
0.0192218
-0.00211925
-0.0391741
0.0304406
0.116729
0.0723471
0.0201212
0.0510633
0.000331138
0.019233
0.0290573
0.0104142
0.0147606
-0.00337037
0.0263305
0.00551345
0.123987
-0.0227212
-0.00751512
0.00963604
-0.0104449
0.00548115
0.000899585
-0.0357157
-0.00179176
0.0129746
-0.00118452
0.0116815
0.138636
-0.015471
0.0186493
0.032622
0.00144096
-0.00622937
0.00304552
-0.0102296
-0.00316068
-0.00661897
0.026369
0.0198486
0.138704
0.105641
0.0714645
0.0281131
0.0566175
0.10645
0.0461415
-0.00365479
0.0369438
0.0104212
0.00931404
0.0172013
0.00342384
0.0386226
0.0613836
0.0632995
0.0414121
0.00134235
0.0588999
0.0576171
-0.000835897
-0.00558472
-0.0661448
-0.00540187
0.00375911
0.0111336
0.00718588
0.0106954
-0.0319404
-0.00917215
-0.000564297
0.00535329
-0.000714387
0.148789
0.148842
0.149063
0.146493
0.0231122
0.0423698
0.068895
0.0235964
0.0426704
0.00846424
0.0303304
0.0255208
0.00597956
0.0104978
0.0298225
0.0245671
0.142031
0.101803
0.102682
0.145445
0.139249
0.140657
0.0246383
0.0318828
0.0395896
0.0162788
0.0135832
-0.00350939
0.00133046
0.00224699
-0.00177312
0.00524841
-0.00116017
0.0023651
-0.00016554
0.004075
0.0163623
0.0411508
0.0109276
0.00191863
0.000268736
0.0227619
0.00318887
-0.00448721
0.000764052
5.74832e-05
0.00173272
0.0095997
-0.0306842
0.000585173
0.0291625
-0.00861059
0.00903319
-0.00217566
-0.013752
0.0115872
-0.00621272
0.00896068
-0.00109761
0.0491789
0.000482258
0.0062771
0.000531589
-0.0041748
0.0948389
-0.00133753
0.00404319
0.0265026
0.015227
0.00285436
-0.00639476
0.0307868
-0.0187973
0.044639
0.0163464
0.00134957
0.000475138
-0.00486774
0.00667612
0.000494242
-0.000385323
0.000225176
0.0175657
0.007686
-0.0110069
-0.00182062
-0.00314292
0.0576195
0.00682319
-0.00353916
0.0744071
0.00879245
0.0017821
0.00213585
0.0292857
0.0422306
0.00583697
0.00608643
0.00735421
0.0406802
0.000180061
-0.00876398
0.0187315
0.0045821
0.00129705
0.00140633
0.0038975
0.0252716
0.00169732
0.023037
0.0131388
0.0277617
0.00373265
0.00401721
0.0171162
0.0213033
0.00729332
0.0103074
0.0288847
0.0378442
-2.07298e-05
0.000740647
0.0371196
0.0036669
-0.00130898
0.00424424
0.0477959
0.00204158
0.00197592
0.00267926
0.0135486
0.0297877
0.000191036
-0.0170167
0.00196821
0.00546347
-0.00739596
0.00592592
0.000367284
0.0333965
-0.00107818
-0.00866614
0.00675428
0.0370851
-0.0296659
0.000551867
-0.029564
0.00279667
0.00449068
-0.00452933
0.00679809
-0.00543167
-0.000370095
-0.00054327
0.048709
0.000903051
0.000938648
-0.0227445
-0.0296041
-0.0256736
0.013242
0.0141221
-0.0120131
-0.00725548
-0.00398269
0.000641944
0.00719884
-0.0132744
0.00869281
0.00843751
0.00676475
0.0025111
-0.00654945
0.0059822
0.0221245
-0.0187342
-0.000893579
-0.00174411
-0.015319
0.00480308
-0.00891695
0.00271094
-0.0124105
0.00267982
0.0102666
0.00380079
-0.00111824
-8.10136e-05
0.00368072
0.000509702
0.00323248
-0.0138692
0.0196738
-0.00339148
0.000582922
-0.00115703
0.0089748
-0.00296953
-6.21282e-05
-0.00167853
-0.00206063
-0.0101974
-0.00902609
0.000334989
0.00126766
0.00312808
0.00310522
-0.0223752
0.0181286
-5.67881e-05
-7.31253e-05
0.0168866
0.00381801
-0.00187756
8.70975e-05
0.00527469
0.00396807
-0.00195193
-0.000700764
0.00248059
0.000171258
-2.87036e-06
-4.56241e-06
-0.00111676
0.0170677
0.00438554
0.00441944
0.0166407
0.000118964
0.00176588
0.00154847
0.00144268
-0.000475047
0.000661731
-0.00122758
-0.00795238
-0.00133667
0.00765616
0.00719261
-0.00793535
-0.0201286
-0.0689523
-0.067751
-0.0203926
0.000455116
-0.0557961
-0.0169207
-0.00529224
0.0390355
0.00896913
-0.00353015
-0.0263551
0.0371613
-0.00164112
0.0341536
0.080357
0.0153672
0.00235685
0.0166075
0.0108705
0.0132141
0.00256686
0.00322641
0.0385054
-0.00378393
0.0192904
0.0152141
0.0240815
0.0172944
0.0156614
0.0276325
0.0447948
-0.00353881
-0.0269034
0.0485215
0.010512
0.0521173
0.0022305
0.0185553
0.00139759
0.012055
0.0741561
-0.000474375
0.0122079
0.00331388
0.0379456
0.0319186
0.000444809
0.012
0.0135888
0.0178512
0.0150236
0.0154886
0.0173479
0.0241181
0.0522997
0.0349542
0.0156533
-0.0105985
0.000331737
-0.000630029
-0.0252927
0.0500255
0.00432135
0.0220428
-0.00407955
-0.0520218
-0.00190418
-0.068199
-0.00341194
-5.4602e-08
-0.00985532
0.0185422
0.0317777
0.0157577
0.00562936
0.00323544
-0.00298884
0.000796671
-0.00109464
0.00383646
0.0542542
-1.8364e-06
-0.0109942
0.00562433
-0.0114422
0.00412784
0.00464853
0.0420722
0.00986584
0.0408388
1.25296e-06
-0.00188912
0.000882013
-0.00198582
0.00430651
0.00609185
-0.00743911
0.00228683
-0.00718106
-0.0325788
0.00587301
-0.0588828
-0.0205857
0.00116178
0.0258995
0.00181302
-0.00083852
-0.0134139
0.00624834
0.0114356
0.000769736
0.0270265
0.0441294
0.00803305
0.00492586
-0.000381764
0.0120836
0.006836
-0.00971868
-0.00140479
0.00545636
0.000661007
0.000585252
-0.00938638
-0.00714883
0.0272832
0.0263662
0.0228528
2.3607e-06
2.34793e-05
0.00026854
0.00301777
0.00257085
0.0527423
0.00171716
0.00862494
0.00805422
-0.0167538
-0.0163133
0.0025102
0.000286241
-0.00779454
-0.00168287
0.00339968
0.00359522
0.00688251
0.00649005
-0.00146057
0.0285203
0.00494649
-0.000258507
-0.0264638
-0.0253223
0.00122649
0.00168299
0.000194911
0.00643042
0.00264252
0.00482884
-0.0124391
0.00344513
-0.00014764
-0.0017519
0.000340699
-0.00169872
-0.00046255
-0.00344055
6.5994e-05
-0.00211789
0.0457742
0.00179545
-0.0143286
-0.000394599
-0.0060227
-0.0013312
0.0173512
-0.00153786
-0.00207408
0.00439217
0.000926899
0.00018401
0.00583119
0.00238951
-0.00229809
-0.000224118
0.00205678
0.0010568
-0.00297832
-0.000254841
0.00487412
0.00362846
-0.00932412
-0.00237971
-1.00933e-05
-0.00126959
0.00520763
0.00534595
0.000721535
-0.000146384
0.000134648
-0.000638762
0.00771
0.00750187
0.00376509
0.000677248
0.0108347
-0.000226547
0.00255975
0.00243577
0.0132549
0.0136471
0.0246159
0.0242366
-0.0237191
-0.0234151
-0.00215971
-0.00171915
2.34256e-06
0.00111413
-0.000359816
-0.00271897
0.00503194
0.0049845
0.00443087
0.00409272
-0.000131543
-0.0107526
-0.00327047
-0.0031818
-0.000387249
0.0108632
0.0560655
0.0877201
0.01824
0.0212731
0.0289127
0.000366182
-0.00356233
0.0553671
0.0265146
0.0131552
-0.00143591
0.0117583
0.00679625
0.0158198
0.0242076
0.0247521
0.0645895
0.0350192
0.00193326
0.0507446
0.0175637
0.0275263
0.0132251
0.0350184
-0.0120194
-0.0125773
-0.00186126
-0.00108548
0.0505539
0.0431765
-0.00452079
-0.00957411
0.00143211
-0.011055
-0.00991758
0.00584799
0.00338627
0.00152289
-0.00862786
-0.00936427
0.0388499
0.0241701
-0.0104011
0.00448645
0.0470877
-0.00522946
-0.00912379
0.0470568
0.0192092
0.0262274
0.00573999
0.00770861
0.0473283
0.0089311
-0.0135416
0.0271942
0.0511065
0.034295
-0.0132874
0.00881879
0.0179364
0.00755275
0.00584759
0.0279525
-0.0308338
0.00957545
0.0229294
0.0656695
0.0338144
0.0351731
0.0124617
0.00317107
0.0320608
0.0027477
0.011732
0.034898
-0.0312265
0.0661024
0.0218397
0.00452198
-0.014269
-0.0208808
0.00148528
-0.00966562
-0.0954869
-0.0547661
0.00573038
-0.0407052
0.00656375
0.00574516
0.00434363
-0.00390754
0.0192309
-0.000124809
0.0028851
0.00539362
0.00895632
0.0079896
0.00186816
-0.0097247
0.0129768
0.00971174
0.0013922
0.00371828
0.00733621
0.00304161
0.00318207
0.00964072
-0.0660492
-0.0236814
0.00456314
-0.0397371
0.000630003
0.00141049
8.21048e-05
0.0015649
-0.00022685
0.00394653
-0.00119228
-0.000902113
0.00309234
0.00672091
-0.000444793
0.00534656
-0.00281165
0.000435336
-0.000233317
0.00605294
0.0171901
-0.00691077
0.0160227
0.0129519
-0.0250142
0.0360938
0.0252624
-0.0158948
-0.0254033
-0.0164349
0.0247696
0.0358471
0.0195381
0.0128887
0.0159401
-0.00546045
0.0200067
0.0175196
0.00269091
-0.0269997
0.0317001
0.0382639
0.00243559
0.0184527
0.0101862
0.0356236
0.00220844
0.0295611
0.00560282
-0.0245162
0.00491163
0.0330109
0.0238549
-0.00987136
-0.010648
-0.0100791
0.0205616
0.00827963
-0.00673111
0.00887938
0.0261207
0.0118784
-0.000439232
0.012371
0.0126256
0.00204866
-0.000659408
0.00989704
-0.0306729
-0.00186711
-0.000253899
-0.00712682
-0.0211334
-0.00691159
-0.000478349
-0.00144705
0.0312999
0.0224611
0.00624701
0.00757066
0.0250303
0.00612923
0.0061465
0.0195329
-0.00344805
0.0462475
-0.0461196
-0.0335405
0.0634447
0.00980878
-0.0475825
0.0516434
0.0667679
0.0503003
-0.047249
0.0104755
-0.00356441
-0.0290345
-0.0464706
0.0407274
0.0420797
0.00102862
0.035881
0.10714
0.0389455
0.0842053
0.0326741
0.00194056
0.0059028
0.0205525
-0.000925957
0.0259114
0.008637
0.0361036
-8.46867e-06
0.0204623
-0.000677078
0.0162728
0.0177469
-0.000465213
-0.00166997
0.00767357
0.00140959
0.00246854
0.00044542
0.00257254
0.000947984
0.00265456
0.0163556
-0.00068687
0.0141217
-0.000836846
0.000264512
-0.00381647
0.00125916
0.00492542
0.000209948
0.00100311
0.000689619
0.00212098
0.00354522
0.00140009
0.0308628
-0.00899499
0.000794591
-0.00247335
0.0171114
-0.0183692
-0.00246104
0.00430987
0.00963143
-0.0157799
-0.000116954
0.00662465
-0.000106565
0.0172826
-0.0077925
-0.00134232
-0.0008799
0.0241191
0.0143603
-0.0126451
-0.00201041
0.0135312
0.00789369
-0.00745139
0.000960334
0.00786048
-0.000134695
0.0166903
0.00617929
-0.000133676
0.000436511
-0.000270173
0.0262548
0.00759647
0.00454093
-4.90719e-05
0.000291373
0.0506439
0.00740278
-0.00355311
0.0715209
0.00620194
-5.05206e-05
1.13113e-05
0.0147198
0.0293047
-0.0351483
0.00444805
0.00472934
0.0317637
-0.000625665
-0.00122689
0.0143515
0.0121485
0.000129663
0.00035203
0.00538228
7.4814e-05
0.00564523
0.0148801
0.0156648
0.0194476
-0.000112191
-0.000225066
0.0177237
-0.00240551
-0.00338679
0.00197326
0.00871395
0.0148854
9.20925e-09
0.000682159
0.0288561
0.00853346
-0.00133941
0.00193422
0.0435993
0.00204513
7.06042e-05
6.85606e-05
0.0133186
0.0170435
0.00262179
5.36478e-06
0.00278036
0.00665642
0.0100973
0.00417944
0.000651178
0.0272294
0.00073115
0.00133868
0.0161352
0.0192804
-0.0265376
-0.00648599
0.0788935
-0.0146245
0.00964852
-0.00269528
0.0099304
-0.00659161
-0.00939711
0.00216601
0.0246491
0.000902841
-0.000517671
0.0114542
0.020584
-0.0275558
0.0107527
-0.0121219
-0.00529524
-0.00842468
0.0061626
-0.000563986
0.00642479
0.0018335
7.55866e-05
0.00012237
0.000300584
7.61296e-05
0.00710887
-0.00269737
0.0219648
0.0170999
-0.025731
-0.00200849
-0.0142778
0.00565248
-0.00951908
0.00156066
-0.00533275
0.001504
-0.0132524
0.000158192
0.000467296
-0.000488675
0.0014552
-0.000603319
0.00321888
-0.00131558
-0.000977107
-7.81902e-05
0.000350791
0.000518748
0.00179913
-5.66956e-05
9.61977e-05
1.73864e-05
0.00168198
-0.0122926
0.00489672
0.00139951
-0.000752178
0.000777692
0.00254172
0.00761584
0.00062038
-2.44223e-05
-4.98653e-05
0.000227536
0.00304589
7.57724e-05
-4.34313e-05
8.66987e-05
0.00212733
-0.000178603
2.81024e-05
4.84582e-05
-0.00190987
-3.34935e-06
-3.31435e-06
-0.0213229
0.000716336
0.0045897
2.48312e-05
0.00074487
8.25113e-05
-0.000200633
0.00157434
-4.15424e-05
-6.48656e-05
0.00273993
-0.00123403
-0.000669776
0.000588797
-0.00459303
-0.00633325
6.51094e-06
-0.0204887
0.0203953
0.0195549
-6.75968e-07
0.00238816
-0.0105317
-0.0164324
-0.00536858
0.000760688
0.000666162
0.0297893
0.00734154
7.91281e-06
0.00451804
-0.000311767
0.0908167
-0.00344597
-0.000628591
0.0410572
0.00274627
0.000313769
0.000983069
0.015081
0.0464598
0.000514818
0.00117999
0.0116722
0.00274377
0.0365995
0.00317395
0.0128397
0.0167061
0.000228133
0.000709504
0.0165507
0.00865053
0.000310395
0.000411781
0.00298848
0.00254789
0.000163901
0.0098492
0.0017174
0.0159298
5.69126e-05
0.00209007
-0.0070401
0.0134651
-0.00122845
0.00104313
0.0213963
0.000388951
-0.00236136
0.0062865
0.00637621
0.0252605
8.51941e-06
0.000411319
-0.000318559
0.0908462
0.000722077
0.0006422
0.0299366
0.00594413
-0.00324257
3.69526e-06
0.0476278
0.00222246
0.000842922
0.000514194
0.015476
0.00267298
9.59132e-07
0.00176999
-0.000218273
0.0566508
0.000328696
-0.000201246
-2.17808e-05
0.0126594
0.000397797
0.000420823
0.00318482
0.00264184
0.000416654
5.01949e-05
0.0199244
0.0101205
-3.73375e-06
-0.00370427
0.00187486
0.0155772
-0.000974296
0.00137177
0.022689
0.000998074
-0.0001363
0.00243431
0.00670593
0.0071846
0.00380938
0.00449955
0.00822626
0.0304663
-0.0294958
-0.0206607
-0.00220399
0.00492137
0.000519129
0.014633
-0.012056
0.0032674
0.0119044
0.00024754
-0.000598225
-0.0252541
0.000456029
0.00519468
0.00566706
0.00330987
-0.00807114
0.0159957
-0.00178335
0.00664033
-0.00069989
-0.0133574
0.0749263
0.000719017
0.021334
0.00241592
-0.0680575
0.00228084
0.00927369
0.00357481
2.42632e-06
0.0114701
-0.000451432
-0.00302359
0.0172264
0.0100908
-0.00011457
0.000425912
0.0128889
0.00289978
-0.00250994
-0.00440761
0.00239551
-0.00519552
0.017921
0.00781568
0.00249407
-0.000930267
0.000356836
-0.00912071
0.00500218
0.0278711
-0.000193431
-0.000118897
-0.000985535
-7.8066e-05
0.000580202
0.000852626
0.00583632
0.00405199
0.00173043
0.0423628
-2.16772e-05
0.000766015
0.0578012
-0.00515441
0.0403118
0.021958
1.2654e-06
0.00418282
0.0242882
2.31094e-07
0.000418373
-0.00623443
-0.00214596
0.000870378
0.00573008
-0.00191842
0.00307818
0.00428099
-0.0043867
-0.0043595
0.00170947
-0.0052738
0.00117686
0.00473289
0.00117356
0.0118526
6.54879e-05
0.000317622
-0.0322714
0.00571267
0.000143462
0.00248651
0.0347018
0.00727087
-0.00979209
0.00328859
0.000663237
0.0184527
0.0191022
0.00794443
0.00213947
-0.000883814
0.00176421
-0.00163962
-0.012593
0.00243968
0.000852482
-0.00427504
0.000719395
-0.00239092
0.000391623
0.0047841
0.00479328
0.00397856
0.00201674
0.0360211
-0.00210372
0.000421045
-0.000208179
0.000896178
-0.000477978
-0.000144839
0.000612993
0.000876417
0.00612948
0.00204192
-0.00884862
0.00905622
-0.000117534
-1.88543e-05
0.000198556
0.0175632
-0.00171187
-0.000194099
-0.00347223
1.73912e-06
-0.0101009
0.00338539
-0.0136696
4.11445e-06
-7.70015e-05
-0.00017829
0.000300572
0.000657822
0.000247598
0.00181078
-0.00257107
0.00424342
1.52492e-06
0.00160222
0.00533032
3.48535e-05
-0.000711508
0.00254008
0.0051786
0.00357803
0.0141359
9.29567e-05
1.46612e-06
-0.000285396
-0.00143444
-0.0111363
0.00696047
0.00329422
-0.0302794
-0.118186
0.000104955
0.000993447
0.00019956
-3.12224e-05
0.000282802
0.000335009
-2.68691e-07
1.67729e-05
0.0023155
0.000973085
0.000539965
0.000493686
0.0102012
-0.000105811
-0.000115589
1.53268e-05
-0.000425738
2.6914e-05
1.91871e-05
-0.00130273
-0.000330068
0.00141363
1.5609e-05
0.0114437
-3.05686e-05
0.000328113
4.9287e-05
4.89832e-05
0.0163144
1.76305e-05
-0.000257822
-0.000437809
5.95319e-06
-3.15707e-07
0.000129904
-5.67459e-06
0.0103139
-0.0527775
0.000126274
0.000252103
0.00809063
0.0155201
1.43662e-05
-0.000290847
-0.005531
0.016742
7.71409e-05
0.000472622
0.000184468
0.000901807
0.00153824
0.000122646
-2.4437e-05
0.00367674
-0.000443574
0.000397386
0.00243966
-0.000153592
4.87102e-05
0.00128462
0.00311528
0.00782372
0.0174508
-4.01991e-05
-0.000768304
0.0015488
-4.6287e-05
-0.00014468
8.92064e-05
-0.000729931
-2.21947e-06
0.00017379
-0.00196617
-8.37954e-06
0.00156022
-3.95516e-05
-0.00121675
0.000865937
0.00164704
0.000499357
-1.74516e-06
-3.47316e-06
-6.61754e-06
9.49907e-05
0.00703608
-0.0490505
0.000250844
3.76569e-06
-0.000322486
0.000175042
-6.97532e-05
-4.96244e-05
0.00288403
0.00487994
0.00105805
0.0010569
0.000105703
-0.00168755
-2.75596e-05
-2.7086e-05
0.000457135
-0.0011274
0.00195805
-0.000377783
0.0236698
-0.00142061
0.0020769
-0.0116978
-1.97472e-07
5.97175e-08
-0.0039424
-0.0198151
0.00102845
-0.000231696
0.00578727
-7.31126e-05
0.00143447
0.00181723
0.000437324
-0.0016971
0.0167851
-2.26062e-06
-0.0229274
-0.00186785
0.00118299
0.00533683
-0.00457996
-0.00390647
0.000553216
0.000205437
0.00244159
-0.00243913
-0.00211063
0.00883688
0.000834716
-0.000144902
5.07489e-05
1.54362e-05
4.0818e-05
8.19549e-05
0.00207032
1.7343e-05
0.000636628
0.000568424
5.27514e-05
0.00292598
-0.000718418
-0.000677849
-2.14099e-06
-0.004082
0.000342516
8.71417e-05
0.000459955
-7.4988e-05
-0.000229979
-0.000195135
0.00110502
0.00415395
1.36895e-06
-3.80798e-07
0.000174858
-0.00169733
-4.16479e-05
-1.31532e-05
0.000177773
-0.00100614
0.00174235
-4.81175e-05
-0.00093664
-0.000857414
0.000375484
0.00526808
0.000606105
-0.00813442
1.01599e-05
-0.0103298
0.00235048
0.00362827
0.00119699
-0.00171497
-0.0020068
0.00852349
-0.000159614
0.00128163
0.00278777
-0.00357186
0.00914526
0.0157713
0.00202936
0.000100909
-0.0017391
-0.00171885
0.00142409
-0.0017692
-0.00130338
-6.26742e-06
-0.00869172
0.00539993
0.000487484
-7.25499e-05
0.0114079
0.00288306
-0.00349813
0.0066947
0.0079915
0.00550952
0.0007489
0.00991493
0.000764001
0.000409759
-7.46822e-05
-5.6352e-05
0.00038007
0.000105967
-0.00177549
-0.00203794
-0.00327972
3.06817e-06
0.00365423
2.07981e-05
-0.00327915
-1.21754e-06
0.0037331
-2.0805e-05
3.84767e-06
0.0160577
-0.00630182
0.00793977
-0.00557851
0.0223274
-0.00129758
0.00042505
0.00031912
0.00210449
3.69328e-05
-1.51237e-05
-0.00233934
0.00327692
-0.00457788
0.000403597
0.00511405
0.00365484
-0.00395847
0.000486831
0.000223507
0.00412232
5.03027e-05
0.000123375
0.00393735
0.00411562
-0.00193962
0.0233431
-0.0101005
0.0040509
-0.00027485
0.00674488
0.00377192
-0.00959549
0.006171
-0.000258563
0.00472067
0.000651177
0.0258477
-0.00312011
-0.000382559
-0.0001006
-0.000181292
0.00180261
-7.11922e-05
0.000169653
0.000100273
0.000111575
0.000177453
0.000219394
0.000957533
0.00218197
-0.00404562
-0.000100106
0.000167691
-0.00414617
0.000288887
-2.34578e-05
-0.000321931
0.00124558
-0.00413079
0.00054073
0.00401659
-0.0032621
0.000732808
-0.000407483
0.000423547
-0.000103835
0.00179352
-0.00151842
-0.00148111
0.000856749
-0.000748012
0.00100725
0.000999487
0.00482514
-1.118e-06
1.58487e-06
0.00417151
8.77134e-07
0.00111287
0.00229723
0.00509241
0.00111307
0.00140772
-1.0052e-06
-7.79385e-07
0.00394827
0.0151561
2.39702e-05
0.00212536
0.00247443
-0.00128213
-0.000521467
-0.00072774
0.0210257
-0.00186134
-0.00076096
0.0208081
-0.000535014
0.000252147
0.0164799
0.00294022
0.00269386
-0.000199303
-0.0141419
0.00437247
6.17106e-05
-0.00124643
0.00134897
0.00319183
-0.000131973
0.00249403
0.00708562
1.39945e-05
5.99675e-05
-0.00835359
-0.0109368
0.00570892
-0.00099452
0.00508902
0.000138321
-0.0149814
0.000119438
0.00134702
0.012208
0.000522423
0.000852169
0.00497589
-0.00328763
9.9817e-07
8.60387e-05
0.00184864
4.67457e-05
-0.00028778
0.000515529
0.000497404
9.3978e-05
0.00561059
0.000348934
0.000172125
0.000114706
0.00422318
0.000135356
1.28748e-05
0.000104642
4.22205e-05
1.12043e-05
-1.33666e-07
0.000288699
0.000338558
5.69109e-07
0.00900073
0.000791717
0.000103113
-0.0236003
0.00185701
0.0084041
-0.0264421
0.00144658
0.00223445
0.00974121
-0.0253027
0.000649609
0.00479215
0.00116955
0.00017501
-0.0241589
0.00240335
-0.000390613
0.020434
0.00160865
-0.00132703
0.00222957
0.000517187
0.0142623
-0.00941006
0.00314426
0.0222528
0.00231867
0.00344393
-0.0106179
0.00197111
0.0217544
0.0159172
0.0724613
-0.000300262
0.0811284
0.0279724
0.00226556
0.020415
0.0329474
0.0157749
0.00203221
0.0112934
0.0200087
0.0155404
0.00803726
0.0069815
0.0096594
0.000264262
0.0121694
0.00206031
0.00613496
0.0327009
0.0130627
0.00889716
0.0333256
-0.000307006
0.0811377
0.0163551
0.0228281
0.0316742
0.00129792
0.0138874
0.0018574
0.00241268
0.0289444
0.000206477
0.0140138
0.0066762
0.0106379
0.0196505
0.0089182
0.000978343
0.00944778
0.0326989
0.0124553
0.00195014
0.00259797
0.00945056
0.0335543
0.0128493
0.0710476
0.00773327
0.00624862
0.00192809
-0.0223664
-0.00321064
0.0047539
0.0058992
-0.0250988
0.0331199
-0.001397
-0.057568
0.00876435
0.00759695
0.0018108
0.00263731
-0.00591348
-0.0134964
0.00576102
0.0123761
-0.00911682
0.00415478
-0.00562437
0.00686884
0.0223378
-0.000993547
-0.000513099
0.00690513
0.0196912
-0.0115309
-0.00157118
-0.00327552
-0.0250519
0.0217132
5.24334e-07
0.0465812
-0.00183502
0.0296819
-0.00341234
0.00717761
-0.0176561
0.00123514
0.0133188
-0.0470989
0.00415708
-0.0680322
0.000660056
0.00706486
0.00589688
0.00564318
-0.00259432
0.0122425
-0.000377013
0.00405452
-0.0119471
0.00318079
0.0215239
-0.0117845
-0.001421
-0.000454706
-0.000742492
0.00740685
0.0186314
0.031702
0.00715927
0.0213254
0.00867995
-1.52004e-06
0.000143779
0.000730494
-0.000549483
-0.000196055
0.0481457
-0.0023829
0.0474678
-0.00765694
0.0026841
-7.81084e-05
-2.03335e-05
0.0686315
0.00100534
0.052355
-0.00631806
2.64068e-05
0.00206965
-6.12659e-07
0.00152896
0.0127754
0.0576966
-0.00766934
0.0212513
-0.000567339
0.00193795
0.0216798
0.00062411
0.00962593
0.00373591
0.011942
0.00293775
-0.000732608
-0.0204361
-0.0624581
0.0477688
0.0155168
0.0149008
0.0171075
0.00783888
-0.00173397
-0.000540439
4.15013e-05
-6.44389e-05
0.00294968
0.000328491
0.00305756
0.000457481
-8.09954e-06
0.000217226
-2.70447e-05
4.12795e-05
0.000713438
0.0183104
0.0121153
0.0120349
-6.85493e-05
0.00793274
0.00213556
0.00674538
0.0206811
-0.00350344
0.0207257
-0.00344694
3.36425e-05
3.36903e-05
0.000409001
0.000255646
-0.00164695
0.0222442
-0.00471568
0.0219388
0.000116643
0.0017719
-2.76571e-05
8.04895e-05
0.0333295
0.00879558
0.0239586
0.00873716
-2.77718e-08
9.66867e-05
0.000363669
5.26406e-05
0.046462
0.00220255
0.0399736
0.00465291
3.67741e-05
8.21051e-05
-0.000585105
-9.52511e-05
-0.00140089
0.0515635
0.014316
0.0112701
8.38693e-05
-0.000582317
-0.0179774
0.000623789
0.00103059
0.00909602
0.00209439
0.00376045
-0.000764899
-0.000265875
-1.86798e-06
0.000211142
0.00195548
0.0238374
-0.00228339
0.0258181
-0.000190355
0.000122073
0.00590238
0.00225254
0.0241885
0.0297057
0.0069809
0.0297835
0.000170201
9.09553e-05
-2.80015e-05
-1.09161e-06
-0.00797012
0.0154648
0.0756463
-0.0103437
7.89033e-06
0.000413765
-7.83582e-07
-1.18058e-06
-0.00121812
-0.0150597
0.0127146
0.000130923
0.000144948
-0.00275285
0.00183997
6.90328e-05
0.0249514
0.00159569
-0.00379617
-1.40628e-06
0.0178334
-0.0223522
-0.0095213
0.00147697
0.0180078
0.0113566
0.0274918
-0.00210624
0.0101747
-0.00416121
0.000597371
-0.00840357
0.000304682
0.00976883
-0.000317239
0.0092334
-0.0112996
0.0105673
-0.00420298
-0.00543807
0.00170974
-0.00376452
0.00491087
0.00480655
-0.00135402
-0.00241398
7.90153e-06
-0.000241106
0.000887467
8.79608e-05
0.000901873
7.39679e-05
0.000234308
0.000307468
0.000205777
0.000246201
0.0212118
0.0208255
0.0191555
0.0132038
5.13479e-05
5.33694e-05
0.00210755
-0.000214279
-0.00782045
0.00428543
-0.0229882
0.00641609
-8.34439e-05
0.000369099
0.0011035
0.00223858
0.00673573
0.00979509
-0.0126702
5.51275e-05
-5.05109e-05
0.000154656
0.00146482
0.000237491
0.0387086
-0.015189
-0.00106932
-0.000164088
-0.00114783
0.020089
0.00156755
-0.000770359
-0.00171849
-0.00170714
0.0108652
0.00424826
0.00442087
-0.00392251
-0.000200299
3.38785e-05
-1.31962e-05
7.82409e-05
-0.00022658
0.00122393
1.59259e-05
-0.00142333
-7.1541e-05
1.76961e-05
-4.71698e-05
6.46992e-05
0.00180913
3.62519e-05
0.00171031
6.75019e-06
1.49608e-05
-4.30321e-05
-0.00962185
0.00354662
-6.73064e-05
0.00107496
-0.00026234
0.000998599
0.00437227
-0.0115121
0.00127533
0.00116347
6.86391e-05
0.0149633
0.0145334
-9.97556e-05
6.03795e-05
0.00014161
-7.33965e-06
7.97114e-05
0.000125496
-9.18139e-05
0.000268859
0.000157012
1.41947e-05
2.62683e-05
-0.000109529
-0.000704361
0.0022034
-0.000172724
0.0025287
-0.00021784
0.000103047
-6.89386e-05
1.85363e-05
0.000293206
0.0015893
8.98419e-05
-5.18504e-05
0.00252784
-0.000220382
-3.79753e-05
8.37698e-07
-3.2431e-07
-0.00248671
-0.0205675
-0.022149
-0.00188421
5.57174e-07
4.61619e-05
0.00101916
-0.000995285
0.00297754
0.00303004
-0.000983299
-0.00114398
-0.00106087
0.000949467
-0.000338153
0.00206665
0.000212495
3.74458e-05
0.000135552
2.59653e-05
-0.00034487
0.000834982
-0.00030361
0.00164269
-1.30473e-05
5.96347e-05
-1.08235e-05
9.57459e-05
0.00391906
-0.00308925
-0.00425793
-0.00681236
-3.90058e-07
0.000113611
-4.4453e-07
0.000225668
-0.0026526
-0.00659589
1.78591e-05
1.74678e-05
0.0203739
-0.000119405
-0.000956059
0.0195356
1.35067e-05
1.16312e-05
0.0213491
-0.00107002
-0.0598143
-0.00305578
-0.000290771
-0.000548722
-0.00304284
0.00112382
0.0077738
-0.00698642
0.0154481
0.000704204
1.49357e-07
0.00276956
-0.0133049
0.0313208
0.000404152
0.0165248
-0.00325797
0.00750696
0.00241113
0.00309191
-0.00145051
0.0158049
0.000315856
0.000344154
0.0022273
0.00177015
0.000158258
0.000517082
-1.35154e-07
-2.38984e-06
0.00212863
0.00029229
-0.00245982
-0.000426169
0.00115151
-4.76625e-05
0.00497676
0.00126232
3.48324e-05
0.00791717
0.00160469
0.000226921
-0.00942712
0.00150281
0.000735214
0.00139437
0.0136968
-0.00736804
0.0043091
0.0013477
0.0104342
0.00724122
0.000547918
-0.00238454
6.96359e-07
0.00303783
-0.0126575
0.0350952
0.00846212
-0.00780139
0.0142899
-0.00240301
0.000433815
0.00243999
-0.00325258
-2.6333e-05
1.79423e-05
0.000492909
0.00195324
0.000746179
-0.000570227
0.000450313
-0.00185908
0.00825757
-0.000536814
3.22194e-05
-3.69516e-06
-1.69845e-06
0.000726773
0.000198268
0.00471241
0.00100048
0.00285373
0.000405166
-0.00269855
-0.000132404
0.000233543
-0.00784769
0.00293783
0.00245962
0.0142909
-0.00697915
0.00574379
0.00165305
0.00418991
-0.00356982
0.000338461
0.00147169
-0.00947633
-0.00315594
0.000141915
0.00259427
0.00881793
-0.00194155
0.0142399
-0.00239011
0.000110627
-0.000290965
9.98125e-06
-2.92195e-07
0.0105922
-0.000600612
-0.000219807
0.00165802
0.00053864
-0.000414213
-0.00181958
0.00393316
-0.0184221
0.00555916
0.00392852
0.0052966
0.00440765
-0.000623497
-1.08326e-05
-1.08088e-05
-0.000115303
0.00241488
0.00392724
-0.0131298
0.00132154
0.00388899
0.00417913
0.000345104
-0.000588788
-0.00143653
-0.00258991
-0.0107923
0.000464109
1.91165e-05
-0.000337632
2.65174e-05
-0.00806938
-0.000660229
-8.64753e-05
-2.71128e-05
0.00292215
0.00488371
0.0369701
0.00291478
0.000198302
0.00774042
0.0274429
6.70833e-05
-0.000466977
-0.00217646
-7.88587e-05
0.001487
0.00127381
3.57117e-07
-0.00179928
0.00741107
-0.00792856
0.0188916
0.0235239
-0.018908
-0.000639012
-0.00164163
0.0262988
-0.00894136
0.00935164
0.00872734
6.77264e-07
0.00417791
-1.21978e-05
-0.000176345
-1.32941e-06
8.60039e-07
0.000303316
-0.00240584
0.000214872
0.0010428
-0.00602383
-0.0146133
0.00232077
0.004179
0.00123579
0.00409599
0.00231558
-0.000541704
0.00263023
-0.00129367
0.00240839
0.00231462
-0.00313746
-0.000985944
-0.00589828
-0.000133474
-0.00242732
0.00123888
0.000309458
-0.0053402
0.00190868
0.00417704
0.036989
0.00313561
0.00180018
0.000351887
0.000908354
0.00113664
-0.00651
0.000137386
1.07872e-05
-5.26111e-05
-4.75745e-06
-0.00912967
0.0246486
7.71955e-06
-0.00941675
0.016806
0.0179877
-0.0236167
-0.000185035
0.00130261
-0.000144037
0.00109215
0.00106003
-0.00299456
-0.00234079
0.00628803
0.00994154
-0.00921245
-0.00830483
0.00707992
0.00142685
0.0196941
0.0113635
-0.0054667
-0.00230148
-2.99889e-05
0.0001692
-0.00272559
0.000230959
-0.0147263
-0.0145109
1.07805e-05
0.000122643
0.00258921
-0.000609741
0.000860079
0.00459039
-0.00240466
-0.00220028
0.00396843
0.00053394
-1.68156e-05
4.89602e-06
0.00795966
0.0020751
0.00515359
0.0044533
0.0138801
-8.13675e-05
-1.13384e-07
-1.11292e-07
-1.49788e-07
-0.000601597
0.0200628
0.0186366
-0.00217063
-0.000105232
1.43881e-05
0.00237474
-0.000711925
0.000330554
0.000274412
0.000259836
0.000333261
0.000795391
0.00184662
0.00200378
0.000797102
0.00455924
3.09627e-05
-2.82425e-05
0.00439321
0.00146812
-2.28644e-06
1.52648e-05
0.0123691
0.00329229
3.83189e-06
-0.00179525
0.00324167
7.45439e-05
0.000276806
0.000279118
7.37626e-05
0.00224315
0.000554124
0.00049672
0.00120952
1.68444e-06
6.48718e-07
5.23681e-06
0.00178182
0.0135907
-0.037192
-0.0407466
0.00790665
0.00812206
0.0169606
0.0142024
0.00872514
-0.00733554
0.0113487
0.021771
-0.00283761
0.00206052
0.000162127
0.000398048
-0.00135927
1.88713e-06
0.00382407
0.00368779
4.66729e-06
0.00409944
4.00744e-05
0.000160584
0.00222294
0.00631456
0.00132051
0.0148865
0.00368276
0.0023467
-0.0014044
-0.00110297
0.000798316
7.70582e-05
-0.00133196
-0.000551026
0.00010701
-0.00245989
-3.29684e-05
-3.06123e-05
8.12436e-05
0.00324647
0.000301451
6.69241e-05
0.00291019
0.000167549
-1.62048e-06
-2.02585e-06
8.74424e-07
0.00500874
-0.0410073
-0.0374238
0.00966295
-0.000453168
0.00126695
0.00130509
-0.000761206
0.00393341
-0.00167542
0.00148912
0.00394117
1.90081e-05
-0.00173381
-0.00161336
-0.00031068
-0.000279573
0.000234689
-0.000152554
-0.00123341
0.014042
-0.00473001
-0.00444277
0.0230253
3.0974e-06
4.84066e-07
7.4656e-07
1.3191e-06
-4.27843e-05
-0.00132642
-0.000590994
-0.00391961
0.00170709
0.00135643
-0.0108563
0.00357817
-1.57414e-06
4.5765e-07
6.89649e-07
-1.83144e-05
9.10654e-05
0.00567416
0.00554269
8.88528e-05
0.00151708
0.00132948
0.00327109
-0.00273442
0.00283732
-0.00103469
0.0144332
-0.00215712
0.00037498
-0.00144432
-0.00179371
0.000483948
5.50674e-05
0.00161042
0.0014801
6.08572e-05
0.00179284
0.00413473
0.00422633
0.00177392
-0.0201289
4.24131e-05
-0.000281566
-0.0203949
0.000693077
0.000243168
-0.000498552
-0.000257551
1.93207e-06
0.00416194
0.00410121
0.00113975
-2.94237e-05
-0.00113118
-0.00173595
7.5672e-05
0.000592498
-0.00081632
-0.00132991
-0.000174215
0.000643562
6.92048e-05
-0.00103062
0.00074934
0.00066428
-0.0111839
-1.45488e-05
0.0124983
-9.81779e-05
-0.000929668
0.000142493
0.00435245
-0.00212024
0.0142882
-0.00112737
0.00369734
0.0293933
0.034442
-0.00148356
0.0356692
0.0696248
0.000322205
0.0167156
0.0704276
-0.000644687
0.00991891
0.0215816
0.00206118
0.028977
0.0307506
-0.0139661
-0.00900674
0.015613
0.0104433
0.00647417
-0.0369837
0.00667073
4.47173e-05
-0.00151133
0.000335263
0.000826762
0.00204508
-0.00342833
-0.0017483
0.0630896
-0.0342537
-0.000281839
0.0023279
-0.00376868
-0.00290946
-0.00108815
0.0110787
0.0151455
0.000679198
0.000290604
0.0159734
0.000337456
-0.00165916
-0.00155674
4.35781e-05
0.0103637
0.0132078
-0.000126166
-0.000189921
0.00882243
0.0162104
-0.00487661
0.00210607
0.0237932
-0.00857889
-0.00563812
0.0190962
-0.0010997
-0.00133638
0.0031011
0.00776877
0.0287528
0.00946471
0.00588585
0.00483932
0.0319967
0.0415456
0.00246989
0.0393826
0.0311145
0.00825132
-0.00217522
0.0316331
0.00176765
0.00414269
0.0128054
0.0157521
0.0446784
0.0502734
0.0074862
0.000926706
0.0125716
0.00226116
0.00290081
0.0201152
0.0108776
-0.000735432
0.00247191
-0.00507915
0.00187147
0.0152177
0.0125415
0.00164189
0.0264034
0.0220602
0.0108348
0.00840974
0.0123792
-0.0147007
-2.84229e-05
0.00579607
-0.0107146
-2.8678e-06
0.000227498
-0.0134086
5.78873e-05
-2.4719e-05
-0.000630725
-0.0016852
-0.00161678
0.00129813
0.000825168
-0.000574725
0.0518989
0.0174087
0.00044681
0.006104
0.0418557
0.000380769
-0.00135796
0.0388194
-2.20411e-05
-0.00174054
-0.00382976
1.91418e-05
-0.000148562
0.000511904
-0.00216172
0.000117151
0.00830471
-0.000304696
-0.00327078
-0.000401421
-0.00691802
-0.0111679
3.76947e-05
0.00264049
-0.011057
0.00437365
0.00475306
-0.00922839
0.00360605
0.00193134
-0.00117353
-0.00248656
0.00614553
-0.00146666
-0.00327124
-0.000309434
0.00144871
-0.00051521
-2.39344e-05
0.00217761
0.00573114
0.00345495
0.0037864
0.0033642
0.00161819
0.0010896
0.000281067
-0.000430939
0.00786077
0.00427112
0.021211
0.0226364
0.0337771
0.0332298
0.02388
0.00395309
0.00595723
0.00431271
-0.00126562
0.00183087
0.00679714
-0.000797213
-0.00981042
0.000154307
0.00545193
-0.00161652
0.0129738
0.00627533
0.00148438
-0.000772931
-0.0125831
-0.00743159
-0.0108923
-0.0108836
0.000889712
0.0056521
0.00219824
0.00370847
0.0222821
0.00108041
0.00990104
0.0137057
0.00243725
0.00484433
0.0199856
0.00428509
0.00306463
0.0179097
0.00136073
0.00178781
0.00034312
0.000750038
0.00241846
0.0033113
0.00107683
0.00237281
-0.0128288
0.0114271
-0.00214736
0.000821504
0.00065809
0.00148882
0.00267405
0.00804157
0.0113514
0.0188348
-0.00201178
-0.000678557
0.020929
0.0105393
-0.00213542
0.00216199
0.0105087
0.0122302
0.00140604
0.0114121
0.0327672
0.00115714
0.000171842
0.0228205
0.0109292
-0.000788527
-0.00211972
0.019334
0.000726424
0.00760851
0.00237269
0.00150915
0.00855772
0.00492252
0.00273956
0.0122093
0.00264043
0.00241497
0.00120405
0.00365168
0.00122923
0.00054967
0.000437376
0.0016955
0.0255359
0.0200649
0.00440551
0.00363338
0.0543023
-0.00151496
0.0111402
0.0882435
0.00756357
0.00185782
0.00107809
0.00646861
0.000321963
2.5455e-05
0.0223946
0.019683
0.0476871
0.0652404
0.0172156
-0.0157114
0.0186407
0.00740439
0.0062761
0.00544421
0.000434465
0.00733311
0.00660797
0.00250533
0.000520039
0.0145023
0.0094996
-4.86655e-05
0.00851498
0.00914271
-0.00845819
-0.00308099
0.0173399
0.00686603
0.00663913
0.00864787
0.00857763
-0.00589179
-0.00808592
0.00960416
0.000275755
-3.24045e-05
0.00902686
0.0140873
0.000588861
0.00253195
0.00589634
0.00746749
0.0547328
0.0882871
0.0108459
-0.00205267
0.0453633
-0.014246
0.0198569
0.0613748
6.46914e-05
0.0197229
0.0245893
-9.93847e-05
0.00907206
0.00692552
-0.0036729
-0.00422643
0.0520133
0.0176293
-0.000291231
-0.0245095
0.0849263
-0.0010447
-0.000480618
-0.00986912
0.0025511
0.00117455
0.00137683
0.00074605
-0.00914248
-0.0183719
0.00181268
0.00215481
0.0454848
-0.0656237
0.00427624
0.0753696
0.0445864
0.00842983
0.00376994
-0.0644421
0.00272004
0.000251923
-0.000398816
0.00236299
0.0770267
0.0752984
-0.000382187
1.36959e-05
0.00658527
0.00777384
0.000680126
-0.00107001
0.00373105
0.00198482
9.2928e-05
0.00546298
-0.000116726
0.000222441
0.00458631
0.00327689
0.0328843
-0.0023565
-0.000436956
-0.00346754
0.0160606
0.00433167
-0.00605818
-0.00163163
-0.00350745
-0.000604306
-0.00161044
0.00150247
-0.000276786
-0.000775282
-0.00234493
-0.00102627
0.00587372
0.0028719
-0.00465306
-0.00292447
0.0359918
0.000687975
0.000261896
0.00143626
0.00705621
0.0018622
0.00150775
0.00861486
0.00199553
0.000156717
0.000203027
0.000480475
-0.0110717
-0.00494657
5.80577e-05
-0.000138334
0.0089025
0.000663102
-0.00524527
0.001685
0.0113913
0.00390983
-0.00644245
-0.0033075
-0.000114337
-0.000816196
0.00446386
0.00108502
0.000773162
0.00494738
-0.0020358
-0.00064163
0.00673573
-0.000608551
0.00088242
0.00805918
-7.40415e-05
-0.000595987
0.00148095
0.000300311
-5.61929e-05
0.00204113
0.000719617
-0.000329106
0.00239905
0.00476043
-0.00154344
-0.00358335
-0.0864626
-0.0392562
-0.00229538
-0.0112078
-0.0183483
0.00034938
-0.00113997
-0.0276644
0.00256729
0.00272024
-0.00201329
0.000553881
0.0164001
0.0484217
0.00166119
0.0108176
-0.00788607
0.00217802
-0.00127584
0.00569631
-0.0087148
-0.00541228
0.00438317
0.00621332
-0.00197581
0.00440752
0.00437978
-0.00311521
-0.00790035
-0.00795494
-0.00121075
-0.0011098
-0.00159061
-0.000486234
5.58845e-07
1.05065e-06
0.00378351
0.000555021
2.74857e-06
0.0025798
-0.0209455
-0.0201912
0.00416729
0.00415835
0.00182109
0.00417917
0.00417592
0.0015
-0.00290657
0.00121209
0.00176651
0.00700133
-0.0117107
-0.018979
0.00459361
0.00441912
-0.0217348
0.00412682
0.00459682
-0.022538
0.00601718
0.00609494
0.00171893
0.00112117
-0.0122453
-0.000819874
0.00136343
-0.0025486
-0.00305228
0.00205324
0.00144769
-0.00754443
-0.00189639
-0.00187657
0.00394515
0.00441017
0.0106597
0.00373625
0.00391864
0.00335443
-0.0159039
-0.00810707
0.029272
0.0331074
-0.00265556
0.000469683
0.00928969
-0.00840856
0.00425782
0.00219589
0.00088791
0.00420005
0.00024798
0.00554373
0.00220129
0.00222969
0.019339
0.00755857
-0.0054436
0.012995
0.0237655
0.000701018
0.0212558
0.0332406
-0.000657461
0.0108726
0.0226522
0.0038172
0.00208063
0.00483279
0.00291517
-0.00211483
0.0184975
0.011322
-0.00706707
0.00678682
0.000664044
-0.00211327
0.00234377
0.00328344
-0.000613165
0.00388099
0.0227685
0.0105819
0.0205649
0.0281501
0.020183
0.000699732
-0.0163611
0.0311947
0.0314379
-0.00770816
0.000286163
0.00217491
0.0023613
0.00575209
0.00426572
0.00382893
0.00104661
0.00214365
-0.000836727
-0.00298428
0.0102637
0.000863696
0.013218
-0.011964
-0.0153843
0.0134849
0.0158315
-0.000199553
0.00559812
0.0246441
-3.26049e-05
0.00161409
0.00180575
0.000299656
-0.0283565
0.00614065
-0.00581581
0.0013162
0.0286258
0.0221056
0.00280828
0.0118377
0.0135376
0.00203666
0.00320096
0.0155944
-0.000260723
0.00197856
0.00277914
-0.000344505
0.0153844
0.0150252
-0.000264735
-0.00036196
0.00790526
0.00415558
0.00657389
-0.00232814
0.00694877
0.000126713
0.00365233
0.00806935
0.00195008
0.00230464
3.4203e-05
0.000135684
-0.00427678
-0.00553521
0.0118304
0.00904146
0.00733228
-0.000217712
-0.00542227
0.00640616
-0.0197058
-0.0155904
-0.00959867
0.000506918
0.00133313
1.0593e-05
0.00465552
0.0028281
0.00222573
0.00692986
0.00502359
0.000885168
0.0110699
0.00309219
-0.00231464
0.00130135
-0.00551295
0.00137905
0.000130579
-0.0180048
0.00312064
0.00184304
-0.0100722
-0.00431656
0.00208655
0.0189451
-0.0149219
-0.00078289
0.00577123
0.00425158
0.00616223
-0.000336384
0.012951
8.03559e-05
7.80853e-05
-0.00258279
-0.002241
-0.00717248
-0.000328254
-1.02177e-05
-0.000537108
0.000829316
0.0135029
0.00608187
0.0074725
0.00433811
-0.00229985
0.00901795
0.0138623
0.00340623
0.0118748
0.011326
-0.000672975
9.30549e-05
6.14277e-05
-0.00010497
0.00976129
0.0148515
-0.00153533
9.22874e-05
0.00267838
-0.00335787
0.000753325
0.00110958
0.00214338
-0.0011325
9.86473e-06
0.000246262
0.00210892
0.00135428
0.000252142
0.00116693
0.00782999
-0.000465328
0.00212292
0.00492064
-0.0264947
0.0106453
0.00241678
-0.000503064
0.0177415
-0.00432442
0.000432934
0.0105115
-0.00361579
0.000332848
0.00599661
0.000945357
0.0100119
0.00876673
0.00595381
0.00027769
-0.0188534
-0.00694617
0.00130821
0.0126385
0.00521114
8.27411e-05
0.00437158
-0.000489541
-0.0064532
0.00149087
0.00503014
-0.00103141
-0.0160704
0.0108025
-0.000112156
-0.00454952
0.0184236
0.0185944
6.19896e-05
0.0133238
0.00747513
-0.00108263
0.000267809
0.0140089
-0.00364959
-0.000411103
-0.000255086
-0.00197022
0.00893016
0.0108697
0.000107343
0.000288523
0.029688
0.0183569
0.000302071
0.0139656
0.013172
0.000233204
0.000274146
0.0169884
-0.0047106
-0.00812526
0.000335753
0.000388416
-0.019249
0.0109639
0.000341616
-0.0134022
0.0225828
0.00351094
0.0232372
0.00071418
0.0183945
0.0122808
0.0113104
0.0269426
0.0101885
-0.0202389
-0.0504467
-0.0225079
0.0197422
0.0167241
-0.0242291
0.00134989
0.0474452
0.0408137
0.0112923
0.029237
0.0192736
0.000106072
-0.0168196
0.0201132
-0.0102851
-0.0469911
-0.0328558
0.000316468
0.0182575
0.0219906
0.00684353
0.00900887
0.0475475
0.0319175
0.0121901
0.0412383
0.0244726
0.0057279
0.00986345
0.0331251
-0.0107065
0.000316566
-0.0322972
-0.0472127
0.0192611
0.0204115
-0.0160547
0.000105418
0.0218029
0.00148943
0.0168155
0.00554889
0.0154112
3.40865e-05
-0.0256944
0.00887407
0.00976748
-0.0232851
-0.0508107
-0.0203732
0.0246162
0.0253089
0.00723266
0.00891259
0.0165802
0.00427786
0.00172013
0.0468947
-0.0657756
-0.0487042
0.00157682
0.00496874
-0.0199774
0.00963661
0.0222895
0.0196547
0.061109
0.0532837
0.023652
0.0219991
0.0151234
0.0436795
0.000457854
0.00417098
0.00932223
0.0289264
0.0158059
0.0600073
-0.0149886
-0.0682363
0.0177437
0.0148722
0.0616529
0.00397408
-0.000356082
0.0557563
0.0101222
0.005475
-0.00444269
0.00607932
-0.00216673
0.00996729
0.00964757
-0.00184384
-0.0074202
0.0113927
0.0193694
0.00048841
0.0148185
0.0101629
0.005964
0.00367248
0.0106535
0.0114
-0.00408845
0.00541607
0.0262178
0.00507447
0.00641348
0.0181673
-0.00899903
0.000269858
0.0186558
0.00923731
-0.00225038
-0.00220179
0.00930311
0.0091879
