-0.771861
0.055
-1.405
-0.811918
0.165
1.785
-0.785
0.413541
-1.515
-0.725
0.640752
1.615
0.771861
0.055
-1.405
0.811918
0.165
1.785
0.785
0.413541
-1.515
0.725
0.640752
1.615
-0.0794394
-0.0736352
0.122615
0.0735243
-0.0793794
-0.0737222
0.122625
0.0734912
0
0
0
0
0
0
0
0
0
0
0
0
0
0
0
0
0
0
0
0
0
0
0
0
0
0
0
0
0
0
0
0
0
0
0
0
0
0
0
0
0
0
0
0
0
0
0
0
0
0
0
0
0
0
0
0
0
0
0
0
0
0
0
0
0
0
0
0
0
0
0
0
0
0
0
0
0
0
0
0
0
0
0
0
0
0
0
0
0
0
0
0
0
0
0
0
0.0213697
0.00293084
0.0224465
0.00358713
-0.000624509
0.0478685
0.163014
0.0944107
0.0593937
0.0440293
0.0214306
0.0220271
0.00356324
0.0481902
0.0944134
0.0440442
0.00638678
0.074037
0.028573
0.0348248
0.0536251
-0.00125466
0.259687
0.351662
0.00599443
0.073976
0.0348681
-0.00122999
0.111284
0.111272
0.0217087
0.238931
0.321144
0.0682775
0.0682863
0.0403859
0.357194
0.115146
0.115165
0.0396702
0.250227
0.105746
-0.0148309
0.00134964
-0.0146207
-0.0260191
-0.0149328
0.0158202
0.0065698
0.0340808
0.0234354
-0.000404151
0.0165391
0.0421345
0.00135591
-0.0142935
-0.0145063
-0.0151962
-0.0259928
0.0161761
0.0339887
0.00659464
0.0234826
0.0165419
-5.08656e-05
0.042135
0.00365675
0.00493461
0.0457493
0.00712265
-0.0336874
-0.000566739
0.0469807
-0.000283881
-0.00189798
0.0208754
-0.00488413
0.120279
0.00755839
0.0479612
0.00753271
0.172619
0.00380561
0.00731798
0.00515779
0.0457358
-0.0337231
0.00121222
-0.000337055
0.0470438
-0.00189921
0.120292
0.0208919
-0.00455412
0.00756511
0.172713
0.0479634
0.00754065
0.0413971
-0.0281925
-0.0187061
0.156142
0.0642346
0.00111835
0.0669727
0.0332681
0.0127968
-0.008554
0.0370921
0.00276519
0.0222476
0.104045
0.00428767
0.0711919
0.0156654
0.0182725
0.00772818
0.0993658
0.0413748
-0.0280775
0.0643703
0.0028369
0.0669821
0.0332789
0.0369953
0.00278675
0.00428481
0.0711854
0.00774204
0.0993745
0.0369979
-0.000460252
0.00623618
0.0002471
-0.0167729
0.000180107
0.0142899
-0.0775997
-8.79797e-05
0.000514093
0.0266483
0.169809
-0.0249783
0.00944711
0.0159566
0.0123435
0.0371865
0.00178147
0.00625404
0.000262885
0.0142914
-0.077597
0.0266435
0.169767
0.0798631
0.0282397
0.01222
0.0458117
0.0799182
0.0457958
0.0122258
0.0283295
-0.0170008
-0.0175469
-0.0100864
-0.0140985
0.0773693
0.0843077
0.0843026
0.0773956
0.160758
0.0830877
0.0833898
0.160745
0.0413747
0.0419612
0.0372537
0.0235406
0.0414618
0.0235465
0.0372616
0.0420775
0.00247947
0.00476659
-0.000632178
-0.00230499
0.154539
0.185339
0.185356
0.154568
0.00521795
0.0718647
0.101572
0.0150606
0.00518346
0.015067
0.101654
0.0718818
-0.0108755
-0.0100913
0.0146619
0.0152376
0.145131
0.0731637
0.0731663
0.145138
-0.000740634
-0.00094932
0.0378899
0.0378403
0.00628311
0.00148759
-0.0148564
-0.0546293
0.00862738
0.0156367
0.00345039
0.0181553
0.00236967
-0.000294822
0.00808193
0.0126667
0.00238753
0.00671709
-0.0152155
0.00873953
-0.0547369
0.0151219
0.0182027
0.00343621
0.00234889
0.00806966
-0.000463829
0.012636
0.00720489
0.00644806
0.0338895
0.00877614
0.00420245
0.00581307
0.0362144
0.00775683
0.00146995
0.0193022
-0.000376328
0.0815619
0.00758161
0.0329429
0.000149833
0.0592375
0.00719566
0.0086589
0.00620242
0.0339024
0.00430147
0.00721591
0.00572448
0.0362343
0.00146116
0.0815822
0.0192639
-0.000544411
0.00761002
0.0592342
0.0329569
0.00017761
0.0120698
0.000724975
0.00672176
0.0926558
5.66274e-05
5.98217e-05
-0.00328709
0.152221
7.85506e-05
0.0176823
0.0652656
0.00433618
-0.00342832
0.0172128
0.0522894
0.0187154
-0.0327358
-0.032634
-0.00147911
0.00757947
-0.000612573
0.0333586
0.0368414
0.00373579
0.0225055
0.0225352
0.00625795
0.0725469
0.0142345
-0.00670072
0.00486609
0.0270327
0.00397584
0.00398767
0.00441154
0.0309853
-0.00289729
0.000111338
0.0134124
0.0847739
0.0122721
0.000664364
0.00678342
0.0925492
2.87324e-05
0.0178073
0.0653921
0.00374409
-0.003302
0.0168821
0.0522995
0.0187628
-0.000371728
0.0330913
0.036745
0.00357306
0.0142053
-0.00670813
0.00486332
0.0270544
-0.00289622
0.000110026
0.0134254
0.0848034
0.00438873
0.004034
0.0319135
0.00574409
0.00606824
0.000453514
-0.00812233
0.000176871
0.00317573
0.00307728
0.000387293
0.000126246
-0.0110131
0.0140662
0.000499272
-0.000670197
0.000267407
-0.000361855
1.58655e-05
-0.00028728
-0.00136919
-4.71927e-05
0.027403
0.0904527
0.00457673
0.00456802
-0.00378831
0.00239743
0.0110646
0.0110294
0.00308386
0.00312222
0.00446183
0.00426162
0.0320568
0.00489713
0.00608999
0.000470868
-0.00810433
0.00019456
-0.0110246
0.0140711
0.000498515
-0.000671037
-0.00131769
-5.57496e-05
0.0274011
0.090476
0.00475452
-2.4348e-05
0.000449123
-0.00446429
0.00473052
-2.43333e-05
0.000426134
-0.00446431
0.00406567
0.00069635
-9.36972e-05
0.0169213
0.00506777
0.00526772
0.00527477
0.00791971
0.0906407
0.000869418
0.00519066
0.090573
0.00483555
0.000267187
-0.000604077
0.000425771
0.00491111
0.000260276
-0.000603357
0.000424181
-0.0017405
2.78443e-05
-8.65491e-05
-0.00259627
0.0123282
0.00224412
0.0064104
0.0123447
0.00493527
9.03469e-05
-0.0078595
0.0167399
0.00493586
9.10427e-05
-0.00728293
0.0167394
2.4485e-05
-0.000143549
-0.00020361
0.00349272
0.00367033
0.00507345
0.00506784
0.00293106
0.0026527
0.0121797
0.0170256
0.002667
0.0393891
0.0438276
-0.00550844
0.107501
0.0714594
0.0067763
0.0471716
-0.0138564
0.0102885
0.00122181
0.0287976
0.00267229
0.00531782
0.0292892
0.00803764
0.0837482
0.011407
0.0178588
0.0526952
0.0160758
0.00446651
0.0274596
0.0184466
0.0377939
-0.00555672
0.106739
0.0391773
0.0434622
0.0714709
0.00718851
0.0106671
0.0014532
0.0470871
-0.0136614
0.0286018
0.00275881
0.0080698
0.0836299
0.00530463
0.0298948
0.0108336
0.0177777
0.00448068
0.0274485
0.0525117
0.0159994
0.0183962
0.0378723
0.0230313
0.000675731
0.0307636
0.00332604
0.000205204
1.51515e-07
-0.00656139
-0.000212285
0.0293767
0.00424456
0.0342934
0.0096151
-2.74733e-05
-0.000566324
-1.88207e-05
-8.26943e-05
0.0101722
0.0552138
-0.0014861
0.000176962
0.0259668
0.0992517
-0.0101417
0.00276477
0.0225747
0.099043
6.24925e-05
-0.000101256
0.0273542
0.0634556
0.00285324
0.00536211
0.0228096
-0.00127221
-0.00564325
0.000986675
0.0307345
0.00220833
0.00020607
4.30125e-08
0.0293608
0.00383717
0.000164789
-0.000271802
0.0342789
0.00786004
-3.7066e-05
-0.000562984
0.00954697
0.0552321
-0.0101444
0.00274017
-0.00148628
0.000176966
0.0254162
0.0990595
0.0225788
0.0990806
0.00282488
0.00536024
-0.000171526
-9.57657e-05
0.0273565
0.0634737
0.000554256
8.28613e-05
-0.0473272
0.0832397
0.000112726
0.000420176
-0.0338336
-0.0337779
0.0043148
0.0177281
-0.0143639
0.0201764
0.00147604
9.43013e-05
-0.0257132
0.0178067
5.04462e-05
-0.00021251
0.00204159
0.00209504
-0.00189357
0.00606223
0.0158828
1.99934e-05
0.0105319
0.0105137
0.0661755
0.066019
-0.00455424
0.0048602
0.0050409
0.00921777
0.00455985
0.00456011
0.00237124
0.00237218
0.00813363
-0.00935376
0.00287353
0.0034349
0.000553401
8.34258e-05
0.0829379
-0.0465019
0.00431521
0.0177261
0.00441253
0.0177695
5.53556e-05
0.00144663
-0.0271312
0.0178083
-0.0017862
0.00603213
0.0154992
1.7744e-05
0.00486151
-0.0045548
0.00920991
0.00503364
-0.00935987
0.00807466
0.00345683
0.0028889
2.53302e-08
9.48232e-07
-0.000618588
0.000217613
0.0220766
-2.69523e-06
0.00487145
0.00023302
-0.00068388
0.00129333
0.00580649
0.00481439
0.00478417
2.09697e-05
0.000289176
-0.0186544
-0.0024579
-0.00173476
-0.000867924
-0.00128165
-0.000206247
-3.54138e-05
0.00205555
0.00534809
-0.025316
-0.0253148
0.00896634
0.00895105
0.0139571
0.013951
0.00523888
0.00523864
1.27002e-07
1.06758e-06
-0.00071488
0.000322733
-2.63325e-06
0.0220666
0.00488892
0.000233788
1.878e-05
0.00477976
0.000290296
-0.0181366
-3.29997e-05
-0.000204272
0.00537791
0.00206926
0.0700444
0.0687429
0.00469851
0.0214271
0.0441981
0.00175006
0.00649034
0.0735405
0.0173611
0.00225911
-0.00421452
-0.00450882
0.00820585
0.00678805
0.0044262
0.0157262
0.0699492
0.023154
0.00469862
0.0688391
0.00818357
0.0157158
0.0044268
0.00675461
0.0172481
-0.00450078
-0.00421453
0.00225642
0.0439557
0.0736049
0.00648432
0.00175614
-0.00601037
-0.0032123
0.00440923
0.00552521
-0.0057801
0.0054387
0.00416804
-0.00305957
0.00461222
-0.00538082
0.0172352
0.0187711
0.00611124
0.0199699
0.0186186
-0.00434278
0.024378
0.0260919
0.012545
0.0230097
0.0748515
-0.00660861
0.00918824
0.0445164
0.0748341
0.0445305
0.0091903
-0.00660891
0.0244032
0.0230255
0.012539
0.0260813
0.0376259
0.0693665
0.0637799
0.170419
0.0465522
0.110734
0.0803832
0.083724
0.0434369
0.0835644
0.0802716
0.110661
0.0321062
0.170418
0.0609521
0.0692098
0.0322086
0.0313755
0.00484538
0.00562566
0.0352469
-0.00248408
0.00468819
0.0331427
0.0303598
0.0271753
9.30121e-05
0.00687526
0.0233082
0.000512437
0.000318967
0.0264935
0.0321883
0.00564916
0.00484228
0.0314402
0.0232765
0.026443
0.00031932
0.000521474
0.0303558
0.00687658
9.19194e-05
0.0271769
0.0352606
0.0332175
0.00468245
-0.00249491
0.00362719
0.00474768
-0.000972569
0.004573
0.00662913
0.00358087
0.00532915
0.00421697
0.00905925
-0.00140944
-0.00311067
0.00686656
0.00978148
0.00766506
-0.00231711
-0.000709776
0.0929105
0.102457
0.0129286
0.00935289
0.0613425
0.0156168
0.0197853
0.0770085
0.0613465
0.0770187
0.01979
0.0155957
0.0927877
0.00934442
0.0129306
0.10229
0.0404471
0.0494915
0.00449415
-0.0215014
0.0524389
0.0525893
0.00551359
0.0417273
0.055114
0.00770161
0.0145062
0.0582469
0.0394723
0.0117098
-0.00777264
0.0177819
0.0404482
-0.0215099
0.00449456
0.0494191
0.0394604
0.0177637
-0.00777599
0.0117308
0.0549608
0.0581714
0.0144841
0.00789748
0.0523405
0.0415599
0.00549879
0.0525774
0.00340131
-0.00132497
0.00922677
0.0250961
0.00269514
0.0248082
0.00899168
-0.00186959
0.00971838
0.00153889
-5.92259e-05
0.00318209
0.00962074
0.00322273
-0.000160673
0.00134266
0.0589703
0.0946188
0.00815204
0.0113046
0.0274135
0.00880046
0.00837657
0.0649579
0.0274194
0.064992
0.00837289
0.00879922
0.0589752
0.011287
0.00815078
0.0946249
-0.0318313
0.0075568
0.0150951
0.0217394
-0.0317063
0.0217125
0.0151296
0.00765272
0.0318664
0.0320216
0.0199178
0.0351925
0.0312831
0.0352856
0.019941
0.0319683
0.00129984
0.00371461
-0.0245319
-0.0560374
0.000497779
-0.00498787
0.00132686
0.0068101
0.000381973
-0.000538958
0.00432326
-0.00160923
0.00326923
0.000946419
-0.0231586
0.000483728
-0.0562145
-0.00604018
0.00679161
0.00131972
0.000433467
0.00434887
-0.000670775
-0.001594
-0.00798904
0.00547511
0.00639522
-0.00569645
0.00251408
0.00492003
0.00827639
0.00774915
0.000158835
-0.00665837
0.00026728
0.0570857
0.0075809
0.0147731
-0.00010065
-0.00379593
-0.00814017
-0.00568115
0.00519118
0.0061128
0.00258959
0.0077538
0.00496494
0.00819121
0.000163127
0.0570622
-0.0064588
0.000302306
0.00759786
-0.00375259
0.00138769
-8.90365e-05
0.000508802
0.000207003
-2.99521e-05
-0.0168902
-1.90288e-06
2.60047e-16
-0.0051034
0.127275
0.000164574
0.000364985
0.0622715
0.00461333
-4.85743e-06
0.000188141
0.034354
0.00455394
-0.0189364
-0.0189367
0.00144528
0.00661084
0.000132577
0.00014335
0.0372884
0.00351785
1.26376e-05
1.19105e-05
0.00200286
-0.00507781
0.00487609
0.00163726
0.00547292
0.032933
0.00012561
0.000126304
0.00192928
0.028771
0.000119738
1.47594e-05
0.0233171
-0.0183599
0.000375608
0.000189746
-0.000109974
-0.0164268
5.73558e-05
0.000365648
0.0623916
0.00471901
5.4737e-05
0.000283079
0.0343677
0.00454618
-6.54409e-05
0.000383038
0.0371914
0.00342281
0.00487263
0.00164347
0.0054703
0.0329167
0.000112889
-9.00687e-06
0.0231174
-0.0183652
0.00318956
-0.000578288
-0.00269054
0.00471791
0.000439771
9.64195e-06
-0.000259916
-7.42805e-06
-0.0052934
-0.00529402
0.000397338
-0.0022109
-0.000102228
-0.0138494
-3.19652e-05
-0.000487622
-0.0017025
-0.00172352
-1.1749e-11
-0.000284169
-0.000289325
-5.68056e-05
0.00573157
0.00806749
7.6341e-05
7.66954e-05
0.000499501
0.00059017
7.44273e-05
7.44735e-05
3.80824e-06
0.00010223
0.00321695
-0.000493519
-0.00277926
0.0048663
0.000455845
2.66547e-05
-0.000245366
1.06336e-05
-0.000104579
-0.0138496
-3.20287e-05
-0.000487624
-0.000408831
-6.37349e-05
0.00572452
0.00806174
0.000176574
-0.000554322
-0.000499453
-0.00224038
0.000188637
-0.000554594
-0.000487974
-0.00228582
1.85833e-06
-0.000101897
-0.000102256
2.10703e-05
0.00125308
9.89734e-05
9.51777e-05
0.000936994
9.70048e-07
5.88664e-05
0.000600859
6.83122e-07
-0.000432659
1.40736e-05
-0.000330044
-7.18166e-05
-0.000473138
1.06906e-05
-0.000320242
-7.08586e-05
0.00415308
-7.58873e-05
-8.62941e-05
0.00415523
1.474e-05
0.000528104
0.000609583
1.41637e-05
-0.00422308
0.000487155
0.011112
-0.0105209
-0.00422326
0.000487049
0.0109988
-0.0100044
9.32896e-06
-0.000106526
-0.000106337
-0.00180774
0.000563325
8.85722e-06
9.70471e-06
0.000158651
-0.000106385
0.00267134
0.000221538
-0.000104969
-0.00942197
-0.00272902
0.00161307
0.00707149
-0.00406064
1.24613e-05
-0.00759696
0.0271041
5.12782e-05
-7.61794e-05
0.0653901
0.00377221
0.00184394
0.0014422
0.0369714
0.0131507
2.87582e-05
-0.00087394
0.00459913
0.00129937
4.68573e-05
0.000387353
0.0317395
0.00285892
0.000750914
0.000229645
0.000534781
-0.00133855
-0.00100401
0.0226242
0.00210115
0.00214374
0.00239248
0.00176222
0.00608341
0.0186471
-0.000943651
0.00643279
0.0247055
0.00512785
0.000828417
0.00104538
0.00206619
0.0265078
0.00740468
-0.00255158
0.0150867
0.00951708
-0.00510446
1.25324e-05
-0.00759547
0.027375
0.00559735
-0.00285271
0.00119006
0.00661879
5.12701e-05
-4.73088e-05
0.0654739
0.00376235
2.46471e-05
-0.000872223
0.00454056
0.0013528
0.00203872
0.00138954
0.0360241
0.0130535
-3.20328e-05
0.000783299
0.0315649
0.0026884
-0.00100588
0.022655
0.00216445
0.00238693
0.00081459
0.000166003
0.000501583
-0.00192435
0.0029048
0.00183149
0.0067963
0.0186446
0.00111134
0.00105631
0.00207509
0.0264156
-0.0011111
0.0063653
0.0243081
0.00499661
0.00730664
-0.00265063
0.0150909
0.00954452
-0.00746909
-0.00392992
-0.223242
-0.000526077
-0.0154786
-0.000490098
-0.00406804
0.00272696
-0.00082387
0.00500788
0.000297589
1.62066e-07
-0.00814572
0.0030321
-0.000864185
0.00953873
0.00226629
0.0350423
0.0285304
0.00464964
0.000183794
0.00521928
0.0104635
0.00737992
-0.000698174
0.0192799
-2.31949e-05
0.000410949
-0.00454823
0.00193624
-0.000208877
-1.0016e-05
0.00157661
0.000370978
0.000967803
0.0632553
0.000809721
-0.000270365
-0.000106926
4.87999e-07
0.000512956
-0.000316661
0.00149665
0.0278001
-0.0002746
0.00443652
0.000500732
0.000530024
-8.92077e-05
-6.30857e-05
0.0234883
-0.0215875
-0.000413436
0.00020755
-0.000113283
-9.36131e-05
0.00127118
-2.96181e-05
0.00627639
-0.00225466
0.0205393
0.00592739
0.000446121
0.00222023
-0.0074842
-0.00385877
-0.221529
-0.000533371
-0.00557796
0.00293906
-0.000964684
0.0117234
-0.0154748
-0.000560546
-0.00411553
0.00270081
-0.000843646
0.00499567
0.00029759
1.39709e-07
0.00229593
0.0350414
0.0284993
0.00467253
-0.00415225
0.0012524
-0.000222047
-0.000269864
0.000176449
0.00522344
0.0104351
0.00786758
-0.000708605
0.0192666
-3.28035e-05
0.000507941
0.00154707
0.000285557
0.00128845
0.063232
-0.000249494
0.00445769
0.000479803
0.000510281
0.000778755
-0.000270337
-0.000106888
5.27305e-07
0.000387557
-0.000508695
0.00147993
0.0276126
-9.41457e-05
-4.85191e-05
0.0234873
-0.0215622
0.0204437
0.0058851
0.000436226
0.00217254
-0.000408112
0.000212045
1.55277e-05
-8.93814e-05
0.00130688
-2.71203e-05
0.00628992
-0.00225388
0.0104458
0.00409568
4.76455e-06
0.000514296
-0.0456326
-0.00900872
-0.00702905
-0.0229693
2.77249e-06
0.00406223
-8.66743e-08
-8.74054e-08
0.00055871
0.000154373
0.0350958
0.0350686
4.86013e-05
0.000533315
-3.83526e-05
-0.00458695
-0.00277364
0.000780373
0.00861928
-0.000351894
-0.00419315
8.5894e-05
0.0005148
-0.000526276
0.00385666
0.000616889
0.0188623
0.000100904
0.00713361
7.12532e-06
0.000169704
0.000169453
-0.0534625
-0.000363716
3.97139e-05
9.65403e-05
0.000509881
0.000494153
0.00849497
-0.000356377
-0.00278178
4.38457e-05
-0.00178034
1.10643e-05
0.00139339
0.00137133
3.13673e-05
3.03962e-05
-0.00598672
0.0035396
0.00123455
0.00123457
0.000576582
6.02738e-05
0.00406543
6.49301e-05
-0.00649696
0.0051089
0.00136437
0.00102304
0.0011624
0.000852997
4.55927e-05
4.4919e-05
5.38021e-05
0.00599925
0.000521132
0.000493073
0.00314474
-0.00252684
-0.0129456
-0.00935472
0.00206022
0.000620097
2.44135e-05
0.000369314
0.010397
0.00410748
5.33617e-06
0.000513024
-0.0456905
-0.00914129
-0.0234485
-0.00756475
5.28307e-05
0.000533999
-3.82687e-05
-0.0045921
-0.00233757
2.50011e-05
1.65054e-06
3.62691e-05
-0.00419372
8.47945e-05
-0.000526238
0.000514737
0.00377492
0.000606916
0.0196754
9.5398e-05
0.000509178
0.000493908
0.00843943
-0.000271795
-0.00271771
-7.58955e-06
-0.00160134
1.0095e-05
0.000576645
7.15928e-05
6.48629e-05
0.00406594
-0.00649202
0.00510334
0.00101072
0.00136826
0.00134304
-0.00271114
-0.00936086
-0.0140252
0.00206123
0.000622124
0.000378335
3.80921e-05
-0.00561211
0.00555281
-1.81674e-06
-9.56138e-07
-0.00356624
0.00107941
8.74673e-06
0.000458146
-0.00845434
-1.98272e-05
0.000454995
-2.56806e-05
0.000174855
3.19361e-05
0.000196253
-0.000231349
7.47231e-06
-0.0106133
-0.00067416
-0.000674145
1.03503e-05
1.00989e-05
0.000228542
0.000230625
0.000982975
3.70044e-07
-3.0182e-05
-0.000324426
0.0001193
0.00102134
0.0379254
0.0156546
-8.68436e-06
3.64027e-08
-0.00209277
-0.00209289
-1.85774e-07
0.00153399
-0.00126965
-0.0012685
0.000229665
8.81278e-05
-0.000174639
-2.71894e-06
0.00524363
0.0124139
0.000416398
0.000788136
-0.00385689
0.00274904
-0.00564816
-0.00565653
0.000687912
0.000606172
-1.47043e-05
-1.4651e-05
0.000136027
0.000543096
-6.32049e-06
-6.37079e-06
0.000180151
0.000219955
-3.77611e-06
-3.71152e-06
-0.00558982
0.00549743
-1.00935e-07
-8.25987e-07
-0.00242033
0.000204779
-0.000301056
0.00049698
-0.00845634
-1.98629e-05
-2.78469e-05
0.000454139
0.000174931
2.19518e-05
0.000186804
-0.000230764
0.000982818
3.43292e-07
-0.000319008
-3.58115e-05
0.000118484
0.000995556
0.0379233
0.0143399
0.000224993
9.0169e-05
4.16332e-05
-0.000170397
0.00523539
0.012434
0.00080539
0.000418165
0.00814161
-0.00212803
-0.000506045
0.00443601
-0.000398767
9.87684e-05
0.022836
0.0223483
-0.000750382
-0.00156017
0.000198922
-0.000555385
0.0038185
0.00162365
-0.000446293
-0.00222807
0.00802607
-0.00209899
-0.000506366
0.00443688
0.0023478
0.00188788
-0.000445488
-0.00219062
-0.000439138
-0.00156038
0.000199107
-0.000555374
-0.000284059
9.96051e-05
0.0228192
0.0223356
9.1388e-06
-0.00780419
0.000114575
9.04974e-05
2.6748e-06
-0.00531644
0.00042205
0.0044091
-0.00138381
-0.00467281
-0.00949119
1.09093e-05
-0.00308234
-0.00438848
-0.0119732
0.00199615
0.00176706
-0.00485014
0.010603
0.00123827
-0.00195978
-0.00656799
0.00393192
0.0123864
-0.00175156
-0.0066387
0.00399115
0.0123871
0.00178428
-0.00483551
0.0107212
0.00122881
0.000145809
0.00466841
0.0355827
0.0186059
0.0122713
0.0338407
-0.0150384
0.037493
0.0337588
0.0117218
0.037347
-0.0151174
0.00499218
0.000184127
0.0177581
0.0352979
-0.00330304
-3.7957e-07
-1.41298e-07
0.00599167
-0.00372974
-1.15516e-06
4.34314e-07
0.00501
5.71219e-05
-7.66892e-05
0.000182425
-1.83365e-05
0.000176038
0.000225941
-0.000196539
-5.14063e-06
-0.00330015
-2.17418e-07
-8.62797e-08
0.00597252
0.000176027
0.000419271
-0.000196562
-6.34819e-06
0.000166051
-7.76643e-05
0.000178691
-9.7938e-06
-0.00372308
-1.10733e-06
4.08444e-07
0.00498991
-0.00307467
7.65828e-05
-0.000150259
0.00560906
8.22387e-05
-0.00142319
0.00462207
-0.000173774
-0.00152351
-0.00176232
0.00106548
-0.000100225
-0.00325428
0.000609726
-6.92561e-07
0.00175954
-0.000878362
0.000689356
0.000595726
0.00894351
0.0161635
0.000383855
0.000787472
0.0114663
0.000382661
0.0161469
0.0114727
0.000784687
0.000678731
-0.000856301
0.00895435
0.000569304
-5.35433e-06
0.000249852
0.0103566
0.00574325
0.000403466
-0.00265967
0.0019878
0.0015178
0.0074321
0.0017826
-0.000424463
0.00724477
-0.000107193
3.76446e-05
7.76138e-07
0.023955
-4.97408e-06
0.000299923
0.0103004
0.00575277
-0.000126415
3.7214e-05
7.56478e-07
0.0236954
0.00741053
0.00174261
-0.000463425
0.00699503
0.000424318
-0.00269242
0.00195796
0.00148163
-0.00110597
-1.51017e-06
0.0141522
0.000409499
-0.00076526
-2.18319e-07
0.0139308
7.93107e-06
0.00401572
-0.00238787
-1.94072e-05
7.85439e-06
0.00444543
-0.00252504
-0.000265319
9.16113e-06
0.00629898
0.00058724
0.000495249
0.00258073
0.00104311
0.00184627
0.000494251
0.000596372
0.00103685
0.00184091
0.000806107
0.000588766
0.00628735
0.000581895
0.00051147
0.0025788
-0.0162307
-4.12746e-05
0.0183518
-0.000224922
0.000274588
-0.0162053
-0.00035357
0.019191
0.000107414
0.00449728
0.00110992
0.00993133
0.00397849
0.000117922
0.00998985
0.00105295
-0.00895526
-0.0335435
-0.0165287
0.0248313
0.0593782
0.00340055
0.0376101
0.017655
-0.00038283
0.00785238
0.0201364
0.00643769
0.000989832
-0.00248525
0.00188267
0.0386626
0.00127979
0.0144312
0.0154908
0.00827161
0.0023044
0.0210891
0.0154504
0.0133649
-0.0165963
0.0245743
-0.00918994
-0.0313396
0.0594013
0.00350919
-0.000379468
0.00789174
0.0373321
0.0175112
0.0203432
0.00652923
0.00181386
0.0328507
0.000973831
-0.00199646
0.00146132
0.0144087
0.00229473
0.019835
0.0154941
0.00777442
0.0155022
0.013394
0.00333629
0.00112125
-0.00897416
0.00116044
-0.00622289
-0.000137867
-0.00700036
0.00195983
0.00529434
0.00777779
-5.30195e-05
0.00582703
2.33656e-05
0.000153195
-0.00232949
0.000177361
-0.00534928
0.0530683
0.00213864
-0.000966803
-0.00368683
0.0414094
0.00039852
0.000691552
0.00277776
-0.0153689
-0.000169527
0.00018495
0.0104108
-0.00309314
-1.80385e-05
-5.59066e-06
0.00298759
0.00112767
-0.00700138
0.000143464
-0.00916764
-0.00555206
-0.00610434
-0.00015329
0.00525812
0.00770534
-0.00239812
0.000164758
-0.000463584
0.00587652
2.7358e-05
0.000160029
-0.00525076
0.0530331
0.000396687
0.000631831
0.00214948
-0.0013076
-0.00371188
0.0414197
0.00278298
-0.0153633
-3.71335e-06
-1.32719e-05
-0.000165975
0.000211058
0.0104178
-0.00306552
-0.00342796
0.00817368
1.35028e-05
-0.00505266
-0.00384662
0.000104194
0.000402968
0.000395282
-0.00510318
0.127395
-0.00510369
0.127386
1.11022e-16
1.11022e-16
9.49984e-06
9.02715e-06
0.0627029
0.00419454
0.0563926
0.00481466
0.000144289
-0.00442174
2.96446e-05
3.79286e-05
0.0380858
0.00593873
0.0149773
0.00523403
0.000449587
-0.000496157
0.00171937
0.000144276
-5.13205e-05
0.0132388
-3.663e-05
0.0132699
-0.000238987
-0.000238987
0.000116541
0.000114674
0.0391718
0.00341465
0.0356761
0.00518602
0.00971783
0.00446357
-0.00155241
1.04967e-05
0.00225179
0.0107553
0.00225866
0.0107926
6.87469e-05
6.7045e-05
-0.00454239
-0.00459898
0.00764336
0.0216315
0.00619771
0.0531474
0.00433345
9.71138e-05
0.000988847
0.0010264
0.0018945
0.0278532
0.00191194
0.0277948
7.43698e-05
7.43876e-05
8.92945e-05
0.000124375
0.0176045
-0.00413034
0.0235214
-0.022322
-0.00531125
-0.000187608
0.000273829
0.000295817
-0.00456528
0.00771804
0.000102964
-0.00528929
-0.00481885
5.88401e-05
0.000405316
0.000347724
0.0627513
0.00425603
0.0564258
0.00478256
0.000141062
-0.0044173
2.24904e-05
2.72593e-05
0.0380458
0.00592099
0.0148648
0.00523783
-0.000496127
0.000450583
0.00165573
9.8781e-05
0.038963
0.00319637
0.0355993
0.00521711
0.00973066
0.00445623
-0.00155221
8.18146e-06
0.00764353
0.021628
0.00620827
0.0531382
9.735e-05
0.0043338
0.000982864
0.00097731
0.0176415
-0.00413407
0.0235305
-0.0223113
-0.000178156
-0.00503199
0.000437956
0.000349116
0.00483064
-0.0068843
-0.00102524
0.00446705
1.72712e-05
-1.00422e-05
4.29392e-05
-0.00373073
-0.000225132
-2.09909e-05
-0.000113773
-1.02889e-06
4.23021e-05
-0.000262567
0.000462683
-0.000113738
-0.00311097
7.64568e-05
-0.00311135
6.83905e-05
-0.00274407
-0.00274375
0.000172438
0.000169335
-3.40811e-06
-0.000525582
2.43284e-06
0.00322024
-1.28468e-05
-0.00576382
-2.57314e-05
-0.0166014
2.24195e-05
-0.00102475
-2.35102e-09
-0.00104789
-0.00191611
-0.00191694
-0.00157893
-0.00157762
0.00451141
0.0149299
0.00624356
0.00286588
0.000170426
9.05368e-06
0.00132233
2.24887e-05
0.000521145
0.000621555
0.00046074
0.000623426
0.00010292
0.000100816
0.000108786
0.000105548
-3.8088e-06
0.000108205
-4.04537e-06
0.000115582
-4.34028e-06
-4.39105e-06
-4.34522e-06
-4.08776e-06
0.00506263
-0.00684738
-0.00104388
0.00444433
2.12777e-05
-3.71071e-06
2.89568e-05
-0.00375998
-0.000224939
-2.67403e-05
-0.000114846
-1.04105e-06
-0.000263436
-5.59196e-05
0.000453928
-0.000113767
-3.37597e-06
-0.000523205
2.54454e-06
0.00286213
-0.00564496
2.94055e-05
-2.49538e-05
-0.0166109
0.00435356
0.0148365
0.00624303
0.00287599
7.79014e-06
0.000170383
-2.97094e-05
0.00111008
-0.000396939
0.000157973
-7.86603e-06
-0.0044359
0.0043614
-0.000459648
0.000541704
-0.000545108
-0.00038515
0.000169998
-7.9666e-06
-0.00443609
-0.00044827
0.00437348
-0.000545315
0.000541637
-8.64848e-05
-8.6786e-05
1.64273e-06
2.13365e-05
1.64936e-06
2.14243e-05
-0.00011743
-0.000117091
-0.00014264
-0.000149084
0.00132698
0.000617177
0.000555079
0.00126639
-0.000306271
-0.000302029
0.000345101
0.000460146
0.000294165
0.00169105
-4.28333e-07
-7.80071e-07
0.000459952
0.00174238
4.18775e-05
-0.000127427
-0.000656495
-0.000279925
-4.55168e-05
-4.66885e-05
-0.000140618
2.52445e-07
6.80224e-07
-0.00016864
-0.000642248
-0.000276107
-4.73972e-05
-4.54648e-05
2.4712e-07
-0.000139165
0.000216024
-0.000274048
0.00387817
0.000241864
-0.0023575
-0.00233595
0.00399798
-0.000313618
0.000535245
0.000776009
5.35924e-06
3.66186e-06
-0.000144695
-0.000145003
0.000776079
0.000534485
0.000517796
-0.000502782
0.0109045
-0.00433558
0.00914918
0.0028602
0.000438761
0.00254392
-0.000502815
0.000517767
0.0109024
-0.00433596
0.00263653
0.00885785
0.000438756
0.00274939
2.81535e-05
2.78947e-05
-0.00161746
9.91341e-06
-0.00161719
9.91257e-06
-0.000430974
-0.00043103
2.19229e-05
2.25902e-05
0.000161162
0.00049971
0.000501399
0.000220174
-1.20306e-06
-1.43915e-06
0.00250266
0.000247023
0.000167833
4.04648e-05
-5.30995e-05
-5.82782e-05
0.00251533
0.000250879
0.00112784
0.00112111
0.0171108
0.000374348
0.0101973
0.00137602
-0.0216269
0.00746248
0.00449014
-0.00013182
2.99397e-06
5.62188e-07
-0.00160691
0.00331762
-0.0200689
0.00217438
-0.00058192
0.00212293
-0.0227216
0.000384821
0.00478564
0.00449052
0.00385468
7.9553e-06
0.000468239
0.00053188
0.00069986
-0.0164121
-0.00427921
0.0156696
0.0205031
0.0202906
0.000162058
-0.00151853
0.00125439
0.000986152
0.000446392
0.00455127
0.000760204
0.0111568
0.00173456
0.000734559
0.00490257
0.000730657
0.00554479
0.00300316
0.00141612
0.000736967
-0.00305245
0.00153459
-0.0190247
0.00760478
0.00111198
-4.87451e-05
0.0169686
0.000402353
0.004511
-0.000109729
-6.19267e-06
1.01219e-06
-0.000588236
0.00214664
-0.0227471
0.000393291
-0.00158403
0.00334278
-0.0228722
0.00213415
0.00479241
0.00447831
0.00384779
8.18205e-06
-0.00427936
0.0155226
0.0219428
0.0204669
0.000743408
0.000522147
0.0016342
-0.0169976
0.000847291
-0.00124037
0.00122492
0.000974862
0.00176703
0.000959811
0.00524895
0.000648147
0.00024351
0.00490073
0.00025267
0.0111254
0.00563489
0.00288521
0.00138928
0.000716111
-0.000788521
0.0337865
-0.00490691
-0.00876342
1.58032e-05
1.58017e-05
-0.00326917
-5.54978e-08
-0.00774755
0.00299456
-0.00200443
0.00570551
-0.00249145
0.00150104
-0.0025343
0.00464248
0.000929924
0.00333584
0.000641242
0.0195766
-5.88317e-05
1.88747e-05
-0.00204702
3.28378e-05
-0.00219183
0.0117056
0.000965494
0.0188222
-0.00491243
0.00108688
-0.000445231
0.000446876
0.00310722
-0.000765343
-0.00168195
0.000905947
0.00212416
-0.000204792
0.000286503
-0.000323347
4.40322e-05
-0.000202974
0.000721438
0.000767283
-0.00179632
0.000295484
-0.000212421
0.00668237
0.000237586
-1.46063e-06
0.014834
0.000374876
-0.000192304
0.00010662
-0.000458569
0.00508912
4.13238e-06
-2.22794e-05
1.81952e-05
-7.16821e-06
0.0190256
0.00853073
0.0281686
0.00319688
-0.000536157
0.0338941
-0.0049041
-0.00879459
-0.000809695
4.87929e-06
-0.00253071
0.0035676
1.85205e-05
1.90286e-05
-0.00510204
1.25043e-09
-0.00763146
0.00299228
-0.00200669
0.00566938
0.00093273
0.00334117
0.000651271
0.0193793
-0.00429082
0.000313803
0.00012394
5.33955e-06
-5.47692e-05
2.45903e-05
-0.00154479
0.00053103
-0.00219479
0.0116996
0.000960547
0.0188179
0.00345396
-0.000453991
-0.00169345
0.000904915
-0.00182583
0.000277931
-0.000212809
0.00665261
0.00215971
-0.00020265
0.000267361
-0.000323421
0.00027132
-1.40227e-07
0.000751568
0.000803462
0.000251315
6.99987e-06
0.0148303
0.000342174
0.0190164
0.00852217
0.0281373
0.0031736
-6.99062e-05
0.000208389
-0.000449184
0.00507784
1.25578e-05
-2.28794e-05
2.59963e-06
2.78501e-06
0.00446754
0.00600839
0.00195102
0.00453834
0.0378987
-0.0409986
0.00622981
-0.0109615
2.68788e-06
0.00400127
0.00400137
2.68863e-06
0.00588481
0.0175751
0.0172685
0.0069144
0.000265744
-0.000492364
0.000400321
-0.000135133
0.00962898
0.00571463
-0.00252453
0.000168581
-0.00425954
4.83486e-05
0.000109153
-0.00228703
0.0195727
-0.0284638
0.00410839
0.000316071
0.00719356
7.64408e-06
7.64487e-06
0.00720241
-0.0485884
-0.000325204
-0.000446532
-0.0485468
0.00308248
-0.00248724
0.000518816
0.000440168
3.29376e-05
-0.00196412
-0.00258774
-0.000111833
0.00112483
0.00133139
0.00133362
0.00112875
0.000840396
0.000645019
0.000720625
0.000851476
0.000308699
-0.000250257
0.000563709
-0.00047951
-0.00570747
0.00763142
0.000940081
-0.00678814
0.00106961
0.000741051
0.000741641
0.0010696
0.000268486
0.00909161
0.0091284
0.000313851
0.00044301
-0.0013581
-0.00287415
-5.16436e-05
0.00456956
0.00145906
0.000715889
0.00201621
0.00506646
0.00446775
0.00453806
0.0019523
-0.0108742
0.00629653
-0.0399494
0.0328934
-0.00048438
0.000258621
-0.000140128
0.000395432
-0.00229709
2.89898e-05
2.80654e-05
-0.00143887
-0.00234596
0.000108717
4.79182e-05
-0.00425946
-0.0277189
0.0203299
0.000285813
0.00413021
-0.00254022
0.00319287
0.000449145
0.000518808
-0.00187175
1.47185e-06
-1.3543e-05
-0.00255394
-0.000479621
0.000563531
-0.000250042
0.000309062
-0.0068009
0.000945609
0.00762896
-0.00570123
-5.04473e-05
-0.00265144
-0.00135104
0.00034045
0.00199069
0.000697118
0.00144611
0.00457638
-0.0044822
0.00553818
0.00537532
-0.00510388
0.001344
-0.00358994
-0.00400781
0.0022857
-0.0119062
-9.41738e-05
-3.65806e-05
-0.00486271
-4.76348e-05
3.83188e-06
0.00016914
1.21533e-06
-0.00346628
-0.00966354
-0.00966359
-0.00346642
2.80011e-05
0.0036805
6.81577e-05
3.08462e-05
0.000936689
1.9426e-07
-1.75324e-07
0.000151475
0.00451337
-0.0151795
-9.08061e-05
-0.00981898
1.2758e-07
-0.000370564
-0.000428628
7.93234e-08
2.81155e-09
0.00814482
0.00814761
8.32667e-17
0.000244668
0.000138894
-5.47248e-05
0.000351562
-0.000600654
0.0110103
0.0140308
0.0117242
0.00738649
0.0169283
0.0169733
0.00738455
0.00058713
0.00059567
0.000563967
0.000561039
0.00011076
0.000655261
0.000655528
0.000110788
0.000229547
0.00019151
0.000191207
0.000229039
0.00552541
-0.00447386
-0.00506515
0.00536382
-0.00240402
-0.00321859
0.00141906
-0.00291829
-0.00486325
-3.67015e-05
-9.52073e-05
-0.011912
7.82979e-05
-5.61884e-05
1.27989e-06
0.000169174
0.000151461
-2.17783e-07
2.48445e-07
0.000936348
-0.0151776
0.00453347
-0.0103802
-0.000343078
0.000347727
-5.59687e-05
0.000137166
0.000234802
0.0116928
0.0141062
0.0109988
-0.000563032
0.0126921
0.0637771
0.00805815
-0.0034404
0.0614204
0.000110836
0.00286337
0.0640704
-0.000476472
0.00428599
0.00391952
0.000200309
-0.00189284
-0.000386103
0.00282873
0.00847901
-0.00217445
-0.00391896
-0.00397864
0.0886103
1.90475e-05
-0.0101724
-0.00368534
0.0038041
-0.00450578
-0.00397036
0.0113718
0.000484605
0.054629
0.0795711
0.0277741
-0.00450487
-0.00717397
-0.00190272
0.000982356
0.00129288
0.0107089
0.00475394
-0.000266424
0.00414912
0.00382182
-0.000571064
-0.000446075
0.0042129
-0.000329675
-0.00037002
-0.00330363
-0.00680637
0.00170176
0.0017099
0.00340051
0.00291957
0.000392078
0.00787164
0.00114697
0.000340864
-0.000139856
0.000374091
0.00370103
0.00485459
0.00722484
0.00900907
-0.00338217
0.000660013
0.0121739
-0.00334897
0.00805738
0.0638947
-0.00252566
0.00799573
0.00237269
-0.00108112
-0.000470585
0.000188386
0.00391976
0.00429143
0.0614791
0.0641639
0.00286412
0.000109639
0.00207152
0.00310198
0.0034809
0.00168379
0.00722347
0.000660053
-0.00324301
0.00913823
-0.000128018
0.00486044
0.00365092
0.000379696
0.000355819
0.000325536
0.00114551
0.00782716
-0.00673881
0.00131852
0.00115565
-0.00172811
-0.00032165
-0.00680754
-0.00330397
-0.000387009
0.00382731
0.00421942
-0.000445951
-0.000571141
0.0109812
0.00432209
-0.000110677
0.00475411
-0.00218106
0.087961
-0.00386364
-0.00387129
0.0547336
-0.00450519
0.0278195
0.0607731
-0.00450367
0.000484098
0.0113629
-0.00397316
2.51877e-05
0.00379971
-0.00368513
-0.0101697
-0.0135389
-0.0120794
-0.0056238
0.00358843
-0.00510345
2.73018e-06
0.000652527
-0.00532614
-9.23403e-05
0.00520632
0.00887026
0.00395297
0.004413
0.00398414
-0.00960444
0.00147247
-0.0136391
0.00363789
-0.00558713
-0.0186041
0.00449709
-0.00233999
-6.36522e-05
0.00400973
-9.26682e-05
0.00395279
0.00423621
2.86614e-05
-0.00510325
-0.00526043
0.000894704
2.73056e-06
-0.00201006
-0.0051656
-0.00450449
-0.00475204
-0.00400873
-0.00457485
-0.00406329
-0.0020373
-8.87053e-05
4.76124e-05
-0.00955677
-0.0101417
0.00477805
-0.00628539
-0.0109238
-0.00150116
-0.00200809
-0.00474926
-0.00603741
-0.00699529
0.00472345
-0.00255838
-0.0143142
-0.00626557
-8.83813e-05
-0.0101416
-0.00847797
0.000495311
-0.00400817
-0.00124008
-0.00232272
-0.0045747
0.0104339
0.0181352
-0.00293003
3.39464e-05
0.0281879
-0.00504786
-0.00416561
0.0213908
0.00113786
0.00121349
0.0102384
0.00777159
0.00219131
0.0216302
0.0145146
0.00143452
0.051908
-0.000336113
-0.00474068
0.0661693
0.00058885
0.00182471
0.000569381
0.00283928
0.00079504
0.00369704
0.0106441
0.00950855
0.0441512
0.0593547
-0.00232388
-0.00590573
0.0519023
0.0661098
-0.00475991
-0.000343074
0.0440884
-0.00589318
-0.00232763
0.059323
0.000725472
0.00950991
0.0106474
0.00363803
0.000484317
0.00276995
0.000565361
0.00182333
0.0103238
6.90593e-05
-0.00293091
0.0181076
0.00215436
0.00143545
0.0144844
0.0216553
0.00113725
0.00772012
0.0102313
0.00121456
0.028164
0.0213888
-0.00416554
-0.00505103
-0.0519277
-0.00183597
0.0146962
0.0874596
-0.00628511
-0.0444753
0.0261744
0.0145924
0.000204789
0.0178453
-0.0428536
-0.0262181
0.12735
0.10814
0.0243904
0.0181106
0.0166141
0.0188734
0.00222118
-0.00394307
0.00294239
-0.00429072
0.0310936
0.0417794
0.000529983
-0.00613007
0.0223751
0.0021309
-0.0260439
0.0256446
-0.0171415
-0.0718557
0.00729538
-0.00333933
-0.00143368
0.0196715
-0.0264691
-0.0718225
-0.0169524
0.0254207
0.000529524
0.00213101
0.0186437
-0.00650198
0.00293289
0.0418557
0.0315437
-0.00428624
-0.0508142
0.0896577
0.0161635
-0.000679128
0.127345
0.0180968
0.0245525
0.108116
0.000903192
-0.0258278
-0.0420614
0.0185305
-0.00727046
0.0142054
0.0259597
-0.0451243
0.0022178
-0.00744843
-0.00265368
-0.00141415
0.00290066
-0.00488231
-0.00389342
-0.00134405
-0.000734253
-0.000229993
0.00568141
0.00565282
0.000455288
0.00525074
0.00580605
0.00063647
0.00292289
-0.001443
-0.00295916
0.0100961
-4.56722e-05
0.000938846
0.00849213
0.0154885
-0.000408876
0.00546404
0.00522533
-4.43874e-05
-0.00288702
0.00460232
-0.00453408
-0.00539644
0.0131944
0.00833612
-0.000139845
-0.000453826
0.00590877
0.00012715
3.96654e-05
0.00619195
-0.000179478
-0.000146567
0.000151
-7.52914e-05
-0.0102398
0.000150623
0.000316185
-0.00253807
-0.00601166
0.000561238
0.000478009
-0.00111075
-5.18119e-05
-3.34962e-06
-7.78757e-05
-0.000277854
-0.000175613
1.58353e-05
-0.00011472
-0.00025665
0.00513177
0.00315302
0.000298627
0.000287538
0.00209659
-0.00142518
-0.00265342
-0.00783462
0.000457917
0.000627
0.00579515
0.00523552
-0.000737455
0.00561421
0.00565081
-0.00023252
0.0031474
-0.00133694
-0.00388744
-0.00480707
-0.00599203
-0.00113338
0.000575294
0.000562447
0.00504847
0.000277888
0.000403289
0.00306726
-0.000173213
-0.000254359
-0.000113165
1.81357e-05
-4.33832e-05
-0.00027647
-7.55491e-05
-3.06547e-06
0.0133033
-0.000399526
-7.32776e-05
0.00834446
-0.00992971
-0.00253864
0.000366915
0.00020322
-0.000169247
-7.88411e-05
0.000141347
-0.000132802
0.00590455
0.00618684
2.87386e-05
2.31866e-05
0.00294197
0.0101798
-0.00295959
-0.00145149
-0.00292239
-0.00531273
-0.00453423
0.00452758
-0.000428997
-4.43057e-05
0.00521497
0.00543056
-4.51761e-05
0.0154784
0.00853524
0.000937885
-0.00472278
-0.00400798
-0.00272793
0.00194362
0.000227204
0.000212867
0.00517353
0.00393359
0.00389353
0.00147069
-0.000407209
0.00211984
-0.00380373
0.00232721
-0.00348742
-0.00354589
-0.00561001
0.00105983
-0.00189303
-0.00566662
0.00346629
-0.00241227
-0.00229594
0.00233226
0.00206697
0.000312666
-0.00346062
-0.00129863
0.00022289
0.00334398
0.00414374
0.00021419
0.0067181
-0.00450912
-0.00331899
0.00727305
-0.00181981
-0.00200437
0.000372994
0.000780954
-0.00258837
-3.96568e-05
0.000901578
-0.00239869
0.0046553
0.00618946
-0.00330363
-0.00217101
0.00671215
0.00700143
-0.00432922
-0.00493709
0.00459259
-0.00337291
-0.00454452
0.00595398
-0.00255454
-0.00238772
0.00169795
0.000872353
-0.00180963
0.00151179
0.00109389
-0.00200483
0.0492355
0.034614
0.00014474
0.000749142
0.0114853
0.00286043
-0.000298497
0.0213735
0.00053955
0.000593784
0.0105715
0.0122686
0.000682471
0.00625239
0.00844057
0.000746864
-0.00342019
0.0202921
0.0181347
-0.00273697
-1.4136e-05
0.00010804
0.00999027
0.00761142
0.000701257
0.0141346
0.0139172
0.000584985
0.00546696
0.000263081
0.014531
0.0091924
-0.00339009
-0.00274736
0.0181223
0.0202677
0.00546013
0.00918177
0.0145212
0.00027996
0.000700801
0.000585113
0.0139055
0.014101
-1.41099e-05
0.00758822
0.0099848
0.000108041
0.0492397
0.000746333
0.0001604
0.0345156
0.000682102
0.000745758
0.00842548
0.00624687
0.000539567
0.0122786
0.0105601
0.000593268
0.0114476
0.0212246
-0.000300756
0.00288584
0.00591938
0.016484
0.000479929
0.00030809
0.0432143
0.00665002
0.00675176
0.033277
0.0104812
0.0114297
0.0181113
0.0101656
-0.000625693
0.019966
0.00619745
0.0164833
0.0185779
0.0357419
0.0025304
0.032735
0.0422286
-0.00372375
-0.00162094
0.0386116
-0.00376707
-0.00386105
0.00129316
0.000593376
0.0427207
0.0399488
0.00337559
0.00498966
0.0191071
0.0238704
0.00672656
0.0251183
0.0203728
-0.0140562
0.00305245
0.0148428
0.00200296
-0.000429595
0.00362189
0.00593407
0.0264025
0.01924
0.00697955
-0.00469508
0.00874478
-0.000418614
-0.000233482
0.019894
-0.0156872
0.00335005
0.0145813
0.00252622
-0.00400403
0.0021613
0.0104119
-0.013976
0.0234996
0.0230473
-8.25265e-05
-0.00479747
0.00583414
0.000300834
0.000477639
0.014892
-0.000625718
0.0167196
0.00621261
0.0200483
0.00996464
0.0101373
0.0180848
0.011399
0.043186
0.033287
0.00672832
0.00667242
0.00875652
0.0198995
-0.000240816
-0.00040683
0.0235021
-0.00481528
-8.47151e-05
0.0229029
-0.00415529
-0.0140934
0.00989906
0.0020544
-0.0156921
0.00252345
0.0144502
0.00328827
0.0184545
0.0250005
0.00675959
0.0239596
0.0264389
-0.00469501
0.00696629
0.0188894
0.00185733
0.00586582
0.0036057
-0.000430205
0.0203218
0.0150201
0.0026834
-0.0140917
0.0189428
0.0326933
0.00252608
0.0355856
0.0425675
0.00499322
0.00336353
0.0397568
-0.00376752
0.000592877
0.0012778
-0.0038614
0.0426924
0.0385146
-0.00162184
-0.00372422
0.00553212
-0.00177977
-0.000782948
0.00703878
-0.00238955
-0.00142429
0.000428035
-9.0502e-05
-0.00188585
-0.00157732
0.0112506
0.00443244
0.00281988
0.0268433
0.0147876
-0.00431968
0.0054312
0.00704383
-0.000191677
-0.00130534
0.00278797
-0.00435602
0.0148036
0.0268417
-0.0018856
0.00443379
0.0110412
-0.00161516
-0.00239972
-0.000654537
5.45515e-06
-0.00142306
-0.00118949
0.00211876
0.00162876
0.00461506
-0.00995429
0.0074045
0.00558237
0.0045006
-2.91777e-05
-5.81749e-07
-8.75183e-06
0.000106599
0.00331992
0.0029504
-0.00246479
-0.00262735
-0.00124174
0.00465455
0.0017804
0.00206803
0.00347656
-0.00267327
-0.0025071
0.00314386
-2.94082e-05
0.00010632
-0.000180809
-2.39776e-05
-0.00996154
0.00442305
0.00548412
0.00740875
-0.00938078
-0.0250463
0.0181548
0.0256732
-0.0204692
0.00371933
0.00560159
-0.022294
0.000205439
0.000240859
0.0023379
0.000645273
9.70634e-05
0.00495691
0.00325575
0.00018755
0.0101945
0.00345089
0.00287882
0.0226221
0.00199413
0.00119216
0.00202415
0.0029956
0.000629361
0.00115645
0.00152365
0.000886713
-0.0113138
0.00238716
0.00254927
0.00247194
0.00989233
0.0227292
0.00285195
0.00347171
-0.0113406
0.00244856
0.00252011
0.00240451
0.00063173
0.000886858
0.00151724
0.00114988
0.00199285
0.00305053
0.00202031
0.00119195
-0.00936697
0.0255968
0.0181448
-0.0249838
0.000109727
0.000187359
0.00325226
0.00492069
0.000225153
0.000891135
0.00233389
0.000240263
-0.0204526
-0.0223161
0.00561251
0.00372675
-9.71207e-05
0.00369487
-0.0724261
0.0210634
-0.000638795
-0.0528593
-0.0424797
0.00896103
0.00244242
0.0125353
0.0094674
-3.7179e-05
0.00520692
0.0132121
-0.0723596
0.0132935
-4.61447e-05
0.0210633
-0.0693907
0.00372849
0.0051962
0.0135736
-0.071951
0.0131706
0.00244778
-0.000254166
0.00990356
0.0129246
-0.000590127
0.00900338
-0.0424024
-0.0528255
0.019032
0.0281067
0.00473042
0.006325
0.0279306
0.000245321
0.000743586
0.0277217
0.000260429
0.000670994
0.00954682
0.00780753
0.00496759
0.0153384
0.0155147
0.00403335
0.0191581
0.00664696
0.00490891
0.0290839
0.00497734
0.00426613
0.0154135
0.0154904
0.000259629
0.00779842
0.00954807
0.000676592
0.0279569
0.0277172
0.000639058
0.000266576
