-0.695969
0.175
-1.965
-0.602104
0.245
2.045
-0.705
0.545
-1.84836
-0.415
0.845
2.01845
0.695668
0.175
-1.965
0.601799
0.245
2.045
0.705
0.545
-1.84816
0.415
0.845
2.01813
0.0525494
0.109529
0.224708
0.199319
0.0526225
0.109529
0.224793
0.199112
-0.0955874
-0.0250386
0.0369824
0.0711878
-0.00249336
-0.077289
-0.134395
-0.0725903
0.0156435
0.0855392
0.107178
0.00428146
-0.0714664
-0.123364
-0.0208491
0.0698539
0.223528
0.199169
0.0378244
-0.0361333
-0.0767393
0.18686
0.277825
0.382166
0.364594
0.245159
0.154826
0.0946776
-0.10993
-0.039426
0.0174317
0.0722287
-0.00542684
-0.0853487
-0.144284
-0.0922769
-0.0831244
-0.136174
-0.0567237
-0.0591553
-0.0946077
0.168275
0.26373
0.382726
0.364877
0.233665
0.139673
0.0808128
-0.109916
-0.0394079
0.0174775
0.072232
-0.0054303
-0.0853565
-0.144297
-0.0922673
-0.0831311
-0.136187
-0.0567145
-0.0591688
-0.0946268
0.168286
0.263741
0.382716
0.364823
0.233612
0.139634
0.0807817
-0.0955553
-0.0249934
0.0370363
0.0711755
-0.00251036
-0.0773104
-0.134423
-0.0725612
0.0156869
0.0856001
0.107133
0.00426453
-0.0714887
-0.123395
-0.0208211
0.0698973
0.223574
0.198994
0.0377668
-0.0361727
-0.0767808
0.186881
0.277843
0.382145
0.364502
0.245064
0.154752
0.0946163
0.023339
0.00434521
0.0283393
0.0816674
0.0377846
0.115885
0.126498
0.217664
0.0093089
0.157221
0.0232891
0.0342928
0.0817066
0.115885
0.217798
0.157026
0.0735266
0.218893
0.0502619
0.331786
0.111733
0.21305
0.426215
0.528958
0.0735977
0.218781
0.331749
0.212883
0.185696
0.185858
0.0336048
0.281351
0.143454
0.257966
0.257826
0.0705434
0.635766
0.377958
0.378638
0.0997004
0.249981
0.129135
-0.00279984
0.00404566
0.0243217
0.0434896
0.0364902
0.0953235
0.004383
0.0904444
0.148645
-0.0100625
0.00645847
0.0565192
0.00405343
-0.00278497
0.0128349
0.0365099
0.0435407
0.0951278
0.0901701
0.00429826
0.148404
0.00638281
-0.00987793
0.0564827
0.0507364
0.0638487
0.179612
0.0524994
0.114236
0.0852856
0.310004
0.110111
0.227375
0.253357
0.22064
0.399005
0.185227
0.333757
0.203293
0.523109
0.0507407
0.052507
0.0639163
0.179558
0.114237
0.11011
0.0852605
0.309899
0.22715
0.399164
0.253155
0.22046
0.185069
0.5229
0.333573
0.202989
0.148484
0.166817
0.0184286
0.176181
0.174329
0.0337189
0.300216
0.127752
0.0764181
0.0840683
0.341564
0.108651
0.229129
0.280585
0.21683
0.272681
0.101391
0.0408603
0.392748
0.24822
0.14837
0.165959
0.175438
0.0345901
0.300116
0.127749
0.341797
0.108651
0.217135
0.272827
0.392918
0.248223
0.215155
0.0742699
0.216296
0.238332
0.0447914
0.0612102
0.278049
0.373113
0.0879017
0.109717
0.2944
0.628641
0.306495
0.575752
0.601898
0.398839
0.215091
0.0742763
0.216486
0.238201
0.277865
0.374146
0.294154
0.628795
0.12905
0.197268
0.245285
0.156615
0.129829
0.156466
0.245454
0.197952
0.0180752
0.0185131
0.0452333
0.0447919
0.204752
0.311873
0.312
0.20442
0.13864
0.21672
0.216873
0.139228
0.197967
0.231775
0.312223
0.274737
0.197904
0.27452
0.311814
0.23171
0.063381
0.0633878
0.0884863
0.0884831
0.547839
0.599771
0.599753
0.547751
0.339148
0.251251
0.278757
0.408451
0.339381
0.408799
0.278722
0.251202
0.114192
0.114192
0.078849
0.0788492
0.39218
0.101346
0.101763
0.392249
0.0782524
0.078575
0.0344988
0.034236
-0.002041
0.00363512
0.0186124
0.0322408
0.03178
0.062852
0.00254982
0.0540555
0.0916963
-0.0648096
0.0060939
0.00949918
0.0036417
-0.00238072
0.0186281
0.0318228
0.0322501
0.0579193
0.0539872
0.00250734
0.0910593
0.00611496
-0.0645667
0.00946975
0.0521705
0.0646012
0.175796
0.0521859
0.111794
0.0928605
0.284405
0.109452
0.223614
0.254184
0.224073
0.340658
0.1922
0.281992
0.204224
0.432131
0.0522568
0.0521981
0.0646008
0.17577
0.111795
0.109451
0.0928448
0.284395
0.223422
0.340507
0.253978
0.223874
0.192003
0.431919
0.281835
0.204008
0.0117663
0.024649
0.103036
0.0150407
0.00421445
0.0042202
0.0131015
0.205836
0.0339477
0.0452373
0.162451
0.03381
0.0659708
0.0318244
0.231939
0.115204
0.0408326
0.0411818
0.0567121
-0.032143
0.112518
0.113378
0.30962
0.112316
0.114466
0.114697
0.188304
0.216222
0.188839
0.226735
0.229756
0.27848
0.00902814
0.00681675
0.0424134
-0.00839081
0.116074
0.178957
0.307972
0.232307
0.0118327
0.024901
0.102891
0.0151645
0.033982
0.0402948
0.16401
0.0351135
0.0659953
0.0321941
0.231536
0.115307
0.112241
0.113378
0.308783
0.112317
0.188879
0.22662
0.229844
0.278661
0.115937
0.178713
0.307962
0.23228
0.0681595
0.0733876
0.220502
0.0708159
0.200327
0.238484
0.227046
0.228597
0.0502999
0.0503036
0.0503807
0.0557351
0.325651
0.338108
0.289118
0.369902
0.111705
0.111705
0.0944481
0.110746
0.217202
0.207642
0.277929
0.469756
0.419301
0.419907
0.341257
0.500994
0.53283
0.532565
0.569465
0.467984
0.0682369
0.0733648
0.220483
0.0708274
0.200249
0.238392
0.22725
0.228477
0.325574
0.337981
0.288978
0.370419
0.217027
0.207473
0.277751
0.469476
0.169545
0.180129
0.198711
0.201057
0.169621
0.18077
0.198857
0.201234
0.0283222
0.0336776
0.0341122
0.0391969
0.259221
0.280334
0.280523
0.304257
0.143436
0.129259
0.269883
0.143458
0.236133
0.24804
0.267875
0.281591
0.236034
0.247904
0.267731
0.281403
0.0717366
0.0666867
0.0758469
0.0717403
0.640492
0.628687
0.624581
0.64115
0.356518
0.362133
0.402412
0.375823
0.356831
0.362315
0.402502
0.377034
0.0944375
0.104176
0.104176
0.10379
0.168933
0.251205
0.251197
0.326857
0.131317
0.0723816
0.0939635
0.131359
0.0859306
0.0697089
0.0127726
0.146375
0.125666
0.0194866
0.177962
0.0783181
0.0577882
0.085965
0.218286
0.0841329
0.103605
0.131866
0.156296
0.192641
0.158299
0.252529
0.203002
0.0185277
0.0593069
-0.0140555
0.192739
0.100384
0.0129933
0.147324
0.0861209
0.0700553
0.124199
0.0180293
0.0577903
0.085974
0.178127
0.0783724
0.218264
0.0841059
0.157349
0.19306
0.103434
0.131618
0.158171
0.252323
0.0588171
-0.0141406
0.20291
0.017536
0.19286
0.100551
0.183746
0.0463271
0.198317
0.0621242
0.207017
0.188791
0.0503794
0.0579391
0.304194
0.113744
0.242814
0.0867557
0.249639
0.338547
0.0954255
0.112956
0.249383
0.29216
0.246097
0.264537
0.268005
0.468373
0.317635
0.476684
0.341955
0.365921
0.319917
0.378797
0.280872
0.457697
0.56593
0.461317
0.18429
0.046549
0.0506103
0.0579464
0.198295
0.0621345
0.207505
0.188728
0.303372
0.113743
0.0954264
0.112956
0.242786
0.0867558
0.249558
0.338711
0.249506
0.29213
0.319004
0.476684
0.245891
0.264341
0.267729
0.46806
0.341856
0.365858
0.565926
0.461328
0.319634
0.378785
0.280685
0.457389
0.138318
0.155565
0.141323
0.206474
0.018267
0.0184837
0.160495
0.161887
0.159457
0.185737
0.0281891
0.0392544
0.280084
0.288848
0.0735633
0.0902062
0.0776346
0.0776349
0.0809666
0.0822213
0.340692
0.325089
0.110503
0.100131
0.222393
0.222438
0.262952
0.263022
0.231329
0.187931
0.242576
0.29215
0.102481
0.102347
0.0400352
0.0397165
0.348473
0.416585
0.322959
0.165571
0.138385
0.155399
0.206508
0.14137
0.160349
0.186626
0.0288394
0.03991
0.288688
0.279941
0.0740218
0.0902757
0.340935
0.32532
0.110503
0.100131
0.188154
0.231538
0.292174
0.242568
0.416679
0.348184
0.165603
0.323015
0.207031
0.223035
0.0670762
0.0775439
0.206839
0.227158
0.218135
0.260021
0.0450252
0.0448052
0.0610153
0.0610189
0.254684
0.301984
0.356823
0.395003
0.0874762
0.0874744
0.111954
0.111954
0.304209
0.284634
0.611184
0.622066
0.308352
0.308136
0.571196
0.571596
0.60879
0.608417
0.398709
0.398699
0.206972
0.222965
0.0670827
0.0775484
0.227298
0.207273
0.218048
0.259771
0.301747
0.254576
0.356997
0.395086
0.284418
0.303976
0.621988
0.611099
0.0864173
0.150008
0.165956
0.0944004
0.209143
0.217346
0.193515
0.172948
0.251342
0.244166
0.213136
0.239111
0.104754
0.103016
0.177722
0.206114
0.0852954
0.0944184
0.166589
0.150135
0.104642
0.205976
0.181757
0.10282
0.251024
0.239649
0.213316
0.244232
0.210001
0.173976
0.194051
0.217684
0.0131836
0.0129528
0.0282706
0.0288919
0.0124554
0.0288147
0.0285962
0.0130617
0.0512154
0.0505065
0.0395682
0.0408297
0.0510861
0.0400677
0.0392408
0.050392
0.167596
0.268271
0.255795
0.17798
0.296328
0.335839
0.301651
0.280524
0.295789
0.279978
0.301642
0.33484
0.167725
0.178003
0.255809
0.268377
-0.058994
-0.00100542
0.128695
0.188557
0.133136
0.230245
0.252061
0.13309
0.132879
0.1337
0.252372
0.230684
-0.058984
0.188634
0.128712
-0.000977497
0.187103
0.209437
0.227064
0.209231
0.256343
0.269361
0.245144
0.23166
0.280724
0.279573
0.292032
0.310909
0.261134
0.24917
0.270788
0.274172
0.187079
0.209149
0.226972
0.209415
0.260878
0.273907
0.270606
0.249104
0.280535
0.311108
0.291829
0.279395
0.256313
0.231635
0.245039
0.269271
0.0575053
0.0556566
0.0663755
0.065821
0.0575172
0.0658315
0.0663792
0.0556602
0.0945671
0.0942345
0.0754182
0.075969
0.0945674
0.0759627
0.0754156
0.0942333
0.409336
0.465345
0.629262
0.496182
0.447031
0.574962
0.63101
0.464691
0.446621
0.464425
0.631123
0.574445
0.409899
0.496581
0.629456
0.465044
0.30314
0.307548
0.359784
0.35583
0.141908
0.185065
0.344983
0.299612
0.0641949
0.271856
0.356355
0.215019
0.29772
0.385664
0.399284
0.351662
0.303334
0.355996
0.359965
0.306732
0.297668
0.352081
0.399378
0.386283
0.0642258
0.215031
0.356212
0.271927
0.141891
0.299622
0.34527
0.184988
0.110301
0.111851
0.107147
0.111085
0.110301
0.111085
0.107147
0.111851
0.0572726
0.0572513
0.0972849
0.10415
0.057285
0.104116
0.097285
0.0572502
0.407343
0.301347
0.327878
0.469896
0.0589572
0.0482888
0.169653
0.154178
0.0588715
0.154186
0.169602
0.0481831
0.40708
0.469841
0.327873
0.301299
0.0658813
0.0970974
0.072684
0.101822
0.0658715
0.101813
0.0734639
0.0971626
-0.0277828
-0.0114719
0.0946422
0.0755861
-0.0280199
0.0753417
0.0946606
-0.011358
0.00362457
0.00335121
0.0157016
0.00641654
0.0227033
0.0401159
0.000504876
0.0304536
0.0511123
-0.0279786
0.00611042
0.00530893
0.00335721
0.00348636
0.0157113
0.0225155
0.00629485
0.0401225
0.0308136
0.000616822
0.0510323
0.00609107
-0.0283312
0.00529569
0.0590466
0.0553727
0.171428
0.0518555
0.110553
0.100952
0.235827
0.109242
0.224299
0.244285
0.224541
0.292272
0.195826
0.233455
0.200874
0.323997
0.0591123
0.051868
0.0554445
0.171118
0.110554
0.109242
0.100946
0.235885
0.224026
0.292015
0.244027
0.224361
0.195643
0.323711
0.233334
0.201826
0.0181432
0.0257071
0.0732429
-0.00665347
0.00430414
0.00430489
0.0104132
0.202541
0.0367768
0.0424162
0.160021
0.0337116
0.0758253
0.0692203
0.190597
0.102073
0.0549994
0.0552374
0.0472656
0.0763995
0.117128
0.114608
0.28774
0.114553
0.12141
0.121654
0.160545
0.187819
0.206909
0.224332
0.234813
0.278619
0.0092313
0.00694037
0.0179174
0.0246628
0.140264
0.171411
0.186608
0.227788
0.0181572
0.0256636
0.0731646
-0.00651103
0.036808
0.042429
0.161934
0.0352319
0.0758739
0.0693268
0.189577
0.102163
0.117135
0.114608
0.288108
0.114553
0.206929
0.224454
0.234689
0.278695
0.140119
0.171166
0.186525
0.227468
0.0708418
0.0709844
0.202111
0.0701706
0.209979
0.22901
0.230765
0.223744
0.0502844
0.050286
0.057727
0.0529983
0.331509
0.334766
0.301826
0.359422
0.111719
0.111719
0.103047
0.111237
0.215327
0.210356
0.249874
0.343289
0.42459
0.424256
0.383546
0.463871
0.531944
0.531585
0.550801
0.502106
0.070916
0.0709648
0.20218
0.0701833
0.209887
0.228825
0.230976
0.223629
0.331437
0.334599
0.301673
0.359754
0.215146
0.210221
0.249667
0.342963
0.178936
0.182943
0.192509
0.193331
0.179094
0.183344
0.192656
0.193496
0.0309665
0.0336563
0.0338724
0.0364009
0.271871
0.280667
0.281366
0.293584
0.145262
0.136361
0.259442
0.145273
0.247701
0.25298
0.262945
0.27076
0.247581
0.252843
0.262781
0.270593
0.071949
0.0694251
0.0749036
0.0719512
0.638963
0.635202
0.631291
0.639563
0.37657
0.369714
0.390487
0.377
0.379308
0.369875
0.390603
0.377952
0.0989749
0.101938
0.101938
0.101735
0.209587
0.250672
0.250671
0.288419
0.130357
0.108855
0.117712
0.130355
-0.00868941
0.00441794
0.0555765
0.0506716
0.00386473
0.00410248
0.0100958
0.149298
0.0214732
0.0271683
0.123643
0.0200058
0.0352704
0.0548673
0.114709
0.0667318
0.0343593
0.0387704
0.0476634
0.0767831
0.0830835
0.106458
0.195316
0.0912638
0.00361239
0.00744291
0.059584
0.0807249
0.0731739
0.10365
0.127064
0.142211
0.125512
0.168918
0.154786
0.246965
-0.0437662
0.0163018
0.134791
0.00631982
0.00624111
0.00667287
0.0315523
0.0159475
0.0240753
0.0903374
0.109865
0.085572
0.00387064
0.00410906
0.0102075
0.149279
-0.00885224
0.00439939
0.0556241
0.0492336
0.0214931
0.0271967
0.121578
0.0176036
0.0345042
0.0388641
0.0476663
0.0768189
0.0353675
0.0548948
0.114644
0.0667275
0.0830525
0.106394
0.195258
0.0912655
0.0726302
0.103674
0.127046
0.142444
0.0034702
0.00775523
0.0593078
0.0806355
0.12518
0.168684
0.154552
0.246908
0.00617361
0.00664027
0.0308745
0.0154853
-0.0438277
0.0165044
0.134795
0.00649874
0.0239261
0.0902343
0.10969
0.0855572
0.0491964
0.039026
0.178724
0.0469785
0.061023
0.0654761
0.186496
0.061712
0.185753
0.190875
0.210193
0.184202
0.0521883
0.050312
0.0576976
0.0552189
0.113007
0.113826
0.283411
0.114975
0.0877002
0.0758033
0.228745
0.0859887
0.300258
0.319513
0.273031
0.327845
0.109896
0.111692
0.10277
0.112315
0.225216
0.227659
0.244531
0.284838
0.255331
0.246782
0.248042
0.259091
0.222337
0.218931
0.249876
0.323939
0.376327
0.412135
0.357661
0.437801
0.188122
0.178175
0.236844
0.341377
0.31878
0.340106
0.325975
0.351387
0.204477
0.205945
0.244064
0.340751
0.507123
0.530658
0.546437
0.495474
0.0492632
0.0432673
0.179123
0.0470905
0.052199
0.0503177
0.0578152
0.0552266
0.0610921
0.0655584
0.186296
0.0617242
0.185689
0.190822
0.210593
0.184142
0.113007
0.113891
0.283686
0.114974
0.109895
0.111691
0.102771
0.112314
0.0876818
0.0757771
0.228667
0.0859864
0.300145
0.31942
0.272928
0.328053
0.225004
0.227605
0.244695
0.284692
0.37553
0.412259
0.357893
0.437801
0.255085
0.246591
0.247847
0.258884
0.222157
0.218757
0.249668
0.323614
0.187463
0.178198
0.236769
0.341274
0.507734
0.530479
0.54628
0.495348
0.318571
0.340472
0.325716
0.351162
0.204275
0.205751
0.243931
0.340478
0.12803
0.160217
0.143889
0.153111
0.135862
0.144568
0.152923
0.185855
0.0157686
0.021088
0.0183631
0.0184703
0.202256
0.122325
0.171729
0.171867
0.166057
0.177233
0.169164
0.180001
0.0336867
0.0336835
0.0309587
0.0364869
0.267954
0.330044
0.29166
0.298988
0.122871
0.129721
0.121831
0.115361
0.066999
0.0858372
0.0770264
0.0770263
0.101988
0.0782324
0.0826985
0.0832155
0.326448
0.348829
0.341252
0.335183
0.110889
0.106414
0.109567
0.106144
0.210243
0.245562
0.226228
0.225943
0.268763
0.277346
0.275136
0.275113
0.223576
0.205651
0.22419
0.201829
0.267056
0.276569
0.25906
0.282318
0.077177
0.148901
0.101978
0.101897
0.0110112
0.0702162
0.040684
0.0400787
0.376653
0.402129
0.371676
0.4099
0.240894
0.249789
0.285519
0.206908
0.127881
0.160378
0.143874
0.152967
0.135771
0.144584
0.184809
0.153606
0.167713
0.178109
0.170178
0.180999
0.0347719
0.0343365
0.0317176
0.03725
0.267919
0.329967
0.298491
0.291504
0.122895
0.129877
0.121859
0.115386
0.326699
0.349057
0.341481
0.339433
0.110889
0.106414
0.109567
0.106147
0.223681
0.205778
0.203491
0.224449
0.267118
0.277194
0.282646
0.259069
0.376502
0.402283
0.410009
0.371498
0.240878
0.249786
0.206919
0.285561
0.23223
0.224925
0.211187
0.219095
0.0716252
0.0715254
0.0696707
0.0749052
0.222806
0.208838
0.211438
0.221483
0.23345
0.243186
0.228763
0.249901
0.0475902
0.041994
0.0449197
0.0448106
0.0584729
0.0639479
0.0611139
0.0611156
0.283298
0.272657
0.266971
0.291726
0.371698
0.374358
0.364953
0.384703
0.0905619
0.0784996
0.0876892
0.0876882
0.110225
0.10902
0.110836
0.110836
0.291956
0.290221
0.299438
0.28951
0.594083
0.63906
0.624029
0.628001
0.298343
0.314483
0.306524
0.306372
0.538408
0.611909
0.575655
0.575833
0.587567
0.614333
0.606383
0.606359
0.433391
0.364352
0.398839
0.398836
0.232115
0.224851
0.211122
0.219029
0.0716344
0.0715313
0.0696771
0.0749106
0.223304
0.209022
0.221639
0.211744
0.233324
0.243053
0.228657
0.249736
0.283151
0.272512
0.291594
0.266842
0.372744
0.375614
0.365105
0.38481
0.291731
0.29001
0.289294
0.299199
0.593813
0.639248
0.627917
0.624062
0.108926
0.12914
0.132381
0.149278
0.190375
0.203801
0.19149
0.202185
0.251946
0.246428
0.23837
0.236165
0.13399
0.157695
0.157187
0.175633
0.109522
0.128656
0.132581
0.149161
0.133856
0.157447
0.157039
0.175745
0.252036
0.24673
0.238551
0.238073
0.191029
0.204383
0.192275
0.202741
0.0154267
0.0186622
0.0181545
0.0208591
0.0157559
0.0181504
0.0184812
0.021404
0.0458269
0.0479245
0.0425715
0.0451181
0.0454954
0.0475909
0.042023
0.0447872
0.183677
0.199817
0.213474
0.225851
0.302271
0.29766
0.301951
0.318004
0.302446
0.312537
0.302305
0.318001
0.183527
0.199557
0.214015
0.225813
0.0981068
0.155488
0.135517
0.171889
0.18375
0.215388
0.212699
0.243921
0.215306
0.183755
0.244106
0.212712
0.155119
0.102208
0.17265
0.1355
0.209053
0.193358
0.202529
0.207798
0.255122
0.238722
0.226742
0.243287
0.323279
0.305169
0.311303
0.308675
0.269701
0.275755
0.268685
0.279679
0.208977
0.193302
0.20247
0.20773
0.269479
0.275485
0.268485
0.279465
0.317009
0.304944
0.312827
0.308431
0.255047
0.238652
0.226665
0.24331
0.0629798
0.0606604
0.0661021
0.0609157
0.0606674
0.0629884
0.0609211
0.0661087
0.0911345
0.087718
0.087263
0.0801877
0.0877162
0.0911329
0.0801842
0.0872604
0.520464
0.51268
0.582568
0.563241
0.569532
0.584781
0.612344
0.608296
0.584769
0.569452
0.608276
0.612359
0.51273
0.520253
0.564036
0.582463
0.320988
0.340024
0.339991
0.342169
0.214388
0.243845
0.266598
0.287425
0.243695
0.259523
0.284311
0.309994
0.395782
0.396889
0.412772
0.405296
0.321234
0.340292
0.34023
0.342369
0.395562
0.396761
0.412832
0.405356
0.243516
0.259119
0.284171
0.309919
0.214359
0.243661
0.266542
0.28777
0.115424
0.113568
0.114614
0.113073
0.115423
0.113568
0.114614
0.113073
0.0687523
0.0821803
0.0782403
0.0899003
0.0687512
0.0821947
0.0782408
0.0899005
0.380498
0.426495
0.359553
0.395535
0.072767
0.100051
0.101729
0.146924
0.0728495
0.10006
0.102061
0.146715
0.380434
0.426465
0.359585
0.39552
0.0855862
0.0873946
0.0759069
0.0790483
0.0873345
0.0856593
0.0802955
0.0762977
0.00709751
0.0273967
0.0385581
0.0628284
0.0277633
0.00738401
0.0628016
0.0383411
0.0542673
0.0504039
0.0102397
-0.0648371
0.0903345
0.0141305
0.0891335
0.0529821
0.045658
0.056785
0.118291
0.0605314
0.062854
0.0789566
0.0922097
0.103374
0.0998946
0.160396
-0.00416026
-0.0442578
0.0172077
0.00446509
0.0167583
0.0181241
0.00987733
-0.0508266
0.0534183
0.0506966
0.0899482
0.0137686
0.045656
0.05685
0.0889327
0.0530385
0.118137
0.0593507
0.0924677
0.102856
0.0627342
0.0787933
0.0996602
0.160437
0.0172014
0.00507193
-0.00312723
-0.0443712
0.0158282
0.0181383
0.146789
0.0509105
0.178681
0.0570553
0.206981
0.181417
0.0581502
0.0548451
0.228864
0.111046
0.237817
0.0916176
0.265849
0.298251
0.102044
0.109933
0.242059
0.284361
0.250918
0.257683
0.248013
0.328133
0.302841
0.375419
0.23722
0.301521
0.281847
0.290126
0.239135
0.333576
0.44071
0.419218
0.14671
0.0509838
0.0582144
0.0548575
0.178541
0.0570611
0.207322
0.181391
0.228764
0.111047
0.102044
0.109934
0.237788
0.0916155
0.265851
0.298039
0.241785
0.284227
0.30276
0.375298
0.252479
0.257453
0.247786
0.327952
0.237103
0.301282
0.440502
0.418855
0.281689
0.290194
0.238756
0.333836
0.0655271
-0.0237779
0.0700591
0.0936884
0.100189
0.105977
0.00934401
0.0397256
0.0102724
0.18573
0.0103271
0.185516
0.0130432
0.0130962
0.201115
0.201178
0.150053
0.0301982
0.170277
0.041176
0.158418
0.167642
0.0313537
0.0369384
0.152034
0.0881997
0.159952
0.0520718
0.217727
0.226811
0.110388
0.100855
0.0478643
0.0880393
0.0479026
0.0880824
0.0602634
0.060913
-0.031754
-0.0317458
0.273068
0.108548
0.284818
0.112573
0.308383
0.306695
0.111688
0.111334
0.149971
0.171636
0.14996
0.171049
0.183794
0.183965
0.235615
0.236816
0.200971
0.267052
0.245077
0.285328
0.237015
0.218661
0.273587
0.276276
0.0355801
0.0215759
0.0351188
0.0207065
0.0696416
0.0696668
-0.00948677
-0.00956029
0.155378
0.143664
0.219123
0.290658
0.291588
0.335019
0.266758
0.192977
0.0654492
-0.0237716
0.0697499
0.0940033
0.100198
0.105802
0.0399787
0.0094854
0.150282
0.0301655
0.170198
0.0408357
0.159264
0.168926
0.0319668
0.0379715
0.151942
0.0882802
0.160914
0.0524494
0.226664
0.21754
0.110473
0.100975
0.273743
0.108513
0.285052
0.112573
0.307624
0.308925
0.111688
0.111332
0.201071
0.267002
0.245205
0.285122
0.218731
0.237091
0.276369
0.273668
0.15525
0.14347
0.218983
0.290725
0.334868
0.291601
0.192976
0.266835
0.195361
0.0675253
0.211346
0.0774587
0.21498
0.226236
0.0706866
0.0760034
0.221009
0.204779
0.231886
0.243771
0.222279
0.231432
0.219323
0.239392
0.0577262
0.0529781
0.0577838
0.0529817
0.0504534
0.0503969
0.0556981
0.0556998
0.291933
0.346439
0.319284
0.364407
0.280534
0.300618
0.362858
0.381264
0.102924
0.111776
0.102924
0.111776
0.0931172
0.0931167
0.111298
0.111298
0.250309
0.334847
0.247514
0.344978
0.278809
0.276539
0.468523
0.467155
0.376658
0.45816
0.377038
0.458349
0.339362
0.339304
0.500666
0.500934
0.55544
0.504537
0.555345
0.504802
0.573189
0.573215
0.469512
0.469505
0.195348
0.0675387
0.211155
0.0774587
0.214959
0.226218
0.0706982
0.0760134
0.221299
0.204699
0.231763
0.243692
0.23174
0.222548
0.219224
0.239224
0.291807
0.34662
0.31917
0.364217
0.30052
0.28041
0.363004
0.381241
0.250101
0.334521
0.247354
0.34462
0.276358
0.278611
0.466887
0.468248
0.169824
0.173185
0.174071
0.186815
0.205974
0.190088
0.197222
0.207605
0.170151
0.174626
0.174653
0.187403
0.190229
0.206131
0.207764
0.197575
0.0283128
0.0284744
0.030977
0.036459
0.0313571
0.0368399
0.0393953
0.0392328
0.257568
0.257693
0.270127
0.291025
0.291213
0.270198
0.303467
0.303457
0.13607
0.24237
0.130865
0.130873
0.263475
0.263546
0.24209
0.136089
0.231565
0.240639
0.23821
0.260363
0.257139
0.280921
0.286713
0.276173
0.23147
0.240537
0.238097
0.260199
0.280761
0.257012
0.27598
0.286513
0.0690557
0.0744807
0.066531
0.066533
0.077433
0.0774312
0.0690594
0.074484
0.638468
0.637128
0.630674
0.630889
0.62878
0.628879
0.637417
0.638686
0.351268
0.358847
0.361032
0.356748
0.383782
0.400977
0.367688
0.388126
0.358873
0.351522
0.361217
0.363689
0.401077
0.384072
0.367848
0.388243
0.0958617
0.0958617
0.105651
0.102559
0.105651
0.102561
0.105468
0.105468
0.169303
0.169305
0.289568
0.210555
0.210504
0.289562
0.327657
0.327656
0.11648
0.119184
0.0721678
0.0729428
0.0943229
0.0944185
0.116521
0.119241
0.0831151
0.0888347
0.0848369
-0.00588449
0.0128514
0.0128433
-0.0828097
0.171796
0.107097
0.139699
0.016338
0.0219628
0.169143
0.166604
0.0727251
0.0902458
0.0583446
0.0575193
0.0775087
0.0920201
0.177979
0.258967
0.0711495
0.0951275
0.105046
0.102662
0.132227
0.128123
0.149496
0.168112
0.168161
0.216692
0.1313
0.181146
0.227096
0.26052
0.155088
0.211129
-0.0101199
0.0473977
0.0547354
0.0627073
-0.0212766
-0.0109367
0.135153
0.239586
0.0620439
0.138011
0.0125963
0.013008
-0.082885
0.171597
0.0827771
0.088864
0.0847989
-0.00594351
0.105768
0.139256
0.0152449
0.0211952
0.0583329
0.0575208
0.0773562
0.0920325
0.168966
0.165974
0.0726777
0.0902857
0.177868
0.259333
0.0711293
0.0950027
0.149544
0.168221
0.16643
0.216766
0.104896
0.102461
0.132149
0.128056
0.131008
0.181039
0.22713
0.260594
0.0541234
0.061986
-0.0211541
-0.0111288
0.154944
0.210965
-0.00994547
0.0475188
0.135201
0.239885
0.0620544
0.137989
0.201527
0.178346
0.0488589
0.0431973
0.19265
0.203876
0.0601671
0.0654473
0.209481
0.21238
0.197403
0.199343
0.0508233
0.0503764
0.0575829
0.0556128
0.310743
0.307109
0.112763
0.114316
0.248929
0.237391
0.0896668
0.0785381
0.270514
0.258243
0.328889
0.34381
0.0932916
0.0926882
0.113327
0.112404
0.250101
0.251171
0.299236
0.285516
0.250497
0.249475
0.265337
0.257774
0.264546
0.271354
0.444667
0.465457
0.296126
0.329235
0.453098
0.489053
0.318498
0.349178
0.409805
0.335057
0.311106
0.318253
0.351809
0.385994
0.280849
0.280301
0.452519
0.461655
0.542725
0.573847
0.456346
0.467814
0.202054
0.179118
0.0490297
0.0436892
0.0510014
0.0505488
0.0575925
0.0556185
0.192625
0.203855
0.0601782
0.0654575
0.210218
0.212792
0.197333
0.19928
0.3108
0.305618
0.112763
0.114316
0.0932917
0.0926894
0.113327
0.112404
0.248894
0.237367
0.0896663
0.0785411
0.270692
0.258153
0.328358
0.344002
0.2497
0.251231
0.2992
0.285484
0.296105
0.330357
0.452655
0.489268
0.250166
0.249876
0.2651
0.25757
0.264331
0.271
0.444474
0.464173
0.318409
0.349113
0.41042
0.334998
0.543375
0.573774
0.456836
0.467848
0.310837
0.31803
0.351721
0.385818
0.280666
0.280117
0.452266
0.461386
0.155908
0.117472
0.131845
0.167432
0.114458
0.129608
0.234013
0.169936
0.0156128
0.0209884
0.0212596
0.0157754
0.121491
0.187493
0.18741
0.121505
0.151603
0.161614
0.189704
0.178301
0.0282111
0.0284538
0.0395914
0.0392347
0.246276
0.31244
0.321585
0.255423
0.0730187
0.109382
0.0833325
0.0926552
0.0678745
0.0878688
0.0878688
0.0678741
0.0913043
0.0763029
0.0779664
0.0914529
0.323297
0.344184
0.335276
0.314515
0.108825
0.112237
0.102923
0.0987082
0.240937
0.201812
0.201924
0.240935
0.25706
0.259044
0.259097
0.257122
0.238014
0.219819
0.181907
0.201628
0.235584
0.249289
0.297906
0.286155
0.07693
0.151187
0.151097
0.0773051
0.0103018
0.0684232
0.0683443
0.0101141
0.327574
0.349983
0.410434
0.40104
0.312357
0.325493
0.167753
0.160013
0.117549
0.156405
0.167656
0.131887
0.169788
0.234429
0.129626
0.11398
0.162325
0.153106
0.179259
0.19042
0.0287421
0.028701
0.0397264
0.0402981
0.255319
0.321473
0.312284
0.246204
0.109449
0.073779
0.0926357
0.083296
0.344364
0.323541
0.314536
0.33588
0.112237
0.108825
0.0987082
0.102916
0.201772
0.183614
0.220659
0.238106
0.28621
0.298069
0.249483
0.235627
0.401174
0.410505
0.349925
0.327356
0.160034
0.167757
0.325483
0.312256
0.220554
0.216237
0.233379
0.243434
0.0661276
0.0683355
0.07917
0.0768183
0.213477
0.2002
0.220211
0.23367
0.222582
0.213683
0.254612
0.265399
0.0477693
0.0422965
0.0420229
0.0476034
0.0583361
0.0636949
0.0636986
0.0583398
0.260754
0.249624
0.297248
0.307076
0.358275
0.356496
0.393505
0.397085
0.0902369
0.0780737
0.0780714
0.0902356
0.111897
0.111817
0.111817
0.111897
0.29884
0.300627
0.279521
0.284696
0.575897
0.62531
0.630994
0.585896
0.293505
0.311936
0.311931
0.30384
0.605926
0.533358
0.534488
0.606016
0.59341
0.621351
0.621031
0.59311
0.365015
0.434087
0.434075
0.36501
0.216165
0.220516
0.24378
0.233299
0.0683445
0.0661332
0.0768226
0.0791758
0.234349
0.22033
0.200684
0.213856
0.213598
0.22249
0.265222
0.254436
0.306876
0.297058
0.249516
0.260558
0.356824
0.35845
0.39717
0.393882
0.284436
0.279314
0.300411
0.298602
0.585569
0.630922
0.625247
0.575889
0.0627184
0.108101
0.107539
0.0497836
0.157373
0.160845
0.142056
0.137143
0.176528
0.158222
0.152672
0.171556
0.0702785
0.0604016
0.111274
0.123624
0.156424
0.207596
0.201558
0.187566
0.226132
0.218113
0.208794
0.215856
0.190071
0.183456
0.195937
0.204357
0.165102
0.174651
0.184348
0.172275
0.243076
0.243222
0.250701
0.251159
0.242222
0.230841
0.245082
0.246256
0.200114
0.214617
0.227231
0.212714
0.223131
0.240483
0.244783
0.227238
0.061518
0.0610379
0.133397
0.128305
0.0748008
0.13141
0.133372
0.0597063
0.185301
0.196299
0.170182
0.163589
0.221412
0.176758
0.181434
0.212472
0.062413
0.049556
0.10714
0.10656
0.0702219
0.123552
0.111352
0.0603673
0.176899
0.172343
0.15334
0.158856
0.158503
0.136497
0.147119
0.162472
0.0612548
0.128025
0.133212
0.060593
0.221489
0.212561
0.182418
0.176608
0.185465
0.163741
0.170303
0.196409
0.0747423
0.0590959
0.133173
0.131269
0.242766
0.250883
0.25085
0.242958
0.223007
0.228011
0.245748
0.24029
0.200287
0.212839
0.229541
0.214776
0.242316
0.246186
0.245169
0.230939
0.156343
0.187933
0.202423
0.208402
0.165996
0.173537
0.185141
0.174812
0.190448
0.204685
0.196581
0.184251
0.226385
0.216194
0.209269
0.218396
0.010345
0.010038
0.0157595
0.0170708
0.0103601
0.0157067
0.0155017
0.0101638
0.0309875
0.0309502
0.0209085
0.0210529
0.0319583
0.0228898
0.0212956
0.0310729
0.0101656
0.0156886
0.0153759
0.00991103
0.0327012
0.031761
0.0211837
0.0216715
0.0311764
0.0211874
0.0213167
0.0315216
0.0103858
0.0102469
0.0157473
0.0157867
0.0578275
0.0579413
0.0484164
0.0493778
0.0577669
0.0476904
0.0478365
0.0577882
0.0366337
0.0370312
0.0424221
0.0421573
0.0380336
0.0439628
0.0430623
0.0375349
0.0577966
0.0492849
0.0481658
0.0578486
0.0374435
0.0366391
0.0425441
0.0440771
0.0364444
0.0420215
0.0420108
0.0364591
0.057739
0.0577009
0.0475868
0.0476082
0.0900831
0.216127
0.179902
0.113294
0.273509
0.251783
0.21724
0.257321
0.270979
0.243403
0.233692
0.265132
0.156031
0.139807
0.193393
0.206693
0.276011
0.336032
0.298627
0.282689
0.381786
0.296991
0.298374
0.369993
0.29242
0.287444
0.308566
0.314163
0.283636
0.285962
0.293584
0.276636
0.274717
0.282668
0.30839
0.335745
0.283502
0.276869
0.293573
0.285645
0.292535
0.314172
0.308665
0.287798
0.381588
0.369942
0.296766
0.296867
0.0901232
0.113327
0.180131
0.216204
0.156173
0.206347
0.193678
0.139816
0.271129
0.265164
0.233733
0.243471
0.273357
0.257204
0.217437
0.251768
0.0553131
0.0456512
0.117403
-0.0820567
-0.0145063
0.124758
0.0958666
-0.02762
0.138067
0.123827
0.134641
0.137093
0.197758
0.169895
0.174185
0.197727
0.0707941
0.125081
0.183322
0.0803642
0.177956
0.266458
0.241351
0.161778
0.25364
0.222212
0.240684
0.27076
0.0103498
0.0782698
0.180109
0.152787
0.0721355
0.0803577
0.183393
0.126911
0.0105093
0.152666
0.180078
0.0782488
0.253681
0.270675
0.24044
0.222192
0.177952
0.161755
0.241289
0.266374
0.0552775
-0.0823679
0.117334
0.0453254
0.197496
0.197691
0.174195
0.169842
0.138077
0.137109
0.138916
0.123834
-0.0144245
-0.0277047
0.095188
0.124677
0.174788
0.182821
0.203228
0.191578
0.199242
0.226423
0.214745
0.191431
0.242927
0.233479
0.212017
0.22044
0.214643
0.195116
0.20357
0.224043
0.245204
0.280567
0.262468
0.23321
0.297429
0.273998
0.249431
0.286574
0.25242
0.22914
0.238618
0.261738
0.206787
0.220065
0.249278
0.238068
0.236407
0.241093
0.30821
0.314912
0.248936
0.295282
0.302078
0.245843
0.275824
0.285676
0.305949
0.295427
0.311286
0.326949
0.315684
0.296186
0.246539
0.260324
0.270792
0.249004
0.234184
0.244641
0.26323
0.252295
0.265589
0.284911
0.274119
0.255156
0.250265
0.250255
0.280385
0.288489
0.174447
0.191511
0.203155
0.182815
0.214546
0.223941
0.203505
0.195055
0.24281
0.220366
0.211948
0.233369
0.19948
0.191147
0.214712
0.226312
0.24634
0.248794
0.270558
0.260086
0.250095
0.288248
0.280143
0.250046
0.265423
0.254975
0.273917
0.284701
0.234004
0.252103
0.263021
0.244481
0.236279
0.314652
0.307994
0.240951
0.311161
0.296083
0.314798
0.326717
0.27567
0.295212
0.305729
0.285515
0.248761
0.245687
0.301864
0.295031
0.244836
0.233217
0.262251
0.280675
0.206709
0.237949
0.249211
0.219971
0.252297
0.261609
0.238543
0.229063
0.297275
0.286469
0.249275
0.273879
0.0540622
0.0548854
0.0602817
0.0593838
0.052991
0.0584062
0.0582644
0.0529622
0.0692397
0.0688261
0.0635211
0.0638219
0.0676894
0.0649726
0.0656571
0.0710131
0.0540715
0.0593929
0.0602907
0.0548956
0.0677022
0.0710226
0.0656656
0.0649849
0.0692417
0.0638237
0.0635266
0.0688317
0.0529928
0.0529679
0.05827
0.0584079
0.101506
0.102458
0.0904998
0.0887955
0.102985
0.0903994
0.0899724
0.102763
0.0746922
0.0741768
0.0777597
0.0782867
0.0751061
0.0774928
0.0794557
0.0764389
0.101507
0.0887977
0.090499
0.102458
0.0750995
0.0764311
0.0794524
0.0774945
0.0746902
0.0782855
0.0777563
0.0741719
0.102984
0.102762
0.0899705
0.0903987
0.319732
0.331645
0.489183
0.414738
0.339795
0.588008
0.55146
0.329538
0.638195
0.609987
0.599823
0.635943
0.462956
0.450865
0.525978
0.537891
0.328696
0.527445
0.557145
0.337127
0.554263
0.591536
0.592964
0.553867
0.635006
0.636794
0.621236
0.618699
0.344091
0.343381
0.578358
0.590532
0.328448
0.336801
0.557273
0.527642
0.343731
0.5903
0.578046
0.343062
0.635366
0.61868
0.621229
0.636714
0.554199
0.553789
0.592928
0.591535
0.319255
0.41409
0.488878
0.332824
0.462867
0.53812
0.526668
0.450941
0.638359
0.636048
0.599865
0.610039
0.339446
0.329231
0.551315
0.588377
0.23036
0.277506
0.323774
0.321634
0.285937
0.324776
0.322188
0.284132
0.368785
0.366287
0.343184
0.346458
0.352924
0.338658
0.342992
0.364088
0.0783305
0.117726
0.208011
0.155926
0.177482
0.259289
0.231105
0.133348
0.364624
0.347802
0.300148
0.322483
0.290842
0.234529
0.278033
0.323547
0.00391839
0.0652703
0.214653
0.076356
0.173851
0.352705
0.298529
0.138604
0.384593
0.328275
0.316118
0.377938
0.18378
0.156686
0.251543
0.264897
0.236248
0.335956
0.379596
0.233369
0.364758
0.383224
0.400082
0.359795
0.389426
0.412521
0.407801
0.386361
0.207435
0.231176
0.401413
0.393291
0.229825
0.322155
0.323994
0.277539
0.353088
0.364437
0.343158
0.338853
0.368949
0.346657
0.343386
0.366441
0.286184
0.28441
0.322436
0.32502
0.236142
0.233355
0.379443
0.335998
0.207292
0.393093
0.401513
0.231119
0.389549
0.38647
0.407863
0.412597
0.364746
0.359567
0.40233
0.383624
0.00369444
0.0764129
0.214598
0.0652536
0.183721
0.264809
0.251505
0.156614
0.384868
0.377921
0.316134
0.328308
0.173582
0.138442
0.298339
0.352649
0.0782718
0.155812
0.207914
0.117151
0.293934
0.327709
0.278266
0.234692
0.371925
0.32239
0.300089
0.354388
0.17754
0.133294
0.231061
0.259207
0.110242
0.112497
0.114369
0.11381
0.111506
0.111061
0.112732
0.112045
0.103693
0.107609
0.113216
0.110418
0.113551
0.115675
0.116097
0.111553
0.110242
0.113809
0.114369
0.112497
0.113551
0.111553
0.116097
0.115675
0.103693
0.110418
0.113216
0.107609
0.111506
0.112045
0.112732
0.111061
0.043324
0.0473743
0.0707569
0.0752385
0.0564046
0.0674355
0.0683135
0.0477845
0.100768
0.104354
0.0888845
0.086853
0.114293
0.10188
0.0929582
0.10862
0.0437227
0.0756933
0.070767
0.0473747
0.114311
0.108621
0.0929694
0.101922
0.100767
0.086853
0.0888845
0.104352
0.0568036
0.0477637
0.0683127
0.0674355
0.312205
0.321587
0.417215
0.4873
0.260165
0.276316
0.34822
0.318467
0.28934
0.364817
0.362301
0.287565
0.504152
0.501794
0.431253
0.434064
0.00874864
0.0289418
0.0690887
0.0477792
0.0295643
0.0769303
0.0751122
0.0335864
0.210044
0.209025
0.149645
0.150716
0.192565
0.124563
0.143037
0.201374
0.00862332
0.0477206
0.069118
0.0286482
0.192364
0.201377
0.143275
0.124552
0.210043
0.150704
0.149481
0.209027
0.0294107
0.0327003
0.0751784
0.0773773
0.311968
0.487307
0.416846
0.321275
0.504118
0.43406
0.431281
0.502041
0.289338
0.287561
0.36232
0.364815
0.260103
0.318251
0.34814
0.276134
0.0404738
0.0680872
0.0808437
0.06052
0.0709826
0.0968257
0.0852848
0.0831442
0.112027
0.11769
0.0759728
0.0774064
0.0970152
0.0775564
0.0975495
0.1184
0.0404855
0.0603412
0.0808752
0.0680932
0.0970911
0.118479
0.0976436
0.0776168
0.112046
0.0780727
0.077402
0.117734
0.0710119
0.0831742
0.0853567
0.0972024
-0.00791779
0.010369
-0.000946319
-0.0230732
0.0229436
0.0109387
0.00946987
0.0191926
0.118583
0.117099
0.0666232
0.0696047
0.0876222
0.0340098
0.056385
0.109402
-0.00805925
-0.0234362
-0.00112435
0.0102866
0.0875852
0.109432
0.0562928
0.0338013
0.118576
0.069697
0.0667315
0.117094
0.0231777
0.0198632
0.00946341
0.0106839
