-0.755
0.245
-2.30138
-0.835663
0.375
2.145
-0.755
0.905
-2.08983
-0.715
1.295
2.15484
0.755
0.245
-2.30138
0.785
0.365
2.17782
0.755
0.905
-2.08983
0.715
1.295
2.15484
0.0638533
0.0385358
0.125666
0.125095
0.0700706
0.0749861
0.129012
0.125088
0
0
0
0
0
0
0
0
0
0
0
0
0
0
0
0
0
0
0
0
0
0
0
0
0
0
0
0
0
0
0
0
0
0
0
0
0
0
0
0
0
0
0
0
0
0
0
0
0
0
0
0
0
0
0
0
0
0
0
0
0
0
0
0
0
0
0
0
0
0
0
0
0
0
0
0
0
0
0
0
0
0
0
0
0
0
0
0
0
0
0
0
0
0
0
0
0.0498056
-0.0327022
0.0206999
0.0869294
-0.00443796
-0.0174254
0.0787605
0.0508686
0.0353554
0.0500527
0.0498823
0.0151001
0.0960118
-0.0417711
0.049196
0.0501649
-0.00102466
0.0142056
0.0257366
0.0135032
0.0550844
-0.00105737
0.334908
0.44708
0.00486116
0.0192994
0.0178572
-0.00224135
0.104734
0.107278
0.0233992
0.122273
0.216674
0.0135091
0.0182473
0.0501167
0.509571
0.0775636
0.0977301
0.0567897
0.254
0.21589
-0.0194135
-0.0163664
0.0155762
0.0189686
0.0169451
0.000707682
0.0300331
0.0239599
0.0434016
0.00727008
0.0182049
0.0168173
-0.0163653
-0.0194921
0.0156636
0.00178652
0.0445275
-0.00208194
0.0239577
0.029886
0.0434179
0.018097
0.00735421
0.0160156
0.00537982
-0.00100015
0.0162491
0.00689105
0.0119316
5.09193e-05
-0.00438301
0.0393918
0.000290431
0.00024361
-0.000367419
0.152324
0.00607219
0.00480496
-0.000259478
0.242469
-0.000605334
0.00272471
0.00400616
0.0235402
-0.0418809
0.0212285
9.00427e-07
0.013014
-0.0014466
0.150624
-0.000905818
-0.00139245
0.00601061
0.242478
0.00495892
0.000345357
0.052716
0.0483638
0.0231067
0.056935
0.0478186
0.00361101
-0.00668969
0.0551678
0.00729001
0.159104
0.0461658
0.0376049
0.0143535
0.0961895
-0.00125166
0.0433742
-0.0820392
0.0367131
-0.000778747
0.10927
0.0527048
0.0483339
0.0529179
0.00365802
-4.37262e-06
0.0460663
0.066795
0.0359317
-0.00126268
0.0433584
-0.00319697
0.109272
0.0126185
0.0237074
-0.0105424
-0.000135974
-0.00096065
-6.19803e-06
-0.000193598
-0.018461
0.00968838
0.0226788
0.00219061
0.250435
-0.0445881
0.0325826
0.020085
0.0215458
0.016721
0.0100956
-0.0105307
-0.000102
-0.00020369
-0.02096
0.00218545
0.250028
0.0863166
0.0467977
0.00358606
0.0552199
0.088854
0.0554442
0.00300473
0.0504957
0.019896
0.0199195
0.00378371
0.00569301
0.0513118
0.0303955
0.0295778
0.0513049
0.0410315
0.0972289
0.0971528
0.0413843
0.0145125
-0.0106209
0.0021988
0.00118608
0.0201801
0.000553989
0.00236077
0.0148677
0.0147676
0.00639194
0.021662
0.0369321
0.231128
0.27042
0.27045
0.22997
0.0380053
0.0520118
0.0386575
-0.000184379
0.0532078
-0.00139637
0.0420937
0.0794585
0.0608662
0.0504794
0.0251723
0.0285648
0.18797
-0.0293744
-0.0293715
0.187952
0.178202
0.166608
0.054326
0.061482
-0.0184962
0.0205193
0.0121016
0.00990224
0.00111916
-0.0282079
0.00112892
0.0156911
0.0155964
0.0205156
0.00937007
0.0229089
0.0205469
-0.0194686
0.00266034
-0.00348535
0.0130809
-0.0208198
0.015691
0.00118332
0.0155873
0.00942853
0.0209044
0.0232904
0.000782255
-0.00103814
0.0132607
0.00472898
0.000211555
9.18504e-05
0.0162843
0.0338115
0.0012087
0.0169031
-0.000283321
0.0874247
-3.63054e-06
0.0197468
-0.000163923
0.056194
0.00337303
0.000114671
0.00136351
0.0172641
0.0398905
0.0142053
-4.75981e-05
0.0156167
-0.000472666
0.0851004
0.0121535
-0.00104228
4.75007e-06
0.0561987
0.0198772
2.02791e-05
-0.00930531
0.00585401
0.018894
0.0520337
-7.36224e-06
-7.10076e-06
0.00963903
0.0422482
-6.27176e-05
0.000100206
0.046355
0.00224803
0.00837367
-0.0105666
0.00610949
0.0382574
0.00590693
0.00500995
0.00411585
0.104127
0.0035939
-0.0116338
0.0381256
0.0056755
0.00250108
0.00250234
0.0133118
0.0468394
0.00363514
-6.7074e-05
0.00497306
0.0363879
0.000745188
0.000819776
-0.00953027
0.0579044
-0.000720769
0.00615902
0.0251947
0.100997
-0.00950148
0.00592687
0.0191735
0.0520045
-3.09838e-06
0.000125463
0.0514575
0.0028943
0.00457026
-0.0103327
0.015592
0.0325752
-0.00272296
-0.00119318
0.0614288
0.00282398
0.00365005
-3.8983e-05
0.00500631
0.0363887
-0.000538496
0.00604664
0.0251181
0.101151
3.95908e-05
2.43917e-07
0.0142778
0.0210327
-0.000276993
5.61132e-05
0.00778911
1.49434e-05
0.00169707
0.00172439
0.00179303
2.77556e-17
-0.0167342
0.000723053
5.79396e-05
-0.000882955
-0.00190786
-0.00189605
0.00968138
0.0042152
0.000174293
0.00369155
0.0156464
0.0469672
0.00624866
0.00627593
0.00710376
0.0089036
0.00333436
0.00333175
0.00437363
0.00230289
0.001403
-2.06325e-05
0.0162688
0.0061149
-0.000348416
0.000151341
0.00782362
2.00222e-06
-0.0222233
0.000652866
5.22881e-05
-0.000988384
1.4395e-05
0.00338242
0.0154778
0.046395
0.00040777
8.422e-06
0.016316
0.017412
0.000405267
8.95241e-06
0.0163146
0.0173696
-2.40595e-07
-0.000868237
-0.000868237
-4.05391e-07
0.00236121
-0.00240826
-0.00242039
-0.0290222
0.00675785
-0.00510473
0.00146943
0.00676059
-0.0220926
-0.000118049
0.000139292
0.000938068
-0.0222067
-0.000102458
0.00013549
0.000857943
0.0018624
-6.19803e-06
-6.58378e-06
0.00198024
0.0118312
0.0112018
0.00761802
0.0119021
0.00649723
0.00803083
-0.0172404
-0.000332829
0.00563984
0.0053568
-0.0200081
0.0108677
-0.00131891
4.08882e-05
1.84754e-05
-9.00963e-05
0.00386979
-1.26763e-07
-1.34336e-06
0.00712402
5.37876e-05
0.0223647
-0.0152979
0.000718388
0.0448184
-0.0439616
0.00894056
0.0295928
0.0531517
0.00142507
-0.0216643
0.0710822
-0.00632852
0.0842567
0.0344801
-0.0105718
0.018979
0.0332319
0.00914511
0.0166583
0.00456549
0.020882
0.0348398
0.0284744
-0.00620315
0.0400823
0.0266405
0.0036544
0.00906251
0.0294121
0.0453232
-0.0433031
0.0556417
0.0014168
0.00231425
0.0861981
-0.0133413
0.0557929
0.0596909
0.00222513
0.00914002
0.0168155
0.0188988
0.0333087
0.00444146
0.0208679
-0.00617674
0.041475
0.0394968
0.0253021
0.0257692
0.00388743
0.0418274
0.00288685
0.0154676
0.0131636
-0.0109853
-3.54915e-06
0.00476209
-1.36377e-05
0.0264517
0.0308387
0.0226854
0.0276124
0.00552763
-0.0139084
0.00357698
-0.00364037
0.00604782
0.037411
0.00773546
0.000104041
0.0144557
0.0691088
0.00823979
0.00869368
0.0250528
0.159799
0.000971781
-0.00120558
0.0164238
0.0397795
0.00516336
0.00487532
0.0502598
0.00343486
0.00473639
-0.000154719
0.0151107
0.00198767
-0.0104765
-1.52593e-06
0.0664287
-0.00848508
0.000777493
-0.00299199
0.0167224
0.0133649
-3.70322e-06
-0.0208465
0.00607544
0.0396962
0.00830092
0.0086417
0.00765142
3.35609e-05
0.01408
0.0680965
0.0284915
0.159849
0.00506533
0.00487213
0.000742606
-0.00105864
0.0160717
0.0390214
-3.60077e-05
0.0106597
-0.000439964
0.0114858
-5.21838e-05
-5.21871e-05
0.0251639
0.0292541
0.000348785
0.00402071
-3.98916e-07
-3.20552e-07
0.00107259
-0.00160201
0.0218563
-0.0186569
-0.000364053
-0.0035692
8.31539e-05
0.00125705
0.0068162
0.000578567
-0.00223091
-0.00270675
0.00512565
0.00512511
-0.0063468
-0.00739205
-0.00126577
0.01447
0.00171423
-0.0133903
3.75757e-05
4.68499e-05
-0.0020792
-0.0025332
0.000467667
-0.00116798
0.00714416
0.00866228
-2.71078e-05
0.0105407
0.0115122
-0.000322986
0.000353449
0.00499355
-4.06912e-07
-3.15997e-07
-0.00177727
-0.00162909
0.0223117
-0.0177571
0.00550511
0.000661298
-0.000829281
-0.00106679
0.0146088
-0.000364815
-0.0133658
0.00160518
-0.0011273
0.000592931
0.00863263
0.0071242
1.31225e-05
0.0103594
0.000172722
0.000170151
-0.00868066
0.000107102
-0.0222658
0.000213847
-0.00171032
-0.00171032
0.00198113
0.00182735
-0.0132759
0.00129474
-0.0182876
0.000508833
0.00190356
0.0020707
-0.000104403
-0.000104033
0.000232476
-0.000132559
0.007672
0.00609678
0.00513828
0.00506987
0.0104975
0.0105993
0.00885472
0.0087988
-6.11668e-07
-6.57661e-07
3.03319e-05
-2.82331e-06
0.000136433
0.000136419
0.000121164
-0.00914172
-0.022339
0.000165153
0.00120467
-0.0222728
-0.00881122
0.000513564
-0.000125374
0.000235067
0.00594167
0.00765784
0.0637672
0.0500685
0.000376226
0.0364537
0.00447776
0.001381
0.0107729
0.0448387
0.0118394
0.00547186
-0.00580719
0.00791404
0.0404242
0.0156412
0.013919
0.00511077
0.0656085
0.0368859
0.00037796
0.0538844
0.0403983
0.00506708
0.0138629
0.0158804
0.0109709
0.00789594
-0.00623331
0.00549988
0.0117285
0.0517724
0.0112345
0.00189075
0.00733064
0.00921407
-0.000460607
0.00216676
0.00736642
0.00218651
-0.000460613
0.00927479
0.00599345
0.00270691
-0.00128959
0.00346863
0.0074907
0.00257312
-0.0012896
0.00271314
0.0269322
0.0293689
8.27489e-05
0.0133789
0.0869971
0.012491
-0.0236901
0.0352382
0.0860356
0.0352415
-0.0236583
0.0124671
0.0269269
0.0132813
0.000200017
0.0293354
0.0134684
-0.0470855
0.0167532
0.0427856
0.0319714
0.0256772
0.0132115
0.0430677
0.032104
0.0430879
0.0132129
0.0256175
0.0133869
0.0426936
0.0209847
-0.0462874
0.0148839
0.0150337
-0.0222685
-0.0222508
0.0195069
-0.0149748
-0.017534
0.0184925
0.0180792
0.0169849
0.00125538
0.00102386
0.0138247
6.36635e-05
0.000439227
0.0147083
0.0163008
-0.0223446
-0.0223607
0.0158181
0.0129219
0.014767
0.000462118
-9.60134e-06
0.0179938
0.00100157
0.00118394
0.0174358
0.0162626
0.017011
-0.0222307
-0.0223741
0.00841241
0.00179812
0.00192178
0.017097
0.000946906
0.00363784
0.00190379
0.00173953
0.015776
0.00894456
0.00194193
0.00875894
0.035636
0.0237128
0.00196659
0.0089732
0.0854914
0.0580122
0.0218817
0.0182433
0.0479774
0.0104553
0.0178517
0.0433543
0.0475936
0.04268
0.0178478
0.0104259
0.0835726
0.0183709
0.0219676
0.0571922
0.00133429
0.0377535
0.0205
-0.0297085
0.0221849
-0.00806486
0.0150632
0.0367145
0.0519722
0.028318
-0.00861375
0.0193188
0.0253964
-0.000163309
-0.00864222
0.022569
0.0238963
-0.010928
0.018482
0.0650792
0.0254795
0.0225527
-0.0100848
-0.000205561
0.0546643
0.0268807
-0.00993373
0.0280161
0.0530206
0.0610508
0.0137372
0.000875818
0.0452057
-0.00363795
-0.00280158
-0.0126427
0.0402297
0.027342
-0.000431888
-0.00331379
-0.00395623
0.00291172
-0.000922646
-0.00206087
-0.00354998
-0.0113564
-0.00248364
-0.00284026
0.0831922
0.138592
0.00713308
0.00396982
0.00455595
-0.00681046
0.00619992
0.0624435
0.00406742
0.0625916
0.00618736
-0.00679692
0.0831841
0.00396841
0.00712321
0.138577
0.111107
0.0965924
0.022378
0.0762238
0.0961699
0.0658756
0.0233067
0.0972034
0.0544772
0.0469834
-0.00515303
0.0282444
0.0558035
0.0339409
-0.00735247
0.0460322
0.00404556
0.00156379
-0.00273656
0.00688719
0.00116144
-0.00520077
-2.83008e-06
0.0122607
0.00791984
0.00306611
0.00277679
0.0201777
0.00160953
0.00457483
0.00159578
-0.00397431
-0.00693775
-0.00273662
0.0122299
-2.82956e-06
0.00798849
0.00277465
0.00306048
0.0195299
-0.00106405
-0.00101782
-0.0009022
0.00481517
-8.3977e-05
0.000113551
0.00715025
0.0213874
0.00330117
0.0101526
-0.000927851
0.014677
-1.78167e-05
0.0111018
-0.000226997
1.21957e-05
0.0106625
0.000529146
-0.000420648
0.00444061
-6.41787e-05
0.0115725
-7.066e-05
0.0024044
0.0022158
0.0125209
0.00261526
-0.00132797
-1.45513e-05
7.696e-06
0.0109324
-3.03665e-05
0.00178551
0.00337555
0.0235376
0.0245437
-7.32696e-06
-7.16943e-06
-0.000456967
0.0692004
-5.92717e-05
-7.89735e-05
0.044253
0.00281886
0.00222601
-0.00747817
0.00640359
0.0465919
0.00485695
0.00522313
0.00881477
0.0733049
-0.000227012
0.00313471
0.0325759
-0.0101757
6.11519e-05
6.06957e-05
0.00248465
0.00124198
1.18343e-05
-1.94606e-06
0.00722993
0.0315837
-5.60993e-06
-1.54568e-05
0.000689304
0.0295693
0.000113048
0.00423626
0.00024245
0.0863945
0.00175503
0.00340797
0.0234948
0.0245062
9.39546e-06
-4.05482e-05
0.0493456
0.00186787
7.79845e-05
-0.00610814
0.0158266
0.0392875
0.0028921
0.000136454
0.0535275
-0.0113266
2.52098e-07
1.72632e-07
0.00723953
0.0315377
6.44488e-05
0.00439922
0.00207323
0.0862536
-1.96661e-05
-1.49717e-05
0.00271135
0.0184052
-1.07356e-06
2.25005e-05
0.00771911
-1.18086e-06
0.00131386
0.00125942
-8.32667e-17
0
0.0110515
-4.41036e-05
7.60519e-06
-9.7476e-05
0.00837918
0.00834968
-0.00232975
0.00396762
0.000451116
-0.00177424
0.00697464
0.000650172
0.000788055
0.000776037
0.00365046
0.00123014
-2.74832e-05
-2.74847e-05
0.00013333
0.00235473
-0.00046467
-4.26844e-06
0.000139574
0.00902002
-1.20655e-06
-2.6641e-05
0.0070593
1.39964e-06
-0.0110816
5.56465e-05
-8.30684e-07
-0.000120209
0.00065832
-0.00176221
0.00677559
0.00028832
0.000102304
2.69432e-06
1.48975e-05
0.000193636
9.95068e-05
2.56121e-06
1.80031e-05
0.000200414
-5.17085e-08
0.00086669
0.000869785
-1.18668e-07
0.00130192
4.57009e-05
4.24947e-05
7.17041e-05
0.000536853
-0.00155334
0.00588596
0.000536592
0.0110006
-0.000116665
-2.59713e-06
0.000159844
0.0110172
-0.000101556
-6.20069e-06
0.000187112
0.00136897
-6.19803e-06
-6.19803e-06
0.00131644
0.000417271
0.00032189
0.000971709
0.000416321
0.00372678
0.00802176
-0.0123779
0.00324091
0.00351921
0.00534309
-0.00677944
0.000293316
2.08696e-05
0.000388687
0.000261519
7.79242e-05
0.000868234
9.55274e-06
-2.24037e-08
0.00526687
1.33823e-05
0.01068
0.00757084
0.000791078
-0.000512119
0.00509831
0.0111723
0.0373106
-0.0119378
3.92523e-17
-0.000558763
0.0512916
0.00176314
2.68953e-06
0.0518143
0.0014968
-1.00099e-05
0.000346886
-0.000370725
0.0507162
0.00341298
0.0010029
0.00297165
0.0584448
0.0165004
0.00349231
0.0311441
0.00378104
0.000771876
0.0022014
0.0251813
0.0233442
0.00193331
0.000253832
0.00337747
0.00818792
0.00358673
0.00241701
0.0130311
0.0160429
-0.0012903
-0.000195146
0.0346967
0.0123907
0.00243428
0.000681897
0.00174339
0.0220858
0.00164201
-0.000291647
0.0071191
0.00229654
-0.0140859
1.96262e-16
-0.000558803
0.0514246
6.81503e-05
0.00517788
0.0111696
0.0374376
0.00648212
2.4582e-05
0.0543491
0.00113652
-6.47383e-05
8.30624e-06
-0.00617514
0.0563441
0.00643839
0.00107273
0.00803403
0.0309789
0.0114203
0.000246215
0.0576808
-0.00406685
0.00204566
0.000254963
0.00337721
0.00814116
0.000826283
0.00222743
0.0251451
0.0234179
0.00357579
0.00218662
0.0130307
0.0159541
0.00244395
0.000727578
0.00178092
0.0221354
-0.00190708
-0.000106814
0.0395776
0.0102528
0.00206314
-0.000160427
0.00648228
0.00278664
-0.00570387
-0.000158827
0.0377543
0.00388509
7.49882e-07
1.99363e-05
0.000721817
0.0126949
0.00501797
-0.000187934
0.00472104
-1.56894e-06
0.000727007
0.00184797
0.00277777
-0.000186352
0.000284249
-0.0155647
0.0241029
-0.0403636
2.26285e-05
-2.40395e-06
0.00469587
0.027184
0.00595031
-0.00562854
0.00351238
-0.00218398
-0.000242753
-0.000848826
0.00152481
-0.00082241
0.000906202
-9.16643e-05
0.00508463
0.0337282
0.00772911
-0.000101358
0.00764403
9.05444e-05
0.000604646
-0.000353901
0.00609629
0.000532146
0.0149788
0.00233728
0.00308119
0.00131601
3.26472e-06
-3.70683e-05
0.0136121
0.0542926
0.00895804
4.84105e-05
0.000125932
-4.22996e-05
2.32743e-05
0.00188263
0.00796825
0.000487123
0.0416522
0.00333457
0.000261307
0.00298085
-0.0123178
-0.000104808
0.0455827
0.00307741
0.000447143
0.00184414
0.002735
-0.000154728
0.000532646
-5.81347e-05
0.000578328
0.00237074
0.00363448
-0.000191001
0.00431769
1.3069e-06
0.0400065
-0.00058386
0.0584517
0.0407589
0.00325866
-0.000837081
0.00280593
-0.000810666
1.25104e-05
-3.47759e-06
0.000916344
0.0137728
-4.55451e-05
0.00348863
-2.98074e-06
-0.000502093
0.000958143
-5.79859e-05
0.00512386
0.0328163
0.0152368
0.0024471
0.00307571
0.0013477
0.00845945
4.80843e-05
0.00756549
-8.38461e-05
0.000296354
-0.000618584
0.00567337
-1.3078e-05
4.31371e-06
-2.54028e-05
0.0114922
0.0542814
0.0416508
0.00333188
0.000267065
0.00297914
0.00584353
0.000160525
0.00019554
-0.00011894
-1.00823e-05
0.00155107
0.00764393
-2.83894e-05
0.0151973
0.000136273
-8.00091e-06
1.55672e-05
0.0117052
-0.000135368
0.00257804
0.00598316
0.0067339
-5.47795e-08
4.4862e-05
4.64114e-05
-0.00748006
2.65076e-05
6.4723e-05
6.38308e-05
0.000701425
2.84102e-06
6.24581e-05
8.77354e-05
0.00111561
-4.11609e-10
-7.34614e-08
-1.14586e-07
2.79411e-05
-0.00635859
-0.00803718
0.0011816
0.00160733
1.46787e-05
0.00632247
0.0085347
0.00119373
-0.000533512
-5.39489e-05
-0.00036969
0.00639243
0.00172891
2.69657e-05
0.00110128
-2.77559e-07
8.26605e-07
0.000118705
9.65458e-05
0.0158917
2.91853e-07
0.00127977
1.47629e-05
0.00648933
-9.1585e-05
0.0035685
0.00359952
0.00766277
0.0235425
-0.00238794
-0.00184289
-0.00302735
0.00524436
-0.00430426
0.00199303
0.000272171
-0.00372089
0.00163797
-0.000116945
-0.0102204
-4.32601e-06
0.000597338
0.000586379
0.0122003
-0.00107397
0.00151751
0.00116788
0.0044563
0.000722065
0.000306806
-0.000166683
0.00203394
-1.08048e-05
0.00528712
0.0013103
0.0154191
0.000135947
-7.49892e-06
1.47696e-05
0.0117017
-0.000102438
0.00607985
0.00243452
0.000702032
3.516e-06
6.62205e-05
9.04595e-05
0.00081598
2.77556e-17
-7.45668e-08
-1.19922e-07
-3.21018e-05
-0.00682716
0.00164264
-0.00896461
0.00143811
9.69677e-05
0.00901401
0.00916293
2.69405e-07
6.19561e-07
0.000133437
7.89057e-05
0.0162963
-7.77631e-05
8.12563e-05
1.31544e-05
-0.00302255
0.00527225
0.00204381
-0.00473992
0.00027208
-0.00371961
-0.000100412
0.00169378
0.00338469
0.000885608
-0.000177005
0.000309623
0.00194294
-1.59875e-08
0.00133019
0.00526688
-2.36615e-05
0.00365824
-1.2374e-06
-1.02657e-06
0.000431861
0.00193871
-1.02026e-08
1.66832e-08
-1.93099e-05
-0.00520776
-0.00186077
-3.17973e-05
-1.54246e-05
1.85363e-08
0.0109978
3.93542e-05
0.00179303
-5.31431e-08
0.00171264
0.001708
-1.11022e-16
-5.55112e-17
0.00136424
0.00130914
-5.05435e-05
-7.20329e-05
0.0110229
2.97666e-06
-0.00056616
-0.00890366
-3.86638e-05
8.35454e-06
5.63594e-06
-3.85754e-07
0.0013413
0.0013928
0.000247617
0.000109191
0.00010334
0.000104482
0.0243939
0.000896999
-1.24482e-06
0.000119268
0.0431673
0.0103323
0.00372731
0.00212535
0.00239084
-0.0117025
0.000192824
0.000150357
5.44672e-05
0.000652419
0.000810066
0.000801147
0.00262127
0.0014252
8.11933e-08
8.03095e-08
-5.12679e-05
0.00177917
5.58004e-10
-8.42878e-10
0.000940297
0.00353147
3.5733e-06
-5.19724e-07
0.00152207
0.0020357
0.000136377
0.000136406
-1.05003e-05
-0.00638801
-3.02236e-05
-0.00111552
-5.43487e-07
-1.30506e-06
0.0110014
3.46462e-05
-5.28469e-05
-0.000141088
3.63952e-05
0.000771782
-0.000497975
-0.0159019
-0.00532631
-2.60899e-05
0.0243754
0.000815426
0.0001247
-1.0946e-06
0.0420553
0.0104113
0.00207302
0.0037041
0.011145
0.000705856
-1.40086e-05
0.000122009
0.00259261
-0.0157339
0.00347571
0.00238492
0.000719891
-2.33681e-05
-0.0011692
2.44507e-05
-0.00347693
-0.00717132
0.00284461
0.00354744
0.0109215
0.000736755
-4.86032e-06
0.00012587
-0.00308053
-0.00709982
0.00295573
0.00360999
0.00072345
-1.63552e-05
-0.00162516
2.32475e-05
0.00281879
-0.0148356
0.00444249
0.00145621
0.00746787
0.000731383
0
-1.21914e-07
0.00740672
0.000731806
1.28e-09
-1.21786e-07
0.00137675
-0.00687882
-2.56676e-08
-2.77556e-17
0.00154736
-0.00787794
-3.60173e-08
3.94518e-10
0.00416665
0.000446745
6.03963e-05
-3.46782e-06
0.00302751
0.00367033
-0.0261527
0.000267222
0.00209863
0.00365504
-0.0259968
-0.000294073
0.00416372
0.000447772
5.53849e-05
5.35617e-05
-0.0323195
-0.000205476
-0.00339903
-0.00506707
0.00136611
0.00547136
0.00585896
0.00626439
0.00538047
0.0013977
0.00693977
0.00599649
-0.000386019
-0.0321084
-0.00713437
-0.00337699
0.000356291
-1.6264e-06
1.17022e-05
0.00238433
0.0103587
-6.48623e-07
0.0103593
-0.00165063
-0.000290278
0.00847673
0.000629838
-0.000193447
-2.67256e-07
0.00829023
0.000382417
-2.72437e-07
0.00230417
-9.27196e-07
2.70582e-06
-0.0061241
2.49184e-07
0.00828983
0.000324707
7.74501e-07
-8.35605e-05
0.00735964
0.000797914
-0.000198969
9.37828e-05
-8.1541e-07
-2.002e-06
0.00338061
0.00051708
0.000172694
0.000172721
0.00206035
3.46186e-08
0.000573552
0.00187888
-1.65937e-08
0.00254296
0.000660351
0.00195094
-1.01287e-08
0.000548211
0.00132794
0.000170126
0.002132
0.0336276
0.00214652
0.00189027
0.00744464
0.0404012
0.00203177
0.00199565
0.00885444
0.00207828
0.0398632
0.00879852
0.00181074
0.00217428
0.033583
0.00759036
0.00190295
0.000229197
-0.0190632
0.00607651
0.00611804
0.0054699
6.94176e-06
0.00612808
0.000215416
-4.43573e-05
0.00848173
-7.64221e-05
0.000108932
-0.00158539
-2.39042e-05
-0.000585691
-5.42566e-05
0.00109205
-0.0203822
0.00488801
0.0127709
-0.00473529
-3.81456e-05
-0.000751923
-3.27702e-05
1.05802e-05
0.00739776
7.01305e-05
0.000228577
-0.00205275
5.97662e-06
0.00491897
0.000274423
0.00687359
-0.00281795
0.00357762
-8.19649e-08
0.0312679
-0.00218132
0.000713255
2.05915e-07
0.00218474
0.00959713
0.000159502
-0.000132453
0.00979036
0.00916215
0.0126884
0.000925088
0.00300468
0.000329859
0.00177906
-6.39599e-09
-0.00794624
0.000513764
0.000646947
0.000627312
-0.00795742
0.000524253
0.000617967
0.00061664
0.00298476
0.00033
0.00177879
-2.64003e-08
0.00286851
0.00945095
-0.00843537
0.000170447
0.00722825
0.00150928
3.71847e-05
-0.00324693
0.0111383
0.0029529
-0.00342207
-0.00671991
0.00150176
0.0124
-0.00791882
-0.0034292
0.0142081
0.00529792
0.000956183
0.0433173
0.030093
-0.000339748
-0.0120931
0.0440874
0.00037817
0.0480021
0.0394871
0.00576627
0.0193323
0.0199245
0.00439821
0.00366349
0.0252109
0.0121224
0.0320215
0.0123698
0.00463883
0.0179329
0.00752454
0.000931744
0.000975254
0.0433524
0.0147376
0.00553035
0.035223
0.00293641
-0.00180552
0.045498
0.0124972
0.0277853
0.0531984
0.00336868
0.00439553
0.00327621
0.0193907
0.0198829
0.0252071
0.0119821
0.00453867
0.0180749
0.0344247
0.0109247
0.00582351
0.000735338
0.000177234
0.00560787
-7.06383e-06
0.00923528
-0.000171813
-4.20061e-05
0.00236633
-0.000311676
0.0101125
0.0317
0.0058931
0.029772
-5.71899e-05
-0.00012939
-0.000444364
-0.000454448
0.00510064
0.0103297
-0.00234823
-0.00227502
0.00553848
0.00517382
0.00290925
0.000434238
0.0125636
7.56404e-06
-1.933e-05
0.000417938
0.00914959
0.000332729
5.60057e-06
-1.03175e-05
0.00621844
0.00142074
0.00257936
5.97602e-06
0.0018209
0.000845866
-0.000125488
-0.000173903
0.0051161
0.00727308
0.000855589
5.42381e-05
0.00162974
0.0155843
-2.14824e-05
-0.000114404
0.00510153
0.0111943
0.00290652
0.000620398
-0.000311902
-0.000598953
0.00489716
0.00434455
0.0135784
-2.08262e-08
-1.5487e-05
-4.31001e-06
-4.06077e-06
0.000341242
0.0090762
-3.21807e-05
0.0181543
0.047216
0.0253132
0.0238966
0.000917945
-5.83096e-05
0.0386202
0.00481154
-0.000564796
0.0632379
-0.000564796
0.0631714
8.24266e-05
8.25639e-05
0.000890959
0.000892181
0.0478927
0.00203249
0.0408183
0.00330524
2.1277e-05
7.04063e-05
-7.69455e-05
0.000114833
0.00020058
0.0406523
0.0243727
0.018524
1.31752e-05
0.000817973
0.0142492
0.000456147
0.00416541
0.0630952
0.00187113
0.0618472
0.00030221
0.00127379
-0.000174598
0.00103412
0.0320187
0.00409383
0.0320435
-0.00366727
9.6742e-05
8.01617e-05
-0.00497848
0.0298536
0.00284164
0.0127216
0.00287349
0.0127423
8.42199e-05
0.000126043
0.000996939
0.0010599
0.00864956
0.0220951
0.00625792
0.037412
6.51538e-05
-7.59557e-05
0.000740492
-9.10784e-05
0.000697891
0.0275035
0.000690563
0.0273953
-1.03956e-05
-1.04099e-05
-0.00253927
-0.00284814
0.00379963
0.0548863
0.00911062
0.0690299
0.000718913
-0.00025817
0.00419407
0.00174232
0.018343
0.0473563
0.0251612
0.0238663
0.00101128
-8.52876e-05
0.00397132
0.0381168
0.0516725
0.00148689
0.0472584
0.00227867
2.2354e-05
6.89258e-05
3.07639e-05
-2.40811e-05
0.0104512
0.0295049
0.0314785
0.0143673
0.000620419
8.59074e-06
0.0145762
-0.000390253
0.0565671
-0.00776789
0.0561358
-0.0301063
0.000103315
5.89141e-05
-0.0071135
-0.00404013
0.0086327
0.0220628
0.00626197
0.037415
-8.14598e-05
5.94157e-05
-8.27473e-05
0.00072833
0.00327664
0.0549077
0.00947336
0.0690333
-0.000291818
0.000970368
0.00170686
0.00416597
0.00156446
0.0163062
0.00351703
0.0222752
7.52134e-05
-2.15276e-05
-1.0086e-06
-0.000608193
0.0077444
0.0113077
0.00763922
3.28608e-05
-1.52025e-06
1.65622e-06
0.0110379
7.1837e-05
0.000258226
-4.09766e-05
0.000228292
-3.63462e-05
0.00102998
0.0010502
0.00135954
0.00130245
5.52118e-05
-0.000272477
1.71531e-08
-1.67655e-05
0.0110394
5.68255e-05
0.0111184
-2.58063e-05
-0.00197268
2.64667e-05
-0.0020199
2.64821e-05
0.00158133
0.00163467
0.00394216
0.00390853
0.00665306
0.000498769
0.00566923
0.000504412
0.00012483
0.000152224
-2.2411e-06
-8.29765e-06
0.00366525
0.000128025
0.00368259
6.10028e-05
0.000577608
0.000577436
0.000683642
0.000587485
0.000139752
0.00235449
0.00013975
0.00235456
6.42501e-06
6.42511e-06
-6.60641e-08
-6.41497e-08
-0.000243022
0.00492076
0.000640804
0.0119294
5.92318e-05
-4.31257e-05
0.000112169
6.03805e-05
0.00776536
0.011005
0.00758193
-0.000100882
-1.25695e-06
1.20157e-06
0.0109988
6.80827e-05
6.67766e-07
-0.0114264
-1.68149e-05
-4.46589e-05
1.37276e-05
-0.0110792
-4.64128e-06
-2.45268e-05
0.00626117
0.000177046
0.00518403
0.00028856
-2.77888e-05
-0.000243318
-1.28406e-05
-1.63613e-05
-7.75428e-07
3.00068e-07
0.000101493
0.000132231
0.00719809
9.07992e-05
1.46674e-05
0.00355818
-8.34038e-07
2.37687e-07
0.000103834
0.000138236
9.16729e-05
0.00740874
0.00330074
1.41281e-05
0.000455853
0.000458177
-7.25661e-08
-1.16282e-07
-7.2166e-08
-1.19844e-07
0.00129117
0.0012873
-8.56054e-05
-0.000146505
0.00139952
3.45808e-05
3.41013e-05
0.00134336
4.33874e-05
4.19534e-05
-0.00754406
0.00599185
6.28165e-05
8.94983e-05
0.00132993
0.00116432
0.00599454
-0.00969389
-8.89362e-05
-7.88849e-06
0.0110014
1.83543e-05
0.0108771
5.5177e-05
6.12806e-06
-7.55157e-05
-8.7846e-05
-4.86672e-06
0.0110024
-4.01806e-05
7.63223e-05
0.00142871
7.07382e-05
1.61168e-05
2.9722e-08
-6.00666e-09
0.0013697
0.00131589
0.00133215
0.00138415
1.50477e-08
-1.85896e-08
0.00160042
0.00191295
0.000703807
0.000695513
0.000225414
0.000231515
0.00192564
0.00161366
0.00862811
-0.00820919
0.000144892
0.000108799
0.000502525
-0.000232414
0.00318345
-0.0101618
-0.00825091
0.00845656
0.000166923
0.000102795
-0.000229469
0.000517512
0.00269173
-0.0170898
0.000419687
0.000210351
0.00162375
0.000214436
0.000373377
-0.000237718
0.00177519
0.000326406
0.000284542
0.000284522
0.00527643
0.00111989
0.00115033
0.0052669
-1.05589e-08
-1.78091e-09
0.00868858
0.00360312
3.39562e-05
0.000981042
0.000814347
0.00027693
0.0097573
0.00305196
0.00292683
1.62862e-05
0.0341099
-0.00323262
-0.00202878
-6.30869e-06
0.00171386
0.000635391
0.0158411
0.000146891
0.00539784
-1.108e-07
-0.00178005
-0.000126478
0.0091147
-0.00891707
0.00653916
4.1484e-06
0.00252734
0.00219683
0.00968024
0.000150078
0.00581413
0.00103373
0.000206716
-0.000611625
0.00143536
0.00499021
0.00064453
0.000173499
0.00571858
0.000553449
0.000186916
0.000209171
0.00387688
-3.74298e-05
0.0097091
9.45357e-05
-0.00025748
-0.00022273
-0.000203261
4.22598e-05
0.00281914
-1.9599e-05
-0.000405049
0.000174938
-0.00452018
-0.000376782
-0.00195635
6.38105e-06
0.00171014
0.000623295
0.00310935
1.39478e-05
0.0327253
-0.00318814
0.0155472
0.000122581
0.00537849
-5.59253e-07
0.00765495
-9.70244e-07
0.000642821
0.00110412
-0.00285776
-0.000254476
0.00865728
-0.0093941
0.00577856
0.000193889
0.00486883
0.0147029
0.000644383
0.000174875
0.00409329
0.000535825
0.000175863
-0.000751987
0.00141057
0.00502069
0.000274069
0.000210048
0.00388335
-3.87075e-05
4.93521e-05
4.20604e-05
0.00295737
-4.45652e-05
0.00938665
-1.6238e-06
-0.00343496
-0.000194368
-0.00156497
0.000207355
-0.00511406
-0.00038399
-0.0185466
0.000461227
-0.00435567
2.95255e-05
0.000141074
0.0002352
7.48476e-05
4.34068e-07
0.00132
0.00166413
0.000954443
-0.00810142
0.00335482
-1.38686e-08
0.000377913
0.00188802
-0.016866
0.00486808
0.00268768
0.00331235
-1.29774e-05
-1.32577e-05
-0.000704721
-1.41566e-06
0.00537993
-0.00624342
-0.000276013
0.0111399
-0.000120063
0.00298668
0.000851895
-1.5013e-12
-5.07406e-05
-2.12251e-05
0.00642321
-0.00177957
0.000378427
-8.89699e-07
0.0079717
6.89265e-06
-0.000445549
-0.000190763
0.00837729
-4.72402e-05
0.00795616
0.000110954
0.02369
0.00510862
-0.00193574
0.00670217
0.0331078
0.001326
0.00850695
0.000138698
0.00608306
-2.47535e-05
-8.48988e-05
-0.000570395
-1.38483e-05
0.00501844
0.039406
0.00596555
0.0597127
0.000380937
-0.0231955
0.000614102
-0.00738937
-0.000323849
0.00298448
1.79995e-08
0.000452793
0.00186182
-6.40653e-05
3.24207e-06
0.000227812
-0.000413443
0.00219348
0.00149278
0.00291621
0.0107653
-0.0161221
0.000640583
0.0268618
-0.0170863
0.00188412
0.00087469
0.00267487
-5.82454e-12
-2.44695e-05
0.000153883
-0.000466716
-0.00104132
-2.20187e-05
0.00352429
-0.000156659
-5.30748e-06
-4.7541e-05
-2.6096e-05
0.00508864
-0.00279151
0.0079475
0.000161527
0.0240239
0.00518179
0.000407276
2.509e-06
0.00799208
6.59377e-07
-0.000420023
-0.000346764
0.00805968
-9.71517e-06
-0.00362286
0.00728168
0.0330608
0.00137506
0.0368779
0.00598004
0.0597403
0.000381186
0.00824946
0.000281073
0.00346479
1.81417e-05
-8.08449e-05
-0.000936429
-1.28938e-05
0.00501815
0.000134574
0.0111503
0.00450486
0.000167684
-0.0346541
-0.00597158
0.000421282
0.00184828
0.00731675
-1.18787e-07
-1.15877e-07
0.00728631
-3.04796e-08
-0.0132351
-0.0153562
2.51946e-08
0.000698796
3.38481e-07
1.71999e-05
0.000637268
-7.60557e-10
0.000758193
0.00132849
-1.38778e-16
-0.011306
0.00945477
4.26553e-05
0.00031466
0.000281461
0.00214111
-0.00290559
-0.00535514
0.00194401
7.8294e-05
0.000301763
0.00171962
0.00678233
0.00188205
0.0016803
0.00635638
-2.9328e-06
5.48144e-06
5.90326e-07
3.29055e-07
-4.24466e-06
0.0263241
0.0195586
0.00535437
0.0037615
0.0032736
0.00332071
0.00349628
0.0109828
0.00747078
0.00810765
0.0212243
-0.000224635
-0.00336166
0.00646275
-0.00564238
0.000457708
0.00370108
-0.00375341
0.000262081
-0.00922833
9.85714e-06
1.89611e-06
-0.00923871
0.0178075
0.00893002
0.00567014
0.0183524
0.00501093
0.000721288
7.98168e-08
0.00346233
0.00146207
-1.04552e-08
-0.000241914
0.00159791
0.0109545
0.000134197
0.000170089
0.00468131
0.00183632
0.000425123
-0.00807885
-0.0344591
9.68688e-07
0.000699305
0.000642883
1.48268e-05
0.000758205
2.77556e-17
1.16937e-09
0.000944184
-0.000218945
0.000174588
0.0105394
-0.0100134
0.00104348
5.84723e-05
-0.00595537
-0.00845124
3.80681e-07
3.85647e-08
2.83832e-06
2.31456e-06
0.00820169
2.70265e-08
6.89619e-06
0.0149669
-0.00557901
0.0063417
-0.00357196
-0.000666001
0.000248318
-0.00371739
0.00352598
0.000523532
0.00129877
0.000192177
0.000587904
0.00377804
0.00157433
-0.000242394
2.46993e-08
0.00145681
6.86382e-05
0.00345759
-5.45277e-05
1.90329e-05
0.00192176
0.000389763
0.000884718
0.00195878
-0.00194043
0.0142432
-0.00240291
-5.92672e-06
-9.8271e-07
-2.27576e-05
-8.27385e-05
7.47968e-05
-0.00607602
-3.0064e-08
-3.77213e-08
-0.00756887
1.86634e-08
4.48728e-09
1.67258e-08
-9.7934e-09
0.000211606
0.000125569
-0.000163155
-2.95932e-05
0.0146783
0.0104701
-0.000429537
-0.000472464
0.000232239
1.42051e-08
-1.48445e-09
0.000233869
-0.00265828
0.00361934
0.000325481
-0.00234016
0.0240255
0.000849683
0.000627744
0.0085558
0.0378105
0.0102901
0.0105533
0.0418016
0.00316751
-0.0245823
-0.0199139
0.00313387
0.00143905
9.36868e-05
1.66631e-05
0.00142867
0.0026275
0.00245421
0.00246614
0.0026275
0.00177918
-5.12755e-05
-5.12757e-05
0.00177902
-0.00256209
0.00154274
0.000295508
0.00358915
0.00118638
0.00189596
0.00193203
0.00151385
-1.27471e-05
-0.00219738
0.0148729
-0.0011937
-4.93401e-07
-1.59687e-07
2.03629e-05
-6.1263e-05
-6.01268e-05
-0.000147323
-0.000135911
-5.35955e-06
-0.00608828
0.0108909
-0.000398017
-0.000454896
0.00827669
0.000512279
0.00091214
0.0236637
0.0414629
0.0106306
0.010403
0.0377834
0.044333
0.0618909
0.0139474
0.0115958
0.0460637
0.000745085
0.000822532
0.0498718
0.000106702
0.000131584
0.000125376
8.35926e-05
0.0209445
0.0145372
0.0111232
0.0134867
-0.000512307
0.00363849
-0.0181363
-0.00116106
0.00773459
-0.000979839
-0.00736902
0.00809052
0.000169738
0.000117241
0.00892196
0.00879688
0.0425743
0.0394203
0.00255113
0.000750528
0.00424373
0.00439268
0.000537672
0.00337456
0.00673169
-0.00137326
0.000274999
0.00566937
0.00818139
-0.00996612
-0.00179733
-0.00473747
0.00766816
0.00759591
2.35907e-05
-1.80383e-05
0.0274582
0.0232214
-0.00470585
0.019954
0.024831
0.0111333
0.000748542
0.0263047
0.000101075
0.00941767
0.0087377
0.00014772
0.00791282
0.0108389
-0.00465517
-0.00803185
0.046349
0.0116092
0.0137243
0.0653515
0.0209455
0.0133211
0.0109205
0.0146317
0.000103783
8.77846e-05
0.000129383
0.000131187
0.0504992
0.0530309
0.000837475
0.000748728
0.0275623
0.0199529
-0.00476255
0.0233505
0.00789822
-0.0080852
-0.00440655
0.0108315
9.99544e-05
0.000148541
0.00861638
0.0095114
0.024674
0.0262582
0.000889277
0.0112718
0.00440679
0.00394675
0.000547173
0.00441373
0.0073144
-1.7841e-05
2.16397e-05
0.00756106
0.00828644
-0.00490372
-0.0018849
-0.00983798
0.00673124
0.00568055
5.20921e-05
-0.00159982
0.00554445
-0.00316105
-0.0173839
0.00434877
0.0483424
0.000750447
0.00310599
0.0466182
0.000175848
0.00812606
0.00969519
0.000121821
0.00775073
0.00769604
-0.00668429
-0.000601961
0.000228853
-0.00926219
0.00715127
0.00455513
-0.000412873
0.00686793
0.00739231
-0.000561796
0.000661219
-7.27139e-08
-1.2035e-07
0.000250301
0.00242363
0.00176443
0.000744664
0.000936827
0.00200683
0.00594936
0.00711102
-0.0092331
0.00167767
0.000787018
0.000744883
0.00131304
0.000663929
0.000252239
-1.19484e-07
-7.33664e-08
-0.000412917
-0.0005618
0.00734652
0.00685387
0.0041688
0.00563449
-0.0086464
-0.00454093
0.0011447
0.0031617
-0.00684338
0.00148164
0.00108036
-1.19883e-07
-2.78658e-08
0.00150185
0.00207326
0.00267493
0.00116044
0.000879962
0.00847989
0.000286976
-0.00549487
0.00577528
0.00312368
0.00122194
0.00143791
0.00356796
0.00107688
0.0014976
-3.50384e-08
-1.15434e-07
0.00118203
0.001518
-0.00773691
0.00317477
0.0175682
0.0160026
0.0049605
0.00485088
0.0268361
0.0016622
0.000447559
0.0191638
0.00138554
-0.0016887
0.00187892
-0.000615036
0.00270482
0.00333032
0.00390326
0.00492048
0.0123284
0.0121785
0.00753441
0.0388043
0.00456027
0.00309981
0.00376053
0.00395538
9.88363e-05
-0.0037412
-0.0291278
-0.0235478
0.0347821
0.0397056
-0.00991343
0.000167498
0.0111931
0.0381045
0.00697815
0.0123736
0.0347666
0.000178331
-0.00923701
0.0392369
9.73832e-05
-0.0181083
-0.0277067
-0.00372328
0.00456218
0.00402281
0.00381555
0.00311066
0.0175356
0.00487292
0.00494699
0.0159405
0.00261695
0.0049412
0.00392406
0.00333517
0.00134923
3.45338e-05
0.00187037
-0.00179718
0.0267612
0.0191457
0.000480225
0.00169034
0.0370407
0.0199011
0.0215912
0.0501526
0.0454998
0.0292136
-0.0261387
0.0562245
-0.00391575
8.16248e-05
-0.00521171
-0.00371847
0.0669442
0.0576326
-0.00631327
-0.00947787
0.0194578
0.00815477
0.001852
0.0230281
0.00755961
0.00510058
0.00347929
0.0110287
0.00651632
0.00589322
0.00704628
0.0214627
0.0232764
0.0278216
0.00742178
0.0172172
0.0192036
0.0229679
0.00181985
0.00808974
0.0233211
0.016274
0.00744069
0.0278573
0.00650987
0.0216419
0.0073603
0.00607201
0.00756278
0.0110211
0.00481221
0.00552272
0.0366499
0.0500306
0.0241705
0.0199381
0.0663956
-0.0105452
-0.00750188
0.0576335
-0.00499638
-0.00498791
-0.00733125
0.000166645
0.0454094
0.0563977
-0.0259603
0.0289093
-0.000443544
0.000279527
0.000654903
0.00151121
0.00194002
2.55135e-06
0.000241749
0.0011535
0.0108988
0.0109996
0.00342723
0.00345093
0.00555026
0.00559602
-0.00550402
0.0109772
0.00653534
0.00566494
0.00786895
0.00526729
0.0110445
0.0109825
-0.00388608
-0.00598321
0.0109349
0.00368869
-0.00630232
0.0109438
0.0029579
0.00409013
0.00518619
1.76773e-05
0.00981113
0.0085881
0.00836921
0.00899302
0.00633279
0.0242135
0.00817285
0.00678532
5.82606e-05
-0.000108688
0.00058693
0.000905045
-4.35815e-05
9.36927e-05
0.000516697
-4.90663e-05
0.00415205
0.00707655
0.00799242
0.00579131
4.62035e-05
4.15703e-05
0.000189403
-6.02884e-05
4.51768e-05
0.000875649
0.000471734
-1.1277e-05
0.00694476
0.00635859
0.00831875
0.0143206
0.00313189
0.0032729
0.00261039
0.00111612
0.00549777
0.0109997
0.0031225
0.00529892
0.0109071
0.00333635
-0.00872874
0.0110015
-0.000128122
0.000168956
0.0019235
0.0012416
0.00398259
0.0052831
0.00801058
0.00789389
0.00660287
0.0184203
0.00823245
0.00596655
4.76403e-05
-3.29163e-05
0.000430839
0.0007757
3.25509e-06
-0.000228209
0.000161235
5.20865e-05
0.00960352
0.00729528
0.00845214
0.00832236
-1.40818e-05
-2.7162e-05
0.000599921
0.000220922
0.000189864
0.00091414
0.000741676
-8.42417e-05
0.00598773
0.00636814
0.00668814
0.0240226
0.00200898
0.00127533
3.4147e-05
-3.34357e-05
0.000199044
0.000617887
0.000222132
0.000610852
0.0109558
-0.0101263
0.00342896
0.00355802
-0.0109735
0.00348737
0.00340965
-0.010524
0.00655184
3.4239e-05
0.000447731
0.011113
0.0013367
0.00136189
0.00197416
0.00177523
0.00136933
0.00193027
0.00199109
0.00136697
0.0168092
0.0145005
0.000451596
0.000410664
0.000579259
0.0016102
0.000513202
0.000262902
0.00653034
0.00135426
0.000879959
0.00366693
0.00131616
0.00131251
0.00188741
0.00196589
0.00128094
0.00176551
0.00187039
0.00130579
0.014283
0.00585844
0.00280357
0.0158814
-0.00101775
0.00146132
0.003604
0.000225805
0.00132429
0.00198385
0.00194146
0.00133673
0.0104988
0.0128523
0.00108735
0.00151802
0.0264085
0.0286265
0.000743271
0.00140658
0.0203264
0.00077185
0.000661587
0.0239612
0.00137656
0.00138847
0.00204543
0.00194877
-0.000986793
-0.000320939
0.0031436
0.00151373
0.0107133
0.00286159
0.0332289
0.019953
0.00052195
0.0423088
0.0354879
0.000510679
0.00135573
0.00172169
0.0110811
0.013149
0.00154367
0.00355479
0.00726221
0.000863804
0.000176287
0.0396249
0.0421374
0.000428639
0.000136534
0.00262446
0.0100406
0.0047898
0.00164961
0.0132179
0.0130568
0.00193978
-0.000508367
0.0043839
0.0432658
0.0443437
-3.59565e-06
-3.21803e-05
0.0412054
0.0395907
-0.000770134
0.0436065
0.0429185
0.00407905
0.00165601
0.00194576
0.0130795
0.0133068
0.00013654
0.00479573
0.0100199
0.00262446
0.00931583
0.0202695
0.0334722
0.0021743
0.00151602
0.000842813
0.00733382
0.00363365
0.00136046
0.0132661
0.0112089
0.00172528
0.000254862
6.62833e-05
0.035423
0.0418518
0.00916242
-0.000824481
-0.0193249
0.0023888
0.031204
0.000106569
0.00547554
0.0298746
0.00965645
0.00343638
0.0110721
0.000131142
0.00828739
-0.00868885
-0.0042972
0.00493955
0.0146458
-0.00629924
0.0109878
0.0404563
0.00332131
-0.0056343
-0.0047816
-9.02271e-05
0.00988141
0.000104117
0.00512805
0.00433693
0.032259
0.0324698
0.000185249
8.87844e-05
0.032276
0.00732077
0.00897701
0.0428128
0.00316096
0.00477125
0.00648244
0.00552399
-0.00666822
-0.00383057
0.000336021
0.00141971
0.0156724
0.0295267
0.000175214
0.00121033
0.0143731
0.0062139
0.00216955
0.0118183
-9.43892e-05
-0.000561102
-0.000201693
-2.57713e-05
-0.0168064
0.000145387
-0.000539771
-0.00458407
0.00397312
0.0109857
0.00112997
0.00432893
0.00387532
-0.000135968
-0.0116547
0.0133874
-0.0169509
-0.00323234
-0.0132361
-0.0170107
0.00794976
0.000150786
0.0118359
0.0160199
0.0548223
0.0573683
0.00276225
0.000118293
0.015001
0.0106267
-0.00243587
0.00283039
0.00497275
0.0024566
-0.00207074
0.0107745
-0.00771515
-0.00820751
-0.000548158
0.00032642
-6.35344e-05
3.1194e-05
-0.000243911
-0.000504188
0.03335
0.042905
0.00839097
0.00621899
0.0237564
0.00108941
-2.1551e-05
0.0355191
-0.00560306
0.00130131
0.000343717
-0.00341261
0.00267301
0.00488411
0.00449884
0.0036253
0.0455455
0.0633794
0.00383418
0.00545596
0.0546228
6.94647e-05
0.000235823
0.0572107
0.00807109
0.00446219
0.00584202
9.21002e-05
0.0131569
0.0092396
-0.0107921
-0.0050107
0.029145
0.000190358
0.000307163
0.0272233
0.00647609
0.00219995
-0.00273812
-0.000397974
0.00133262
0.00147705
0.00360039
0.00103098
-0.00595364
-0.0278402
0.0200324
0.0220857
0.00714126
0.0403134
0.0148697
0.00215257
-0.021769
0.0122044
0.0206335
0.00415869
0.000389533
0.000341646
0.000519368
0.000695579
0.0064435
-0.000392122
-0.00226074
0.00232446
0.00101572
-0.00388556
0.0114956
0.00588566
0.00652256
0.00200594
0.00205415
-0.0093622
0.000239469
-0.000140525
0.000144006
-1.05962e-05
-0.00759442
-0.00436135
0.0121716
0.015926
-0.000468994
0.0116763
0.00757168
0.00732985
-0.00360327
0.017746
0.0153482
0.00503467
0.000123398
0.000112001
0.00898499
0.000143242
0.00668669
0.00359053
0.0224408
0.00123814
2.28262e-06
0.0273556
0.0321544
0.064068
0.0782885
0.00627124
0.00427916
0.0731047
0.00527165
0.00177917
0.00177911
0.00528175
0.00235457
0.00421208
0.000139285
-5.13165e-05
0.00996937
0.0028782
-0.0068983
-1.42111e-05
0.000683171
-0.00931806
-0.00858753
0.00150695
0.000992998
0.00121501
0.000765801
0.00155794
0.0782166
0.0289954
0.00110825
0.00293102
0.00985509
0.000273138
-0.00752896
0.0030545
0.0784409
0.00308812
0.00113666
0.029245
0.00102923
0.0015576
0.000757014
0.00124017
0.000679497
0.00152254
-0.00859824
-0.00932327
6.05568e-06
0.0640811
0.0321434
0.0273588
0.00235461
-5.13177e-05
0.000139358
0.00421097
0.0052669
0.00526689
0.00177889
0.00177909
0.0781609
0.0691964
0.00426315
0.00620358
0.0561802
0.0551345
0.0119867
0.0561959
0.0686226
0.00662978
0.00830037
0.0596586
0.00995982
0.00750302
0.00222844
0.00182128
0.0441446
0.0479004
-0.00618786
0.014206
0.0425368
0.0380053
0.00968027
0.0529049
0.0348902
0.013995
-0.00778939
0.0319233
0.0118724
0.00276255
0.00183705
0.00965518
0.0685201
0.0590821
0.00684624
0.00742562
0.0213208
0.0235068
0.00518203
0.00285129
0.0294053
0.0152467
0.014875
0.0249941
0.00566232
0.00570546
-0.00867075
0.00412839
0.0121998
0.0113267
0.00627311
0.00510551
0.022025
0.00592232
0.00744301
0.0235969
0.0179512
0.00544162
0.0053613
0.0150697
0.00517775
0.00249501
-0.00906771
0.00611855
0.0292674
0.0249975
0.015875
0.0149066
