-0.805
0.285
-2.51333
-0.802778
0.275
2.545
-0.894123
0.865
-2.275
-0.894123
0.935
2.415
0.805
0.285
-2.51333
0.802778
0.275
2.545
0.894123
0.865
-2.275
0.894123
0.935
2.415
0.000890568
0.000385861
-0.0105487
-0.00783868
0.000832907
0.000396168
-0.0105644
-0.00808379
0.00538894
0.00318657
0.0033731
0.00342567
0.00342209
0.00475628
0.0064318
0.0031724
-0.0002462
-0.000649328
0.00040307
0.00164514
0.00309378
0.00458456
-0.000420452
-0.00394595
-0.0101865
-0.00734199
-0.00125351
0.000129822
0.000738778
-0.0125502
-0.0162803
-0.0206597
-0.0193329
-0.0141765
-0.010976
-0.0092754
0.00572896
0.00346191
0.00423731
0.00342401
0.00246356
0.00423639
0.00628731
0.00386613
0.00269208
0.00456381
0.00140358
0.00067155
0.00111751
-0.0116283
-0.0155871
-0.020802
-0.0195017
-0.0138037
-0.010459
-0.00883277
0.00571043
0.00344301
0.00419047
0.00341211
0.00245633
0.00422018
0.00626062
0.00385396
0.00267961
0.00453796
0.00139188
0.00065088
0.00108482
-0.0116623
-0.0156273
-0.0208699
-0.0196013
-0.0138853
-0.0105218
-0.00888775
0.0053422
0.00313406
0.00327657
0.00335609
0.00338642
0.00471168
0.00637191
0.00313541
-0.000281655
-0.000758463
0.000308492
0.00161891
0.00305351
0.00452517
-0.000456498
-0.00397602
-0.0102965
-0.00759386
-0.0013296
6.85634e-05
0.000665773
-0.0126234
-0.0163666
-0.0207947
-0.0195162
-0.0143333
-0.0111022
-0.00938676
0.0628067
-0.00546827
0.0134462
-0.062288
0.00187323
0.0401763
0.000584338
-0.000155557
0.000740706
-0.000152767
0.0628062
0.0132157
-0.062288
0.0402332
-0.000155666
-0.000150961
0.000609756
0.0433776
0.0637266
0.0440682
0.0626857
-0.00023163
0.299806
0.435615
0.000609785
0.0433668
0.0440338
-0.00023129
0.0382779
0.0382723
0.0228795
0.0358206
0.106481
0.0437229
0.0437003
0.0622241
0.446895
0.0391147
0.0390979
0.0398599
0.42514
-0.0440144
0.0403468
-6.87044e-05
0.00114823
0.0476112
0.00474469
7.97932e-05
0.0313267
0.00060205
-0.000161701
-0.0304918
0.000727361
-0.000156435
-6.87144e-05
0.0403337
0.00113487
0.00341186
0.0476119
9.30278e-05
0.000566627
0.0313266
-0.000161706
0.00075424
-0.0304918
-0.000157964
0.0211374
0.000735261
0.0280138
0.0369964
0.0401608
0.000497809
0.0299723
0.0438342
-0.000149918
0.0204728
-0.00024957
0.318057
-0.000142259
0.0210994
-0.000234411
0.461772
0.0210883
0.0371057
0.000706505
0.027992
0.0402035
0.0439128
0.000502976
0.0299593
-0.000149996
0.318022
0.0204657
-0.000284084
-0.000146182
0.461746
0.0210566
-0.000234235
0.0534188
0.115679
0.016976
0.0813191
0.0588419
0.0225092
0.0361101
-0.0531362
0.0182018
0.0404044
0.0638031
0.0543958
0.0189212
0.0344574
0.0148279
0.0365708
0.365146
-0.0214307
0.0223553
0.425701
0.053416
0.115679
0.0588165
0.0224755
0.0361015
-0.0531362
0.0638032
0.0546567
0.0148251
0.0365708
0.0223469
0.425701
0.0289917
0.0361826
0.0437056
0.0435518
0.0419857
0.0642819
0.0438972
0.0388869
0.0623963
0.056095
0.0217242
0.474725
0.0537406
0.434188
0.441255
0.430389
0.0289747
0.0361986
0.0436975
0.0435351
0.0438686
0.0388618
0.0217129
0.474725
0.0332387
0.0583176
0.0210153
0.0266395
0.0332169
0.0266381
0.0210101
0.058282
0.0146784
0.0146671
0.0526078
0.0487518
0.0192597
0.0541163
0.0541151
0.0192597
0.0861187
0.0390787
0.0390787
0.086171
0.0285028
0.029482
0.0214118
0.0210985
0.0284825
0.0210893
0.0213847
0.0294672
0.0364415
0.0366469
0.0383316
0.0383276
0.464403
0.468248
0.468236
0.464402
0.061278
0.0286846
0.0179878
0.0216104
0.0612816
0.0215797
0.0179836
0.0286952
0.0620916
0.062812
0.0199187
0.0199086
0.430678
0.365399
0.365399
0.43066
0.0357062
0.0357062
-0.0260322
-0.0260322
0.0218668
-6.86858e-05
0.00120184
0.0230569
0.0050834
2.79184e-05
0.00657649
0.000610905
-0.000164969
-0.0146889
0.000720937
-0.000243024
-6.86959e-05
0.0218666
0.00118718
0.00305114
0.0230569
4.24472e-05
0.000557771
0.0062188
-0.000164972
0.000761028
-0.0146889
-0.000244388
0.000881168
0.000812915
0.0144285
0.0211262
0.0392351
0.000441835
0.0151888
0.0174785
-7.83586e-06
0.00901873
-0.000285706
0.267939
-0.000127091
0.00961327
-0.000236645
0.264568
0.000874727
0.021119
0.000769706
0.0144229
0.039271
0.0174798
0.000449572
0.0151737
2.5082e-05
0.267948
0.00901356
-0.000278389
-0.000135301
0.26463
0.00956618
-0.000236691
0.0586816
0.0470708
0.0581463
0.120278
-6.87229e-05
-6.87328e-05
0.0162771
0.0404321
0.00959415
0.0128964
0.0689248
0.0207014
0.0674874
-0.046425
0.0317317
-0.0576971
0.00440598
0.00372856
0.0160276
0.0243173
0.000131668
0.041231
0.0747918
0.0676522
0.000593194
0.000575483
0.0104715
0.0181633
-0.000158431
-0.000152733
0.0108727
0.036731
0.000733926
0.000747484
0.225016
-0.0102286
-0.000155811
-0.000144061
0.0110994
0.336583
0.0586808
0.0470705
0.0581448
0.120278
0.00861643
0.0126957
0.0688716
0.0206539
0.068236
-0.046425
0.0317274
-0.0576971
0.000143609
0.0412365
0.0747944
0.0676647
-0.00015849
-0.000152864
0.0108713
0.0367409
-0.000156765
-0.000143774
0.0110955
0.336599
0.00066573
0.000553783
0.0148066
0.0193185
0.0420786
0.0319248
0.0436803
0.0434655
0.0661909
0.066194
0.0564427
0.0643483
0.0452124
0.0325835
0.0439835
0.0443211
0.0632242
0.0632288
0.0624823
0.0552371
-0.000227715
-0.000232222
0.0107231
0.272338
0.308957
0.308955
0.175836
0.409497
0.448709
0.448697
0.438435
0.433013
0.000663189
0.00055638
0.0147979
0.0193189
0.042073
0.0319159
0.0436709
0.0434517
0.0451645
0.0325449
0.043952
0.044291
-0.000287664
-0.000231833
0.0107175
0.272366
0.0428852
0.0499251
0.0265462
0.0382618
0.0428811
0.0499037
0.026542
0.038255
0.0178837
0.0210016
0.0209848
0.0231344
0.0273709
0.0361957
0.0361957
0.0443988
0.11108
0.12216
0.0507501
0.11108
0.0436448
0.0436381
0.0438108
0.0327232
0.0436186
0.0436185
0.0437853
0.0327063
0.0644584
0.0621381
0.0623102
0.0644592
0.460825
0.449714
0.444074
0.460825
0.0404885
0.0529337
0.0271315
0.0390008
0.0404756
0.0529254
0.027119
0.0389798
0.0363772
0.0617971
0.0618013
0.0400523
0.407569
0.425421
0.425421
0.427764
-0.0485753
0.0564914
-0.0327717
-0.0485753
0.0367227
0.0898544
0.0146476
0.0433575
0.0176641
0.0141193
0.0380112
0.0448905
0.0172081
0.0223891
0.0148662
0.008688
0.0289964
0.0413782
0.0106429
0.0204728
0.0132378
0.0191982
0.0158995
-0.0282436
0.225205
-0.0125336
0.00891484
0.330762
0.0146749
0.0433575
0.0367002
0.0899048
0.0176606
0.0141089
0.0170175
0.0221937
0.0380086
0.0448906
0.0148646
0.00869197
0.0106385
0.0204755
0.0289957
0.0413781
0.0132371
0.0192082
0.225226
-0.0125328
0.0158974
-0.0282435
0.00891253
0.330762
0.0696622
0.0454413
0.0146168
0.020221
0.0285714
0.0282583
0.0420922
0.036719
0.0736606
0.0670315
0.0149977
0.0183986
0.0297271
0.0602954
0.0370748
0.0750498
0.0104318
0.0548564
0.0208881
0.0207856
0.010409
0.269825
0.185179
0.438786
0.0107288
0.342955
0.0212556
0.0213976
0.010566
0.268211
0.46501
0.446251
0.069642
0.0502511
0.0420886
0.0368763
0.0146097
0.0202176
0.0285657
0.0282363
0.0736755
0.0670402
0.0370795
0.0756377
0.0149858
0.0183994
0.0297135
0.0602948
0.0104292
0.0548643
0.185176
0.438785
0.020882
0.0207775
0.0104008
0.269856
0.0107129
0.343011
0.464991
0.44623
0.0212207
0.0213608
0.0105525
0.268246
0.0486471
0.040029
0.129188
0.0576599
0.0135823
0.0135739
0.0836927
0.083745
0.0607629
0.0585686
0.0152589
0.0294747
0.0419485
0.0270489
0.0495814
-0.0396345
0.0165554
0.0165534
0.0380553
0.0380553
0.0624254
0.0570627
0.074874
0.0538176
0.0190904
0.0190904
0.0367681
0.0367681
0.0214591
0.0170684
0.0279153
0.0449617
0.365273
0.365273
-0.0237343
-0.0237343
0.0201715
0.016971
0.428189
0.407976
0.0486442
0.0400269
0.0576277
0.129188
0.0607436
0.058547
0.0152336
0.0294474
0.0270426
0.0419545
0.0495814
-0.0396345
0.0624153
0.0568327
0.0764796
0.0582189
0.0170663
0.0214551
0.0449115
0.0279153
0.0169156
0.0201652
0.408027
0.428181
0.0287473
0.0292369
0.0361641
0.0359709
0.0420568
0.0323603
0.0428617
0.032324
0.0497986
0.0463582
0.0653168
0.0653263
0.0444286
0.0326533
0.0512497
0.0267249
0.0638034
0.0638029
0.0611931
0.0611955
0.021568
0.0214113
0.477506
0.471487
0.0539285
0.0539279
0.449321
0.449321
0.454767
0.454761
0.430533
0.430524
0.0287286
0.029221
0.0364175
0.03707
0.0323537
0.0420515
0.0428459
0.0323111
0.0326256
0.0443916
0.0512334
0.0266973
0.0214011
0.0215488
0.47148
0.477559
0.0194276
0.0688742
0.0531021
0.0526242
0.0141072
0.0421341
0.049706
0.0692935
0.0104704
0.0106523
0.0263824
0.0322841
0.0144269
0.0435712
0.0299695
0.0120553
0.0194242
0.0526218
0.053086
0.0688419
0.0144265
0.0120542
0.0299664
0.0435701
0.0104674
0.0322763
0.026377
0.0106503
0.0141051
0.0692568
0.0496868
0.0421287
0.0142923
0.0136233
0.0139043
0.0151259
0.0142871
0.0150953
0.0138917
0.0136191
0.0215728
0.066785
0.0203692
0.020603
0.021895
0.0206349
0.0203829
0.0667887
0.0104634
0.0279646
0.0276431
0.0105572
0.218167
0.180507
0.0446803
0.0454098
0.218168
0.045369
0.04468
0.180506
0.0104713
0.010555
0.0276431
0.0279745
0.0452285
0.133356
0.125674
0.0418948
0.0216781
0.019318
0.054205
0.0611091
0.0216473
0.061077
0.054205
0.0193194
0.0452807
0.0418948
0.125674
0.133355
0.0145227
0.0147117
0.0432532
0.0424701
0.0150932
0.0448205
0.0440367
0.0149021
0.0100896
0.0106446
0.0326882
0.0326184
0.00971385
0.0321244
0.0325236
0.0105661
0.0145163
0.0424594
0.0432322
0.0147038
0.00970716
0.0105592
0.0325087
0.0321135
0.0100593
0.0325852
0.0326659
0.010635
0.0150797
0.0148918
0.0440051
0.044778
0.0206736
0.0657539
0.0648876
0.0197698
0.0206683
0.0197682
0.0648928
0.0657602
0.0179396
0.0635161
0.0640809
0.0188591
0.0179385
0.0188586
0.0640803
0.0635135
0.268873
0.271093
0.464246
0.421641
0.266388
0.451738
0.457796
0.270271
0.266435
0.270306
0.457793
0.451729
0.26889
0.42164
0.464246
0.271113
0.0839436
0.0742262
0.0520917
0.0459145
0.0194941
0.0446838
0.0449816
0.0712691
0.00788203
0.0100071
0.03033
0.0238156
0.0106336
0.0328593
0.0269282
0.0109141
0.0839327
0.0458725
0.0520794
0.074226
0.0106152
0.0109042
0.0269082
0.0328259
0.00788087
0.0238124
0.0303204
0.010004
0.0194934
0.0712703
0.0449641
0.0446957
0.057573
0.061219
0.0614951
0.0673419
0.0574961
0.0673525
0.0614984
0.0612226
0.00775318
0.0153069
0.0538836
0.0245456
0.00784879
0.0240674
0.0500883
0.0154035
0.274737
0.339769
0.427977
0.439632
0.22525
0.225111
0.407772
0.333714
0.225266
0.333732
0.407824
0.225134
0.27477
0.439621
0.427972
0.339805
0.0266336
0.0233532
0.0530364
0.0518931
0.0265359
0.0518931
0.0530364
0.0232555
-0.0136832
-0.0113807
-0.036204
-0.0430193
-0.0136848
-0.0430193
-0.036204
-0.0113813
0.0122008
-6.86771e-05
0.00122865
0.0115943
0.00525275
1.98101e-06
-0.00139001
0.000615333
-0.00885481
-0.00842829
0.000710564
-0.000243388
-6.86862e-05
0.0122007
0.00121334
0.00288178
0.0115943
1.71547e-05
0.000553344
-0.00139404
-0.00885492
0.000757941
-0.00842829
-0.00024426
0.000854348
0.000851742
0.00719628
0.0144295
0.000371578
0.000413848
0.0072768
0.0109092
-0.00014778
0.00329169
-0.000285845
0.150353
-0.000124869
0.00387019
-0.000237899
0.140961
0.000848552
0.0144206
0.000801307
0.00719177
0.000377401
0.0109108
0.00042287
0.00727125
-0.00014799
0.15037
0.00328745
-0.000282114
-0.000131682
0.141
0.00382069
-0.000239396
0.0678197
0.0549422
0.0604937
0.122577
-6.87322e-05
-6.87421e-05
0.0159277
0.0200402
0.0127841
0.0131715
0.0735862
0.0189164
-0.0694925
-0.0543916
0.0295425
-0.0597766
0.00423662
0.00389791
0.0149273
0.0162738
0.040184
0.0412407
0.0808362
0.0691159
0.000588766
0.000579911
0.00617719
0.0100361
-0.000157009
-0.000154128
0.00535761
0.0365985
0.000737316
0.000744095
0.114041
-0.00458752
-0.000155338
-0.00014842
0.00547115
0.175667
0.0678195
0.0549419
0.0604922
0.122577
0.0124666
0.0129554
0.0735271
0.0188614
-0.0694925
-0.0543916
0.0295404
-0.0598172
0.0402445
0.0412466
0.080849
0.0691305
-0.000157107
-0.000154249
0.0053569
0.0365937
-0.000154259
-0.000146994
0.0054693
0.17568
0.000637743
0.00058177
0.00723578
0.0126127
0.0486627
0.0376519
0.0436149
0.0434223
0.0660661
0.0660677
0.056578
0.0643815
0.0500949
0.0383266
0.0440266
0.0442298
0.0627991
0.0628014
0.0625781
0.0566846
-0.000228681
-0.000231159
0.00522256
0.148189
0.30438
0.304379
0.237702
0.361771
0.442162
0.442156
0.437025
0.434325
0.000636487
0.000583082
0.00723119
0.0126129
0.048657
0.037642
0.0436049
0.04341
0.0500652
0.0382901
0.0439937
0.0441975
-0.000228241
-0.000230744
0.00521979
0.148202
0.0405817
0.044819
0.0324068
0.0382699
0.0405768
0.0448056
0.032402
0.0382638
0.0222425
0.0205251
0.0205167
0.0230068
0.031645
0.0360082
0.0360082
0.040113
0.108781
0.142341
0.0613232
0.108781
0.0497305
0.0436813
0.0437676
0.0382237
0.0497106
0.0436602
0.0437436
0.038204
0.0643332
0.0621811
0.0622672
0.0643336
0.45386
0.448304
0.445484
0.45386
0.0368926
0.0467373
0.0331231
0.0390578
0.0368779
0.0467247
0.0331084
0.0390389
0.0387513
0.0603334
0.0603354
0.0410356
0.423855
0.42528
0.42528
0.426452
-0.0462948
-0.0490453
-0.0384426
-0.0462948
0.0311934
0.049514
0.0385329
0.0917223
-6.86951e-05
-6.87136e-05
0.0130701
0.022019
0.00117503
0.00987785
0.00988776
0.0140495
0.0345196
0.0579509
0.0428103
0.0494827
0.00491404
0.00457533
0.0156731
0.0157305
5.38558e-05
0.000105731
0.00796341
0.00746878
0.0234542
0.0391989
0.0301749
0.0425279
0.000606478
0.000597622
0.00626515
0.0111893
-0.000163353
-0.00016005
0.00653696
0.0189731
-0.0226178
-0.0384584
0.0148554
-0.0293418
0.000724149
0.000732454
0.114113
-0.00574168
-0.000242636
-0.000156157
0.00438331
0.169765
-6.87051e-05
-6.87236e-05
0.012987
0.022019
0.0311931
0.049513
0.0385104
0.0917718
0.00116103
0.00884574
0.00988469
0.0140423
0.00322049
0.0035592
0.0155208
0.0154375
0.0345289
0.0579509
0.0428235
0.0494828
6.77373e-05
0.000118318
0.00796343
0.00747269
0.000562199
0.000571055
0.0062585
0.0111934
0.0215153
0.0391987
0.0301745
0.0425278
-0.000163357
-0.000160056
0.00653661
0.0189859
0.000757634
0.000754442
0.114129
-0.00573665
-0.0226178
-0.0384584
0.0148543
-0.0293419
-0.000244513
-0.000157791
0.00439636
0.169759
0.000907989
0.0126219
0.0745333
0.0428321
0.000774088
0.000696434
0.00721518
0.0135191
0.021205
0.035439
0.028599
0.0281361
0.0299922
0.0663157
0.0417877
0.0368577
0.0402712
0.0412213
0.0799852
0.069219
0.000469822
0.000525796
0.00725744
0.0118213
0.0225499
0.0379596
0.0298497
0.0307122
0.0249015
0.0635486
0.0371463
0.0415071
-0.000147207
-0.00015201
0.00514016
0.0550067
0.0147457
0.0261977
0.0206702
0.0206292
-0.000263445
-0.000234696
0.00506424
0.148818
0.322388
0.313535
0.251562
0.386403
-0.000132819
-0.000148015
0.00528771
0.181766
0.0153563
0.0268404
0.0211775
0.0212901
-0.000235528
-0.000233294
0.00514312
0.144219
0.387076
0.455256
0.463391
0.454038
0.000900902
0.0124357
0.0745213
0.0440419
0.0300458
0.0663203
0.0417899
0.036991
0.000738106
0.000674905
0.00721063
0.0135147
0.0211993
0.0354336
0.0285937
0.0281133
0.0402755
0.0412264
0.0799928
0.0692296
0.0249028
0.0635555
0.0371469
0.0416264
0.000476274
0.000529678
0.00725122
0.0118222
0.0225285
0.0379198
0.0298366
0.0307001
-0.000144513
-0.000152116
0.00513883
0.0550007
0.322369
0.313531
0.251524
0.386402
0.0147396
0.0261898
0.0206636
0.0206216
-0.000240327
-0.000285912
0.00505652
0.14883
-0.000138893
-0.000149781
0.00527906
0.181801
0.387124
0.455237
0.463369
0.454014
0.0153114
0.0267996
0.0211386
0.0212503
-0.000235483
-0.000232955
0.00513639
0.144238
0.0557826
0.0451885
0.0563106
0.0467237
0.117978
0.113379
0.150464
0.0694166
0.0166266
0.0175273
0.013244
0.0132397
0.0608696
0.101696
0.0825321
0.0825321
0.0638202
0.0548793
0.059803
0.0587048
0.0229846
0.0214781
0.0219932
0.0221343
0.0339209
0.0382993
0.0437223
0.0315795
-0.0554166
-0.0508649
-0.0570678
-0.0464356
0.0171529
0.0384851
0.0158568
0.0158558
0.0323609
0.048448
0.0392298
0.0392298
0.0699671
0.0590979
0.0630191
0.0620202
0.0720672
0.0632609
0.0762234
0.0774895
0.0146471
0.0231873
0.0190058
0.0190058
0.0263341
0.0425792
0.0356128
0.0356127
0.0163878
0.0206865
0.021681
0.0159483
0.0367584
0.0363833
0.0322923
0.0407696
0.336021
0.386341
0.365209
0.365209
-0.0158767
-0.0271012
-0.0225825
-0.0225825
0.0167273
0.0247898
0.0212634
0.022169
0.425841
0.425561
0.426945
0.424332
0.0557804
0.045185
0.0563083
0.0467213
0.117978
0.113379
0.0693918
0.150464
0.063775
0.0548593
0.0597806
0.0586813
0.0229443
0.0214528
0.0219637
0.0221037
0.0339145
0.0382886
0.031572
0.0437158
-0.0554166
-0.0508649
-0.0570678
-0.0464356
0.0699715
0.0590938
0.0630173
0.0620149
0.0727978
0.0632671
0.0767915
0.0780098
0.0163857
0.0206831
0.0159458
0.0216777
0.0367584
0.0363833
0.0407693
0.0322922
0.0167212
0.0247604
0.0221551
0.0212561
0.425841
0.425561
0.424332
0.426941
0.0218757
0.0366983
0.0288695
0.0291143
0.0281946
0.0645835
0.0360342
0.036078
0.0436425
0.0382536
0.0486389
0.0380329
0.0435086
0.043595
0.049549
0.0379378
0.0563075
0.0231625
0.0476871
0.0461176
0.0643151
0.0642487
0.0651958
0.0652005
0.0439403
0.043854
0.0499127
0.0382752
0.0389026
0.0389439
0.0457835
0.0328059
0.0624393
0.0623532
0.063522
0.0635218
0.0556673
0.0565253
0.0604613
0.0604625
0.0162236
0.0272226
0.0216461
0.0215677
0.396248
0.467791
0.477251
0.473106
0.113989
0.048561
0.0538346
0.0538343
0.422039
0.446356
0.441755
0.441755
0.439845
0.442665
0.448011
0.448008
0.431701
0.429077
0.430461
0.430456
0.0218627
0.0366766
0.0288517
0.0290978
0.0282883
0.0645848
0.0363027
0.0371011
0.0436338
0.038246
0.0380255
0.0486339
0.0434934
0.0435768
0.0495334
0.037923
0.0439103
0.043827
0.038247
0.0498879
0.0388753
0.0389208
0.0457627
0.0327795
0.0162152
0.0272085
0.021557
0.0216309
0.396283
0.467791
0.473102
0.477251
0.0349809
0.0254402
0.0409472
0.0617396
0.0637337
0.0286846
0.0584335
0.0510034
0.0157236
0.0209019
0.0212372
0.0266878
0.027818
0.0199386
0.0333342
0.0254553
0.0349592
0.0254369
0.0409437
0.0617058
0.0278169
0.0199375
0.0333325
0.0254536
0.0157197
0.0208962
0.0212326
0.0266819
0.0637108
0.0286609
0.058414
0.0485802
0.014663
0.0146146
0.0139207
0.0150622
0.014671
0.014601
0.013908
0.0150411
0.0542307
0.0423878
0.0290203
0.0500351
0.0524948
0.0423972
0.0290445
0.0466
0.0149021
0.0193382
0.0191751
0.0236291
0.0545912
0.118848
0.0490303
0.0540224
0.0545903
0.118846
0.0490295
0.0540215
0.0148999
0.0193382
0.0191751
0.0236291
0.0879866
0.0647673
0.107638
0.0849057
0.0402284
0.0297997
0.0483449
0.0379234
0.029801
0.0402284
0.0379234
0.0483448
0.0647672
0.0880379
0.084958
0.107638
0.02154
0.0283806
0.028625
0.0360686
0.0222128
0.0296046
0.0293594
0.037329
0.0213337
0.0159889
0.0270315
0.0214899
0.020942
0.0157537
0.0267102
0.0212549
0.0215306
0.0283594
0.0286055
0.0360551
0.0209334
0.0157451
0.0266991
0.0212452
0.0213027
0.0159686
0.0270041
0.0214668
0.0221947
0.0295903
0.0293441
0.0372982
0.0290927
0.0365802
0.0363028
0.0654379
0.0367616
0.0291664
0.0654521
0.0365322
0.0417361
0.0273842
0.063984
0.0371757
0.0272695
0.0417139
0.0370473
0.0639833
0.390838
0.451759
0.476431
0.456888
0.391684
0.466629
0.469867
0.461524
0.466613
0.391728
0.461514
0.469858
0.451758
0.390867
0.456887
0.476147
0.0675928
0.0607801
0.0618517
0.0566879
0.0333396
0.0217691
0.0353252
0.0297954
0.0169436
0.0134513
0.0225183
0.0190796
0.0161696
0.0215051
0.0217966
0.0273332
0.0675903
0.0607816
0.0618395
0.0566759
0.0161463
0.0214713
0.0217715
0.0273038
0.0169405
0.0134481
0.0225131
0.0190744
0.0333526
0.0217651
0.0353158
0.0298041
0.0721154
0.0754171
0.074249
0.0619249
0.0721802
0.0760711
0.0758301
0.0619285
0.0187959
0.0180448
0.0172541
0.0718989
0.018884
0.0180347
0.0172509
0.071894
0.431032
0.438465
0.429434
0.430606
0.336303
0.365457
0.365336
0.38667
0.336299
0.365456
0.365336
0.38667
0.431019
0.438445
0.42942
0.430592
0.0402984
0.0290476
0.0426438
0.0368808
0.02895
0.0402984
0.0368807
0.0426438
-0.0193246
-0.0271379
-0.024932
-0.0328333
-0.0271379
-0.0193263
-0.0328334
-0.0249321
0.0207083
0.0464112
0.0143737
0.0229552
0.0108227
0.0143518
0.0220135
0.0286462
0.00782621
0.0179024
0.0102531
0.00683389
0.0136906
0.0209339
0.00606648
0.0113606
0.00712979
0.0101673
0.00744719
-0.0141791
0.114054
-0.00631729
0.00385255
0.16658
0.0143711
0.0229547
0.0207055
0.0464646
0.0108198
0.014347
0.00748079
0.0175557
0.0220136
0.0285973
0.0102535
0.00678819
0.00606878
0.0113641
0.0136381
0.0208501
0.0071296
0.010179
0.114061
-0.00631145
0.00744661
-0.0141782
0.00386271
0.166585
0.00722863
0.0157128
0.00720573
0.0139743
0.0142682
0.0144756
0.0217877
0.0208999
0.0709804
0.0617608
0.00726727
0.0113653
0.015141
0.0151577
0.0177086
0.0167656
0.00523189
0.136229
0.00973847
0.00936627
0.00471319
0.149268
0.253722
0.268406
0.00524165
0.143831
0.00985146
0.0101891
0.0049044
0.142349
0.265478
0.269665
0.00722796
0.0155518
0.0216231
0.0208937
0.0072012
0.0139677
0.0142643
0.0144696
0.0709677
0.0617224
0.0177098
0.0167359
0.00726123
0.0113665
0.0151267
0.0151429
0.00523036
0.136241
0.253734
0.268419
0.00973435
0.00936034
0.00471061
0.149276
0.00523217
0.143845
0.265532
0.26971
0.00981276
0.0101564
0.00488908
0.142375
0.0556592
0.136481
0.0453379
0.0628343
0.06054
0.0508586
0.154853
0.0694807
0.0140392
0.0212844
0.0140371
0.0212844
0.0132565
0.0132544
0.0411634
0.0411634
0.0733879
0.0156656
0.0736352
0.018596
0.0688996
0.0691092
0.0191759
0.0206682
0.05701
0.0640069
0.0221938
-0.0446789
0.0424183
0.0277737
-0.0581958
-0.0504074
0.0151739
0.0161629
0.0150264
0.0160148
0.0149013
0.0149496
0.0238353
0.0237864
0.0663492
0.0156136
0.0805697
0.0693231
0.074509
0.0730216
0.067497
0.065624
0.00622117
0.0106127
0.00621784
0.0106147
0.0105143
0.0105132
0.0187407
0.0187414
0.00594733
0.0277946
0.00524894
0.0454182
0.0107625
0.011464
0.032397
0.0410746
0.11409
-0.00516468
0.114085
-0.00516215
0.225063
0.225062
-0.0108052
-0.010805
0.00492497
0.172753
0.00538
0.178715
0.0105533
0.0110068
0.338176
0.335167
0.0556577
0.136481
0.0453368
0.0628022
0.0605384
0.0508573
0.0694656
0.154853
0.0732445
0.0155071
0.0735848
0.0185529
0.0688569
0.0690643
0.0191374
0.0206282
0.0571345
0.0641166
0.0221922
-0.0446795
0.0277699
0.0424151
-0.0581957
-0.0504074
0.0661514
0.0158853
0.0805733
0.0693292
0.0745102
0.0730413
0.0675085
0.0656343
0.00594679
0.0278074
0.00524792
0.0453631
0.0114628
0.0107608
0.041084
0.0324069
0.00492291
0.172773
0.00537489
0.178739
0.0109998
0.0105498
0.33518
0.338202
0.00722522
0.0130653
0.00724661
0.0121558
0.0147592
0.0148544
0.0195442
0.0190886
0.0421176
0.042277
0.0321932
0.0320246
0.0487828
0.0379821
0.0491219
0.0377948
0.0665394
0.0659724
0.0665391
0.0659771
0.066605
0.0666069
0.065631
0.0656341
0.0450185
0.0455368
0.0326009
0.0327599
0.0500038
0.0383009
0.0505941
0.0385902
0.0632682
0.0632112
0.0632718
0.0632153
0.0631617
0.0631604
0.060691
0.0606927
0.00514475
0.148515
0.00518293
0.146204
0.0106838
0.0106446
0.271716
0.271302
0.244649
0.372421
0.244613
0.372419
0.178172
0.178171
0.415569
0.415568
0.450224
0.444181
0.450213
0.44417
0.445087
0.445082
0.436322
0.436317
0.0072211
0.0130642
0.00724121
0.0121563
0.0147509
0.0148449
0.0195435
0.019089
0.0421122
0.0422689
0.0321849
0.0320147
0.0379735
0.0487775
0.04911
0.0377825
0.0449733
0.0454917
0.032565
0.0327239
0.0382686
0.0499765
0.0505686
0.0385584
0.00513504
0.148529
0.00517818
0.14622
0.0106383
0.0106762
0.271336
0.271739
0.0487028
0.0364218
0.0515137
0.0498156
0.0264644
0.0282579
0.0447096
0.0323173
0.0486928
0.0364182
0.0514949
0.0497953
0.0282543
0.0264596
0.0323111
0.0446967
0.0134969
0.0134906
0.0206289
0.0206922
0.0206141
0.0206769
0.0200184
0.0200253
0.027507
0.027507
0.0319686
0.0404413
0.0404411
0.0319686
0.0445395
0.0445394
0.146403
0.0653575
0.123917
0.123917
0.0524776
0.0524775
0.0653575
0.146403
0.0434514
0.043843
0.0496397
0.0380808
0.0498216
0.0382494
0.0327057
0.0326234
0.0434279
0.0438142
0.049622
0.0380635
0.0382255
0.0497992
0.0326075
0.0326861
0.064673
0.0642693
0.0647645
0.0647671
0.0639278
0.0639275
0.064676
0.0642701
0.462536
0.459311
0.45698
0.45698
0.450935
0.450934
0.459309
0.462536
0.0479097
0.0354093
0.0525127
0.0508974
0.0319705
0.0270298
0.0462604
0.0329645
0.035398
0.0478999
0.0525024
0.0508901
0.0270136
0.0319594
0.0462437
0.032944
0.0528203
0.0528187
0.0616461
0.0612676
0.0616498
0.0612713
0.0603973
0.060399
0.40767
0.407722
0.426699
0.424094
0.424094
0.426697
0.427871
0.427868
-0.0530565
-0.0424392
0.0547639
0.0547639
-0.0344879
-0.0344879
-0.0530565
-0.0424392
0.0280578
0.0446788
0.0675726
0.111591
0.0146513
0.0139902
0.044293
0.0426262
0.0185408
0.0688486
0.0142058
0.0147066
0.0287362
0.0413437
0.0357621
0.0483919
0.0166791
0.0158574
0.0245113
0.0228711
0.0171802
0.0157205
0.00826839
0.0106959
0.0217116
0.0362838
0.0315361
0.0512193
0.0106633
0.0106001
0.0210594
0.0198954
0.0138323
0.0126465
0.0147816
0.0236232
0.0118908
0.0198576
-0.0210088
-0.0356316
0.225294
0.225158
-0.0131086
-0.0119856
0.00839844
0.00946098
0.327396
0.332227
0.0146447
0.0139839
0.0443456
0.0426262
0.0280534
0.0446757
0.0675711
0.11159
0.0185368
0.0688268
0.014198
0.0146861
0.0165359
0.0157126
0.0243648
0.0227246
0.0287345
0.0413392
0.0357133
0.0483919
0.0171789
0.0157184
0.00822258
0.010702
0.01066
0.0105967
0.0210614
0.0198975
0.0217111
0.0362829
0.0315047
0.0512192
0.0138318
0.0126457
0.0147905
0.023584
0.225316
0.22518
-0.013106
-0.0119847
0.0118891
0.0198549
-0.021008
-0.0356316
0.0083967
0.00945828
0.328699
0.332233
0.0153099
0.0694778
0.0287902
0.0206023
0.0145698
0.0146643
0.0204473
0.0199954
0.0216479
0.0354289
0.0213725
0.0357538
0.034028
0.0669705
0.0295424
0.0658768
0.0788197
0.0739434
0.0686552
0.0671867
0.0150454
0.0149499
0.0181686
0.0186286
0.0223814
0.0376443
0.0721759
0.0558223
0.026807
0.0635545
0.0721869
0.0617471
0.0104018
0.0105421
0.135757
0.0496254
0.0156795
0.0265861
0.0152497
0.0264539
0.0100614
0.0104875
0.269341
0.270471
0.201766
0.182843
0.388148
0.430223
0.0106816
0.0108215
0.309071
0.341362
0.0156726
0.0269359
0.0160147
0.0271285
0.0103278
0.0106053
0.267298
0.269241
0.389381
0.45839
0.411676
0.442942
0.0153066
0.0694494
0.0286189
0.0205781
0.033861
0.0669649
0.0296061
0.0658862
0.014563
0.0146567
0.0204429
0.0199929
0.0216439
0.0354008
0.021365
0.0357444
0.0788169
0.0739597
0.0686208
0.0671963
0.0269322
0.0635564
0.073131
0.0617525
0.0150328
0.0149388
0.0181695
0.0186293
0.0223612
0.037609
0.0721791
0.0519625
0.010399
0.0105398
0.135756
0.0496338
0.201765
0.182841
0.388159
0.430222
0.0156749
0.0265791
0.0152423
0.0264445
0.010054
0.01048
0.269371
0.270487
0.0106644
0.0108085
0.309124
0.341408
0.389426
0.458375
0.411712
0.442925
0.01564
0.0269019
0.0159872
0.0270933
0.0103059
0.0105938
0.267338
0.269276
0.0546902
0.0506356
0.0418001
0.0316807
0.131272
0.127431
0.0559324
0.0593845
0.0136028
0.0138273
0.0138168
0.0135965
0.104667
0.0628184
0.0628184
0.104667
0.0646852
0.0574321
0.0547018
0.0637769
0.0143118
0.0154614
0.022609
0.0207405
0.0433161
0.0434641
0.0286895
0.0254323
0.0513089
0.0507373
-0.0413265
-0.0379491
0.0157465
0.0617015
0.0616989
0.0157937
0.0307043
0.0455459
0.0455459
0.0306554
0.06878
0.0578929
0.0479687
0.0657
0.0625929
0.0714051
0.0319644
0.0511487
0.0234082
0.0147746
0.0147735
0.0234082
0.0280669
0.045462
0.045462
0.0280676
0.0160557
0.0270529
0.0235184
0.0181632
0.0280483
0.0277792
0.044821
0.0452929
0.336162
0.386505
0.386505
0.33616
-0.017604
-0.0299692
-0.0299692
-0.0176048
0.0150893
0.0252508
0.020892
0.0164485
0.428437
0.428083
0.407874
0.408074
0.050633
0.0546768
0.0316781
0.0417985
0.0593523
0.0559324
0.127431
0.131272
0.0574169
0.064655
0.0637428
0.0546765
0.015435
0.0142928
0.02072
0.0225804
0.0254275
0.0286815
0.0434494
0.0433251
0.0507373
0.0513089
-0.0379495
-0.0413265
0.0578848
0.0687809
0.0657027
0.0464812
0.0724885
0.0625978
0.0549466
0.0332774
0.0181617
0.0235158
0.0270483
0.0160527
0.0452428
0.0448206
0.0277792
0.0280483
0.0164337
0.0208724
0.0252428
0.0150846
0.408126
0.407926
0.428077
0.42843
0.0217079
0.0363834
0.0370136
0.0220443
0.0650029
0.0286437
0.0277321
0.0641653
0.042041
0.0495963
0.0325036
0.0322721
0.04306
0.0426685
0.0322242
0.0324238
0.0670308
0.0200615
0.0200737
0.067038
0.0655354
0.0651022
0.0651096
0.0655432
0.0446267
0.0442348
0.0326708
0.0326359
0.0516707
0.0509788
0.0329587
0.0268265
0.063559
0.0638918
0.0638913
0.0635575
0.0612078
0.0613441
0.061347
0.0612108
0.0161063
0.027127
0.0269664
0.0159887
0.39373
0.471931
0.464657
0.393956
0.116418
0.0487957
0.0487952
0.116417
0.461189
0.435678
0.435677
0.461189
0.453253
0.456282
0.456277
0.453245
0.429255
0.435083
0.435073
0.429248
0.0363659
0.0216967
0.0220287
0.0369874
0.0287273
0.0650182
0.0643245
0.0278362
0.0322649
0.0324975
0.0495782
0.0420353
0.0426553
0.0430416
0.0324099
0.0322123
0.0326054
0.0326457
0.0442006
0.0445869
0.0509604
0.0516564
0.0268027
0.0329278
0.0159801
0.0269538
0.0271063
0.0160919
0.394006
0.464652
0.471934
0.393756
0.0115597
0.0103418
0.0267488
0.0296033
0.0734883
0.0642528
0.0651175
0.0727516
0.046761
0.0506443
0.0587074
0.0561561
0.063159
0.047097
0.0428129
0.0584253
0.00718896
0.02181
0.0219853
0.00885833
0.048802
0.0486594
0.0353688
0.0353732
0.0447644
0.0547946
0.0545373
0.0446545
0.0736107
0.0740946
0.0637553
0.0637986
0.00479598
0.00513678
0.0156519
0.0152044
0.00530328
0.0162217
0.0158897
0.00519459
0.0323621
0.0381367
0.0268704
0.0205677
0.037904
0.0264092
0.026587
0.0379573
0.00677312
0.0219328
0.0208251
0.00683339
0.0529154
0.0487912
0.034809
0.0377589
0.0344144
0.0221026
0.0297723
0.038429
0.00565248
0.00624212
0.0190509
0.0161967
0.0115568
0.0295995
0.0267447
0.0103388
0.0631577
0.0584234
0.0428096
0.0470938
0.0467493
0.0561384
0.0586947
0.0506359
0.0733954
0.0726665
0.0650949
0.0642152
0.00674683
0.00683312
0.0208243
0.0219063
0.00565186
0.0161977
0.0190496
0.00624168
0.0344102
0.0384259
0.0279629
0.0220996
0.0529143
0.0377584
0.0348077
0.0487893
0.00479392
0.015199
0.0156476
0.00513777
0.0378948
0.0379493
0.0265806
0.0263731
0.0323567
0.0205636
0.0268651
0.03813
0.00530241
0.00519341
0.0158862
0.0162192
0.0071875
0.00885592
0.0219806
0.0218054
0.0735563
0.0637589
0.0637268
0.0740548
0.0447513
0.0446419
0.054514
0.0547758
0.0487966
0.0353679
0.0353629
0.0486543
0.0144085
0.0146671
0.0146329
0.0142006
0.0134604
0.0132502
0.0139554
0.0142227
0.0201869
0.0210708
0.0142002
0.0134544
0.0182569
0.0149415
0.0151287
0.02051
0.0144061
0.0141947
0.0146228
0.014664
0.0181526
0.0204776
0.0151087
0.0148587
0.0201795
0.0134492
0.0141844
0.0210487
0.0134594
0.0142195
0.0139459
0.0132471
0.0154415
0.0337154
0.0362766
0.0226823
0.066386
0.0668241
0.0672375
0.0666922
0.0202675
0.0210864
0.0203537
0.0197694
0.0187067
0.0190162
0.0296529
0.0227623
0.0155238
0.0227714
0.0363988
0.0337996
0.0187565
0.0227968
0.0300956
0.0190455
0.0202752
0.0197755
0.0203719
0.0211093
0.0663861
0.0666927
0.0672483
0.0668277
0.00572917
0.014521
0.0149515
0.0062759
0.0322546
0.0324525
0.023735
0.0234258
0.0318068
0.0232978
0.0235187
0.0321304
0.00619918
0.00624316
0.0148384
0.0147109
0.142138
0.260547
0.127386
0.125868
0.241192
0.115203
0.117633
0.248106
0.0402772
0.0406054
0.048913
0.0486784
0.0410141
0.0497037
0.0494334
0.041029
0.142147
0.125874
0.127383
0.26051
0.041009
0.0410287
0.0494327
0.0496979
0.0402771
0.0486781
0.0489124
0.0406052
0.241157
0.248068
0.117631
0.115203
0.00573814
0.0062687
0.0149499
0.0145333
0.00619752
0.0147103
0.0148367
0.00623817
0.0318068
0.0321304
0.0235187
0.0232978
0.0322674
0.0233894
0.0237349
0.0324525
0.0235503
0.0690992
0.0661699
0.0224871
0.157568
0.152659
0.109615
0.114088
0.144372
0.103181
0.106152
0.148434
0.0206623
0.0216517
0.0637928
0.061844
0.0110041
0.0110695
0.0306679
0.0317389
0.0103244
0.0272005
0.0289333
0.010901
0.0633404
0.0673995
0.0469034
0.0440206
0.071503
0.0526889
0.0497821
0.0674588
0.0109797
0.031681
0.0306689
0.0110728
0.0714878
0.0674437
0.049782
0.0526567
0.0633403
0.0440206
0.0469034
0.0673747
0.0103254
0.0109041
0.0289343
0.0272009
0.0235502
0.0224868
0.0661692
0.0690975
0.0206623
0.061844
0.0637928
0.0216517
0.144372
0.148434
0.106152
0.103181
0.157568
0.114086
0.109614
0.152659
0.007201
0.00721045
0.0214562
0.0212887
0.0072305
0.0217918
0.0216239
0.0072202
0.0496851
0.0495943
0.036226
0.0365409
0.0488923
0.0355964
0.0359112
0.0493515
0.00727204
0.0224656
0.0222971
0.00726251
0.0500494
0.0499583
0.0374866
0.037802
0.0497761
0.0368559
0.0371713
0.0498672
0.0072412
0.00725203
0.0221286
0.02196
0.0043873
0.00502376
0.0158308
0.0155145
0.00520275
0.016165
0.0160476
0.00516302
0.0382366
0.0382623
0.0270793
0.0271748
0.0383137
0.0268882
0.0269837
0.038288
0.00400245
0.0149977
0.0155017
0.00488872
0.0377233
0.0378663
0.0265821
0.0263258
0.0381522
0.0270945
0.0268383
0.0380093
0.00518367
0.0051045
0.0158712
0.0161062
0.00719649
0.0212821
0.0214478
0.00720592
0.0488835
0.0493365
0.0358998
0.035589
0.0496663
0.0365212
0.0362105
0.0495777
0.00722615
0.00721587
0.0216137
0.0217797
0.00399905
0.00488356
0.0154937
0.014991
0.00517742
0.0160977
0.0158626
0.00509578
0.0381337
0.0379932
0.0268265
0.0270812
0.0377123
0.0263171
0.0265718
0.0378527
0.00435488
0.0154757
0.0158043
0.00501279
0.0382793
0.0382578
0.026953
0.0268508
0.0382148
0.0271574
0.0270552
0.0382363
0.00519898
0.00515728
0.0160303
0.0161536
0.00726624
0.00725623
0.0222777
0.0224448
0.0072362
0.0219457
0.0221117
0.00724621
0.0497549
0.0498436
0.0371428
0.036832
0.0500208
0.0377644
0.0374536
0.0499322
0.0142019
0.0297673
0.0293176
0.0137467
0.0658485
0.0654134
0.0656574
0.0660963
0.0645488
0.0647932
0.0652204
0.0649801
0.012839
0.0132922
0.0288682
0.0284191
0.0141942
0.0137412
0.0293862
0.0298259
0.0128385
0.0285078
0.0289468
0.0132895
0.0645503
0.0649838
0.0652352
0.0648015
0.0658509
0.0661033
0.0656692
0.0654173
0.0111386
0.0267062
0.0271582
0.0115943
0.0629816
0.0633419
0.0637702
0.0635559
0.0641307
0.064505
0.0641542
0.0637249
0.0123846
0.011928
0.0276102
0.0280623
0.0111372
0.0115933
0.0270382
0.0265757
0.0123842
0.0279633
0.0275008
0.0119273
0.0641304
0.0637246
0.0641247
0.0643744
0.0629798
0.0635515
0.0637689
0.0633411
0.14981
0.149045
0.389479
0.378866
0.148352
0.395022
0.392293
0.148669
0.45542
0.453773
0.468802
0.469861
0.367096
0.379001
0.443752
0.428858
0.141654
0.38823
0.390532
0.143284
0.443625
0.446549
0.459957
0.456823
0.452398
0.466224
0.46309
0.449473
0.147197
0.145212
0.39285
0.395141
0.141686
0.143307
0.390577
0.388275
0.147211
0.395184
0.392901
0.145229
0.452397
0.449471
0.463083
0.466222
0.443619
0.456806
0.459945
0.446545
0.149823
0.378894
0.389508
0.149051
0.367095
0.428858
0.443751
0.378998
0.45542
0.469862
0.468803
0.453772
0.148365
0.148688
0.392315
0.395052
0.00727132
0.0827189
0.0701857
0.0242242
0.0807029
0.0693736
0.0681864
0.0802774
0.0464988
0.0460219
0.0572904
0.0584954
0.0503775
0.0381369
0.0562652
0.0456648
0.0117406
0.032397
0.0252518
0.00910847
0.0472453
0.0430703
0.0383346
0.0498546
0.0446076
0.0571539
0.0366409
0.045816
0.0766423
0.00838122
0.0227544
0.0678336
0.00365649
0.00412157
0.012671
0.0111513
0.00519773
0.0159083
0.0142703
0.004654
0.0340239
0.0334944
0.0238846
0.026617
0.0258682
0.0185246
0.021188
0.0296766
0.00501952
0.0157292
0.0160933
0.0052666
0.0384948
0.036535
0.0272319
0.027025
0.0330438
0.021016
0.020768
0.0328852
0.00542551
0.00533385
0.016309
0.0165879
0.00726613
0.024202
0.0701795
0.0827233
0.0503499
0.0456419
0.0562512
0.0380994
0.0464842
0.0584893
0.0572804
0.0460032
0.0807111
0.0802831
0.0681856
0.0693762
0.00500285
0.00525711
0.0160679
0.0156929
0.00542203
0.0165775
0.01629
0.00532693
0.0330262
0.0328617
0.0207438
0.021001
0.0384607
0.0269871
0.0271996
0.0368883
0.00366314
0.0111505
0.0126686
0.00413199
0.0258663
0.029671
0.021184
0.0185233
0.0311617
0.0266077
0.023878
0.033485
0.00519598
0.00465058
0.0142663
0.0159029
0.0117446
0.00910874
0.0252491
0.0324217
0.0766509
0.0678371
0.0227485
0.00839865
0.0445966
0.0458079
0.0366291
0.0571503
0.0472985
0.0499149
0.0383276
0.0430654
0.0105755
0.0335839
0.0728369
0.0700687
0.0627849
0.0605778
0.0618377
0.0636374
0.0603653
0.0629269
0.0622589
0.0604293
0.0692195
0.069271
0.0724455
0.0717361
0.0105606
0.0700572
0.072656
0.0336498
0.0692298
0.0726432
0.072334
0.0692794
0.0603672
0.0604307
0.0622632
0.0629325
0.062787
0.0636436
0.0618422
0.0605793
0.00654503
0.0158836
0.0172894
0.00713044
0.0146878
0.0151943
0.0162986
0.0152061
0.0599972
0.0625453
0.0625919
0.0608111
0.0650759
0.00858523
0.0212296
0.0717478
0.00671669
0.00715134
0.0173563
0.0161986
0.0650657
0.0705886
0.0212175
0.00858038
0.0599954
0.0608098
0.062588
0.0625399
0.0147615
0.0154257
0.0163695
0.015218
0.141707
0.165575
0.42541
0.402894
0.177191
0.427139
0.429734
0.18024
0.426576
0.429166
0.429344
0.426822
0.439253
0.44911
0.436774
0.433392
0.113963
0.114158
0.336391
0.168268
0.114065
0.336092
0.336232
0.114089
0.423975
0.424213
0.386588
0.386423
0.17423
0.171236
0.386748
0.42445
0.113974
0.168279
0.336416
0.114173
0.174242
0.42445
0.386748
0.171245
0.423975
0.386423
0.386588
0.424213
0.114063
0.114107
0.33623
0.336091
0.14173
0.402942
0.425447
0.165595
0.439247
0.433387
0.436759
0.449092
0.426574
0.426819
0.429334
0.429162
0.177209
0.18027
0.429724
0.427136
0.0185362
0.0168164
0.0324049
0.0390644
0.0162183
0.0315326
0.0298759
0.0159467
-0.0510509
-0.0550622
0.0440949
0.0469969
-0.0532792
0.0567449
0.0455179
-0.0576318
0.0183628
0.0390401
0.0323316
0.0164966
-0.0532244
-0.0576318
0.0455179
0.0567997
-0.0510509
0.0469969
0.0440949
-0.0550622
0.0161443
0.0157261
0.0298027
0.0315081
-0.00660719
-0.00602405
-0.0201662
-0.0218068
-0.00487483
-0.0167403
-0.0185042
-0.00545964
-0.0404409
-0.0444571
-0.0314408
-0.0285352
-0.0523424
-0.037011
-0.0342316
-0.0484216
-0.00661011
-0.0218072
-0.0201674
-0.00602949
-0.0523424
-0.0484217
-0.0342316
-0.0370104
-0.0404409
-0.0285352
-0.0314408
-0.044457
-0.0048761
-0.00546649
-0.0185062
-0.0167408
