-0.745
0.175
-1.87161
-0.874997
0.125
1.805
-0.825
0.645
-1.62484
-0.80493
0.895
1.915
0.745
0.175
-1.87161
0.875
0.115
1.79809
0.825
0.645
-1.62484
0.80493
0.895
1.915
0.015016
-0.00566239
0.0437702
-0.0647522
0.0109004
-0.0122312
0.0437755
-0.06475
-0.00282869
0.00675476
0.0135758
0.00229845
0.00959965
0.0190478
0.026219
-0.00365994
0.00891373
0.0146993
-0.0109754
0.00478198
0.0150335
0.0215414
0.00076287
0.0152439
0.0263107
-0.048468
-0.0110608
0.0017469
0.00644997
0.0167306
0.0223547
0.00241545
-0.0480723
-0.0571064
-0.0442595
-0.0333623
-0.00815343
0.00039369
0.0132831
0.00387457
0.00827756
0.0191919
0.0272289
-0.00998812
0.0158206
0.0232171
-0.00667823
0.00658347
0.00932118
0.0161988
0.0242332
0.00571567
-0.0519195
-0.0596983
-0.04433
-0.032843
-0.00896519
-0.000695384
0.00967998
-0.00114946
0.00643796
0.0176736
0.0255161
-0.0104465
0.0148181
0.0217213
-0.00697854
0.00581041
0.00802467
0.0154868
0.0235611
0.00492002
-0.0528928
-0.0608006
-0.0455764
-0.034254
-0.00479632
0.00412799
0.00774314
-0.00549013
0.00481997
0.0153843
0.0225761
-0.00503574
0.00738646
0.00953212
-0.0187006
0.000852628
0.0120339
0.0182547
-0.00020149
0.0146021
0.0244599
-0.0515882
-0.0136495
-0.000660566
0.00356532
0.0151459
0.0207955
0.000558916
-0.0503173
-0.0595896
-0.046947
-0.0362957
0.0273617
0.0145667
0.00149079
0.027023
-0.0988623
0.065347
0.0691239
0.0778209
-0.136671
-0.0243779
0.0273747
-0.000803475
0.0283666
0.0652036
0.0778197
-0.0243825
0.00697725
0.0311404
-0.00302979
0.0251883
-0.0350178
-0.0036487
0.413888
0.251874
0.000835303
0.0305889
0.0241931
-0.00366281
0.089068
0.0887584
0.00402459
0.15838
0.192677
-0.0336448
-0.0372064
-0.0154186
0.414971
0.0394246
0.0391263
0.0365258
0.0506689
0.246462
0.0127028
0.00950433
0.00786672
0.023248
-0.162292
0.0494813
0.0252072
0.0507241
0.073839
0.043645
-0.0182517
0.00427117
0.00956321
0.0125002
0.00676789
-0.167741
0.0237781
0.0501289
0.0507053
0.0251952
0.073839
-0.0182151
0.0439772
0.00425713
-0.000279341
0.0099198
0.0347339
-0.00356053
-0.00640689
-0.0140631
0.0155014
-0.033656
0.0682031
0.0148552
0.0274375
0.352958
-0.0978292
0.0348079
-0.0351973
0.215163
-0.00455731
-0.00585303
0.00470023
0.0340741
-0.0109489
-0.0380534
-0.0207701
0.0136562
0.0681934
0.352959
0.0145976
0.027446
-0.0978447
0.215177
0.0343417
-0.0352119
0.0894579
0.249704
0.00945162
0.0912725
0.100125
0.00489043
0.0343241
0.243001
-0.0581887
0.250573
0.0603888
0.042995
0.122193
0.346444
0.0861236
0.133844
-0.0325906
0.173922
0.0615341
0.0671254
0.0893013
0.249773
0.0996227
0.00371644
0.0331959
0.244956
0.0601997
-0.0306729
0.0859709
0.133845
0.0613092
0.0671248
-0.0449292
-0.0154509
0.0984414
0.00594001
0.000545349
-0.00922235
-0.0918213
0.0291089
-0.0234332
-0.0389886
-0.0542559
0.331233
0.31535
0.448687
0.355584
0.160925
-0.0458954
-0.0188793
0.0984521
0.00530942
-0.0923008
0.0284471
-0.0544125
0.331255
0.099607
0.114838
0.0878465
0.075964
0.0993555
0.0758851
0.0876615
0.114153
0.00946826
0.00884215
0.000330787
0.00206231
0.0129917
0.245127
0.244919
0.0129931
0.231946
0.28746
0.287464
0.231984
-0.00434206
-0.105571
0.0305852
-0.00647211
-0.00518096
-0.00670266
0.029676
-0.106192
-0.00950801
-0.0123671
-0.0291688
-0.0252793
0.365325
0.274867
0.274947
0.365296
0.0296576
0.0426829
0.0540257
0.0194146
0.028689
0.0199583
0.0540631
0.0442209
-0.0307244
-0.034961
-0.0877323
-0.0835156
0.148398
-0.0210998
-0.0211011
0.148393
0.28108
0.277757
0.188833
0.187543
0.015773
0.0080777
0.0110013
0.0126705
-0.0120224
0.0298614
0.0155833
0.0607465
0.0603736
0.0481273
0.0418556
-0.00708333
0.00811243
0.0158487
0.0102286
1.22177e-05
0.0127476
0.0304124
0.0607296
0.0153402
0.0601282
0.0413595
0.0485836
-0.00708615
0.00848455
0.0113672
0.0936444
0.0193919
-0.00470059
-0.00309752
0.0250406
0.00203428
0.0558251
0.00688225
0.0370991
0.140783
-0.0809476
-0.0105408
-0.0499937
0.0718112
0.00465908
0.015382
0.00668258
0.0917853
-0.0108324
-0.00433
-0.023337
0.0225723
0.0558135
0.140789
0.00674619
0.0370847
-0.0809318
0.0718114
-0.0105879
-0.0500134
0.0214477
0.030653
0.0860748
0.227415
0.0136096
0.0139761
0.0119166
0.294346
0.00447074
-0.00126127
0.0995115
0.0131844
0.012792
0.0309564
0.0319848
0.22772
-0.0964997
-0.0989601
-0.0736874
0.195159
0.0572609
-0.00769393
0.0609834
0.0488833
0.0666565
0.0666458
0.10059
0.207106
0.0754933
0.0793156
0.0874634
0.155013
-0.136341
-0.136339
-0.12854
0.132305
0.00508863
-0.0819749
0.0746022
0.0222842
0.0214462
0.030647
0.0860181
0.2273
0.00273709
-0.00403926
0.0989158
0.0113807
0.0147089
0.0307544
0.0289307
0.230397
0.0580848
-0.0124473
0.0595291
0.0434919
0.0754934
0.0794015
0.0873872
0.155011
0.00497424
-0.0819773
0.0744858
0.0222865
0.00852723
0.000797452
0.0565363
0.0093824
0.0340848
0.023352
0.0923314
0.0179399
-0.00192253
-0.00297067
-0.00119056
-0.00612573
0.0210301
0.0259894
-0.0577663
0.0272524
-0.0332959
-0.0355018
-0.0265265
-0.0370154
0.0119043
-0.0195555
0.0453685
0.11055
0.405453
0.405448
0.368444
0.440714
0.250627
0.250627
0.303924
0.206491
0.00277118
-0.0183481
0.0548866
0.0056074
0.0334636
0.0229509
0.091871
0.0173488
0.0193161
0.0252529
-0.0607064
0.0264005
0.0118975
-0.0195801
0.0451634
0.110548
0.0892566
0.0945094
0.0873501
0.0938074
0.0890245
0.0941022
0.0871128
0.0934196
0.00681614
0.00520886
0.00448618
0.00219578
0.132704
0.152978
0.152978
0.23685
0.168844
0.120756
0.389303
0.168207
-0.0375953
-0.00572484
-0.0624247
-0.0417654
-0.0381843
-0.00638893
-0.0630014
-0.0420572
-0.0140282
-0.0123207
-0.0203399
-0.0157377
0.412327
0.436482
0.387423
0.412327
0.0381539
0.0490762
0.0496621
0.0610758
0.0373134
0.0410015
0.0493499
0.0603922
-0.0426108
0.0387222
0.0362439
-0.0409639
-0.0124839
0.044141
0.0441407
0.109224
0.247929
0.252335
0.215728
0.248864
0.0924065
0.0656044
0.00944069
0.237148
0.101482
0.00609782
0.0330717
0.223778
-0.120568
0.061165
0.0431474
0.0418849
0.0694967
0.205662
0.0473481
0.175744
0.0741701
0.142544
0.053802
0.172999
-0.0600899
0.131517
0.0727598
0.0239096
0.00933816
0.237169
0.0922291
0.0654407
0.101192
0.0106136
-0.125538
0.0516118
0.0331612
0.222182
0.0430364
0.0510544
0.0473428
0.175937
0.0694542
0.205666
0.0742947
0.142392
-0.0580873
0.132398
0.0534231
0.174987
0.0727748
0.0239196
0.10525
0.0129905
0.0762058
0.0147829
0.101197
0.0159809
0.000160474
-0.00704666
0.0184331
-0.00226056
0.0417784
-0.00840389
-0.120091
0.0268676
-0.0288553
-0.0319301
0.0771858
0.155789
0.0251805
0.00440427
0.073748
0.129083
0.305078
0.370084
-0.0377715
0.0491512
0.0399518
0.0315674
0.0169491
0.0920952
0.24543
0.187031
0.10423
0.00726076
-0.00184508
-0.00961847
0.0736425
0.0111717
0.100466
0.015206
0.0160595
-0.0090009
-0.0329736
-0.0362544
0.0390671
-0.0133268
-0.124564
0.0257118
0.0770695
0.155729
0.30509
0.370109
0.0249438
0.00389473
0.0736202
0.129095
-0.0375022
0.0491524
0.245473
0.187017
0.0395323
0.0313104
0.0168169
0.0920817
0.0929157
0.0830039
0.270759
0.333562
0.0101125
0.00973514
0.0519983
0.0520269
0.101536
0.103509
0.00727492
0.00336838
0.0268001
0.042662
0.273457
0.226283
-0.0532746
-0.0510519
0.262328
0.262411
0.0626033
0.0529075
-0.0302258
-0.050842
0.119382
0.119381
0.335452
0.335409
0.0907776
0.0808643
0.0755571
0.171327
-0.0351465
-0.0351459
0.192115
0.191459
0.059182
0.0537224
0.104925
0.02839
0.0927129
0.0828871
0.333563
0.270237
0.101158
0.102902
0.00635674
0.00192236
0.0426591
0.0232936
0.275889
0.228031
0.0596231
0.0528018
-0.0344332
-0.0565354
0.080749
0.0906649
0.171307
0.0755472
0.053185
0.0590862
0.0281805
0.10493
-0.0246654
-0.0758067
-0.0131142
-0.0228281
0.109278
0.0966623
0.00454549
0.000501993
0.001056
0.00194465
-0.00792561
-0.00935178
-0.0963736
-0.0912523
0.0304779
0.0280583
-0.024659
-0.0227183
-0.0342316
-0.0363518
-0.086762
-0.0313078
0.349017
0.305851
0.297138
0.297081
0.447835
0.447731
0.351558
0.351562
0.153732
0.153731
-0.025568
-0.0763884
-0.016247
-0.0264665
0.0964324
0.108724
0.00380091
8.23919e-05
-0.091596
-0.0969862
0.0295903
0.027558
-0.0314604
-0.0869409
0.305866
0.348984
0.0869702
0.102104
0.0953813
0.0911534
0.123581
0.0974043
0.0985103
0.100583
0.0057466
0.0837023
0.0918953
0.0839429
0.0615871
0.0781441
0.0851295
0.0805212
0.086683
0.0910141
0.0950763
0.10166
0.0620121
0.0804975
0.0849536
0.0780831
0.00560031
0.0837403
0.0916031
0.0836171
0.119175
0.099254
0.0980053
0.096886
0.00712053
0.0127202
0.00782165
0.0148907
0.0124366
0.00831674
0.00720113
0.0122743
0.0121996
-0.000879406
0.0026638
0.00960667
0.0163598
0.011884
0.00349466
7.4024e-05
0.113387
0.150925
0.131662
0.0955032
0.143775
0.354671
0.224091
0.156634
0.144078
0.156527
0.224016
0.354676
0.113386
0.0954852
0.131662
0.150911
0.147145
0.114084
0.0852423
0.278978
0.14601
0.208189
0.377685
0.243282
0.146015
0.243269
0.377815
0.20783
0.147115
0.278963
0.0852642
0.113625
0.0849381
0.0672698
-0.0147055
0.0200066
0.0340041
-0.0823083
-0.0688458
0.0488302
0.00349851
0.0313858
-0.0723029
-0.0244104
0.0767712
0.0115421
-0.0174201
0.060555
0.0827585
0.0193619
-0.0154782
0.0650372
0.076625
0.0603966
-0.0177162
0.0111314
0.00341115
-0.026597
-0.0726269
0.0312165
0.0316321
0.0464033
-0.0693939
-0.0857336
0.0164298
-0.00503194
-0.0109768
0.0102713
0.0132137
0.00700794
-0.0125445
-0.00616068
-0.00272221
-0.0278829
-0.0214018
0.00039818
0.00299827
0.00486256
-0.0195808
-0.0258192
0.135613
0.119439
0.43468
0.437901
0.0816518
0.301875
0.384044
0.101975
0.0816347
0.102021
0.384134
0.301895
0.135623
0.437908
0.43468
0.119453
0.0215914
0.0493692
0.0620892
0.0276138
0.0271106
0.0195985
0.0385794
0.0513534
0.0655512
0.0781832
0.0476749
0.0397067
-0.0231676
0.0271704
0.0641773
0.0165898
0.0190385
0.0265722
0.0613909
0.0458166
-0.0230668
0.0166837
0.0634953
0.0265659
0.0656849
0.0398673
0.0474888
0.0779206
0.0288618
0.0500493
0.0333873
0.0182855
0.0108177
-0.0338371
-0.0349817
0.00409835
0.00328842
-0.00275253
-0.037086
-0.036
0.0350666
-0.0695743
-0.0379759
0.0555613
0.0263066
0.0465164
-0.0358513
-0.0671863
0.0632468
0.0436034
0.100839
0.201962
0.0153757
-0.134057
-0.0140608
0.0322122
0.0153759
0.0322082
-0.0140621
-0.134059
0.0632375
0.201962
0.100838
0.043333
0.149158
0.209832
0.254446
0.226742
0.146246
0.229077
0.255548
0.20994
0.114377
0.142006
0.229463
0.211418
0.113177
0.209005
0.228619
0.141616
-0.00901955
0.00705076
0.012093
0.0060293
-0.0119412
0.0136233
0.00844611
0.0410484
0.0325162
0.024862
0.0295714
-0.00812172
0.00706025
-0.00899408
0.0116147
4.54826e-06
0.000693953
0.0142985
0.0410003
0.00842027
0.032542
0.0294655
0.0257573
-0.00792844
0.0080469
0.0120885
0.0607354
0.0158014
-0.00379171
-0.0175755
0.0346132
0.00262208
0.0496544
0.0733466
0.0398441
0.138755
-0.0731062
-0.0372504
-0.0576029
0.0188408
0.0039151
0.0117757
0.00764705
0.0575649
-0.0101694
-0.00546287
-0.0246405
0.0306091
0.0496479
0.138742
0.073289
0.0398294
-0.0731076
0.0188332
-0.037274
-0.0576126
0.0252509
0.0292992
0.0699546
0.144159
0.0159606
0.0159819
0.0131023
0.262521
0.00315159
6.86907e-05
0.101065
0.00532774
0.0196692
0.0275602
0.0294791
0.184252
-0.0980984
-0.0996815
-0.0814761
0.154949
0.0611907
-0.00672616
0.0639824
0.0518529
0.0678796
0.0678751
0.0868041
0.140492
0.0762565
0.0833208
0.0820675
0.157569
-0.136473
-0.136472
-0.113993
0.0276366
-0.00329041
-0.0472266
0.0538739
0.00571173
0.0252794
0.0293967
0.0698663
0.1442
0.00119673
-0.00247084
0.100454
0.00333054
0.0202099
0.02876
0.027664
0.18724
0.0610322
-0.0112676
0.0652607
0.0453325
0.0762565
0.0833131
0.0820031
0.157566
-0.00331439
-0.0472393
0.054007
0.00570989
0.0077658
0.00612766
0.0559876
0.0115881
0.0326143
0.0714449
0.0343519
0.0249438
-0.00183512
-0.0024043
-0.00214899
-0.0045772
0.0238452
0.0255457
0.00815211
0.0261283
-0.0334803
-0.034583
-0.0280733
-0.0360279
0.00420728
-0.0115777
0.0210954
0.0876414
0.409322
0.409323
0.394331
0.429131
0.25122
0.25122
0.27772
0.229063
0.00180505
-0.000191133
0.0524841
0.00540227
0.0320354
0.0712017
0.0338291
0.0243726
0.0222631
0.0246828
0.0050407
0.0252076
0.00418117
-0.0115823
0.0209878
0.0876411
0.0891913
0.0917151
0.0881841
0.0930744
0.0889184
0.0913549
0.08791
0.0927252
0.00536533
0.00515528
0.00486284
0.00310995
0.137925
0.15539
0.155388
0.197605
0.176791
0.135399
0.37796
0.176814
-0.0367128
-0.019213
-0.051486
-0.0343389
-0.0372795
-0.0223552
-0.0520497
-0.0345836
-0.0141824
-0.0138691
-0.0169731
-0.0150341
0.413805
0.426898
0.402695
0.413804
0.0370107
0.0396845
0.0474046
0.0425433
0.0364734
0.0391634
0.047041
0.0414721
-0.0348223
0.0337359
0.0324688
-0.0356236
0.0190138
0.0480868
0.0480867
0.0808208
0.247079
0.249388
0.238872
0.247547
0.00772157
0.0167302
0.0606283
-0.0489458
0.00859007
0.0110383
0.00976398
0.206851
0.00945938
0.00557703
0.104788
0.0102709
0.0181029
0.0222938
0.0300128
0.210376
-0.155326
-0.162944
-0.139122
-0.0462546
0.0330202
0.0532773
0.0506059
0.0466675
0.0219442
0.0280195
0.0669001
0.141573
0.0419294
0.059442
0.0817684
0.118932
0.0728278
0.0746795
0.0758172
0.147908
0.0459681
0.0409255
0.0507717
0.130924
0.0492244
-0.116127
-0.0316791
0.0978594
-0.00168792
0.00815941
0.0707908
0.0189844
0.00838254
0.0111577
0.009735
0.206957
0.00777387
0.0167309
0.0604823
-0.0488513
0.00873361
0.00414799
0.104466
0.00933726
-0.162233
-0.167064
-0.144469
-0.0525763
0.0183924
0.0162194
0.0301578
0.208279
0.0341294
0.0540543
0.0510539
0.0549027
0.0419217
0.0594435
0.0817717
0.118949
0.0218757
0.028022
0.066848
0.141554
0.0728277
0.0746795
0.0758323
0.147861
0.0489981
-0.116258
-0.0316649
0.098263
0.0455002
0.041263
0.0513212
0.132998
-0.00169888
0.00814816
0.0707601
0.0189786
0.0088097
-0.00242835
0.103056
0.0073722
0.0106482
0.00919462
0.0659174
0.0135131
0.111284
0.035529
0.0946576
0.0261805
-0.00373114
-0.0019153
-0.000913317
-0.005531
-0.00555483
-0.00804562
0.0386896
-0.00285144
-0.00205326
-0.000167043
0.036195
0.00356556
0.0343962
0.018835
-0.0476004
0.025492
-0.0338179
-0.0333006
-0.0303628
-0.0325325
0.0620475
0.0742775
0.0796031
0.151099
0.0108791
0.0187849
0.0190478
0.00945531
0.0342534
0.0197295
0.0514143
0.117202
0.266082
0.389723
0.32895
0.362963
-0.0891625
-0.105654
-0.066779
-0.0071529
0.016868
0.0260191
0.0371859
0.0331504
-0.0420893
-0.0274969
-0.00889329
0.0566223
0.139635
0.225828
0.230989
0.202571
0.00527798
-0.00540495
0.101058
0.00414264
-0.00659108
-0.00363414
-0.00305909
-0.00796236
0.005665
0.00373451
0.0626691
0.00838799
0.110561
0.0348946
0.0940873
0.0254379
-0.0109118
-0.0119548
0.0422861
-0.0109853
-0.0393178
-0.0366113
-0.0346016
-0.0369009
-0.00867426
-0.00658747
0.0315449
-0.00362709
0.032747
0.0171339
-0.052221
0.0242448
0.062037
0.0742659
0.079531
0.150892
0.26608
0.389718
0.328913
0.362931
0.0106761
0.0184539
0.0187951
0.00920843
0.0342475
0.0197307
0.0513372
0.11721
-0.0891777
-0.105655
-0.0666234
-0.00715555
0.139651
0.225751
0.231068
0.20261
0.0167996
0.0254341
0.0367451
0.0327645
-0.0420919
-0.0275258
-0.00897105
0.056456
0.0861747
0.0893229
0.0908959
0.0865689
0.254554
0.146779
0.272813
0.323013
0.0107219
0.00826272
0.0103356
0.0101847
0.0765958
0.105923
0.0695764
0.0695641
0.0989273
0.0973693
0.100822
0.100173
0.00486626
0.00496257
0.00602614
0.00412758
0.0349241
0.0374701
0.0290459
0.0403089
0.233926
0.247739
0.248145
0.237915
-0.0659811
-0.0503995
-0.0555718
-0.0544604
0.223949
0.254374
0.250884
0.250817
0.061086
0.0597695
0.0619635
0.0566566
-0.00084229
-0.035842
-0.0237967
-0.0374179
0.114264
0.12762
0.121592
0.121588
0.265443
0.367836
0.341099
0.341013
0.0880189
0.0865956
0.0898077
0.0834423
0.0808959
0.139558
0.105937
0.145353
-0.0822864
-0.0440831
-0.0338891
-0.0338892
0.153363
0.194327
0.175538
0.175376
0.0724473
0.0583908
0.0604069
0.0690982
0.0418868
0.0754873
0.0845178
0.0493255
0.0860588
0.0891279
0.090668
0.0864341
0.251291
0.241057
0.323016
0.265775
0.0983573
0.096915
0.100381
0.0996177
0.00341297
0.00408373
0.00496093
0.00281943
0.0330015
0.0365813
0.0403628
0.0291076
0.236253
0.249208
0.25
0.23743
0.0609766
0.0595011
0.061636
0.0565108
0.0474721
-0.0390494
-0.028886
-0.0422459
0.0881037
0.0863983
0.0833086
0.0896244
0.0827288
0.139547
0.145407
0.105937
0.0703546
0.0577765
0.0688314
0.0602493
0.0418676
0.0755256
0.0493311
0.084509
0.074807
-0.0384783
-0.0347701
-0.0607997
-0.0155041
-0.0140116
-0.0146299
-0.0176834
0.0980324
0.0995636
0.10628
0.0954968
0.01169
-0.000269025
0.00652845
0.0128997
-0.000264677
0.00130659
0.00140102
0.0018351
-0.00767445
-0.0107714
-0.00800631
-0.00871683
-0.107216
-0.0810922
-0.0922807
-0.0943414
0.0283896
0.0327234
0.0308007
0.0285537
-0.0249798
-0.0218866
-0.0235109
-0.0225342
-0.0380019
-0.0399754
-0.0359963
-0.0370915
-0.0143999
-0.0516549
-0.0679129
-0.041162
0.218973
0.385273
0.340603
0.319343
0.342597
0.276143
0.306522
0.306549
0.446528
0.443829
0.448493
0.448489
0.330121
0.372062
0.353492
0.353473
0.183789
0.135318
0.157384
0.157381
0.0728034
-0.0390897
-0.035705
-0.0613814
-0.0197887
-0.0165779
-0.0179054
-0.0212199
0.0975794
0.098905
0.0951107
0.105788
0.0110784
-0.000923647
0.00587243
0.012917
-0.107715
-0.0816552
-0.0945177
-0.0928625
0.0276075
0.0315225
0.0299961
0.0279725
-0.0560714
-0.051875
-0.0413107
-0.068069
0.218975
0.385157
0.319375
0.340576
0.100217
0.0979368
0.0963166
0.102292
0.109598
0.108776
0.103474
0.111988
0.0813803
0.0823553
0.0904272
0.0922569
0.0723523
0.0749464
0.0794712
0.0783797
0.100013
0.0976459
0.0960897
0.101978
0.0723173
0.074998
0.0793732
0.0782834
0.0811947
0.0820794
0.0902291
0.09201
0.107319
0.108086
0.102811
0.111362
0.00942216
0.00734112
0.00973949
0.00853112
0.0101993
0.00707032
0.00927175
0.00775969
-0.000699893
-0.000671256
0.00105718
0.000666218
0.00154692
0.00119183
0.00263555
0.0019671
-0.00206468
0.0662461
0.0622049
0.0440438
0.188902
0.275204
0.209555
0.27668
0.188871
0.275194
0.209504
0.276704
-0.00206635
0.0662771
0.0622055
0.0440569
0.158898
0.212528
0.252473
0.0310257
0.258353
0.232551
0.310012
0.316337
0.232557
0.258143
0.316345
0.310006
0.212445
0.158881
0.0310232
0.25258
0.0931833
0.00581945
-0.0145037
0.00146452
0.0526245
-0.120674
-0.0906566
-0.0984087
0.00608639
0.0424602
-0.0944277
-0.0967874
-0.000889686
-0.0114842
-0.00288741
-0.0145552
0.0923603
0.00501263
-0.0153745
0.000681016
-0.00113207
-0.0116138
-0.00321833
-0.0147198
0.0061816
0.0422747
-0.0948239
-0.0969554
0.0513599
-0.121211
-0.091257
-0.0990661
-0.00967503
-0.00856148
-0.0115986
-0.00796209
-0.0112752
-0.0132514
-0.0101031
-0.0145887
-0.0313457
-0.0315288
-0.0259421
-0.0280907
-0.0266425
-0.0273482
-0.0243323
-0.0230197
0.243902
0.372007
0.357048
0.424463
0.185169
0.260018
0.290464
0.325979
0.260031
0.178339
0.326041
0.290516
0.371863
0.243904
0.424469
0.357034
0.0279499
0.0282813
0.0312348
0.0300433
0.0392386
0.0444602
0.0444297
0.0491467
0.0524609
0.063668
0.0518996
0.0580411
-0.00925795
0.026161
0.00941806
0.0291347
0.0267578
0.0272201
0.0304002
0.0291072
-0.00885538
0.0264482
0.0100852
0.0287488
0.0524498
0.0636681
0.0519452
0.057976
0.0392716
0.0444761
0.0442849
0.0490815
-0.0316155
-0.031326
-0.0304732
-0.0325162
-0.037002
-0.0356085
-0.0346971
-0.0356945
-0.106664
-0.0368279
-0.0897853
-0.0749549
-0.102016
-0.0345919
-0.0866229
-0.0678919
0.109466
0.168614
0.126196
0.126401
-0.044455
0.0273563
-0.0144914
0.00475265
-0.0444558
0.027463
-0.0145016
0.00475217
0.109433
0.168624
0.126184
0.126664
0.273598
0.176557
0.279768
0.28921
0.163524
0.261313
0.295607
0.0523969
0.1674
0.184725
0.190339
0.210498
0.183152
0.166172
0.20896
0.189285
0.0631331
0.0903975
0.00812908
0.122712
0.0778726
0.012708
0.0207324
0.116439
0.057554
0.0260539
0.0322476
0.0359251
0.0564373
0.105384
0.0914956
0.111108
0.0610318
0.114355
0.0570717
0.0963693
0.0182739
0.0776412
0.0514583
0.00971284
0.0136812
0.122753
0.0631102
0.090422
0.0776975
0.0120942
0.0399409
0.0367777
0.0206896
0.108408
0.0328014
0.0437956
0.0915685
0.111145
0.0550692
0.105312
0.0609897
0.114223
0.0181532
0.0782444
0.0572645
0.0975316
0.0518349
0.00970983
0.069958
0.011215
0.059955
0.014536
0.0985114
0.0892512
0.0135965
0.0154985
0.0322332
0.00823213
0.0307149
-0.00844063
0.0296177
0.0232291
0.00294456
0.00669849
0.0830121
0.147842
0.00590759
0.00279458
0.0610278
0.129439
0.140137
0.138601
-0.0510661
0.00217419
-0.00357985
-0.0164765
-0.0231418
0.0380475
0.0763246
0.0676113
0.0664647
0.00762563
0.00974929
0.0115234
0.0666367
0.00995927
0.0968288
0.0872093
0.0309007
-0.000963406
-0.00312149
-0.000307398
0.0261062
-0.0174223
0.0272116
0.0202024
0.082972
0.147365
0.140242
0.138624
0.00577682
0.00265994
0.0608769
0.129447
-0.0510129
0.00216678
0.0762741
0.0676098
-0.00364617
-0.0164545
-0.0231886
0.0380413
0.0656434
0.0417811
0.0720861
0.159974
0.0896481
0.0824488
0.139921
0.236818
0.0142046
0.247874
0.0137655
0.247879
0.0127238
0.0126622
0.287061
0.287049
0.10464
0.00756478
0.098078
0.00312917
0.100782
0.0987753
0.0139554
0.0125407
0.0143078
0.189817
0.036374
0.164702
0.0230302
0.0364423
0.229513
0.2216
-0.0802577
0.169223
-0.0820135
0.16905
-0.0747846
-0.0734503
0.196602
0.196613
0.0575491
0.0503234
0.0504693
-0.000183026
0.06508
0.0559908
0.0106384
0.0488308
0.0839199
0.141023
0.08387
0.141043
0.096588
0.0965886
0.208059
0.208062
0.0771663
0.154901
0.0809736
0.158538
0.087935
0.0835085
0.15314
0.156388
-0.11091
-0.00986966
-0.110912
-0.00743544
-0.131221
-0.131222
0.130674
0.130853
0.0804235
0.0225987
-0.0325224
-0.038622
0.0765406
0.0528749
0.0308935
0.0302215
0.0655443
0.0351175
0.0725602
0.160098
0.0895223
0.0823805
0.236921
0.139519
0.104135
0.00602002
0.0972978
0.000610771
0.100261
0.0980783
0.00685382
0.0104921
0.0157161
0.193217
0.0368552
0.166401
0.0366947
0.0232892
0.232056
0.224122
0.0580535
0.0585595
0.0493149
-0.00852547
0.064759
0.0551132
0.00311875
0.0423699
0.0771432
0.154901
0.0807918
0.15862
0.0834839
0.0879387
0.156332
0.15314
0.0808042
0.0225881
-0.0324089
-0.0379877
0.0528734
0.0764503
0.0303363
0.0309128
0.0621816
0.0125532
0.0361496
-0.00495167
0.0621347
0.0525329
0.0108938
0.00942926
0.0435732
0.0274509
0.0267593
0.0172047
0.0947476
0.0922948
0.0189843
0.0453693
-0.000988134
-0.00347675
-0.00198149
-0.00456519
-0.000422188
7.9522e-05
-0.00491991
-0.00556003
-0.0169776
0.0262616
0.0209401
0.026715
-0.0706557
-0.0430156
0.0280836
0.0275153
-0.0273702
-0.0336387
-0.0294945
-0.035824
-0.0266834
-0.0256459
-0.0347805
-0.0359138
0.0366382
0.102267
0.00615376
0.0720351
0.0385067
0.0529228
0.115476
0.107237
0.382898
0.424008
0.382914
0.423992
0.360832
0.360839
0.439389
0.439387
0.27647
0.226159
0.276654
0.22616
0.303595
0.303596
0.204301
0.204301
0.0581105
0.0068946
0.0332978
-0.0129303
0.0606435
0.0499688
0.00677782
0.00467271
0.0499037
0.02681
0.0263902
0.0167983
0.0918639
0.0942662
0.0183674
0.0451978
-0.0206907
0.0251521
0.0199121
0.0260578
-0.0456035
-0.0738804
0.0271047
0.0267825
0.0365408
0.102285
0.00605732
0.0720566
0.0527303
0.0383249
0.107265
0.115537
0.0922656
0.0873481
0.0949418
0.0949081
0.091071
0.0862311
0.0961095
0.0927729
0.0919966
0.0871437
0.0945856
0.0944539
0.0860259
0.0908081
0.0924326
0.0956653
0.00784366
0.00761488
0.00645111
0.00435143
0.00576888
0.00357462
0.0030223
0.00338364
0.131608
0.131605
0.13653
0.187592
0.187561
0.13653
0.23221
0.232113
0.100101
0.365349
0.099186
0.0990772
0.383867
0.383844
0.365688
0.0999922
-0.0242593
-0.0542196
-0.0106551
-0.00428416
-0.0671028
-0.0637684
-0.0548346
-0.0310684
-0.0250669
-0.0548196
-0.0113751
-0.00440036
-0.0641745
-0.0676959
-0.0313646
-0.0590852
-0.012502
-0.0156158
-0.0110942
-0.0118752
-0.02032
-0.0194035
-0.0141407
-0.0173855
0.424226
0.399347
0.435765
0.435764
0.386038
0.386039
0.399466
0.424285
0.0357926
0.0453074
0.0528804
0.0434591
0.0486483
0.0512121
0.0615652
0.0627077
0.045146
0.0355426
0.0442175
0.0367509
0.0508472
0.0484119
0.0608661
0.0621538
-0.0401392
-0.0390771
-0.0292118
-0.0282524
-0.0317668
-0.0303276
-0.0375478
-0.0384626
-0.0117421
-0.0117435
0.0728655
0.0151215
0.0151203
0.0728652
0.105115
0.105112
0.251125
0.237971
0.253416
0.253966
0.211744
0.210423
0.252154
0.238808
0.0907805
0.0926599
0.0457845
0.0881368
0.00797212
0.0120643
0.198734
0.263384
0.102596
0.10352
0.00724608
0.0158166
0.0296175
0.0361576
0.188915
0.23892
-0.0676158
-0.120774
0.00447998
0.0461795
0.0344796
0.0470403
0.0340954
0.0442009
0.0655287
0.0738194
0.18294
0.225564
0.0747152
0.0111371
0.163769
0.193839
0.0691829
0.0772856
0.129093
0.146798
0.0624628
0.0499437
0.147355
0.1939
0.0202618
-0.0681213
0.12494
0.135461
0.0697547
0.0748996
0.0196738
0.0282623
0.00788454
0.0118814
0.198766
0.263352
0.0904242
0.0924975
0.0458594
0.0882148
0.10235
0.103154
0.0115339
0.00971359
-0.0735765
-0.124501
-0.00940758
0.0388243
0.0296965
0.0360858
0.187397
0.241502
0.0344122
0.0469355
0.0430748
0.053308
0.074714
0.011078
0.163759
0.193859
0.0654976
0.0737694
0.183043
0.225534
0.0696085
0.0773182
0.129092
0.146801
0.0203492
-0.068262
0.125907
0.136049
0.0625153
0.0501453
0.149229
0.196208
0.0698517
0.0761096
0.0196797
0.0282428
0.123835
0.100936
0.0130454
0.0113188
0.0805719
0.0718222
0.0136019
0.0118888
0.121848
0.0997113
0.102231
0.020557
0.00205412
0.000112222
-0.00670367
-0.00496231
0.0208804
0.0169591
0.00156905
0.000961074
0.0381729
0.0455161
-0.0081227
-0.00706736
0.0432485
-0.0969932
0.0326897
0.0272349
-0.0293137
-0.0260949
-0.0275472
-0.0329184
0.0180927
0.079797
0.149362
0.15524
0.0158595
0.0288962
0.00078747
0.00782088
0.0756765
0.0672806
0.133905
0.123982
0.258883
0.338886
0.255638
0.416055
-0.031353
-0.049939
0.0567218
0.0469874
0.0305259
-0.010641
0.0037641
0.0300826
0.00971446
0.0241427
0.0870002
0.0965357
0.163635
0.276537
0.126866
0.176233
0.12502
0.100036
0.00938992
0.00877374
-0.000642036
-0.00139113
-0.00992118
-0.00689473
0.078245
0.0692215
0.00970728
0.00813193
0.120773
0.0991262
0.101463
0.019757
0.018413
0.0146202
-0.00555975
-0.00587022
-0.0344942
-0.0291987
-0.0333477
-0.0361631
0.0356541
0.0427741
-0.0139793
-0.0118655
0.0416962
-0.100857
0.0311607
0.0261408
0.0179683
0.0797529
0.148926
0.155269
0.25865
0.338874
0.255646
0.416074
0.0156751
0.0286015
0.000600515
0.00747908
0.0755355
0.0671912
0.133937
0.123992
-0.0311626
-0.0496037
0.0566924
0.0469812
0.163619
0.27657
0.126826
0.175865
0.0303933
-0.0105054
0.00395454
0.0291389
0.00960059
0.023992
0.0869785
0.0965091
0.0958414
0.0932551
0.0789754
0.0840575
0.146416
0.0650468
0.360013
0.292687
0.011471
0.00892732
0.00862512
0.0110398
0.0677005
0.0374553
0.0374861
0.0677258
0.0997798
0.0985191
0.101041
0.101548
0.00744971
0.00577621
0.00310682
0.00335464
0.0241213
0.0325392
0.0470966
0.0427492
0.280714
0.243966
0.219265
0.227579
-0.0647668
-0.0456254
-0.0434519
-0.0622351
0.236535
0.265986
0.267024
0.236474
0.0544128
0.0626736
0.0536805
0.0526591
-0.0326445
-0.029167
-0.00895216
-0.0611255
0.126758
0.107413
0.107412
0.126756
0.265981
0.35687
0.356802
0.265938
0.0892109
0.0915813
0.0829731
0.080379
0.071345
0.12722
0.200606
0.139898
-0.0860231
-0.0201082
-0.01994
-0.0860239
0.170094
0.212614
0.211904
0.169609
0.0662755
0.0565743
0.0606843
0.04286
0.0707802
0.101259
0.0372776
0.0382113
0.0930952
0.0955875
0.0839116
0.0788875
0.293411
0.360017
0.0650419
0.146427
0.0981789
0.0993523
0.100821
0.100488
0.00624767
0.00676346
0.00227361
0.00121431
0.04295
0.0469362
0.0304992
0.0218541
0.246694
0.282621
0.228843
0.221405
0.0619747
0.0524892
0.052611
0.053436
-0.0344745
-0.0357999
-0.0642424
-0.0216217
0.0809842
0.0828266
0.0913258
0.0890554
0.139885
0.200594
0.127372
0.0713382
0.0427545
0.0600897
0.056293
0.0661151
0.038193
0.0374512
0.101277
0.0707754
0.0838415
-0.0181117
-0.0705525
0.0637974
-0.0110203
-0.0125891
-0.0232147
-0.0199862
0.103251
0.0988511
0.0991863
0.0915584
-0.00503471
0.0132888
0.00589787
-0.00539479
0.00017921
0.00178598
0.00264985
0.00109397
-0.00639566
-0.00945108
-0.010948
-0.00775637
-0.106996
-0.0834202
-0.0809312
-0.087981
0.0334989
0.02906
0.0276251
0.0318067
-0.0262698
-0.0230302
-0.0211493
-0.0242686
-0.0340344
-0.0346058
-0.0367177
-0.0361754
0.0547799
-0.0796805
-0.0245387
0.0339541
0.231606
0.409775
0.354897
0.197399
0.326504
0.26061
0.260574
0.326498
0.442643
0.444996
0.444921
0.442642
0.326881
0.3687
0.368703
0.326887
0.127518
0.177954
0.177954
0.127518
-0.0189284
0.082481
0.0628316
-0.0712028
-0.0165193
-0.0133732
-0.0227252
-0.0277898
0.0912622
0.0989252
0.0983058
0.102592
0.0126265
-0.00580804
-0.00581817
0.00548283
-0.0900553
-0.0812825
-0.0840436
-0.10775
0.028095
0.0322389
0.0306717
0.0270737
0.0336634
-0.0247682
-0.0799171
0.0547066
0.19723
0.354892
0.409753
0.231611
0.0446046
0.0974097
0.0984093
0.0576251
0.102892
0.0993141
0.100282
0.102863
0.0919875
0.0925594
0.0991239
0.0979387
0.068041
0.063472
0.0967757
0.0897046
0.0595607
0.112893
0.117483
0.105906
0.0359998
0.100213
0.105771
0.0915488
0.092336
0.0975645
0.101161
0.100276
0.0986322
0.100737
0.102894
0.0990647
0.0779127
0.0704166
0.0721193
0.0124066
0.0828507
0.0895297
0.0854611
0.0801015
0.0920415
0.101781
0.0947137
0.0901603
0.0835201
0.0228869
0.0872976
0.0961403
0.0490917
0.0619373
0.0717561
0.072602
0.0726239
0.0828782
0.0750845
0.0700618
0.087764
0.0847721
0.0812113
0.0869506
0.0780672
0.0763467
0.0776107
0.083241
0.0446506
0.0575504
0.098166
0.0971762
0.0679575
0.0895667
0.0965951
0.063368
0.091673
0.0975414
0.0988409
0.0923354
0.102305
0.102455
0.0999163
0.0988181
0.0493174
0.0725787
0.0717211
0.0614742
0.0780348
0.0835247
0.0779515
0.076339
0.0875251
0.086781
0.081089
0.0845987
0.0725554
0.0699603
0.0750102
0.0827756
0.0778899
0.012214
0.0719882
0.0709278
0.0832561
0.0957479
0.0870318
0.0225733
0.0917363
0.0899404
0.0944786
0.101158
0.0828161
0.0800261
0.0853219
0.089404
0.0565982
0.104653
0.116508
0.112025
0.0979161
0.0984177
0.10209
0.0998488
0.091933
0.0995359
0.100558
0.0970598
0.0354493
0.0911775
0.10514
0.0997099
0.012959
0.00876621
0.007642
0.0114802
0.0139858
0.011582
0.0109636
0.0114165
0.00643243
0.0061457
0.00874859
0.00924966
0.00626498
0.00881258
0.00667837
0.00487086
0.0126027
0.0107982
0.00743537
0.00858842
0.00448415
0.00475171
0.00774741
0.00751477
0.00616713
0.00905738
0.00817174
0.00534952
0.0139864
0.0115205
0.0106054
0.0114632
0.00642384
-0.00215356
-0.000586477
0.00582706
-0.00146957
0.000580722
-0.000273892
-0.00254968
0.00394219
0.00317831
0.00139712
0.00213489
0.00194039
-0.000224591
0.000199778
0.00225955
0.0102468
0.00929732
0.00187629
0.000640317
0.00419992
0.00398645
0.0022475
0.00260093
0.0042691
0.00253043
0.0025834
0.00416024
-0.000932653
-0.000940675
0.00112217
0.00104655
0.0809623
0.136484
0.0574136
0.0693005
0.156297
0.0725546
0.0699395
0.151308
0.137114
0.127189
0.0958914
0.133929
0.0845452
0.0657193
0.0282755
0.110499
0.143357
0.276772
0.22325
0.146252
0.388687
0.334533
0.310932
0.368506
0.193218
0.16325
0.238398
0.269802
0.15861
0.155418
0.157286
0.11192
0.143371
0.146162
0.223234
0.276815
0.158558
0.111935
0.157305
0.155346
0.19322
0.269799
0.238398
0.163267
0.388651
0.368081
0.310925
0.334526
0.0809561
0.0692843
0.0574147
0.13644
0.0845447
0.110498
0.0282712
0.0654983
0.13711
0.134031
0.0958912
0.127189
0.156296
0.151311
0.0699994
0.0725544
0.0644238
-0.0672707
0.130296
0.17285
0.136256
0.213149
0.13304
-0.0337815
0.118381
0.0842406
0.0480468
0.0819464
0.255605
0.232409
0.0119788
0.054923
0.0771224
0.0998437
0.215285
0.129122
0.141733
0.266142
0.252941
0.13183
0.371444
0.347592
0.337406
0.362162
0.15357
0.151113
0.274688
0.284781
0.0771119
0.129567
0.215566
0.0998439
0.153811
0.284809
0.274539
0.15109
0.371457
0.362156
0.337433
0.347661
0.141724
0.13192
0.252937
0.266135
0.0644778
0.172827
0.130284
-0.067267
0.25559
0.0549149
0.011848
0.232351
0.118394
0.0819383
0.0480331
0.084225
0.136266
-0.0337005
0.133026
0.208887
0.0712966
0.0574551
0.0977095
0.106757
0.0584677
0.0792802
0.0884893
0.0634283
-0.0225064
-0.00181031
-0.00886845
-0.0278491
0.0261979
0.0279569
0.0112117
0.0124894
0.0295759
0.0388018
0.0478241
0.0348153
-0.00460312
-0.106828
-0.109298
-0.0306273
-0.0528483
-0.0556336
-0.0833816
-0.0823774
0.055558
0.0368082
0.0580634
0.0695482
-0.0301059
-0.0162715
0.036164
0.0238057
0.0136445
0.0592567
0.0483308
-0.00139155
-0.0530323
-0.0816328
-0.0913162
-0.0613179
0.0178443
0.0244702
-0.0731498
-0.106573
0.0672249
0.00635728
-0.0043254
0.0576341
0.0583868
0.0221458
0.00258791
0.0133083
-0.0217673
-0.0348927
-0.00699029
0.00463075
0.0289487
0.0439612
0.0616884
0.0120439
0.0678432
0.106009
0.0969115
0.0649101
0.0255997
0.011853
0.0104594
0.0273047
-0.0230582
-0.0287201
-0.00967941
-0.00250678
0.0549017
0.0603893
0.0873649
0.0775822
0.0671634
0.0575524
-0.00451125
0.00616181
0.0288604
0.011296
0.0608448
0.0438739
-0.0220088
0.00424334
-0.00722582
-0.0351188
0.058208
0.0129703
0.0022535
0.030072
-0.0301222
0.0236867
0.0360013
-0.0163499
0.015725
-0.1083
-0.0748943
0.0236252
-0.0534234
-0.0615649
-0.0915848
-0.0820433
0.0134968
-0.00147839
0.0481071
0.0590687
0.0256773
0.0302301
0.0463856
0.0372285
0.0520653
0.0686667
0.0570598
0.0323237
-0.0534342
-0.0829981
-0.0839944
-0.0562634
-0.00797252
-0.0346324
-0.109846
-0.10735
0.015169
-0.00521723
-0.00818943
0.0140239
-0.00337705
-0.00646325
-0.00645946
-0.00343838
-0.0126379
-0.0125155
-0.00949102
-0.00955017
0.0120674
0.0130324
-0.0111323
-0.0140462
0.0108666
0.00917436
-0.0115869
-0.00825625
0.00614647
-0.0181542
-0.0148849
0.00764047
-0.0134542
-0.0102959
-0.011738
-0.014975
-0.00398176
-0.00526377
-0.0084991
-0.00713857
-0.0176677
-0.0359772
-0.0330124
-0.0164799
-0.0282697
-0.0250971
-0.0275701
-0.0308609
-0.016643
-0.0183336
-0.024332
-0.0219154
0.0034951
-0.00258871
-0.0296576
-0.021661
-0.00917692
-0.00841576
-0.0279781
-0.0306497
0.0105894
-0.0172204
-0.0249267
-0.00667057
-0.0157615
-0.0209688
-0.0215023
-0.0156777
-0.0272019
-0.0276656
-0.0245571
-0.0240901
0.13377
0.124511
0.250099
0.261
0.0947995
0.225424
0.237768
0.109718
0.425842
0.443375
0.418655
0.399401
0.425916
0.404879
0.422585
0.445709
0.0284471
0.151671
0.176305
0.0476448
0.277356
0.329112
0.303024
0.250392
0.401437
0.369763
0.340536
0.370549
0.0798509
0.0642613
0.192819
0.208914
0.0284392
0.0476396
0.175597
0.15167
0.0798704
0.208908
0.192811
0.0642587
0.401438
0.370549
0.340549
0.369761
0.277359
0.250383
0.302999
0.329127
0.133046
0.260995
0.250124
0.124495
0.425913
0.445709
0.422677
0.404884
0.425843
0.39928
0.418665
0.443374
0.0947956
0.109738
0.237766
0.225439
0.0342716
0.0414908
0.0304872
0.0335464
-0.103682
0.063079
0.027423
0.0448093
0.0419809
0.0355474
0.0319773
0.0613533
0.0266743
0.0258774
0.028626
0.029512
0.0178722
0.0254622
0.036938
0.0373393
0.0184401
0.0278188
0.0419536
0.0308541
0.037671
0.0567491
0.0505736
0.0340538
0.060507
0.0539961
0.0484404
0.0568742
0.0390214
0.0615048
0.0615171
0.055065
0.0693951
0.0661703
0.0665599
0.0745224
0.0463534
0.0444359
0.0556518
0.0574372
0.0333119
0.046259
0.0514946
0.040206
-0.0439271
0.0106647
-0.00275859
-0.0597883
0.02644
0.0280899
0.030146
0.0279394
0.0491875
0.0672938
0.0287649
0.0323915
0.0242402
-0.0814993
-0.020349
0.069973
0.0337162
0.0319342
0.0291234
-0.0454895
0.0256276
0.0286021
0.0276161
0.0246989
0.0413509
0.0609712
0.0308364
0.0339516
0.0472885
0.0469354
0.0264002
0.0642119
-0.0439183
-0.0596781
-0.00246244
0.0107541
0.0241845
0.0697138
-0.0198477
-0.0812787
0.0487616
0.0310989
0.0289614
0.0669626
0.0256363
0.0269582
0.0297291
0.0274466
0.0395219
0.0552229
0.0615242
0.0618532
0.0336665
0.0403621
0.0520926
0.0467406
0.0460928
0.0571061
0.0555766
0.0443228
0.069613
0.0745013
0.0666461
0.0660695
0.0186027
0.0376061
0.0369821
0.0255346
0.0615776
0.0567976
0.0484182
0.0544825
0.0372878
0.0339375
0.0502252
0.0565193
0.0190039
0.0328078
0.0418723
0.0278427
0.00636119
-0.0293222
-0.0295813
-0.00073155
-0.0342201
-0.0353876
-0.0327179
-0.0331202
-0.0323586
-0.026564
-0.0325789
-0.0368407
0.0100822
-0.0015123
-0.030396
-0.0220333
-0.00253846
-0.00904283
-0.035175
-0.0349744
0.00119131
-0.0283627
-0.0357429
-0.00975429
-0.0336478
-0.0377761
-0.0357464
-0.0303843
-0.0353234
-0.0363962
-0.0359282
-0.0365027
0.0444896
-0.122637
-0.0541867
0.0493635
-0.0821956
-0.0652117
-0.107172
-0.140102
-0.0324234
-0.0513868
-0.0770139
-0.0478554
0.0447577
0.0567313
-0.0258139
0.00366413
0.0561488
0.0412911
-0.0480364
-0.116016
0.0521728
-0.00396933
-0.0274068
0.0484957
-0.0313861
-0.0467686
-0.0739216
-0.0482184
-0.0807611
-0.136106
-0.103673
-0.0639874
0.0102937
-0.0006899
0.121618
0.132483
-0.016533
0.0556918
0.0878668
-0.0228692
0.0770202
0.131216
0.112285
0.0882685
0.227528
0.201197
0.151789
0.180949
0.00691002
0.0225136
0.0237937
0.014523
-0.112485
-0.0845359
-0.042239
-0.0890344
0.0188177
0.0573689
0.0138976
-0.0433253
0.0158486
0.0232306
0.0331202
0.0289775
0.00688273
0.0145216
0.023905
0.0225268
0.0158417
0.0290153
0.0331482
0.0232263
0.0188166
-0.0433256
0.0138822
0.0571915
-0.112484
-0.0891527
-0.0422516
-0.0845364
0.0102965
0.132502
0.121671
-0.000697124
0.227529
0.180948
0.151756
0.201123
0.07702
0.0882662
0.112168
0.131214
-0.0165033
-0.0228714
0.0879144
0.0556963
0.0255699
-0.242478
0.140631
0.170559
0.156021
0.223849
0.180611
-0.131629
0.250167
0.252938
0.288248
0.255291
0.18701
0.221197
0.250877
0.239227
0.0345084
0.168564
0.123822
0.216418
0.191513
0.2418
0.252969
0.225679
0.250686
0.255822
0.29031
0.257329
0.15591
-0.139157
0.170715
0.223841
0.0680699
0.0915257
0.16132
0.12985
-0.00170848
0.155618
0.168995
0.105114
0.241053
0.242687
0.211752
0.195928
0.194764
0.153179
0.20552
0.231527
0.0672851
0.128564
0.159904
0.0910386
0.1949
0.23238
0.203526
0.150539
0.240776
0.195688
0.210546
0.238506
-0.00209609
0.104811
0.168251
0.155529
