-0.731101
0.195
-1.995
-0.675
0.225
1.98883
-0.805
0.635
-1.86912
-0.620322
0.905
1.895
0.731096
0.195
-1.995
0.675
0.225
1.98883
0.805
0.635
-1.86912
0.620318
0.905
1.895
0.0750146
0.0904615
0.128776
0.111411
0.0750208
0.0904639
0.128785
0.111114
-0.0414526
0.0120506
0.0767305
0.0861288
0.0191606
-0.0340098
-0.0707267
-0.0422487
0.0164839
0.0885729
0.0929558
0.0128553
-0.0402461
-0.0742115
-0.0265721
0.0331095
0.130523
0.116581
0.0212454
-0.0311116
-0.0619431
0.0658572
0.122342
0.183125
0.173266
0.105288
0.0506183
0.0109994
-0.0536437
-0.000514665
0.0684794
0.0842324
0.0103679
-0.0438885
-0.0797594
-0.0568426
-0.0518676
-0.0846335
-0.0460535
-0.0456981
-0.0737466
0.0559386
0.11501
0.182754
0.172142
0.0982926
0.041741
0.00269405
-0.053652
-0.000518563
0.068474
0.0842224
0.0103592
-0.0439062
-0.079788
-0.0568485
-0.0518815
-0.0846617
-0.0460603
-0.0457218
-0.073783
0.0559125
0.114978
0.182688
0.172032
0.0982
0.0416704
0.00263347
-0.0414753
0.0120328
0.076689
0.0860661
0.0191209
-0.0340581
-0.0707904
-0.0422668
0.0164744
0.0885236
0.092856
0.0128232
-0.0402912
-0.074276
-0.026593
0.0330972
0.130443
0.116291
0.0211542
-0.0311818
-0.0620239
0.0658003
0.122271
0.182996
0.173068
0.105112
0.0504779
0.0108774
0.0351506
0.050679
0.0780138
0.0711737
-0.00383849
0.104475
0.128417
0.113153
0.10043
0.100012
0.035158
0.0780145
0.0711762
0.104554
0.113178
0.0992594
0.0835537
0.181936
0.0957326
0.219303
0.104687
0.129138
0.3843
0.487965
0.0835558
0.18194
0.219285
0.129132
0.164651
0.164655
0.0771619
0.223468
0.280096
0.202689
0.20267
0.100157
0.553401
0.234146
0.234127
0.0970074
0.287344
0.245049
0.0232029
0.0502316
0.0746695
0.0419531
-0.0127526
0.093177
0.0302229
0.108531
0.0975767
0.0456576
0.0795905
0.0568497
0.0502481
0.0232438
0.0746698
-0.0153255
0.0419438
0.093163
0.108414
0.0302404
0.0975947
0.0787191
0.0456018
0.0566666
0.0921808
0.0804399
0.156979
0.0776032
0.103134
0.086941
0.199474
0.0915521
0.122127
0.171647
0.12981
0.352773
0.111099
0.209454
0.127198
0.48049
0.101984
0.0761707
0.0804391
0.156986
0.102771
0.0883825
0.0869438
0.199473
0.122132
0.352769
0.17167
0.129813
0.111796
0.480475
0.2094
0.127199
0.150866
0.219421
0.0670926
0.174747
0.181407
0.0743095
0.225261
0.214014
0.0655014
0.178342
0.221124
0.0998919
0.203938
0.215345
0.158411
0.220301
0.167131
0.202559
0.230491
0.271745
0.150869
0.219518
0.181411
0.0734814
0.225231
0.214013
0.221123
0.0984002
0.158417
0.220312
0.23055
0.271666
0.169441
0.0839697
0.172287
0.19308
0.11496
0.0986618
0.21237
0.230708
0.102352
0.107439
0.194022
0.546663
0.223293
0.504977
0.537716
0.395089
0.169422
0.0810948
0.172219
0.193072
0.21234
0.230675
0.194015
0.546653
0.166823
0.183378
0.159072
0.136399
0.166826
0.136403
0.159069
0.183378
0.0669603
0.0662394
0.104137
0.105021
0.187491
0.240576
0.197655
0.187465
0.110509
0.206259
0.206268
0.110581
0.164991
0.174079
0.204673
0.182994
0.164977
0.182968
0.204637
0.17406
0.0815403
0.0800923
0.0847084
0.0877281
0.488104
0.535914
0.535909
0.48828
0.221558
0.211196
0.182166
0.210553
0.221541
0.210519
0.182099
0.211145
0.106001
0.103743
0.0585847
0.0587084
0.378188
0.149418
0.149375
0.37813
0.206049
0.206327
0.164386
0.164749
0.0106185
0.0561159
0.0728747
0.028056
-0.0186523
0.0600401
0.0208124
0.0661342
0.0582135
0.0222332
0.0503148
0.0330386
0.0562783
0.010527
0.0728745
-0.00725207
0.0280424
0.0603703
0.0660191
0.0210334
0.0582261
0.0501747
0.0221314
0.0331078
0.0726618
0.0788055
0.170221
0.0748785
0.0921022
0.0887003
0.192007
0.088183
0.125845
0.154443
0.129221
0.341236
0.109142
0.183503
0.126225
0.361683
0.0726596
0.0748723
0.0788043
0.170217
0.0920954
0.0881835
0.0887032
0.192008
0.125364
0.34122
0.154452
0.129228
0.10894
0.361481
0.183372
0.126072
0.0309327
0.0339987
0.129209
0.140948
0.0505152
0.0505345
0.0628845
0.226976
0.0763406
0.0901708
0.189792
0.0765801
0.0594039
0.0698421
0.157777
0.17902
-0.00523815
-0.0052373
0.0469183
0.177817
0.106176
0.105024
0.217428
0.102735
0.123635
0.123632
0.178088
0.219195
0.114011
0.116145
0.148958
0.208132
0.0947022
0.0946244
0.128133
0.198024
0.0810816
0.108885
0.182635
0.258105
0.0312099
0.0340613
0.129222
0.141066
0.0763411
0.110092
0.189796
0.0765804
0.0594121
0.0696076
0.157436
0.17902
0.106248
0.104954
0.217464
0.102811
0.114073
0.116137
0.148943
0.208095
0.0784757
0.108524
0.182708
0.258061
0.0818564
0.085246
0.170867
0.0810361
0.176114
0.182309
0.167689
0.188357
0.0877986
0.0811036
0.101211
0.0974587
0.214454
0.21895
0.21284
0.222672
0.097102
0.091993
0.103515
0.103949
0.130366
0.127899
0.160204
0.390897
0.374249
0.374254
0.304761
0.451713
0.49004
0.490028
0.517691
0.444095
0.0818579
0.0852485
0.170866
0.0810371
0.176114
0.182317
0.167646
0.188353
0.214434
0.218912
0.212792
0.222715
0.130355
0.127924
0.160268
0.390954
0.158187
0.173044
0.16154
0.164687
0.158182
0.173048
0.161544
0.164694
0.0708618
0.0777396
0.0713197
0.0921548
0.219043
0.22351
0.223512
0.22669
0.271714
0.237967
0.26333
0.271821
0.198723
0.197864
0.207454
0.203772
0.198698
0.197849
0.207429
0.20376
0.090504
0.0990594
0.101249
0.08455
0.556118
0.544923
0.549809
0.556015
0.240082
0.230917
0.242502
0.240504
0.240069
0.230911
0.242412
0.240479
0.0911874
0.0985145
0.0955858
0.10471
0.229297
0.28258
0.282561
0.344148
0.237728
0.248396
0.202621
0.237708
0.134664
0.0606137
0.0575381
0.186722
0.179795
0.0712344
0.133475
0.178435
0.035244
0.172059
0.195926
0.0670014
0.114816
0.152678
0.161737
0.174799
0.130228
0.167383
0.138271
0.117581
0.115886
0.158358
0.153468
0.139844
0.0570626
0.186753
0.134676
0.0606203
0.179798
0.0712346
0.0400502
0.171942
0.133442
0.178518
0.195742
0.0670022
0.161712
0.174331
0.114803
0.152628
0.130248
0.167421
0.115569
0.158469
0.138103
0.117585
0.153424
0.139362
0.190836
0.102053
0.167239
0.0785806
0.161264
0.162348
0.08295
0.0798519
0.214791
0.106346
0.177394
0.0845662
0.183923
0.220803
0.0896385
0.0923535
0.147771
0.187925
0.159513
0.177304
0.155227
0.387893
0.273999
0.424391
0.1869
0.365566
0.205268
0.208609
0.169955
0.378008
0.511804
0.433898
0.192328
0.108774
0.0825267
0.078489
0.167223
0.0787103
0.160619
0.162335
0.214757
0.105546
0.0865711
0.0903543
0.177401
0.084567
0.18391
0.22079
0.147772
0.199636
0.274013
0.424383
0.159486
0.177299
0.155225
0.38823
0.186871
0.365649
0.511799
0.433867
0.20524
0.208579
0.169692
0.378057
0.159366
0.144172
0.206227
0.227333
0.0639191
0.067309
0.181315
0.18137
0.174238
0.178095
0.0706395
0.100613
0.222461
0.20431
0.217442
0.186452
0.0667095
0.0670281
0.176016
0.176016
0.225434
0.219982
0.106082
0.0955719
0.197455
0.197432
0.213823
0.21383
0.158502
0.147849
0.207363
0.22518
0.160893
0.160891
0.191164
0.191151
0.21502
0.222818
0.325751
0.211866
0.159369
0.144176
0.22753
0.205817
0.174242
0.178099
0.0698602
0.0977056
0.204289
0.222433
0.217484
0.186509
0.225421
0.21998
0.104539
0.0940255
0.147854
0.158526
0.225183
0.207343
0.222883
0.214937
0.211785
0.325685
0.167215
0.171586
0.0820543
0.0858493
0.177714
0.169039
0.189689
0.193683
0.107877
0.100964
0.0887612
0.085019
0.208282
0.213543
0.229415
0.229897
0.0882421
0.0937571
0.105537
0.103358
0.199153
0.188749
0.535336
0.547667
0.219934
0.21872
0.50354
0.503588
0.541648
0.541646
0.388889
0.388868
0.167197
0.171563
0.0792492
0.0829151
0.169038
0.177719
0.189677
0.193678
0.213519
0.208257
0.229392
0.22977
0.188747
0.199112
0.547591
0.535369
0.141903
0.184776
0.166455
0.136009
0.173071
0.164379
0.171402
0.185976
0.15261
0.14421
0.161594
0.167824
0.0971744
0.126816
0.153275
0.144139
0.141915
0.136091
0.166459
0.18478
0.0971664
0.144135
0.153279
0.126826
0.152566
0.16783
0.161608
0.144209
0.173058
0.18672
0.171408
0.16438
0.0650681
0.0607378
0.0706675
0.0739062
0.0650717
0.0739065
0.0693172
0.0578414
0.0731818
0.0850968
0.0949332
0.102076
0.0730402
0.101833
0.100853
0.0890013
0.132669
0.186052
0.215062
0.172391
0.259214
0.292633
0.226856
0.220873
0.262013
0.220882
0.226857
0.292627
0.132662
0.172387
0.215069
0.186091
0.118485
0.0760174
0.23203
0.216495
0.116321
0.2203
0.257174
0.158417
0.116463
0.158513
0.257129
0.220164
0.11808
0.216506
0.232069
0.0760473
0.168724
0.168668
0.194022
0.185188
0.183959
0.203399
0.203711
0.173984
0.179284
0.16548
0.208363
0.213462
0.155166
0.188589
0.198713
0.157145
0.168727
0.185181
0.194005
0.168667
0.155194
0.157175
0.198705
0.188591
0.179302
0.213413
0.208347
0.165528
0.183963
0.173982
0.203681
0.202786
0.0768294
0.0872572
0.0889817
0.0792649
0.0769281
0.0792641
0.0827516
0.0833617
0.0863748
0.0901166
0.0863939
0.0827995
0.086374
0.0827984
0.092126
0.0954273
0.392224
0.390744
0.546134
0.444772
0.371588
0.519527
0.553675
0.384348
0.371627
0.384384
0.55367
0.519524
0.392313
0.444769
0.546146
0.390783
0.215702
0.221954
0.235306
0.221748
0.115995
0.149443
0.233013
0.214016
0.110613
0.17279
0.2454
0.153702
0.187351
0.220238
0.245495
0.184523
0.217274
0.221787
0.235303
0.221939
0.187301
0.184483
0.245447
0.220203
0.110623
0.153357
0.245324
0.173097
0.115996
0.214044
0.233008
0.149394
0.0872102
0.0966466
0.104453
0.107045
0.0876129
0.106642
0.102575
0.0913621
0.0355011
0.0458073
0.0897703
0.10041
0.0356821
0.100347
0.0949208
0.0475798
0.349767
0.315126
0.338018
0.443128
0.0977887
0.122838
0.222985
0.198178
0.096564
0.198165
0.222969
0.122165
0.349856
0.443118
0.338003
0.315031
0.0538654
0.172725
0.242065
0.181559
-0.0218947
0.181791
0.242051
0.172476
0.115064
0.185934
0.191944
0.14892
0.114825
0.148906
0.192148
0.185977
0.00213413
0.0353619
0.0434221
0.0203998
-0.0044892
0.0434436
0.0115354
0.0456785
0.0300542
0.011078
0.0297991
0.0186395
0.0354809
0.00209205
0.0433898
0.000222567
0.0203248
0.0428126
0.0456758
0.0113069
0.0305586
0.0308894
0.0114023
0.0187598
0.0736104
0.0779775
0.141444
0.0770609
0.0912044
0.0895806
0.157225
0.0905012
0.128083
0.149738
0.128983
0.245887
0.109453
0.143442
0.120119
0.229658
0.0732187
0.0770472
0.0779759
0.141442
0.0912064
0.0905116
0.0895833
0.157203
0.128085
0.245798
0.149697
0.12899
0.109457
0.229838
0.143292
0.120138
0.0330031
0.0345495
0.0960551
0.101851
0.0506681
0.0506727
0.0585922
0.196645
0.077177
0.0895273
0.193154
0.0794483
0.0655851
0.0726432
0.117304
0.145708
-0.00410087
-0.00409594
0.011953
0.156627
0.10532
0.104098
0.20897
0.105711
0.126415
0.126399
0.159353
0.183803
0.113691
0.113834
0.138215
0.191095
0.0987412
0.0987884
0.11562
0.206953
0.0918706
0.105979
0.154499
0.208749
0.0331441
0.0345293
0.0961054
0.101941
0.0771776
0.120743
0.193152
0.0794484
0.0655973
0.072649
0.117309
0.145706
0.105396
0.103717
0.208975
0.105796
0.113711
0.11384
0.138256
0.191206
0.0895075
0.105667
0.154487
0.208423
0.082705
0.0843997
0.142005
0.0835145
0.180748
0.183054
0.174637
0.186044
0.0882702
0.0881934
0.0986883
0.0967735
0.217787
0.220431
0.214942
0.220896
0.0981044
0.0978005
0.1041
0.105484
0.130018
0.128653
0.148854
0.246366
0.379557
0.379556
0.344564
0.418341
0.490188
0.490186
0.503524
0.468015
0.0827068
0.0844019
0.141991
0.0835216
0.180738
0.183057
0.174641
0.186044
0.217746
0.220389
0.214889
0.220857
0.130031
0.128665
0.148834
0.246394
0.161753
0.16824
0.163098
0.168627
0.161756
0.168244
0.163102
0.168631
0.0734382
0.0756805
0.0773953
0.0882645
0.22246
0.223675
0.223676
0.225731
0.283942
0.276185
0.287738
0.284713
0.202309
0.200318
0.20504
0.204417
0.202288
0.200306
0.205017
0.204397
0.0908882
0.0996081
0.100703
0.0914591
0.556068
0.552099
0.552698
0.55607
0.237206
0.23051
0.237492
0.233541
0.23719
0.230497
0.237449
0.23352
0.094097
0.0963898
0.0964256
0.100077
0.258925
0.285155
0.285135
0.316257
0.244103
0.244601
0.243181
0.244092
0.0180186
0.0278937
0.0939821
0.070413
0.0498784
0.0503474
0.0530827
0.181967
0.0738022
0.0755048
0.185567
0.0751169
0.0323151
0.0522467
0.0901246
0.14811
-0.0186149
-0.00644258
0.0113241
0.133615
0.0795904
0.0999254
0.183466
0.0890773
0.0259826
0.0337487
0.0835477
0.108947
0.0765315
0.119046
0.143133
0.148534
0.0814521
0.108558
0.124405
0.157469
0.0358445
0.0532278
0.104101
0.0869921
0.0666613
0.0888489
0.0998946
0.165036
0.0446989
0.0676629
0.134856
0.102375
0.0499175
0.0503665
0.0525809
0.18198
0.0179704
0.0278972
0.0939631
0.0705169
0.0738023
0.0755052
0.185567
0.075117
-0.0112259
-0.00645223
0.0125075
0.145304
0.032284
0.0522497
0.0900696
0.148102
0.0796068
0.0999275
0.183368
0.0890804
0.0766238
0.119036
0.143085
0.148684
0.0260366
0.0338141
0.083458
0.109279
0.08151
0.108632
0.124239
0.157366
0.0659591
0.087529
0.0987658
0.16518
0.0359901
0.0534463
0.104122
0.0870898
0.0447932
0.0672458
0.134848
0.102649
0.0720612
0.091151
0.193762
0.103518
0.0796305
0.0810141
0.139656
0.0808288
0.139952
0.169301
0.150476
0.161054
0.0752626
0.080712
0.0801709
0.0789135
0.102763
0.103842
0.207929
0.107027
0.0878198
0.0860934
0.144178
0.0869473
0.18543
0.208938
0.191721
0.205807
0.0882871
0.0920439
0.0905951
0.0920879
0.124015
0.119227
0.143364
0.21889
0.159739
0.178811
0.166221
0.174331
0.129544
0.130059
0.150097
0.242466
0.34309
0.363354
0.313658
0.38945
0.107342
0.110846
0.153262
0.271487
0.2008
0.216234
0.20763
0.209211
0.126924
0.127233
0.146799
0.239921
0.466904
0.487568
0.496621
0.459179
0.0720274
0.114982
0.195914
0.110975
0.075253
0.0793308
0.0794832
0.0775655
0.0796296
0.0810155
0.139651
0.080816
0.139945
0.169303
0.150607
0.161056
0.102135
0.103881
0.207792
0.106825
0.0882871
0.0880802
0.0874923
0.090027
0.0878227
0.0860961
0.144159
0.0869618
0.185413
0.208838
0.191733
0.205816
0.124022
0.119231
0.14333
0.21865
0.343068
0.363361
0.31366
0.389473
0.159749
0.178814
0.166247
0.174324
0.129552
0.130065
0.150068
0.242502
0.107513
0.110601
0.153602
0.270947
0.467331
0.487558
0.496589
0.459165
0.200768
0.216182
0.207567
0.209179
0.126935
0.127236
0.146797
0.239901
0.147157
0.154463
0.155093
0.148058
0.183473
0.247101
0.208024
0.225929
0.0636344
0.0695095
0.0638252
0.0693422
0.167022
0.2005
0.171404
0.171405
0.186207
0.177845
0.177843
0.184024
0.0751108
0.0727559
0.0724746
0.0993723
0.191332
0.239507
0.229321
0.216055
0.198967
0.226955
0.214593
0.211528
0.0587841
0.0839165
0.065974
0.0661725
0.178205
0.255949
0.179499
0.179499
0.217339
0.226264
0.221124
0.219459
0.100513
0.0977826
0.100606
0.0977335
0.192189
0.212576
0.20091
0.200911
0.208175
0.224448
0.214251
0.214251
0.155312
0.159979
0.154659
0.153233
0.216564
0.222636
0.21451
0.223053
0.138177
0.198788
0.16447
0.164463
0.195171
0.204192
0.198963
0.198951
0.204162
0.244058
0.225051
0.22932
0.265373
0.277338
0.299254
0.242298
0.14713
0.154463
0.155096
0.148061
0.183599
0.247206
0.226317
0.208206
0.186211
0.177849
0.177847
0.184028
0.075111
0.0692811
0.0716707
0.0964112
0.19129
0.239471
0.216107
0.229387
0.198968
0.226955
0.214583
0.211523
0.217318
0.226261
0.221116
0.21947
0.100576
0.0933454
0.0991875
0.0962126
0.155306
0.159984
0.153238
0.154659
0.216565
0.22264
0.223052
0.214506
0.204195
0.243967
0.229371
0.224706
0.265235
0.277282
0.242228
0.299177
0.147951
0.191721
0.168482
0.170616
0.0810426
0.0845432
0.0830155
0.0849129
0.169702
0.168625
0.174472
0.171139
0.190685
0.195471
0.192333
0.194525
0.105396
0.0960251
0.110592
0.114986
0.0981418
0.0952937
0.0918254
0.0916887
0.212949
0.209914
0.212113
0.214396
0.225959
0.231905
0.229776
0.232597
0.102933
0.101797
0.0945859
0.0941817
0.109043
0.106161
0.104467
0.104334
0.182376
0.200706
0.196487
0.191479
0.526145
0.553146
0.542725
0.549776
0.263545
0.18815
0.217702
0.21819
0.479952
0.527696
0.504878
0.504885
0.528178
0.545635
0.540014
0.53999
0.418605
0.370244
0.392222
0.392215
0.147951
0.191676
0.168463
0.170594
0.0810431
0.0810659
0.0801771
0.08201
0.169702
0.16863
0.171145
0.174477
0.190678
0.19546
0.192323
0.194518
0.212913
0.209887
0.214362
0.212087
0.226735
0.231878
0.229751
0.232553
0.182364
0.200692
0.191477
0.196479
0.525701
0.553017
0.549695
0.542749
0.163104
0.173844
0.163649
0.170583
0.187527
0.170017
0.180651
0.180964
0.152041
0.158211
0.158981
0.164113
0.130258
0.135423
0.140284
0.142251
0.163108
0.173847
0.163652
0.170586
0.130259
0.135404
0.140287
0.142255
0.152041
0.158212
0.158971
0.164104
0.188276
0.170014
0.180666
0.180969
0.066937
0.0686837
0.0670651
0.068795
0.0662457
0.0686809
0.0641696
0.0680497
0.106552
0.0870947
0.0989475
0.106253
0.100715
0.0871456
0.102163
0.100624
0.175889
0.181142
0.193424
0.198226
0.191798
0.236181
0.186012
0.232952
0.197267
0.234539
0.188864
0.224732
0.175858
0.181093
0.193424
0.198227
0.0858067
0.111079
0.116956
0.135968
0.178004
0.191791
0.217328
0.248799
0.191767
0.178026
0.248774
0.21733
0.111024
0.0857872
0.136003
0.116961
0.145223
0.163727
0.16591
0.183473
0.150106
0.176206
0.172572
0.19944
0.204964
0.211135
0.210348
0.20172
0.179982
0.168809
0.190699
0.185881
0.145203
0.163718
0.165891
0.183463
0.179956
0.168817
0.19069
0.185879
0.204945
0.211117
0.210318
0.201692
0.149947
0.176198
0.17255
0.199454
0.0791216
0.0807901
0.0810979
0.0845842
0.0794115
0.0791103
0.0831349
0.078324
0.0856496
0.0846285
0.0845563
0.0838206
0.0846283
0.0886823
0.0867865
0.0882631
0.484362
0.458642
0.514486
0.497335
0.510531
0.525137
0.544108
0.541016
0.525129
0.510549
0.541016
0.544105
0.458643
0.484006
0.497226
0.514604
0.216656
0.224917
0.221372
0.224536
0.181007
0.204846
0.217841
0.224768
0.162316
0.169251
0.192168
0.197893
0.200569
0.209087
0.214215
0.219624
0.216618
0.224895
0.221359
0.224521
0.200574
0.209055
0.214249
0.219647
0.162297
0.16926
0.192158
0.197718
0.180994
0.204745
0.217975
0.224842
0.105925
0.105866
0.105856
0.104795
0.104616
0.103681
0.104398
0.101321
0.0447314
0.0625965
0.0653647
0.0832821
0.0455625
0.0625931
0.068603
0.0853905
0.371189
0.404276
0.351982
0.383843
0.131871
0.142247
0.155726
0.180722
0.13184
0.142234
0.155703
0.180671
0.371158
0.404234
0.351925
0.383805
0.196238
0.190726
0.223636
0.17693
0.19065
0.19586
0.17693
0.223636
0.160909
0.143664
0.178624
0.166819
0.143647
0.160935
0.166741
0.178627
0.0873375
0.0761107
0.0590768
0.118826
0.135899
0.0673696
0.0730743
0.114581
-0.0030746
0.0673089
0.113604
0.0527071
0.0662107
0.0860889
0.100331
0.0990364
0.0824605
0.124182
0.0767521
0.0746458
0.0751227
0.110863
0.0905306
0.070415
0.059105
0.11885
0.0873822
0.0761194
0.136236
0.0667308
0.00679334
0.071163
0.0731646
0.114337
0.113605
0.0527083
0.0994786
0.0990137
0.0662427
0.0860852
0.0824651
0.124261
0.0749444
0.111298
0.0767464
0.0740482
0.0916581
0.0704576
0.13979
0.0734174
0.140326
0.0791388
0.172349
0.169614
0.0738714
0.075998
0.163773
0.0911192
0.149516
0.0887234
0.186893
0.202473
0.0872785
0.0876712
0.145381
0.23187
0.153287
0.154297
0.150497
0.239516
0.29537
0.370427
0.143747
0.224376
0.182114
0.185583
0.148355
0.243304
0.36759
0.354918
0.139823
0.073482
0.071985
0.0759906
0.140327
0.0791227
0.172353
0.169617
0.163806
0.0913329
0.087279
0.0878923
0.1495
0.0887361
0.186915
0.202472
0.145411
0.230324
0.296668
0.370265
0.15329
0.154298
0.150422
0.239521
0.143728
0.224756
0.367651
0.3551
0.180861
0.185319
0.148347
0.243206
0.0972841
0.0827444
0.0936483
0.108697
0.133034
0.131727
0.142683
0.151506
0.0565802
0.186154
0.0533831
0.186143
0.0606711
0.0606135
0.224089
0.224386
0.189237
0.077282
0.189679
0.105395
0.187274
0.192289
0.0752431
0.100193
0.106606
0.147209
0.115912
0.126754
0.155502
0.157836
0.180926
0.176234
0.011055
0.153089
0.0108021
0.15314
0.0471408
0.0472541
0.17784
0.177713
0.212472
0.105355
0.214707
0.108221
0.216763
0.215846
0.103784
0.10154
0.154221
0.183526
0.154216
0.183395
0.175441
0.17544
0.220304
0.220312
0.1379
0.179586
0.136384
0.207051
0.146861
0.147278
0.197636
0.216279
0.109883
0.194931
0.109754
0.194839
0.125567
0.125743
0.194239
0.194229
0.149557
0.160722
0.155498
0.246472
0.17926
0.183064
0.28674
0.229613
0.0972745
0.0827691
0.0937302
0.108711
0.133048
0.131733
0.151516
0.142926
0.189236
0.0772822
0.192567
0.107188
0.187277
0.192665
0.0752434
0.100223
0.106529
0.147195
0.115659
0.126816
0.158362
0.155431
0.180935
0.176233
0.212543
0.10543
0.214674
0.108206
0.216747
0.215912
0.103256
0.10161
0.137907
0.17956
0.136361
0.207039
0.14727
0.146836
0.216268
0.19767
0.150847
0.159935
0.155134
0.246309
0.18303
0.178999
0.229516
0.286796
0.139462
0.0817963
0.142255
0.0852244
0.169388
0.172504
0.0801495
0.081917
0.166712
0.182826
0.17532
0.186089
0.165413
0.168254
0.18769
0.189588
0.0845286
0.0890118
0.0811403
0.0824314
0.0899486
0.089947
0.0903624
0.0902579
0.209356
0.217414
0.21488
0.218919
0.209486
0.214743
0.222778
0.223301
0.0962643
0.0972138
0.0910546
0.0916755
0.0961909
0.0965005
0.0973254
0.0970125
0.149982
0.246361
0.147592
0.242275
0.162438
0.15788
0.391277
0.387494
0.333341
0.410123
0.333315
0.410124
0.298849
0.298857
0.449108
0.449105
0.505356
0.468656
0.505356
0.468618
0.519309
0.519309
0.444272
0.444263
0.139452
0.0817965
0.142239
0.0852383
0.169404
0.1725
0.0801504
0.0819181
0.16671
0.182825
0.175324
0.186094
0.168605
0.165413
0.187696
0.189588
0.209334
0.217376
0.214839
0.218898
0.214704
0.209453
0.222745
0.223259
0.149964
0.246399
0.147656
0.242314
0.158017
0.162476
0.387479
0.391294
0.161949
0.155981
0.169805
0.176353
0.165384
0.157497
0.167453
0.163143
0.161952
0.155985
0.169809
0.176359
0.157502
0.165387
0.163153
0.167447
0.0690132
0.0733689
0.0741849
0.100705
0.0703184
0.0932451
0.0913113
0.090077
0.217242
0.217242
0.220308
0.225688
0.22569
0.220256
0.227203
0.227162
0.263459
0.2702
0.24664
0.246556
0.271282
0.27138
0.270301
0.26357
0.196239
0.201208
0.197137
0.199442
0.207213
0.209317
0.206098
0.201181
0.196218
0.20118
0.197122
0.199428
0.20929
0.207188
0.20117
0.206082
0.0897389
0.0913151
0.089239
0.0899208
0.0930114
0.0925309
0.0836508
0.0854718
0.552661
0.556808
0.546412
0.546414
0.552606
0.552605
0.556714
0.552669
0.234306
0.242658
0.230637
0.231976
0.243851
0.243519
0.235064
0.242973
0.242627
0.23429
0.230632
0.231971
0.243314
0.243798
0.235046
0.242931
0.0931565
0.0933538
0.0997779
0.0967027
0.0968383
0.0939319
0.102691
0.102688
0.22633
0.226315
0.311063
0.25331
0.253284
0.311025
0.341153
0.341138
0.237745
0.235754
0.247376
0.247371
0.199849
0.199971
0.237779
0.235767
0.13849
0.139071
0.0604046
0.0683757
0.0562746
0.0576617
0.156006
0.207615
0.173789
0.182293
0.0681905
0.072571
0.122891
0.142302
0.169989
0.188538
0.0325385
0.048316
0.150484
0.172395
0.165044
0.211412
0.0451505
0.0920088
0.106315
0.121936
0.13566
0.159019
0.145801
0.168139
0.142047
0.214232
0.118693
0.138343
0.153145
0.177004
0.123975
0.148429
0.116352
0.117998
0.108543
0.119525
0.140893
0.173566
0.133306
0.165537
0.11985
0.165527
0.0562955
0.0570761
0.156034
0.207543
0.138514
0.139095
0.0598189
0.0685187
0.173779
0.182296
0.0681912
0.0725712
0.0335452
0.0476255
0.152438
0.172
0.122863
0.142262
0.170294
0.188423
0.165045
0.211336
0.0450659
0.0920139
0.145794
0.168133
0.142201
0.214206
0.106366
0.121946
0.135628
0.159076
0.118716
0.138345
0.153154
0.177017
0.108134
0.119003
0.141048
0.173504
0.123992
0.148373
0.116378
0.118
0.13336
0.16454
0.119138
0.16563
0.174399
0.188428
0.0825759
0.103226
0.167899
0.167985
0.0778702
0.07838
0.164658
0.16241
0.143663
0.178924
0.0801806
0.0840395
0.0776468
0.0828629
0.217777
0.215194
0.104385
0.10649
0.180658
0.175306
0.0854696
0.0836803
0.167354
0.196875
0.227641
0.220372
0.0864571
0.0901524
0.0897982
0.0919591
0.150149
0.145217
0.214678
0.22257
0.155162
0.164
0.164
0.185298
0.155482
0.156266
0.401492
0.388371
0.266257
0.28383
0.414737
0.434861
0.188011
0.185788
0.379478
0.341406
0.199645
0.210504
0.20074
0.215604
0.175661
0.16876
0.375016
0.381228
0.492857
0.518118
0.434461
0.439251
0.175136
0.189547
0.0834761
0.103877
0.0802089
0.0828078
0.0773708
0.0814789
0.1679
0.167985
0.0778634
0.078381
0.164968
0.162384
0.143648
0.17892
0.217851
0.215169
0.10359
0.106145
0.0864574
0.0863193
0.0899331
0.0878681
0.180662
0.175311
0.0854703
0.0836813
0.167325
0.196548
0.227864
0.220357
0.15016
0.145211
0.215777
0.222519
0.267765
0.283847
0.414701
0.434865
0.155153
0.164016
0.164007
0.185298
0.155486
0.156264
0.401437
0.388532
0.187987
0.185807
0.379462
0.341366
0.492851
0.518112
0.434565
0.439228
0.199629
0.210469
0.200709
0.21556
0.17567
0.168756
0.375061
0.381265
0.163
0.155476
0.139492
0.148835
0.111162
0.205984
0.253559
0.196099
0.0613276
0.0673289
0.0683099
0.06721
0.208186
0.15603
0.156076
0.208103
0.18011
0.170966
0.175378
0.182659
0.0699081
0.071948
0.102873
0.0998143
0.189137
0.233966
0.233384
0.182028
0.230957
0.201454
0.169003
0.154701
0.0590331
0.0826286
0.0863667
0.0594416
0.174348
0.249126
0.249112
0.174225
0.221538
0.230803
0.227838
0.221786
0.104427
0.106296
0.0971375
0.0935961
0.207206
0.185986
0.185991
0.207206
0.206047
0.223606
0.224031
0.20602
0.153404
0.160044
0.150566
0.146597
0.202002
0.212212
0.226139
0.223804
0.131631
0.1921
0.192082
0.131589
0.187402
0.193918
0.193893
0.187373
0.19397
0.237485
0.241231
0.203489
0.319452
0.332003
0.217691
0.205805
0.155481
0.163003
0.148839
0.139494
0.196234
0.253462
0.205625
0.111707
0.17097
0.180114
0.183034
0.175383
0.0719411
0.0667096
0.0931046
0.100051
0.182019
0.23335
0.233962
0.189126
0.201436
0.230965
0.158239
0.168963
0.230795
0.221513
0.221808
0.227837
0.105565
0.101843
0.0894203
0.0971905
0.146602
0.15057
0.160063
0.153546
0.223803
0.226141
0.212222
0.201966
0.203463
0.241189
0.237515
0.194095
0.20571
0.21765
0.331966
0.31944
0.145952
0.187477
0.195804
0.148842
0.0826678
0.0792237
0.082833
0.086401
0.172125
0.174659
0.165435
0.16829
0.191865
0.187421
0.191122
0.196213
0.0914754
0.0965699
0.102479
0.0935961
0.0880865
0.0882327
0.0818557
0.0842911
0.206717
0.206067
0.210965
0.214004
0.229934
0.22943
0.221721
0.237526
0.0891786
0.0873164
0.0929384
0.0945903
0.106181
0.105021
0.103021
0.103937
0.190327
0.205097
0.19582
0.175268
0.519688
0.543374
0.552574
0.520539
0.252216
0.225941
0.194814
0.252216
0.527063
0.475778
0.475728
0.527096
0.530817
0.549448
0.549451
0.530812
0.363824
0.414388
0.414382
0.363805
0.187434
0.14592
0.148824
0.195777
0.0792242
0.0793239
0.0828107
0.0828334
0.168291
0.165439
0.174673
0.17224
0.187411
0.191851
0.196206
0.19112
0.213975
0.210965
0.206035
0.206696
0.229414
0.22991
0.237465
0.221841
0.175265
0.195805
0.205072
0.1902
0.520154
0.552434
0.543379
0.519755
0.0854127
0.177069
0.169273
0.0913432
0.191162
0.18317
0.177017
0.187376
0.16516
0.158615
0.167391
0.174451
0.0968503
0.0959129
0.159766
0.151281
0.140838
0.150595
0.16892
0.147977
0.171731
0.170766
0.171786
0.160235
0.171914
0.180785
0.178255
0.171075
0.19598
0.191724
0.185136
0.188747
0.148733
0.144304
0.153148
0.15746
0.133829
0.153144
0.151934
0.139529
0.16701
0.167033
0.16383
0.159831
0.175627
0.171451
0.164102
0.169138
0.0537451
0.0753399
0.124508
0.105848
0.0951885
0.143784
0.135252
0.0909257
0.159627
0.155366
0.145543
0.152131
0.14083
0.132397
0.141143
0.151824
0.0854748
0.091379
0.169275
0.177116
0.0969128
0.15127
0.159769
0.095946
0.165164
0.174455
0.167395
0.158618
0.19116
0.187376
0.177021
0.183174
0.0536518
0.105832
0.124545
0.0756279
0.140838
0.151829
0.141148
0.132403
0.159631
0.152135
0.145547
0.155371
0.0951884
0.0908741
0.135255
0.14378
0.148736
0.157457
0.153159
0.144208
0.175629
0.169138
0.164106
0.171457
0.167014
0.159767
0.163835
0.167039
0.133732
0.139463
0.151926
0.15315
0.140823
0.14643
0.169259
0.150871
0.197435
0.188937
0.185706
0.194235
0.171917
0.171082
0.178272
0.18079
0.17173
0.160234
0.171788
0.170767
0.0577488
0.0524658
0.0671421
0.0731633
0.0564439
0.0619384
0.0670006
0.0531918
0.0717628
0.0713299
0.0684865
0.0665145
0.0783651
0.0761994
0.0702746
0.0735371
0.0578097
0.0731637
0.0671431
0.0525051
0.0783652
0.0735281
0.0702696
0.0761995
0.075382
0.0713558
0.0654365
0.067983
0.0563686
0.0529812
0.0642714
0.0587061
0.0733625
0.0784336
0.0852917
0.0831702
0.0853966
0.0957762
0.0884452
0.0790545
0.0876024
0.0884328
0.0945251
0.0949944
0.103601
0.107781
0.101572
0.0984792
0.074474
0.0819754
0.0847682
0.0793757
0.10328
0.0975414
0.100341
0.106521
0.0858605
0.0942679
0.10132
0.0981416
0.0859424
0.0798758
0.0892268
0.0957143
0.101688
0.142079
0.165327
0.118812
0.185157
0.210079
0.192361
0.168833
0.221471
0.210147
0.203695
0.218289
0.157047
0.149574
0.181825
0.189359
0.244107
0.306148
0.226263
0.228705
0.339404
0.257446
0.243859
0.323342
0.226021
0.224746
0.190736
0.232051
0.199325
0.21127
0.224846
0.220635
0.242792
0.229413
0.226681
0.306925
0.19933
0.220636
0.224683
0.211018
0.226024
0.194236
0.189811
0.224745
0.339398
0.323343
0.243831
0.257429
0.101692
0.118831
0.165331
0.142122
0.156945
0.18936
0.181806
0.149554
0.221475
0.218242
0.203682
0.210147
0.185085
0.16885
0.19232
0.210077
0.0710109
0.0620011
0.0825815
0.1534
0.0887469
0.177683
0.0927777
0.076284
0.277221
0.205916
0.21861
0.241552
0.194035
0.176315
0.136259
0.163834
0.0698872
0.106279
0.158432
0.102104
0.184551
0.206727
0.23732
0.177667
0.288857
0.253104
0.252075
0.223286
0.10461
0.11135
0.192296
0.192885
0.0697317
0.102051
0.158108
0.105211
0.104913
0.192862
0.192284
0.111296
0.28887
0.223236
0.25214
0.253133
0.184556
0.177694
0.237166
0.20673
0.0709002
0.153362
0.0825619
0.0641076
0.194095
0.163852
0.136262
0.176355
0.277609
0.24161
0.21427
0.20589
0.0887583
0.0762739
0.0927768
0.17786
0.140928
0.139784
0.144416
0.142444
0.140481
0.147684
0.145654
0.139095
0.199517
0.19478
0.185548
0.18947
0.185163
0.176368
0.181286
0.190009
0.153321
0.173714
0.161264
0.146507
0.213334
0.210855
0.19726
0.201709
0.204877
0.193834
0.197807
0.209724
0.142226
0.142805
0.149354
0.148231
0.146523
0.147595
0.209957
0.201504
0.147609
0.186442
0.194222
0.147108
0.206826
0.211881
0.207752
0.202764
0.21613
0.212252
0.210693
0.215301
0.150034
0.161965
0.165699
0.150348
0.187104
0.191986
0.187995
0.182548
0.201889
0.198411
0.193276
0.197046
0.14989
0.150634
0.172501
0.1782
0.140927
0.14243
0.144398
0.139778
0.185146
0.190002
0.181271
0.176414
0.199499
0.189431
0.185537
0.194768
0.14047
0.139087
0.145614
0.148152
0.149992
0.150154
0.165708
0.161955
0.149892
0.178221
0.172498
0.150616
0.201871
0.197036
0.193274
0.198405
0.187106
0.18255
0.187991
0.191982
0.145177
0.201523
0.205774
0.147585
0.216088
0.215264
0.210672
0.212219
0.206802
0.202742
0.207727
0.211851
0.147592
0.14711
0.194199
0.186423
0.153302
0.146488
0.159044
0.173682
0.142211
0.148211
0.149336
0.142787
0.204854
0.209699
0.197762
0.193794
0.213297
0.201833
0.197208
0.210828
0.0781549
0.0767182
0.078575
0.0800084
0.0895316
0.0911922
0.0837901
0.0819201
0.0900636
0.0836054
0.0817702
0.0884204
0.0826554
0.0809568
0.0783174
0.0801332
0.0781396
0.0799924
0.0783032
0.0764368
0.082659
0.0801335
0.0783179
0.0809533
0.0906899
0.088269
0.0789791
0.0801948
0.0894415
0.0805543
0.0823841
0.0910733
0.0896238
0.0873721
0.0855424
0.0878483
0.0969953
0.0953864
0.0854375
0.0871997
0.0922352
0.081938
0.0836826
0.0937956
0.0843798
0.0860981
0.0837293
0.0819381
0.0896121
0.0878348
0.0855423
0.0873721
0.0843692
0.0819376
0.0837289
0.0860833
0.0917096
0.0933537
0.0873304
0.085472
0.0973021
0.091098
0.089207
0.0969544
0.264438
0.240694
0.448349
0.380519
0.247191
0.524085
0.506802
0.244452
0.553492
0.528558
0.522154
0.549423
0.414881
0.399919
0.4676
0.478614
0.236359
0.480444
0.502785
0.24157
0.505917
0.530198
0.530488
0.503569
0.555861
0.555356
0.548388
0.548386
0.2439
0.241047
0.516321
0.524013
0.238029
0.241621
0.502579
0.480494
0.243969
0.523844
0.516364
0.241058
0.555862
0.54838
0.548379
0.555091
0.505913
0.503582
0.530486
0.530195
0.264322
0.380541
0.448331
0.240786
0.414874
0.478636
0.467633
0.39991
0.553497
0.549433
0.522169
0.528563
0.247177
0.24446
0.506533
0.523939
0.159921
0.217061
0.22269
0.197197
0.207972
0.216886
0.216591
0.207732
0.230446
0.230132
0.224979
0.225812
0.220118
0.212731
0.227488
0.22894
0.0705775
0.0800817
0.174294
0.153609
0.113894
0.191801
0.185957
0.0992677
0.232365
0.226989
0.228543
0.236149
0.210557
0.210951
0.219119
0.218086
0.0607415
0.117553
0.149696
0.0958094
0.153918
0.19987
0.181913
0.144472
0.240172
0.243335
0.214822
0.245995
0.117598
0.114079
0.172713
0.189931
0.14371
0.200894
0.200929
0.146584
0.221867
0.224472
0.217081
0.215099
0.236528
0.242374
0.229856
0.234126
0.15577
0.155051
0.202458
0.204456
0.159932
0.19721
0.222672
0.217156
0.220085
0.228918
0.227481
0.212585
0.230431
0.225806
0.224968
0.230111
0.207966
0.207647
0.216554
0.216873
0.143452
0.146502
0.200944
0.200872
0.155789
0.204482
0.202527
0.154815
0.236484
0.234082
0.229836
0.242287
0.221826
0.215054
0.217048
0.225052
0.0607613
0.0957607
0.149697
0.118356
0.116815
0.18997
0.172699
0.113882
0.240135
0.245916
0.214903
0.242946
0.15407
0.144507
0.181894
0.200027
0.0706213
0.154582
0.174266
0.0800267
0.21059
0.217985
0.218934
0.21091
0.232346
0.236138
0.228541
0.22698
0.113839
0.0991941
0.185955
0.191602
0.0909464
0.0899209
0.105253
0.104995
0.0982799
0.105521
0.105003
0.0920009
0.0979806
0.0987597
0.104596
0.103626
0.109133
0.107425
0.105908
0.101328
0.0910683
0.104821
0.103615
0.0899047
0.106192
0.101188
0.105246
0.107446
0.0980033
0.103601
0.102009
0.0943744
0.097906
0.0879143
0.101574
0.105339
0.0329191
0.00172694
0.0424514
0.074205
0.0114583
0.0587846
0.0583513
0.00961934
0.0948088
0.0913722
0.0806295
0.0849763
0.105614
0.0973464
0.0883575
0.0988829
0.0325489
0.0742052
0.0440654
-0.00381911
0.105533
0.0988242
0.0883513
0.09734
0.09487
0.085057
0.0874406
0.095879
0.0116838
0.0117824
0.0607572
0.0590738
0.227257
0.249023
0.401082
0.457667
0.229755
0.293163
0.345435
0.26324
0.313787
0.367412
0.358465
0.305217
0.469255
0.465343
0.409788
0.416858
0.0515951
0.0890922
0.127676
0.0875961
0.11352
0.134356
0.133509
0.105586
0.256349
0.248021
0.186752
0.195471
0.187252
0.127759
0.174064
0.236114
0.0518537
0.0875306
0.127022
0.0887161
0.186622
0.236041
0.173948
0.127891
0.256338
0.195633
0.186717
0.247972
0.113571
0.104612
0.133437
0.134289
0.228081
0.45756
0.401091
0.248251
0.469239
0.416851
0.409755
0.465341
0.313767
0.305176
0.358426
0.367401
0.229519
0.263335
0.345436
0.29303
0.0934605
0.0410086
0.192372
0.133844
0.155242
0.178878
0.174717
0.148909
0.244041
0.227206
0.238148
0.254352
0.146666
0.145117
0.208373
0.199865
0.0930543
0.134492
0.192354
0.0436867
0.146565
0.199869
0.208371
0.145519
0.244031
0.254355
0.238162
0.22726
0.155268
0.148945
0.17453
0.178734
0.0709527
0.142113
0.146138
0.0812605
0.203266
0.194772
0.175125
0.181715
0.242124
0.223956
0.181812
0.201535
0.145185
0.0918151
0.142802
0.196474
0.0710259
0.0813238
0.146196
0.141373
0.145255
0.19645
0.142816
0.0918133
0.242034
0.201522
0.181812
0.224453
0.203295
0.181932
0.17513
0.193125
