-0.876159
0.055
-1.815
-0.689711
0.115
1.995
-0.715
0.753379
-1.865
-0.575
1.415
1.80979
0.80439
0.055
-1.895
0.685
0.115
1.99766
0.725
0.755
-1.86126
0.575
1.415
1.80637
-0.017884
-0.0207654
0.0837285
0.0878023
-0.0270545
-0.015897
0.0771881
0.0851485
0
0
0
0
0
0
0
0
0
0
0
0
0
0
0
0
0
0
0
0
0
0
0
0
0
0
0
0
0
0
0
0
0
0
0
0
0
0
0
0
0
0
0
0
0
0
0
0
0
0
0
0
0
0
0
0
0
0
0
0
0
0
0
0
0
0
0
0
0
0
0
0
0
0
0
0
0
0
0
0
0
0
0
0
0
0
0
0
0
0
0
0
0
0
0
0
0.0718096
-0.146507
0.000213215
0.127881
-0.114281
0.00470616
0.12762
0.0228036
0.0449015
0.0227639
0.0668564
-0.00484484
0.130198
0.00574909
0.0253365
0.022336
-0.0292573
0.0948467
-0.0702637
0.145557
-0.0611703
0.00945574
0.236335
0.214513
-0.0811805
0.122972
0.15784
0.0094758
0.105472
0.124729
-0.0138452
0.075101
0.304037
0.117366
0.137742
-0.0621599
0.301092
0.223836
0.230582
-0.0640588
0.135342
0.167984
-0.000688413
0.0492823
-0.017717
0.057633
-0.0581538
0.00558327
-0.00328201
0.0519055
0.0237499
0.0705982
0.0176285
0.0240813
-0.0637091
0.0130582
-0.00356518
-0.0582035
0.0577625
0.00297816
0.0512425
0.00749984
0.0235618
0.0177079
0.0688666
0.0230712
-0.0706277
-0.025341
0.0194319
-0.0451197
0.00232537
-0.0180461
0.0679961
-0.0340798
-0.00658461
0.0398231
0.00111318
0.103139
-0.00189156
0.0227431
0.00247048
0.112123
-0.0247155
-0.0390584
-0.00354698
0.0481952
0.00500355
-0.0357935
-2.04596e-05
0.0762788
-0.00334331
0.107117
0.0390359
0.00110353
-0.0016208
0.112738
0.0229044
0.0023676
0.0131495
0.0799538
-0.0181454
0.152153
0.00650404
-0.0477574
0.0548343
0.0466474
-0.0123178
0.166883
0.0914316
-0.02678
0.0130458
0.0466067
0.0652989
0.012479
0.00926334
0.0754394
-0.00329782
0.0553016
0.0249162
0.0691313
0.03279
-0.0058699
0.0538103
0.0448795
0.0981645
-0.0362715
0.0694373
0.00957741
-0.00331909
0.0557803
0.0548347
-0.0283425
-0.0124066
-0.000464043
-0.0371608
-0.00669677
-0.000535586
0.015969
-0.00280797
0.00983282
0.0365889
0.155107
-0.0563901
0.0471173
0.00275994
0.0029795
0.0983199
-0.00382588
-0.00664163
-0.000389839
-0.000603064
0.0142685
0.035969
0.156458
0.00831625
-4.7592e-05
0.0358211
0.0897322
0.0394833
0.0867927
0.0421104
0.0423175
0.0010019
-0.0489842
-0.0561727
-0.0608899
0.0502804
-0.00130047
0.00108769
0.0498133
0.188881
0.112894
0.106058
0.130777
0.0367957
0.0580909
0.0325375
0.0409941
0.0737495
0.0401036
0.0324196
0.0861774
-0.0417007
-0.0269659
-0.0200657
-0.032428
0.18348
0.137072
0.138174
0.185076
0.0914222
0.12701
0.051161
0.0168206
0.104524
0.0174471
0.0501893
0.131881
-0.0171386
-0.025512
-0.0663879
-0.0664839
0.0816808
0.0431685
0.043405
0.0822442
0.147434
0.147466
0.0928246
0.0932182
0.0113763
-0.00095769
-0.0177846
0.0293062
-0.0595642
-0.0185246
-0.000681163
0.0128764
0.0175256
0.000637201
-0.00035792
0.0195174
0.0189329
0.0134298
-0.00534536
-0.0596091
0.0295938
-0.00734456
0.0127943
0.00164389
0.0174283
0.00328521
0.00069744
0.0193362
-0.0191336
-0.0177508
-0.0150205
-0.00015951
0.000640462
-0.0162602
0.0304845
-0.00405242
0.00525299
-0.0218521
0.00061579
0.0818994
0.00158805
-0.00160764
0.00236096
0.096303
-0.0133167
0.00747583
-0.0112572
0.0159609
-8.58476e-05
-0.0270923
-0.0192736
0.0412463
0.00273088
0.0858086
-0.0219949
0.000636644
0.00175009
0.0969825
-0.00165097
0.00244145
0.000883533
0.00882734
0.0158509
0.0445134
-0.0585176
-0.00294627
0.00596729
0.0775242
0.000143505
0.00619652
0.0241133
0.030135
0.02463
0.0188138
0.0702777
0.0165222
0.000355497
0.000374832
6.69398e-05
0.123288
0.0058649
0.00104257
0.0891768
0.0113047
0.0017088
0.00165749
0.00381529
0.0548703
0.00138652
-0.00354381
-0.0173893
0.0270892
0.00202382
0.00202495
0.00636047
0.00649341
-0.000925324
0.000108688
0.00801753
0.050293
0.00359808
0.00268453
0.0286284
0.0377752
-0.000133146
0.015789
0.0493177
0.0088732
0.0244974
0.020374
0.0695243
0.0143513
0.00943054
-0.00310515
0.0972755
-0.0124565
0.00140976
-0.00404503
-0.0163285
0.0280146
-0.000994909
0.000138904
0.00798782
0.0507605
-0.0544756
-0.0374338
0.0162502
0.0174475
0.00501139
0.00907526
0.000374752
-0.00036728
0.00172274
0.000654076
-1.66576e-05
0.00339746
0.00498066
0.0252105
-1.8432e-06
-0.0108792
-0.000433838
-0.000339167
0.00174102
0.0191236
0.000568823
0.00121804
-0.0147685
0.0979071
0.00549652
0.00558423
0.00391487
0.0136814
0.00179645
0.00184481
0.00150722
0.000558457
0.0192212
-0.0156066
0.0615831
0.0123637
0.00658789
0.00868995
0.000240349
9.57291e-06
0.00730468
0.0252138
-1.67849e-06
-0.0119594
0.000526741
0.00125539
-0.0150653
0.0963941
0.00350754
0.000343008
0.00527157
0.0082861
0.0025581
0.00258313
-0.000296954
0.00757555
-0.0241163
0.0194996
0.000436444
0.0161458
0.0015901
0.00705201
0.00826246
-0.031861
0.0277934
0.0198684
0.0175707
0.0251755
0.00745953
-2.00267e-05
-0.000249567
0.0150001
0.00736856
0.000132816
-0.000217882
0.0148685
0.00204469
-0.00326629
0.00281312
0.000683304
0.0018737
0.00478104
0.00210093
0.00186972
0.00192689
0.00071739
0.0151328
0.00195075
0.00344357
0.000720417
0.0149371
0.00248542
0.00524694
-0.00444636
5.79667e-05
5.1337e-05
8.27495e-05
0.000987757
0.000989695
-0.000850602
-0.00322871
-0.0145323
0.045694
-0.00315382
0.00572078
0.0445078
-0.047757
0.115014
0.02147
0.015749
0.0318033
0.0223513
0.00824292
0.115075
0.0775554
-0.0150359
0.0532093
0.0695124
0.00561537
-0.0155004
0.0357227
0.0201677
0.0318644
0.0140591
0.00670751
0.00514639
0.00864823
0.0254782
0.00384721
0.0172533
0.0201909
0.0438905
0.0450274
0.0358948
0.00798737
0.11502
0.0311904
0.0224962
0.0828965
-0.0249323
0.00561986
-0.0141275
0.0504821
0.063628
0.0345193
0.0202266
0.00670163
0.00524996
0.0313339
0.0141565
0.00851227
0.026055
0.00895325
0.0193502
0.0120677
0.0178511
-0.000111903
0.000480295
0.000905675
0.00253167
0.0857207
0.0141349
0.0336441
0.0132353
-0.00339069
0.0177149
0.000357105
0.0132751
-0.0112603
0.0164086
9.56969e-05
0.00034899
-0.0213614
0.100118
0.00458754
0.01022
-0.000658241
0.0757041
9.18684e-06
0.000373356
-0.00960156
0.102754
0.00143956
0.000523543
0.0219453
0.00887566
0.000661421
0.00284073
0.0405916
0.0169373
-0.00262769
-1.509e-05
0.0933797
0.00307613
-0.000558159
0.0240585
0.05304
-0.00747929
-0.00166914
0.0169382
-0.0121973
0.0174775
0.00460126
0.0108413
-0.0028886
0.000549862
-0.0214441
0.10242
-0.000944863
0.0761658
0.00146231
0.000582374
4.05099e-05
0.000391539
-0.00963299
0.103915
0.00105943
0.00256358
-0.00230825
0.0120728
-0.0245931
0.000811765
-0.0344288
0.0123183
-0.00113552
0.00753779
0.0138456
-0.00129911
0.000743549
0.031766
-0.0218836
0.0324472
-0.00474174
-0.00478254
0.00432656
0.0044023
0.000179769
0.00670155
-5.69185e-05
0.0176652
-0.000196391
-0.00021249
-0.0365823
-0.0351994
-0.0180595
0.00441949
0.00834716
-0.02153
0.000899565
0.000903839
0.00265911
0.00266256
-0.000431848
-0.0019869
-0.000835417
0.000122342
0.00358936
0.00313466
0.0129055
0.0166374
-0.000476448
0.00519114
-0.0203687
0.0313368
0.0316803
0.00167699
-0.0246595
0.032415
0.000293435
0.00665601
0.000207175
0.0109732
-0.00165273
-0.0152739
-0.0209869
0.00955029
-0.0011043
-0.000902987
0.000129621
-0.000828114
-0.000113441
-0.000212456
-0.00228196
0.00263978
0.00426559
0.00574875
0.00655007
0.011223
8.00579e-06
0.000682801
0.00081703
-0.000172898
0.00799727
0.0186895
0.00481093
0.00947855
-0.000812407
0.000357616
-0.00392597
5.2323e-05
0.000350108
7.30613e-05
0.00820864
0.00241609
0.00275541
0.00278792
0.00366519
0.00368481
0.00179117
0.00177987
0.00111373
0.00111386
0.000578313
-0.000169716
-0.00268593
0.00136801
0.00312042
0.00611055
0.00698584
0.0109268
0.0185959
0.00824553
0.00324599
0.0106349
0.000575503
0.000306988
0.00243503
0.00815631
0.020281
0.0223688
0.000425295
0.0003641
-0.00442602
0.00462456
0.0121612
0.038482
-0.0182549
-0.0138744
-0.00412849
0.00748214
0.042364
0.0343593
0.00505403
0.0166041
0.0532174
0.015897
0.00108047
0.0465923
0.0423965
0.0146486
0.00229504
0.0394102
-0.0209891
0.00597462
0.00303012
-0.0136786
0.0180516
0.058218
0.0103669
0.00328171
0.00601073
-0.0348439
-0.0264068
0.0229475
0.0352366
0.0216828
-0.0234934
-0.00191743
0.0249068
0.000330136
0.02225
0.0294109
0.0249048
0.0173982
0.0201528
0.00120265
0.0227365
0.0301545
0.00496374
0.00500133
0.0653594
0.00817027
-0.0288918
0.00734248
0.0680712
0.0071671
-0.0235422
0.00808822
0.0222417
0.00498646
0.00558307
0.030251
0.121283
0.0437579
0.0365651
-0.0424535
0.047317
-0.00609694
0.0216911
0.0115044
0.0448128
-0.0531624
0.0223887
-0.00488348
0.124141
0.0435204
0.0430685
0.0406045
-0.00149144
0.0139434
0.00691798
0.0056793
0.0324105
0.00653294
0.00767151
0.0248475
-0.00532952
-0.0108009
0.0167741
0.0218471
-0.0217245
0.0100995
0.0132079
-0.0187047
0.0288234
0.00683271
0.00715977
0.0514431
-0.0217912
-0.0189057
0.0131417
0.00981784
-0.00541109
0.0217756
0.0167022
-0.0107796
0.0483656
0.0570878
0.00785729
0.00778695
0.0123612
0.00466644
-0.00181221
0.0233472
0.0144613
0.014697
-0.0030037
0.0036425
-0.0167043
0.000570272
0.00275567
0.00353387
0.00445764
-0.00653571
0.00400023
0.00093083
0.109995
0.101963
0.0084021
0.0166612
0.103268
0.00329127
0.00399837
0.0926274
0.104334
0.100331
0.00399503
0.00330406
0.112269
0.0167935
0.0084024
0.100814
0.129652
0.0874178
0.00294369
0.0196237
0.0787465
0.0563409
0.0114544
0.0951752
0.036957
0.00797502
0.0235145
0.0795757
-0.000286068
0.0173117
0.0126436
0.00315235
0.143733
0.0122531
0.00217542
0.0953173
-0.000182084
0.00304382
0.0130672
0.01755
0.0361336
0.0788542
0.0233829
0.00794768
0.081398
0.102469
0.0118065
0.0558471
0.0182465
0.0196823
-0.00433918
0.0147491
-0.0417701
-0.00552568
-7.59146e-05
0.0214685
-0.0396668
0.00427574
0.0052223
-0.011454
-0.0397329
0.00566634
0.00307737
0.00442836
0.101067
0.0621194
0.000190124
0.00206807
0.0194252
0.00725635
0.00101916
0.0377627
0.0228005
0.0382937
0.00102521
0.00725884
0.101707
0.0021041
0.000196009
0.0626122
0.0930033
0.123302
-0.015194
0.0113688
0.093013
0.011574
-0.0156647
0.12327
0.014336
0.00845187
0.0419358
0.0426133
0.0140354
0.0437208
0.0419152
0.00833931
0.00148432
0.00275909
-0.0178515
-0.00340802
0.0580481
-0.00156289
0.00462758
0.0131644
0.00206042
-0.00958808
-0.00661391
0.00856085
0.0236974
0.00162649
-0.00584265
0.0594366
-0.00378147
-0.00982113
0.0137156
0.00315776
0.00183511
-0.00670892
-0.00932122
0.00962731
-0.0243658
-0.0305646
-0.00796319
-0.0214605
0.00172482
-0.0179787
0.0163241
0.00012517
0.0021396
0.0012517
0.000225533
0.0427217
-0.000656706
0.00200718
0.000214688
0.00752342
-0.0124232
-0.0210789
-0.0148621
-0.00178859
-0.00849963
-0.000253161
-0.0160907
0.0161887
0.00434984
0.0456629
0.0013199
0.000220936
-0.000678132
0.00697187
0.00200031
0.000203804
0.00495106
0.00137168
0.0100289
0.0147247
7.99446e-05
-0.00145456
-0.00121166
0.014485
0.000147708
0.0178799
0.0273784
-0.00415794
0.00946114
-0.000881902
0.0352983
-0.000458895
0.000122074
0.000108677
-0.00754539
0.113723
0.00263806
0.00112096
0.0902155
0.019186
0.000271122
0.000318987
0.00241004
0.0498788
0.000146011
0.00172783
-0.00487603
0.0107094
0.000237644
0.000224756
0.00602927
-0.00478802
-0.000403437
0.000871932
0.00145865
0.0475049
0.00174787
0.00220022
0.0221948
0.0233627
-0.000852993
0.000169766
0.0566254
0.00703061
0.00929328
-0.000963811
0.0354012
-0.000827552
-0.00372121
3.61362e-08
0.0962592
0.0348202
0.000138444
0.000953858
-0.00402212
0.00998528
-0.000359063
0.000901815
0.00147231
0.0479604
0.0318057
0.0186455
0.00215374
-0.0398541
0.002829
-0.000748403
3.19099e-05
-0.000184195
-1.52268e-05
-1.00705e-05
-1.63714e-05
-1.63936e-05
0.00604549
0.00607044
-5.5967e-08
-0.00277012
-4.19513e-05
3.43555e-05
-1.95238e-06
0.0119183
0.00050334
0.00033576
0.00229235
0.00411161
0.000694685
0.000722542
0.000492772
0.00298325
0.000130292
0.000129564
6.10425e-06
0.000145334
0.0229401
0.0409008
0.0434368
0.0277434
0.00329176
-0.000349177
0.0001491
4.55945e-05
0.00611012
0.00603483
-2.36503e-08
-0.00181849
0.000462246
0.000334129
0.002458
0.00449342
4.69767e-05
-0.000151875
-0.000629915
0.00156699
7.60015e-06
-0.000654546
-0.000638739
0.000100757
0.0255858
7.00548e-06
8.43953e-05
0.0104907
0.000225814
3.23432e-05
2.59669e-05
0.000435607
-2.59352e-07
-7.67578e-08
-0.019572
-1.8792e-07
0.00596796
-3.70941e-05
4.22602e-05
0.0029782
0.00595773
5.2659e-06
1.38063e-05
0.00305844
-2.59681e-06
0.00331688
1.26254e-05
4.0614e-06
0.000293706
0.000281499
0.000778831
0.000284076
0.00570885
1.16495e-05
-0.00135266
2.83422e-05
0.00612778
1.16253e-05
-0.000913262
3.28134e-05
4.82792e-05
-0.000138011
-0.000102518
1.53908e-05
0.000126508
4.02798e-05
3.75816e-05
-3.06463e-07
0.000241615
0.0133129
-0.0154176
0.000235569
-0.00105968
-0.00115178
0.00634203
0.027321
-0.000416507
-0.0591888
-0.0198669
0.11243
2.80385e-05
-4.779e-07
0.0230203
0.000661629
0.00267726
0.00127422
0.0275259
0.0102828
4.49794e-05
9.80746e-05
-0.00743248
0.103521
-0.00230714
-0.0168322
0.0717072
0.0399174
-0.00491372
0.00154291
0.0256657
0.0530253
0.0146006
0.00122881
0.00168177
0.0577836
0.000498379
0.000445391
-0.035773
0.0200117
0.00428883
0.016929
0.030653
0.00557182
0.0122305
-0.00110933
0.00632023
-0.00669773
0.00200787
-0.00169849
0.00127739
0.0237665
0.0486954
-0.00550748
0.0030552
-0.271091
9.90427e-05
-0.00209668
0.0157211
0.0172992
-0.000401073
0.000775201
0.0469185
0.000955731
0.000141672
0.000125552
-0.00742697
0.10345
0.00267192
0.00127906
0.0275282
0.0102321
-0.00199893
-0.0134036
0.0778332
0.0451581
0.0143743
0.00137394
0.00168147
0.058712
-0.0100372
-0.00137646
0.0192199
0.0454489
0.000490708
0.000416143
-0.030325
0.0193923
-0.0176673
-0.00107549
0.00614929
-0.00625684
0.00407989
0.0149511
0.0301127
0.00568185
0.00170849
-0.0014207
0.00140759
0.0243667
-0.00453475
-0.0237057
0.00197021
0.000265177
-0.000682625
0.0252005
0.0235639
-0.00765998
-0.00519113
0.00177765
0.000198869
-0.000354028
0.0109908
0.00173713
0.000905152
-4.40764e-07
-0.00105848
-2.9476e-05
0.0842603
0.0144565
-0.000638347
0.0180535
0.0395004
-0.00236838
-0.00618367
0.00099741
-0.00315442
0.010296
-0.0025523
-0.000339444
-0.000622668
0.0174058
0.0014072
-0.00428416
0.00124907
0.011862
0.0010396
0.00369982
-8.10694e-05
0.000163956
-5.0487e-06
5.37636e-05
0.00274216
0.0071115
0.00312892
0.00159345
0.000509226
0.00226927
-0.000666647
0.000259589
0.00157206
0.0682528
-0.00978799
0.0148909
9.0386e-06
8.37819e-05
0.000120337
-0.00069015
0.00249021
0.00275614
0.00446389
0.000567091
-4.64129e-05
0.000164145
-0.00090719
-0.0155426
0.0858784
-0.0150033
-0.0253549
0.000662301
0.000662053
-4.28041e-10
-0.00736713
-8.5362e-05
0.0300982
-0.00191419
-0.00446422
0.0030766
0.000233987
7.53759e-05
-0.00140461
-0.00262535
0.0916627
0.0218414
-0.00567563
-0.000328592
-0.000555652
0.00802365
0.000273333
0.0179941
0.0404853
0.0115671
-0.00785469
0.00202034
-0.00151432
0.00398699
0.0034583
-0.0046468
0.00133692
0.012603
0.00296165
0.00152963
0.00043684
0.002328
0.00103705
0.00407204
-0.00010579
0.000146118
-1.384e-07
-3.82223e-05
0.00282638
0.00552216
-0.000559886
0.000410683
0.00160067
0.0687249
0.00455442
0.000609427
1.60011e-05
0.000212108
-0.0101437
0.0148706
3.61007e-05
0.000107937
8.15732e-05
-0.00056083
0.00264253
0.00199907
-1.87722e-05
0.00211858
0.00192134
0.00261878
0.00259542
-0.0119213
-9.12195e-05
-0.014165
7.20907e-07
3.99082e-07
-8.15047e-05
7.83107e-06
0.0110066
0.00931541
0.0212185
0.0119011
-0.000227909
-0.00199512
0.000324364
0.000241644
0.0116276
0.0194864
-0.0141757
0.00997966
8.05555e-05
-0.00828791
0.000564811
0.00365109
0.00346541
-0.00323827
0.00491647
-0.00954169
-0.0262682
-0.00202427
-0.00523125
-0.00494935
-0.000138617
0.0341636
0.000863454
0.000835432
-0.0107706
-0.00291335
0.000476748
8.30049e-05
-0.019398
0.0046666
-6.13264e-05
0.000534289
0.000671244
0.00106175
9.27939e-05
9.80184e-05
0.00761699
-0.030547
-0.0165923
-0.0106548
-0.00174382
0.00418862
-0.0158971
0.00428496
-0.00633177
-0.0104214
0.00254595
0.00844189
0.000866276
3.46633e-05
3.96506e-05
3.49215e-05
0.0036667
0.0105588
0.000479379
0.000485658
0.0025341
0.025148
0.00055072
-0.000297226
0.000874934
0.000113969
1.25253e-05
0.00012561
0.000269752
0.00251154
0.00240006
0.00137818
0.00501644
-0.0112327
-0.0147075
0.00137905
-0.000850285
0.000581245
0.000573787
-0.000882202
-0.0366538
0.000338739
-0.0227173
0.00290674
-2.34118e-05
-0.00882572
0.0036815
-0.000474791
0.00363306
-0.00316093
0.00554778
-0.00951042
-0.00859822
-0.000745149
6.88106e-05
8.01529e-05
-0.0119329
2.99566e-05
1.71337e-05
0.000750856
0.0018661
-0.0018081
-0.00177324
-0.012198
-0.00539624
-0.00958963
0.00974847
0.00256845
0.00238867
0.025083
-0.000558832
0.000587259
0.000884236
0.000110075
0.000130508
9.44245e-06
-0.0054384
0.00154789
-0.000111718
-8.10096e-06
-0.00958339
0.00204588
0.00236713
-0.000253874
0.00011515
-0.00861675
0.00125651
0.000895204
7.97596e-05
4.21272e-05
0.00474619
0.00149191
-2.86273e-07
-0.0266524
5.32827e-06
1.25692e-06
0.00341388
2.87309e-09
4.52735e-07
1.90476e-06
-7.30927e-08
-0.00013577
0.00623023
0.00425017
5.26935e-06
0.00180107
0.00171078
-0.00455817
-0.000643051
-0.00303805
3.57429e-06
4.01772e-07
-0.0047304
1.62245e-05
6.14881e-08
7.50614e-05
-0.0176284
0.00487113
6.19268e-05
0.000260843
0.0258716
0.000701187
0.0004317
0.000614101
0.00158616
-0.014848
0.000467823
0.000523543
0.00836575
0.00320148
0.000495163
0.000493218
0.000884831
0.000439554
0.000244147
0.000237694
2.31508e-07
-0.000783771
4.61076e-05
4.60151e-05
-0.00631816
0.0015356
-0.000476782
0.000294459
-0.00997242
0.000678014
0.00270731
1.19128e-05
-0.000104338
0.00472327
0.000349545
0.00200481
-6.14371e-06
0.000135923
0.00485308
0.00168877
-5.98348e-07
-0.000155299
0.00428545
0.00625256
-0.000382366
0.00232416
0.00223072
-0.00331592
-0.0162177
0.00257049
0.000218894
-8.98088e-05
0.0272711
0.000685282
0.000748903
0.000439775
-6.23734e-05
-0.00267383
-0.00437434
3.97656e-05
-0.00508375
9.87573e-05
-0.00814933
0.00199055
0.0147407
0.000154294
2.58094e-05
0.00126122
0.00013711
0.0171826
0.000972593
4.07119e-05
-0.000335217
-0.00202839
-0.00150293
-9.39856e-05
0.000134141
0.0131745
0.000850853
3.94557e-05
0.0146125
-0.00283541
-0.000207252
-0.000686025
-0.00484386
-0.00255259
0.00189169
0.00109533
0.0196969
-2.97206e-06
-0.0246994
0.000253735
-0.0010339
0.00195849
0.000916215
0.00249554
-0.01092
-4.54701e-07
-0.0339406
1.00107e-06
0.0150266
-3.2759e-07
-0.00822039
0.00068047
0.00108216
0.00374018
0.00165851
0.00277257
0.000356532
0.00161849
-0.0115609
0.000553693
0.000487695
0.00153894
-0.0180228
0.00058117
0.00104703
0.00347323
0.00163123
0.00274504
-0.00335016
0.00874232
-0.000485983
-0.00459529
0.00396845
-0.0100749
0.0165163
-0.0207541
-0.0189688
0.00185533
-0.0213614
0.00184252
0.0302086
0.0194145
-0.0377432
0.0184792
-0.00495243
-5.75056e-05
0.000732894
0.0018381
-0.00832789
-0.000230673
0.000232466
0.00138765
-1.69704e-05
-0.0182832
0.00836549
0.000300525
0.000136285
-0.00861963
0.00337561
0.000187938
-0.00699306
0.000139874
-0.000438249
0.0020933
0.000256366
-0.00825654
0.00365606
0.000305713
5.28481e-06
-0.016945
0.00835878
0.000205354
-0.00937334
0.00017054
-0.000142903
0.00146594
-0.003591
0.00253147
0.00017326
0.000815797
0.00284059
-0.0217847
-0.00017523
-1.23244e-06
-2.32748e-06
-0.0103429
-0.000815781
-0.00315444
-0.00561336
0.000979843
-0.00231072
0.000350845
0.020286
0.00516413
0.00267379
0.00150006
0.0138102
0.0010275
0.000212711
0.000768685
0.00099509
0.0137324
0.000739824
0.000147713
0.00514704
0.019978
0.00154969
0.00266028
-0.00425099
-0.000403753
-0.00011529
0.00173464
-0.00782416
-0.00473015
0.00294658
0.00617386
-0.000893089
0.00224205
0.0271716
8.26107e-05
-0.00675051
-1.36224e-05
0.0012235
0.0106542
-0.00435446
-0.00129566
0.000281875
-0.000334691
-0.00700919
-3.79939e-05
0.00136574
0.00963008
-0.000776958
0.00220963
0.0272368
-0.00204943
-0.00888835
-0.00474015
0.00240353
0.00617436
-0.0180557
-0.000315937
8.22952e-05
-0.00392592
-0.0172941
-0.007636
0.000162127
-2.26928e-05
0.0121726
-0.0155069
4.98439e-05
0.0100417
0.0125606
-0.020388
-2.67397e-05
0.00274963
0.000886946
3.70174e-05
-0.000772713
0.000175015
0.000820673
0.000637191
0.000208529
6.77857e-05
0.000896068
0.000638345
0.000199357
6.54819e-05
0.000888971
3.55849e-05
-0.000762043
0.00017467
0.0021181
7.46456e-05
0.0291598
0.00115822
7.50325e-05
0.00207598
0.00114172
0.0310693
0.00337838
0.00173283
0.00131413
0.0106938
0.00221834
0.00345883
0.0108633
0.00134463
0.00399908
0.0278864
-0.00158363
0.0878734
0.0191699
0.00476276
0.0328462
0.0116824
-0.00397291
0.0884976
0.0627513
0.0418179
-0.0163211
0.0206165
0.00484682
0.0152465
-0.0219764
0.022583
0.0306409
0.00411258
0.0153454
-0.0035055
0.00365828
0.0152636
0.0116269
0.0905829
0.0186051
0.0190598
0.0446076
-0.000689734
-0.00393381
0.0868745
0.0334718
0.0113964
0.0596042
0.0381572
0.00565209
0.0155085
-0.0166276
0.0162384
-0.0177562
0.021245
0.0108265
-0.0052795
0.0299202
0.00417315
0.00336617
0.0140873
-0.00147453
0.0076846
0.0229275
-0.00685144
-0.000274659
-4.07568e-06
0.00518809
-0.00116074
0.0353197
0.021189
0.0414559
0.000857655
0.000465883
0.0389747
-7.20806e-05
0.00629201
-0.000587234
0.0353996
0.00328166
0.000285088
0.00162874
0.0126195
0.000808778
0.00970433
0.001403
0.00402862
0.000128092
-4.02959e-05
0.00183951
0.00261166
-0.0002735
9.51316e-05
0.0217639
-0.0108562
0.0053926
-0.000468899
0.0290047
-0.00542051
-0.000100266
-0.000206831
0.0345582
0.052104
0.000414956
0.00103804
0.039683
0.0131099
0.000439832
0.0302471
-0.00176277
0.0369661
0.000974734
0.0070267
0.00284318
-0.000279664
0.00154127
0.0107543
0.00143941
0.00362347
-0.000194611
0.000188086
0.000110258
-7.90548e-05
0.00184019
0.00187025
0.00571575
0.0221886
0.0253127
0.00958486
0.00193955
0.00484427
0.00338513
0.0232559
0.00125311
-0.194219
0.00125447
0.00334934
0.00316331
0.00321899
-0.00441306
-0.00391844
0.0251548
-0.00181369
0.0368646
-0.00886708
-0.000177448
0.00314381
-3.95456e-06
0.0178126
0.0315998
0.0253204
0.0260429
0.0126197
0.00565702
-0.00383569
0.00043223
-0.000109207
-0.00755571
0.109838
-0.00755355
0.109735
5.0238e-05
4.71123e-05
0.000802186
0.000809732
0.0907429
0.0252598
0.0866661
0.0154023
3.41451e-06
-7.13066e-06
0.00186878
0.00695636
0.00263105
0.0725474
0.00265185
0.0728996
0.000147725
0.000145828
-0.0272757
-0.0255402
-0.0243471
0.0136646
0.000883597
0.0101905
-6.61235e-06
-0.0112843
0.000678331
0.000371174
0.00572508
-0.00567471
0.0057147
-0.00551877
5.57265e-05
5.0366e-05
0.000728102
0.000741036
0.00055251
0.0365063
0.00129117
0.0603532
0.000116898
0.000352292
-5.12346e-05
-7.42078e-05
0.0159009
0.0184925
0.0318284
0.0228467
-0.00101985
0.00241557
-0.0546989
0.00337324
0.0521798
0.00462537
0.0590785
0.00971048
-0.00020685
-0.000447042
0.000106225
-0.000930941
0.0317649
0.0257911
0.0259115
0.0107845
-0.00385195
0.00602743
-0.00103291
-8.73875e-06
0.0948294
0.0360393
0.0949643
0.0298786
-1.23264e-05
1.37502e-05
0.00170809
-4.6515e-05
-0.0201686
0.0132119
0.00156326
0.00998197
-0.00817158
-6.08506e-05
0.000364413
0.000704776
0.000513742
0.0370609
0.00128169
0.0612439
0.000317362
9.33807e-05
-6.94426e-05
-5.75027e-05
0.0348164
0.013123
0.0378058
0.0213096
-0.00021552
-6.59056e-05
8.25388e-05
0.0138995
-4.71828e-06
-6.32142e-05
-0.000141602
-0.000375803
0.00204936
0.000109188
0.00384024
0.000186144
-3.64933e-07
2.38083e-07
2.84035e-08
5.32317e-09
6.19143e-06
5.46075e-07
9.65452e-07
6.678e-06
-6.50267e-05
-0.00544891
1.17757e-05
-0.000291915
0.0061545
0.00466287
-0.000209796
0.00390219
-9.07425e-08
0.0131576
-1.26164e-06
0.00843152
6.8658e-05
-5.41606e-05
-6.45452e-05
-0.000180302
0.00277974
0.00530945
0.00261084
0.00811334
0.000603066
1.61658e-05
-0.00129972
0.00445368
0.000429612
0.00268674
0.000272932
0.00290347
0.000492575
0.00058745
0.000799488
0.000898581
9.87794e-06
0.000154013
1.17488e-05
0.00015316
0.000166493
0.000164568
5.69261e-05
5.40608e-05
0.0358761
0.00276741
0.0408849
0.0259471
-4.24028e-05
-0.000229128
0.000898974
5.46184e-06
1.70434e-05
0.000109607
-6.31684e-06
7.7735e-05
0.000120856
0.00234787
0.00411345
0.000564047
-6.9691e-05
-0.00521989
-7.16112e-05
-0.000119786
0.00467559
0.00623657
0.00156697
0.00521271
0.00291204
0.00552445
0.00257847
0.00394001
9.72334e-05
0.000675984
0.000220368
0.00194378
-0.000572174
-0.00202326
-0.000167827
0.0022652
0.0120375
0.000124598
-0.00197334
0.0077757
0.000702997
-0.00153885
-0.000841536
0.000541906
0.0001286
0.00418065
0.00461848
8.37963e-05
-6.22587e-05
1.59833e-05
0.0253711
0.0134216
0.0256528
0.0074793
-0.00158459
-0.00168878
4.84195e-05
5.41126e-05
0.000161176
0.0041382
0.00161046
0.000154639
-0.00251373
0.00924468
8.74781e-05
-0.0283328
-6.24835e-05
5.17484e-06
0.000921958
0.00172912
-0.0266315
1.51249e-05
-0.000119644
0.00010097
0.00534356
0.00181662
0.00617153
0.00367081
-3.36038e-05
0.000130184
0.000118836
4.72727e-05
0.00531973
0.00186501
0.00368819
0.00610639
0.000126332
-6.66664e-06
0.00330897
1.53489e-05
1.15746e-06
2.03103e-06
5.46995e-06
-1.7231e-07
0.00330439
1.51665e-05
0.000233195
0.000863352
0.000317672
0.000315248
0.000284393
0.000277039
0.000860203
0.000214624
0.00651035
-0.00397649
1.64574e-05
0.000139752
8.54289e-05
3.7626e-05
9.47257e-06
0.00239055
-0.00473561
0.00611755
1.7563e-05
0.00013394
2.25147e-05
0.000105692
8.80564e-06
0.00268675
-0.00281884
-0.00279231
-0.00018838
0.00187069
-0.000169232
0.00188609
-1.51231e-07
6.24967e-05
3.86698e-05
3.49889e-05
-3.05414e-07
0.000126296
0.00012956
-4.26733e-07
4.15066e-05
3.97898e-05
0.012813
-0.0117812
-7.30202e-05
-5.39966e-05
-0.000133031
-0.00012769
0.0128053
-0.0088663
-0.00436912
-0.0070747
0.000173852
-0.00523618
0.0222392
-0.0107358
0.00785839
-0.28035
0.000322564
-0.000116188
-1.15608e-05
1.85656e-07
-0.00665827
0.00266106
0.000644982
0.0206376
-0.00310602
9.8319e-05
0.00182017
0.00108219
-0.00893854
0.0117182
-0.00021177
-0.001416
0.0156499
0.00230004
-0.0204884
0.0315593
0.00770344
0.00270888
0.0244464
-0.000316365
0.00976091
0.00547087
-0.000310985
0.00258352
0.00435951
0.0256359
0.00291047
0.0132151
0.00324392
0.00073443
0.00170514
0.0010525
0.000266415
-0.00047016
0.00331793
2.29853e-05
0.00846384
-0.00371987
0.0823268
3.59516e-05
-0.00240212
-0.00578329
4.57379e-05
-0.00564984
-0.000153958
-0.000167965
-9.51719e-05
-0.000652841
-0.00315182
7.70028e-05
0.00189505
0.00106792
-0.00669157
0.00278455
0.000660781
0.0208264
-0.00879334
0.0122119
0.00414371
-0.00199381
0.00767038
0.00266259
0.0292235
-0.000495755
0.0115714
0.00184744
-0.0200528
0.0601448
0.00736979
0.00551343
-0.000607552
0.0016596
0.00170482
0.000731328
0.00172884
0.00109424
0.00414344
0.0258488
0.00279684
0.0130489
0.000302177
-0.00049272
0.00176204
1.95598e-05
0.000261301
-0.0305923
-0.00621136
-0.0116979
-1.05437e-05
-9.32049e-06
0.00111534
0.00325812
-0.00488549
0.00192882
-0.00531977
0.00152255
0.00863987
0.000755443
0.00117545
0.00183323
0.00103462
-7.25512e-06
0.0028999
2.9739e-05
4.3762e-05
-3.12177e-05
-0.000255191
0.00987455
-0.00982455
0.00129752
0.0020606
0.00211284
-0.00420618
3.71084e-05
-0.012318
0.00352961
-0.000204742
0.000172864
0.00231737
-0.0196018
0.00967353
0.00262583
-0.00285044
0.00358716
8.49356e-05
-0.000286596
0.00532317
0.00016993
0.00110599
0.0007155
0.00861195
0.0020419
-2.94006e-05
0.000383288
0.00486793
-0.00073402
-0.0138897
0.0117323
-0.00774165
0.0154587
0.000104256
-0.00043821
0.00075779
0.00451559
0.0068076
0.000505919
0.00627805
0.000322725
0.000381682
0.0176452
-0.005089
-0.0212368
-0.0165535
8.23887e-07
-0.023577
0.000664785
4.48781e-05
3.72014e-07
0.000282962
-0.00045555
-0.00306384
0.00191152
-0.00572239
0.00255676
0.00052096
1.33409e-06
0.000220537
-0.00360027
-0.00802089
-4.68152e-05
-0.00465629
-2.67973e-05
2.24085e-05
1.92908e-06
0.000619325
-0.000541109
-0.0107198
0.00173344
0.0035757
-0.00231578
-0.00341465
0.000289113
0.00223315
-0.0174202
0.00119318
0.000690056
0.00919823
0.00202902
0.0091068
0.00265244
-0.0027657
0.00385833
0.000107008
-0.000255657
0.00581032
0.00179647
0.000231202
0.000545727
0.00492665
-0.000728391
0.0067503
0.000497062
0.00633699
0.000319191
-0.013981
0.0116387
-0.00797904
0.0157207
0.00011727
-0.000617186
4.42727e-05
0.000381093
4.08634e-05
0.000655497
-0.00109978
0.000976646
0.00203607
-0.0116266
0.00245636
0.0317073
0.00328617
6.09086e-07
-5.52894e-07
0.00322038
0.0026007
0.03911
0.0422129
-0.00428841
-0.00111464
-7.20126e-05
0.00153932
0.000780199
-0.0213623
-0.000459466
0.0146766
0.0110818
-0.00012614
0.0106662
5.01025e-06
0.00108435
0.00063715
-0.00472263
0.00226027
0.0011905
-0.0220931
0.0083516
0.00852811
-0.0221644
-0.000108062
0.0324919
0.0329604
-0.000117426
-0.00888779
8.92419e-05
-0.00395236
-0.0107305
0.00416479
-0.0199075
-0.0120825
-0.00557198
0.00101122
0.000663946
0.000666182
0.00101073
0.000879308
0.0212451
0.0111178
5.24288e-05
0.0150303
-0.000881042
3.26334e-05
0.0275374
0.000582813
-0.000666837
7.33343e-05
-0.000761527
0.000957391
3.28151e-05
3.11577e-05
0.00096076
0.00358093
0.0104175
0.0104786
0.00361517
0.00230201
0.0264253
0.0220249
-0.00173619
0.00095588
0.000125053
0.00013906
0.000560873
0.00192532
0.000261453
0.000782123
-0.00125443
0.0615614
0.002449
-0.0098507
0.00623365
-0.000568817
-0.00141856
-0.00133662
0.00208481
-0.008045
-0.00118307
0.00346274
-0.0387717
0.00100354
-8.46619e-05
0.00988816
-0.00115882
-0.00491336
0.00163283
0.00113676
0.00233925
-0.00063453
-0.00905845
-0.0033625
-0.00020388
-0.0142141
-6.46084e-05
-0.000126582
-0.0100682
0.0230857
9.02149e-05
-0.000453819
0.0144556
-0.00111481
-0.0024405
-0.000677059
0.000692375
-0.00238167
0.0214413
0.0266297
0.00248059
0.000563797
0.000131847
0.000124593
0.00095442
-0.00505792
0.00172772
0.00160136
-0.00670043
0.000841019
-0.0106925
0.00293804
0.00141199
-5.95447e-06
-0.00835827
-0.00330566
0.000173632
-7.80038e-06
6.96285e-05
-0.00033456
-0.000190499
-4.28404e-08
-0.0295232
-0.023498
-6.74857e-07
0.00339606
7.18897e-07
-4.21444e-08
0.00340171
2.08522e-07
5.04373e-05
3.42858e-05
0.000102295
6.95657e-05
0.00100998
-0.000504437
0.000199123
0.00114749
-0.00303751
-0.00301883
0.000969173
-0.00630769
1.59658e-05
1.73069e-05
-0.00607591
-0.0170481
0.00637696
0.0182395
-0.0130332
0.0261935
0.00103381
0.000694173
0.0243747
0.00162408
-0.0159228
-0.0174098
0.00151789
0.00317847
0.00915744
0.00889412
0.00316921
0.000764787
0.000483869
0.000478786
0.000764377
-0.000789814
1.34764e-05
9.56355e-06
-0.000784356
0.0015376
-0.00707391
-0.00766555
0.00154897
-0.0173428
-0.000172944
0.000727755
-0.00904253
-7.58891e-05
-0.000490252
-0.00303971
-0.00293539
0.000113784
0.000122559
-5.67034e-05
8.47665e-05
1.50537e-05
3.567e-05
-1.06032e-05
-5.29579e-05
0.00454057
7.84764e-05
4.1224e-05
-5.64447e-05
-0.0129572
0.018371
0.0064437
-0.0168438
0.021121
0.000674064
0.00104222
0.0274868
0.0143739
0.021019
-0.00376877
0.00148085
0.0261952
-0.000837257
-0.00198453
0.0240589
-0.000364931
0.00083977
-0.000615265
-0.00283109
0.00814054
0.0023054
-0.0112828
-0.00162434
0.0130705
-0.0051227
-0.00498641
0.000560688
0.00243101
0.00140822
0.00195175
0.00183212
0.00136135
0.00281879
-0.00613315
-0.00826275
0.0375404
0.0376199
-0.0211134
0.00375403
0.00123649
-9.84989e-06
0.0120812
0.00546214
-0.00169604
0.00579136
0.015262
0.00112205
0.00788976
-0.00526072
-0.000712783
0.00923208
-0.000363287
0.00336062
0.00205829
0.000803638
-0.00627391
0.0131105
0.024021
-0.0276675
0.0190403
0.00405425
0.00179018
0.0339438
-0.00135019
0.00221681
0.000539755
1.61431e-05
-0.0145693
-0.0300193
0.022876
0.0167632
0.0462684
0.0153859
-0.0025675
0.0455293
0.0188052
-0.000882601
-0.00900702
0.0115768
1.26371e-05
-0.0013159
0.000255719
0.00170484
0.0545545
0.0494931
-0.00186689
-0.00131285
-0.00359261
-0.0230296
0.0192987
0.00391127
-0.0120001
0.0178497
0.0183296
-0.0251157
-0.00129255
-0.000107606
0.000505553
-0.000777972
0.0250464
0.0304747
0.00166235
0.00172727
0.00150211
0.00510764
0.00849065
-0.00277837
-0.000170927
0.00054666
0.000277688
0.0033669
0.00316166
0.0070723
0.000642357
0.00108114
-0.000959376
0.00155312
0.0148693
0.00672214
0.0178992
0.0817356
-0.00895581
-0.00236322
0.0577982
-0.00140284
0.00756588
0.0764502
-0.000350339
-0.00250285
-0.000738215
0.00130374
0.00273696
0.00249027
-0.00133846
-0.00045379
-0.00256031
0.00787083
0.0106483
0.00200773
6.1248e-05
0.00154166
-0.0144843
-0.0258197
0.0254856
0.024365
-0.0230315
-7.15574e-05
-0.00277825
-0.000915706
-0.000215571
0.00498435
0.00106925
0.000128781
0.00503265
0.0191259
0.00585301
-0.0238639
-0.00290715
0.00250672
0.0257036
1.23274e-05
-0.000133403
0.0251589
-4.24005e-05
-0.00210313
0.00194199
0.0016142
-0.0132646
-0.0206354
-0.0137376
-0.0167228
-1.86036e-06
5.44758e-06
-2.16731e-08
0.00033129
0.00906923
0.00534773
-0.0317071
-0.028083
0.00848446
-0.0320625
-0.039819
-0.0350674
-0.00450985
-0.00400783
0.0118328
0.0070704
0.0113495
0.0232282
0.00876814
-0.0123527
0.0119628
-0.0250741
-0.0152169
0.0309888
-7.46431e-06
0.00124681
0.000717946
5.42782e-07
0.0320282
0.0223878
0.00639564
0.0139875
0.0123335
0.00320103
0.00308438
0.0176585
0.000249544
0.00110496
0.00209253
-0.0110179
0.00270481
0.00589886
0.00320196
0.000777583
0.0410614
0.00269649
0.00202287
0.0282808
0.00102752
0.0020826
0.00211184
0.00155823
0.00334385
0.00662549
-0.0170808
-0.0139257
0.010166
0.00263472
-0.0220743
-0.00317275
0.043447
0.0329545
0.00207566
0.00262793
0.00975968
-0.00864569
-0.0223201
0.00138417
0.00195866
-0.0150943
-0.0165457
0.00596952
0.00108012
0.00147214
0.00215445
0.00216119
0.0312463
0.013699
0.00626031
0.0216006
0.00271715
0.000785122
0.00313639
0.00588506
0.000254747
-0.0104003
0.00205025
0.00110893
0.0117644
0.0171084
0.00301123
0.00383578
0.0703964
0.0270887
0.00251451
0.106502
0.0194992
0.00521051
-0.00677015
0.021286
4.39789e-05
0.00972592
-0.00171887
-0.00981588
-0.043619
0.216103
-0.0317198
0.0602105
0.0278074
0.0527203
0.000875942
0.00908012
0.0616254
-0.0208021
-0.00946066
0.0660089
-0.0224435
-0.0209956
0.0184534
-0.0284208
-0.0351268
0.0596559
0.0279785
0.00863089
0.0261526
0.00313293
-4.77644e-05
0.0550133
-0.00850635
0.0331995
0.0423342
0.0701403
-0.0207974
-0.0255863
0.0196041
-0.0207197
0.0620813
0.0665078
-0.00975747
-0.0055587
0.0662447
0.170438
0.0508084
0.0182597
0.0130174
0.0463664
0.00453927
-0.0756633
8.52299e-06
-0.00879365
-0.00472926
0.00733737
0.0241196
0.0128639
0.00916949
0.00672665
0.00985061
0.026412
-0.00513368
-0.00522138
0.0205726
-0.00527143
-0.00500091
0.0146465
0.00549768
0.00502158
0.00179707
0.00144011
0.00321973
0.00164941
0.00176087
0.00448124
0.0315427
-0.0117385
-0.0090762
0.0404385
0.00637589
0.00622991
0.00135738
-0.000278573
0.00606824
0.00153122
0.00147212
0.00619528
0.0205919
0.0476791
-0.00752643
-0.00606912
0.00195324
0.0022045
-0.015631
-0.011823
0.00297496
-0.0183172
-0.0178116
0.00229838
0.00323063
0.00395901
0.00734577
0.0056317
0.00541237
0.0133425
0.0100274
0.004493
0.00117567
-0.000798382
-0.00564046
0.00247692
-0.000509499
0.000673232
0.00374436
0.00369854
0.0024111
0.0184852
0.00426779
0.0017379
0.00253355
0.00298093
-0.0109835
-0.0152377
0.0133347
-0.00700731
-0.0070844
0.0359537
0.00370606
0.00451333
0.00233946
0.00281352
0.00561813
0.00145324
0.00179637
0.00508293
0.0247749
0.0330335
-0.00702273
-0.00660246
0.0012105
0.00237876
-0.00542016
-0.000820859
0.00258473
-0.0146587
-0.0107506
0.00305672
0.0024915
0.00199624
0.00425743
0.0130045
1.11287e-05
0.00405788
0.0037898
0.00112607
0.00194217
-0.0121758
-0.0159125
0.00220512
0.00526031
0.00450174
0.00999671
0.0132759
0.00328509
0.00572758
0.00735655
0.00399256
0.00306215
0.00226907
-0.0173559
-0.0200943
0.0278921
0.0400839
-0.0100453
-0.0116203
0.0415037
-0.0070084
-0.0085195
0.0521576
0.00603467
0.00614191
0.00153524
0.00152555
0.00615382
0.0010885
0.00161003
0.00622378
-0.0165505
0.00599889
0.000140452
-0.00433867
-6.96803e-06
0.00340592
0.00471116
0.00178496
0.00331392
0.00474566
0.000827633
8.0112e-07
0.00387829
0.00038243
-0.00736935
-0.0107848
-0.0132764
-0.000912869
-0.0201412
-0.0244672
0.0166843
-0.010833
-0.0195634
0.000449683
0.00331737
2.01057e-06
-0.000173367
0.0035479
-1.69651e-06
0.000663558
0.00363727
0.00341474
0.00628566
-0.00684827
-0.00918122
0.0123136
5.14279e-05
-0.000416545
0.000419765
-0.000187773
2.05328e-05
0.0007186
-0.00307822
-0.00303523
0.0274644
0.017277
-0.0120742
-0.00949072
-0.0040465
-0.000744068
-0.00486328
-0.00345153
0.00701221
-0.00269069
-0.00221807
0.00850156
1.41446e-05
-0.00302806
-0.00212644
0.00174429
-4.65691e-05
-0.000151158
0.000865568
-0.000352683
0.0281331
0.0099054
0.0139436
0.00793768
0.00452815
0.0274614
0.0251014
0.00624374
0.000601402
0.00358235
0.00422203
0.000754397
0.00366769
0.0043334
0.0114435
0.00929267
0.00480285
0.00563616
0.0108338
0.00304785
0.000159961
0.000991499
0.00144861
0.000620544
0.00107948
0.00160546
0.00110941
0.000722273
0.00526473
0.0054691
0.0185771
0.026131
0.00412396
0.00226533
0.0107781
0.00565023
0.00298529
0.0251982
0.0172936
0.00288307
0.00107041
0.000715629
0.00106591
0.00158755
0.000159555
0.000639637
0.0014273
0.000990305
0.0256245
0.00818409
0.0155344
0.00823459
0.00377652
0.00915792
0.0109477
0.004325
0.000589979
0.000739656
0.00419582
0.00357571
0.00485988
0.00559182
0.0255543
0.0288195
0.0595771
0.0819869
0.00174369
0.0192433
0.0885029
-0.00985094
-0.00684367
0.0852901
3.0406e-05
0.000948946
0.00113634
-0.00127007
-0.00502698
0.00120247
0.00222636
0.00898932
0.0610782
0.0333076
-0.0147528
0.0620635
0.0464666
0.00646901
-0.00116284
0.0304258
0.00341109
-0.00361803
0.00428714
0.00281416
0.0904493
0.099049
2.10567e-05
-0.0107991
0.0273829
0.00322689
0.00299784
0.0343479
0.000884132
0.0026425
0.00220347
0.00121214
-0.00328548
-0.00048856
0.0268272
0.0257368
0.0324647
0.053365
0.0271388
0.00388577
0.0016724
-0.00859518
-0.00695109
0.00133808
0.00532258
-0.00192923
0.0102291
0.0153541
0.00162228
0.0236172
0.0192661
0.000649672
0.00230615
0.00181083
-0.00366605
0.000546195
0.0305133
0.0134738
0.00175077
0.0910062
-0.0020079
0.0108204
0.00310316
0.00094668
3.30803e-05
-0.000642557
-0.000435058
0.00121274
0.0955942
0.09312
-0.0067406
-0.0105442
0.00170879
0.00152612
-0.00674158
-0.00880605
0.00223318
0.000177994
-0.00384062
0.00202203
0.00217123
0.000666528
0.0191355
0.0232549
0.00560703
0.015322
0.0111719
-0.000897184
0.0274453
0.0339411
0.00223079
0.00300891
0.0325421
0.00383267
0.0272614
0.052869
-0.00317275
0.0257939
0.0269553
-0.000887819
0.0009337
0.00114346
0.00225027
0.00275876
0.0606465
0.0633848
-0.014592
0.033724
0.0955005
-0.00603805
0.00835899
0.104074
0.00321124
0.00371693
0.00822823
-0.000564256
0.0464359
0.0308969
-0.0020623
0.00589481
0.0291661
0.0319443
-0.0154768
0.0158929
0.0125058
-0.00551891
-0.00731799
0.0152242
-8.66978e-05
0.00444452
0.004084
1.60339e-05
0.0172759
0.0149236
-0.0190411
-0.0197112
0.0406386
0.0311174
-0.0109104
0.0304471
0.0323541
-0.0130561
-0.0157153
0.0258872
-2.07012e-05
8.557e-05
3.2989e-05
9.16248e-05
0.0112214
0.00819055
-0.00688812
-0.00532162
0.025823
-0.00728453
0.00482039
0.0389366
-0.00748799
-0.0241651
-0.0222806
-0.00743784
0.000832931
0.00135928
0.00964527
0.00322235
0.0354414
0.0312209
-0.00474944
-0.0109348
0.0294722
0.0382474
5.8255e-05
-0.00731308
0.02219
-0.0158877
-0.0123824
0.0208147
0.00079826
0.00334301
0.00694976
-0.00368404
-0.00748329
-0.00743832
-0.0223762
-0.0242201
0.00485235
0.0532589
0.00409621
0.00533676
0.0536056
0.000912189
0.00013279
0.0650219
4.06421e-05
-0.00074216
-0.000618474
0.00012049
0.00023796
0.000560943
0.000249692
5.16537e-05
0.0192785
0.0111651
0.00269973
0.0198473
0.0059059
0.000982553
0.00112381
0.00634709
0.00016654
0.000252836
0.000202732
7.67465e-05
0.0420414
0.0301691
0.000643093
0.000528934
0.018111
0.0194823
0.00199465
0.00992065
0.0425374
0.000543522
0.000624842
0.0307523
0.000165045
7.19191e-05
0.000192326
0.0002522
0.00589688
0.00629616
0.00111843
0.000980638
0.00439972
0.00540819
0.00409652
0.0518895
0.000236985
5.02587e-05
0.000247536
0.000583295
3.84196e-05
0.0001181
-0.000610803
-0.000740365
0.0541374
0.0654043
0.000144606
0.00091347
0.0548567
0.0974908
0.00217022
0.0121585
0.112901
0.000678754
0.00108771
0.107959
0.0129585
0.0102759
0.0320153
0.0342738
0.021855
0.0212706
0.026614
0.00507969
0.0541169
0.0120382
0.00228064
0.0974461
0.0236152
0.00505589
0.0276324
0.02134
0.0129652
0.0345043
0.0332297
0.0108935
0.112901
0.107855
0.00106212
0.000669143
-0.00349309
-0.00423866
0.00477718
0.00769296
-0.0045896
0.00441435
0.00447867
-0.00467566
-0.00987359
-0.0175482
0.0113489
0.011006
0.00625422
0.0228616
0.0140209
0.00284148
-0.00287161
0.00776102
0.00490128
-0.00346474
0.0081633
0.00283854
0.0141818
0.024539
-0.0167557
0.0110413
0.0114213
-0.0180731
-0.00463295
-0.00494217
0.00450728
0.00444894
