-0.739492
0.145
-2.085
-0.695
0.255
2.15102
-0.725
0.735
-2.04314
-0.675
1.03362
2.155
0.739492
0.145
-2.085
0.695
0.255
2.15102
0.725
0.735
-2.04314
0.675
1.03362
2.155
0.0284488
0.0817801
0.173233
0.166749
0.0284615
0.0817815
0.173237
0.166726
0
0
0
0
0
0
0
0
0
0
0
0
0
0
0
0
0
0
0
0
0
0
0
0
0
0
0
0
0
0
0
0
0
0
0
0
0
0
0
0
0
0
0
0
0
0
0
0
0
0
0
0
0
0
0
0
0
0
0
0
0
0
0
0
0
0
0
0
0
0
0
0
0
0
0
0
0
0
0
0
0
0
0
0
0
0
0
0
0
0
0
0
0
0
0
0
0.045489
0.00523557
0.00990452
0.0875781
0.00262234
0.0426313
0.121024
0.0515478
0.0459193
0.0490572
0.0455314
0.00992508
0.0875781
0.0426327
0.0515431
0.0490183
-0.00289355
0.0972961
-0.00246099
0.0993996
0.00209021
0.00149544
0.229636
0.31001
-0.00290667
0.0972582
0.0994073
0.00150379
0.107397
0.107393
0.00931265
0.134817
0.328653
0.0981074
0.0981078
-0.00362836
0.366406
0.150449
0.150453
0.026051
0.192551
0.232162
0.0074344
0.00259916
0.000858212
0.0199325
0.00101666
0.0203008
0.0186626
0.044419
0.0280743
0.0146708
0.0196346
0.00604021
0.00260767
0.0074499
0.000755296
0.000970334
0.0199324
0.0203002
0.044403
0.0186651
0.0280662
0.0196516
0.014666
0.00605152
0.00898797
-1.45312e-05
0.0631159
0.00134766
-0.000279363
-0.00288323
0.0508428
0.000257168
0.0136472
0.0291442
0.000159015
0.118455
0.0201338
0.045019
0.00170818
0.168209
0.00901867
0.00134272
-1.48501e-05
0.0631257
-0.000281267
0.000256397
-0.00288562
0.0508408
0.0136504
0.118447
0.0291598
0.00015445
0.020172
0.168219
0.0452682
0.00171929
0.0414761
0.0131568
-0.000721828
-0.0738352
0.0538687
0.00118349
0.0264845
0.059785
0.0140176
0.104722
0.0550334
0.00282308
0.00406204
0.0797425
0.0256901
0.0412156
-0.0259617
-0.0141506
0.0456068
0.0754353
0.0414589
0.0128616
0.0538599
0.00117393
0.0264834
0.0597793
0.0550339
0.00285658
0.0257125
0.0412164
0.0456261
0.0754775
0.0588774
0.0014109
0.001423
-6.44956e-05
0.00941371
3.32821e-09
-0.000346957
0.00683666
-0.00344298
0.00310217
0.0352266
0.202621
-0.0124525
0.032323
0.0168182
0.0188661
0.0588775
0.00141309
0.00135048
-4.89423e-05
-0.000347004
0.00684686
0.0352236
0.202621
0.0732944
0.0665422
0.0331787
0.0623425
0.0732806
0.0621099
0.0332158
0.0665435
0.000822047
0.000816954
0.0093834
0.00939056
0.0510133
0.0469585
0.046958
0.0510107
-0.000224351
0.136571
0.136115
-0.000171679
0.0609957
0.0554364
0.0385805
0.0320845
0.0610021
0.0320906
0.0385802
0.0554361
0.00137931
0.00137786
-0.00162293
-0.00162365
0.198967
0.203955
0.20396
0.198967
0.0613003
0.0738513
0.065759
0.0445783
0.0613004
0.0445924
0.0657688
0.0738493
0.00285053
0.00284992
0.0163771
0.0163775
0.130344
0.0211399
0.0211624
0.13036
0.122432
0.122432
0.0219466
0.0214649
0.00106258
0.00257542
0.000455381
0.00475107
-0.000859004
0.00213077
0.00869661
0.0239133
0.00219852
0.0208646
0.0171556
0.00137467
0.00257959
0.0010601
0.000585435
-0.000917336
0.00463602
0.00211957
0.0239417
0.00879878
0.00179976
0.0171679
0.0206673
0.00137968
-0.00612101
-9.47602e-07
0.0575962
-0.000446598
-0.00495672
-0.00289891
0.0461584
-0.000190969
0.00211566
0.0119744
4.77679e-06
0.0979822
-3.72371e-05
0.0140517
0.00115166
0.0927804
-0.00611757
-0.000450944
-4.99306e-06
0.0575946
-0.00495681
-0.000192029
-0.00290168
0.0461582
0.00181229
0.0979346
0.0119734
4.30282e-06
-3.63771e-05
0.0928076
0.0139344
0.0011714
0.00510761
0.00420496
0.0248103
0.0784718
-4.18834e-06
1.65165e-07
-0.000764653
0.22327
-1.90717e-05
3.90541e-06
0.0559266
0.00103843
0.00722061
-0.0105905
0.0178403
0.0385196
0.000141896
0.000182109
0.00841024
0.0988106
0.0124717
0.000562103
0.0441602
-0.000299383
0.00301591
0.00304
0.000756281
0.0163568
-0.000788294
0.00461933
0.027288
0.0351165
0.000342669
0.000342664
0.000463508
0.0865991
-0.00113373
0.00184843
0.0211689
0.0692402
0.00513581
0.00429566
0.0248295
0.0786192
2.24978e-05
7.63897e-06
0.0559172
0.00102692
0.00725096
-0.010403
0.0178296
0.0383262
0.0124713
-0.000777136
0.0441746
-0.000317062
-0.000928883
0.00422868
0.0272888
0.0351079
-0.00110425
0.0018905
0.0212009
0.0692562
1.39137e-05
-1.41141e-05
0.0526865
-0.00034875
0.00156432
0.000877503
0.00300108
1.59035e-05
-0.00118464
-0.00118464
-0.00795183
3.43366e-09
-0.00103508
-0.000403538
-0.000601995
-0.00350868
-0.000142924
-0.000142933
-0.00344298
0.00218938
0.000160649
-0.000412192
0.0206386
0.0713074
0.00454332
0.00454545
-0.00348759
0.00332322
0.00195507
0.00195523
0.0018355
0.0040195
1.31843e-05
-1.39719e-05
0.0526916
-0.000347599
0.00157773
0.000893807
0.00306052
3.14399e-05
-0.00103974
-0.00051317
-0.000601956
-0.0035137
0.000165139
-0.000441388
0.0206547
0.0713073
0.00177416
-0.000780964
0.000922669
0.00123814
0.00177625
-0.000809591
0.000912365
0.00128336
3.2431e-06
-2.01729e-07
-4.12847e-07
2.28336e-06
0.00041906
0.00275107
0.0027511
-0.00901194
0.0432525
-0.112356
-0.185927
0.0411778
0.00113527
-7.85933e-05
4.56732e-07
0.000141687
0.00113538
-7.8628e-05
4.74985e-06
0.000140358
-0.00100178
3.34007e-11
-1.04408e-11
-0.00100186
0.000664194
0.00979955
0.0032048
0.000664478
0.00844705
0.00325799
0.00349155
0.00280555
0.00848151
0.00325731
0.00349104
0.00288411
0.0014201
0.00109923
0.00116148
0.0029557
-0.000661822
0.00174394
0.00173481
0.00602128
0.00520412
0.00605326
-0.0335867
0.00520681
0.0302375
0.110379
-0.000730297
0.177676
0.0557167
0.000816964
0.0183914
0.0426089
0.00172872
0.0844443
0.0289667
-0.000448273
0.0117468
0.0497395
0.00364119
0.0127847
0.0224104
0.0353706
0.0205662
0.049835
0.000337323
0.0719481
0.0333927
0.0297332
-0.000732733
0.177711
0.0302436
0.111852
0.055748
0.000846687
0.00173669
0.0844628
0.0183929
0.042609
0.028968
-0.000448463
0.00357957
0.0130016
0.0118752
0.04989
0.0225827
0.0353601
0.000476311
0.0717065
0.0205703
0.049596
0.0333422
0.0297596
0.0617346
0.00127874
0.055146
-0.000387027
-0.00255931
-6.92291e-09
-0.00907705
-3.8802e-09
0.0474748
-0.000910044
0.0502257
-0.000311148
0.000587643
0.00182322
-0.00245846
0.0024741
0.0141167
0.0388709
0.000727529
-0.000257526
0.0140689
0.078977
-0.00276855
0.00268508
0.0226346
0.106888
-0.00102627
0.000269115
0.0163122
0.0771278
0.00223846
0.0048196
0.0617169
0.00126006
-0.00907713
-7.58967e-09
0.0551475
-0.000387661
-0.0025615
1.75098e-09
0.0474616
-0.000909934
-0.00245842
0.00247417
0.0502283
-0.000310451
0.000583082
0.0018243
0.014174
0.0388194
-0.00277297
0.00268154
0.000718465
-0.0002573
0.0140789
0.0789884
0.0226093
0.106896
0.00223829
0.00480124
-0.0011496
0.000155498
0.0162786
0.0771389
-0.00225915
0.000547503
-0.0455339
0.0502314
-5.57519e-07
-4.92371e-07
-0.00138755
-0.00135594
0.00185415
-0.00180183
3.26537e-06
2.30802e-06
0.00399031
-0.000327391
0.00598159
-0.0293676
0.00232087
0.0024499
0.00514719
0.00514707
0.00286243
0.0129109
0.00125938
0.00767248
0.00183369
0.00183524
-0.00356875
-0.003336
0.00111022
0.000525044
0.00208504
-0.00946364
0.000890507
0.000934765
-0.000175034
8.35857e-05
0.00970661
0.00143498
0.00544819
-0.000752276
-0.00226255
0.000660875
0.050682
-0.0454255
0.00185503
-0.00180176
3.27999e-06
2.30791e-06
-0.000327789
0.00399102
0.00598429
-0.0296851
0.00286237
0.0129618
0.00120502
0.00767103
0.000627988
0.00108851
-0.00948795
0.00208635
0.00144291
0.00968665
-0.000771379
0.00543658
-1.91773e-07
2.66505e-06
0
-6.38445e-07
-0.00122768
0.00412717
0.0013469
0.00010242
-1.243e-07
-3.56858e-08
-0.00109324
-0.00109323
0.000953832
1.01962e-05
0.00375213
0.00190177
-0.000911496
-0.00091145
0.000118618
0.000118802
-1.41201e-05
-0.000364241
0.0126292
0.0042025
0.00975246
0.00975251
0.00123587
0.00123571
0.00128443
0.00128451
0.00274331
0.00274218
7.60399e-07
2.43651e-06
6.87238e-11
-6.84119e-07
0.00415815
-0.00117365
0.00134509
0.000104126
7.56266e-06
0.000954357
0.00374618
0.00191295
-0.000364658
-6.16536e-06
0.0042024
0.0126295
0.0498127
0.0584753
-0.000517745
0.0354318
0.0643392
0.0014593
0.00144589
0.0569908
0.0155428
0.0196506
0.00161119
0.00348012
0.0198905
0.0212153
0.00212198
0.0275794
0.0496242
0.0353445
-0.000522559
0.0584871
0.0199397
0.0276482
0.00217426
0.0212587
0.0155366
0.00350316
0.0016151
0.0196225
0.0643284
0.0569774
0.00149132
0.00148625
0.000618408
-0.000748105
2.88172e-06
0.000929902
0.000632417
0.000938231
2.80857e-06
-0.000749243
-0.00845125
-0.00851572
2.03321e-06
0.00114556
-0.00843443
0.00116062
2.17692e-06
-0.00851564
0.0371368
0.0366215
0.00276963
0.0032953
0.0832508
0.00441069
-0.00497754
0.0315077
0.0831879
0.031474
-0.00521976
0.00437752
0.0371189
0.00329955
0.00277045
0.036612
0.11507
0.107392
-0.0803102
0.19973
0.0669793
0.0183243
-0.157001
0.0690866
0.0670657
0.0692981
-0.156819
0.0184308
0.11506
0.199712
-0.0802552
0.107412
0.0563731
0.0539163
0.00120565
0.00145558
0.0480869
0.000953166
0.00103412
0.0514561
0.0163559
0.0211654
0.000159437
-0.000837861
0.0132496
0.000491255
-7.58034e-05
0.0146139
0.056373
0.00146125
0.00120482
0.0539197
0.0132341
0.014618
-7.63432e-05
0.000499859
0.0163027
-0.00089303
0.000159639
0.019204
0.0480881
0.05146
0.00103752
0.000953563
-0.000411229
-0.00113895
-0.00104751
-0.000367678
-0.000414271
-0.000367841
-0.00104755
-0.00113893
-0.00265647
-0.003686
-0.000956676
-0.000328892
-0.00265615
-0.000329364
-0.00095658
-0.00368601
0.0965863
0.0744956
0.0108666
0.00577153
0.0857998
0.0034464
0.00407315
0.0777488
0.0858101
0.0777525
0.00407309
0.00344648
0.0966103
0.0057706
0.0108642
0.0744867
0.0561023
0.0490221
0.00769737
0.00149225
0.030336
0.0206737
0.0138283
0.0516811
0.0425172
0.0427628
0.00901836
0.021882
0.0129249
0.00409434
0.00571067
0.0164344
0.0560732
0.00148996
0.0076942
0.0490218
0.0128723
0.0165611
0.00570812
0.00403765
0.0424651
0.0218229
0.00904494
0.0428539
0.0303399
0.0517048
0.014986
0.0206742
-0.00278411
0.00233201
0.00252973
0.000710779
-0.00278453
0.000638608
0.00251708
0.00233206
0.00144021
0.00605522
0.00443563
0.00881219
0.00143185
0.00882128
0.00444415
0.00604595
0.0986626
0.0906688
0.0082661
0.00650789
0.0226152
0.00119443
0.000941249
0.0474338
0.0226885
0.0475059
0.000931777
0.00118756
0.0988146
0.00650769
0.00826004
0.0906791
0.0892106
0.0970664
0.0111261
0.0464168
0.0892208
0.0464157
0.0111276
0.0970593
0.0693309
0.0783478
-0.0320667
0.0283915
0.0696725
0.0285015
-0.0319624
0.0784642
0.000603644
0.0025644
0.000506811
0.00102347
-0.000122001
0.00344743
0.00239271
0.00819057
0.00181541
0.0043493
0.0133558
0.000281825
0.00256852
0.000989476
0.000729966
-0.000469196
0.00111099
0.00345318
0.0081779
0.00217347
0.00201662
0.0133927
0.00444911
0.000274722
0.00138708
6.33893e-07
0.0441509
-0.000357513
0.00458023
-0.00290058
0.0455401
0.000813839
-4.88148e-05
0.00357349
1.53604e-05
0.0131032
-1.2199e-05
-7.5857e-05
0.000691059
-0.000225305
0.00139043
-0.000362319
-6.33438e-07
0.0441922
0.00458301
0.00081366
-0.00289993
0.0455395
0.000131279
0.0131404
0.00357456
1.83339e-05
-9.90464e-06
-0.000216794
-6.08274e-05
0.00068282
3.16971e-05
0.000127033
0.00321221
0.0199367
-1.37763e-06
1.15427e-07
-0.000783337
0.118591
-4.74335e-05
-8.53141e-06
0.0563055
0.00115386
0.0045145
-0.00926401
0.0162242
0.0113041
-4.66599e-06
1.4994e-06
-0.000112525
0.0988793
3.69117e-06
-0.00404507
0.0382372
6.51709e-05
0.000260089
0.000279972
0.000753566
0.00721102
-0.000390302
0.00100246
0.00551071
0.0257428
0.000187244
0.000187256
0.000515098
0.0495361
-3.07709e-05
0.000933068
0.00538769
0.0500617
6.07954e-06
0.000149541
0.0032285
0.0198772
-4.70477e-05
-7.86273e-06
0.0562963
0.00114507
0.0044384
-0.00901146
0.016242
0.0113999
3.88219e-06
-0.00456826
0.0382245
6.44176e-05
-0.000307195
0.00119883
0.00550865
0.0257
3.23011e-06
0.000962766
0.00544452
0.050083
8.541e-07
5.88785e-17
0.051757
-0.000228607
2.16211e-05
0.00104596
-3.46541e-06
8.78712e-06
-2.9384e-07
-2.6988e-07
0.000730898
3.57651e-09
0.000278605
2.96715e-05
-0.000545434
0.00132802
-0.000277231
-0.000277259
-0.00344298
0.000102631
-1.5e-05
-5.39239e-05
0.000117876
-0.00176429
0.000322363
0.000322702
-0.00269081
2.48441e-06
0.000161746
0.000161617
0.00191702
1.91319e-05
-8.53665e-07
4.26161e-10
0.0518883
-0.000226908
3.729e-05
0.00106184
1.21514e-05
-7.48915e-06
0.000277992
3.01564e-05
-0.000548252
0.00132794
-1.81525e-05
-5.15642e-05
0.000106301
-0.00176442
-1.60228e-05
0.00170249
-0.000130418
-0.00159026
-1.60718e-05
0.00171782
-0.000132272
-0.00159049
-1.2808e-08
-5.9627e-07
-6.08795e-07
-1.86866e-06
-6.90171e-07
0.000303956
0.000303973
-0.00133617
0.000403018
0.0600967
-0.109244
0.00150107
-8.52581e-07
-7.80532e-05
7.72871e-06
9.08139e-05
-1.42049e-05
-7.8046e-05
5.55091e-06
9.27439e-05
-9.84595e-08
1.19581e-10
1.17791e-10
-3.95443e-08
3.28803e-05
1.02319e-05
0.00299742
3.26976e-05
0.00396937
0.000482739
0.00463405
0.00203544
0.00395067
0.00048276
0.00459201
0.00207528
-4.24167e-07
0.000546501
0.000511545
0.000731752
6.96317e-05
1.45801e-06
-5.87718e-08
1.28961e-05
0.000141304
0.00589906
0.00554145
0.000140281
-1.4466e-05
0.000643199
0.000941553
0.0145364
9.97911e-06
2.21599e-08
-0.000749805
0.096064
-1.18425e-05
9.1761e-06
0.0551839
0.00090817
0.000247751
5.26478e-05
0.0181092
0.0166524
-0.000923897
0.000157015
0.00109006
0.0845766
0.0011397
-0.00882054
0.0266706
0.000164136
0.00159643
0.000726559
0.00149118
0.0198168
0.00339108
0.000255368
0.00362737
0.00326574
0.00738313
0.00386081
0.00729348
0.0175635
4.03291e-06
0.00060182
0.0133923
0.00965399
1.17751e-07
0.000155433
0.000618312
0.0373985
0.0010513
-0.000670808
0.000688455
0.0213448
1.00278e-05
2.8699e-08
-0.00075239
0.0961007
-5.79699e-06
0.000647449
0.000907516
0.0137826
-4.13004e-05
5.03582e-05
0.0552151
0.000938902
-0.000892438
0.000163292
0.00118486
0.0845952
0.000338632
2.29945e-05
0.0180643
0.0166377
0.00085759
-0.00881565
0.0266724
0.000163968
0.0033443
0.000326464
0.00366964
0.00321482
0.00158444
0.000922169
0.00155323
0.0197613
0.00758014
0.00398352
0.00726017
0.0174682
2.36613e-06
0.000155359
0.000535309
0.0373472
0.000105148
0.000561175
0.0133959
0.00965765
0.00105671
-0.000657215
0.000699991
0.0213501
-0.00756526
-5.03856e-06
0.0625708
0.00141831
2.1275e-06
1.30596e-05
0.0470677
-0.00028907
5.26852e-05
0.00158253
0.000164061
1.32195e-08
-6.85944e-05
-0.0011843
-0.000440482
-2.196e-08
-0.000794419
0.000306223
0.0431899
0.000196721
3.50805e-07
-1.65178e-05
0.051564
-0.000160116
0.000551696
0.000321265
0.00058638
0.00650433
-0.000212106
0.000134225
-0.00245846
0.000509659
0.00222904
0.000238695
0.00397187
0.0287485
0.00618353
-0.000280371
-0.000155785
-0.000128518
-1.21319e-05
3.34566e-06
0.00286828
-0.00373171
0.0074452
1.6876e-05
0.000844931
-0.000290536
-9.58369e-06
0.00194909
-0.00447171
0.0458897
0.00778713
-0.000542171
-0.000979477
0.000268132
9.41062e-06
0.000499985
0.00219029
-4.74381e-06
0.0303609
-1.25318e-05
0.00233875
7.45399e-05
-0.00756533
3.34215e-07
0.0625531
0.0013993
-6.88824e-05
-0.00118427
-0.000440503
1.09744e-08
2.19538e-06
1.40388e-05
0.047335
-0.000291696
5.21293e-05
0.00158141
0.000164042
4.89048e-10
-0.000796506
0.000975717
0.0431953
0.000196937
-0.000211577
0.000134265
-0.00245842
0.000509681
-3.50443e-07
-1.57269e-05
0.051566
-0.000157408
0.000585212
0.000321229
0.000579013
0.00652777
0.00239126
0.000431918
0.00393735
0.0287446
0.00745089
1.58371e-05
0.000853779
-0.000293405
0.00615352
-0.000277181
-0.000160805
-0.000128461
-1.96298e-05
4.26671e-06
0.00286682
-0.00373057
-1.49896e-06
0.00194227
-0.00443032
0.0459168
0.0303536
-1.21806e-05
0.00233556
8.36139e-05
0.00766864
-0.000651802
-0.00110375
0.000153793
5.7869e-06
0.000545498
0.00221113
1.40946e-06
0.00826644
-0.00170319
0.00243503
-2.4613e-05
0.0359238
0.0430295
0.0855113
-0.117914
7.61159e-06
-2.77558e-06
-4.74464e-07
-6.29542e-07
-0.0598186
3.99377e-05
-0.00069672
-0.000665847
4.7735e-05
-0.000782038
-6.29863e-05
-0.00175407
-0.000105893
-2.90209e-07
-1.64134e-08
-1.88562e-06
-5.54493e-06
9.17027e-05
0.00121385
-0.000477002
0.00124399
0.00491517
0.00571215
0.00387453
0.00203265
4.40433e-06
0.000465364
0.000400809
6.22298e-05
8.64568e-06
5.72888e-06
5.81262e-06
0.00297453
0.00418461
0.00298651
0.00352863
-0.000366196
0.000144674
0.000775766
1.04342e-05
1.6653e-06
0.000421925
-2.42129e-05
-2.42129e-05
0.0187046
0.10873
-0.00359841
-0.0035907
0.00190509
-0.000516545
-0.000366396
-0.000884528
-0.000740083
0.00165858
0.000943555
-1.46473e-06
4.06034e-05
-0.000745718
-1.1073e-05
-3.65927e-05
0.0255227
-3.01449e-05
0.000953283
0.000981041
0.00800188
0.0017999
0.00301636
5.43401e-05
0.00189518
0.000286746
0.000932578
2.07463e-05
0.00816128
-0.00170318
0.00242894
-2.40704e-05
0.00830523
0.0435445
-0.117696
0.0858896
4.86176e-05
-0.000775959
-6.34258e-05
-0.00175408
-0.000107018
-6.02261e-07
-1.32976e-08
-1.88544e-06
9.19649e-07
-7.26807e-05
-0.0004693
0.00121505
0.00134926
0.00493042
0.00571482
0.00389864
0.00296651
0.00418404
0.00298719
0.00354368
-0.000383285
9.60115e-05
-1.9595e-05
4.47238e-06
0.00187765
-0.000543072
-0.000899917
-0.000331648
-0.000735256
0.00166123
-2.89845e-05
0.000943713
0.00797702
0.00180361
4.779e-05
0.00302829
0.00190329
0.000297526
1.20576e-05
0.000920576
5.32975e-05
0.00117225
1.4879e-06
1.85316e-06
-0.000113035
-0.00100061
-9.93014e-17
9.52595e-09
0.00300456
-0.000282027
0.00121126
0.00179223
-2.62723e-07
-1.4078e-07
1.5512e-05
0.000721844
-0.00868268
1.00293e-09
-6.82123e-07
-6.10713e-07
-6.03559e-11
1.89214e-10
-1.32042e-07
-1.5082e-07
1.15803e-05
5.8613e-07
2.85299e-05
3.78016e-05
0.00413092
0.000370646
0.000601964
0.00149744
8.66921e-11
1.0854e-10
4.13264e-08
-2.39166e-08
0.00301819
4.79101e-05
0.000117425
0.000117378
0.00536196
-2.9345e-06
2.02778e-06
-0.000234831
0.0581924
0.000101367
7.24001e-05
0.00394394
3.78118e-05
4.18249e-06
-0.000689831
-0.000689843
0.00336908
0.00324851
0.000158882
0.000158917
0.000110855
0.000214413
0.000165935
0.000165878
0.000494119
0.00374678
6.52522e-12
6.52522e-12
5.36726e-05
0.00117201
7.0952e-07
1.55554e-06
-0.000112776
-0.0010005
3.11547e-10
7.45229e-09
0.00304845
-0.00024456
0.00163435
0.00125116
-2.29731e-07
-1.61695e-07
1.50164e-05
0.000722151
1.17795e-05
-1.47006e-06
3.94587e-05
2.64439e-05
0.00412583
0.000344607
0.000608304
0.00148996
0.00535423
2.05778e-06
-0.000235717
-2.61904e-06
0.0581898
0.000101129
0.00394385
7.21893e-05
0.00783611
-0.000628201
0.000123118
-0.00189503
0.000818358
-0.00272338
-0.00357128
-0.00527014
0.00475176
0.000903781
-0.000709306
3.52912e-05
0.0083831
0.00129369
0.000148026
-0.000305959
0.00782179
-0.000641007
0.000123759
-0.00189473
0.00837213
0.00173321
0.00025939
-0.000334949
0.00475042
0.000887567
-0.000724563
3.24794e-05
0.000818289
-0.00272554
-0.00357125
-0.00529137
7.78292e-06
-8.82679e-05
2.8497e-07
-2.80669e-06
7.58252e-06
-8.72819e-05
1.25149e-07
-2.80646e-06
-0.00012837
-0.00863655
1.01271e-09
-4.94652e-07
-0.00012763
-0.00863653
1.01295e-09
-4.28439e-07
-2.39617e-05
0.000688647
0.000104601
0.000573919
-0.00108035
-0.00364201
-0.00414172
0.000946326
-0.00102143
-0.00362689
-0.00411233
0.000946224
-2.58404e-05
0.000651133
0.000104124
0.000559967
-0.038635
-0.06994
3.84703e-05
-0.000512032
0.0188401
0.00496768
0.00919784
5.42094e-05
0.00519966
0.02004
0.000247421
0.00937726
-0.0699911
-0.0393076
-0.000511293
6.47297e-06
5.43822e-05
2.48253e-17
-1.32989e-07
0.00136378
4.94159e-05
1.40422e-06
-4.44042e-08
0.000968314
-1.99019e-06
0.00904953
-0.000131564
-1.15032e-05
-0.000129413
0.00676319
-0.000166741
-0.000129832
5.32297e-05
-1.27171e-10
1.19019e-07
0.00136301
-0.000129377
0.00674764
-0.000166184
-0.000129987
-3.25622e-05
0.009068
-0.000129638
-7.15208e-06
4.98699e-05
1.54699e-06
9.65526e-07
0.000967765
-9.65038e-05
1.74711e-08
-2.48253e-17
-0.00109178
-1.75784e-08
-9.73017e-05
-0.00109172
4.53089e-10
2.51399e-10
-0.000137665
-0.000910391
-6.79639e-07
-0.000138549
1.24127e-16
-6.85291e-07
-0.000910541
0.0450184
0.00297648
0.00195304
4.68685e-05
0.0491981
7.7398e-05
0.000258699
1.288e-05
7.74992e-05
0.0491944
1.28979e-05
0.000258684
0.002956
0.0449193
4.68211e-05
0.00195296
0.00249347
0.00274487
-3.5566e-05
0.00439217
-1.73149e-05
0.00374461
0.000364941
0.00299147
1.92525e-05
0.00439155
0.000194297
0.000125884
0.00258917
1.3114e-05
-0.000520242
-0.000250871
0.00249945
0.00274445
-3.63356e-05
0.00439168
0.00258726
1.29457e-05
-0.000520484
-0.000248514
-1.59607e-05
0.00441054
0.000189445
0.00010015
-5.05783e-05
0.00374717
0.00036746
0.0029518
-0.00110776
0.00289184
5.42197e-05
3.88539e-07
-0.00110789
0.00289163
7.28273e-05
3.1065e-07
0.000100137
-0.000614086
0.00122784
0.000934742
9.47445e-05
-0.000614106
0.00133034
0.00113986
0.00202851
-1.92283e-05
0.00331028
0.000394751
0.00010871
0.000418507
0.000224744
-0.00105448
2.56547e-05
0.000426959
0.000216632
-0.00106085
0.00202425
-1.05705e-05
0.00330548
0.000394315
0.00106336
-1.72913e-05
9.65428e-05
0.0047677
-1.08339e-05
0.00106311
0.00471951
9.64673e-05
0.0237854
0.022986
-0.000146704
-0.000613594
0.0232252
0.0238532
-0.00020519
8.67606e-05
0.00152545
0.007139
-0.000714441
0.0576429
0.0341839
0.000907381
0.0140571
0.0144023
0.00192277
0.067906
0.0183722
0.000185442
-0.00397042
0.0150628
0.00993092
0.00967715
0.0120153
0.0206916
0.0112499
0.0148256
0.000586531
0.0299027
0.00460944
0.0164692
-0.00071679
0.0575837
0.00159334
0.00711947
0.0341658
0.00087703
0.00195573
0.0681522
0.0140971
0.0144685
0.0183227
0.000185734
0.0099283
0.0097711
-0.00360029
0.0154041
0.0122486
0.0209059
0.000539216
0.0299146
0.0112047
0.0148502
0.00462507
0.0164336
0.0289663
-0.000669457
0.0454091
-0.000325705
4.47436e-06
-3.69984e-06
0.0011898
-4.80505e-06
0.0342741
-1.21934e-05
0.0490719
-0.000126292
-9.9777e-05
0.03274
-0.00240875
0.00321955
0.00419821
0.020735
-9.61285e-06
3.73176e-05
0.00309915
0.000296317
0.00454891
0.000571335
-0.000898941
-0.00594069
0.000892556
0.000195164
0.00150502
0.00040735
0.000544042
0.000556685
0.0286657
-0.000686986
0.00118916
-4.76651e-06
0.0456448
-0.000327624
4.43796e-06
-3.70174e-06
0.0342777
-1.27249e-05
-0.00240889
0.00322034
0.0490739
-0.000124523
-9.97803e-05
0.0327548
0.00437278
0.0210678
0.00434464
0.000585133
-7.39075e-06
4.43149e-05
0.00310313
0.000291069
-0.000904197
-0.00600786
0.00053866
0.000481481
0.000884455
0.000214821
0.00150648
0.000409722
0.000856148
0.0194294
0.000150265
0.0199637
0.000119842
1.5412e-05
0.000391028
-0.000446105
-0.00076564
0.107154
-0.000768016
0.107151
-4.04643e-07
-7.90627e-07
6.07065e-05
6.12472e-05
0.0570344
0.00103979
0.0583068
0.00128609
-7.95878e-05
-0.0025442
2.04976e-07
-1.61051e-06
0.0143336
0.0138745
0.0180735
0.00757901
0.00179683
-0.000107966
0.00542947
-0.0124005
0.00075216
0.094807
0.000745238
0.0948088
0.000620269
0.000536171
2.83608e-05
3.64888e-05
0.0411451
0.000307511
0.040891
0.000589073
0.00242116
0.00265479
-0.000490313
6.55257e-07
0.000961284
0.00219458
0.000954345
0.00219421
0.000886433
0.000881606
0.000284217
0.000260901
0.0116084
0.0240006
0.00227943
0.0294245
0.000629744
0.00233187
9.87927e-05
0.000345372
0.000509903
0.0413486
0.000506422
0.0413654
0.000200523
0.000200533
-0.00214176
-0.00206695
0.0123219
0.0385307
0.00108868
0.0458094
0.000298937
-2.94625e-05
0.000517938
7.848e-05
0.000948467
0.0193896
0.000157459
0.0198603
0.000167108
4.57548e-06
-0.000386728
0.000386845
0.0570309
0.00103669
0.0582919
0.00127063
-7.9707e-05
-0.00254413
-1.26586e-08
-1.60861e-06
0.0143263
0.0138087
0.0180212
0.00755841
-0.000289698
0.00174297
0.00544675
-0.0122074
0.0413302
0.000307157
0.0414585
0.00103063
0.00242558
0.00264328
-0.00287916
7.12227e-07
0.0116663
0.0240606
0.00246815
0.0295378
0.00230882
0.000633158
0.000358216
0.000107201
0.0122403
0.0384985
0.0010354
0.0457831
-9.86395e-05
0.00023741
5.80756e-05
0.00051328
0.0493926
-0.00026403
0.0526539
-0.000184658
4.60301e-06
4.83114e-06
1.14739e-08
1.24127e-16
-1.54366e-05
3.53498e-08
4.12626e-05
4.5659e-08
-1.54801e-06
0.0015637
1.06204e-05
0.000858869
0.000736924
-6.76269e-09
0.000736916
7.01548e-09
-4.09123e-07
-3.60997e-07
-1.88612e-07
-2.09961e-07
0.000967247
0.0039646
-0.000384692
-0.00132003
0.000171618
-0.000110656
0.000783535
-0.00153524
-0.00315931
0.000377776
-0.00315928
0.000377762
-3.79305e-07
-4.00773e-07
3.43937e-07
2.92087e-07
0.00280123
-0.00251327
0.000240455
-0.000218356
0.00681381
-0.00284259
-0.00111354
0.00121393
-0.0021837
1.78541e-05
-0.00220016
1.90967e-05
-0.000269671
-0.000252272
0.000519838
0.000519729
0.00195095
5.72608e-05
0.00195091
5.71991e-05
0.000167352
0.000167349
1.03497e-05
1.02274e-05
0.0495335
-0.000264168
0.0527518
-0.000182491
4.54726e-06
4.89526e-06
-1.10047e-08
3.23957e-10
-1.54601e-05
-4.43684e-08
4.10767e-05
1.56662e-07
0.00156437
-1.53316e-06
1.0441e-05
0.000868314
0.000969791
0.00396731
-0.000384463
-0.00135251
-0.000116076
0.000171597
0.000783572
-0.00149865
0.00280096
-0.00251977
0.00124094
-0.000164286
-0.00285837
0.00780278
0.00121679
-0.00111516
0.00253574
8.74825e-06
-0.000192102
-0.00152439
-0.00138164
-7.69022e-05
0.000389986
-0.000258958
0.00253636
6.67318e-06
-0.000181623
-0.00151497
-7.67534e-05
-0.00138226
-0.000258514
0.000376999
-5.40766e-07
-6.20058e-07
-1.30248e-08
-1.87716e-06
-1.30511e-08
-1.87616e-06
-6.49536e-07
-6.04318e-07
0.00020707
0.000207071
-1.10951e-07
-0.000504397
-0.000417422
-3.45416e-07
0.000389107
0.000510358
0.051442
-0.101362
-0.000684804
-0.000684804
-0.00673373
-0.0066638
-0.100255
0.0526939
4.46097e-05
2.3315e-06
2.67444e-05
0.000402489
1.45006e-05
0.000109089
1.02392e-05
-0.000147547
4.46317e-05
8.23764e-07
3.2258e-05
0.000403821
0.000110872
9.54937e-06
-0.000146935
1.71442e-06
9.69539e-11
9.51054e-11
-1.15251e-07
-9.16802e-08
8.91049e-10
-7.97844e-08
-6.8621e-09
1.40458e-10
1.30039e-05
0.00290733
3.15424e-05
3.26017e-05
0.000154125
0.000154115
0.00290086
1.38971e-05
0.000603841
-0.000230775
0.00405081
0.00314408
0.00319965
0.0018986
0.00118111
0.00258494
-0.000218792
1.16708e-05
0.00405076
0.00257248
0.00190154
0.00316296
0.00113963
0.00254259
-6.82768e-05
-6.82893e-05
0.000886938
0.000701532
0.000640681
0.000691751
0.000417734
0.00041981
3.5455e-06
3.5455e-06
1.38955e-05
7.60202e-05
7.45034e-05
1.27237e-05
9.9234e-12
9.92362e-12
0.0058606
0.00716575
-9.69482e-08
1.77548e-07
0.000407586
0.000382015
0.00585703
0.00724198
0.000104281
0.00219641
-0.0683979
0.00313488
-7.3923e-05
1.96273e-07
0.0190803
-0.000135597
0.0155191
-0.00267499
9.08339e-06
-6.82974e-07
0.00196233
-8.1388e-05
-7.30032e-05
0.000130672
-0.000368515
6.89784e-05
0.00170358
0.00520287
-0.000243511
0.00255471
0.000471195
-0.00481438
-4.78771e-05
0.00216773
0.00215432
0.00265093
0.00255683
-5.67915e-05
0.00392206
0.00250422
0.0042938
-0.00133985
-0.000247023
0.00158085
0.00348005
0.000437418
5.57598e-05
-3.46335e-06
0.000443514
0.000238345
0.000248782
0.00228262
0.000590412
0.000176279
0.000467005
-0.00203057
-7.42654e-05
2.65053e-07
0.0190098
-0.000170102
0.00037776
0.00225415
-0.0692564
0.00236346
0.015612
-0.00267474
8.87341e-06
-6.77883e-07
-0.000368552
7.31457e-05
0.00170525
0.00519817
0.00196241
-8.04416e-05
-0.000130506
7.50775e-07
-0.000244138
0.00285857
0.000467853
-0.00480965
0.00257633
-2.36386e-05
0.00381345
0.00249514
-8.31852e-05
0.00217712
0.00250882
0.00310155
0.00423674
-0.00139878
-0.000273109
0.00158517
0.000334632
0.000161831
0.000772574
0.00228992
0.00350393
0.000464425
0.000137212
9.53055e-06
0.000531448
0.000171144
0.000410496
-0.00200751
-0.00713699
-0.00440387
-0.00951654
-2.79115e-08
-1.88988e-06
4.12748e-06
4.21613e-09
-4.02685e-08
0.000322412
0.00123829
5.26442e-05
0.00147288
-0.0011494
-8.48856e-07
-8.53388e-05
-0.00113741
0.00201049
0.000221445
0.00132626
5.86624e-05
5.23344e-06
5.05818e-06
3.65736e-06
4.11626e-08
4.16973e-05
0.000861159
0.00145907
0.00313447
-0.00015366
-0.000865558
-0.000776849
-3.58737e-08
0.000986838
-0.00124085
0.000168648
-0.00578861
0.00717388
2.59566e-05
0.00646258
-0.000255973
0.000211184
0.000170033
0.00247171
0.000240029
0.00640948
-0.00300183
0.0238004
-0.000772217
0.00503109
0.00741208
0.0233962
0.00180174
0.0099345
-4.72028e-05
0.00930866
0.00208481
0.000120829
-0.00316822
0.000223418
-0.000128612
0.0399118
-0.000128563
0.0289373
9.42141e-05
-0.00713751
-0.00440389
-0.00951666
6.86571e-10
-0.00114955
-8.20214e-07
-8.55278e-05
-0.00113735
2.07216e-06
4.1673e-06
-2.46571e-10
3.97937e-08
0.000316237
0.001237
5.1674e-05
0.0014721
0.00202319
0.000234495
0.00132467
9.03606e-05
-0.000153233
-0.000865481
-0.000776803
-4.93371e-08
5.17712e-06
5.05336e-06
3.65642e-06
7.68114e-08
4.44647e-05
0.000863791
0.00146182
0.00313413
0.000970742
-0.00128037
0.000159458
-0.00580154
0.00638766
-0.00301486
0.0237643
-0.000771308
0.00716607
2.30824e-05
0.00644538
-0.000254962
0.000220456
0.000137916
0.00229839
0.000247711
0.00501691
0.00736584
0.0233908
0.00179905
0.0399867
-0.000128899
0.0289117
0.000101006
0.00993362
-4.64338e-05
0.0092823
0.00208364
0.000154313
-0.00216671
0.000225482
-0.000125977
-0.00185758
0.00337826
0.00838583
-0.00155213
-0.0484373
-0.000501493
-0.0820894
0.0214277
7.68138e-06
-2.79089e-06
-2.79067e-06
7.51907e-06
3.86964e-05
-0.0814736
-0.0815039
7.88432e-06
-0.000706169
8.76181e-05
-0.0021348
0.000172156
-2.20732e-07
-9.67424e-05
-0.000116458
-3.59833e-07
0.000435287
0.00239725
1.524e-05
2.06838e-05
0.00483911
0.00122398
0.0182162
0.000169653
0.00147773
0.000371217
0.000306604
0.00141316
5.8305e-05
-3.61472e-05
-5.00575e-05
5.10078e-05
0.00219593
0.00497508
-0.00156615
0.00890036
1.70511e-06
-0.000707283
0.000267329
-3.40585e-05
0.000483885
0.000110392
0.000110383
0.000478508
0.00848709
0.102214
0.102216
0.00850291
0.00329312
-0.00109778
0.000675369
0.00585079
0.000202622
0.000114908
-0.000216518
-0.000149752
0.000163987
-0.000449276
-0.000474827
0.000142554
0.0265668
-0.000419856
-0.000421538
0.0265676
0.0078728
2.28346e-05
0.000390831
0.00846766
0.00154732
0.00109256
0.000344308
0.00115614
0.00341324
-0.00185258
-0.00155219
0.00841146
0.0214162
-0.0821326
-0.000500696
-0.0484191
9.29147e-05
-0.000712698
0.000172111
-0.00214668
-9.63896e-05
-5.51083e-07
-5.78456e-07
-0.000117845
3.5773e-05
3.28728e-06
0.00182247
0.000435111
0.00116745
0.00479956
0.000203105
0.0182496
0.00497464
0.00219524
0.00884977
-0.00216869
-0.000717887
1.59045e-06
-6.02365e-05
0.000259822
0.00583744
0.000662748
-0.0010233
0.00330257
-0.000147119
-0.00015418
0.000114877
0.000208974
0.00840391
0.00038666
3.55322e-05
0.00782294
0.00116431
0.000344683
0.00109244
0.00157645
5.3857e-05
0.00125445
0.0010663
5.00473e-05
-0.00104614
-0.000100336
-0.000125692
-0.000955307
0.00130639
7.70554e-05
-0.000751982
0.000937256
8.18841e-05
8.36936e-05
-9.68681e-08
-5.11153e-05
-0.00866021
1.00779e-09
1.00801e-09
-0.00866019
-3.84807e-11
1.54009e-10
2.24307e-10
-8.27732e-11
-8.63984e-08
5.45726e-06
6.55255e-05
-0.000150777
5.25961e-05
0.00422035
0.00210074
8.55707e-05
4.88335e-07
1.29851e-10
1.87388e-08
4.84533e-07
0.00289574
5.41405e-05
5.6373e-05
0.00289571
0.00584931
-3.15152e-05
7.91488e-06
0.00748182
0.0564266
3.92434e-05
-0.00033084
0.0541602
9.60826e-05
0.000207463
0.00033421
0.00011235
0.0031372
0.00295933
0.0029667
0.00313845
8.35125e-05
0.000232681
0.00023271
8.357e-05
0.00374693
0.000504146
0.000504304
0.0037467
0.00125386
5.30542e-05
5.05571e-05
0.00106449
-0.000100582
-0.00104611
-0.000955141
-0.000125022
0.000936776
-0.000741273
6.9019e-05
0.00129965
8.37326e-05
8.1916e-05
-5.07968e-05
-2.63665e-07
-0.000149662
6.49042e-05
4.23743e-06
-1.06642e-07
0.00422075
5.27692e-05
8.72081e-05
0.0020925
0.00747797
9.69374e-06
-3.673e-05
0.00684588
0.0541587
-0.000330851
3.76169e-05
0.0564707
0.0185081
0.0636648
0.0108955
0.00165863
0.0565841
-0.000378606
-0.00260413
0.0534427
0.00209855
0.000700211
-0.00177644
-0.000395738
0.00246701
0.00193711
0.00570931
0.00710408
0.0345904
0.000394776
-0.00490701
0.0484935
-1.16067e-05
0.00215448
0.000462499
0.00137979
-0.000602923
-0.00321622
-0.00420894
-4.48029e-05
0.054783
0.0558452
-0.00338516
-0.00163265
0.00375574
0.00558876
0.00671923
0.00659209
0.00314699
0.0011267
0.0042345
0.0030558
-0.00171534
-0.00127725
-0.000566644
-0.00444812
0.00134411
-0.000102844
0.000950299
0.00330457
0.00465855
0.00151573
0.00538339
0.0187893
0.00171486
0.00846353
0.00866368
0.00177836
-8.926e-05
0.000359304
-0.00101704
-0.00164068
0.0112838
0.0127178
0.0031474
0.00395744
0.0185227
0.00167492
0.010931
0.0637091
0.00246713
0.00701413
0.00571981
0.00191473
0.00210754
-0.000387053
-0.00177413
0.000702599
0.0565777
0.0534567
-0.00262331
-0.000379293
0.00471032
0.0189484
0.00541405
0.00151156
0.011349
0.00394372
0.00357898
0.012737
-9.06155e-05
-0.0016502
-0.000964022
0.00035466
0.00172963
0.00174529
0.00874693
0.00847169
0.00383568
0.00655608
0.00668609
0.00564555
0.00135249
0.00332677
0.000941498
-9.83376e-05
-0.00171335
-0.00445774
-0.000564377
-0.00127547
0.00320752
0.0031403
0.00421221
0.00111364
0.0345629
0.0484777
-0.00490843
0.000391462
0.054771
-0.00163197
-0.00338506
0.0558288
-0.000601552
-3.08562e-05
-0.00421709
-0.00321829
-3.82327e-06
0.00137862
0.000456741
0.00217312
0.000701031
-0.000801219
-7.37906e-05
0.0009155
-0.000775007
7.20613e-06
7.95872e-06
-0.000757557
-5.84204e-07
-2.35967e-07
-2.41662e-06
-3.2901e-06
0.00109665
0.000971503
-9.50775e-05
-0.000101329
0.000684717
0.000915599
-7.32984e-05
-0.000804771
0.00109102
-0.000101716
-9.43799e-05
0.000985118
-6.27351e-07
-3.40707e-06
-2.66097e-06
-5.89842e-07
-0.000776128
-0.000760123
7.58119e-06
6.93454e-06
0.000694679
-0.000916408
-0.00912054
-0.00890385
0.000733551
-0.0086719
-0.00864772
0.000147413
-2.50107e-06
-2.49636e-06
-5.35544e-07
-6.64825e-07
0.00120621
0.00133497
-0.000123107
-0.000114016
0.000707102
-0.00888866
-0.00912022
-0.000916449
0.00121833
-0.000112737
-0.000122043
0.00135248
-2.4724e-06
-6.06511e-07
-3.93126e-07
-2.20581e-06
0.000733571
0.000147398
-0.0086477
-0.00867181
0.0273582
0.0192963
0.00174785
0.00867461
0.0249214
-0.000255471
0.00203066
0.0234404
0.000408798
0.000458469
0.000693561
0.000890162
0.00148841
0.00228825
-4.50713e-05
0.000424651
0.0191757
0.00668345
0.00261181
0.0316238
-0.00233343
-0.000671628
-0.0016841
-0.000643509
-0.000792859
0.00104293
-0.000995283
-0.000166328
0.0280166
0.0294153
-0.00724123
-0.000418646
0.0191972
0.0317464
0.00263523
0.00664977
0.0281288
-0.00040613
-0.00718701
0.0292564
-0.000732258
-0.000105718
-0.000911498
0.000892331
-0.00232427
-0.000624707
-0.00174459
-0.000662972
0.0274713
0.0086829
0.00176755
0.0194117
0.00148476
0.000424505
-3.37363e-05
0.00230507
0.000410533
0.000890121
0.000636634
0.000458469
0.0249587
0.0234974
0.00202717
-0.000249885
0.0329561
0.0103584
-0.0689851
0.0961499
0.0199849
0.0628252
-0.0434998
0.0187216
0.0523137
-0.000651321
-0.000468807
0.0685017
0.112654
0.10145
-0.0762168
-0.0598167
0.0134268
0.00680135
0.0142221
0.0210427
0.00496048
0.00795269
0.00878508
0.00379433
-0.110707
-0.114863
0.0557167
0.102264
0.0196134
0.0244177
0.0273268
0.0399415
0.0133937
0.0213524
0.0142108
0.00680048
0.0195597
0.0400496
0.0275694
0.0243962
-0.110153
0.102226
0.0558033
-0.114195
0.00497651
0.00377364
0.0088551
0.00798372
0.0329135
0.0961229
-0.0693891
0.00996313
0.112667
-0.0600027
-0.0762641
0.101429
0.0528157
0.0691226
-0.00049881
-0.000666737
0.0199364
0.0183153
-0.0438576
0.075199
0.04478
0.0460386
5.34128e-05
5.26639e-05
0.0505652
5.35747e-05
5.41127e-05
0.0482301
-3.76718e-05
1.91088e-05
0.00130908
0.00118221
1.60694e-05
0.00152763
0.00141818
1.31253e-05
0.0472053
0.000279078
4.55609e-05
0.0496828
0.000400182
0.000100088
0.000914527
0.00155991
9.01064e-06
0.00111506
0.00102116
2.32143e-05
0.0526884
0.0521104
4.97609e-05
5.16632e-05
0.00192029
0.00190892
0.00936434
0.00992488
0.000177485
0.00566143
0.00712922
0.00142946
0.000103171
0.00014067
-2.09543e-05
-1.95415e-05
-0.000436718
-0.000678779
-0.000160251
-4.2485e-05
0.0031574
0.00636272
0.00665846
0.00290562
0.000951191
0.000809364
-0.000211056
-0.000315267
0.000103889
-0.000177102
-8.00489e-05
0.000562036
0.00147225
0.00281914
0.00714022
0.00629057
0.0449185
5.19382e-05
5.23531e-05
0.0463689
2.3887e-05
1.26973e-05
0.00141747
0.00152671
-2.37164e-05
0.00118225
0.00130839
1.98942e-05
0.0506421
0.0484343
5.31488e-05
5.33245e-05
0.00313688
0.00288318
0.00665808
0.00636291
0.00147524
0.00626658
0.00713523
0.00280995
0.000105515
0.000562806
-7.7936e-05
-0.000172706
0.000960186
-0.00031234
-0.000210194
0.000792559
0.00192589
0.00986119
0.00931332
0.00194067
-0.000437099
-4.20547e-05
-0.00015905
-0.000733008
0.000103322
-1.61884e-05
-2.16891e-05
0.000140621
0.00067059
0.00193878
0.00761633
0.00608668
0.0472059
0.0496852
4.71665e-05
0.000280698
0.0527082
5.2106e-05
5.02226e-05
0.0521446
2.38547e-06
1.24842e-05
0.00101908
0.00111275
0.000401311
0.00156276
0.000916066
0.000100141
-0.000341775
-7.69666e-05
-9.09213e-05
-0.000307252
-2.46715e-07
-1.40487e-07
-0.0011146
-0.00116022
-1.06747e-07
-0.00102337
-0.00106895
-1.23475e-07
-0.000245898
-0.00027655
-0.000102298
-0.000106686
-0.000344878
-0.000309795
-9.13389e-05
-7.72048e-05
-0.000245521
-0.000106678
-0.000103076
-0.000277932
-6.54814e-08
-1.21044e-07
-0.00106891
-0.00102331
-2.34235e-07
-0.00116016
-0.00111454
-1.80462e-07
-0.00245923
-0.00259284
-0.000145449
-0.000140965
-0.00330147
-1.67467e-07
-0.000887932
-0.00352186
-1.91975e-08
-0.000977822
-0.000932766
2.12279e-08
-0.000200393
-0.000170052
-0.000131335
-0.000118899
-0.00246033
-0.000143204
-0.000146105
-0.00259339
-0.000202325
-0.000119364
-0.000132132
-0.000172285
-8.90155e-08
-5.17526e-08
-0.000932924
-0.000977957
-0.00330149
-0.00352191
-0.000888054
-2.13744e-07
0.0067337
-0.00200513
0.0371422
0.015715
-0.00211297
0.0580291
0.0533074
-0.00312305
4.2229e-05
0.00334531
0.00249496
0.000253988
0.000510448
-0.000692536
0.00281364
0.00362163
0.000631056
0.0374861
0.0448894
0.000508129
0.00208066
0.000277513
-1.06678e-06
0.00207133
0.00308697
0.00323718
-3.99001e-05
0.000372551
-0.00247807
0.000237264
0.0519101
0.0595052
0.000639041
0.00053659
0.0448869
0.0374947
-0.00247781
0.0595038
0.0519066
0.000245395
0.00308688
0.000372518
-3.98819e-05
0.00323707
0.0020806
0.0020715
-9.67119e-07
0.000277451
0.00673977
0.0157246
0.0371053
-0.00202069
0.000512366
0.00362226
0.00281579
-0.000695321
4.27398e-05
0.000255246
0.00249547
0.00334591
-0.00211813
-0.00313492
0.0532585
0.0579897
0.0487043
0.0437609
0.00625072
0.0165822
0.0417781
0.0053371
0.00226379
0.0423674
0.00474931
0.000978385
0.00472842
0.00867659
-0.000157603
0.00740201
0.00800005
0.00484349
0.0233697
0.0170978
0.00293873
0.0226126
0.0164398
0.00229473
0.000430536
0.0161424
0.00404085
0.00599383
0.00267933
0.00161508
0.0378588
0.0351392
0.00723477
0.0127985
0.0119108
0.00233943
0.00390976
0.0139253
0.012753
0.00871221
0.00708613
0.00668902
0.0050305
-0.000252691
9.09638e-05
0.00398062
0.0169015
0.0159534
0.00176687
-0.000308876
-0.0015683
0.00845518
0.00601121
-0.00265545
-7.43708e-07
0.00417646
0.00187049
0.00185206
0.00553367
0.00167646
-4.36521e-05
0.00236122
0.00123644
0.00324272
0.00564855
0.00810323
0.0493619
0.0165877
0.00625876
0.0436454
-0.000160048
0.00484418
0.00799996
0.00740358
0.00472827
0.00867599
0.00472803
0.000958147
0.0420601
0.0426624
0.00226622
0.00533245
-0.00163386
-0.00262041
0.00600671
0.00833869
0.0012466
0.00805804
0.00561881
0.00338373
0.00551227
0.00233324
-4.21744e-05
0.00167635
-4.47234e-07
0.00180002
0.00186614
0.00416983
0.0117046
0.0139946
0.00385746
0.00234855
0.0168955
-0.000288027
0.00181085
0.0159315
0.00500571
0.00397233
5.9727e-05
-0.00026434
0.0127602
0.00669569
0.00709372
0.00868934
0.0234005
0.0226155
0.00293785
0.0171234
0.0378643
0.0128126
0.00710839
0.0349976
0.00374321
0.00132646
0.00237607
0.00569284
0.0164386
0.0161402
0.000430919
0.00228978
0.00397583
0.00168177
0.000396513
0.00107344
0.000240649
0.00295732
0.00289364
0.000443752
0.00164242
0.000834126
5.52773e-05
0.000321719
-0.00106072
0.000451562
-0.000848791
-0.000410617
0.0039754
0.00107186
0.000395523
0.00168228
-0.0024733
-0.00291614
-0.000823763
0.000704132
0.00162658
0.000322704
6.55365e-05
0.000343489
0.000240589
0.000443749
0.00289359
0.00295727
0.00220847
0.00124996
-0.000125685
0.000748209
0.000316259
0.00187068
0.000788833
0.00134262
0.000297882
0.000622336
0.0016855
0.000121974
0.000187807
-0.00524004
-0.00433319
-5.69906e-05
0.00219009
0.000753657
-0.00012854
0.00122157
0.000188288
-4.56675e-05
-0.00432956
-0.00524771
0.000317711
8.96485e-05
0.00169724
0.000616903
0.000319718
0.00129939
0.000753853
0.00208902
-0.00258188
0.0170333
0.0164295
0.0289764
0.0479572
0.00256375
0.00448699
0.0476802
1.34462e-05
0.00374686
0.00403853
0.000741233
0.00010432
4.4545e-05
0.000108093
0.000499156
0.0144264
0.000741548
0.000520959
0.018891
0.000841237
0.000134949
0.000252941
0.000710896
7.10749e-05
0.000388477
-0.000265524
-0.000597127
0.0486295
0.0262706
-0.000632499
0.00163195
0.0144801
0.0188659
0.000453069
0.00067667
0.0488809
0.00161686
-0.000662605
0.0262819
7.03165e-05
-0.000609651
-0.000280537
0.000382026
0.000840559
0.000667223
0.000198856
0.000122309
-0.00261082
0.0289665
0.0164532
0.0169446
0.000104152
0.000499212
0.000112964
4.89215e-05
1.28099e-05
0.000735202
0.00403747
0.00374671
0.047993
0.0476331
0.00450729
0.00265347
0.0454422
0.0785474
0.00143896
0.018638
0.0968717
-8.80198e-05
0.00517759
0.0943186
0.00589567
0.0107557
0.00492744
4.40042e-05
0.0188205
0.0154037
0.0012831
0.00689893
0.0455172
0.0186671
0.00143862
0.0785726
0.0188292
0.00693285
0.00118295
0.0154043
0.00589573
4.39023e-05
0.00492029
0.0107534
0.0968731
0.0942312
0.00523762
-7.47756e-05
0.0430666
0.0336354
0.0117091
0.0125566
0.0408533
0.0256158
0.0278187
0.0412496
0.00620197
0.0091583
7.49141e-05
-8.67775e-05
-0.00440152
0.00858827
0.0203808
-0.00325128
0.0431513
0.0124874
0.011775
0.0336478
-0.00445845
-0.00431604
0.0204768
0.00863136
0.00608044
-8.82289e-05
0.000112889
0.00913919
0.0408581
0.0411929
0.0279684
0.0256109
