-0.785
0.415
-2.3371
-0.775
0.495
2.31098
-0.785
0.685
-2.33771
-0.765
0.785
2.33316
0.785
0.415
-2.33845
0.775
0.495
2.31078
0.785
0.685
-2.33586
0.765
0.785
2.3331
0.0775032
0.0966602
0.0722411
0.110005
0.0775208
0.0963292
0.0722895
0.109691
-0.019273
0.023732
0.0894407
0.10187
0.0295213
-0.0235689
-0.0575023
-0.0291116
0.0128961
0.0850237
0.102325
0.0179633
-0.0348576
-0.0663804
-0.0296161
0.0119184
0.0833788
0.11107
0.0216522
-0.0316597
-0.0626565
0.0102714
0.0513797
0.105103
0.121582
0.0761878
0.0275473
-0.0108103
-0.0285882
0.0141143
0.0843793
0.0983208
0.0169995
-0.0360377
-0.0680222
-0.0390351
-0.0488454
-0.0780625
-0.0394207
-0.0466179
-0.0746332
0.00380341
0.0456595
0.102624
0.12126
0.0714598
0.0203754
-0.0179747
-0.0286014
0.0141078
0.0843409
0.0980872
0.0169041
-0.0361228
-0.0681234
-0.0390426
-0.0489042
-0.0781549
-0.0394272
-0.046676
-0.074725
0.00377297
0.0456252
0.102551
0.121121
0.0713245
0.0202552
-0.0180909
-0.0193096
0.0237026
0.089318
0.101495
0.0292642
-0.0237776
-0.0577187
-0.029135
0.0128911
0.0849395
0.101897
0.0177442
-0.0350367
-0.0665842
-0.0296368
0.0119197
0.083316
0.110656
0.0214368
-0.0318371
-0.0628591
0.0102017
0.0512984
0.104947
0.121317
0.075918
0.0273015
-0.0110466
0.00175753
-0.0154884
0.079989
0.00533958
0.00466016
0.0817487
0.0467297
0.0794044
0.0420286
0.0891998
0.00145361
0.0799895
0.00595002
0.0813907
0.0792019
0.0888694
0.0866834
0.09869
0.261373
0.13704
0.283303
0.0888331
0.274905
0.513755
0.0866838
0.0986978
0.136602
0.0888685
0.0904547
0.0905097
0.249644
0.156818
0.0154457
0.116745
0.116714
0.269294
0.548297
0.106076
0.105753
0.1645
0.155366
-0.0144722
0.0159063
5.56587e-06
0.0399541
0.0333474
0.0147905
0.0428816
0.00192398
0.000964324
0.0476561
0.00203577
0.0230576
0.0515849
-0.000371383
0.0172678
0.0394937
0.0147884
0.0325527
0.0425772
0.000989462
0.0026408
0.0475048
0.0228399
0.00231416
0.0512354
0.0924051
0.0800225
0.0877728
0.249937
0.10401
0.0928101
0.120708
0.274571
0.0810079
0.0876017
0.0762577
0.251442
0.111831
0.134832
0.101328
0.494152
0.0924127
0.249939
0.0799717
0.0877814
0.103964
0.274541
0.0924793
0.120248
0.0807089
0.251594
0.0875641
0.0763242
0.111526
0.494056
0.134484
0.100984
0.0595679
-0.0893693
0.221719
-0.00259424
0.0928833
0.236887
0.0730124
-0.0257073
0.149397
0.003537
0.0956835
0.167254
0.132398
0.0302705
0.0946981
0.14073
0.105183
0.00906952
0.107349
0.15479
0.0592735
-0.0892036
0.0928753
0.236892
0.0727899
-0.0253133
0.0957462
0.167186
0.0949832
0.140778
0.106986
0.154728
0.104687
0.269052
0.100997
0.106034
0.262711
0.266343
0.127965
0.133752
0.27673
0.305278
0.112245
0.53874
0.172611
0.533085
0.543842
0.317911
0.104664
0.26876
0.101025
0.10603
0.12762
0.133298
0.112239
0.538671
0.0522362
0.105147
0.0996503
0.0595527
0.0518495
0.059336
0.0993545
0.105168
0.170924
0.171078
0.239135
0.239628
0.109121
0.160699
0.1607
0.109198
-0.0150799
-0.0867327
-0.0862117
-0.0152672
0.0956674
0.11363
0.125155
0.0994037
0.0956594
0.0993987
0.124839
0.113322
0.258669
0.25946
0.276149
0.276898
0.520112
0.530622
0.53051
0.520064
0.124973
0.0629496
0.0706707
0.132492
0.124892
0.132141
0.0703943
0.0626938
0.195085
0.195462
0.148593
0.14862
0.311077
0.0981003
0.0977309
0.312356
0.0589455
0.0590429
-0.00653086
-0.00676827
0.0112651
-0.00905372
0.0147345
0.0176542
0.0100443
0.0218542
0.000864412
-0.117554
0.0256909
0.000481465
0.0104417
0.0302694
-0.00963025
0.0132795
0.0142841
0.00994339
0.01753
0.0215729
-0.0126919
0.00170287
0.025589
0.010504
0.000765385
0.0300001
0.0819135
0.077782
0.0822159
0.249791
0.104851
0.0946425
0.109576
0.240673
0.0779633
0.0785937
0.0694573
0.180556
0.113028
0.125601
0.105714
0.288174
0.0816371
0.249739
0.0777766
0.0822164
0.1048
0.240632
0.0942853
0.109227
0.077627
0.181002
0.0786048
0.0694704
0.11272
0.286467
0.12529
0.105389
5.04882e-05
0.00394113
0.0382452
-0.0975265
0.0232617
0.00986686
0.137743
0.0423737
0.0685786
0.0860548
0.0868384
0.178537
0.0429052
0.00436426
0.0544918
-0.0319194
0.0153231
0.0201388
0.140418
0.01207
0.061616
0.0977345
0.0896298
0.167104
0.0320983
0.0326466
0.109833
0.038386
0.0665576
0.0832313
0.0883569
0.132058
0.0336325
0.0334601
0.0762444
0.0311882
0.0720143
0.103017
0.101338
0.173543
-0.00163638
0.00390925
0.0379488
-0.0974077
0.0681948
0.0859987
0.0868866
0.178629
0.0432148
0.00471096
0.0543178
-0.0311422
0.0613173
0.0977447
0.0896319
0.167031
0.0664015
0.0829344
0.0881547
0.132113
0.0716905
0.102691
0.101001
0.173352
0.0833187
0.0898456
0.0947083
0.268647
0.0933416
0.0957161
0.101064
0.101039
0.246717
0.246772
0.260003
0.283855
0.130033
0.139574
0.131875
0.137052
0.245461
0.245363
0.273891
0.30569
0.0824012
0.0949816
0.103481
0.280204
0.271259
0.270476
0.176612
0.432842
0.518592
0.518556
0.532357
0.448187
0.0833071
0.089845
0.0946959
0.269502
0.093364
0.095704
0.100793
0.101036
0.129674
0.139218
0.131498
0.137844
0.0824716
0.0949875
0.103486
0.280233
0.0782739
0.089915
0.0970892
0.0961275
0.0784755
0.0914075
0.0970901
0.0961229
0.241373
0.22266
0.222196
0.25616
0.147305
0.150223
0.150233
0.166121
-0.158519
0.00720563
0.0229996
-0.15842
0.111956
0.1115
0.12312
0.117445
0.111925
0.111477
0.123053
0.117417
0.263529
0.270127
0.273089
0.263513
0.5549
0.544753
0.547808
0.554891
0.0901139
0.102054
0.11055
0.121086
0.0898471
0.101733
0.109366
0.121235
0.158329
0.158268
0.158236
0.168519
0.132217
0.155675
0.155645
0.177751
-0.0160898
0.0502378
-0.0104307
-0.0161063
0.0329539
-0.0193542
0.126576
0.0250386
0.049415
0.152081
0.0472465
0.0521523
0.139815
0.0461923
0.054553
0.142178
0.0372834
-0.0946496
0.079568
-0.0808739
0.0545699
0.0963641
0.0493488
-0.0165212
0.0664172
0.00990892
0.0627971
0.0916227
0.126383
0.0246373
0.0329098
-0.0194856
0.0490137
0.151761
0.139802
0.0463187
0.0467441
0.0521172
0.054279
0.142326
0.0796906
-0.080117
0.0371785
-0.0937761
0.0543936
0.0965541
0.0665463
0.00978928
0.049103
-0.0162356
0.0625021
0.0915242
0.107799
0.209648
0.0882863
0.26207
0.0961577
0.0916024
0.243955
0.259654
0.115659
0.199392
0.103201
0.267955
0.116689
0.125899
0.273426
0.255019
0.0910945
0.147244
0.0966753
0.0935791
0.0900471
0.259403
0.172974
0.395288
0.125723
0.269131
0.12978
0.135981
0.116063
0.277616
0.515983
0.457375
0.107665
0.210125
0.244692
0.259561
0.0882734
0.261966
0.0959013
0.0916013
0.115531
0.199743
0.273405
0.255087
0.102869
0.276265
0.116419
0.125002
0.0907852
0.147229
0.172997
0.394602
0.0963892
0.0935464
0.0900868
0.259394
0.125407
0.268891
0.515874
0.457014
0.12944
0.135634
0.115761
0.277341
0.0585653
0.0630714
-0.0929887
-0.084123
0.179424
0.179504
-0.00825241
-0.00831799
0.0802585
0.094483
0.226934
0.230277
0.0686159
0.0744075
0.00581158
-0.0609726
0.141336
0.141338
0.0641399
0.0635591
0.116201
0.0803563
0.170463
0.159147
0.12206
0.122126
-0.0727382
-0.0710727
0.100395
0.0792051
0.118944
0.152854
0.103392
0.103291
0.00337476
0.00331583
0.0898805
0.121315
0.17792
0.128305
0.0582563
0.0628022
-0.0837869
-0.0930667
0.0801301
0.0950216
0.226686
0.232699
0.0741533
0.0683775
0.00643332
-0.0608611
0.116142
0.0800672
0.170407
0.159091
0.0790382
0.100576
0.152871
0.119008
0.120962
0.0895601
0.12805
0.177795
0.100178
0.109209
0.265146
0.272798
0.102288
0.105274
0.102076
0.10568
0.241512
0.24129
0.255286
0.255327
0.122027
0.129667
0.126932
0.136652
0.271192
0.271298
0.200534
0.200502
0.119673
0.105834
0.536259
0.536677
0.169405
0.169397
0.542191
0.542201
0.550674
0.550657
0.318915
0.318873
0.100162
0.109174
0.26437
0.272644
0.10496
0.102405
0.102066
0.105672
0.129332
0.121689
0.126946
0.136599
0.105832
0.119651
0.53659
0.536207
0.0252225
0.0765127
0.0776154
0.0368816
0.0918055
0.0994565
0.0968008
0.0926412
0.088255
0.0930794
0.100203
0.102647
0.0325014
0.0406273
0.0827037
0.0736139
0.0249897
0.0366247
0.078164
0.0761289
0.0324148
0.0733952
0.0824809
0.0403965
0.0879417
0.10235
0.100317
0.0927997
0.0914731
0.092069
0.0973628
0.099196
0.125452
0.131816
0.214142
0.16829
0.125346
0.168409
0.213904
0.13172
0.28256
0.239589
0.234946
0.205679
0.282531
0.205692
0.234926
0.23944
0.068247
0.117332
0.130176
0.0924107
0.158684
0.177311
0.163155
0.140897
0.158712
0.140898
0.163154
0.177329
0.0684202
0.0924814
0.130205
0.117403
0.0152722
-0.100366
-0.0774506
0.0352828
-0.0957165
-0.0697376
-0.0663802
-0.0892738
-0.0945541
-0.0911974
-0.0663449
-0.0655173
0.0147495
0.0351452
-0.0775268
-0.100429
0.0855758
0.0910514
0.107068
0.0974315
0.10575
0.125589
0.117684
0.0990186
0.120839
0.113041
0.124087
0.13434
0.0837104
0.0999163
0.11157
0.0968336
0.0855609
0.097422
0.107045
0.0910436
0.0837287
0.0968744
0.111553
0.0999044
0.120521
0.133993
0.124044
0.113021
0.105409
0.0989876
0.117634
0.125237
0.258719
0.269185
0.259439
0.266193
0.258561
0.26616
0.259452
0.269644
0.275508
0.245492
0.267439
0.268915
0.275391
0.268771
0.267471
0.245476
0.265389
0.271557
0.552619
0.429783
0.274114
0.538227
0.554715
0.279359
0.273864
0.279409
0.554703
0.538216
0.265084
0.429628
0.552617
0.27157
0.118138
0.11028
0.118113
0.130664
0.0333267
0.0518643
0.0860451
0.0726119
0.0405653
0.0834509
0.0931056
0.0539417
0.128134
0.140706
0.125404
0.115651
0.118187
0.130603
0.118136
0.110191
0.127817
0.11528
0.125507
0.140351
0.0402883
0.0537312
0.0928156
0.0831384
0.032868
0.0723231
0.0857696
0.0515961
0.195055
0.227298
0.161921
0.170988
0.196697
0.170951
0.161892
0.2273
0.129849
0.132114
0.151017
0.155386
0.13062
0.155413
0.151033
0.132084
0.274648
0.222202
0.179073
0.453097
0.0590087
0.0731169
0.131574
0.124738
0.0590005
0.124719
0.131662
0.0730292
0.274794
0.452998
0.17902
0.222009
0.0381936
0.0396717
0.0501671
-0.00217283
0.0380888
-0.0011557
0.0502375
0.0400959
-0.00158295
0.020865
-0.0525074
-0.068338
-0.00171491
-0.0685163
-0.0525603
0.0205777
0.00499851
-0.0134043
0.0142268
0.00857236
0.0077978
0.0103394
-4.88133e-05
-0.146266
0.0140779
-0.000452248
0.00322327
0.0175312
-0.0138083
0.00224483
0.0160612
0.0076567
0.00848678
0.0101348
-0.00616835
0.000942158
0.0139951
0.00335505
-0.00111323
0.0174375
0.0787327
0.077158
0.0808783
0.213609
0.107798
0.0956919
0.103431
0.229156
0.0758259
0.0738774
0.0700973
0.143016
0.112113
0.117834
0.10792
0.175739
0.078449
0.213334
0.0771653
0.0811818
0.107812
0.22753
0.0953676
0.103125
0.0753978
0.142998
0.0739243
0.0701399
0.111809
0.175655
0.117533
0.10759
0.00147966
0.00294461
0.0261495
-0.101572
-0.0150848
-0.0157132
0.0673921
0.0389325
0.0714441
0.0828957
0.0841844
0.176635
-0.00481961
0.00575383
0.0444341
-0.0347348
0.00461578
0.00461922
0.134411
0.00946309
0.070213
0.090193
0.0875569
0.199044
0.0405313
0.0408053
0.0971667
0.0450963
0.0739045
0.0834932
0.0840097
0.1271
0.038061
0.037749
0.0612568
0.040443
0.0814227
0.0967794
0.0952736
0.141738
0.00113328
0.00244963
0.0258783
-0.100362
0.0714932
0.0829391
0.0841604
0.176624
-0.00375052
0.00612457
0.0442909
-0.0338951
0.0698445
0.0901314
0.0875463
0.199555
0.0736853
0.0832094
0.0837908
0.127213
0.0811015
0.0964557
0.0949502
0.141435
0.0851606
0.0882773
0.0905632
0.216738
0.0983754
0.0988342
0.100055
0.099158
0.250775
0.250992
0.263241
0.256335
0.134272
0.139784
0.134449
0.137296
0.253414
0.24631
0.275845
0.305909
0.0857489
0.0919691
0.0961976
0.149916
0.274687
0.274413
0.194138
0.353897
0.516839
0.516822
0.525018
0.497085
0.0851658
0.0882773
0.0905584
0.216471
0.0983948
0.0988253
0.0998847
0.0991558
0.133924
0.139417
0.13405
0.136891
0.0857858
0.0919307
0.0962246
0.149934
0.0832262
0.0921104
0.0957209
0.0932512
0.0832487
0.0921373
0.0957501
0.0932807
0.24505
0.24171
0.241708
0.252893
0.152711
0.156112
0.156114
0.162222
-0.0696001
0.0127301
0.019152
-0.101809
0.115415
0.114092
0.119539
0.118732
0.115386
0.114054
0.119469
0.118679
0.265705
0.271996
0.271126
0.265647
0.55244
0.54848
0.548052
0.552436
0.0983686
0.104675
0.109947
0.113181
0.0980725
0.104356
0.109491
0.113209
0.16278
0.164653
0.164874
0.166513
0.144604
0.155192
0.155174
0.165642
-0.0142683
0.010625
-0.0151191
-0.0142297
0.0149087
-0.00785175
0.032571
-0.0196305
-0.0046277
0.00364898
0.0839807
0.0161717
0.0280342
0.0577109
0.0448603
0.144498
0.0252484
0.0422392
0.0375004
0.0488126
0.0120964
0.0327512
0.130964
0.0389045
0.0327358
0.0527386
0.0492794
0.162961
0.00159807
0.00266782
0.0250529
-0.0997058
-0.123322
0.00190078
0.0634327
-0.10403
0.037188
0.0579106
0.0512242
0.0862666
0.00129173
0.0030437
0.0374644
-0.0248258
0.0178253
0.0278539
0.0505255
0.0204921
0.041595
0.0621096
0.0572676
0.0852389
-0.00511045
0.00401686
0.0835124
0.0158058
0.0163192
-0.0138363
0.0354642
-0.0200722
0.0276434
0.0575645
0.0444287
0.145547
0.0122281
0.0328586
0.130958
0.0389989
0.0250013
0.0418698
0.0370587
0.0488095
0.0324441
0.0524361
0.0490062
0.162897
0.00113486
0.00211815
0.063567
-0.103367
0.00212878
0.00375838
0.0249985
-0.0986403
0.0370627
0.05773
0.0510739
0.0865843
0.017868
0.0276059
0.0505825
0.0202702
0.00155605
0.00335092
0.0372045
-0.0245586
0.0412083
0.0617962
0.0569698
0.0851547
0.116575
0.0885368
0.0962986
0.196607
0.0786356
0.0815697
0.0851606
0.215784
0.0849287
0.090666
0.0941497
0.08962
0.252311
0.237822
0.254073
0.252162
0.104046
0.100405
0.114425
0.217354
0.0936163
0.0912043
0.0980011
0.21718
0.115274
0.125778
0.118709
0.126481
0.237693
0.246333
0.274012
0.275958
0.0795299
0.0826743
0.0859161
0.134711
0.0835671
0.090405
0.0949401
0.090478
0.0728894
0.0789368
0.0836584
0.143072
0.22449
0.263509
0.187049
0.323458
0.113618
0.108476
0.11881
0.179254
0.131838
0.137354
0.132503
0.135332
0.103487
0.0980439
0.108695
0.156032
0.414458
0.516663
0.507628
0.479666
0.116578
0.0884429
0.0960171
0.19638
0.252312
0.237816
0.254075
0.253207
0.078594
0.0815598
0.0850969
0.215535
0.084952
0.0906621
0.0939529
0.089613
0.104878
0.100355
0.114434
0.217606
0.237684
0.24628
0.273987
0.276049
0.0932846
0.0912003
0.0976691
0.216966
0.11492
0.125443
0.118349
0.124792
0.0792423
0.082343
0.0855818
0.134648
0.224698
0.263486
0.185666
0.323611
0.0836031
0.0904268
0.0947719
0.0904193
0.0729039
0.0789887
0.0837005
0.143057
0.113309
0.108155
0.118497
0.179152
0.414253
0.516607
0.507584
0.479569
0.131486
0.136972
0.13213
0.13498
0.103153
0.0980394
0.108396
0.155654
0.0496531
0.0695007
0.0592578
0.0614465
-0.0878572
-0.0762589
-0.08895
-0.0891222
0.165841
0.23742
0.196311
0.196147
0.0250431
-0.0102517
-0.00694639
-0.00693143
0.08778
0.090519
0.084506
0.0943972
0.213142
0.211468
0.224631
0.22963
0.0641648
0.0817636
0.0711085
0.0754584
-0.0285386
-0.0203076
-0.0119571
-0.0510325
0.144914
0.153867
0.148726
0.14862
-0.00679139
0.0649602
0.00299669
0.0030167
0.0941562
0.0994525
0.108796
0.0882604
0.174959
0.165591
0.168862
0.16454
0.12243
0.14128
0.125772
0.125791
0.0338152
0.0267122
-0.0627897
-0.0627249
0.0921033
0.0976091
0.0994074
0.0876236
0.135642
0.145411
0.130286
0.148572
0.0910951
0.119091
0.104609
0.10432
0.0299591
0.000927487
0.00696684
0.00693721
0.105709
0.108851
0.0990171
0.114835
0.154396
0.155086
0.165594
0.141797
0.0493539
0.0692185
0.0589559
0.0611687
-0.0864703
-0.0761641
-0.0889169
-0.0889427
0.0878167
0.0904874
0.0844504
0.0943648
0.213132
0.211459
0.22462
0.231863
0.0639626
0.0814428
0.0752252
0.0707949
-0.0279288
-0.0215288
-0.0126314
-0.0515276
0.0941603
0.0991252
0.108746
0.088099
0.175107
0.165607
0.168791
0.164495
0.0922835
0.097799
0.0878758
0.0995555
0.135682
0.145439
0.148596
0.130334
0.105313
0.107977
0.114472
0.0986782
0.154343
0.155036
0.141659
0.165585
0.0996533
0.108601
0.102433
0.106944
0.268781
0.265893
0.2671
0.270823
0.10204
0.0987349
0.101129
0.104352
0.103521
0.108619
0.105109
0.107088
0.265992
0.259429
0.255088
0.255105
0.259561
0.268235
0.25851
0.25849
0.129746
0.125371
0.125686
0.130364
0.135746
0.125864
0.13127
0.135702
0.271935
0.268026
0.269661
0.271393
0.305474
0.286631
0.250896
0.20714
0.109881
0.114585
0.115363
0.109041
0.437202
0.5544
0.539606
0.537578
0.17534
0.169804
0.171419
0.171419
0.505116
0.540941
0.53893
0.538938
0.539372
0.547339
0.548184
0.548174
0.384961
0.244194
0.318236
0.318554
0.0996359
0.108572
0.102413
0.106915
0.26878
0.265869
0.266752
0.270603
0.101771
0.0987768
0.104075
0.101087
0.103513
0.108616
0.105098
0.106984
0.129386
0.125308
0.130017
0.125347
0.135946
0.126439
0.13124
0.13565
0.109741
0.114571
0.109036
0.11536
0.437257
0.554375
0.537494
0.539534
0.0440055
0.0490807
0.0569294
0.0657883
0.0983737
0.098254
0.0990259
0.104154
0.0963442
0.0981886
0.101121
0.102764
0.0490326
0.0574923
0.0617765
0.0699001
0.0438499
0.0482464
0.0566013
0.0655071
0.0488665
0.0572956
0.0615237
0.0696848
0.0960236
0.0979096
0.101006
0.102465
0.0983386
0.0979964
0.0987725
0.104182
0.142798
0.161389
0.177546
0.215875
0.142618
0.1613
0.177632
0.215843
0.258151
0.248631
0.235542
0.233171
0.258152
0.248632
0.235698
0.233174
0.096225
0.103981
0.115561
0.108153
0.15486
0.164416
0.157682
0.165887
0.154833
0.164435
0.157695
0.165881
0.0963157
0.104073
0.115621
0.108032
-0.015871
0.01242
-0.0400766
-0.011216
-0.0834115
-0.0879204
-0.0863501
-0.0713823
-0.0872926
-0.0827494
-0.0709592
-0.0859502
0.0119881
-0.0160452
-0.0113443
-0.0402846
0.0913693
0.0933876
0.0979224
0.0991199
0.108394
0.115053
0.111462
0.118235
0.127383
0.123266
0.127448
0.122057
0.0963565
0.0959902
0.102636
0.102528
0.0913635
0.0933827
0.0979107
0.0991123
0.0963364
0.0959931
0.102627
0.102529
0.127056
0.122969
0.127075
0.12203
0.108079
0.114784
0.111424
0.117918
0.260479
0.256536
0.263146
0.257456
0.256954
0.260477
0.257519
0.2619
0.272825
0.276242
0.273601
0.269172
0.272395
0.272842
0.269262
0.273758
0.417425
0.463803
0.532908
0.54179
0.432474
0.524999
0.535573
0.549843
0.524898
0.431044
0.549806
0.535468
0.463225
0.416455
0.541843
0.532825
0.115754
0.125678
0.117467
0.121061
0.0555766
0.0590522
0.0659424
0.0720768
0.0604459
0.0683254
0.0726592
0.0806507
0.129967
0.135312
0.127575
0.135065
0.115898
0.125415
0.117398
0.12111
0.129591
0.134957
0.127214
0.135129
0.0601765
0.0680528
0.0723147
0.080342
0.0552397
0.0587852
0.0656941
0.0716746
0.202971
0.266218
0.192923
0.197949
0.203337
0.266176
0.192896
0.22376
0.144205
0.153853
0.148209
0.153835
0.144236
0.153739
0.148237
0.153873
0.362828
0.38096
0.242116
0.31606
0.0820449
0.0942643
0.100995
0.113891
0.0819028
0.0952282
0.100534
0.113618
0.362653
0.379758
0.241938
0.315869
0.0555457
0.0532136
0.0407338
0.0642582
0.0533166
0.0555931
0.0640627
0.0408451
0.00185124
-0.0110666
-0.00133591
-0.0709232
-0.0113388
0.00175076
-0.0710349
-0.00146341
0.025461
0.0105242
0.0600015
0.00488784
0.0204023
0.0998105
0.0254657
0.0342147
0.12276
0.0298576
0.0292362
0.136547
0.0203142
-0.102931
0.0418769
-0.113825
0.0294054
0.0579961
0.0284343
-0.00723814
0.0426044
0.00852031
0.0354214
0.0539471
0.0584179
0.00430215
0.0274486
0.0102406
0.0200108
0.099479
0.122461
0.0299918
0.0251642
0.0341465
0.0289674
0.136427
0.0514148
-0.117281
0.0203359
-0.0975202
0.0293105
0.0581289
0.0426405
0.00858104
0.0281918
-0.00710426
0.0351101
0.05404
0.0869819
0.204167
0.0826145
0.214996
0.0894237
0.0839282
0.268842
0.254045
0.117694
0.213118
0.10023
0.215492
0.107663
0.120525
0.276154
0.190558
0.0833399
0.142207
0.0873365
0.0809104
0.0770205
0.141049
0.160223
0.233102
0.120647
0.179969
0.123221
0.127414
0.113255
0.165247
0.27556
0.286137
0.086675
0.203896
0.269104
0.254047
0.0824857
0.214737
0.0891179
0.0839186
0.117669
0.21304
0.276255
0.193195
0.0998967
0.215305
0.107318
0.120659
0.0830204
0.142216
0.160181
0.233512
0.0872586
0.0809236
0.077057
0.141056
0.120338
0.180041
0.275413
0.285897
0.122907
0.127115
0.112952
0.165204
0.0204113
-0.106482
0.0287725
-0.0968273
0.0378089
0.0395719
-0.0974756
-0.0966902
0.10438
0.0280463
0.0729991
0.0296945
0.135142
0.135088
0.0397451
0.0396239
0.0726366
0.166799
0.0900296
0.188235
0.0800039
0.0900121
0.172525
0.206163
0.0458075
-0.00251335
0.0426188
-0.071699
0.0531278
0.0556623
-0.0177692
-0.0573987
0.127699
0.0330539
0.128377
0.0331972
0.139856
0.139974
0.0122574
0.0122859
0.0679637
0.186548
0.104072
0.201835
0.102482
0.0804191
0.16902
0.161811
0.0768219
0.0279437
0.0769359
0.0284035
0.0970522
0.0970733
-0.0567579
-0.0558445
0.0701822
0.111044
0.0882561
0.133192
0.0922268
0.0815342
0.125284
0.137219
0.0576935
0.0321827
0.0575903
0.0321265
0.0748647
0.0747122
0.0261629
0.0258888
0.077683
0.13928
0.109372
0.164013
0.0931349
0.109265
0.197258
0.150501
0.0202173
-0.106784
0.0285393
-0.096262
0.0375335
0.0393172
-0.0963888
-0.0974497
0.0721074
0.166637
0.0900141
0.18816
0.0802012
0.0900166
0.172629
0.206139
0.0455104
-0.00199076
0.0424196
-0.0715082
0.055482
0.0527926
-0.0184708
-0.0571641
0.0676823
0.185371
0.104089
0.201895
0.102445
0.0801785
0.16897
0.161967
0.0699905
0.111148
0.0879611
0.133175
0.0813214
0.0920921
0.137221
0.125302
0.0773652
0.114692
0.109033
0.163911
0.108941
0.0928059
0.150143
0.197059
0.087859
0.21601
0.093935
0.217083
0.0926312
0.0968596
0.267924
0.266909
0.0981473
0.0953371
0.100966
0.0976984
0.100698
0.102156
0.100079
0.101566
0.243479
0.249716
0.243595
0.249711
0.25313
0.252775
0.276341
0.276627
0.127728
0.132341
0.136972
0.140254
0.129432
0.134632
0.135477
0.138752
0.2453
0.25264
0.245221
0.252627
0.263664
0.266716
0.272128
0.233833
0.0899882
0.14684
0.10238
0.150995
0.106631
0.100279
0.275833
0.279478
0.209154
0.349918
0.191482
0.350106
0.168838
0.168395
0.43404
0.4341
0.530434
0.49939
0.530403
0.499343
0.536044
0.536032
0.451239
0.451039
0.0878272
0.21576
0.0939173
0.216818
0.0926074
0.096838
0.26801
0.267081
0.0979732
0.0953173
0.100937
0.097658
0.101894
0.100423
0.100074
0.101573
0.12736
0.13233
0.136624
0.139902
0.134277
0.129076
0.135416
0.138692
0.0900285
0.146867
0.102375
0.15103
0.100304
0.106632
0.279518
0.275858
0.0803203
0.0793567
0.0823976
0.0935467
0.0987677
0.0900578
0.0967061
0.0992459
0.0804415
0.0795716
0.0830277
0.0945051
0.0902495
0.0988137
0.0992621
0.0966976
0.233486
0.233371
0.219317
0.226287
0.218819
0.22608
0.2484
0.248409
0.144768
0.144774
0.141003
0.158606
0.158593
0.14109
0.165398
0.165396
-0.138521
-0.0693976
-0.0752962
-0.077206
-0.0628862
-0.0631741
-0.0693235
-0.139689
0.10949
0.114427
0.1103
0.112926
0.12127
0.125247
0.120363
0.114548
0.109463
0.114388
0.110277
0.112824
0.125196
0.121223
0.114528
0.120326
0.261441
0.265433
0.262107
0.262071
0.269629
0.270676
0.261431
0.265409
0.555551
0.554694
0.549673
0.549675
0.552266
0.55226
0.55468
0.555542
0.0885878
0.09332
0.109464
0.0943737
0.102137
0.118592
0.120113
0.124159
0.0930358
0.0883101
0.109648
0.0940761
0.118243
0.101823
0.120159
0.1243
0.158154
0.158066
0.160101
0.156084
0.16007
0.156057
0.168926
0.16902
0.131676
0.132009
0.16648
0.144014
0.144061
0.166508
0.178346
0.178317
0.00871819
-0.0364053
0.0502023
0.0502375
-0.0109343
-0.0109651
0.00875351
-0.0363422
0.0291047
0.0354472
0.00531829
-0.0472948
0.124927
0.129172
0.0202587
0.0301839
0.0375708
0.0633458
0.131357
0.164279
0.0391379
0.0499699
0.0461326
0.0327873
0.131979
0.139905
0.0420355
0.051889
0.0453661
0.0644516
0.133095
0.148346
0.0350755
0.0394063
-0.0962618
-0.0910755
0.0750461
0.0859102
-0.0851019
-0.0764124
0.04409
0.0646006
0.0837794
0.108421
0.045789
0.051797
-0.00922283
-0.0723079
0.0628912
0.0698873
0.00448373
0.0158612
0.052117
0.0733442
0.0748051
0.106967
0.124686
0.129025
0.0197397
0.0299108
0.028883
0.0351591
0.00488806
-0.0474778
0.0372979
0.0634545
0.13133
0.164267
0.131983
0.139858
0.0421387
0.0521686
0.0388283
0.049646
0.046106
0.0328568
0.0450972
0.0640433
0.133491
0.148425
0.0752013
0.0860047
-0.0842067
-0.0736734
0.0349719
0.0392352
-0.0952595
-0.0932725
0.0439421
0.0643987
0.0838166
0.108483
0.0629089
0.0699946
0.00444465
0.015704
0.0455311
0.0514547
-0.00891271
-0.0720862
0.0518362
0.0730386
0.0748854
0.106852
0.107856
0.0961904
0.239989
0.209058
0.0869909
0.0896685
0.260104
0.264132
0.0941533
0.0981898
0.0885201
0.0945764
0.266693
0.230683
0.259261
0.266757
0.115809
0.11069
0.201972
0.193078
0.104269
0.101168
0.273477
0.269585
0.111301
0.121573
0.120664
0.126593
0.273779
0.247107
0.230841
0.232718
0.089391
0.0928243
0.152109
0.144662
0.0931119
0.0997113
0.089472
0.0966448
0.0867842
0.0935772
0.257923
0.266874
0.167644
0.176637
0.350022
0.41992
0.128141
0.121746
0.273809
0.246134
0.127703
0.132184
0.133564
0.138382
0.118516
0.11284
0.275806
0.281895
0.433906
0.536997
0.402476
0.452358
0.10782
0.0962458
0.239989
0.209037
0.266716
0.230461
0.259143
0.267279
0.0869766
0.0896598
0.259969
0.264063
0.0938652
0.0979248
0.0885152
0.094583
0.115724
0.110666
0.204963
0.193109
0.273503
0.247142
0.23117
0.232541
0.103934
0.101128
0.273524
0.270526
0.11097
0.121295
0.120086
0.12651
0.0890785
0.0925118
0.152117
0.144652
0.1677
0.176651
0.350327
0.419914
0.0927651
0.099427
0.0895
0.0966526
0.0868098
0.0936097
0.25799
0.266885
0.127762
0.121416
0.27356
0.245891
0.43375
0.536967
0.402294
0.452354
0.127344
0.13178
0.133176
0.13806
0.118206
0.112843
0.27555
0.281269
0.0689343
0.0483514
0.0525727
0.0734864
-0.0941968
-0.0835673
-0.070351
-0.0831091
0.147191
0.209525
0.209429
0.147071
-0.0272818
0.0192008
0.0190525
-0.0274076
0.0755516
0.0783246
0.097375
0.0935232
0.201814
0.199449
0.253085
0.226477
0.0604117
0.0776903
0.0839326
0.064801
0.0170204
0.00188204
-0.0644967
-0.0557587
0.136607
0.146182
0.146186
0.136592
0.0485798
0.0650286
0.0650923
0.0487281
0.106643
0.113349
0.0834903
0.0764158
0.169083
0.177616
0.165676
0.158388
0.119281
0.108432
0.108452
0.119343
-0.093185
-0.0672626
-0.0670028
-0.0899949
0.0969024
0.101254
0.0813739
0.0770399
0.113601
0.124256
0.1583
0.147661
0.0882492
0.118123
0.118025
0.0881869
0.0124415
-0.072247
-0.072369
0.0124063
0.0882092
0.0914956
0.123399
0.119601
0.203622
0.178283
0.129994
0.125831
0.048072
0.0686286
0.0732492
0.052331
-0.0819964
-0.0700557
-0.083656
-0.0942898
0.0782432
0.0753519
0.0935287
0.0974192
0.199658
0.201669
0.22646
0.253091
0.0645791
0.083612
0.077315
0.0601678
0.00293861
0.0176909
-0.0558097
-0.0643523
0.113435
0.107392
0.0761219
0.0832074
0.177612
0.16909
0.15835
0.165891
0.0768366
0.0811759
0.101278
0.0970616
0.147659
0.158304
0.124311
0.113685
0.119248
0.123043
0.091193
0.0879082
0.125257
0.129549
0.178211
0.203632
0.0952336
0.103971
0.114054
0.104073
0.261766
0.264672
0.272739
0.269881
0.100808
0.0997783
0.10162
0.104032
0.104423
0.0997386
0.102796
0.10852
0.243946
0.24282
0.242729
0.243848
0.253231
0.257302
0.257329
0.253262
0.12374
0.119609
0.126561
0.131961
0.119963
0.128763
0.138217
0.131456
0.26515
0.262955
0.262995
0.265187
0.203401
0.186376
0.186386
0.203383
0.120898
0.121853
0.108554
0.10266
0.423739
0.552394
0.554025
0.434099
0.173312
0.166867
0.166864
0.17332
0.549412
0.510812
0.511142
0.549451
0.545881
0.55439
0.554367
0.545856
0.246253
0.387704
0.38765
0.246167
0.103953
0.0952204
0.104044
0.113986
0.26467
0.261732
0.269853
0.272724
0.10373
0.101782
0.0999672
0.100543
0.0997349
0.104408
0.108511
0.102792
0.131619
0.126509
0.119555
0.123397
0.128739
0.11995
0.131585
0.138162
0.102666
0.108543
0.121818
0.11656
0.434178
0.553986
0.552388
0.423758
0.0204545
0.0330666
0.0407607
0.02957
0.0764031
0.0798691
0.066545
0.0599448
0.0847448
0.0692888
0.0677529
0.0830046
0.0252164
0.0122755
0.046757
0.0494067
0.0841656
0.0917289
0.0980867
0.107809
0.09956
0.101808
0.100057
0.0965572
0.0944449
0.0937229
0.100911
0.0989503
0.087097
0.0929988
0.0959821
0.0909807
0.0820487
0.0844802
0.0947978
0.0914611
0.0880113
0.0960487
0.0978792
0.087863
0.0976026
0.100867
0.102546
0.0999268
0.100894
0.0982294
0.101213
0.103322
0.0173299
0.0228295
0.0469523
0.0409391
0.0275909
0.0511956
0.0512197
0.0272563
0.0885918
0.0892178
0.0722372
0.0717073
0.0778647
0.0612811
0.0677655
0.0851788
0.0224486
0.0322625
0.0404758
0.0326498
0.0248515
0.0491264
0.046483
0.0106679
0.084745
0.0829915
0.0674296
0.0689936
0.0763521
0.0630129
0.0671453
0.0798814
0.0172978
0.0407506
0.0467895
0.0227921
0.0776654
0.0849642
0.0675639
0.0611008
0.0888268
0.0714404
0.0719996
0.0894279
0.0273429
0.0271329
0.0509928
0.0509241
0.081889
0.0912444
0.0944643
0.0841585
0.100757
0.103053
0.100926
0.0980708
0.0976194
0.099942
0.102573
0.10089
0.0877195
0.0875247
0.097569
0.0961985
0.0838578
0.10846
0.098908
0.0915041
0.0870858
0.0910018
0.0959755
0.0929843
0.0944541
0.0989245
0.100947
0.093761
0.0993943
0.0963695
0.0997951
0.101539
0.0610037
0.0797016
0.13983
0.121813
0.069322
0.155773
0.144972
0.0883584
0.237617
0.234301
0.19659
0.229257
0.172955
0.158127
0.196921
0.195564
0.061039
0.121818
0.139764
0.0790448
0.172876
0.195551
0.196891
0.157907
0.237559
0.229195
0.196494
0.234252
0.0678379
0.085799
0.144883
0.155476
0.204652
0.263817
0.271318
0.252183
0.255737
0.25638
0.232062
0.235042
0.245056
0.215676
0.229631
0.251744
0.179417
0.192039
0.255285
0.251375
0.204916
0.25145
0.271361
0.263806
0.179569
0.251377
0.255278
0.192433
0.245061
0.251757
0.229651
0.215689
0.255317
0.235117
0.232065
0.256775
0.0395441
0.0713654
0.0908814
0.0535152
0.119803
0.125002
0.105626
0.10032
0.15116
0.136612
0.113355
0.13561
0.0815522
0.0699767
0.102192
0.112764
0.144246
0.176138
0.159667
0.135085
0.195333
0.174762
0.169041
0.19007
0.161431
0.153471
0.163288
0.168955
0.131778
0.135832
0.151947
0.143665
0.144262
0.135009
0.159695
0.176195
0.131748
0.14367
0.151943
0.135784
0.161431
0.168953
0.163301
0.153478
0.193503
0.190606
0.16909
0.174763
0.0450552
0.0582821
0.0909805
0.0715195
0.0816657
0.112798
0.102264
0.0700927
0.151162
0.135643
0.113417
0.136622
0.119855
0.100444
0.105407
0.125072
-0.00187135
0.00201925
0.00932584
0.0107483
-0.103526
-0.0908641
-0.0422426
-0.0503408
-0.0717705
-0.0262469
-0.032725
-0.0786081
0.021705
0.0216302
0.0158961
0.0216773
-0.120554
-0.0956102
-0.0857635
-0.0997467
0.0140464
-0.0787321
-0.0730197
-0.0663974
-0.0655237
-0.0737868
-0.0708612
-0.0628011
-0.102626
-0.100238
-0.0824957
-0.084644
-0.0330245
-0.100009
-0.0868719
-0.0946644
-0.102278
-0.0843729
-0.0819615
-0.0994411
-0.0665597
-0.0635401
-0.070585
-0.0735598
0.0150363
-0.0644695
-0.0725349
-0.0885503
-0.00220828
0.0102821
0.00886897
0.00166731
0.0339652
0.021644
0.01553
0.0217448
-0.102326
-0.078581
-0.0328869
-0.0263871
-0.100859
-0.0505991
-0.0424538
-0.0908712
0.0814483
0.0838989
0.089999
0.0867066
0.0892111
0.0974395
0.0930107
0.0865099
0.112816
0.1076
0.101421
0.106271
0.0980537
0.0925475
0.0968283
0.10255
0.102066
0.113302
0.109711
0.0989074
0.131912
0.127441
0.119819
0.123713
0.117943
0.110907
0.115915
0.123203
0.0920409
0.096028
0.106286
0.101861
0.115603
0.110999
0.125554
0.129909
0.0993156
0.113004
0.120019
0.105457
0.121682
0.127557
0.124341
0.117858
0.137216
0.134802
0.129793
0.132416
0.0751462
0.0860384
0.0927609
0.0803858
0.0997487
0.104199
0.0996668
0.0938663
0.115767
0.111513
0.105528
0.109951
0.0931045
0.0868412
0.0991458
0.106287
0.0812658
0.0867028
0.0899959
0.0838326
0.0980639
0.10254
0.0968298
0.0925609
0.112793
0.106248
0.101408
0.107585
0.0891936
0.0864624
0.0930001
0.097424
0.075197
0.0804302
0.0927846
0.0860543
0.0931334
0.106269
0.0991655
0.086878
0.115706
0.109846
0.105525
0.111502
0.0997516
0.0938765
0.099664
0.104177
0.115299
0.129563
0.12523
0.110698
0.136855
0.132065
0.129399
0.134406
0.12164
0.117833
0.124294
0.127502
0.0993337
0.105441
0.1199
0.112956
0.10174
0.0985731
0.109396
0.112958
0.0920234
0.101838
0.106253
0.0959936
0.117905
0.123141
0.115863
0.11087
0.131557
0.123371
0.119522
0.1271
0.21408
0.254353
0.258437
0.215469
0.256421
0.259631
0.255508
0.245505
0.2639
0.263827
0.259611
0.260308
0.216257
0.216023
0.262575
0.266721
0.213856
0.215217
0.258436
0.255108
0.21602
0.266733
0.262573
0.215771
0.263841
0.26028
0.259625
0.263791
0.256586
0.24546
0.255542
0.259806
0.213583
0.275113
0.273774
0.216048
0.25576
0.265656
0.267628
0.245314
0.267329
0.267809
0.265376
0.266551
0.216655
0.216945
0.269237
0.270661
0.213671
0.216256
0.274119
0.275202
0.216917
0.270669
0.26926
0.217199
0.267396
0.267884
0.265425
0.267834
0.261944
0.245285
0.267675
0.268448
0.140569
0.141985
0.404558
0.292106
0.149311
0.430425
0.417304
0.144775
0.552622
0.546268
0.549054
0.555395
0.354218
0.341249
0.49789
0.514076
0.170371
0.42623
0.441461
0.160297
0.528461
0.54326
0.544846
0.528585
0.552353
0.554213
0.553568
0.551955
0.151302
0.153357
0.432284
0.435777
0.17032
0.160212
0.441419
0.426044
0.151338
0.435847
0.432391
0.153343
0.552348
0.551955
0.553528
0.554181
0.528445
0.528568
0.544797
0.54324
0.140529
0.292022
0.404678
0.141948
0.354302
0.514108
0.49783
0.341428
0.552622
0.555342
0.549065
0.546426
0.149347
0.144781
0.417336
0.430459
0.118044
0.115709
0.117443
0.135905
0.0964991
0.100178
0.109302
0.106563
0.111739
0.124671
0.115261
0.107115
0.134691
0.137567
0.124043
0.133753
0.0185131
0.0317138
0.0505671
0.0397488
0.0452284
0.0624369
0.0581488
0.0417181
0.0968828
0.0916407
0.0751119
0.0801067
0.0758653
0.059039
0.0681994
0.0843562
0.0234831
0.0467862
0.057529
0.0335174
0.0872199
0.0975686
0.0786778
0.0676766
0.101847
0.0843677
0.0822514
0.100576
0.044607
0.0401458
0.0626788
0.0661065
0.119815
0.133044
0.132935
0.120914
0.140111
0.137346
0.138177
0.137769
0.117567
0.116708
0.126955
0.130005
0.102985
0.115074
0.125283
0.113028
0.118027
0.13506
0.116594
0.115699
0.134349
0.133802
0.124009
0.137487
0.111877
0.107262
0.11524
0.124505
0.0965211
0.10654
0.109517
0.101353
0.119514
0.120596
0.132579
0.132684
0.102662
0.112683
0.124905
0.11475
0.117229
0.130148
0.127682
0.116361
0.139744
0.137433
0.13814
0.137289
0.0232202
0.0332786
0.057288
0.0464906
0.0444431
0.0658964
0.0623368
0.0398284
0.101539
0.100243
0.0819216
0.0843529
0.0868928
0.0673662
0.0783482
0.0972395
0.0182445
0.039459
0.050269
0.0313715
0.0755594
0.0840518
0.067785
0.0587363
0.0965844
0.0797432
0.0747185
0.0913398
0.0449059
0.0413828
0.0578718
0.0621042
0.208233
0.229774
0.205676
0.218656
0.252219
0.246751
0.244254
0.257987
0.166793
0.167341
0.19117
0.192375
0.200156
0.218912
0.199374
0.17629
0.206787
0.218668
0.206188
0.230002
0.200013
0.17641
0.199389
0.21894
0.16695
0.191808
0.19129
0.167353
0.240442
0.257994
0.211028
0.209666
0.120174
0.124181
0.136806
0.14423
0.134733
0.144382
0.14426
0.132072
0.162843
0.163294
0.153293
0.153454
0.197759
0.174
0.159387
0.171271
0.120239
0.146458
0.136843
0.12417
0.197734
0.170979
0.159091
0.175242
0.162779
0.153346
0.153322
0.163323
0.134484
0.13179
0.144338
0.144491
0.179111
0.182689
0.391462
0.412766
0.153493
0.17173
0.329847
0.172933
0.16566
0.245175
0.243608
0.165747
0.499214
0.496174
0.385812
0.386523
0.0377016
0.0467284
0.0752496
0.0699134
0.0597385
0.0895672
0.0854646
0.0537494
0.144259
0.142634
0.115971
0.118574
0.129415
0.100506
0.109794
0.140578
0.0376449
0.0698275
0.0754425
0.0467236
0.129012
0.140315
0.110274
0.100058
0.144328
0.118458
0.115693
0.1425
0.0596249
0.0538177
0.0852964
0.0896006
0.178998
0.412688
0.391352
0.182623
0.499191
0.386254
0.385646
0.496109
0.165646
0.165761
0.244884
0.24516
0.153327
0.172817
0.329662
0.171698
0.0254553
0.0342249
0.0496328
0.0426828
0.00990621
-0.00776013
0.0579331
0.0445617
0.0105475
-0.00629306
0.0516525
0.0650137
-0.0189993
0.0311901
0.0365574
-0.0145746
0.0254981
0.0426018
0.0497214
0.0343385
-0.0189064
-0.0152904
0.03665
0.0312792
0.0105316
0.0650456
0.0542553
-0.00677858
0.0100942
0.044626
0.0580594
-0.00772488
7.43798e-05
0.0144751
-0.00318965
-0.0140037
0.0363795
0.0162485
0.00755021
0.0261485
-0.0151241
-0.0418751
-0.0700792
-0.00237098
-0.0632549
-0.0736238
-0.0708607
-0.0547818
-7.01913e-05
-0.0142909
-0.00341473
0.0145596
-0.0635235
-0.0550345
-0.071095
-0.0738134
-0.0151588
-0.00239776
-0.070181
-0.0418265
0.0364897
0.0265113
0.00757165
0.0161013
