-0.695
0.475
-2.19086
-0.791969
0.565
2.175
-0.775
0.735
-2.17781
-0.75778
0.845
2.175
0.695
0.475
-2.19087
0.785
0.555
2.17087
0.775
0.735
-2.17785
0.757725
0.845
2.175
0.128648
0.113162
0.0614175
0.0788124
0.129547
0.115699
0.0612797
0.0789424
0
0
0
0
0
0
0
0
0
0
0
0
0
0
0
0
0
0
0
0
0
0
0
0
0
0
0
0
0
0
0
0
0
0
0
0
0
0
0
0
0
0
0
0
0
0
0
0
0
0
0
0
0
0
0
0
0
0
0
0
0
0
0
0
0
0
0
0
0
0
0
0
0
0
0
0
0
0
0
0
0
0
0
0
0
0
0
0
0
0
0
0
0
0
0
0
-0.0181151
-0.0189877
0.0863361
0.0302382
0.0428596
0.094115
0.00933497
0.0365148
0.00806407
0.0450883
-0.154324
0.0863354
0.0342762
0.0881063
0.0363456
0.045011
-0.0102278
0.0422733
0.190671
0.044721
0.229369
-0.0152209
0.110074
0.39254
-0.00948299
0.0432181
0.0455335
-0.0146873
0.0861772
0.0867656
0.19775
0.154259
-0.0210742
0.0350869
0.0362983
0.210009
0.424326
0.0841602
0.0875319
0.244281
0.110846
-0.0311346
-0.000437739
-0.030859
0.0481551
0.0283972
0.010913
0.0111608
-0.105716
0.00986484
0.0210955
0.00422288
-0.00158707
0.0222701
-0.0307873
0.00124217
0.0480469
0.00925034
0.0304652
0.0173654
0.0108797
-0.0525014
0.0216592
-0.0015589
0.00391718
0.0231584
0.00999994
-0.00281228
0.0104907
0.105745
0.0179212
-0.00543181
0.00603147
0.128544
0.00243551
0.0140752
-0.00114732
0.03226
0.0104052
0.00680504
-0.00920148
0.179823
0.0110345
0.103535
-0.00326655
0.0106785
0.0421916
0.123831
-0.00595485
0.00681847
0.00212045
0.0321771
0.0136685
-0.00149527
0.0102993
0.179711
0.00764272
-0.00994799
0.0563255
-0.152674
0.113954
-0.0116862
0.0135889
0.0672242
0.0231779
-0.0105316
0.0876759
0.055453
0.00995432
0.0911244
0.0138928
-0.00557341
0.0102002
-0.00567605
0.0147102
-0.0419209
0.00415556
0.0349224
0.106768
-0.104496
0.0142594
0.0662167
0.0245301
-0.010174
0.0134677
0.0887316
0.0103866
-0.0056024
0.0044569
0.0350306
0.00893776
0.121182
0.000785398
-0.00254057
0.00347166
-2.65108e-05
-0.00294988
0.00791907
-3.22041e-05
0.00377779
0.0114377
0.206603
-0.0240753
0.0372709
0.0145558
0.0328794
0.00844396
0.11744
0.00100228
-0.00187749
-0.0022842
0.00832315
0.0113433
0.206393
0.0591186
0.0163237
0.0136643
0.0454304
0.0851852
0.0709713
0.0138612
0.0160269
0.138582
0.138111
0.0845645
0.0860651
0.0268819
0.0126781
0.0127488
0.0265201
-0.114168
-0.1282
-0.0960383
-0.0795439
0.00636572
0.00361223
0.00475942
0.0109807
0.00613457
0.0112664
0.00532669
0.00373559
0.113473
0.110489
0.120615
0.124848
0.158707
0.206072
0.205928
0.159371
0.0234695
0.0254774
0.0275838
0.0129732
0.0258456
0.0134001
0.0285327
0.0288572
0.10772
0.104448
0.0806696
0.143225
0.13731
0.0335101
0.0335503
0.137171
0.0259881
0.0417138
-0.0359093
-0.0360668
-0.0538222
-0.0285174
0.0266321
0.00245871
0.0112991
0.0228461
-0.0522165
-1.92579e-05
0.00891213
0.00208782
-0.00017383
0.021054
-0.0285679
-0.0207775
0.0255231
0.0326408
0.000427171
0.0254124
-0.000235173
-0.132413
0.00917442
4.86344e-05
0.00086353
0.0213793
-0.00488806
-0.00128551
0.0024556
0.105943
0.0138983
-0.00227414
0.000997035
0.127468
0.000400922
0.00165331
-0.00110303
0.0307949
0.00390842
0.000497449
-0.00205834
0.0130959
-0.00516228
0.103729
-0.00108659
0.00215018
0.0204626
0.12364
-0.00218289
0.00117542
0.000224304
0.0309635
0.0022731
-0.00100287
0.00387
0.0128528
0.00170218
-0.00183024
-0.205785
-0.0541375
0.0454812
-0.0143645
0.000189379
0.000400371
0.106255
0.0186304
0.00999281
0.00525031
0.00437033
0.0611726
-0.0128751
0.000876728
0.0184975
-0.0152929
0.00142794
0.000834156
0.0875303
0.0258889
-0.0146131
-0.00087596
0.00176965
0.084329
0.00180888
0.00147238
0.0338551
-0.005565
0.00278317
0.001262
0.00119936
0.0199846
0.000975031
0.000940471
0.0202539
-0.00805056
0.00109319
0.00174804
0.00109818
0.0315886
-0.0616629
0.0155595
0.102371
-0.0100296
0.00999203
0.00400604
0.00499751
0.0601849
-0.00751527
0.000667469
0.0187046
-0.0156302
-0.0102022
0.0128956
-0.00102115
0.0820882
0.00179156
0.0012109
0.00133907
0.0200702
0.00101458
0.00175203
0.00120155
0.0313597
-0.00094417
0.000593125
0.00130623
0.121395
0.00296064
0.00692113
-0.00132729
-0.000754813
0.000846995
0.000842825
0.00434237
-1.33474e-05
0.000415956
0.00410089
-0.00138938
0.00318514
0.000892368
0.000884716
-1.2837e-05
0.000764107
-0.000108256
-0.000729551
0.00167792
0.00627362
0.00264889
0.00220875
-0.00222092
-0.0293013
0.0106918
0.010707
0.00118644
0.0264785
-0.000326397
-0.00029683
0.00123905
0.117626
0.00322933
0.00703949
-0.00121334
-0.000831632
0.000229659
0.0049109
-0.00178311
0.00299831
0.000226572
-0.00151947
0.00111594
0.00600606
-0.00118706
0.00484991
0.00402884
0.00301536
-0.000243885
0.00393502
0.00399931
0.00281122
0.00176224
0.000789466
0.000798324
0.000208779
-0.0227882
0.000852636
0.000922192
0.00916103
-0.0742379
-7.20977e-05
9.13221e-06
-0.0742552
0.000869491
-0.000406457
-0.00109913
0.00842512
0.00148653
-0.000715075
-0.00082066
0.00895419
0.000868946
-1.23233e-05
-1.16576e-05
0.000857044
0.00829949
0.046218
0.00438214
0.00851179
0.00231177
0.00365843
0.00017533
0.000856144
0.00228829
0.00347613
0.000267334
0.000774245
0.00830377
-5.55112e-17
-1.55017e-10
-3.4106e-06
-0.00567063
0.000131616
3.30748e-05
-0.00704981
0.00779097
-0.0293406
-0.000109576
0.00782025
0.0461118
-0.0912998
0.0926777
0.0568911
0.00583263
0.0587477
0.013392
-0.0107712
0.0294972
0.0327335
0.00236228
0.0954411
0.0731778
0.0108875
0.0207029
-0.0584858
0.000916876
0.0166287
0.0194391
-0.0226989
0.0206511
-0.00776097
0.00182573
0.0179093
0.0927933
0.052184
0.0743227
-0.0731144
0.00552645
0.0582686
0.0451825
0.0235088
0.0136388
-0.00721866
0.00208397
0.119393
0.0213175
-0.0587399
0.0795212
0.0199798
0.000386181
0.0166642
0.0206307
-0.00897409
0.0205545
-0.0224279
0.00238021
0.0175835
0.00226209
0.0718574
0.00132962
0.114774
-0.00282973
-0.000992558
0.00521295
3.26557e-06
0.000368076
0.0794505
0.000628058
0.127002
-0.00202136
0.00533052
1.50214e-05
0.00167466
0.00193006
0.0232889
-0.000286449
-0.00114208
0.0016134
0.0716545
-0.000341048
-0.027059
0.000964971
0.0698509
0.00133545
0.00191451
0.00150413
0.00236689
0.00181741
0.0306634
0.00243625
0.0705398
0.00521485
3.74679e-06
0.00160163
0.111966
-0.0026713
-0.0010566
-0.00725933
0.0673431
1.50823e-05
0.00167077
0.000923524
0.123193
-0.00182633
0.00417044
0.00205633
0.0235006
-0.000499192
-0.0272953
-0.000288746
-0.000766306
0.00146523
0.0722097
0.000981202
0.0699798
0.00172164
0.0306592
0.00117009
0.00195572
0.00130897
0.00258854
0.00427203
0.00304269
-0.0238942
-0.00389627
0.00309105
0.00308388
0.0104177
0.0106726
0.0028137
0.000505983
0.000300116
0.00102646
0.00365907
-0.000200712
-0.0113545
-7.92153e-05
0.0295667
-3.75171e-07
-0.00190917
-0.00292307
0.00010518
-0.00562012
-3.35377e-06
0.00805949
-0.00240047
-0.00216289
-0.0213063
-0.0173288
0.00101135
0.00205669
0.00169839
0.00112644
0.000311584
0.00029988
0.0235981
0.00710268
0.00180517
0.00131184
-0.0110804
-0.00515898
0.00467342
0.0029691
0.00126024
-0.0291594
0.00113119
0.000877954
0.000305409
0.00102152
0.000708769
0.00276166
-0.016839
-6.83694e-05
0.000110506
-0.00529044
-3.48434e-06
0.0376022
0.00184798
0.00104737
0.0011568
0.00184407
0.00135885
0.00167528
-0.00520787
-0.0108358
-0.000535316
0.00018005
6.01913e-06
1.57473e-05
0.000331628
0.0041288
0.0017045
0.0090887
-2.16343e-08
-1.78525e-08
0.00086597
0.000861178
-0.00023725
0.00695261
0.00402026
0.00169655
0.000886712
0.000893591
-1.1816e-08
8.32667e-17
-0.000910007
-1.16422e-06
0.0463343
0.00396181
-0.00089508
-0.000605574
0.007967
0.0072334
0.0103183
0.0103604
0.00358076
0.00366018
-0.000590884
0.000196459
-4.42215e-07
8.94084e-06
0.00419698
0.000547124
0.00244985
0.00887414
0.00735416
0.00063582
0.00408617
0.00205538
-0.000216064
-0.000726649
0.00395135
0.0464527
0.0472501
0.009652
0.00654189
0.0495075
-0.000668407
0.00114604
0.00602205
0.00458134
0.00195823
0.00276427
0.00418025
0.00492501
0.0416531
0.0630528
0.00380232
0.00295294
0.0613671
0.0911631
0.00580671
0.00924713
0.0450375
0.00260808
0.00299512
0.0931178
0.00213662
0.00486099
0.00411568
0.00296706
-0.000823165
0.0040767
0.00582423
0.00147731
0.0710083
0.107154
0.00366941
0.0634204
0.0720897
0.0626122
0.00367122
0.107466
0.122855
0.00477861
0.000615132
0.063958
0.123126
0.0652953
0.000617618
0.00477766
0.0230544
0.020194
-0.0136498
0.0269435
0.0306747
-0.00118074
0.00737764
0.0211239
0.0313782
0.0212993
0.00580812
-0.00114533
0.0228139
0.0269223
-0.0135505
0.0202511
0.00957505
-0.0749146
-0.0852474
0.0422834
-0.0445841
-0.0362193
-0.0548718
-0.00173959
-0.0863833
0.030791
-0.0418268
-0.035854
0.0195869
0.0400016
-0.0878924
-0.0416849
0.000731866
0.000623218
0.00105427
0.00215178
-0.00077958
-0.00129051
-5.18878e-05
0.00101886
0.00479383
0.000591718
0.00688458
0.00398452
0.000523427
0.0074243
0.00863742
0.00155387
0.0010306
0.00261987
0.00142757
0.000801703
0.000709072
0.00110776
0.00867438
0.00709913
0.00524019
0.00537018
0.00732609
0.000209572
-0.00129398
0.00125188
0.000982666
-0.00148839
0.110356
0.000856337
0.000866881
0.118082
0.107847
0.114796
0.000858735
0.000852064
0.123621
0.000883474
0.000872131
0.120411
0.127265
0.12431
0.000881379
0.000890557
0.0231851
0.029092
0.053186
-0.0206849
0.00602251
0.0116728
0.0137453
0.00428349
0.00593903
0.00421694
0.0138026
0.0116393
0.0225314
-0.0209656
0.0529897
0.0288242
0.0170705
0.000891651
0.00448941
0.00128865
0.017433
0.0197218
0.000760002
-0.0066225
0.0228286
0.00292843
0.00193119
0.0199147
0.00381577
0.00496731
0.00251938
0.00236555
0.0147101
0.00101125
0.0044778
-0.0075591
0.00385996
0.0024172
0.00292449
0.00552178
0.0234781
0.0208066
0.00237003
0.00292493
0.0191119
-0.00503032
0.000214114
0.0198535
0.105925
0.00121926
-3.38218e-06
0.0791027
0.0954804
0.0719624
-3.44747e-06
0.00121674
0.14467
0.102446
0.0229538
0.111962
0.134785
0.101219
0.0081824
0.0883685
0.0521297
0.0385568
-0.00593081
0.0345354
0.0285172
0.0208971
-0.00443289
0.0220922
0.0288695
0.0218925
-0.00446655
0.0208792
0.0520086
0.0344092
-0.00576738
0.038671
0.0354885
0.0294209
-0.0109767
-0.0163308
0.0300347
-0.0169219
-0.0136755
0.0245644
-0.019954
-0.00142628
0.00731858
-0.0195667
-0.0182863
-0.0198527
0.0072915
-0.000839507
-0.0458688
-0.0289952
-0.0218894
0.000257334
0.00727214
0.00960006
-0.138009
-0.114452
0.000180831
-0.000872539
0.00200475
0.018555
-0.0289873
-0.0481725
-0.0246844
-0.00604031
-0.000444009
0.00980004
-0.130581
-0.0942547
0.000205429
0.00185784
-3.66365e-05
0.0181463
-8.72959e-06
8.53427e-05
-2.7554e-06
0.0208235
-0.0108255
-0.000387246
0.000503228
0.017171
8.13834e-05
0.000580172
6.50482e-07
0.0268996
0.00102912
-0.000249891
0.00183664
-0.00960141
0.000217241
0.0221572
-0.000269178
2.8451e-05
-0.0195707
0.0196674
-0.000906468
0.000821313
9.0767e-05
0.0268624
0.000547084
-0.000231785
0.00117592
-0.00964298
0.000269407
0.00222744
-0.0976596
-0.0634565
0.0371224
-0.0903878
0.000163723
0.000334595
0.0423223
-0.000673296
-0.00341465
0.00149478
0.00292067
0.0481111
0.00701547
-0.000374136
0.0172342
-0.0185795
0.000242498
0.000209149
0.0289338
0.00163041
-0.00143677
-9.70352e-05
0.00276927
0.0669236
0.018922
0.0184274
0.0229606
-0.0054015
0.000496369
0.000494283
0.000566289
0.0175459
8.44587e-05
4.81913e-05
0.0205135
0.0219333
0.000553513
0.000515623
0.000630918
0.0301623
-0.00239209
-0.0185459
0.095543
0.0317375
-0.0034803
0.00106458
0.00117682
0.0474404
0.0029985
-0.00274006
0.018133
-0.0181426
0.0164203
-0.000877261
0.00179782
0.0687554
0.000367819
0.000149814
0.00062339
0.0176378
0.000331403
0.000495174
0.000648088
0.0293052
-0.000155866
-4.61857e-06
0.00107727
0.0172027
-7.09158e-05
-9.235e-06
-0.000451787
-0.000521754
-1.33063e-05
-1.33063e-05
-1.2805e-05
-1.38195e-05
0.000169909
0.00401517
-0.00118012
4.20211e-05
-1.05088e-05
-1.05147e-05
-1.09986e-05
0.0038592
-1.27762e-05
-0.000544623
0.000800329
-0.0237086
-0.000574735
-0.000570655
-0.00304912
-0.0317293
0.00148141
0.00145735
0.000210741
0.00400472
9.24214e-05
-0.000119219
0.000716452
0.0177985
-4.72481e-05
9.17247e-05
-0.000659952
-0.0005781
0.000167121
0.00422331
-0.00115999
-0.000175477
-7.78941e-06
-0.000267668
0.000472544
-0.0240526
-0.00101698
0.000442361
0.00301124
-3.74537e-05
-0.00187481
0.000744593
0.00276052
-2.71999e-05
-2.88093e-05
2.66636e-06
1.47324e-06
4.82753e-05
0.0321101
0.016022
0.0159881
0.000727191
-0.0741207
9.60858e-05
8.95791e-06
-0.0741206
0.000114357
4.09384e-06
0.000120745
0.00167594
5.21593e-05
2.99782e-05
-0.000353339
0.0011112
-1.18354e-05
-1.18418e-05
-1.17719e-05
-1.18367e-05
0.000925269
0.00231902
0.000683521
0.000781934
0.00069949
-0.00126148
0.000206043
0.00021642
0.000499496
-0.00139428
0.000562859
-0.000200184
0.000258116
-5.55112e-17
5.55112e-17
-0.000756288
-0.00473673
-0.000133329
0.000238849
-0.0106609
-0.00816589
-4.09147e-05
5.35082e-05
-0.00816823
-0.0179278
-0.107937
0.0359733
-0.0182791
-0.000815658
0.0155219
0.0581198
0.00101617
0.00775027
0.00505697
0.00447621
0.0400962
0.00162039
0.0109292
0.00735477
-0.00241924
-0.000921687
-4.24908e-05
0.0276731
-3.34101e-05
0.000555346
0.000425445
0.000411057
0.0645962
0.000327644
-8.39434e-06
0.0696857
-0.0320784
-0.000787731
0.00327311
0.0100354
-0.0588165
0.00228825
0.000967384
0.000100021
0.0148259
-0.000344319
-0.00020957
0.0177503
-0.0243001
-0.000839967
-0.000157443
0.0216055
0.0171256
0.000550473
0.000234351
0.00225041
0.0178039
-0.000850045
0.00794963
0.05874
0.00100404
0.0153466
-0.096154
0.0682862
0.00590045
0.00796985
0.00468125
0.00456268
0.0392226
-0.0122756
0.000121672
0.0244291
-0.000367882
0.000483517
0.0102871
0.00887571
0.0105705
0.00120609
0.000668451
0.00105281
0.062138
-0.00141685
0.0034317
0.00901691
-0.058683
0.0151263
-0.00458671
0.0760323
0.00138528
0.00195749
0.000947949
0.000171387
0.0145902
-0.00098918
-0.000188927
0.0215971
0.0174772
0.000903775
-0.00144587
0.017978
-0.0240675
-0.000118632
-0.000205709
0.00150848
0.0173946
0.00811764
0.0034741
0.00172817
0.0578466
0.000327203
-0.000420914
0.000347736
0.0180969
0.000853371
0.00147712
-0.000203545
-0.00124243
2.43214e-06
0.000860301
0.000860744
2.67489e-06
-0.00213499
-0.000591428
0.000721131
0.0681986
-0.00104004
8.78515e-05
0.000549984
0.0157603
0.000446333
0.000255521
-0.00116187
-0.00509973
0.000662222
0.000902877
9.61853e-06
0.00478484
0.000211586
0.000219328
0.00127815
0.0191809
0.00055753
0.00143081
-0.000862632
-0.000939638
5.42948e-05
-8.29354e-05
0.000933821
-0.0397949
0.000534844
8.1668e-05
-0.000272152
-0.0297199
0.000736105
0.000300123
0.000119742
0.0121578
0.00103786
-3.05359e-06
-0.00146485
0.000243186
-0.00250857
6.81247e-05
0.000232692
-0.0236477
0.0384021
0.00466681
0.000566568
0.00329921
0.00817791
0.00223957
0.000730477
0.056062
2.36074e-06
0.000856131
0.000856702
2.98491e-06
-0.000172831
-0.00045038
0.000149662
0.0198363
0.000811961
0.00149482
-0.000146755
-0.000124053
-0.00024497
0.00110443
0.00335622
0.0536385
0.000216767
0.000895261
8.68583e-06
0.0047536
-0.000888324
6.42076e-05
0.000978123
0.0177519
4.32521e-05
0.00028511
-0.00115557
-0.00451553
0.000428222
0.000116551
0.00154003
0.0202763
0.000407632
-7.657e-05
-0.000268047
-0.0297728
0.000684752
0.0022055
-0.000311393
-0.00045952
-3.87515e-06
-0.000194999
0.000965768
-0.0401435
0.000734068
0.000291365
4.6339e-05
0.00935503
0.0384557
0.00472193
0.000543741
0.003744
0.000466291
-3.34286e-05
-0.0011566
0.000252243
-0.00232031
3.70397e-05
0.000218735
-0.0234018
0.00271453
0.00228057
0.00110511
-0.000756512
-0.0117565
0.0417338
0.000116216
-0.00438588
0.0080981
0.00184224
6.51711e-06
2.59124e-06
-0.00633253
-7.05153e-06
-0.00368467
-0.00410857
-0.000898737
0.000202697
-0.00324934
-0.000190179
0.00343333
0.000731793
-0.00108642
0.000863327
0.000525443
0.00103409
0.00288485
-9.47001e-05
0.00209529
7.522e-05
-8.07384e-05
5.15012e-05
-0.0034364
0.00165788
-5.55112e-17
-4.7668e-08
0.0177382
0.000684758
0.000361557
-0.00314085
-0.000849401
2.06209e-05
5.19892e-06
-0.00449104
-0.000219264
1.11022e-16
-0.000756172
0.00019877
0.0012291
-0.000628579
-0.00190707
-0.00189713
-8.62267e-06
-1.01403e-07
-0.0221217
-0.0273855
0.000423347
0.00108989
0.000301528
0.00105648
-0.00120313
-0.0113667
0.00103849
-0.00052494
-0.00037265
-0.000565249
-1.88613e-05
4.78432e-05
-0.0143081
-5.57674e-05
-0.0163558
-0.00809554
0.000449595
1.02633e-05
0.000688855
0.000373203
0.00100348
0.000242748
-0.00597416
-0.00339611
0.00117518
0.000527514
0.000512034
0.0004882
-0.0103001
6.82976e-06
-0.00898847
0.000115661
-0.0011058
0.000403649
-0.00288163
-0.000245205
0.00342376
0.000742199
-0.00109696
0.00086347
0.000645648
0.000984036
9.93369e-05
0.00258351
0.00256501
9.95167e-05
-0.00077735
5.07388e-05
-0.00263964
0.000306372
5.17013e-05
-0.0039593
-0.000109201
-1.40822e-10
-0.000756344
0.000171849
0.000437642
0.00105082
0.000969481
0.000285774
-0.00105393
-0.0113504
-1.59259e-05
0.00107672
0.000518453
0.000123738
0.000304327
0.000634582
0.001051
-4.55311e-05
-0.00342482
-0.00651017
6.00053e-05
0.0009808
7.79763e-05
0.000143442
6.0318e-06
0.000880781
7.00038e-06
7.13069e-06
-0.000288344
0.00255687
-0.00031473
3.96496e-05
-0.000419242
-0.00016182
-4.78849e-05
0.000127574
-0.0021895
0.00164205
4.24392e-08
0
-2.44801e-07
-4.64336e-07
2.77556e-17
-0
-0.000284464
-0.000152227
0.000171745
0.00435843
0.00208518
0.000380471
0.000407918
0.00168587
-5.53631e-07
-3.01068e-08
2.77556e-17
8.32667e-17
0.00135417
0.000744205
-2.64359e-09
-2.77556e-17
0.000443137
0.000199078
-0.000523967
1.82758e-05
0.0173761
0.00393655
0.00364954
0.000475599
0.00243409
0.00549075
0.00134545
0.00217532
0.00116604
0.00765877
0.00121343
0.00113515
0.000235665
-9.58067e-05
0.00116435
0.00113727
0.00952569
0.00216228
0.000716655
0.000221301
9.70265e-05
0.00132059
2.21389e-05
0.000107037
-4.96507e-17
0.000868881
-4.22783e-09
7.1796e-08
-0.00084569
0.00248875
0.000589608
-0.000489269
0.00017494
-0.000748248
-1.27787e-05
-1.19769e-05
-0.000683949
-0.000108884
0.00338411
0.000270238
0.00139332
0.000419526
0.000677239
0.00173327
0.000758166
-1.4303e-05
-5.70652e-05
-0.000462509
0.0173383
0.00416431
0.000515021
0.0035549
0.0024271
0.000555643
0.000278915
0.00209305
0.000657393
-0.00260444
0.00141833
-0.000599019
0.000389049
0.000177348
6.76199e-05
0.00250965
0.000748365
0.000162856
0.00207115
0.000420735
0.00128434
-9.40588e-06
0.00157205
0.00288232
0.00100677
0.000329067
0.00202886
0.00051832
0.000459908
0.000361325
7.46397e-05
0.00247271
0.000849429
-0.00217208
0.00148193
-0.000123842
0.0119447
0.00318312
0.00282212
0.00133825
0.011805
0.00319252
0.00281554
0.0013251
0.00419377
-0.00219298
0.00164434
3.72304e-10
0.00446818
-0.00218605
0.00163987
-3.43584e-09
0.000868409
-0.000779114
-6.34977e-05
3.75185e-05
-0.000747506
0.000125796
0.000141406
0.000921684
-0.000787966
0.000242571
3.92747e-05
0.000780536
0.00048379
-0.000525574
-0.000268161
0.000142614
-0.0156121
-0.0439769
-0.00852551
-0.00922093
-0.0249561
0.00145869
0.0011407
0.0212311
0.00145521
-0.0316988
0.00324335
0.00245033
-0.0440712
-0.0122421
-0.00910226
-0.00939634
0.000153385
4.83626e-05
-0.000641485
0.00233133
0.000112784
-0.000804388
0.000207159
-4.06405e-05
-0.000503189
0.000899314
-3.08077e-05
1.97047e-05
-3.42822e-05
0.000473039
0.000452954
-0.000253876
9.63189e-05
2.44552e-05
-0.000604358
0.00239505
-1.35276e-05
0.000521929
0.000572195
-0.000173138
-0.000245501
0.00097789
1.06295e-05
2.96832e-05
3.72638e-05
-0.000823573
-2.57297e-05
0.000624636
0
-1.41939e-07
-9.72158e-07
0.00086597
-5.65388e-07
-4.96507e-17
0.000861178
-3.73841e-07
7.69926e-06
7.5147e-06
0.000886712
8.48033e-06
0.000118944
7.88589e-06
8.60564e-06
0.000893592
0.0130261
0.000863328
0.00657358
0.00388798
0.0154242
0.000401565
-7.60358e-07
0.00467756
0.000249413
0.0154615
0.00471077
-6.8465e-07
0.000903324
0.012295
0.0036106
0.00687617
-0.000859652
-0.00288431
3.64371e-05
-0.000293451
0.000433325
0.00145247
4.15961e-05
0.000754244
0.00066668
-0.000207232
0.000433409
0.000645801
0.00069219
0.000486808
0.000464586
1.86774e-05
0.00183523
-0.00206015
2.57045e-06
9.84986e-06
0.000728173
0.000727287
0.000261956
-2.55489e-06
0.000314781
0.000362123
0.000123244
0.000515972
0.000658871
0.00149797
-6.44898e-05
0.000794836
-0.000896891
0.00136334
0.00074417
-8.32667e-17
8.50581e-05
0.00134596
0.000744229
0
0.0411653
0.0295673
0.0326932
0.0313911
0.0277141
-8.72097e-09
3.8589e-07
0.00176021
0.0179571
0.0106455
0.00145823
0.00170744
-0.000480587
5.19408e-05
-4.186e-05
0.000324947
-0.000476424
9.14475e-05
4.68616e-05
0.000332186
0.0179527
0.0108914
0.00145766
0.00176664
-0.0020827
0.0197079
-0.00201403
-0.00155129
0.0146957
6.37794e-05
0.000118897
-0.00459183
-0.00683026
0.00333116
-0.00751568
-1.28701e-05
0.00332893
-0.00698984
-2.70185e-05
0.000785851
0.0562714
0.000451771
0.0293888
0.000142945
0.00716264
0.0108761
0.0110858
0.0173043
0.0526348
-0.000855637
0.000589227
0.0310832
0.0554347
-0.0517503
0.00620082
-0.08901
0.000203652
0.00911194
0.0182114
-0.0157553
0.0204323
0.0154058
0.00163045
0.0103366
0.0315381
0.000116726
0.0577338
0.000632275
0.00769292
0.00837275
0.0467637
-0.0170269
0.0135755
0.0173458
0.00132547
0.0280615
0.00619877
-0.0680074
0.0935355
0.000451607
0.000337324
0.00916852
0.0200651
0.0164334
0.0186854
-0.0172709
0.00137039
0.00987122
-5.28803e-06
0.00644017
0.000222422
0.0196629
0.000636379
-4.41528e-05
0.00265569
-2.32952e-06
-0.00396354
0.0367876
0.000397684
0.0170745
-0.00119297
-0.0114758
3.27839e-05
0.0234116
0.00152756
0.0272664
-0.000526958
-0.000369439
0.00108815
0.016735
-0.000540297
-0.0023207
1.3012e-05
0.00301619
0.000522296
0.000412981
-0.00287526
-0.0199583
-0.00249746
0.0142263
2.50578e-07
0.00622207
0.00144231
-1.78092e-06
5.76619e-06
0.0217626
0.000741861
-0.000135971
-0.0126899
0.0272392
0.000127974
0.0261247
0.000864734
0.018775
-0.000943642
-0.012827
0.0018246
0.0276116
-0.00037311
-0.0201236
-0.000566753
-0.000989534
0.00108961
0.0165463
1.34427e-05
0.0029155
-0.0023321
0.0142196
-0.000393755
0.000349423
-0.00204285
-0.0199314
0.127934
0.000737951
0.0705602
-0.0459868
0.000803013
8.49403e-05
-0.00354037
1.90303e-07
0.0546089
-0.00236138
0.0552493
-0.00245663
-0.000256374
-4.56052e-05
-0.00198316
-0.00194994
0.00671186
0.0525031
-0.000721595
0.048969
-0.0032118
0.000172046
-0.00059174
0.000240837
0.0216889
-0.00797586
0.0176579
-0.0216296
0.00111074
-3.80723e-05
-0.00276408
-0.000250267
0.02
0.00030351
0.0220847
0.000103857
0.000103725
0.000225268
-1.66959e-05
9.80601e-05
0.00016845
0.0713839
0.00246439
0.0697814
-5.76305e-05
0.00684267
-0.000767315
0.0028264
0.0156783
-0.0268282
0.0156125
-0.0264537
-0.00176222
-0.00163412
-0.002869
-0.00429749
2.81542e-05
0.0159949
0.000903102
0.0183284
0.00028394
0.000622416
0.000752822
-0.000119015
0.0210286
0.0160514
0.0210352
0.0161627
4.70639e-05
-8.63743e-06
-0.00715404
-0.00694815
0.00141244
0.0240614
6.44366e-05
0.0277
0.000555232
0.000423818
-0.005651
-0.00183602
0.110994
0.0266774
0.0822889
-0.00184028
-0.000313088
-0.00124362
-0.0248237
0.000111796
0.00610203
0.0518319
0.000593268
0.0484893
-0.00303718
0.000617757
-0.000444623
0.000558269
0.0200164
-0.00787375
0.0181857
-0.0212632
0.000299861
0.00116197
-0.00347785
0.000633607
0.000486139
0.0695319
-0.00661871
0.0567774
-0.00253989
0.0117505
-0.00075039
0.00258067
0.000358257
0.0168663
0.0010092
0.0187872
0.000691881
0.000361097
-0.000125877
0.000750924
0.00122553
0.0239001
6.10919e-05
0.0273406
0.000278672
0.000504553
-0.00174176
-0.00554773
0.000700714
0.0178526
0.00075871
0.0155322
6.55035e-06
0.000135524
-9.54677e-07
-1.7522e-06
-0.000408917
-0.000478236
-0.000559037
-0.000642118
-6.08362e-05
3.15626e-05
-4.03763e-05
-0.000324057
4.66728e-07
-5.8943e-07
5.36212e-07
-4.37078e-07
-2.77556e-17
3.39744e-10
2.77556e-17
0
-0.0011936
-0.0010836
-0.000712612
0.000196404
3.20417e-05
0.00455261
0.000652568
0.00104839
-3.8176e-07
0.0038759
-6.03401e-07
0.00386439
5.55112e-17
2.77556e-17
-5.55112e-17
-8.72604e-07
0.00101909
-0.0254923
0.000651953
-0.0233841
-0.000695144
0.000131406
0.000196799
-7.9221e-06
-0.00341923
-0.0285648
-0.0032088
-0.02694
-0.00223414
-0.00255228
0.000545046
0.000606634
0.000289161
0.00387296
0.000326049
0.00366597
0.00138356
0.00124926
0.000942654
0.000926695
0.000375147
0.0181878
0.00107018
0.0177302
1.87164e-05
6.1434e-05
-1.21965e-08
-8.83623e-07
-0.000497314
-0.000622143
-0.000610992
-0.000688834
3.18687e-05
5.86655e-05
-4.79258e-05
-8.5608e-05
-0.00102874
-0.00111114
-0.000719576
0.000185147
0.00429177
-6.50021e-07
0.000671634
0.00291605
0.00070382
-0.0258157
0.000832665
-0.022936
-0.00014739
-0.000311955
-4.25055e-05
0.000133501
0.000593595
-0.000821723
-0.0021889
0.000335268
0.000297681
-0.00110641
-0.000692568
0.00170372
2.35992e-05
0.00173953
-0.00224116
8.6381e-05
-0.00125177
0.000285366
0.00177226
-0.000572202
8.6127e-06
6.46878e-06
-3.52399e-05
6.10677e-05
-3.13799e-05
5.66724e-05
-1.4647e-08
0
-0.00239321
-0.00239082
-0.0048357
0.00423177
0.00497873
-0.00637315
0.0111012
0.012535
0.000107287
-0.0126923
-0.0731467
-0.0731405
-0.0562184
-0.0659895
-0.0202304
0.000107203
-2.73182e-05
7.74058e-05
1.52179e-05
0.00080068
0.000133322
0.00308621
-0.000420373
0.000113666
2.55321e-06
-0.00046386
1.34166e-05
0.00049821
0.00222664
0.000168218
-4.4431e-06
-0.000415785
-1.14633e-08
7.54849e-08
-2.76851e-10
8.32667e-17
0
2.77556e-17
1.2207e-08
6.00403e-08
0.00282389
0.000544667
0.000514723
0.000710407
0.00106501
0.00101797
0.000720848
0.00299112
0.00230252
2.18277e-05
0.000476349
-0.0025089
0.000800374
0.000424615
0.000720658
0.00140956
9.61681e-05
0.00151385
0.000553771
-0.00250176
0.000405605
0.000688396
0.00109436
0.00158277
8.35005e-07
8.35005e-07
-0.000756245
0.000228004
-0.000756316
0.000214522
8.32667e-17
1.94289e-16
9.47489e-06
7.8177e-07
-0.00936744
-0.00525319
-0.00523083
-0.00938184
1.84096e-05
0.00045373
-0.000628786
5.33056e-05
-0.00889789
-0.00920789
-0.00808852
-0.00808843
-0.000980634
5.28785e-05
0.000535323
-0.000501933
0.0698579
-2.60706e-05
0.000676464
0.00146445
-0.000411727
0.00397529
0.00257384
0.00177188
0.0131781
0.00399622
-0.000348885
-0.000636254
0.0186868
0.00620591
0.0275696
0.0266777
-3.13314e-05
5.81214e-05
0.000633555
0.000383565
0.0024784
0.00181211
0.000119267
0.000118443
0.00154025
-1.86617e-06
0.000775266
0.00032085
-0.0296835
0.002587
0.00122655
0.000369347
0.00192969
0.000852115
-8.09412e-05
0.00076229
-0.00623493
0.00126163
0.000340935
-7.97011e-05
-0.00353058
9.68953e-05
0.000767413
0.000553358
-0.000280768
0.000414419
0.003783
0.000211955
-0.000356519
0.00390186
0.000496155
0.000309478
0.0222578
1.82012e-06
0.00257875
0.00250562
0.0125196
0.00413817
0.0327808
-0.0065532
-0.00028217
8.01642e-05
0.000328771
0.00027889
0.0193174
0.00303464
0.000863177
0.00083922
0.00190078
0.00190825
0.000255208
-0.000114137
-0.0106312
0.00190791
0.00016056
0.00176929
0.0110188
6.50372e-07
0.00141025
0.000595492
0.00178138
0.000866082
0.000115756
6.6729e-05
-0.00335694
0.000130387
0.000201758
0.000421735
-0.00605872
0.00166769
9.31738e-05
-5.26883e-06
-0.000510753
0.000418552
0.010528
0.00239408
-0.0105931
-0.000232051
4.0129e-06
-0.000651311
-1.73639e-07
-1.18984e-06
0.000964448
0.00137385
4.60474e-06
0.00256744
0.00313616
2.77556e-17
-4.96507e-17
0.000861551
-0.00647247
-0.000229619
0.00310766
0.00296035
-0.00105817
-2.70598e-05
-1.93579e-06
9.42626e-05
0.000291574
0.000164606
0.00133777
-0.00389508
0.000363865
0.000890258
-0.000788373
-5.29166e-08
0.000257785
3.78935e-05
-0.000587996
0.000100296
0.000162921
0.0023864
0.000414413
0.00118107
7.76116e-05
-0.0002346
0.00211805
-0.0115849
0.0013537
-1.29342e-05
0.00650549
0.0011063
0.000653068
0.000456954
0.0058674
0.00277062
0.00101413
-0.00192413
0.000436838
1.32939e-05
0.00116706
0.000212533
-0.00112567
4.29372e-08
0.0184659
0.00459375
0.0336331
0.00291031
0.0124645
0.00231655
-0.0115062
-0.000861687
0.00227262
-5.55112e-17
2.31107e-10
0.000857062
7.07508e-05
-0.000596965
-6.87743e-07
-4.52978e-07
0.0011179
0.00114278
-3.9783e-05
0.00208869
-0.00263319
-0.000831928
0.00293788
0.00297381
-9.89366e-07
0.000883147
-0.00111206
1.66533e-16
-0.000903214
2.02446e-05
-2.94835e-06
-1.94521e-06
-0.000178263
0.000232468
-0.000152929
0.00177397
0.00040689
0.000104404
-0.000316844
0.000123372
0.00096948
-0.000540051
0.00676535
0.00122728
0.000384026
0.0026964
0.000414603
0.00154743
-0.000100948
4.30883e-05
0.00184313
-0.0119468
0.000600923
0.000355665
0.00486944
0.00417212
0.0185917
0.00456833
0.0334946
0.00290855
0.000950053
-0.000426253
0.000498116
-1.33451e-05
0.00135961
-0.00018585
-0.00105601
8.47248e-07
-0.00069017
0.00127036
0.000717938
0.000914561
0.00912437
0.0246417
0.0533066
-0.0164117
0.0102423
0.00181676
0.00181428
0.0100822
-0.0260809
-0.0278243
-0.0276463
-0.0265443
0.000557905
0.000399954
0.000129822
0.000818318
0.00240032
0.001729
0.0050745
-5.55112e-17
0.000325576
0.000923848
0.00113877
0.000768124
0.000190345
0.00293344
0.00323131
0.000205745
-0.00311793
0.00174075
0.00170887
-0.00307124
0.0186392
0.000999899
-0.000536892
0.0174103
-0.000944342
-0.000395618
5.01241e-05
0.00204596
0
-0.000100243
2.69647e-08
-6.24846e-08
9.22669e-05
0.000561604
0.000621898
-5.6838e-05
0.00161454
0.00373515
0.0057709
0.00060429
0.000384341
0.000887516
0.00246876
0.000335284
-0.000569239
-0.000111591
-0.00687289
-0.000864511
-0.000451759
-0.000544592
-0.00053808
-0.000450013
-0.0151689
-0.0039643
-0.000101712
-0.00694293
0.000210233
2.88724e-05
2.04902e-05
0.000764404
0.00503766
0.00132235
-0.000278349
0.000139159
0.000739289
-0.00119862
0.00114756
0.000523541
-0.0364966
-0.0100743
1.35289e-05
-0.00923053
0.000657296
-6.20243e-05
0.000364917
0.000215051
0.00177343
0.00239478
-2.77556e-17
0.00502095
1.5143e-05
0.000353184
0.000916625
0.000473993
0.00255122
0.000103673
0.00019465
0.00322419
-7.43141e-05
-0.0018591
0.00155932
1.18608e-05
0.0010543
8.32667e-17
-1.11022e-16
-4.61327e-07
0.000411923
0.00305333
0.000841041
0.000396806
-0.00090016
-0.0060963
-9.04759e-05
-0.000228245
0.00079288
8.32044e-06
4.53061e-05
0.000285478
0.000165417
-0.000251535
0.00142118
0.00566434
1.50826e-05
0.0013774
0.000585525
-1.13243e-05
0.000870351
2.48253e-17
-9.52994e-07
0.000880166
0.000418957
0.00283688
-0.000714379
-1.53313e-05
-0.000218954
2.47423e-06
0.000310712
-0.000298273
-0.00219122
0.00164322
0.00164095
-0.00218777
-1.71205e-07
-5.7195e-07
-3.61051e-07
-3.18226e-07
-0.000376049
-0.000518032
-4.16664e-05
-0.000367967
6.32123e-05
-0.000516254
0.000825823
0.000760901
-5.55097e-07
-1.41492e-08
-4.61243e-08
-5.52184e-07
0.00135882
0.000744191
0.000744217
0.00135041
0.000654192
-1.69926e-05
0.000165607
0.000378574
0.0183567
0.00424682
0.00444686
0.015463
0.00146257
0.00232511
0.00297126
0.0014238
0.00694783
0.000999335
0.00142445
0.00696007
0.000302589
-0.000173409
3.12675e-05
0.000228519
0.00172463
0.010249
0.0103517
0.00168749
0.00170765
-4.46233e-05
-5.0744e-06
0.00106022
4.96507e-17
0.000865094
0.000873962
-9.76995e-07
-0.000187689
-0.00080563
0.00301236
-4.05876e-05
8.74401e-05
-0.000748661
-0.000300116
5.23564e-05
-0.000529925
-6.00133e-05
0.000170734
-0.000858867
-0.000226251
5.53014e-05
0.000472247
0.000996243
0.00070146
0.000108222
4.8682e-05
0.000854375
0.0155022
0.00448981
0.00457079
0.0188647
0.0261717
0.0107582
0.0030366
0.0466582
0.00178342
-0.00376102
-0.00235836
0.00948101
-0.00175811
0.00143691
-0.00102527
-0.00198849
0.0801712
0.0799937
0.00181678
0.00165551
0.000334385
0.000993973
0.000351549
0.01291
-0.000444274
0.000100663
-2.78379e-05
0.00104331
-0.000113553
0.000163795
0.00204082
0.00189618
0.00394991
0.00273911
0.00309772
0.000713808
0.00118239
0.00158269
0.000629106
-0.000502176
0.00100908
0.000669939
0.000425936
0.00124222
0.00283578
0.00134703
0.00234721
0.00121731
-0.00048799
0.00160878
0.00256048
-0.000146564
0.0307952
0.0639862
0.00107753
0.00193417
0.0578772
0.00066178
0.0027239
0.0764566
0.00140028
0.00220353
0.00242032
0.00204822
0.000772787
0.000630183
0.000777121
0.00125792
0.0306667
0.0640071
0.00230792
0.0111289
0.104705
0.00213868
0.00101853
0.0850071
-0.00220644
-0.00177189
0.000579842
0.000996083
0.000612994
0.00971787
0.00133168
-0.0035459
0.0491317
0.00189057
0.00139713
0.0847854
0.000888199
0.00121469
0.000951362
0.000704048
0.000802397
0.00192092
0.00241404
0.00201553
0.0886853
0.0811688
0.00270217
5.06284e-05
0.00129474
-0.000222837
0.000822627
0.00187234
-0.000611435
-0.000489564
0.00274324
0.00214109
0.00272764
0.00116415
0.00234366
0.00132031
0.00108544
0.00146054
0.000462522
0.000709201
0.000501271
0.0141713
0.00119001
0.00127807
0.00395232
0.000427931
0.00284415
0.00229511
9.74578e-05
0.00189988
0.00233781
0.000309876
-0.000575987
0.000859412
-1.45474e-05
-0.000452224
-0.000432201
0.0503027
0.0116052
0.0381113
0.0518716
0.00917653
0.0162982
0.0722716
-2.40148e-05
0.00152325
0.00434698
0.00183977
0.0530796
0.0547031
0.00364216
0.00182106
-0.00265726
0.03732
0.0112182
0.0502622
0.0509298
0.00182695
0.00370081
0.0540373
-2.47635e-05
0.0018347
0.004358
0.0015379
0.0536908
0.0724479
0.0161816
0.00909233
0.0127686
0.00216684
-0.00455039
0.0480327
-6.13437e-06
-0.00219036
-0.0021921
0.000428619
5.24739e-05
0.000460069
0.00164379
0.00164264
0.048384
0.0502042
0.00625223
0.00508573
0.0122553
0.049705
-0.00436019
0.00260297
0.0490278
0.00511723
0.00641066
0.0514878
5.46715e-05
0.00164148
0.00164041
0.000462197
-6.16911e-06
0.000430604
-0.00218691
-0.00218864
0.0100763
0.0151666
0.00154016
0.00812986
0.0179
-0.000304179
-0.000579012
0.0166667
-0.00516233
-0.00210761
-2.03537e-05
-0.00553452
0.0185679
0.0129484
0.000755068
-0.000890884
0.0285058
0.000914474
0.000232023
0.019847
-0.00565067
-0.000869752
0.000393691
-0.00206837
0.0146654
-0.00952042
-0.00241259
0.0125134
0.0175899
0.0185825
-0.000675986
-0.00154754
0.0288972
0.0208605
0.000156941
0.000743792
0.0183522
-0.0010468
-0.00076828
0.0194495
0.0150147
0.013123
-0.00208039
-0.00905256
-0.00555819
-0.00206047
0.000408038
-0.00103414
0.00988535
0.00776698
0.000710832
0.0142171
0.0185633
-0.000834274
0.000480298
0.0125122
-0.00586889
-0.00552832
-5.95438e-05
-0.00239421
0.0180424
0.0171692
5.71501e-05
0.000447055
-0.012816
0.0275507
-0.0218948
-6.0091e-05
-0.0448157
-0.00121017
-0.00330006
-0.0374814
-0.0735285
-0.0715567
0.0305927
0.0323271
-0.00145934
-0.00072798
-0.0343893
-0.0169184
-0.0925716
-0.0839218
-0.0266046
-0.0512557
-0.0146834
-0.0101608
0.0114149
-0.0433183
-0.0803062
0.050446
0.0372345
-0.0350639
-0.0712948
-0.0198944
-0.0206926
-0.0140856
-0.0666552
-0.0217289
-0.0207065
-0.0184244
0.0149417
-0.0276115
-0.031878
-0.000226065
-0.0840743
-0.0435916
-0.000461417
-0.0146033
-0.014572
-0.0485053
0.0104593
-0.0131508
-0.0130999
-3.0153e-05
-0.0205268
0.040568
-0.00146786
-0.0166498
-0.0344584
-0.000856565
-0.0735276
0.000121543
-0.0146221
-0.0727757
0.0347203
-0.0332905
-0.00300313
-0.00965389
4.03445e-05
0.000414293
8.40263e-05
-0.00105448
0.000971739
0.000146699
-0.000514368
-8.84426e-05
-9.01082e-05
-0.000140137
0.00123772
0.00113887
-0.000599889
0.00142718
0.00265392
-0.000368952
6.9112e-05
-0.000873374
-0.000715239
-0.000613783
-0.00115542
-0.000271857
-0.000328654
-0.000939751
0.000247579
0.000833184
0.000160802
-0.000425264
0.00111348
0.000657123
2.66763e-05
9.20403e-05
0.00190128
-0.00268744
0.00190095
-0.000680436
5.08975e-05
-2.08692e-05
0.000763628
0.0004665
0.00201768
0.00362523
-4.92024e-05
-0.000421646
0.00351901
-0.00113066
-0.0012211
0.00431911
0.000802065
-0.00042723
0.000445628
0.00108271
-0.000644548
-0.000177446
0.000814006
0.000855769
0.00124302
0.000302072
2.67491e-05
0.000198414
0.000928253
0.000814801
0.000270516
0.000428473
-0.000180321
7.26369e-05
3.64463e-05
7.76357e-05
-0.000652061
0.000416408
0.00232108
0.00132418
0.000153436
0.00151627
0.00144001
-0.000724509
0.00053347
-0.000239361
-0.000550835
-5.50999e-05
0.000532497
0.00104716
0.000466066
-0.000391949
0.000590064
0.000761295
0.00047573
0.000833451
0.00084803
-0.000325679
0.000171912
1.43767e-05
-0.000644155
0.00140154
0.00105469
-2.68607e-05
0.00161277
-0.00110146
0.00186941
-0.00227209
0.0034231
0.00368557
-0.00113604
-0.000976284
0.00134885
-0.000435571
3.52059e-05
0.00270196
0.000236648
0.000446611
0.000910527
0.000243308
0.000166245
-0.000221569
-0.000954814
-0.00118818
0.000930155
0.000143732
3.59396e-05
0.00115114
-0.000278427
0.000440366
0.000719659
0.000933829
-0.00104661
-0.000766564
-0.000424893
-0.000725706
0.0205064
1.72684e-07
-1.57789e-07
0.0188734
-7.20444e-06
-2.08003e-07
0.000863626
0.000860298
-5.92764e-06
0.000875558
0.000867534
-5.18143e-07
0.0176321
0.0175226
-1.081e-06
3.02285e-06
0.0225041
0.0204613
-6.28811e-07
6.01996e-07
0.0179775
-8.21217e-09
-4.1341e-07
0.0186224
-5.90474e-06
-4.14161e-07
0.000862832
0.000866996
-7.12826e-06
0.000856198
0.000858765
-2.81514e-07
0.0192854
0.000106681
2.37546e-06
0.0175593
-5.80099e-06
-5.54364e-07
0.000884374
0.000888526
-5.85592e-06
0.000871479
0.000880331
-2.2128e-08
0.017641
0.0176874
3.26756e-06
-4.05914e-07
0.0169451
0.015685
0.0002405
0.000512567
0.0158102
2.68925e-06
5.88933e-05
0.0156979
-5.8482e-06
-3.81156e-08
0.000886824
0.00088055
-5.69017e-06
0.00089624
0.000891373
-5.52907e-07
0.0207245
-0.00895324
0.0114307
-0.022942
-0.0250734
0.0168147
0.0430143
-0.0313496
0.00337518
0.0086722
0.00963852
0.00777037
-0.0294352
-0.0272429
0.00365597
0.00197509
-0.0215944
0.0452866
0.0176485
-0.0248413
0.00164978
0.00156841
0.00493622
0.00478407
0.00171653
0.00479536
0.00440363
0.00107715
-0.023424
-0.0235142
0.0153197
0.0165392
-0.0215895
-0.0247136
0.0177318
0.0453631
-0.0233728
0.0165409
0.0153565
-0.0231707
0.00159486
0.000988535
0.00456315
0.00514727
0.00148355
0.00502318
0.00484047
0.00135848
0.0207873
-0.0210053
0.0110545
-0.00898794
-0.0294033
0.00194442
0.00384213
-0.0271616
0.00335083
0.00778581
0.00989599
0.0086844
-0.0254289
-0.0316525
0.0422552
0.0166109
-0.0106022
-0.00518377
-0.00438155
-0.0067471
0.00255007
-0.000944262
-0.000876948
0.00124562
0.000314958
0.00104399
-0.000302425
-0.000182374
-0.000424061
-0.00306716
-0.00198113
2.93118e-05
0.0121416
0.00965549
0.00148461
0.00100094
0.0197225
0.00294029
0.000539235
0.0148219
0.00109248
-0.00349106
0.000875378
0.0038776
-0.00125832
0.000693662
0.00250877
0.00183494
0.0197017
0.0026159
0.000703991
0.0181851
0.00152075
0.000871512
0.000715543
0.00191359
0.000890005
0.00112136
0.00109229
0.000748148
0.0177164
0.0180186
0.00124219
0.000646695
0.00078872
0.00103986
0.00112334
0.000751819
0.0033443
0.00307411
0.000636547
0.000207921
0.00125971
0.000423333
0.000634394
0.00202775
0.000797742
0.000394112
0.00115443
0.001002
-0.0150491
-0.00747527
-0.000493218
-0.00088273
-0.000582311
0.000142913
-0.00114302
-0.00273884
0.000375997
0.000174899
1.06164e-05
0.00138646
-0.00663658
-0.00168971
2.60473e-05
-0.00381887
0.000969683
0.000640371
0.00122595
0.000750049
0.000537775
0.00100306
0.00116567
0.000253436
0.00152649
0.00217579
0.000355062
0.000366224
0.00390174
0.000177026
0.000861468
0.00357775
0.019824
0.018565
0.000244024
0.00197226
0.0184134
0.000334233
0.000617914
0.018481
0.000874837
0.000694246
0.000599651
0.000681673
0.00138326
0.00138732
0.000431457
0.000904491
0.0137948
0.00178125
0.00178419
0.0117255
0.00905538
0.00454067
0.00231715
0.0014278
0.000474949
0.0030683
0.000963431
-0.00359992
0.0203459
0.0146094
0.00115233
0.00300306
0.105394
0.0138728
-0.000885713
0.0649759
0.00386755
0.0013565
0.00136108
0.00433037
-0.000756274
-0.000756208
0.000744178
0.000744198
0.0634569
0.0700279
0.000438048
-0.00161205
0.107121
0.0512127
-0.000681004
0.0134722
0.0569442
-0.000698479
0.00133695
0.0561017
-0.000756302
0.000744211
0.000744223
-0.00075633
0.0038618
0.004309
0.00134819
0.00135229
0.024864
0.0299731
0.0326333
0.0526483
0.0262432
-0.00359591
0.0350419
-0.00131696
0.000236276
0.000193185
0.0165659
0.00169934
0.0786217
0.0684514
0.0166495
0.000828458
0.0349888
0.0554352
0.0150962
0.0351871
0.0779648
0.00065873
0.00178611
0.071073
0.000243095
0.0016834
0.00173454
0.000213387
0.0241556
-0.0031921
0.0123355
-0.00357691
0.00337151
0.0104964
0.0338345
0.0451793
0.0298293
-0.00508605
0.00959423
0.0221772
-0.0100093
0.00228884
0.00312292
-0.00929011
0.00498952
0.00764397
0.0132759
0.0104853
0.0240889
0.0216326
-0.000380719
0.0138131
0.020792
-0.00042965
-0.00051529
0.0213125
-0.00486414
-0.00434603
-0.00019753
-0.000600871
0.0265205
0.0214576
0.00046057
-0.00223148
0.0237888
0.0133947
-0.000479964
0.021457
0.0261339
-0.00222082
0.000487072
0.021207
-0.00528749
-0.000486325
-6.19126e-05
-0.00415878
0.0207752
0.0213193
-0.00044025
-0.00036639
0.00307634
0.045594
0.0339074
0.00934704
0.00494694
0.0105315
0.0133028
0.00725693
-0.00996322
-0.0092554
0.0031809
0.00221369
0.0294009
0.0222119
0.009595
-0.0046226
0.0222921
-0.000551423
0.0194601
0.0214182
0.000875098
0.0181368
0.018326
0.000257586
-0.0085471
-0.000202009
-0.000584418
-0.00798046
-0.0159471
-0.000782682
-0.000654762
0.000802813
0.0038782
0.02393
0.0167551
-0.0084956
-0.0159807
0.000468972
-0.00418398
0.00155089
-0.00872818
-0.00602912
-0.00194363
-0.000703092
0.00111723
-0.000402079
0.0158689
0.0179015
0.00738647
0.0155865
-0.00432637
-0.0254052
0.0188278
-0.0252544
-0.0094485
0.0161619
-0.00807428
0.000118248
-0.00382278
-0.0122445
-0.0186666
-0.020965
0.00327824
0.00293685
0.00650359
-0.0255091
-0.00529078
0.0149291
-0.0198283
0.0027888
0.00328089
-0.021699
-0.00807316
-0.00812664
0.000290968
0.000114608
0.0187995
0.0159694
-0.00589532
-0.0210641
