-0.725
0.195
-2.23204
-0.755
0.255
2.23216
-0.715
0.675
-2.15462
-0.655
0.935
2.25301
0.725
0.195
-2.2317
0.755
0.255
2.23216
0.715
0.674749
-2.155
0.655
0.935
2.25314
0.0738797
0.101223
0.155284
0.119403
0.0738262
0.101215
0.155259
0.119346
-0.0524521
0.0065734
0.0743568
0.0918065
0.020955
-0.0379549
-0.0789369
-0.0493145
0.0177868
0.091788
0.10065
0.0145126
-0.0443476
-0.0821078
-0.0264634
0.0424006
0.153158
0.126714
0.0232628
-0.0340898
-0.0678216
0.0893473
0.154015
0.220242
0.200309
0.119669
0.0587103
0.0154471
-0.0660684
-0.00758314
0.0635948
0.0916189
0.0117842
-0.0485422
-0.0886309
-0.0659765
-0.0570834
-0.093441
-0.0502144
-0.0502122
-0.0808695
0.0778174
0.145861
0.220717
0.198795
0.111213
0.0484109
0.00596669
-0.0660815
-0.00759831
0.0635546
0.0916031
0.0117784
-0.0485503
-0.0886428
-0.0659849
-0.0570892
-0.093452
-0.0502221
-0.0502195
-0.0808817
0.0777989
0.14584
0.220689
0.198763
0.111188
0.0483904
0.00594746
-0.0524842
0.00653385
0.0742885
0.0917635
0.0209342
-0.0379763
-0.0789635
-0.0493401
0.017758
0.0917139
0.100604
0.0144977
-0.0443656
-0.0821328
-0.0264871
0.0423769
0.153097
0.12664
0.0232385
-0.0341117
-0.067849
0.0893081
0.153971
0.220186
0.200247
0.119619
0.0586681
0.0154076
0.0497612
0.00533038
0.0464544
0.00555937
0.00652635
0.0507743
0.0795075
0.144107
0.0419827
0.102166
0.0494706
0.0461433
0.00582883
0.0507491
0.143805
0.102387
0.0912983
0.204183
0.0923021
0.208032
0.120236
0.132482
0.418425
0.567688
0.0913435
0.203918
0.207775
0.132335
0.187575
0.187578
0.0652072
0.201566
0.212545
0.203539
0.20327
0.109455
0.615907
0.194614
0.194609
0.0558652
0.30729
0.104113
0.0311901
0.00519078
0.0221822
0.0374662
0.0117291
0.0215015
0.0111371
0.0710197
0.101265
-0.000873395
0.0382355
0.0602764
0.00520573
0.0309833
0.0240069
0.00578195
0.0373898
0.0214216
0.0710859
0.0108695
0.10155
0.0381878
-0.000576929
0.0604223
0.0674607
0.0848671
0.183392
0.0876305
0.0572399
0.097841
0.185715
0.107447
0.158735
0.209678
0.139687
0.405183
0.111782
0.198063
0.126364
0.571305
0.0674428
0.0875529
0.0848424
0.183095
0.0572332
0.107419
0.0978891
0.185428
0.158897
0.405183
0.209428
0.139574
0.111587
0.571352
0.197843
0.126291
0.174075
0.199189
0.0274031
0.0367021
0.172213
0.0668998
0.140413
0.0897805
0.0287875
0.159993
0.163519
0.0603169
0.159995
0.173153
0.2037
0.198622
0.110358
0.0584068
0.16717
0.28562
0.174017
0.199063
0.172198
0.0668552
0.140463
0.0897704
0.163515
0.0603113
0.20365
0.198689
0.167641
0.285698
0.183443
0.10867
0.204565
0.20359
0.0829447
0.102459
0.205401
0.210254
0.116452
0.120997
0.203099
0.625158
0.202064
0.58121
0.602519
0.488303
0.183184
0.108676
0.204748
0.203337
0.205146
0.210245
0.202774
0.62521
0.156546
0.182524
0.212764
0.178376
0.15639
0.178335
0.21294
0.18268
0.0287616
0.0287465
0.0783484
0.0784233
0.15331
0.186709
0.18668
0.153411
-0.0398633
0.144726
0.144558
-0.0390423
0.182594
0.185866
0.201259
0.205632
0.182308
0.205372
0.201024
0.185582
0.10165
0.101646
0.115494
0.115487
0.575872
0.608324
0.60837
0.575939
0.182137
0.132904
0.126574
0.187154
0.182132
0.186707
0.126783
0.132933
0.0956588
0.0956554
0.0291037
0.0404105
0.469922
0.106075
0.106037
0.471221
0.141481
0.141482
0.0669676
0.0671467
0.0131378
0.00414944
0.0129388
0.0182014
0.0130443
0.0137229
0.010605
0.0335844
0.0644521
-0.00494289
0.030976
0.0331579
0.00415927
0.0128595
0.0129567
0.0079117
0.0181848
0.0135038
0.0338317
0.0103
0.0642502
0.0309155
-0.00509212
0.033232
0.0708399
0.0773194
0.171601
0.0809231
0.0569169
0.0979884
0.177237
0.10611
0.156014
0.1935
0.143659
0.367621
0.114434
0.172067
0.122746
0.396138
0.0707907
0.0808694
0.077308
0.171782
0.0568555
0.105726
0.097982
0.177507
0.157081
0.367741
0.193299
0.14359
0.114276
0.3959
0.171889
0.122704
0.0372153
0.017338
0.146768
0.158647
0.00524071
0.00526225
0.0167219
0.151887
0.0318151
0.0541942
0.163345
0.0558491
0.0501212
0.00430405
0.109945
0.0687136
0.00672777
0.00623011
0.0206367
0.13808
0.052663
0.0567449
0.147328
0.0603301
0.0758909
0.0759425
0.130575
0.174531
0.127246
0.153999
0.189951
0.196752
0.0406272
0.0406086
0.0787892
0.0934043
0.0831135
0.120317
0.148062
0.252516
0.0371141
0.0174218
0.146443
0.158464
0.0321413
0.0542418
0.163304
0.0524221
0.0501342
0.00425519
0.109932
0.0687884
0.0526619
0.056848
0.147326
0.0603204
0.127628
0.154324
0.190189
0.196846
0.0832927
0.12052
0.148303
0.252564
0.0880829
0.0945826
0.168834
0.108827
0.195937
0.210298
0.200271
0.20367
0.0889312
0.0888827
0.0880614
0.0957977
0.199854
0.210801
0.206181
0.20678
0.11436
0.114328
0.11675
0.122274
0.134959
0.131555
0.186898
0.424075
0.420426
0.420431
0.317255
0.508694
0.571844
0.571869
0.587649
0.535271
0.0880951
0.0946298
0.169021
0.108834
0.195662
0.210034
0.200011
0.203417
0.199579
0.210548
0.205922
0.206138
0.134888
0.130186
0.186715
0.423864
0.181659
0.177191
0.197461
0.198921
0.179374
0.177484
0.1972
0.198914
0.0443256
0.0641792
0.064152
0.0746372
0.183194
0.202313
0.202341
0.222051
0.211893
0.20442
0.156492
0.211844
0.196701
0.203579
0.205054
0.206087
0.196432
0.203328
0.204802
0.205794
0.106029
0.105957
0.112953
0.106032
0.623818
0.610758
0.611139
0.623841
0.172538
0.179567
0.19251
0.204748
0.172738
0.179571
0.192579
0.204742
0.0401475
0.0597253
0.0597219
0.110863
0.207881
0.299488
0.299538
0.405993
0.0986291
0.162223
0.0759691
0.09864
0.126831
-0.0942322
0.0175879
0.127589
0.150362
0.0281519
0.112125
0.116913
0.0318162
0.118277
0.114453
0.0306327
0.122796
0.0942592
0.124061
0.142821
0.148575
0.13475
0.0996939
0.0480328
0.0741028
0.066685
0.109433
0.10001
0.017581
0.12765
0.126552
-0.0933941
0.150639
0.028488
0.0207275
0.118202
0.112134
0.116891
0.11445
0.0277319
0.124157
0.142901
0.122967
0.0939497
0.148819
0.135245
0.0740733
0.0664869
0.0999181
0.0479467
0.109632
0.0999915
0.171075
0.0717652
0.168953
0.101847
0.179901
0.182668
0.0836192
0.0912638
0.163565
0.0899715
0.172927
0.115718
0.185615
0.189552
0.106523
0.109049
0.203722
0.227621
0.209173
0.207104
0.189349
0.4147
0.30398
0.497525
0.162807
0.441953
0.198723
0.193995
0.18249
0.415989
0.594621
0.527649
0.171246
0.071536
0.0834894
0.0912237
0.169133
0.10184
0.17962
0.182373
0.163563
0.096093
0.106499
0.109039
0.173116
0.115728
0.185326
0.189596
0.203994
0.227733
0.303945
0.497537
0.208924
0.206841
0.189149
0.414483
0.162564
0.442201
0.594673
0.527691
0.198472
0.193717
0.182242
0.415762
0.163893
0.176893
0.183699
0.139734
0.0290682
0.0290738
0.0630031
0.0631373
0.162776
0.181724
0.0607355
0.0722474
0.14504
0.137564
0.145605
0.0760664
0.0276221
0.0276261
0.154212
0.154211
0.174509
0.150575
0.0849469
0.0402742
0.157672
0.15773
0.100545
0.0909904
0.208899
0.192706
0.177737
0.21902
0.109434
0.109425
0.0596894
0.0594497
0.149114
0.185187
0.387181
0.182054
0.164428
0.176824
0.139709
0.183664
0.163338
0.181739
0.0607194
0.0722114
0.137771
0.145067
0.145611
0.0758769
0.174513
0.15057
0.0848096
0.0402691
0.192652
0.209074
0.219104
0.17782
0.185327
0.14932
0.182082
0.387223
0.182819
0.18609
0.105098
0.1121
0.19457
0.210258
0.195554
0.20864
0.079958
0.0800641
0.0991089
0.0991082
0.199212
0.207443
0.197948
0.216436
0.11285
0.112847
0.0951369
0.0951349
0.202153
0.204297
0.616926
0.619901
0.198463
0.202856
0.587392
0.587413
0.608928
0.608952
0.484007
0.484025
0.182542
0.185822
0.105099
0.112107
0.210462
0.194738
0.195283
0.208392
0.207144
0.198935
0.197935
0.215767
0.204037
0.201886
0.61995
0.616975
0.113674
0.154663
0.168981
0.13568
0.199973
0.191723
0.188145
0.169393
0.196131
0.199453
0.204673
0.206431
0.103651
0.130352
0.188705
0.182926
0.113559
0.135389
0.169166
0.154775
0.103849
0.183033
0.188161
0.130495
0.195931
0.206159
0.204592
0.199703
0.20023
0.169481
0.188298
0.19144
0.0165991
0.0189477
0.0450755
0.040627
0.0167229
0.042694
0.0450784
0.0189457
0.076275
0.0847193
0.0692301
0.0607964
0.0764998
0.0599538
0.0692485
0.084944
0.0957883
0.173567
0.18176
0.128367
0.281988
0.31555
0.221969
0.210792
0.281973
0.210975
0.222012
0.315391
0.0960447
0.128429
0.181808
0.174014
0.088694
0.143408
0.202632
0.147214
0.0946884
0.14828
0.153168
0.0957517
0.0945629
0.0933093
0.153696
0.152791
0.0887917
0.147265
0.20262
0.143409
0.169643
0.168282
0.196085
0.195394
0.173513
0.1995
0.198972
0.170389
0.178166
0.18657
0.207535
0.207303
0.191295
0.209239
0.207118
0.188095
0.169824
0.195122
0.195816
0.168445
0.191111
0.187879
0.206849
0.20897
0.177896
0.207024
0.207265
0.186312
0.173711
0.170581
0.198698
0.199249
0.0849045
0.0925381
0.102569
0.105337
0.0848844
0.105337
0.10257
0.092485
0.104534
0.112973
0.109441
0.112281
0.104665
0.112271
0.109438
0.113024
0.416884
0.419229
0.620125
0.509228
0.406059
0.593477
0.617699
0.4251
0.40582
0.424294
0.617722
0.5935
0.415927
0.509235
0.620145
0.419022
0.181624
0.157034
0.190543
0.204943
0.0922709
0.125009
0.166329
0.136287
0.0842834
0.131054
0.164209
0.107959
0.167202
0.209713
0.216859
0.161158
0.18161
0.204966
0.190538
0.157051
0.166968
0.161311
0.216964
0.209473
0.0844931
0.108175
0.164421
0.131252
0.0922881
0.136283
0.166317
0.125072
0.105401
0.115889
0.0833807
0.0795916
0.105341
0.0795905
0.0833788
0.11589
0.0191336
0.0194096
0.039861
0.0399054
0.0239741
0.0399194
0.0398641
0.0201231
0.392688
0.35256
0.400072
0.533544
0.0664001
0.0774433
0.19955
0.157199
0.066378
0.15721
0.199574
0.0774274
0.392639
0.533564
0.400092
0.352609
0.0893968
0.132427
0.156985
0.12167
0.0893712
0.121514
0.156966
0.132393
0.0395423
0.0808702
0.0745157
0.058496
0.0397668
0.0586132
0.0742294
0.0809822
-0.00182087
0.00312503
0.00833373
0.00535487
0.00435969
0.00679303
0.00771114
0.0207423
0.0378227
0.00174319
0.0236595
0.0183669
0.00313554
-0.00199648
0.00836863
0.00694819
0.00543718
0.00685763
0.0209576
0.00726141
0.0381646
0.0234234
0.00167185
0.0184778
0.0725156
0.075611
0.177115
0.0790064
0.102965
0.099708
0.178374
0.105626
0.152655
0.177721
0.147491
0.274784
0.119418
0.153432
0.12088
0.258564
0.0724576
0.0789642
0.075599
0.177291
0.102958
0.105051
0.0997022
0.178577
0.152619
0.273148
0.177529
0.147437
0.119301
0.258291
0.153284
0.120803
0.0402591
0.0544622
0.108584
0.125457
0.00532339
0.00532731
0.0126625
0.14271
0.0357169
0.0508208
0.160449
0.0533399
0.0501314
0.00573821
0.0859124
0.0466065
0.00651275
0.00641288
0.0179843
0.130824
0.0534354
0.0503716
0.137127
0.0550912
0.0780154
0.0780497
0.110629
0.149053
0.136245
0.149278
0.174308
0.165694
0.041617
0.0416079
0.062318
0.100756
0.0934442
0.113507
0.128254
0.223523
0.0401306
0.0541884
0.108285
0.125275
0.0359545
0.0508419
0.160422
0.05327
0.0499918
0.00569392
0.0858401
0.0466956
0.0534342
0.0503693
0.137121
0.0550709
0.136213
0.149089
0.174654
0.165978
0.0936816
0.113701
0.130786
0.223647
0.0896895
0.0929235
0.177666
0.108913
0.207142
0.207052
0.20218
0.203922
0.0918524
0.0918184
0.0906205
0.0940499
0.212192
0.209715
0.206897
0.207434
0.119531
0.119491
0.118493
0.119626
0.133678
0.13161
0.171519
0.283298
0.420143
0.420148
0.368494
0.464966
0.569429
0.569439
0.578796
0.553086
0.0897188
0.0929698
0.177839
0.108922
0.206869
0.206793
0.201918
0.203672
0.211923
0.209464
0.206632
0.207173
0.133609
0.131431
0.171351
0.283043
0.185023
0.182996
0.192502
0.191892
0.185015
0.182862
0.192383
0.191882
0.0606798
0.0655672
0.0655437
0.0699209
0.192507
0.202021
0.202049
0.211814
0.213258
0.208494
0.219441
0.213239
0.208646
0.203403
0.203467
0.205544
0.208381
0.203151
0.20321
0.205282
0.109812
0.107706
0.111204
0.109813
0.620102
0.61486
0.613857
0.620114
0.185811
0.186517
0.201209
0.197739
0.185865
0.186414
0.201201
0.197738
0.0502165
0.0558709
0.0558708
0.10767
0.256594
0.303649
0.303661
0.357904
0.101873
0.157586
0.0865427
0.101874
0.0251581
0.0337982
0.0886346
0.0537508
0.00473901
0.0052679
0.0131477
0.119988
0.0152806
0.0286938
0.148213
0.026779
0.0321689
0.0424487
0.0924561
0.0946813
0.0290415
0.00716619
0.0311786
0.112184
0.0175718
0.0240484
0.10296
0.0268165
0.011376
0.0095539
0.0866112
0.064019
0.0464539
0.073357
0.102947
0.121592
0.0849672
0.11524
0.129686
0.121406
-0.00398289
0.000733641
0.0818289
0.0318784
0.0345986
0.0396831
0.0576235
0.0766377
0.0472049
0.0720966
0.0946747
0.0922566
0.00475236
0.00530648
0.013146
0.120075
0.0248965
0.0334788
0.0884066
0.0535875
0.0153607
0.028727
0.148645
0.0271824
0.00852538
0.00602704
0.0163319
0.110053
0.0319268
0.0423764
0.0924443
0.0946502
0.0175654
0.0240073
0.102969
0.0267778
0.0467966
0.0734124
0.10302
0.122417
0.0110641
0.00926974
0.0866524
0.0637
0.0840751
0.115549
0.129909
0.121717
0.0345284
0.0396607
0.0575926
0.076348
-0.00410855
0.000760897
0.0817231
0.0317817
0.0473542
0.0722635
0.0949398
0.0922158
0.0691496
0.0567166
0.170749
0.0715449
0.0794198
0.0864749
0.176638
0.101978
0.180937
0.189977
0.181749
0.183029
0.0832002
0.0903588
0.0862139
0.0892308
0.0574727
0.057298
0.152335
0.102244
0.0994729
0.0962117
0.179078
0.114256
0.177892
0.193561
0.18566
0.183549
0.107404
0.111431
0.106985
0.109839
0.162184
0.156686
0.188862
0.212577
0.20599
0.211815
0.209483
0.208367
0.142154
0.135998
0.175235
0.278494
0.392178
0.413672
0.355257
0.45167
0.113179
0.109913
0.143524
0.314362
0.187827
0.206722
0.198846
0.195719
0.124661
0.128054
0.164527
0.276784
0.534255
0.574186
0.585121
0.550298
0.0691142
0.0567283
0.170934
0.0715102
0.0831008
0.0903268
0.086068
0.0891883
0.079544
0.0864689
0.176812
0.10197
0.180973
0.189697
0.181453
0.182734
0.0574589
0.0575048
0.152324
0.102347
0.107352
0.111406
0.106959
0.109784
0.0995212
0.0962595
0.179291
0.115044
0.177603
0.193284
0.185374
0.183269
0.162342
0.156945
0.189135
0.213353
0.392198
0.413687
0.355247
0.451685
0.20577
0.211557
0.209222
0.208109
0.141983
0.135899
0.175048
0.278256
0.113237
0.109657
0.143249
0.314125
0.53538
0.574211
0.585167
0.550344
0.187591
0.206466
0.198599
0.195483
0.124595
0.127916
0.164357
0.276543
0.167598
0.176714
0.166624
0.174998
0.184338
0.210926
0.187842
0.202793
0.0232579
0.031475
0.0274753
0.0274704
0.0147647
0.175035
0.0570335
0.044798
0.165261
0.175347
0.16981
0.1745
0.0672464
0.0664512
0.0639776
0.0695725
0.125252
0.157674
0.150857
0.14133
0.0805205
0.0957018
0.140598
0.0803159
0.0239423
0.0311213
0.0286388
0.0286375
0.153511
0.159705
0.158986
0.158929
0.158756
0.170794
0.167203
0.156243
0.0603235
0.0603104
0.0759279
0.0512939
0.146404
0.171936
0.159067
0.159101
0.177207
0.166275
0.139698
0.091069
0.203145
0.197939
0.205638
0.19798
0.197732
0.200272
0.188054
0.208714
0.0951147
0.158001
0.110206
0.110207
0.0837164
0.0671263
0.0579249
0.0579324
0.160761
0.178541
0.158375
0.176472
0.270294
0.293319
0.337157
0.231027
0.168315
0.176662
0.166566
0.174971
0.18417
0.210834
0.202762
0.187781
0.165352
0.175341
0.169787
0.174496
0.0671905
0.0664226
0.0639391
0.0695322
0.125309
0.157783
0.141522
0.150915
0.0805235
0.0957045
0.140606
0.0804422
0.158751
0.170784
0.167198
0.156242
0.0603158
0.0603068
0.0758945
0.0512891
0.203211
0.197896
0.19791
0.205588
0.197804
0.200349
0.208795
0.188135
0.160943
0.178471
0.176655
0.158574
0.270345
0.293364
0.231057
0.337205
0.176104
0.190549
0.182932
0.183934
0.108743
0.109954
0.106874
0.110375
0.206116
0.200671
0.204804
0.210225
0.203534
0.203643
0.207868
0.206224
0.0855038
0.0826943
0.0831096
0.083123
0.0975968
0.104208
0.102791
0.102789
0.205781
0.205165
0.211249
0.207822
0.21047
0.20757
0.204112
0.216758
0.118201
0.114702
0.116784
0.116783
0.121663
0.114065
0.121
0.121
0.202774
0.205196
0.201951
0.203568
0.553765
0.626365
0.62414
0.624143
0.262771
0.231538
0.1997
0.211052
0.547697
0.602236
0.58618
0.586191
0.595262
0.607878
0.605774
0.605786
0.513835
0.451973
0.486557
0.486567
0.175827
0.190282
0.182662
0.183674
0.108749
0.109959
0.106878
0.110382
0.206287
0.200679
0.210411
0.204981
0.203282
0.203391
0.207598
0.205964
0.205524
0.204913
0.207578
0.21097
0.210468
0.207565
0.204075
0.216703
0.20203
0.204918
0.203312
0.201703
0.553592
0.626397
0.624217
0.624191
0.143905
0.152334
0.162267
0.159761
0.177119
0.184864
0.18686
0.188578
0.210718
0.21526
0.210972
0.212502
0.148648
0.166226
0.17811
0.184074
0.14392
0.152819
0.162248
0.159748
0.148851
0.166201
0.178019
0.184016
0.210944
0.215442
0.21116
0.212669
0.177284
0.185019
0.187103
0.188738
0.024228
0.0286002
0.0284328
0.0334092
0.0242223
0.0287209
0.0284544
0.0333829
0.0776183
0.0809143
0.0800577
0.079574
0.0776716
0.0810187
0.0800881
0.079659
0.140648
0.152959
0.155236
0.165829
0.181605
0.246583
0.228643
0.195316
0.181637
0.246572
0.228732
0.195146
0.140719
0.15325
0.155313
0.165909
0.0467838
-0.079219
0.155781
0.0294401
0.121582
0.148661
0.140831
0.165527
0.148335
0.121279
0.165706
0.140638
-0.0792003
0.0468796
0.0401433
0.155737
0.175731
0.182458
0.1827
0.189353
0.178413
0.185731
0.185981
0.193046
0.199865
0.194765
0.204972
0.201795
0.20623
0.202267
0.2077
0.205011
0.175445
0.182165
0.182415
0.18908
0.205967
0.202054
0.207427
0.20475
0.199616
0.194548
0.204691
0.201536
0.178132
0.185444
0.185704
0.192771
0.101686
0.0940667
0.103322
0.102873
0.0941673
0.10168
0.102871
0.10332
0.117284
0.115662
0.116888
0.113833
0.115654
0.117278
0.113826
0.116883
0.539747
0.538388
0.601217
0.58523
0.540403
0.601611
0.614487
0.610458
0.601658
0.540298
0.610494
0.614536
0.538379
0.539895
0.585258
0.601235
0.171217
0.186919
0.178308
0.187281
0.122863
0.124771
0.138611
0.144229
0.113808
0.122902
0.133426
0.137862
0.178379
0.190279
0.191067
0.207088
0.171265
0.186907
0.178304
0.187265
0.178084
0.190025
0.191188
0.207378
0.114012
0.123089
0.133583
0.13802
0.122884
0.124791
0.138643
0.144257
0.0950399
0.100532
0.0886124
0.0956554
0.0949491
0.100528
0.088521
0.0956532
0.0243497
0.0284471
0.0293466
0.0316076
0.0361712
0.04613
0.0326113
0.0419062
0.457225
0.499856
0.433402
0.478681
0.0904118
0.103584
0.107756
0.139225
0.0903951
0.103532
0.107757
0.139272
0.457215
0.49993
0.433473
0.478676
0.131541
0.134348
0.142043
0.148994
0.134317
0.131531
0.148994
0.142041
0.0645413
0.0577244
0.0742294
0.0727313
0.0577451
0.0647362
0.071481
0.0743366
0.0725608
0.0615466
0.0120933
0.0793288
0.107335
0.0156236
0.0729638
0.0658976
0.0226163
0.0822092
0.0803228
0.0192212
0.0751185
0.0656169
0.0702161
0.0764662
0.0888651
0.0845765
0.0682961
0.0222953
0.0497883
0.05011
0.0700639
0.0598439
0.0121481
0.0794785
0.0724324
0.0616331
0.107196
0.0157004
0.0145749
0.080308
0.0729438
0.0658685
0.0803273
0.0184857
0.0704779
0.0767242
0.0756983
0.0655097
0.0891328
0.0848595
0.0497526
0.0498529
0.0684271
0.0218704
0.0702243
0.0597672
0.154637
0.0753104
0.176478
0.0829706
0.176471
0.170585
0.0799302
0.0828508
0.142057
0.0835462
0.178492
0.103314
0.17539
0.179701
0.105545
0.106319
0.181024
0.241381
0.194812
0.19246
0.176103
0.276757
0.330048
0.397022
0.145438
0.254148
0.17499
0.169409
0.159639
0.267525
0.401085
0.394434
0.154626
0.0752757
0.0798892
0.0828204
0.176649
0.0829851
0.177278
0.170767
0.139914
0.0835808
0.105295
0.106143
0.178698
0.103036
0.175588
0.17994
0.180846
0.24189
0.329798
0.397179
0.194607
0.192277
0.175903
0.276519
0.145301
0.254001
0.400864
0.394283
0.17472
0.1692
0.159226
0.267269
0.098713
0.109793
0.0848804
0.0700134
0.137886
0.140395
0.147648
0.163464
0.0150297
0.138504
0.0150239
0.138575
0.0167511
0.0167496
0.151642
0.151661
0.152133
0.037763
0.165608
0.0615978
0.160789
0.166088
0.0594639
0.0531255
0.108532
0.102445
0.085477
0.0393385
0.124337
0.109866
0.117528
0.0626113
0.0181236
0.124741
0.0162567
0.124299
0.0204362
0.0207899
0.137574
0.137527
0.128088
0.053088
0.146107
0.0652101
0.150205
0.139876
0.0705238
0.0511154
0.107714
0.14592
0.107768
0.145886
0.129567
0.129596
0.171461
0.171088
0.158121
0.147705
0.184624
0.19077
0.195587
0.187625
0.18589
0.203867
0.0604963
0.0892867
0.0604767
0.0891963
0.0781943
0.0781906
0.0855918
0.0855758
0.114336
0.139528
0.139724
0.291827
0.139532
0.154688
0.302503
0.20308
0.0984694
0.109694
0.0845998
0.0677194
0.137587
0.140128
0.163414
0.147584
0.152252
0.0380731
0.165633
0.0615924
0.160824
0.166054
0.0574275
0.0563523
0.108451
0.102212
0.085478
0.0393147
0.11009
0.124408
0.117502
0.0627082
0.128123
0.0530797
0.146104
0.0653134
0.150202
0.139847
0.0705076
0.0511043
0.158394
0.148014
0.184853
0.191377
0.187726
0.195809
0.204023
0.185935
0.114378
0.13944
0.139934
0.292054
0.155006
0.139808
0.203107
0.302549
0.177016
0.105445
0.179357
0.11237
0.168206
0.1697
0.107083
0.110565
0.193784
0.195664
0.208373
0.209623
0.202322
0.20334
0.207505
0.206492
0.0873857
0.0907119
0.0871164
0.0906573
0.0881961
0.0882175
0.0954299
0.0953868
0.199676
0.19848
0.20923
0.210665
0.211876
0.208043
0.206033
0.209771
0.114541
0.114488
0.11449
0.114409
0.116214
0.116254
0.122233
0.122231
0.173484
0.281083
0.170075
0.285305
0.186631
0.187743
0.421446
0.423003
0.369503
0.465936
0.369517
0.465932
0.316377
0.316377
0.510507
0.510512
0.584476
0.554101
0.5845
0.55412
0.590438
0.59045
0.53467
0.534677
0.177193
0.105446
0.179571
0.112382
0.168387
0.169891
0.107087
0.110573
0.193501
0.19539
0.208102
0.209361
0.203073
0.202044
0.207234
0.206232
0.199414
0.198212
0.208978
0.210408
0.207779
0.211606
0.202412
0.209545
0.173295
0.280841
0.169919
0.285196
0.187546
0.186404
0.422796
0.421232
0.175817
0.185073
0.17468
0.180792
0.201983
0.193075
0.195932
0.203146
0.173897
0.183085
0.175099
0.180982
0.19291
0.201741
0.20314
0.195911
0.0445335
0.0445279
0.0617949
0.0665393
0.0617703
0.0665148
0.0748648
0.0749238
0.182576
0.182611
0.19223
0.212187
0.212228
0.192276
0.222031
0.222061
0.20723
0.218147
0.204953
0.204938
0.138636
0.143175
0.218087
0.207196
0.196317
0.197174
0.208257
0.205926
0.210692
0.207054
0.205748
0.206321
0.196051
0.196905
0.207989
0.205663
0.20694
0.210424
0.206049
0.205459
0.104299
0.107733
0.106301
0.106301
0.113298
0.113297
0.104301
0.107737
0.623412
0.621052
0.615314
0.615325
0.614435
0.614447
0.62108
0.623442
0.175701
0.168929
0.183484
0.172396
0.17461
0.209539
0.197329
0.211092
0.169145
0.175655
0.183481
0.172396
0.209474
0.174798
0.197158
0.211086
0.0401111
0.0401119
0.0736614
0.050683
0.0736587
0.05068
0.110867
0.110867
0.203778
0.203874
0.350425
0.248154
0.248171
0.35047
0.403419
0.40343
0.151516
0.0833212
0.161083
0.160948
0.0753056
0.0752785
0.151516
0.0835665
0.118538
0.132155
-0.112796
0.125787
0.0171542
0.0174792
0.111469
0.139195
0.137103
0.152333
0.023359
0.0330325
0.103989
0.116242
0.107253
0.117657
0.0359684
0.024438
0.106513
0.12639
0.103466
0.124045
0.0284801
0.0349665
0.116294
0.127639
0.096068
0.0921923
0.11931
0.125861
0.118883
0.17019
0.127121
0.169223
0.11514
0.154665
0.0965504
0.105051
0.0427023
0.0537952
0.07052
0.0760927
0.0532367
0.0739825
0.0970391
0.120917
0.0837389
0.113794
0.0172188
0.0174837
0.111578
0.139263
0.118332
0.131872
-0.112734
0.124722
0.135053
0.152526
0.0236079
0.0333021
0.0199869
0.0210304
0.106521
0.126345
0.104017
0.116253
0.107271
0.11764
0.103476
0.124051
0.0229262
0.030575
0.119709
0.125943
0.118913
0.16996
0.116538
0.127768
0.0957998
0.0917307
0.127245
0.169351
0.115407
0.155157
0.0704966
0.0760714
0.0530241
0.0738732
0.0967519
0.105266
0.0426319
0.0538652
0.0972286
0.121126
0.0837235
0.114358
0.178699
0.176946
0.0749672
0.0685434
0.169237
0.168589
0.0935067
0.103578
0.188485
0.185844
0.177005
0.18935
0.0824485
0.0848649
0.0866611
0.0942693
0.175092
0.160278
0.102002
0.0828931
0.173647
0.171663
0.117359
0.114025
0.178031
0.193257
0.184117
0.197933
0.105591
0.110038
0.110604
0.109093
0.204541
0.201861
0.23081
0.219291
0.206284
0.20905
0.204016
0.209696
0.190253
0.188589
0.412475
0.416997
0.297011
0.310475
0.479309
0.505771
0.165015
0.166757
0.449535
0.400582
0.19115
0.204963
0.183408
0.204203
0.180508
0.184556
0.411034
0.421671
0.539774
0.595611
0.525429
0.532348
0.178908
0.176904
0.074847
0.0689285
0.0823349
0.0847045
0.086605
0.0942395
0.169415
0.16877
0.0935944
0.103575
0.188684
0.185559
0.176742
0.189074
0.175067
0.16027
0.101942
0.0828757
0.105548
0.110023
0.110595
0.109072
0.173846
0.171853
0.117367
0.114034
0.177751
0.192987
0.184186
0.198106
0.204789
0.202119
0.230993
0.219509
0.296947
0.310453
0.479315
0.505804
0.205998
0.208785
0.203773
0.209446
0.190055
0.188373
0.412261
0.416772
0.164776
0.166891
0.449818
0.400603
0.53944
0.595642
0.525663
0.532381
0.190943
0.204666
0.183058
0.203956
0.180258
0.184274
0.410793
0.421451
0.166267
0.155481
0.159743
0.181339
0.168434
0.19683
0.150552
0.120286
0.0250423
0.0330894
0.0331018
0.0250438
0.176922
0.0379241
0.0361949
0.174852
0.156637
0.166986
0.185735
0.173533
0.0454941
0.0609093
0.072774
0.0719119
0.136036
0.157286
0.151915
0.123137
0.152631
0.135783
0.066168
0.0809062
0.0227794
0.0300516
0.0300552
0.0229895
0.147911
0.154148
0.154149
0.147873
0.166377
0.180856
0.160939
0.146224
0.0839922
0.0869413
0.0525853
0.0403095
0.169986
0.144871
0.144879
0.170037
0.00449465
0.0564968
0.0693488
0.00555349
0.205334
0.208472
0.19071
0.200486
0.17689
0.179678
0.220589
0.216799
0.0940559
0.152355
0.152387
0.0940404
0.0784417
0.0671437
0.0669334
0.078478
0.143277
0.15812
0.203897
0.175152
0.37163
0.393978
0.191855
0.171774
0.158716
0.166761
0.18127
0.159534
0.12148
0.150543
0.196798
0.168696
0.16697
0.156918
0.173584
0.185738
0.0609684
0.0454928
0.0718845
0.072736
0.123348
0.152124
0.157312
0.136076
0.135782
0.152623
0.0808483
0.0663444
0.18083
0.166348
0.146028
0.161181
0.0868374
0.0839908
0.0403062
0.0400873
0.196681
0.190027
0.208916
0.205551
0.216898
0.220657
0.17975
0.17696
0.17529
0.203846
0.158276
0.143481
0.171789
0.191894
0.394011
0.371665
0.175735
0.189755
0.19302
0.178639
0.106411
0.105214
0.112197
0.113419
0.196846
0.195898
0.20901
0.211822
0.195862
0.195343
0.208914
0.207919
0.0823364
0.0781392
0.078154
0.0825033
0.0946716
0.100839
0.100839
0.0947577
0.199329
0.199091
0.207541
0.207286
0.19415
0.201742
0.207536
0.220381
0.114358
0.111146
0.111142
0.114356
0.100101
0.0884836
0.0884809
0.100099
0.197984
0.205261
0.206205
0.200606
0.550111
0.622815
0.619497
0.54682
0.259935
0.230769
0.230811
0.259879
0.609189
0.551495
0.551389
0.609223
0.601322
0.614554
0.614576
0.601347
0.447471
0.510232
0.510256
0.447481
0.189482
0.175455
0.178353
0.192745
0.105215
0.106411
0.113424
0.112206
0.212006
0.209211
0.19592
0.197014
0.195073
0.195594
0.207652
0.208645
0.207008
0.207272
0.198817
0.199046
0.201702
0.194135
0.219935
0.207752
0.200372
0.205926
0.204996
0.197539
0.546621
0.619535
0.622859
0.549779
0.0627994
0.128721
0.14148
0.0819326
0.158536
0.162711
0.15432
0.149979
0.180982
0.16995
0.164582
0.172917
0.101095
0.0944981
0.151926
0.161829
0.158737
0.186388
0.183284
0.17956
0.204778
0.20725
0.190997
0.187863
0.187777
0.178622
0.193961
0.198991
0.162977
0.173905
0.178965
0.168122
0.179431
0.189916
0.212727
0.20668
0.1796
0.201909
0.208663
0.187263
0.196906
0.206085
0.210577
0.201394
0.205268
0.210375
0.214983
0.209147
0.0609909
0.085199
0.140317
0.110986
0.108203
0.163354
0.155445
0.0867324
0.188955
0.193916
0.183215
0.178559
0.166706
0.145067
0.187423
0.204354
0.0626671
0.0817612
0.145934
0.129042
0.100851
0.162033
0.15444
0.0942412
0.180948
0.172896
0.164565
0.169904
0.158565
0.150252
0.154705
0.162912
0.0613541
0.111246
0.140584
0.0849359
0.167003
0.204306
0.187387
0.145308
0.188737
0.178504
0.182751
0.193873
0.108103
0.0864365
0.155572
0.163776
0.17924
0.206439
0.212935
0.190165
0.205002
0.209323
0.215167
0.210113
0.196872
0.201355
0.210748
0.206263
0.179885
0.187589
0.208902
0.202113
0.158734
0.179746
0.183469
0.186615
0.162982
0.168185
0.178982
0.173878
0.187628
0.198989
0.19397
0.178612
0.2045
0.187579
0.191169
0.207429
0.0111382
0.0126708
0.0239102
0.0198564
0.0126695
0.0233082
0.0240587
0.0132003
0.0609659
0.0635835
0.0328631
0.0316125
0.0461811
0.0312478
0.0333875
0.0642371
0.0111887
0.0201711
0.0240117
0.0127072
0.0446975
0.0642245
0.0334695
0.031498
0.0609627
0.0316059
0.0328814
0.0635613
0.0126712
0.0132104
0.0240701
0.0233065
0.0789215
0.0847726
0.079972
0.0744514
0.0907406
0.0856536
0.0821357
0.0872827
0.0702031
0.0691522
0.0797401
0.0829042
0.057418
0.0657062
0.0806744
0.0699621
0.0789257
0.0745015
0.0800572
0.0848848
0.0574479
0.0700091
0.080705
0.065682
0.0702442
0.0829133
0.0797606
0.0691805
0.090765
0.087467
0.08226
0.0856709
0.0578871
0.104198
0.139765
0.0862801
0.156735
0.187243
0.165338
0.134822
0.19245
0.171228
0.167768
0.190202
0.109287
0.105085
0.142506
0.145755
0.268261
0.347168
0.240347
0.227872
0.36869
0.261478
0.254814
0.362671
0.212013
0.210082
0.229584
0.231003
0.1771
0.202233
0.226004
0.20722
0.26845
0.22903
0.240346
0.347176
0.177703
0.207295
0.22616
0.202949
0.212048
0.231033
0.229645
0.210154
0.368692
0.362609
0.25474
0.261478
0.0581519
0.0867625
0.139887
0.104501
0.109324
0.145784
0.142566
0.105136
0.192483
0.190293
0.167846
0.171262
0.157017
0.13513
0.165461
0.187346
0.0497515
0.0547891
0.0304211
0.102312
0.113102
0.17249
0.152198
0.0978545
0.209132
0.175449
0.171041
0.200897
0.142834
0.131362
-0.0616995
0.0502436
0.0588648
0.0936047
0.122875
0.0658671
0.146903
0.102795
0.171993
0.144635
0.2194
0.214543
0.156565
0.135767
0.132356
0.0621058
0.118439
0.188164
0.0583642
0.0655517
0.122688
0.0937901
0.132258
0.188105
0.117957
0.0617077
0.219376
0.148135
0.156743
0.214632
0.146937
0.144504
0.171898
0.106588
0.049902
0.102428
0.0305312
0.0537603
0.142864
0.0502655
0.0210121
0.131458
0.209119
0.200846
0.163854
0.18015
0.113069
0.097596
0.14482
0.173235
0.176811
0.176303
0.175678
0.178947
0.177179
0.175737
0.175733
0.176834
0.208451
0.208062
0.189528
0.189995
0.207323
0.189674
0.189198
0.207687
0.178418
0.177956
0.178257
0.17878
0.212153
0.211599
0.193151
0.193409
0.20882
0.191103
0.192995
0.210925
0.178934
0.179213
0.178526
0.176514
0.155853
0.162711
0.193017
0.189481
0.17028
0.199853
0.19632
0.166548
0.205444
0.207511
0.205147
0.204131
0.208801
0.206307
0.204797
0.208054
0.176856
0.204974
0.202887
0.175694
0.206771
0.206355
0.208622
0.21091
0.20572
0.205624
0.206828
0.206074
0.172621
0.174394
0.201466
0.200015
0.176985
0.17883
0.175389
0.176474
0.207052
0.207416
0.188925
0.189396
0.208185
0.189724
0.189253
0.207793
0.177356
0.177008
0.17545
0.17546
0.176664
0.175484
0.202611
0.20475
0.172445
0.199785
0.201255
0.174201
0.205433
0.205813
0.206556
0.205349
0.206512
0.210672
0.208381
0.206096
0.155535
0.189247
0.192806
0.162643
0.208549
0.207805
0.204524
0.206104
0.205181
0.203861
0.204844
0.207244
0.170072
0.166321
0.196086
0.199695
0.178623
0.178989
0.177979
0.177671
0.179112
0.176235
0.178243
0.179426
0.208556
0.210651
0.192719
0.190836
0.211884
0.193135
0.192878
0.211329
0.080968
0.0848337
0.0933565
0.085503
0.0936339
0.0973799
0.0967956
0.0922839
0.108057
0.108182
0.104642
0.104546
0.107179
0.103712
0.10345
0.106978
0.0809626
0.0856177
0.0934905
0.0847758
0.107184
0.106982
0.103447
0.103708
0.108057
0.104545
0.104641
0.108185
0.09359
0.0922509
0.0968885
0.0974629
0.103968
0.10645
0.117348
0.112868
0.117853
0.118429
0.118194
0.110714
0.111555
0.111691
0.115156
0.115041
0.110649
0.113991
0.113934
0.110477
0.10447
0.114743
0.117341
0.106498
0.110639
0.11047
0.113925
0.113823
0.111555
0.11504
0.115151
0.111687
0.117892
0.110734
0.118191
0.118428
0.275758
0.277093
0.514111
0.437895
0.281688
0.551
0.550028
0.279782
0.619214
0.606832
0.608542
0.627194
0.466676
0.46041
0.549083
0.551464
0.262864
0.535744
0.538915
0.272167
0.581408
0.598179
0.603212
0.586369
0.617071
0.623912
0.615365
0.611413
0.282749
0.284808
0.547144
0.55026
0.262606
0.271915
0.538666
0.535511
0.28257
0.550074
0.546853
0.284616
0.617009
0.611425
0.6154
0.623953
0.581424
0.586395
0.603247
0.59819
0.275527
0.437869
0.513964
0.276854
0.466656
0.551376
0.549184
0.460412
0.619229
0.627239
0.608573
0.606845
0.281422
0.279547
0.550501
0.550793
0.184745
0.159278
0.179274
0.178299
0.139899
0.160615
0.169025
0.149387
0.190404
0.200759
0.183818
0.174176
0.209951
0.191376
0.19148
0.207212
0.0603017
0.0859255
0.115165
0.092177
0.105424
0.138168
0.127847
0.0976926
0.178352
0.165093
0.150877
0.16348
0.131829
0.114365
0.135015
0.151218
0.055446
0.0832595
0.110403
0.078877
0.121333
0.152207
0.133555
0.105145
0.183814
0.156812
0.146312
0.167194
0.0856348
0.0851147
0.119522
0.125952
0.149038
0.186009
0.184717
0.145404
0.209489
0.212022
0.20171
0.205535
0.204559
0.194345
0.207717
0.213992
0.134014
0.13852
0.180281
0.168342
0.184947
0.178031
0.179265
0.159284
0.209679
0.207197
0.191468
0.191093
0.190244
0.174164
0.183808
0.200682
0.139887
0.149378
0.169033
0.16058
0.148873
0.145157
0.184502
0.185785
0.134194
0.168626
0.1804
0.138202
0.204567
0.213994
0.207661
0.194509
0.209231
0.205276
0.201507
0.212022
0.0555416
0.0786245
0.110577
0.0834292
0.0858005
0.126189
0.119706
0.0851458
0.183413
0.167405
0.146503
0.157009
0.121485
0.105235
0.133747
0.152484
0.0603488
0.0921652
0.11518
0.0858575
0.131717
0.151222
0.135015
0.114448
0.178365
0.163507
0.150903
0.165137
0.105603
0.0975891
0.127871
0.138316
0.104328
0.109906
0.0991669
0.0811082
0.118305
0.121644
0.100551
0.110686
0.107675
0.0737948
0.0890482
0.114068
0.0596847
0.0658166
0.0904611
0.0712846
0.104376
0.0811485
0.0990207
0.109852
0.0596938
0.0712876
0.0903541
0.0659162
0.107674
0.114068
0.0890455
0.0737484
0.118228
0.110615
0.100548
0.121644
0.0130043
0.015465
0.0236943
0.022175
0.0174792
0.0238055
0.0245906
0.0171393
0.0501944
0.0513092
0.0317845
0.0310108
0.054182
0.0310774
0.0311148
0.0511967
0.0156222
0.0223165
0.0416317
0.0359289
0.0541909
0.0512046
0.0475172
0.0311067
0.0501942
0.0310099
0.0324593
0.051312
0.0184102
0.0200088
0.0277381
0.023907
0.258539
0.291702
0.492992
0.538726
0.260472
0.322962
0.418387
0.317896
0.354427
0.449816
0.440055
0.343914
0.553681
0.554214
0.506345
0.512573
0.042166
0.0539132
0.0872751
0.0760791
0.0615169
0.0949311
0.0924001
0.0591634
0.252575
0.240286
0.147695
0.153793
0.182187
0.107927
0.127679
0.2191
0.0420775
0.0760531
0.0872599
0.0539053
0.182654
0.219128
0.127701
0.107904
0.252592
0.153792
0.147751
0.240346
0.061505
0.0591411
0.0923779
0.0949306
0.258343
0.538932
0.493004
0.291415
0.553688
0.512581
0.506383
0.554251
0.354546
0.343959
0.440062
0.449826
0.260682
0.318249
0.418411
0.323008
0.0571083
0.0998781
0.123522
0.0848539
0.130004
0.153046
0.142245
0.119405
0.156738
0.14833
0.149411
0.158792
0.0971115
0.097063
0.132089
0.130732
0.0562166
0.0847954
0.123525
0.0979015
0.0970853
0.130701
0.132081
0.0970164
0.155988
0.158722
0.149412
0.148174
0.129765
0.118178
0.142227
0.152984
0.0302527
0.0634538
0.0544235
0.025782
0.0936868
0.0830926
0.0717076
0.0832175
0.0858085
0.0860991
0.0776895
0.0665439
0.0421115
0.0344631
0.0626784
0.0719824
0.030844
0.0260673
0.0545904
0.0637123
0.042141
0.0720827
0.0628178
0.0346065
0.0858162
0.0665489
0.0777755
0.0861288
0.0937014
0.083335
0.0718476
0.0831032
