-0.783067
0.285
-2.305
-0.775
0.335
2.28808
-0.779639
0.835
-2.135
-0.745
1.00593
2.265
0.783065
0.285
-2.305
0.775
0.335
2.28808
0.785
0.835
-2.12964
0.745
1.00593
2.265
0.0931106
0.109436
0.112431
0.0994904
0.093007
0.106552
0.109324
0.0982416
-0.0267667
0.0279695
0.105579
0.116765
0.0373422
-0.0202257
-0.0568403
-0.0367419
0.019393
0.10361
0.112593
0.0224918
-0.034454
-0.0684807
-0.0325711
0.0244764
0.115827
0.108554
0.0204115
-0.0357721
-0.0696024
0.0285336
0.0807726
0.135313
0.128113
0.0678972
0.0161457
-0.0237519
-0.0403054
0.0136703
0.0987843
0.113961
0.0227165
-0.03434
-0.0684519
-0.0517573
-0.050136
-0.0812084
-0.0489019
-0.0510931
-0.0823299
0.0198969
0.0742323
0.133768
0.125641
0.0607217
0.00736667
-0.0321557
-0.0408266
0.0133604
0.0981784
0.11189
0.0218877
-0.0350763
-0.0693368
-0.0521683
-0.0506364
-0.0820021
-0.0494053
-0.0515507
-0.0830923
0.0187282
0.0728544
0.13212
0.124232
0.0596461
0.00638558
-0.0331526
-0.0281334
0.026678
0.10371
0.11345
0.0351239
-0.0220332
-0.0587429
-0.0380211
0.0180621
0.101679
0.109089
0.0206453
-0.0359715
-0.0702425
-0.0340855
0.0225723
0.112169
0.105762
0.0188533
-0.0371829
-0.0713044
0.0261419
0.0780264
0.132169
0.12532
0.0656417
0.0140812
-0.0258115
0.0688521
0.0194044
0.0727018
0.0355873
0.00948933
0.110223
0.116029
0.100743
0.0551472
0.076565
0.0674917
0.0724956
0.0361337
0.110392
0.0970951
0.0758233
0.0991296
0.154444
0.0779753
0.156015
0.095385
0.106698
0.499856
0.584383
0.0991033
0.152161
0.154474
0.104473
0.132099
0.129641
0.0455855
0.195334
0.226571
0.155815
0.153925
0.0862444
0.629794
0.13464
0.134136
0.0633416
0.289723
0.118336
0.0352341
0.0194014
0.0532202
0.0629788
0.00946243
0.0599187
0.0271319
0.0924975
0.0753892
0.0315469
0.0475746
0.053639
0.0194093
0.0364737
0.0530266
0.00763131
0.0629678
0.0597293
0.0929896
0.025841
0.0719911
0.0475556
0.0316014
0.0532878
0.0905977
0.0964546
0.12663
0.0652431
0.118979
0.102445
0.146106
0.0811809
0.112324
0.154613
0.109834
0.480735
0.0908917
0.156185
0.104511
0.583335
0.0925454
0.0800332
0.096446
0.125408
0.106902
0.104419
0.102291
0.140774
0.108842
0.481112
0.151338
0.107202
0.0899756
0.582861
0.154282
0.102879
0.125192
0.214643
0.0339749
0.162786
0.134687
0.0494133
0.102792
0.119305
0.0687502
0.158994
0.139264
0.0714983
0.17418
0.217909
0.135839
0.189784
0.108819
0.0880393
0.130438
0.270658
0.122436
0.215539
0.133425
0.0621953
0.102525
0.1197
0.138904
0.116931
0.131577
0.189227
0.129458
0.27023
0.127962
0.0786193
0.145566
0.155276
0.0652712
0.0823662
0.156815
0.151129
0.0849325
0.0704903
0.157927
0.63316
0.282444
0.624113
0.617885
0.476727
0.126999
0.0972846
0.143091
0.153214
0.155121
0.150007
0.155355
0.632704
0.120425
0.121559
0.146473
0.12402
0.119035
0.120099
0.142963
0.1203
0.0344778
0.0442278
0.0846281
0.0671476
0.157457
0.261095
0.261705
0.157245
0.10494
0.171088
0.170636
0.105345
0.127211
0.133692
0.157575
0.156126
0.126117
0.153198
0.155352
0.13275
0.0691268
0.0859054
0.0983395
0.0771026
0.623506
0.622524
0.622088
0.624271
0.151528
0.104483
0.099237
0.148251
0.150719
0.14696
0.0987659
0.104299
0.0746723
0.116004
0.0882171
0.065393
0.457558
0.101918
0.101885
0.456976
0.150929
0.151048
0.11812
0.118003
0.00690392
0.0193953
0.0416856
0.0231956
0.00781089
0.0349317
0.0205152
0.0495302
0.0577364
0.0184273
0.0327405
0.0388689
0.0178853
0.00634995
0.0401137
0.00759327
0.0231256
0.0347112
0.0507252
0.0199497
0.0549354
0.0326417
0.0184798
0.0386724
0.0908315
0.0951086
0.121161
0.0771973
0.120217
0.104451
0.138371
0.0979961
0.113245
0.142873
0.11128
0.407317
0.0967523
0.143291
0.10235
0.379101
0.0910464
0.0783288
0.0950994
0.12056
0.105509
0.103571
0.104449
0.138201
0.109791
0.405136
0.139363
0.108387
0.095796
0.377484
0.141402
0.100815
0.0566842
0.0389055
0.12051
0.19024
0.0194014
0.0194097
0.0258228
0.137852
0.0613603
0.0795534
0.136337
0.0633674
0.0759981
0.0346622
0.0813702
0.106679
0.00946989
0.00947511
0.0339487
0.0937251
0.0839312
0.114866
0.132113
0.0850797
0.110941
0.111077
0.154808
0.182854
0.089238
0.10815
0.125944
0.178581
0.0530461
0.0529636
0.0868775
0.113346
0.065917
0.0858909
0.120372
0.234441
0.0558316
0.0377089
0.117636
0.191527
0.0611703
0.0799742
0.135677
0.0635513
0.0759045
0.0346086
0.0812587
0.106811
0.0838466
0.10901
0.131959
0.122613
0.0857297
0.104704
0.121791
0.177843
0.0653685
0.0849176
0.119357
0.233624
0.0978165
0.100645
0.121261
0.0941273
0.142861
0.157272
0.150376
0.154939
0.0769013
0.0775688
0.0648619
0.0801706
0.150451
0.158595
0.156296
0.156301
0.0943577
0.0890222
0.0869483
0.0614226
0.108288
0.105925
0.144413
0.407497
0.501001
0.501251
0.394695
0.591617
0.591124
0.590957
0.604789
0.545696
0.0978087
0.100621
0.120788
0.100129
0.141053
0.15447
0.148075
0.152765
0.149051
0.156889
0.154651
0.154988
0.105844
0.1039
0.141744
0.40587
0.126653
0.134297
0.136519
0.138496
0.124049
0.132433
0.133299
0.136094
0.0372961
0.0475008
0.0474867
0.0503266
0.185547
0.195587
0.195298
0.197298
0.226303
0.186709
0.182795
0.2267
0.144642
0.155479
0.156434
0.159143
0.143205
0.153523
0.154647
0.156888
0.0853906
0.0842165
0.0882652
0.0935026
0.638621
0.631683
0.62481
0.638204
0.118419
0.138027
0.134139
0.146514
0.117923
0.137622
0.13328
0.145563
0.0664218
0.0674579
0.0674123
0.0669661
0.185871
0.285613
0.28548
0.386804
0.120849
0.167703
0.100688
0.120974
0.09935
0.075338
0.0261018
0.124569
0.121406
0.0457366
0.0936204
0.143294
0.0304094
0.0881085
0.085125
0.0587375
0.093699
0.126331
0.134312
0.171127
0.111885
0.126558
0.0797913
0.104649
0.0809901
0.10299
0.0917915
0.0933348
0.033347
0.12478
0.0982894
0.0810152
0.120681
0.0456964
0.0307022
0.0882488
0.093546
0.143248
0.0849318
0.0963014
0.134204
0.170287
0.0904366
0.128406
0.107692
0.126236
0.0813175
0.103072
0.0795381
0.104817
0.0912838
0.0932127
0.117075
0.0868099
0.12137
0.0818951
0.123783
0.126933
0.0647166
0.0671846
0.140953
0.0902672
0.122578
0.0923235
0.136499
0.154036
0.0791428
0.0625642
0.137725
0.2258
0.150809
0.155414
0.143604
0.393278
0.375163
0.571604
0.136353
0.409966
0.156871
0.152482
0.145108
0.387544
0.60847
0.537909
0.11671
0.0869758
0.0812624
0.0829693
0.120836
0.088726
0.122542
0.125774
0.140447
0.113679
0.101379
0.115811
0.122079
0.0993473
0.135562
0.152779
0.133816
0.226586
0.375418
0.571644
0.14741
0.152309
0.140402
0.390498
0.134793
0.409025
0.608048
0.537382
0.15483
0.150868
0.142818
0.385504
0.123233
0.124492
0.190118
0.160107
0.0342191
0.0342112
0.168805
0.16915
0.123558
0.137263
0.039468
0.0531935
0.114433
0.102324
0.16347
0.120854
0.0739452
0.0670085
0.156868
0.156926
0.149931
0.120692
0.0731411
0.0704477
0.16992
0.16982
0.184883
0.185404
0.140539
0.132704
0.175081
0.204759
0.106688
0.106673
0.0836274
0.0835448
0.116227
0.142745
0.36625
0.168599
0.121164
0.121097
0.160956
0.190887
0.122229
0.136055
0.0498914
0.0669319
0.101937
0.11418
0.16352
0.120931
0.14937
0.120555
0.116473
0.0982056
0.130548
0.136926
0.20436
0.174594
0.141567
0.115502
0.168312
0.365589
0.127466
0.130385
0.0766691
0.0806855
0.134687
0.148598
0.143655
0.158308
0.0662142
0.0662256
0.0812543
0.0820155
0.147996
0.159447
0.152723
0.152916
0.0848974
0.0899222
0.0726127
0.072442
0.15795
0.156956
0.634306
0.629755
0.277078
0.277563
0.632145
0.632102
0.627027
0.626872
0.472981
0.472873
0.126434
0.129442
0.0944114
0.101038
0.14563
0.132835
0.142033
0.155773
0.157466
0.146676
0.151775
0.15169
0.154196
0.155545
0.629349
0.633826
0.0868933
0.124743
0.125
0.1124
0.122455
0.138889
0.138295
0.139099
0.142528
0.132427
0.143344
0.15319
0.0893834
0.0975632
0.128772
0.120509
0.0863853
0.110567
0.12303
0.124049
0.0854997
0.116282
0.125464
0.0951751
0.138736
0.150301
0.140297
0.128369
0.121853
0.138616
0.136479
0.137054
0.0316256
0.0259492
0.0383774
0.0510297
0.0325355
0.0511825
0.0383658
0.0259455
0.0708817
0.0651836
0.0517508
0.067668
0.071989
0.0679478
0.0517643
0.0648032
0.100372
0.148099
0.18397
0.149552
0.341955
0.392739
0.200567
0.18919
0.341846
0.18899
0.199911
0.393055
0.100574
0.149488
0.183725
0.146896
0.0818283
0.165628
0.202855
0.141299
0.113393
0.176852
0.185795
0.128034
0.115868
0.129635
0.186342
0.177617
0.0824686
0.141435
0.203186
0.166701
0.121313
0.121317
0.144061
0.143268
0.12335
0.148825
0.14596
0.121718
0.14413
0.144752
0.159476
0.159126
0.143272
0.157811
0.15876
0.150272
0.120745
0.141552
0.14253
0.120814
0.13995
0.147695
0.156361
0.155136
0.142033
0.157284
0.157356
0.142275
0.122459
0.121232
0.144589
0.147471
0.0798068
0.0790777
0.0832337
0.0915521
0.0813213
0.0975066
0.0911274
0.0797918
0.10205
0.086963
0.0883112
0.102791
0.095161
0.0956099
0.0872943
0.0921409
0.395451
0.393004
0.640176
0.59603
0.381522
0.613085
0.633955
0.391754
0.379733
0.389562
0.633751
0.612961
0.392466
0.596032
0.64017
0.390491
0.143613
0.141007
0.150354
0.155259
0.0673476
0.101493
0.128986
0.104515
0.0713859
0.107574
0.118929
0.0820781
0.145674
0.156821
0.149025
0.1303
0.143315
0.154026
0.149571
0.139026
0.144201
0.129086
0.147837
0.155371
0.0711077
0.0818814
0.118277
0.106812
0.0672161
0.104376
0.128574
0.10137
0.0770807
0.0619927
0.0700883
0.087717
0.111451
0.121191
0.0699746
0.0624452
0.0493363
0.0355767
0.0703619
0.110002
0.035575
0.0680113
0.0687271
0.0345247
0.389603
0.327883
0.382111
0.547984
0.073317
0.0847956
0.182316
0.137478
0.0733002
0.137002
0.182238
0.0849274
0.388282
0.547745
0.381918
0.327142
0.0811696
0.0923492
0.167265
0.154164
0.0811108
0.154301
0.167314
0.0923553
0.0862847
0.110873
0.0970116
0.107979
0.0863381
0.107943
0.0969441
0.110687
0.00697853
0.0193865
0.034736
0.0102927
0.0163502
0.021288
0.0127502
0.037347
0.0414886
0.0127609
0.0258277
0.0289259
0.0193937
0.00695961
0.0341853
0.00667013
0.0102993
0.0210172
0.038682
0.012357
0.0397829
0.0258773
0.0127723
0.0287602
0.0919486
0.0944598
0.117535
0.0778394
0.109898
0.105458
0.127034
0.0988775
0.112862
0.132212
0.111864
0.239473
0.0985421
0.128267
0.100911
0.229281
0.0920106
0.0778219
0.0944511
0.117217
0.104088
0.0983522
0.105535
0.12655
0.10965
0.235989
0.128778
0.108803
0.0965451
0.22752
0.126676
0.0996387
0.0634863
0.0729739
0.102557
0.160892
0.019401
0.0194074
0.0241857
0.146035
0.0653365
0.0766736
0.13702
0.064986
0.0792976
0.035753
0.069258
0.0923185
0.00947759
0.00948309
0.0401121
0.0890423
0.0963412
0.108278
0.128297
0.0909368
0.114864
0.115
0.139242
0.194534
0.0951175
0.104822
0.117263
0.149739
0.0544745
0.0543804
0.0763233
0.101544
0.0712449
0.0814325
0.108394
0.193583
0.0624168
0.0715974
0.10054
0.16208
0.06515
0.0764848
0.13666
0.064936
0.0792438
0.0357831
0.0692543
0.0930111
0.0964174
0.10834
0.128353
0.111001
0.0916251
0.101295
0.112933
0.14887
0.0706208
0.0805868
0.107461
0.193204
0.0984643
0.0997721
0.117238
0.0941937
0.149515
0.156684
0.152408
0.154697
0.0774406
0.0778285
0.0672472
0.0790732
0.154063
0.15809
0.156102
0.150811
0.0884483
0.0889943
0.0879559
0.0648776
0.107454
0.10629
0.131138
0.252977
0.50266
0.502716
0.448457
0.546088
0.589343
0.58925
0.596175
0.567088
0.0984555
0.099742
0.116998
0.0945676
0.147442
0.154139
0.150122
0.152448
0.152643
0.156475
0.154509
0.1494
0.105121
0.104158
0.128782
0.250353
0.131747
0.133459
0.134105
0.134714
0.129208
0.131294
0.131292
0.132277
0.0389568
0.0465432
0.0465362
0.047961
0.19069
0.196161
0.19599
0.202557
0.227854
0.214313
0.231716
0.228068
0.151294
0.15562
0.156123
0.158163
0.149626
0.153695
0.154283
0.156091
0.0858205
0.0852299
0.0872577
0.0934444
0.635653
0.631782
0.627819
0.635514
0.126462
0.13589
0.135574
0.139974
0.125827
0.13527
0.134763
0.139122
0.0649826
0.0654008
0.0653802
0.06542
0.238451
0.28895
0.288868
0.339043
0.119392
0.168022
0.115856
0.119431
0.00570092
0.0484867
0.076886
0.0850371
0.0193993
0.0194024
0.0243457
0.128658
0.0477504
0.0572175
0.121899
0.0481325
0.0485873
0.0706446
0.0862384
0.127208
0.00935997
0.00944702
0.0338711
0.0821579
0.0477515
0.0719272
0.0777911
0.0614497
0.0248487
0.0271456
0.0679465
0.0960541
0.0589662
0.103304
0.116333
0.159107
0.0676567
0.0828121
0.0989651
0.123365
0.0235431
0.0357298
0.0651207
0.0886835
0.0431937
0.0509368
0.0721155
0.0905011
0.0465985
0.0593692
0.0824728
0.0837734
0.017928
0.0194105
0.0297105
0.128723
0.00778455
0.0477447
0.0759701
0.0858322
0.0474269
0.0570987
0.121508
0.0480866
0.00745775
0.00945246
0.0396161
0.0815637
0.0484725
0.0705922
0.0861815
0.127188
0.0474422
0.0716577
0.077681
0.0726159
0.0599035
0.103508
0.116384
0.159329
0.0240543
0.0264888
0.0649442
0.0969489
0.0642665
0.0792508
0.0946249
0.122538
0.043186
0.0509424
0.0720951
0.0905327
0.0234992
0.0357297
0.065011
0.0887715
0.0461202
0.0589242
0.0819608
0.0836206
0.0907932
0.0846482
0.114478
0.0878657
0.095772
0.0971392
0.117589
0.0829445
0.12038
0.135063
0.125353
0.126784
0.0613589
0.0763507
0.0660842
0.066214
0.120816
0.116967
0.134899
0.109077
0.103446
0.101473
0.118342
0.0931479
0.145418
0.146052
0.138094
0.145962
0.0696928
0.093822
0.0801629
0.064466
0.112875
0.110746
0.129941
0.20038
0.150137
0.156985
0.152761
0.155022
0.110592
0.109096
0.131779
0.238027
0.460428
0.494052
0.428765
0.528044
0.0933932
0.0896085
0.124117
0.307522
0.151283
0.157925
0.156521
0.154214
0.103409
0.105314
0.131044
0.233985
0.525433
0.589278
0.596794
0.562076
0.0907703
0.0846457
0.114533
0.0882888
0.0873066
0.0774003
0.083475
0.0815013
0.0957626
0.0971324
0.117339
0.082986
0.119489
0.133539
0.124122
0.125591
0.106305
0.108148
0.132462
0.110367
0.116285
0.0889313
0.102899
0.115774
0.103368
0.10124
0.118084
0.0930877
0.144837
0.144743
0.137156
0.145775
0.109358
0.107135
0.125853
0.199673
0.46085
0.494444
0.428976
0.528367
0.146768
0.153984
0.149427
0.151836
0.107857
0.10654
0.128846
0.234952
0.0925191
0.0885254
0.122841
0.305495
0.524402
0.589021
0.59636
0.561714
0.149386
0.156145
0.154573
0.152479
0.101792
0.103611
0.129055
0.231726
0.124195
0.12598
0.124025
0.125095
0.205206
0.221738
0.203446
0.221068
0.0323699
0.0356355
0.0340961
0.0340921
0.150749
0.174725
0.16365
0.163793
0.135547
0.13511
0.133374
0.136148
0.0578823
0.0484558
0.0419639
0.0513091
0.0929108
0.11094
0.115583
0.102529
0.114825
0.120582
0.164601
0.116073
0.061838
0.0688802
0.0712938
0.0679314
0.13521
0.165067
0.158009
0.158109
0.136618
0.135338
0.141155
0.127128
0.0735437
0.0694912
0.0725997
0.0724613
0.164693
0.180064
0.172733
0.172695
0.217248
0.207075
0.189797
0.192701
0.132614
0.13694
0.138002
0.138453
0.183246
0.193757
0.182744
0.197119
0.0974509
0.132306
0.107842
0.107822
0.0757761
0.0944378
0.0881965
0.0881862
0.126461
0.132942
0.123774
0.137178
0.256614
0.27976
0.31892
0.220457
0.12139
0.123284
0.121619
0.122029
0.206284
0.222376
0.222112
0.204275
0.134579
0.133547
0.132079
0.134901
0.0616433
0.0484738
0.0528177
0.064569
0.0928591
0.110655
0.102177
0.115266
0.115056
0.120804
0.164742
0.116145
0.136304
0.134333
0.1407
0.12674
0.128173
0.0694986
0.116745
0.108746
0.128663
0.133341
0.134384
0.1343
0.182596
0.193444
0.196583
0.182218
0.125457
0.131995
0.136101
0.122913
0.256125
0.27947
0.220167
0.318274
0.120776
0.136811
0.127712
0.128677
0.0695631
0.0849468
0.0696209
0.0713979
0.148401
0.142401
0.14054
0.147944
0.155133
0.155373
0.150294
0.157439
0.0677696
0.0527039
0.0657447
0.0657503
0.0812686
0.0896141
0.081813
0.0822543
0.156734
0.15672
0.153324
0.158688
0.153469
0.148807
0.150898
0.154637
0.0921046
0.0839232
0.0849188
0.0843921
0.0581951
0.0687465
0.0715524
0.0714688
0.153012
0.159094
0.157928
0.157371
0.543185
0.637771
0.635118
0.630978
0.339963
0.223615
0.281122
0.281326
0.612909
0.629487
0.630184
0.630155
0.611337
0.621718
0.623828
0.623753
0.519762
0.432688
0.476162
0.476028
0.120063
0.135606
0.126715
0.12773
0.106791
0.0935361
0.095848
0.0987525
0.146018
0.139914
0.145262
0.138412
0.153019
0.153368
0.148421
0.155124
0.155048
0.154981
0.156852
0.151821
0.152244
0.147794
0.149859
0.153448
0.150376
0.156691
0.154702
0.155431
0.541083
0.637361
0.630569
0.634654
0.108561
0.120904
0.122429
0.122093
0.116506
0.122266
0.139652
0.128118
0.143366
0.148682
0.143739
0.148534
0.113087
0.120949
0.124248
0.127286
0.109466
0.119847
0.120698
0.120732
0.109711
0.117052
0.120529
0.123362
0.139683
0.145228
0.140192
0.14528
0.115669
0.121009
0.138439
0.126544
0.0327544
0.0414851
0.034346
0.0369741
0.0420591
0.0445238
0.0343442
0.0472448
0.0817635
0.0868695
0.0692964
0.066686
0.0668379
0.0686283
0.0550888
0.0666897
0.146122
0.152879
0.164728
0.166645
0.245971
0.320144
0.204265
0.270847
0.246755
0.320582
0.205265
0.271309
0.146017
0.152986
0.164507
0.166331
0.0916862
0.109489
0.160714
0.11526
0.14492
0.173998
0.16583
0.182341
0.173656
0.146766
0.17643
0.166173
0.109843
0.092296
0.115606
0.161184
0.120459
0.127084
0.127337
0.135847
0.125505
0.13507
0.132073
0.141851
0.157234
0.153008
0.159021
0.157813
0.155754
0.151511
0.158096
0.156445
0.119648
0.125958
0.126274
0.134487
0.152739
0.148469
0.155413
0.15359
0.155102
0.150717
0.156921
0.15552
0.124788
0.134131
0.131128
0.140728
0.0635289
0.0681556
0.075694
0.0806825
0.0844373
0.0947148
0.0818797
0.0929616
0.0998592
0.108497
0.0848328
0.0968198
0.0668926
0.0781227
0.0760821
0.0832857
0.541708
0.606188
0.632484
0.629338
0.533741
0.615785
0.626694
0.62674
0.615365
0.531908
0.626487
0.626284
0.606022
0.539424
0.629161
0.632136
0.150722
0.152705
0.15073
0.146214
0.0991328
0.0949914
0.110746
0.112501
0.0899932
0.0966508
0.101229
0.108233
0.143196
0.150213
0.146383
0.149952
0.149235
0.151672
0.150031
0.145352
0.141807
0.14869
0.145124
0.148702
0.0896353
0.096171
0.100798
0.107625
0.0991202
0.0947821
0.110554
0.112267
0.0763939
0.0608998
0.0739261
0.0736531
0.123137
0.115904
0.116241
0.073418
0.0727065
0.110444
0.0764764
0.0927147
0.0567704
0.0648188
0.0662079
0.0690902
0.443298
0.508838
0.412337
0.467245
0.0898499
0.098203
0.104866
0.115584
0.0900054
0.0980384
0.104833
0.115398
0.442631
0.50849
0.411659
0.466875
0.149299
0.127622
0.159027
0.154167
0.127643
0.149327
0.154318
0.159157
0.10936
0.113238
0.121486
0.125243
0.113206
0.109372
0.125198
0.121488
0.0580553
0.0511958
0.0294821
0.0996599
0.0884151
0.0351604
0.0560246
0.0688255
0.02753
0.0716098
0.0570364
0.0401102
0.0643696
0.085988
0.0805448
0.0944318
0.0817788
0.0955183
0.0585753
0.0707799
0.061442
0.0733712
0.0633646
0.0642668
0.0304175
0.0994881
0.0575646
0.051119
0.0879341
0.0349205
0.0763375
0.0715255
0.0559333
0.06865
0.0569586
0.0476938
0.0812408
0.096779
0.0609023
0.0876818
0.0776986
0.0953128
0.0614014
0.0734071
0.0584464
0.0707688
0.0630537
0.0642913
0.120743
0.0713021
0.117607
0.080426
0.1218
0.12124
0.0742602
0.0779959
0.140551
0.076155
0.119169
0.0958573
0.123521
0.13518
0.0965797
0.0778743
0.132572
0.232021
0.142657
0.143029
0.132044
0.238868
0.380076
0.395783
0.125826
0.228582
0.143718
0.143246
0.129758
0.231004
0.380098
0.384274
0.120445
0.069917
0.0741263
0.0798218
0.117328
0.080421
0.121198
0.120655
0.140306
0.101522
0.103401
0.111527
0.118858
0.0957226
0.122504
0.134458
0.128848
0.227057
0.378453
0.392781
0.139011
0.13963
0.12882
0.235518
0.124439
0.227114
0.378434
0.382312
0.141726
0.141438
0.127904
0.229007
0.0930326
0.138165
0.073893
0.104547
0.116703
0.120313
0.178734
0.196889
0.0242517
0.143098
0.0242509
0.142966
0.0258841
0.0258823
0.138574
0.138645
0.125058
0.0529549
0.139582
0.0692739
0.13479
0.137779
0.0536754
0.0656648
0.0959037
0.141786
0.070001
0.0923641
0.102826
0.0820535
0.154634
0.105112
0.0368254
0.0871963
0.0450366
0.0870997
0.0347633
0.0339487
0.0931822
0.0931753
0.0985157
0.0770022
0.132894
0.108712
0.132634
0.114336
0.0865817
0.0928226
0.133974
0.190344
0.133883
0.19078
0.153256
0.153219
0.179198
0.179617
0.108304
0.138258
0.125177
0.161086
0.129182
0.12333
0.166274
0.187725
0.075126
0.0984908
0.0751074
0.0985588
0.0859056
0.086013
0.112537
0.112472
0.0969818
0.121815
0.117564
0.270519
0.114436
0.125791
0.282083
0.185224
0.0913931
0.139235
0.0691095
0.106094
0.114746
0.117596
0.198498
0.179986
0.124681
0.0529075
0.139405
0.0693932
0.134113
0.137208
0.0549312
0.0656467
0.095739
0.141535
0.069926
0.0923411
0.0818966
0.10272
0.154694
0.105211
0.0983953
0.0964061
0.132503
0.112298
0.131576
0.114141
0.121923
0.111185
0.104196
0.13756
0.120968
0.159309
0.11908
0.125007
0.187223
0.165493
0.0962654
0.121509
0.11643
0.269481
0.124662
0.113553
0.186203
0.281614
0.117424
0.0916937
0.117553
0.0967642
0.121291
0.12128
0.0928397
0.0954575
0.140853
0.143065
0.155288
0.157587
0.145247
0.152561
0.149925
0.157084
0.066681
0.0779897
0.0672582
0.0787904
0.0650253
0.0648342
0.0796266
0.0800412
0.149661
0.148969
0.158887
0.156178
0.153716
0.158384
0.155401
0.15767
0.086915
0.0646713
0.0943306
0.0654109
0.09321
0.0864234
0.0617075
0.0619338
0.131361
0.238552
0.13136
0.2367
0.144572
0.150958
0.394039
0.4049
0.44788
0.548606
0.448115
0.548805
0.395479
0.395637
0.596128
0.596204
0.603731
0.571753
0.60355
0.571584
0.610348
0.610288
0.548076
0.547982
0.117182
0.0920478
0.117305
0.0967402
0.120804
0.120803
0.0977065
0.100355
0.139035
0.141302
0.152439
0.154847
0.149949
0.143126
0.147952
0.154652
0.148282
0.147594
0.157115
0.154627
0.156663
0.15225
0.154132
0.156281
0.128674
0.235724
0.129141
0.234268
0.148311
0.142017
0.402721
0.391609
0.125032
0.127653
0.133836
0.135905
0.136601
0.13472
0.137839
0.140006
0.122742
0.124707
0.131919
0.134057
0.131466
0.133373
0.13725
0.13573
0.0378361
0.0378302
0.0404567
0.0496382
0.0404431
0.0496237
0.0510391
0.0510459
0.185403
0.185318
0.190189
0.202799
0.20244
0.189958
0.198293
0.197969
0.2156
0.231845
0.188318
0.188532
0.185261
0.185612
0.232376
0.216101
0.144362
0.1452
0.150715
0.157814
0.152523
0.158507
0.159383
0.159047
0.142878
0.143799
0.148947
0.155619
0.156554
0.150946
0.156721
0.157191
0.0843116
0.0863454
0.0837278
0.0911588
0.0882924
0.087783
0.0923151
0.0945612
0.640304
0.636868
0.637648
0.637597
0.630719
0.630629
0.636687
0.640071
0.128979
0.118883
0.141149
0.132237
0.126382
0.143069
0.146429
0.150717
0.118351
0.128432
0.140488
0.131662
0.141921
0.125622
0.145577
0.149685
0.0683936
0.0673521
0.0690462
0.0687611
0.0689525
0.0681909
0.0685282
0.0684733
0.18509
0.185063
0.334654
0.234497
0.234473
0.334464
0.385844
0.385745
0.167879
0.120321
0.168041
0.168061
0.101428
0.101413
0.168112
0.120356
0.0920796
0.106617
0.0804032
0.133182
0.028035
0.0260208
0.103597
0.133611
0.105906
0.12316
0.0422177
0.0483832
0.0819495
0.0984731
0.119922
0.150504
0.0406686
0.0343347
0.0860297
0.0904101
0.0763955
0.0946264
0.0487619
0.0635611
0.0921744
0.0955773
0.122584
0.125064
0.118912
0.143388
0.131011
0.180445
0.10305
0.116774
0.115579
0.134686
0.0765186
0.0814078
0.0936011
0.112598
0.0774663
0.0834715
0.0965852
0.10756
0.0821319
0.100216
0.0816925
0.109866
0.0333189
0.0260185
0.103756
0.13374
0.091188
0.105203
0.0810007
0.135752
0.10531
0.12245
0.0414067
0.0485449
0.073947
0.036376
0.0861745
0.0904651
0.0818377
0.0983831
0.119839
0.150561
0.0762525
0.0945808
0.0929975
0.102907
0.117938
0.143359
0.133028
0.174906
0.0886539
0.0927352
0.124918
0.127263
0.0988458
0.112635
0.115537
0.13377
0.0778529
0.0835035
0.096652
0.107803
0.0762726
0.0811811
0.093632
0.112556
0.0817349
0.0995843
0.0819165
0.10972
0.120139
0.141035
0.0872921
0.070234
0.121361
0.121343
0.0805949
0.0902645
0.120119
0.131339
0.120407
0.135457
0.0632313
0.0647626
0.062377
0.0785164
0.1415
0.140819
0.0877695
0.0890082
0.12306
0.122148
0.0937423
0.0915586
0.128423
0.143962
0.153736
0.149819
0.0682968
0.091591
0.0609649
0.0622782
0.140528
0.135353
0.283124
0.19817
0.148155
0.153101
0.150853
0.157589
0.143434
0.143751
0.393794
0.392794
0.364305
0.386287
0.543019
0.590464
0.145769
0.133711
0.431049
0.370493
0.152208
0.15856
0.128823
0.154693
0.14457
0.145168
0.384191
0.389791
0.525507
0.612669
0.520163
0.544713
0.119651
0.140641
0.0843016
0.0718
0.0794302
0.0653501
0.0909698
0.0796397
0.12081
0.120825
0.0873231
0.0961953
0.11922
0.129798
0.119561
0.134019
0.141028
0.139672
0.119189
0.114473
0.112483
0.0869189
0.122223
0.062957
0.122455
0.121655
0.100699
0.0980116
0.127675
0.142816
0.153059
0.148626
0.136694
0.131379
0.283529
0.197565
0.364239
0.386671
0.541907
0.590466
0.144535
0.149964
0.147626
0.15473
0.140204
0.140695
0.390838
0.390141
0.143923
0.13239
0.429823
0.369756
0.523632
0.61243
0.519201
0.544425
0.15011
0.15662
0.127164
0.153171
0.142374
0.1428
0.38225
0.387691
0.124261
0.119367
0.120859
0.126649
0.180193
0.197871
0.181019
0.145023
0.0325541
0.0362982
0.0362885
0.0325483
0.18665
0.151965
0.152081
0.187696
0.124146
0.12495
0.138477
0.138178
0.0389223
0.0467228
0.0621583
0.0524782
0.108229
0.121713
0.111337
0.0926612
0.165833
0.160821
0.116266
0.123041
0.0669737
0.073322
0.0690067
0.0591033
0.133236
0.16385
0.163873
0.133258
0.149037
0.143291
0.125882
0.112511
0.0716266
0.0750266
0.0714569
0.0695949
0.17725
0.159977
0.159879
0.17712
0.186113
0.188136
0.186972
0.186511
0.1379
0.143105
0.130461
0.130625
0.167445
0.18058
0.203237
0.198926
0.0948072
0.12921
0.129325
0.0948045
0.0771742
0.0903087
0.0902277
0.0771003
0.112967
0.118035
0.146781
0.137279
0.351857
0.375966
0.177386
0.15576
0.117453
0.122237
0.1233
0.117965
0.146291
0.181606
0.198343
0.181146
0.123301
0.123134
0.137316
0.137081
0.0507587
0.0389183
0.0525014
0.0670844
0.0923805
0.11082
0.121372
0.108059
0.160839
0.165887
0.123096
0.116298
0.142506
0.14697
0.11249
0.125864
0.125649
0.0714822
0.0723264
0.119666
0.126368
0.126848
0.139724
0.134032
0.198318
0.202469
0.180337
0.166857
0.136071
0.145676
0.117337
0.112221
0.155853
0.17717
0.375424
0.351185
0.120499
0.136242
0.139301
0.122489
0.0828742
0.0684584
0.0691923
0.0869396
0.13692
0.1404
0.145992
0.150943
0.143846
0.143466
0.15806
0.158511
0.0684018
0.0538893
0.0539017
0.0682165
0.0801663
0.0885652
0.0899398
0.0810204
0.14841
0.147135
0.1595
0.159302
0.151642
0.153812
0.153242
0.151959
0.0920923
0.0839295
0.0828952
0.084869
0.0595466
0.0713693
0.071226
0.0597021
0.153128
0.159247
0.158618
0.147027
0.541235
0.63885
0.633708
0.539722
0.336121
0.21898
0.219561
0.336291
0.637811
0.619569
0.61954
0.637805
0.620059
0.630918
0.63073
0.619957
0.428263
0.519636
0.519558
0.42795
0.134945
0.119739
0.121768
0.138152
0.103177
0.0912241
0.0957476
0.110435
0.148008
0.142997
0.138604
0.135069
0.1418
0.142269
0.156047
0.155459
0.157378
0.157451
0.145795
0.147085
0.152721
0.150792
0.150819
0.151858
0.145855
0.156069
0.156987
0.150655
0.537747
0.633415
0.638689
0.538948
0.0573652
0.106183
0.107201
0.0660147
0.133568
0.134082
0.12262
0.123561
0.133419
0.124674
0.123828
0.134231
0.0983137
0.0861378
0.117952
0.120635
0.120308
0.120586
0.118457
0.116249
0.147402
0.143089
0.129582
0.133124
0.135158
0.136616
0.140657
0.138144
0.138344
0.141491
0.140343
0.136951
0.132596
0.131363
0.145961
0.14914
0.121705
0.134878
0.140761
0.128045
0.136722
0.145433
0.145884
0.137416
0.154631
0.15505
0.15089
0.150283
0.0607732
0.0665182
0.109874
0.0918243
0.103602
0.123269
0.116942
0.068456
0.133119
0.13701
0.12729
0.12642
0.113133
0.103943
0.126961
0.131879
0.0570575
0.0651425
0.106352
0.105741
0.0965187
0.118316
0.116425
0.0848799
0.131191
0.132625
0.122136
0.12232
0.133429
0.123177
0.121584
0.133095
0.0578529
0.087668
0.106143
0.0631944
0.108647
0.127763
0.122409
0.0998019
0.130293
0.123409
0.123604
0.133347
0.101121
0.0656696
0.113918
0.120163
0.129021
0.145633
0.142286
0.127514
0.152051
0.147633
0.147651
0.151963
0.133915
0.135775
0.142555
0.142729
0.117332
0.123838
0.136972
0.130947
0.120009
0.11614
0.117603
0.119692
0.138074
0.136041
0.139519
0.141468
0.133008
0.135312
0.139152
0.135068
0.145172
0.131592
0.128027
0.140963
0.0291606
0.0249695
0.0384834
0.0450319
0.0242168
0.032461
0.0326515
0.0242938
0.0397061
0.0412077
0.0366339
0.035966
0.0555976
0.0505401
0.0441037
0.0493419
0.0289442
0.0448901
0.041198
0.029683
0.0555473
0.0539984
0.0475344
0.0504935
0.0396993
0.0359611
0.0366304
0.0412174
0.0242161
0.0242943
0.0326521
0.0324581
0.0723371
0.0827925
0.0829462
0.0882892
0.0672555
0.0680879
0.0687173
0.067269
0.0487925
0.0504925
0.0544898
0.0532971
0.0671765
0.0719866
0.0699063
0.0642657
0.0731064
0.0886384
0.0671949
0.0645109
0.0671424
0.0600266
0.0642977
0.0717158
0.0487998
0.0533033
0.0544954
0.0504726
0.0669659
0.0663858
0.0684259
0.0679952
0.0737507
0.111472
0.139845
0.0922021
0.144192
0.17563
0.158373
0.132143
0.19108
0.17929
0.173014
0.187778
0.137752
0.126953
0.154396
0.16316
0.236369
0.412946
0.306609
0.242916
0.450205
0.339609
0.329701
0.44106
0.20327
0.200889
0.213371
0.22245
0.153273
0.180982
0.193072
0.190471
0.23191
0.242451
0.307254
0.413283
0.152435
0.189869
0.193696
0.179982
0.203064
0.222616
0.213826
0.200544
0.450375
0.441495
0.330039
0.339699
0.0742375
0.0919198
0.139207
0.111115
0.137783
0.163114
0.154215
0.127033
0.190919
0.187457
0.17279
0.179239
0.143339
0.131029
0.158176
0.174974
0.0705905
0.0613246
0.0968942
0.116267
0.150307
0.193707
0.151797
0.1101
0.215635
0.175966
0.167412
0.210909
0.145629
0.137864
0.118525
0.151397
0.0728161
0.107658
0.141149
0.0929854
0.194659
0.189644
0.187991
0.180378
0.23315
0.227835
0.177471
0.197958
0.166836
0.0961246
0.144715
0.211975
0.0752255
0.0946649
0.143091
0.109252
0.170896
0.213222
0.146377
0.0978775
0.233437
0.198333
0.175156
0.228531
0.194892
0.181368
0.192267
0.190041
0.0706122
0.116199
0.0974398
0.0616809
0.145639
0.151504
0.118766
0.137886
0.216038
0.211512
0.167732
0.176169
0.151477
0.110928
0.152559
0.194708
0.117574
0.117616
0.120426
0.120413
0.117331
0.120626
0.120479
0.117515
0.151011
0.150486
0.136047
0.136534
0.149716
0.135257
0.135654
0.150116
0.119698
0.129684
0.127071
0.118757
0.153768
0.153657
0.143171
0.144914
0.151833
0.137691
0.140572
0.152985
0.117183
0.117947
0.123895
0.121227
0.129026
0.130334
0.152563
0.151744
0.13117
0.153134
0.153201
0.131499
0.158343
0.158669
0.159197
0.159259
0.158257
0.158258
0.158761
0.158552
0.132076
0.150504
0.151183
0.131963
0.156881
0.157266
0.157902
0.157312
0.158023
0.158941
0.158331
0.157621
0.13124
0.13152
0.151817
0.148474
0.117275
0.119544
0.119589
0.117352
0.147694
0.148191
0.134261
0.133775
0.149295
0.135284
0.134713
0.148665
0.11709
0.117269
0.119693
0.119891
0.128757
0.128845
0.14805
0.147206
0.12866
0.142795
0.148868
0.128773
0.155889
0.155366
0.155698
0.156461
0.154392
0.154375
0.155114
0.154893
0.127348
0.149747
0.150366
0.128409
0.156594
0.156756
0.156741
0.156399
0.156329
0.156919
0.157018
0.156777
0.128882
0.129478
0.150825
0.150567
0.119221
0.118474
0.126336
0.128914
0.116936
0.120508
0.123168
0.117695
0.150212
0.151443
0.139432
0.136522
0.152325
0.143693
0.142054
0.15218
0.0791329
0.0618016
0.0629532
0.0816852
0.0785338
0.0807201
0.0795997
0.0774338
0.0847736
0.08391
0.088095
0.0890931
0.0929437
0.0904412
0.06789
0.0690274
0.0791214
0.0817244
0.0928416
0.0891382
0.0933073
0.104984
0.10111
0.0904391
0.0923016
0.0895471
0.0899178
0.0923801
0.0789351
0.0785201
0.0807597
0.081148
0.0970372
0.114392
0.11049
0.0944051
0.0879801
0.0921032
0.0858758
0.0878953
0.0873054
0.0946567
0.0839729
0.0839301
0.0958475
0.0918098
0.107677
0.108613
0.0973674
0.0945025
0.0675947
0.0689987
0.0954764
0.0685439
0.0662422
0.0918518
0.0868046
0.083412
0.0824395
0.0859461
0.0874389
0.0927075
0.0843158
0.0854078
0.239528
0.238127
0.550157
0.515344
0.238942
0.541938
0.541095
0.23825
0.637736
0.635552
0.635804
0.639273
0.549692
0.541514
0.615676
0.618255
0.230011
0.534484
0.529064
0.232222
0.601423
0.617076
0.619744
0.602615
0.633703
0.636478
0.630768
0.627645
0.248689
0.235477
0.537378
0.547396
0.228111
0.230091
0.527299
0.533149
0.243209
0.545414
0.535503
0.233145
0.633607
0.627558
0.630489
0.636213
0.601331
0.602348
0.619506
0.617013
0.236096
0.515391
0.547811
0.234862
0.549805
0.618247
0.615658
0.541803
0.637605
0.638939
0.63568
0.635517
0.236222
0.235267
0.538675
0.539633
0.131379
0.136804
0.152218
0.145502
0.126384
0.13887
0.150062
0.133744
0.14004
0.148701
0.144675
0.136992
0.150302
0.147029
0.14803
0.153067
0.0440528
0.0734464
0.0885303
0.0676933
0.0966533
0.109382
0.104862
0.0921803
0.135466
0.13026
0.118355
0.122242
0.112371
0.0879448
0.103256
0.120398
0.0505312
0.0734946
0.0871827
0.0620142
0.103494
0.12017
0.105369
0.0903535
0.126115
0.111451
0.110289
0.125591
0.0695897
0.0670487
0.091764
0.0927804
0.127189
0.150391
0.146739
0.125557
0.156987
0.155153
0.153947
0.156027
0.14316
0.140559
0.149692
0.153302
0.113612
0.121124
0.140797
0.132498
0.130974
0.144592
0.151134
0.134203
0.149054
0.151912
0.147003
0.145603
0.139286
0.13609
0.143914
0.147754
0.126419
0.132336
0.148507
0.137857
0.125696
0.124191
0.145973
0.148614
0.112612
0.131379
0.139505
0.119885
0.142258
0.152209
0.14848
0.139326
0.155513
0.154382
0.15245
0.153896
0.0503438
0.0617786
0.0868124
0.0730611
0.0695862
0.0925434
0.0914457
0.0669084
0.1254
0.124788
0.109728
0.11098
0.102682
0.0897511
0.104751
0.119302
0.044011
0.0676027
0.0883726
0.0733916
0.112392
0.120123
0.10302
0.087831
0.134858
0.121841
0.118166
0.127008
0.0966187
0.092108
0.104734
0.109158
0.0769476
0.0640525
0.0609694
0.0993116
0.0647743
0.0588707
0.0602228
0.0645684
0.0672341
0.0708355
0.072659
0.0700588
0.100603
0.108907
0.0757299
0.0745688
0.0973909
0.110363
0.122932
0.121064
0.111479
0.126891
0.124392
0.111147
0.0671893
0.069989
0.0724676
0.0707236
0.0651442
0.065678
0.0604561
0.0589485
0.038093
0.0522401
0.102398
0.0640706
0.0421218
0.0643526
0.0694798
0.0472363
0.06659
0.0695237
0.0755355
0.0710961
0.0815
0.0858254
0.115251
0.121768
0.0293553
0.0521816
0.0551365
0.0322223
0.0935664
0.086308
0.069346
0.0692897
0.0668729
0.068942
0.0690522
0.0706278
0.0385146
0.0353495
0.0579425
0.0605934
0.234564
0.283975
0.497737
0.532506
0.240111
0.30488
0.397931
0.292158
0.33819
0.431779
0.422194
0.328438
0.570813
0.56899
0.516139
0.520724
0.0535994
0.0689358
0.0866018
0.0734892
0.0758483
0.0962697
0.0929163
0.0740386
0.237476
0.229106
0.124538
0.131829
0.150152
0.0983619
0.115007
0.2068
0.0533375
0.0733542
0.0867512
0.0689009
0.150169
0.206359
0.115141
0.0979952
0.237563
0.131769
0.124419
0.228898
0.075838
0.0740174
0.0930524
0.0962544
0.234318
0.531545
0.496906
0.28215
0.570732
0.520687
0.515904
0.568702
0.33809
0.327993
0.421659
0.431646
0.238544
0.290751
0.397132
0.304318
0.0582261
0.0780264
0.12548
0.105434
0.0882327
0.134406
0.130757
0.0852033
0.168541
0.166735
0.161753
0.164639
0.142943
0.135978
0.156937
0.161253
0.0581709
0.105141
0.125479
0.0776741
0.143049
0.161389
0.156977
0.135965
0.168592
0.164651
0.161869
0.166933
0.0881862
0.0848599
0.13066
0.134321
0.0582216
0.0833931
0.103676
0.0774822
0.100756
0.0771886
0.113269
0.0951959
0.117933
0.117271
0.128111
0.0948865
0.0920245
0.0957326
0.120907
0.112218
0.0597685
0.0773921
0.103658
0.0833372
0.0919717
0.112091
0.12089
0.0957627
0.117904
0.0948737
0.128085
0.117208
0.100649
0.0951777
0.113261
0.0771829
