-0.738934
0.695
-2.105
-0.805
0.725
2.11939
-0.719631
1.125
-1.995
-0.654992
1.735
1.825
0.738924
0.695
-2.105
0.805
0.725
2.11939
0.719626
1.125
-1.995
0.654984
1.735
1.825
0.0645984
0.0614762
0.0460239
0.0579375
0.0646005
0.0615274
0.0455395
0.0579504
-0.00629882
0.0248005
0.0739951
0.0720557
0.0226478
-0.00988937
-0.0299981
-0.0174759
0.0113574
0.0663012
0.066796
0.0128806
-0.0192698
-0.0382261
-0.0227083
0.00573525
0.0523733
0.061276
0.0110557
-0.021462
-0.0413143
-0.00750697
0.0187504
0.0493873
0.0555213
0.028856
0.000851837
-0.0221231
-0.0136762
0.0171271
0.0726379
0.0686832
0.01346
-0.0183677
-0.036816
-0.0251335
-0.028354
-0.0455297
-0.028754
-0.0298194
-0.0482417
-0.0111839
0.0156842
0.0478769
0.0546982
0.025981
-0.00316656
-0.0261591
-0.0137316
0.0170982
0.0726257
0.0687101
0.0134685
-0.018367
-0.0368219
-0.0251816
-0.0283537
-0.0455351
-0.0288181
-0.0298222
-0.0482504
-0.0113207
0.0155186
0.0477007
0.0546063
0.0259435
-0.00319374
-0.0261856
-0.00644351
0.0246663
0.0739034
0.0720679
0.0226614
-0.00989143
-0.0300142
-0.0176259
0.0111847
0.0661443
0.0668213
0.0128981
-0.0192703
-0.0382409
-0.0228995
0.00546629
0.0519042
0.0612248
0.0110602
-0.0214706
-0.0413361
-0.00777932
0.0184335
0.0490694
0.0553424
0.0287738
0.000791732
-0.0221801
-0.00703325
0.0607263
0.045232
0.0678495
0.022862
0.0835757
0.0469537
-0.0085891
0.0055784
0.0371322
-0.00702135
0.0452083
0.0676687
0.0836224
-0.00859791
0.0371198
0.0652708
0.116192
0.0995144
0.123666
0.129835
0.0600172
0.161147
0.290941
0.0652751
0.11624
0.123695
0.0600443
0.147335
0.147326
0.107533
0.054508
0.0406847
0.12177
0.121759
0.104468
0.372155
0.0939691
0.093979
0.119172
0.186952
0.0791961
0.0207282
0.0195218
0.0365617
0.00460076
0.0148421
0.037727
-0.00181229
0.0356284
0.00915706
0.0482894
0.00608962
0.0267863
0.0195285
0.0190591
0.0365929
0.0148505
0.00458306
0.0377697
0.0355281
-0.00167713
0.00912345
0.00605371
0.0485252
0.0267819
0.0499004
0.0643366
0.0909311
0.0951043
0.092642
0.0622604
0.100299
0.102918
-0.0300055
0.103465
0.0600536
0.145765
0.0493563
0.0849958
0.063443
0.290141
0.0489714
0.0951039
0.0643159
0.0908877
0.0926361
0.106964
0.0622655
0.100326
-0.0300073
0.145743
0.103406
0.0600721
0.0493593
0.290143
0.0850057
0.0634546
0.124047
0.0204389
0.109209
0.079572
0.126137
0.103842
0.0879919
0.081213
0.120413
0.00169305
0.147209
0.114749
0.0657205
0.0537758
0.0827801
0.0455758
0.132991
0.0496937
0.0680833
0.184193
0.124024
0.020444
0.126096
0.103838
0.0879529
0.0811804
0.147231
0.114756
0.0829211
0.0455051
0.0680024
0.184192
0.0974576
0.0998169
0.101038
0.118313
0.114736
0.102218
0.124385
0.116387
0.106335
0.121222
0.0926379
0.374523
0.038815
0.393565
0.335126
0.239873
0.0974427
0.0998174
0.100978
0.118285
0.124377
0.11539
0.0900926
0.374534
0.107126
0.10906
0.0930676
0.059349
0.107078
0.0593526
0.0930253
0.10906
0.101566
0.100693
0.109977
0.110077
0.0574207
0.0281991
0.0282022
0.0574265
0.0596793
0.033322
0.0334483
0.0596899
0.0945939
0.100301
0.103015
0.100043
0.0945581
0.100068
0.103021
0.100299
0.0974273
0.0974275
0.101368
0.101365
0.395555
0.336707
0.336679
0.395556
0.153024
0.075186
0.0633838
0.0764384
0.153038
0.0764444
0.0633774
0.0751753
0.113831
0.113838
0.109636
0.109632
0.236095
0.12542
0.125415
0.236097
0.0267931
0.0267806
0.049853
0.0498553
0.0148832
0.010815
0.00949753
0.010511
0.00567626
0.0293471
0.00149512
0.0241786
0.0121589
0.022195
0.00286248
0.0156616
0.0108219
0.0148746
0.0111229
0.005672
0.0104755
0.0290394
0.0241108
0.00152415
0.012056
0.0029345
0.0238857
0.0156588
0.063738
0.065285
0.0973016
0.0951886
0.0957878
0.0623971
0.0976106
0.105827
-0.0370277
0.0932664
0.0752099
0.108122
0.0539792
0.0760358
0.0619307
0.278457
0.063726
0.0951888
0.065348
0.0972826
0.0959454
0.0990413
0.0610129
0.0976188
-0.037052
0.108099
0.0932034
0.0753452
0.053985
0.278467
0.0760516
0.0619446
-0.0249009
-0.0035208
0.042623
0.0156505
0.0342955
0.0342967
0.109961
0.0702719
0.0412293
0.0479073
0.0902092
0.0940973
0.0479373
0.0580381
0.0838169
0.0799835
0.0201306
0.0201314
0.0856279
-0.0288341
0.0714973
0.0882944
0.128353
0.111924
0.0422879
0.0422399
0.0673988
0.0613228
0.000240568
-0.0188902
0.0676977
0.0333659
0.00659149
0.00657725
0.100195
0.0282031
0.0296263
0.0469264
0.0565357
0.166317
-0.0246796
-0.00371427
0.0426926
0.0156567
0.0412283
0.0479434
0.0907249
0.0940931
0.047932
0.0599502
0.0833108
0.0799553
0.0717006
0.0882923
0.128368
0.111934
0.000228732
-0.0189031
0.0677112
0.0333691
0.0296327
0.0469349
0.0564855
0.166314
0.0641716
0.0633261
0.100625
0.101331
0.106592
0.121152
0.111001
0.11716
0.100872
0.100872
0.103596
0.101085
0.117159
0.107946
0.124645
0.12017
0.124541
0.126797
0.107459
0.122262
0.0596623
0.0594631
0.0708351
0.354903
0.15887
0.158854
0.0305968
0.279958
0.29267
0.292671
0.313912
0.265389
0.0641725
0.0633305
0.100621
0.101332
0.106528
0.121079
0.110956
0.11712
0.117154
0.107961
0.124663
0.12017
0.0596805
0.059453
0.0708448
0.354913
0.135638
0.134098
0.116594
0.15443
0.135595
0.134076
0.116646
0.154302
0.108373
0.108479
0.108478
0.111148
0.0602579
0.0781133
0.0781126
0.0468319
0.0242886
0.025129
0.0482604
0.024288
0.113176
0.119988
0.123703
0.116124
0.113155
0.119961
0.123687
0.116089
0.105424
0.10335
0.105586
0.105424
0.376514
0.387947
0.353777
0.376521
0.0914527
0.106875
0.0784763
0.105772
0.0914769
0.106894
0.0784861
0.105789
0.119828
0.123039
0.123043
0.120194
0.159973
0.183942
0.183941
0.214343
0.0814792
0.0367552
0.0597549
0.0814682
0.0467813
0.048428
0.0971098
0.049234
0.0690179
0.0884357
0.0590706
0.0162162
0.0807778
-0.0202406
0.0687189
0.0866916
0.0394523
0.0115507
0.0590467
0.0491038
0.0481741
0.0485492
0.0637414
0.0475365
0.0947075
0.027152
0.0444292
0.113457
0.0970961
0.0492354
0.0465763
0.0481689
0.0687249
0.0884419
0.0807835
-0.0202642
0.0590917
0.0162075
0.0686453
0.0862985
0.0590321
0.0492869
0.0394902
0.0115715
0.0481742
0.0485368
0.0947026
0.0271507
0.0637592
0.0475746
0.0444252
0.113452
0.12083
0.100422
0.0979641
0.0981654
0.085649
0.0925969
0.105378
0.0962258
0.137188
0.115925
0.0992026
0.103656
0.0999533
0.0987536
0.102065
0.113748
0.0803268
0.0110847
0.0999062
0.103502
0.0717245
0.338133
0.0483782
0.271631
0.0686305
0.217654
0.088267
0.0808299
0.0869597
0.318479
0.314535
0.260613
0.120686
0.100285
0.104494
0.0962255
0.0979124
0.0981634
0.0856122
0.0925572
0.137197
0.115928
0.102142
0.113967
0.099196
0.103658
0.0999743
0.0988128
0.0802861
0.0110939
0.0372097
0.27161
0.0999232
0.103518
0.0717303
0.338093
0.0686079
0.21765
0.314541
0.260613
0.0882769
0.0808368
0.0868014
0.318489
0.116408
0.0961283
0.0134867
0.0277893
0.107457
0.107455
0.0711691
0.0710362
0.116817
0.134913
0.102003
0.106956
0.0915944
0.0724288
0.0614177
0.0617575
0.121511
0.121509
0.0196357
0.0196296
0.149397
0.137129
0.114291
0.112167
0.0663874
0.0663986
0.0362043
0.0362078
0.0851022
0.0722769
0.0518043
0.0368652
0.129856
0.129856
0.0503807
0.0503865
0.0656746
0.0827498
0.211011
0.155067
0.116402
0.0962257
0.0278606
0.0129404
0.116792
0.135026
0.102
0.106954
0.0724071
0.0915821
0.061369
0.0617392
0.149412
0.137399
0.114298
0.112172
0.0722642
0.085116
0.0368665
0.0517512
0.0827744
0.0656693
0.155059
0.21101
0.0954253
0.0992953
0.0986016
0.100544
0.0908227
0.104378
0.109775
0.116582
0.115207
0.115208
0.103041
0.103041
0.116496
0.113684
0.114876
0.091835
0.107369
0.107367
0.123155
0.123158
0.0905182
0.0960445
0.393707
0.355618
0.0739982
0.0727672
0.402374
0.402381
0.33839
0.338391
0.236381
0.236381
0.0953975
0.0992997
0.098602
0.100546
0.104247
0.0907437
0.109735
0.116588
0.113685
0.116487
0.11501
0.0918556
0.096064
0.0905006
0.355628
0.393706
0.0341251
0.0779853
0.125224
0.0397882
0.0971104
0.0999563
0.142269
0.10296
0.0649291
0.0748527
0.0976069
0.114133
0.0327095
0.0445766
0.115773
0.0579119
0.0340422
0.0397062
0.125207
0.0789691
0.0327158
0.0579129
0.115914
0.0446228
0.0648006
0.114035
0.0956701
0.0748457
0.096948
0.103542
0.14224
0.0999055
0.0819196
0.106077
0.10797
0.091285
0.0819218
0.0912845
0.107969
0.106077
0.0991044
0.111135
0.111856
0.097163
0.0990947
0.0972317
0.111857
0.111906
0.0467866
0.0405443
0.0724815
0.0660781
0.0300541
0.0519119
0.0862699
0.0225106
-0.00867761
0.0224902
0.0862605
0.0365983
0.0466838
0.0660727
0.072481
0.040523
0.0368503
0.000372522
0.021308
0.0604094
0.0223347
0.0576919
0.0308559
-0.00305774
0.0226709
-0.00308036
0.0308566
0.0576548
0.0367503
0.0604015
0.0213118
0.000264591
0.0979391
0.0992932
0.11067
0.108524
0.09839
0.117247
0.114922
0.100179
0.0784501
0.0718421
0.142795
0.110743
0.070048
0.121223
0.116692
0.0709911
0.097897
0.108473
0.110641
0.0992217
0.0700127
0.070991
0.116669
0.121207
0.0784628
0.110749
0.142759
0.0718508
0.0983936
0.100182
0.114906
0.117247
0.0966392
0.101844
0.104239
0.0997533
0.0966384
0.0997526
0.104239
0.101844
0.105095
0.108447
0.106401
0.102498
0.104444
0.102497
0.1064
0.108338
0.229285
0.366339
0.393847
0.282323
0.299315
0.316475
0.357572
0.33656
0.299325
0.336543
0.357576
0.316477
0.22955
0.282318
0.393849
0.366357
0.132607
0.132786
0.123717
0.1151
0.0477022
0.0798392
0.100329
0.11619
0.0397598
0.0499733
0.0744227
0.0749491
0.073603
0.101808
0.0944714
0.0684322
0.132615
0.115153
0.123784
0.132797
0.07361
0.0684287
0.0944855
0.101819
0.0397498
0.0743056
0.0744258
0.049989
0.047684
0.116198
0.100363
0.0800369
0.120953
0.123419
0.123094
0.113925
0.12069
0.113932
0.123097
0.123529
0.068973
0.0855944
0.122312
0.105704
0.0693296
0.105695
0.12231
0.0855929
0.264596
0.192661
0.211059
0.264469
0.0848233
0.0990795
0.15691
0.139883
0.084821
0.139879
0.15691
0.0990776
0.264598
0.264471
0.211059
0.192657
-0.027167
-0.0229147
0.0390425
0.0553164
-0.0271453
0.0552704
0.0390345
-0.0229344
0.0232009
0.0277893
0.0625495
0.0602884
0.0231143
0.0602937
0.062565
0.0277887
0.00669002
0.00595119
-0.000937492
0.028277
0.00930467
0.0216449
0.00406817
0.0153076
0.0106848
0.0121707
-0.00180062
0.0106049
0.00595983
0.00527635
-0.000997346
0.00924753
0.0284421
0.0215265
0.0152835
0.00403912
0.0106566
-0.00167846
0.0132123
0.0104658
0.0647787
0.0642659
0.079423
0.0952127
0.0898032
0.0619281
0.0779531
0.0804368
-0.0183442
0.0858932
0.0887684
0.0798653
0.0559828
0.0685893
0.0599858
0.200854
0.0647719
0.0952134
0.0642774
0.0794026
0.0898121
0.0804437
0.0619826
0.0779721
-0.01894
0.0798591
0.0857658
0.0884381
0.0559915
0.200865
0.0685985
0.0600085
-0.0148996
-0.00349511
0.0295782
0.00803771
0.0607261
0.0607264
0.073807
0.0654997
0.0444063
0.0468498
0.0641077
0.0864266
0.0664712
0.066029
0.0800172
0.0778105
0.0215587
0.0215515
0.0787091
0.0528879
0.0796491
0.0858461
0.117313
0.105969
0.0435921
0.0435693
0.0697755
0.057175
-0.00411102
-0.0135793
0.056607
0.0156321
0.00615559
0.00611329
0.0814607
0.0156776
0.0334445
0.0428363
0.0467764
0.161715
-0.014822
-0.00396427
0.0296545
0.00806868
0.0444025
0.0468602
0.0620577
0.086423
0.0648122
0.0659049
0.0799319
0.0777898
0.079711
0.0858524
0.117328
0.105981
-0.00408894
-0.0136076
0.0566534
0.0156658
0.0334432
0.0425192
0.0467281
0.161711
0.0640768
0.0637298
0.0797776
0.100964
0.113323
0.118401
0.11437
0.116701
0.100525
0.100525
0.0981198
0.100519
0.120871
0.112948
0.12421
0.122029
0.129791
0.129899
0.108022
0.12272
0.0589329
0.060088
0.0653549
0.208978
0.160209
0.160207
0.0957008
0.222008
0.295894
0.295912
0.302438
0.278161
0.0640724
0.0637344
0.0797686
0.100964
0.113263
0.118336
0.114313
0.116643
0.120888
0.11296
0.124222
0.122033
0.0589384
0.0599342
0.0653612
0.208999
0.142217
0.137611
0.142136
0.150871
0.142176
0.13759
0.142137
0.151085
0.107964
0.108006
0.108006
0.10933
0.0573609
0.07926
0.0792597
0.0506912
0.0260489
0.0329967
0.0454787
0.0260601
0.118328
0.120927
0.123094
0.125667
0.118329
0.120902
0.123076
0.125606
0.104946
0.103909
0.105027
0.104946
0.379955
0.3807
0.362866
0.379943
0.0927348
0.105108
0.0907192
0.100385
0.0927759
0.105108
0.0907257
0.100459
0.119469
0.121106
0.121107
0.119682
0.173461
0.185722
0.185722
0.200647
0.0810806
0.0786937
0.0734385
0.081053
0.0201999
-0.0290277
0.0412805
0.0393593
0.0162092
0.0265737
0.0543745
0.0411875
0.0318748
0.0401315
0.0468658
0.0779222
-0.0189455
0.0272972
0.0486731
0.0116026
0.00866601
0.0177098
0.0782867
0.0441706
0.0106727
0.0546979
0.047395
0.0822253
-0.000540502
-0.00218179
0.0294151
0.0110866
0.0301467
0.0390905
0.0599113
0.0456384
0.0120942
0.00468181
0.0448602
0.0282349
0.0361323
0.0530247
0.0607838
0.0449677
0.0041773
0.00682522
0.074457
0.0142531
0.0214716
0.0286097
0.0318901
0.110759
0.0162128
0.0265769
0.054414
0.0411714
0.0201933
-0.0293885
0.0410857
0.0389928
0.0318761
0.0401412
0.0459289
0.0779274
0.0086774
0.0177241
0.0756644
0.0441692
-0.0189306
0.0272979
0.0486998
0.0115981
0.0107955
0.0549834
0.0451461
0.0822494
0.0300963
0.0390191
0.0598653
0.0455533
-0.000549617
-0.00209135
0.0295173
0.0110337
0.0120167
0.00464708
0.0448525
0.0282458
0.00410456
0.00681393
0.0744574
0.0142512
0.0368279
0.0525806
0.0608374
0.0450308
0.0214198
0.0286068
0.0318697
0.110758
0.0979285
0.0488641
0.113417
0.0946629
0.0678275
0.0655252
0.0789648
0.0983772
0.106548
0.0986421
0.089175
0.0919253
0.0926924
0.0981772
0.0937859
0.0956313
0.0955676
0.090557
0.122432
0.114276
0.0616269
0.0628764
0.0805174
0.0992135
0.0880737
0.109029
0.0998918
0.0991729
0.101314
0.120981
0.102445
0.117405
-0.0348816
-0.0244811
0.0542971
0.00174349
0.0930081
0.10943
0.103522
0.103755
0.0600527
0.06323
0.0657906
0.225593
0.130344
0.154028
0.0796089
0.210811
0.0516838
0.0470221
0.05904
0.207513
0.0809536
0.0942433
0.08695
0.0829667
0.0702313
0.0589487
0.0746398
0.208364
0.283927
0.292267
0.302305
0.27545
0.0979262
0.0489551
0.113473
0.0944624
0.0926926
0.0981778
0.0937856
0.0956311
0.0677339
0.0655276
0.0789498
0.0983741
0.106461
0.0985842
0.0891092
0.0918839
0.0955805
0.0905101
0.122512
0.114281
0.105359
0.123654
0.10253
0.117731
0.0616359
0.0628814
0.0805261
0.0992132
0.08809
0.109044
0.0999167
0.0991939
-0.0348914
-0.0244994
0.054011
0.00174915
0.13034
0.154048
0.0795521
0.210761
0.0937393
0.109409
0.103442
0.10374
0.0600636
0.0634547
0.0658821
0.226066
0.0516824
0.0470247
0.0590428
0.207501
0.283929
0.292268
0.302311
0.275452
0.0809634
0.0905306
0.086952
0.0829756
0.0702285
0.0589551
0.0748099
0.208387
0.0683549
0.131405
0.116806
0.119502
0.0102422
0.0259459
0.0113648
0.0251429
0.10958
0.108806
0.108332
0.108332
0.0748655
0.0473591
0.0781098
0.0781088
0.120277
0.132053
0.122728
0.128809
0.102394
0.107215
0.10292
0.105402
0.0856234
0.0899515
0.0951223
0.0836704
0.0809348
0.0815909
0.0774405
0.0777538
0.0850406
0.120127
0.120962
0.120961
0.0147174
0.0189946
0.00267028
0.00266692
0.142786
0.14866
0.147829
0.148348
0.108303
0.122326
0.11452
0.113476
0.0666357
0.0630284
0.0675726
0.0675962
0.0565693
0.0510626
0.0384016
0.0384012
0.0720791
0.0853805
0.0819708
0.0910764
0.0403419
0.0719705
0.0489295
0.0409644
0.118519
0.146482
0.13167
0.13167
0.0407397
0.0547191
0.0501732
0.0501763
0.0653537
0.0706365
0.0668243
0.0754197
0.173943
0.181545
0.197602
0.169895
0.0686697
0.131344
0.116723
0.11946
0.0103371
0.0259266
0.0252818
0.0113938
0.12027
0.132034
0.122763
0.128807
0.10239
0.107047
0.102917
0.105399
0.0855857
0.0899508
0.083624
0.095065
0.0809058
0.0815801
0.077429
0.0777394
0.142799
0.148674
0.147838
0.148356
0.108303
0.122331
0.114527
0.113482
0.0720666
0.0853576
0.0874176
0.0820465
0.0403431
0.072025
0.0409828
0.0488441
0.0653576
0.0706401
0.0755332
0.0668234
0.173941
0.181544
0.1699
0.197601
0.09742
0.105752
0.0964585
0.098294
0.0977499
0.102989
0.0991905
0.100162
0.106851
0.119514
0.0966552
0.10217
0.117661
0.119094
0.115992
0.122198
0.116569
0.112934
0.114971
0.114972
0.101651
0.102785
0.10263
0.10263
0.124538
0.12411
0.120932
0.120939
0.122253
0.111533
0.11633
0.132915
0.107253
0.106142
0.107033
0.107032
0.121733
0.120707
0.122189
0.12219
0.0755266
0.111602
0.0918669
0.0938164
0.369797
0.376756
0.384598
0.365042
0.0321096
0.0430229
0.0745884
0.0747045
0.338051
0.395124
0.398138
0.398138
0.325386
0.344427
0.342147
0.342143
0.252642
0.227107
0.238464
0.238464
0.097439
0.105711
0.0964352
0.098286
0.0977506
0.10299
0.0991909
0.100163
0.105973
0.119435
0.102141
0.0966019
0.117616
0.11906
0.115953
0.12216
0.124542
0.124098
0.121014
0.120932
0.117898
0.112391
0.116344
0.132923
0.0755302
0.111567
0.0938399
0.0918712
0.369806
0.376762
0.365051
0.384604
0.0903053
0.106919
0.115285
0.112878
0.120349
0.0812969
0.136565
0.0872991
0.087489
0.0971293
0.0889283
0.104177
0.0497541
0.0518781
0.0618427
0.0661938
0.090158
0.106912
0.115278
0.112809
0.0497857
0.0518552
0.062119
0.066084
0.0874649
0.0970894
0.0888928
0.104101
0.120139
0.0812624
0.136549
0.088415
0.0979066
0.0984374
0.105787
0.101441
0.0968427
0.0984421
0.105777
0.101195
0.107926
0.110524
0.10849
0.110961
0.107995
0.110757
0.108519
0.111768
0.0582133
0.0530075
0.0651443
0.054541
0.0203529
0.0196069
0.0327252
0.0632323
0.0203504
0.0195041
0.0327129
0.0635189
0.0582017
0.0529949
0.0651323
0.0545564
0.0563454
0.0552731
0.0128987
0.0667319
0.0213796
0.0382944
0.0309322
0.0373095
0.0372304
0.0213157
0.0371414
0.0309473
0.0552724
0.0562396
0.0667002
0.0127517
0.0998055
0.0935955
0.095222
0.102601
0.0937659
0.100034
0.0998324
0.108622
0.098919
0.0964437
0.109619
0.0879844
0.101836
0.0800399
0.110966
0.0981689
0.0998183
0.0935576
0.0951906
0.102569
0.10183
0.0800787
0.110938
0.0981908
0.0989538
0.0964505
0.109627
0.0880105
0.0937868
0.100033
0.099833
0.108617
0.0951993
0.09682
0.0980088
0.100521
0.0968199
0.0951985
0.100522
0.0980089
0.101687
0.0994646
0.104815
0.100927
0.0994621
0.101684
0.100924
0.104812
0.381571
0.330024
0.402719
0.401209
0.330826
0.326722
0.346123
0.33857
0.326729
0.330821
0.33858
0.346161
0.330032
0.381645
0.401226
0.402725
0.147647
0.139366
0.15118
0.153737
0.0670649
0.0617168
0.088306
0.0819949
0.0634709
0.0577395
0.0679445
0.0645421
0.0734058
0.0828731
0.0750593
0.0792157
0.147658
0.139419
0.151196
0.15364
0.0734072
0.0828813
0.0748732
0.0792239
0.0634738
0.0577304
0.0679262
0.0645051
0.0670763
0.0617212
0.0883205
0.0819754
0.110353
0.113794
0.114061
0.121471
0.110293
0.113907
0.114068
0.121476
0.0816979
0.100133
0.119436
0.110921
0.0816952
0.100115
0.119433
0.110877
0.225387
0.250085
0.223674
0.233737
0.110643
0.120511
0.127345
0.14025
0.110644
0.120509
0.127344
0.140246
0.225401
0.250163
0.223673
0.233738
0.0222334
0.00740293
0.0451449
0.0306751
0.00743657
0.0222238
0.0306875
0.0451284
0.0400949
0.0505222
0.0500627
0.0554966
0.050504
0.0401016
0.0555134
0.0500619
0.0252664
0.0302227
0.0409061
0.0284087
0.0272557
0.0691552
0.0483079
0.0192187
0.0700532
0.0345114
0.0620321
0.0689353
0.0256839
0.0126149
0.0437867
0.0298269
0.0316393
0.0331194
0.0369556
0.0187563
0.0656076
0.00955268
0.0253562
0.0829713
0.0416237
0.0283604
0.0251791
0.0301718
0.0291188
0.06939
0.0699836
0.034509
0.0482881
0.019407
0.0619977
0.068893
0.0436734
0.0296936
0.0257121
0.0126503
0.0315775
0.0330551
0.0656281
0.00955704
0.0371908
0.0189977
0.0253626
0.0829586
0.0783928
0.0920341
0.0791481
0.0968561
0.0985809
0.0977851
0.0939161
0.0957933
0.127345
0.120466
0.0794459
0.0818014
0.0980022
0.09867
0.105051
0.12795
0.0145156
-0.0119991
0.0788078
0.0583102
0.066912
0.198773
0.0372027
0.172324
0.0641705
0.180994
0.0772642
0.074821
0.0728283
0.210665
0.289396
0.271793
0.0783026
0.0920395
0.0939212
0.095793
0.0791406
0.0968623
0.0985168
0.0977696
0.127549
0.120418
0.105058
0.128646
0.0793189
0.0816557
0.0980184
0.0986785
0.0143857
-0.013422
0.0378584
0.172232
0.0789203
0.0654827
0.0669294
0.198619
0.0641741
0.18101
0.289418
0.271813
0.0772751
0.0748273
0.0728142
0.210668
0.0241387
-0.0111233
0.0328927
-0.00378118
0.0412616
0.0450674
0.00809836
-0.021796
0.0676133
0.052226
0.0674353
0.0522268
0.108022
0.108022
0.0679173
0.0679217
0.0545494
0.0721198
0.0698289
0.0905972
0.086094
0.0956286
0.0926702
0.0956858
0.0768271
0.0531164
0.0721647
0.0596699
0.0890283
0.0798701
0.071731
0.0745805
0.0788889
0.0499489
0.0788894
0.0499473
0.0856121
0.0856113
-0.0257164
-0.0257217
0.100834
0.102137
0.11998
0.112589
0.130573
0.12435
0.112926
0.108835
0.0659359
0.0535564
0.065933
0.0535543
0.0691774
0.0692011
0.0597097
0.0597077
0.0523741
0.0222415
0.0542072
0.0134529
0.0708969
0.0630918
0.0369592
0.0280346
0.0790398
0.015343
0.0790372
0.0153419
0.100057
0.100056
0.0278205
0.0278201
0.0392132
0.136268
0.0576862
0.18491
0.0529714
0.065307
0.17943
0.153101
0.0240277
-0.011143
0.0330008
-0.00380133
0.0412108
0.0451029
-0.0219875
0.00803976
0.0551821
0.0722393
0.0656323
0.090597
0.0867448
0.0962954
0.0926673
0.0956499
0.0767982
0.0531078
0.0724344
0.0599267
0.079807
0.0893359
0.0716999
0.0745648
0.100871
0.102201
0.119976
0.112699
0.130586
0.124362
0.112934
0.108843
0.0521368
0.0222176
0.0542153
0.0135853
0.0630938
0.0709279
0.0280015
0.0369325
0.0392137
0.136267
0.0576803
0.184896
0.0654292
0.0529749
0.153097
0.179426
0.0789237
0.100011
0.0802788
0.10046
0.099936
0.100463
0.100273
0.101582
0.103956
0.107948
0.118129
0.122192
0.107023
0.112505
0.114705
0.120055
0.0987599
0.101245
0.0987597
0.101245
0.103888
0.103888
0.101464
0.101464
0.117119
0.116075
0.10944
0.105727
0.120899
0.11565
0.118015
0.108222
0.108477
0.123489
0.108639
0.123652
0.108128
0.108074
0.12284
0.122895
0.0662335
0.209469
0.0672113
0.205226
0.0715069
0.0703084
0.360878
0.345606
0.0933977
0.221959
0.0933828
0.22192
0.0494619
0.0349723
0.281229
0.281207
0.304642
0.27855
0.304643
0.278553
0.320228
0.320207
0.265523
0.265524
0.0789136
0.10001
0.0802768
0.10046
0.099919
0.100463
0.100273
0.101583
0.103798
0.10791
0.118066
0.122068
0.112461
0.106966
0.114649
0.120001
0.117113
0.116085
0.109473
0.105738
0.115663
0.120905
0.118025
0.108234
0.0662018
0.209582
0.067214
0.205279
0.0703128
0.0715118
0.345596
0.360939
0.127567
0.136893
0.13074
0.137081
0.111841
0.119882
0.15227
0.131577
0.127551
0.136889
0.130721
0.137053
0.119943
0.111835
0.131581
0.152196
0.108171
0.108171
0.108236
0.110158
0.108234
0.110156
0.111502
0.111503
0.0735699
0.0735696
0.0752331
0.0821672
0.0821622
0.0752326
0.0871252
0.0871206
0.017034
0.0288139
0.0236938
0.0236929
0.0329277
0.032928
0.0288146
0.0170304
0.111956
0.114066
0.116872
0.124292
0.120473
0.127086
0.115514
0.116522
0.111997
0.114028
0.116839
0.124237
0.126723
0.120438
0.116481
0.115498
0.104832
0.105912
0.103794
0.103794
0.105994
0.105993
0.104832
0.105913
0.385825
0.367004
0.397679
0.397662
0.361187
0.361181
0.367008
0.385829
0.101268
0.0875355
0.116839
0.103981
0.0777656
0.0799345
0.112164
0.0983375
0.0875406
0.101244
0.116873
0.104048
0.0798229
0.0777691
0.11218
0.0983381
0.12107
0.121069
0.123066
0.122644
0.123069
0.122647
0.121644
0.121645
0.158697
0.158697
0.1975
0.170398
0.170398
0.1975
0.21299
0.212989
0.0783204
0.0775705
0.0379374
0.0379213
0.0611698
0.0611746
0.0783121
0.0775528
0.0415829
0.0372386
0.0440269
-0.000427998
0.0942703
0.103569
0.0440499
0.0555958
0.0657522
0.0727702
0.0851436
0.0898632
0.0463293
0.07195
-0.00299179
0.0364853
0.0765198
0.0827698
-0.0212363
-0.0198325
0.0593047
0.0821247
0.0732982
0.0938599
0.03763
0.0426061
0.0190639
0.00459501
0.054616
0.0622369
0.0410431
0.0529692
0.0407518
0.0530494
0.0492711
0.0445371
0.0542066
0.068982
0.03672
0.0530112
0.089775
0.095369
0.026986
0.0279536
0.042094
0.0472473
0.0998556
0.12667
0.0942715
0.103549
0.0445356
0.0555846
0.0414008
0.0371021
0.0438754
-0.000578177
0.0653503
0.073278
0.0857008
0.0898648
0.0765331
0.0827736
-0.0212406
-0.0197412
0.0463267
0.072031
-0.00308828
0.0364765
0.0593188
0.081948
0.0731328
0.0935789
0.0545982
0.0622334
0.0409992
0.0529679
0.0376473
0.0427018
0.0191005
0.00461442
0.0407347
0.0530381
0.0492509
0.0445178
0.089823
0.0953636
0.0269966
0.027954
0.0542191
0.0686623
0.0367857
0.0530369
0.0420995
0.0471897
0.0998506
0.126666
0.106978
0.105099
0.109185
0.0988403
0.0982348
0.0982047
0.0972573
0.0987533
0.102157
0.0929855
0.106071
0.1011
0.106569
0.109394
0.09395
0.099282
0.13527
0.134991
0.119685
0.114925
0.0987379
0.10007
0.103836
0.102682
0.0904861
0.108872
0.120214
0.108513
0.100376
0.10572
0.113908
0.12134
0.0745653
0.0781043
0.0013986
0.0169384
0.0959569
0.105803
0.0841593
0.109803
0.0708389
0.0726778
0.281833
0.371866
0.0363512
0.0694225
0.253827
0.277931
0.0755855
0.0661512
0.247451
0.205142
0.0832796
0.0942904
0.0778413
0.0837567
0.087028
0.0721416
0.30922
0.327645
0.308397
0.316504
0.265352
0.262931
0.106883
0.10547
0.109128
0.098738
0.105814
0.108446
0.0939498
0.0992831
0.0981925
0.0981855
0.0972559
0.0987519
0.102092
0.092937
0.10614
0.101053
0.135292
0.135001
0.119554
0.11493
0.10038
0.105781
0.113869
0.121504
0.0987615
0.100076
0.104298
0.102684
0.0905145
0.108877
0.11832
0.10854
0.0749008
0.078026
-0.00416226
0.0169234
0.00878366
0.0303741
0.253806
0.27791
0.095907
0.105815
0.0841363
0.109763
0.0708159
0.072711
0.282065
0.371987
0.0755625
0.066138
0.247453
0.205137
0.308399
0.316505
0.265348
0.262943
0.0832933
0.094305
0.077846
0.0837663
0.0870152
0.0721505
0.309217
0.327668
0.121928
0.0795912
0.0551327
0.111888
0.00731607
0.0177845
0.0321744
0.0167749
0.106772
0.107729
0.107728
0.106774
0.0229984
0.0663566
0.0663651
0.0230083
0.113772
0.123671
0.139562
0.126793
0.106778
0.100408
0.105185
0.109819
0.0845105
0.0966227
0.072684
0.072694
0.0650873
0.0589195
0.0614345
0.0626366
0.0855821
0.121932
0.1219
0.0855805
0.0126274
0.0377769
0.0377692
0.0126133
0.145171
0.151922
0.116606
0.127096
0.121896
0.109248
0.104497
0.120901
0.0696015
0.0662189
0.0662149
0.0696011
0.0421686
0.0339449
0.0338814
0.0421111
0.0793773
0.0956611
0.0792135
0.0619062
0.0465058
0.0711509
0.0677878
0.0305625
0.115776
0.143376
0.143376
0.115774
0.0404902
0.0564976
0.0565022
0.0404936
0.0623544
0.0691584
0.0887423
0.0766498
0.200472
0.208509
0.15446
0.147263
0.0795894
0.121918
0.111999
0.0551443
0.0167679
0.0320974
0.0179265
0.00737551
0.12366
0.113766
0.126758
0.139541
0.100406
0.106576
0.109802
0.105149
0.0726801
0.0726691
0.0965714
0.0844863
0.0588966
0.0649632
0.0626229
0.0614362
0.151939
0.145183
0.127069
0.116478
0.109189
0.121901
0.120905
0.10451
0.0618451
0.0794947
0.0955927
0.079363
0.0305735
0.0679697
0.0712845
0.0465005
0.076646
0.0887558
0.0691488
0.0622803
0.147261
0.15446
0.208509
0.200471
0.0982022
0.103576
0.107503
0.0960127
0.101759
0.0964789
0.0986087
0.103902
0.0948592
0.141981
0.0996929
0.109109
0.110073
0.108864
0.119335
0.116489
0.1171
0.113524
0.113525
0.117095
0.102442
0.103641
0.103642
0.102442
0.116906
0.115822
0.144252
0.112245
0.126654
0.115307
0.0968082
0.0875363
0.107908
0.106885
0.106884
0.107853
0.123278
0.123123
0.123126
0.123335
0.0760191
0.109429
0.112378
0.0744786
0.390566
0.399551
0.357755
0.350216
0.0285054
0.0904127
0.090399
0.0281437
0.401897
0.342645
0.342623
0.401896
0.328375
0.347949
0.347953
0.328376
0.223645
0.250447
0.250448
0.223646
0.103548
0.0982125
0.0960366
0.107495
0.0964788
0.101761
0.103904
0.0986103
0.109061
0.099675
0.144377
0.0948098
0.108819
0.11004
0.116512
0.119383
0.112252
0.144388
0.115802
0.116896
0.115305
0.126674
0.0875353
0.0968327
0.0744856
0.112377
0.109463
0.0760305
0.350219
0.357759
0.399304
0.390499
0.019076
0.0411319
0.0941561
0.0324156
0.059148
0.118634
0.111746
0.053045
0.133922
0.123473
0.120668
0.129028
0.026757
0.0258188
0.0843999
0.0756811
0.0793264
0.103486
0.0961071
0.100288
0.110976
0.101563
0.0881992
0.0966987
0.142812
0.134647
0.139534
0.134298
0.0654937
0.0690009
0.126093
0.122241
0.0378241
0.0383214
0.0927716
0.0989185
0.0552667
0.0756999
0.0832903
0.0544109
0.144608
0.100018
0.099906
0.0915909
0.116019
0.108376
0.104979
0.107411
0.0239185
0.0277003
0.045247
0.0379352
0.0320935
0.0575991
0.0518321
0.0315121
0.139295
0.0885677
0.0756846
0.129982
0.0549067
0.0480519
0.0563356
0.0666338
0.019126
0.0322898
0.0940836
0.0438356
0.0267706
0.0757703
0.0845258
0.0256715
0.133901
0.129012
0.120655
0.123465
0.0599773
0.0534996
0.111746
0.118621
0.0239229
0.0379603
0.0452859
0.0277227
0.0550333
0.0666221
0.0563265
0.0480044
0.139307
0.129977
0.0759174
0.08837
0.0321631
0.0315041
0.0518326
0.0576319
0.0364765
0.0988411
0.0927323
0.0395997
0.116014
0.107384
0.104987
0.10839
0.144705
0.091551
0.0998413
0.0998938
0.0552868
0.0543995
0.0832865
0.0756941
0.0792895
0.100196
0.0959841
0.103447
0.0641712
0.122221
0.126034
0.0677572
0.142657
0.134293
0.139493
0.134626
0.110861
0.0966013
0.0881544
0.101508
0.0333459
0.0455605
0.0963206
0.073506
0.0708948
0.108176
0.104709
0.0662484
0.1081
0.106913
0.106293
0.108267
0.0842865
0.0697998
0.0994056
0.101393
0.0342155
0.0736285
0.0963243
0.0468903
0.0842863
0.10139
0.0994052
0.0698286
0.108099
0.108267
0.10616
0.106629
0.0708949
0.0662433
0.104676
0.108176
0.0930418
0.0938745
0.111244
0.0947413
0.0984398
0.116833
0.114838
0.0963954
0.109743
0.108507
0.110879
0.113229
0.0885298
0.0924807
0.106544
0.103777
0.0930386
0.0905405
0.111269
0.093872
0.0885366
0.103797
0.106596
0.0925787
0.109744
0.11323
0.110934
0.108567
0.0984398
0.0964213
0.11537
0.116832
0.0323742
0.030715
0.0542313
0.0541806
0.0191269
0.0435841
0.0493473
0.0251873
0.0763508
0.0706597
0.0677109
0.073438
0.0689019
0.0627703
0.0623054
0.0682676
0.0152152
0.0642224
0.00870909
-0.00405006
0.094743
0.0258253
0.0248605
0.0886436
0.083168
0.0700113
0.0655972
0.0911231
0.0150641
0.00841438
0.0255156
0.0354718
0.015866
-0.00653513
0.00595954
0.0629001
0.0150936
0.0354283
0.0254913
0.00840889
0.0831655
0.0911162
0.0657986
0.0701568
0.0947374
0.0886353
0.0248339
0.02582
0.0323715
0.0541406
0.0542226
0.0306654
0.068902
0.0682666
0.0623025
0.0627172
0.0763505
0.073459
0.0678173
0.0706595
0.019136
0.0251888
0.0493376
0.0435821
0.0211277
0.0375495
0.0508056
0.0358741
-0.00145929
0.00261502
0.00734252
-0.0105234
0.0185993
0.0437165
0.0203856
0.018328
0.062403
0.047435
0.0616842
0.0730111
0.0216793
0.0385568
0.0244239
0.017624
0.0556038
0.0439512
0.0397629
0.0495582
0.0305014
0.0300081
0.0346837
0.0359551
-0.0240444
0.00412826
0.0193766
0.014701
0.0215501
0.0176558
0.0244293
0.0385784
-0.0240386
0.0147018
0.0193909
0.00411031
0.0305013
0.0359378
0.0345344
0.0295612
0.055593
0.0495315
0.0420467
0.0439336
0.0211037
0.0358821
0.0516869
0.0373699
0.0624041
0.0730113
0.0617061
0.0474364
0.0185988
0.0185075
0.0203354
0.0437163
-0.00147504
-0.0111846
0.00832861
0.00258997
0.0794938
0.0790565
0.102669
0.107174
0.0793396
0.0978196
0.0990867
0.078913
0.117591
0.116458
0.103128
0.104428
0.113949
0.0998881
0.102139
0.115695
0.0786814
0.0889225
0.0921949
0.0800439
0.120885
0.120913
0.108749
0.109012
0.119572
0.106738
0.10816
0.120905
0.079918
0.0806713
0.0954959
0.096531
0.070747
0.0803704
0.0932121
0.0821141
0.0663642
0.0761186
0.0764722
0.0678353
0.125739
0.124594
0.105834
0.110521
0.114172
0.0944051
0.103898
0.117061
0.0858466
0.0854417
0.0858372
0.065965
0.119129
0.121126
0.110144
0.109616
0.125327
0.112222
0.111691
0.123246
0.0648033
0.0662779
0.0826055
0.0751201
0.0793813
0.107139
0.102749
0.0790439
0.113878
0.115648
0.102111
0.0998346
0.117549
0.104411
0.103114
0.116435
0.0793317
0.0789004
0.0990824
0.0978296
0.0858826
0.0659729
0.0858106
0.0865228
0.0648718
0.0751101
0.0827519
0.0662899
0.125277
0.123198
0.111662
0.11226
0.11907
0.1096
0.110111
0.12108
0.0707316
0.0821244
0.0932285
0.0803779
0.1142
0.117121
0.103923
0.0944255
0.125723
0.110543
0.105956
0.124647
0.0663723
0.0678224
0.0764813
0.076151
0.0786464
0.0800111
0.0922184
0.0889354
0.0799139
0.0965522
0.0955236
0.08067
0.119547
0.120892
0.108152
0.106728
0.120897
0.109023
0.10875
0.120914
0.0960107
0.0933255
0.0945747
0.0976166
0.100882
0.102047
0.0999015
0.0986649
0.10437
0.102374
0.101141
0.103213
0.100891
0.0991947
0.0958398
0.0971143
0.096014
0.0976181
0.0945741
0.0933255
0.100891
0.0971147
0.0958393
0.099193
0.10437
0.103213
0.101142
0.102376
0.100882
0.0986658
0.0999027
0.102047
0.0799404
0.100838
0.0999222
0.0894301
0.108331
0.10758
0.105298
0.10637
0.10547
0.103447
0.10436
0.106514
0.100712
0.0994985
0.0990379
0.0981805
0.0799955
0.0894878
0.0999187
0.100832
0.100712
0.0981793
0.0990358
0.0994981
0.10547
0.106513
0.104358
0.103445
0.108249
0.106177
0.105266
0.107553
0.137147
0.236486
0.312509
0.193753
0.209877
0.379515
0.394773
0.216405
0.389311
0.401386
0.404374
0.386843
0.222067
0.21754
0.338307
0.340467
0.207499
0.296147
0.320645
0.213553
0.308077
0.332226
0.328525
0.304384
0.370489
0.367242
0.34813
0.351627
0.206204
0.202181
0.340724
0.359918
0.207486
0.213569
0.320648
0.296146
0.206233
0.359921
0.34076
0.202215
0.37048
0.351622
0.348134
0.367247
0.30806
0.304385
0.328529
0.332223
0.137156
0.193749
0.312395
0.236035
0.22206
0.340466
0.338316
0.217484
0.389301
0.386845
0.40439
0.401386
0.209962
0.216458
0.3948
0.379519
0.0954666
0.125448
0.141917
0.0909199
0.118712
0.143984
0.146337
0.121214
0.108732
0.113541
0.152546
0.150443
0.119726
0.108671
0.109716
0.117256
0.053176
0.0348131
0.0540344
0.0378675
0.0868967
0.0924165
0.0805303
0.0641273
0.10314
0.144429
0.0931769
0.0987493
0.1135
0.0791121
0.0764879
0.137531
0.0238611
0.0283208
0.0559746
0.050416
0.0429804
0.0638659
0.0601105
0.0355655
0.0890366
0.0857005
0.0685103
0.0697926
0.0779089
0.0663288
0.0681586
0.0818042
0.0664891
0.0793983
0.0797315
0.0615843
0.110707
0.125243
0.0848562
0.0894753
0.0945155
0.0773229
0.0808159
0.121492
0.0544786
0.0566421
0.0712601
0.0724169
0.0954756
0.0909648
0.141927
0.125435
0.119743
0.117269
0.111404
0.108687
0.108739
0.150458
0.152559
0.113555
0.118736
0.121247
0.146348
0.143997
0.0664995
0.0615894
0.0797348
0.0794031
0.0542869
0.0725021
0.0712612
0.0566455
0.0944946
0.121074
0.0808571
0.0774752
0.11072
0.0894892
0.0850094
0.131346
0.0239781
0.0505672
0.0559831
0.0283453
0.0780061
0.0817765
0.0681542
0.0663863
0.0890585
0.0697885
0.0684979
0.0856577
0.0429844
0.0355549
0.060053
0.063867
0.0531518
0.0378578
0.0540914
0.0348172
0.113526
0.137585
0.0739611
0.0765156
0.103133
0.0987378
0.0931716
0.144421
0.0868106
0.064037
0.0805221
0.0923843
0.129363
0.12027
0.112025
0.116094
0.123104
0.122506
0.1214
0.121235
0.121374
0.12211
0.121683
0.121915
0.106575
0.113602
0.109948
0.108776
0.129665
0.116041
0.111972
0.120189
0.106588
0.108747
0.109867
0.113621
0.121376
0.121917
0.121688
0.122116
0.123186
0.12148
0.121485
0.122534
0.0652678
0.0720223
0.0783815
0.0711215
0.0787069
0.0853114
0.0830851
0.0762639
0.121058
0.1216
0.120196
0.12103
0.103994
0.0866499
0.102381
0.106682
0.0650567
0.071137
0.0783733
0.0739254
0.104039
0.10666
0.102322
0.088102
0.121057
0.121014
0.120147
0.121595
0.0787066
0.0763613
0.0830826
0.0853106
0.188547
0.217747
0.245376
0.274696
0.172931
0.187211
0.212926
0.196329
0.199344
0.225715
0.221062
0.195027
0.280706
0.277569
0.248373
0.251916
0.0590818
0.0715166
0.106607
0.097372
0.0803602
0.117192
0.113062
0.0773258
0.172209
0.167985
0.140901
0.145184
0.149266
0.123517
0.133921
0.160605
0.0591148
0.0973713
0.106578
0.0715168
0.149265
0.160603
0.13392
0.123517
0.172209
0.145183
0.1409
0.167984
0.0803682
0.0773026
0.113059
0.117192
0.188556
0.274695
0.245369
0.217726
0.280706
0.251916
0.248374
0.27757
0.199344
0.195027
0.221062
0.225715
0.172905
0.196311
0.212933
0.187209
0.0380531
0.0397433
0.0027107
-0.00602985
0.0514496
0.0139629
0.0123523
0.0472181
0.0776521
0.0783219
0.0490912
0.0203806
0.0698775
0.0328534
0.04172
0.075241
0.038051
-0.00603568
0.00274799
0.0425478
0.0698775
0.0752202
0.0417197
0.032847
0.077632
0.0203763
0.0490674
0.0780416
0.051449
0.0472164
0.0123565
0.0139612
0.00503216
0.0135679
0.0402921
0.0331116
0.0152032
0.0406464
0.0406183
0.0152786
0.0757195
0.0775389
0.0563294
0.0558337
0.0715498
0.0524338
0.0559776
0.0772462
0.00492358
0.0329484
0.040283
0.0135665
0.0715071
0.0772792
0.0559762
0.0522625
0.075725
0.055836
0.0563365
0.0775499
0.0152066
0.01528
0.0406233
0.0406479
