-0.665
0.085
-2.25373
-0.695
0.215
2.36768
-0.715
0.532439
-2.145
-0.654941
0.675
2.235
0.665
0.085
-2.25373
0.695
0.215
2.36768
0.715
0.532439
-2.145
0.654936
0.675
2.235
0.0974258
0.0943271
0.165785
0.164559
0.0973406
0.0968058
0.165798
0.164552
0
0
0
0
0
0
0
0
0
0
0
0
0
0
0
0
0
0
0
0
0
0
0
0
0
0
0
0
0
0
0
0
0
0
0
0
0
0
0
0
0
0
0
0
0
0
0
0
0
0
0
0
0
0
0
0
0
0
0
0
0
0
0
0
0
0
0
0
0
0
0
0
0
0
0
0
0
0
0
0
0
0
0
0
0
0
0
0
0
0
0
0
0
0
0
0
0.0826667
0.0070574
0.00863916
-0.000450283
0.0659532
0.0687901
0.0921971
0.047082
0.091582
0.0492239
0.082622
0.00868835
-0.000455637
0.0674409
0.0470991
0.0492241
0.027022
0.108612
-0.00152228
0.115322
0.0421412
0.00628503
0.229113
0.44125
0.0260198
0.108628
0.114555
0.00628777
0.116615
0.116626
0.00915521
0.116149
0.238767
0.123219
0.122789
0.0277147
0.470876
0.142446
0.141916
0.0746508
0.160256
0.0498752
0.0211126
0.00193343
0.00922614
0.0464712
0.0325768
0.0274701
-0.0060606
0.0201469
0.0188186
-0.0053702
0.0265001
0.0262598
0.00194884
0.0210732
0.00922773
0.0325436
0.0463393
0.0275362
0.0200894
-0.00625518
0.0187806
0.0265017
-0.00532375
0.026262
-0.0203901
0.00659319
0.046736
-0.0023078
0.0301065
0.0178537
0.0620969
0.0222533
0.00765948
0.0291737
0.000885509
0.0845084
0.0140528
0.03933
0.0019317
0.207132
-0.0232853
-0.00227407
0.00646384
0.0467879
0.0276384
0.0212676
0.0165389
0.0607849
0.00765116
0.0845016
0.0291553
0.000875927
0.0140452
0.207145
0.0392974
0.00187518
0.0311769
0.0677115
0.00184132
0.0831005
0.0605762
0.00350786
0.0528229
0.025924
0.0252091
0.063995
0.0332739
0.0146176
0.025442
-0.0357331
0.0294331
0.0295367
-0.0107381
-0.0373689
0.0305529
0.0282594
0.0312428
0.0677075
0.060575
0.00350549
0.052426
0.0259104
0.0331194
0.0146571
0.0294129
0.0295295
0.0303931
0.0282616
0.0421876
0.00199447
-0.000914258
0.00394489
0.000204019
0.00374904
0.00392496
0.010699
0.00414814
0.0019084
0.0367246
0.218803
-0.0738534
0.0794405
0.0138798
0.09643
0.0419939
0.00191592
-0.000895629
0.00394621
0.00388476
0.0104312
0.0362936
0.21882
0.073475
0.0540654
0.0314532
0.0461219
0.073462
0.0461531
0.0314518
0.0542196
0.00442995
0.00443941
0.000659026
0.000645345
0.0474695
-0.001805
-0.0017945
0.04746
0.108533
0.0317653
0.0317241
0.108547
0.0478854
0.0510556
0.0396194
0.0368346
0.0478092
0.0368549
0.0396705
0.0505585
0.00299946
0.00297701
0.0152863
0.015818
0.235334
0.223975
0.223959
0.235675
0.055426
0.0643161
0.0588572
0.0463769
0.054847
0.0464423
0.0588369
0.0643507
0.0201341
0.019703
0.0441237
0.0441069
0.212981
0.0293971
0.0293979
0.213022
0.0788632
0.078839
0.0320232
0.0320254
0.00680189
0.000470737
0.00914713
0.00194365
0.0156323
0.0167191
0.00398391
0.00271541
0.0104752
0.00504808
0.0139793
0.0166151
0.000474464
0.00685812
0.00915868
0.0155385
0.00207272
0.0167262
0.00274739
0.00409732
0.0104779
0.0140547
0.00501708
0.0166101
0.0129641
0.00538897
0.0163602
-0.00259551
0.0237014
0.017204
0.0366563
0.0123384
0.000909439
0.0157017
0.00160607
0.0502725
-0.000239369
0.02158
0.000579302
0.0441557
0.0146406
-0.00256176
0.00504018
0.0163852
0.0231149
0.010958
0.0159627
0.0365296
0.000908452
0.0502595
0.0157004
0.00160809
-0.000288812
0.0441517
0.021745
0.000611328
0.00350342
0.00650676
0.0178758
0.0447143
-0.000219458
-0.00022166
0.00380943
0.0591162
0.000153928
0.0133567
0.0542129
-0.0015138
0.0355924
-0.0150239
0.038441
0.0164074
0.00328448
0.00327506
0.0252332
0.00844794
0.00197436
0.000668932
0.0210369
0.00865331
0.00641682
0.00644081
0.00845821
0.00293107
0.00305768
0.00231679
0.0164521
0.0122989
0.00490833
0.00490011
0.0100871
0.0421535
0.00135532
0.00178186
0.0204104
-0.00434499
0.00354257
0.00671675
0.0178683
0.0447384
0.000178006
0.0148573
0.0564194
-0.00151537
0.035414
-0.014916
0.0388643
0.0164384
0.00203748
0.00147015
0.0212697
0.00873841
0.00305156
0.00229237
0.016447
0.0122905
0.00135267
0.00180073
0.0205399
-0.00440099
0.00215762
0.000507583
0.00962459
0.00241611
-0.00125849
0.000219102
0.00165486
-0.000525761
0.000644166
0.000644045
0.000382825
0.00362227
0.00235889
0.00608186
0.00247609
0.00210906
0.000818389
0.00082076
0.00402408
0.00513836
-0.000189329
0.00321656
0.0232535
0.043335
0.00610999
0.00611022
-0.0408779
0.0152222
0.0104424
0.0104352
0.00279763
0.0116744
0.00210059
0.00042066
0.00951268
0.00233914
-0.00127068
0.00022622
0.00167643
-0.00051893
0.00185813
0.00609417
0.00239256
0.00204233
-0.000181105
0.00325165
0.0235012
0.0433267
0.00245206
0.00207179
-0.00194524
-0.00117794
0.00242739
0.00207394
-0.00192806
-0.00118543
-0.00191145
0.000951074
0.000951035
0.00145753
0.00188981
0.00318661
0.0031894
0.00199893
0.0034532
0.00984577
-0.0509847
0.00343876
-0.0011336
0.000391439
-0.000641691
0.00150514
-0.00113048
0.000420589
-0.000628186
0.0017254
0.00164229
0.000124099
0.000123591
0.00164253
0.0102535
0.00981766
0.00558322
0.0102451
0.00245427
0.00324955
-0.00268313
0.00368731
0.00272354
0.00342965
-0.00244327
0.00348711
3.20644e-05
-1.50619e-05
-1.62126e-05
-0.000981825
-0.0276271
0.00822131
0.00822146
0.0210543
0.00246045
0.0450303
-0.0182705
0.0024656
0.0183996
0.0360223
0.00342082
0.0498387
0.0470345
-0.00350495
0.0234167
0.0231872
0.0249914
0.00502024
0.017201
0.0174405
0.0219119
0.0193107
0.00906009
0.0181989
0.0115651
0.0070168
0.0353143
0.0129911
0.0143019
0.0153923
0.0189727
0.0180339
0.00342063
0.0498715
0.0184419
0.0360448
0.0470708
-0.0035097
0.0250009
0.00504506
0.0234722
0.0232493
0.0172074
0.0173492
0.00908959
0.0182555
0.0219997
0.019611
0.011571
0.00701565
0.0143075
0.0154005
0.0352868
0.0130589
0.0190205
0.0180236
0.0590678
-0.00480034
0.0110412
-0.00117567
0.00170228
0.000239451
0.00107344
0.00315167
0.03009
0.00661503
0.0079295
0.00953981
-0.00537548
0.00364774
0.00349117
0.00553076
0.0140121
0.0220059
0.000285008
-5.55479e-05
0.0214724
0.0538086
-0.0565432
0.00427014
0.0175822
0.121714
0.00104456
0.00048436
0.0226823
0.0389928
0.00266796
0.0146647
0.0617221
-6.60895e-05
0.00107351
0.0031517
0.0110709
-0.00114605
0.00160909
2.6915e-05
0.0306099
0.00683538
0.00349195
0.00553883
0.00776617
0.00897874
-0.00531672
0.00378185
0.014005
0.0219563
-0.05661
0.00408726
0.000286904
-2.8962e-05
0.0214004
0.0536272
0.0176508
0.121672
0.00267264
0.0146535
0.0010936
0.000632423
0.0227291
0.0390318
0.000647036
0.00183775
0.00767984
-0.0405334
-0.000225273
-0.000209674
0.00417966
0.00417603
0.00414188
0.00106489
-0.00130113
0.000518688
0.00431093
-0.00672814
0.0379419
-0.0129821
6.00688e-05
6.10688e-05
0.00239035
0.00239138
0.00358728
8.79293e-05
-0.000831891
8.00713e-05
0.00394408
0.00394627
0.000147062
0.000171619
0.00054339
0.0069089
0.00322189
0.0006304
0.00233462
0.00233394
0.0305852
0.0306078
0.00203567
0.00544587
0.0184493
-0.0134164
0.000648475
0.00181058
-0.0419974
0.00773055
0.00413816
0.00137886
-0.00130379
0.000518918
-0.00644883
0.00453179
0.0378662
-0.0130872
0.00381843
0.00019587
-0.000818073
7.97412e-05
0.00688643
0.000585288
0.000614082
0.00322752
0.00555985
0.002168
-0.0134165
0.0184403
0.000816955
-0.000612398
6.03806e-07
-3.86143e-10
0.000408563
0.000848482
-0.000303766
0.00113203
2.29595e-06
2.42666e-06
0.00149738
0.00149728
-0.00207547
0.00265278
0.000878308
0.0143112
0.0015359
0.00153462
0.000232003
0.000260495
-0.00104621
0.00103371
0.0131899
0.00489603
0.00183889
0.00183551
0.0117977
0.0116068
0.0104962
0.0105039
0.00532254
0.00532485
0.000817762
-0.000755539
6.26784e-07
1.40643e-07
0.000851331
0.000324759
-0.000297713
0.00113412
0.00265053
-0.00222213
0.000970283
0.014387
0.00122918
-0.000814876
0.00488009
0.0129783
0.0453522
0.0578418
0.00336556
0.021526
0.0259788
-0.000298337
0.00423034
0.0653103
0.0171457
0.0164375
-0.00196099
0.00203941
0.0270955
0.0192958
0.00240949
0.0188483
0.045335
0.0215084
0.00327612
0.0566558
0.0271341
0.0188721
0.00239089
0.0191016
0.0171595
0.00204116
-0.00195664
0.0164339
0.0266843
0.062655
0.00425338
-0.000338354
0.000950751
0.00351004
-0.00193661
-0.00403687
0.000956052
-0.00404079
-0.00193787
0.00351131
0.00359949
0.000731754
0.000990415
0.00308441
0.00284455
0.0025661
0.00099037
0.000732004
0.0129736
0.0122372
0.00600684
0.0136569
-0.0354316
-0.0437786
0.00431896
0.0168942
-0.0354817
0.0168749
0.00431279
-0.0437975
0.0129812
0.0136704
0.00600822
0.0122394
0.0527652
0.0472622
0.0137238
0.0597143
0.0286183
0.0124743
-0.0453267
0.0274036
0.0286938
0.0272511
-0.0453405
0.0108444
0.0528584
0.0596993
0.0137381
0.0474761
0.0135851
0.0106746
-0.000138041
-0.000957203
0.0134788
-0.00172797
-0.00185359
0.00837737
0.022787
0.0220724
0.00123177
0.00492696
0.0181409
0.000696734
0.00137641
0.0228666
0.0136138
-0.000954551
-0.000134825
0.0106338
0.0181275
0.0229936
0.00148524
0.000700189
0.0228659
0.00492952
0.00144125
0.0221949
0.012761
0.00823955
-0.00192406
-0.00183004
0.0012113
0.00470769
0.00157055
0.000621086
0.00124301
0.000597437
0.00157058
0.00470747
0.0176695
0.00520829
0.00158919
0.00542362
0.0186253
0.00487166
0.00158847
0.00520645
0.112472
0.048574
0.0225491
0.0190803
0.0424749
0.0131473
0.0149592
0.047122
0.0424796
0.0471288
0.0149489
0.0131635
0.112294
0.0189637
0.0224191
0.0484859
0.0410822
0.0258372
0.00408189
0.00242313
0.0312057
0.0411845
0.00557218
0.0203998
0.0409779
0.0215444
-0.00230445
0.0306174
0.0216492
0.00476042
0.0150837
0.0218145
0.0405734
0.00246226
0.00428265
0.0261983
0.021697
0.0219304
0.0151118
0.00498853
0.0409507
0.0307748
-0.00207462
0.0215809
0.0312297
0.0205143
0.00587848
0.041325
0.021343
0.00534088
-0.000774158
0.0100771
0.0210265
0.00999783
-0.000767513
0.00534416
0.0416971
0.02513
0.000123982
0.0147615
0.0415014
0.0148026
0.000131847
0.0251301
0.077696
0.071246
0.0276072
0.0195073
0.0319358
0.013701
-0.0178363
0.0116406
0.0319449
0.0116448
-0.0178356
0.0137134
0.0793318
0.0195987
0.0276328
0.0712157
0.024356
0.0100846
0.0434864
0.0529617
0.0243619
0.0530109
0.0434746
0.0100969
0.0285568
0.0332697
0.0032846
-0.00195943
0.0285615
-0.00206494
0.0032779
0.0332457
0.00179416
0.00262558
0.00912188
4.70756e-05
0.0070651
0.0108905
0.000431114
0.00655968
0.00627914
0.0043669
0.00750151
0.0112491
0.00273536
0.00168755
0.00911735
0.00711872
-5.89733e-05
0.010937
0.00656467
0.000442622
0.00627171
0.00754828
0.00435151
0.0112396
0.00155357
0.00372693
0.0133088
0.00202588
0.0199823
0.0171198
0.0260547
0.00504027
0.000130875
0.00335193
3.96584e-05
0.0558104
-0.000377527
0.00338823
-8.09953e-05
7.098e-07
0.00157071
0.00206288
0.00397407
0.013364
0.0188454
-0.00282365
0.0158894
0.0254759
0.000123478
0.0558046
0.00334141
6.64095e-05
-0.000369535
-1.37772e-07
0.00337185
-0.000102587
0.00783881
0.00341989
0.0059179
0.0310087
-0.000126088
-0.000147756
0.00186035
0.0576093
0.000646568
0.00168531
0.0541425
0.0032646
0.0192849
-0.00468734
0.0228528
0.0116647
0.000571705
0.00057354
0.0213777
0.0052879
0.000239174
0.0261354
0.0113269
0.0171888
0.00157685
0.00156876
0.00313532
0.0201341
0.000920582
0.000590739
0.00798756
0.00702013
0.000559005
0.000550505
0.0116536
0.00497504
0.000332489
0.000266269
0.00918555
0.0173053
0.00778274
0.0031348
0.00591866
0.0309607
0.000629301
0.00166879
0.0530626
0.00327114
0.0194299
-0.00516453
0.0227603
0.0116534
0.000245761
0.0264695
0.0112647
0.0172051
0.000946565
0.000578303
0.00801974
0.00701974
0.000328513
0.000285419
0.00919495
0.017335
-0.00129393
-0.000553124
0.00658044
0.00732937
0.00192033
-0.00227584
0.000724537
0.000362378
-2.01587e-05
-2.03558e-05
-1.95475e-05
0.00362216
0.000984904
0.0015116
0.00299221
-0.00231138
1.89987e-06
2.01136e-06
0.00402403
0.000187806
0.000188664
-0.000620723
0.00360904
-0.000821137
0.00121931
0.00121922
0.000131628
0.00045
0.00175784
0.00175683
0.000191061
0.00196565
-0.00125536
-0.000348421
0.0064646
0.0072528
0.00190903
-0.00228303
0.000707
0.000366598
0.00121151
0.00117043
0.00297523
-0.00227539
0.000196398
-0.000678854
0.00362262
-0.000823524
-0.00196307
0.00161105
-6.72399e-06
-0.00199644
-0.00196722
0.00161039
-1.16583e-05
-0.00199673
0.00197069
0.00094919
0.00094941
0.000961098
8.07219e-05
0.000682275
0.000682087
0.000835721
0.00187397
0.00871775
-0.00293645
0.00197249
0.00389395
0.000205892
-0.000391789
-0.00176758
0.00384731
0.000198433
-0.000353289
-0.00177827
0.000122812
0.000123364
0.000124096
0.000123001
0.00153103
0.00300753
0.000132222
0.00153033
0.000247837
-0.000869334
-0.00478597
0.00154108
0.000378758
-0.000832237
-0.00474227
0.00148182
-0.00103001
-5.71322e-06
-3.76111e-06
9.2993e-07
-0.0327679
0.00229654
0.00229616
0.00670696
3.00097e-05
0.0259772
-0.0182301
3.10581e-05
0.00126587
0.00102219
0.00937743
0.0259583
0.000670789
1.3709e-05
0.00156642
0.0448209
-1.45716e-05
7.5437e-05
0.0358393
0.0022393
0.000443588
0.00393079
0.0158333
0.018535
0.00316076
0.00124149
0.0208229
0.0159588
0.00230166
0.00100004
0.00753517
0.0162318
0.00112168
-0.0115802
0.012644
0.0141818
-0.00545603
0.00161147
0.00330919
0.0205203
0.00050819
0.000861068
0.00913053
0.0068076
0.00143153
-0.00295306
0.0188195
0.00372698
0.00147865
0.000688563
0.0130633
0.0042341
0.00176095
0.000332553
0.00942331
0.0136141
0.000665875
2.03535e-05
0.0015569
0.044882
0.00153011
0.0011684
0.00933923
0.0260061
-1.86195e-05
7.53679e-05
0.0354258
0.00224658
0.00313529
0.00118673
0.0208371
0.0159874
0.000433739
0.0040505
0.0159364
0.0185867
0.00231712
0.000991202
0.00753359
0.0162049
-0.00540429
0.0015792
0.0033018
0.0204757
0.00112241
-0.0122182
0.0128289
0.0141911
0.000526437
0.000885071
0.00900994
0.00683365
0.00139647
0.000714209
0.0130608
0.00428357
0.00111583
-0.00288648
0.0188703
0.00364933
0.00172811
0.000321453
0.00939029
0.0136499
0.0116992
0.0117898
0.0595567
0.00140657
-0.000121549
-0.00104275
0.00749745
0.00366227
-0.000199016
0.000512657
0.00087997
0.000142766
0.000133667
0.000662406
0.000662854
0.00315157
0.00551514
0.00530965
0.0142909
0.0044679
8.32253e-05
-0.000174163
0.00749907
0.0106899
0.00814071
4.59269e-05
-0.00525947
-0.0020293
0.00115894
0.000813935
0.0035929
0.00100258
8.94026e-05
0.000569913
0.00776554
0.0128644
8.85277e-05
0.000531453
0.000187451
1.03903e-05
2.61031e-05
-0.000320604
0.00433966
-0.00099864
0.00325197
0.002599
0.000951058
0.0022193
0.00212583
0.000847804
0.00543145
0.0364216
7.66351e-05
0.00104967
-4.53029e-05
-0.00277286
-0.000152471
-0.000309969
0.0044397
-0.0013413
0.0319348
0.0045746
0.00102103
0.0024488
0.013131
0.013231
0.0606529
-0.00137788
0.000126387
0.000662009
0.000662826
0.00315157
-9.04999e-05
-0.000869272
0.00754155
0.00368959
-0.000206051
0.000512853
0.000884212
0.000246463
0.00612965
0.00585055
0.0151578
0.00413667
0.0030008
0.000815545
0.00359364
0.00100549
0.000110561
-0.000170642
0.00742645
0.0109582
0.00722818
0.000182892
-0.00508935
-0.00193621
7.54822e-05
0.000589965
0.00770985
0.0130053
0.0032582
0.00259945
0.000976859
0.00220116
9.00384e-05
0.000538824
0.000156941
7.84527e-06
5.64422e-05
-0.000330761
0.00439756
-0.00100256
0.00209612
0.000846685
0.00546311
0.0364649
0.0319387
0.00457101
0.001018
0.00244283
2.75531e-05
0.00107223
1.7707e-06
-0.00149216
-0.000169959
-0.000332078
0.00450151
-0.00131952
0.00326582
-7.43824e-05
0.0039518
0.000695625
0.0028041
-0.000435762
0.00897841
0.0339913
2.05869e-06
3.44201e-05
-4.88158e-05
-5.16813e-05
0.00162341
0.00191242
0.00114764
0.00113879
0.00431861
0.00116574
-0.00271829
-0.00195075
0.00201411
4.81109e-07
0.00265904
1.18985e-05
0.00343855
0.00156507
0.000143392
-0.0074538
0.000761591
0.000329907
0.0207954
-0.0039413
-0.00102378
-0.000941004
-1.42359e-05
-1.30942e-05
0.00116538
0.00745699
-4.46077e-05
-3.94514e-05
0.00547188
0.000114764
0.00207839
0.000743409
0.0040786
-1.36756e-05
0.000143538
-0.00100044
0.0011898
6.56903e-05
0.000891346
0.000891383
0.00134878
0.000544837
5.51703e-08
2.30737e-08
0.00337301
0.00163354
-0.00179292
0.000261209
0.00236117
0.00111978
9.60526e-05
0.000613488
0.000119883
0.00192638
0.000601406
0.000601531
-0.0134035
4.07788e-05
-0.0239536
-0.0239648
0.00162362
0.000296944
0.000487414
0.00053291
0.00295883
0.0026028
0.00478726
-0.0172
0.00322029
-0.000101968
0.00393183
0.00062412
0.0027243
-0.000342002
0.0346225
0.0085581
0.00326637
0.00115989
-0.00271788
-0.00218344
0.00201376
4.61536e-07
0.00265752
1.18412e-05
0.0037976
0.00186016
-0.00722397
0.000295227
0.000754029
0.000339128
0.0208659
-0.00381763
0.00534907
0.0002008
0.00220513
0.000866691
-0.000758167
-1.38508e-05
0.000141466
-0.00100789
0.00335965
0.0016346
0.000417746
-0.00116786
0.00236748
0.00111557
0.000613516
8.55068e-05
0.00174297
0.000389675
0.000671163
0.000580081
0.00298833
0.00260313
-0.0172102
0.00480208
9.81206e-05
-0.001288
0.000168699
-0.000539442
-0.000164681
0.00151756
-3.06285e-07
6.60951e-07
-0.00297646
-0.00323901
-0.00341462
0.000201195
-0.000164812
0.000494335
0.00330822
-0.00174755
0.000399237
0.000482242
3.4075e-07
2.07258e-07
4.63672e-09
7.88404e-07
-8.92219e-07
-6.44288e-07
0.000525779
7.79082e-05
0.00554627
-0.000987143
-5.94036e-05
0.000322293
-0.000480415
0.000378905
8.8935e-08
-2.56827e-07
-2.92482e-07
-3.13292e-07
-0.00201378
0.00103599
3.49755e-05
2.90047e-05
0.0140609
0.00135141
-0.00402697
0.00235926
0.0212778
0.00448854
0.0021905
0.000279701
-0.0403602
0.0012194
0.000140899
0.000138412
0.00684287
0.00582091
0.00170734
0.00167012
0.00204619
0.000684946
0.00205714
0.00205651
0.00542283
0.00580547
0.00195947
0.00196966
0.000106401
-0.00123464
0.000169446
-0.000530283
-0.000164681
0.00151796
-3.00687e-07
6.59102e-07
-0.0029952
-0.00326086
0.000199452
-0.00341743
-0.000180384
0.000483979
0.00328954
-0.00174833
0.000725288
5.71274e-05
-0.00100066
0.00550066
-7.94098e-05
0.000703423
-0.000256364
0.000156014
0.0142163
0.00155618
0.00269261
-0.00303312
0.0212726
0.00447901
0.000282171
0.00218186
0.00288602
0.00207713
0.00120683
0.00285061
-0.000119926
0.00152809
0.000185742
0.00610375
0.00129289
-2.76324e-05
0.00122458
0.00148742
0.000816949
0.00100635
0.000691547
-0.000197759
0.00286748
0.00197168
0.000896588
0.00284719
0.000720176
0.00100369
0.000708264
4.20195e-05
0.00127981
-2.91421e-05
0.00120503
0.00148935
0.00048213
0.00145572
0.000103638
0.00603118
-3.03414e-05
0.00179921
-4.77045e-05
1.30572e-05
-1.04458e-05
0.00179411
-4.03452e-05
2.29737e-05
0.00440974
0.000407491
0.000492577
5.97665e-07
0.00625804
0.000407354
0.0004927
6.27988e-07
0.0019044
0.00205742
0.00146236
0.000768675
0.00201658
-0.0379443
6.30354e-05
0.000841389
0.0020205
-0.0379488
4.55582e-05
0.000829082
0.0019031
0.00207257
0.00144928
0.000763268
0.00323779
0.00276057
0.0020106
0.00089315
-0.000696498
0.00195424
-0.00447288
0.0001673
0.00197766
-0.000732819
0.000191858
-0.00378588
0.0027753
0.00323562
0.000890471
0.0019981
4.58666e-05
1.52868e-05
0.000340331
8.25202e-05
0.000220527
7.96263e-05
9.31246e-05
-0.00293342
0.000514557
0.00155268
0.00118877
-1.40341e-05
-0.000269608
-4.12292e-05
0.000770513
6.12779e-05
5.08337e-05
0.000110636
0.000341783
0.000103917
-0.000242915
2.67305e-05
0.000753759
6.23428e-05
0.000497626
0.00156614
0.00117045
-1.26779e-05
6.46473e-05
7.22575e-05
-6.72101e-05
-0.00297196
-0.000124675
-3.82934e-08
9.4904e-07
0.00149752
2.40406e-08
-7.02971e-05
0.00149802
1.06382e-06
0.000101368
-0.0011505
0.00153455
-2.98562e-07
-0.00142687
0.000101281
-3.01341e-07
0.0015332
0.0459095
-0.00165842
0.00795444
0.00495613
0.0172036
0.00111352
0.000460175
0.00509939
0.00112905
0.0172196
0.00510793
0.000478373
-0.00182867
0.0458971
0.0047111
0.00776979
0.00240909
5.24674e-05
-0.00254652
0.00187586
0.00163201
0.00236343
0.00168407
-0.000435017
0.00190826
0.00121919
-6.14641e-05
0.000708858
0.00117073
-0.000909681
0.000683098
0.000720884
0.00249228
0.00019874
-0.00245183
0.00209875
0.00123459
-0.000906763
0.000685247
0.000836017
0.00190221
0.00123018
-4.10148e-05
0.000740571
0.00152022
0.00226222
0.00163887
-0.000436926
-0.00176872
-0.00192219
0.00115525
0.00013508
-0.0016625
-0.00191647
0.00115679
0.000129154
-0.000955458
0.00204311
-3.11101e-06
-0.000917283
-0.000951874
0.00202671
-5.34527e-06
-0.00091389
0.00675178
0.00802367
0.00620295
0.00190183
0.000511412
0.000696587
0.000799731
0.000737118
0.000573442
0.000706901
0.000800286
0.000725788
0.00683504
0.0080051
0.00620395
0.00189855
0.000363529
0.000375689
0.00673685
0.000722822
0.000399202
0.000377061
0.000737982
0.00696031
0.00159278
0.0016973
0.00152264
0.00173572
0.00173316
0.00157075
0.00167318
0.0010073
0.0100131
0.0186583
0.00255358
0.030525
0.0256545
0.00328637
0.0166773
0.0163487
0.0278589
0.00803352
0.0105318
0.0202917
0.0113221
0.0127157
0.00425329
-0.00318412
0.00840701
0.00627611
0.0225258
0.00607818
0.0142998
0.00552352
0.00900402
0.0138316
0.00254723
0.0304441
0.00992917
0.0186558
0.025617
0.0032895
0.0278326
0.0084404
0.0166956
0.0163427
0.0104173
0.0202075
0.00425457
-0.00314996
0.0112143
0.0127358
0.00842785
0.00631375
0.0142714
0.0054241
0.0221196
0.0059426
0.0090253
0.0138459
0.0128551
0.002044
0.00759465
0.0022905
0.000280094
-0.000109644
3.69782e-06
0.00273146
0.00993164
0.00502432
0.00951862
0.0143194
-0.00919715
-0.00200719
0.0105092
0.00569458
0.00336038
-0.00302351
0.000156584
6.54823e-05
0.00352898
-0.00823167
-0.00045828
0.0255266
0.00141905
-0.0059767
6.75972e-05
-0.00140363
0.00328004
8.7674e-05
-0.000234993
-0.00625653
0.0127922
0.0019623
3.74328e-06
0.00273146
0.00781853
0.00246343
0.000276589
-0.000100576
0.0100086
0.00500751
0.0108081
0.00650689
0.00945551
0.0145469
-0.00969154
-0.00217811
0.00334001
-0.00306279
-0.000374455
0.0254054
0.000150037
7.04439e-05
0.00352641
-0.00818271
0.00143497
-0.00669557
-0.000227406
-0.00707889
3.19139e-06
-0.0014006
0.003319
0.000105552
0.0074672
0.0298225
0.00565788
0.0251536
0.00807241
0.00122788
0.00918063
0.0182249
0.00156755
0.0531549
0.00156496
0.0532081
-3.7941e-05
-3.78026e-05
0.000745946
0.000747949
0.0564466
0.00143875
0.04731
0.00186417
-0.00249348
-0.000264087
0.00208644
-4.58134e-06
0.0160114
0.0172158
0.022817
0.00464153
0.00558754
-0.00651067
0.017542
-0.00745848
0.0199142
0.0121028
0.0199258
0.0122608
6.38836e-07
4.09488e-06
0.000560638
0.000552762
0.00445114
0.018428
0.0245905
0.0101996
0.00305834
-0.00285431
0.00342572
-0.00152886
0.00314748
0.015843
0.00314218
0.0172623
0.0013687
0.00136935
-0.00086517
-3.72751e-05
0.00923621
0.00670872
0.00860528
0.00858264
0.000183592
0.00116088
-8.85648e-05
0.00038614
0.0121912
0.00419356
0.012189
0.00426704
0.000410634
0.000405037
0.00020901
0.000215529
0.0101365
0.0144384
0.00787332
0.0383861
0.000445411
0.000346544
0.000804242
0.00226902
0.00748785
0.029753
0.00570885
0.0251257
0.00804245
0.00130336
0.0192806
0.00907992
0.0570174
0.00143216
0.049049
0.00185939
-0.00392336
-0.00168695
0.00208647
-3.68331e-06
0.0161181
0.0173585
0.0228561
0.00491265
-0.00659064
0.00537798
0.0175728
-0.00717323
0.00443247
0.0184513
0.0244529
0.0103264
0.00344569
-0.00290674
0.00324095
-0.00153483
0.00918224
0.0067154
0.00860711
0.00864004
0.00159046
0.00032085
0.000396562
-9.67689e-05
0.0101796
0.0144349
0.0078518
0.0386291
0.000320686
0.000424698
0.00230592
0.000859821
0.00619922
0.00467845
0.00678169
0.00936181
1.82841e-05
-5.69113e-06
-3.86591e-07
1.45007e-05
-0.000275489
2.5498e-05
3.59122e-05
-0.000197757
0.001338
-0.00150097
0.00406988
-0.00188192
1.62442e-06
0.0036368
1.74209e-06
0.00363677
6.79256e-07
6.38585e-07
-9.27225e-07
-8.67161e-07
-0.00238106
-0.00327111
7.9889e-05
-0.00327475
0.00585875
-0.000790019
0.00102924
0.00666254
0.00402992
0.00018893
0.0040299
0.000189261
-9.4603e-08
-1.65163e-07
2.1654e-06
2.43291e-06
0.00398898
-0.000401225
0.00356546
0.00101357
-0.00200145
0.000516179
0.000603009
0.000533301
0.000309712
9.26161e-05
0.000302688
7.93328e-05
0.00100671
0.000747093
0.00267186
0.00269374
0.000793168
0.00206985
0.000787238
0.00202614
0.0020995
0.00210206
0.00113855
0.00131308
0.00619439
0.00467101
0.00672596
0.00905694
-1.33135e-05
-0.000858717
-3.92173e-07
4.01145e-05
-0.000279271
1.91777e-05
4.4812e-05
-0.000196099
-0.0015129
0.000917045
0.00405276
-0.00188442
-0.00216755
-0.00297513
7.01792e-05
-0.00337511
-0.000792045
0.00580492
0.00111983
0.00731741
0.00399243
-0.000414944
0.00358745
0.00103428
0.000533887
-0.0024842
0.000437832
0.000605291
0.00286211
0.000123265
-0.00151057
-0.00200677
-0.00176039
-0.00185014
0.000678145
-0.000178261
0.00289994
0.000121642
-0.00143547
-0.00201794
-0.00186027
-0.00176895
-0.000183403
0.000650877
-8.84556e-05
-7.03086e-05
0.00112047
1.1819e-05
0.0011234
1.17421e-05
9.42709e-08
-9.295e-08
0.000659112
0.000657088
2.49669e-05
0.000550472
0.000549916
2.23159e-05
0.000497028
0.000497948
0.00860284
-6.31773e-05
0.000332926
0.000491651
-4.38836e-05
-3.50121e-05
-3.45024e-05
0.00859539
-2.14347e-05
-0.000180275
0.00325575
-0.00177515
0.00561176
-0.00105704
-0.000832807
0.000120451
-2.23285e-05
-0.000180987
0.00321228
-0.00179405
-0.00112605
0.0055678
0.0001115
-0.000949298
-1.74116e-07
5.12028e-07
-9.56843e-07
-6.88562e-07
-4.37569e-07
-5.38273e-07
-2.24013e-07
5.35165e-07
0.00301708
8.0998e-05
0.00159344
0.00149214
0.00139799
0.00140102
8.27383e-05
0.00303955
-7.15731e-05
-0.00537297
0.000179432
0.00292204
-7.86652e-05
-0.000534751
-0.000521675
0.00293485
-0.00533731
-4.36365e-05
0.000188385
0.00300091
-0.00045709
-8.45311e-05
-0.000288892
0.00303948
9.35283e-06
2.24747e-05
4.36983e-05
-0.00102345
4.54176e-05
-0.00102689
-1.15655e-05
-9.18717e-06
0.000406744
0.000406473
0.00576296
-0.0284663
-0.0284666
0.00576108
0.00139899
0.00141474
0.0241114
-0.00570964
-0.000123173
-0.000112239
-0.0147131
-0.0147121
0.0241178
-0.00573833
0.00114236
0.000105387
0.00334346
0.00223288
0.0016485
-1.24733e-05
0.00174535
0.000849673
0.00300006
0.0061095
-9.07726e-06
0.000536138
0.00104117
0.00626903
0.000221341
0.00769495
0.00305229
4.99216e-06
0.000260109
0.000498168
0.00139036
0.00084949
0.000645737
0.000370038
0.00165664
-0.000768116
0.00251023
-0.019736
-0.00377641
0.00139002
-0.00240233
-0.00118073
0.00162429
0.000303352
0.000824297
0.000596381
0.000927725
-0.000157124
2.52796e-05
0.000427133
0.000657245
0.00102884
0.0011671
0.000878792
0.0030931
0.00082813
0.00105275
0.000680878
0.0016378
-1.28944e-05
0.00157192
0.000848982
0.00113547
0.000105386
0.00332218
0.00213512
0.00293567
0.00553027
-1.24813e-05
0.000535494
0.00295165
7.0871e-06
0.000278676
0.000498812
0.00104474
0.00625873
0.000233098
0.00770409
0.00138319
0.000821759
0.000417762
0.000438471
-0.0036693
0.00137816
-0.00241707
-0.000351634
0.00167479
-0.000688924
0.00237982
-0.020345
0.00158392
0.00028187
0.000830126
0.000623849
0.000641769
0.00103485
0.00114532
0.00087419
0.000950907
-0.000107829
-2.85551e-06
-0.000314047
0.00308802
0.000814677
0.00105425
0.000682421
-0.0102186
0.000796641
0.00749113
0.00572973
-9.008e-06
0.000498158
-2.05804e-08
1.35198e-06
0.000955435
-0.00160141
0.000109842
-0.000236011
0.00110442
7.90355e-07
4.63485e-06
0.00148802
-0.000953457
-0.000384045
-0.00117611
0.00133148
0.00041482
-1.26647e-05
-0.000786561
-0.000112957
0.00194787
-0.00157295
0.00228927
0.00308908
-0.000261187
0.00163189
-0.00292755
7.38509e-07
4.28251e-05
-2.3697e-07
-0.0312742
-0.00121651
0.000814343
0.000216053
0.000194448
0.00060428
-9.88381e-05
0.000546704
-0.00527945
-0.000340885
0.00220755
0.00211266
-0.00185394
0.00271235
0.00229778
0.000521785
0.0143383
0.00272735
0.00170855
0.00136757
0.00502835
0.00014181
0.000850863
-0.000190607
0.000808498
-0.00359284
0.019349
0.00503599
0.0509074
0.00241895
-0.0108138
0.0022608
0.0056429
0.00388146
0.00107787
8.52412e-07
6.43376e-05
0.00148797
-1.12868e-05
0.000503444
-1.63629e-09
1.40493e-06
0.000784248
-0.00159549
0.000145298
-0.000123488
-0.00093394
-0.000341946
-0.0010482
0.00134977
-3.06721e-05
0.00163304
-0.00289159
5.56016e-07
0.000409858
-1.307e-05
-0.000979314
-0.00182434
0.00181283
-0.00161202
0.00242425
0.0034764
4.08181e-05
-4.78321e-06
-0.0313026
-0.0011907
0.00223497
0.00213001
-0.00182052
0.0027021
0.000753581
0.000219957
0.000285888
0.000608037
-5.07727e-05
0.000593711
-0.00521602
-0.000336386
0.00222683
0.000503131
0.0130637
0.00275844
0.0193619
0.00502697
0.050151
0.00239197
0.00169528
0.00131741
0.00528717
8.17381e-06
0.000883082
-0.0001785
0.000802901
-0.00358526
0.000660066
0.00354936
0.00192852
0.000328064
0.00257901
0.000996244
0.000498115
0.0138685
-1.19337e-05
3.0536e-05
3.05743e-05
-7.66596e-06
0.00184188
0.00219565
0.00221215
0.00184228
0.00155765
0.00306
0.000760505
-0.0020334
-9.91995e-05
0.00211621
0.00153396
5.90771e-07
0.00113614
-0.000316873
0.00137314
0.00155381
0.00133525
0.00133095
0.00160134
0.00286269
-0.000990969
-0.000929463
-0.000933938
-0.000990528
0.00010637
0.00847891
0.00849301
0.000116592
0.00492724
0.00255454
-4.50998e-05
0.0064889
0.000146093
-0.000998953
0.000633291
-1.47365e-05
0.000156043
0.00133945
0.00133858
0.000154462
0.000699056
-0.000201166
-0.000185594
0.00152763
0.00150058
0.00252015
-0.0014465
0.00206858
0.00317017
0.00147639
0.00119061
0.00194594
0.000537811
0.00157199
0.00157269
0.000531251
0.0023305
0.000362903
0.00031709
0.00234459
0.00142638
0.000162396
-0.000482403
0.0012024
0.00657128
0.00249457
0.000896927
0.000839165
0.00355728
0.000660961
0.000321583
0.00206919
0.0146937
0.00124661
0.000979464
0.00270698
0.00310445
0.00214004
-0.000692418
0.000542748
0.00211454
-9.01308e-05
6.11614e-07
0.00153383
0.00153564
0.00139877
-0.000377864
0.00114101
0.00138684
0.00139482
0.00252428
0.00171975
0.00261666
0.00463779
0.00643095
-0.000112782
-0.000949854
0.000143614
-1.02856e-05
0.000768956
0.00202021
-0.00150573
0.00377426
0.00146909
0.00195023
0.00119287
0.00147389
0.00317287
0.00104637
-0.000455522
0.000170407
0.00145841
0.000836345
0.000896767
0.00250561
0.00659309
-3.07512e-05
-0.000620695
-0.00179925
0.000123128
0.00150736
-0.000192675
-0.000242592
0.00152539
-0.00123292
0.000912389
0.00328155
0.00110309
0.000508527
-0.000163214
-5.15861e-05
0.000246703
0.000403662
0.000488097
0.000488179
0.000403673
9.68497e-09
6.2658e-07
9.56699e-07
-5.35434e-09
0.000266003
-5.52225e-05
-8.52687e-05
0.000369078
-0.00180245
-0.000152227
0.00314179
0.00458446
8.5153e-08
-2.41465e-07
-2.63507e-07
9.11954e-08
-0.00180054
0.00107332
0.00106447
-0.00179908
0.00126549
0.0010652
0.000971248
0.00249339
0.0224891
0.00490827
0.00481329
0.0190896
-0.0439995
0.00115211
0.00115088
-0.0440483
0.00674637
0.00366824
0.00367064
0.00677875
0.00175859
0.00056614
0.000571149
0.00174443
0.00653134
0.00508842
0.00504054
0.00650248
-0.000589711
-2.55183e-05
0.000120404
-0.0017426
-0.000183671
0.00150795
0.00152596
-0.000539928
0.00109534
0.00327546
0.000894956
-0.00122772
-0.000163663
0.000503395
0.000245435
-5.37402e-05
0.000367413
-0.000131575
-5.66669e-05
0.000295332
-0.000151481
-0.00187756
0.0047741
0.00320094
0.00248479
0.000979669
0.00100498
0.00127346
0.0190604
0.00481972
0.00490536
0.0225137
0.0249679
0.0338631
0.00509226
0.0103373
0.052556
-0.000446399
0.00535935
0.0603445
0.00020377
0.00314578
0.00399153
-0.000120194
0.0151716
0.00890673
0.00276111
0.0101799
0.0131323
0.00113478
-0.0037063
0.0276059
0.00201356
-0.0016513
-0.00175722
-0.00110302
-0.000959654
-0.00165415
0.00106287
-0.000979107
0.0487131
0.0568982
0.00109484
0.000936442
0.00356453
0.00647236
0.0010972
0.000426067
0.00944648
0.000330498
0.00184626
0.00834587
-0.00196619
0.00287918
0.00326352
-0.00110098
-0.00197913
0.000444045
0.000686053
-1.00902e-05
0.0139435
0.0132892
0.0023739
0.0100263
0.00793391
0.00384736
0.00163464
0.00508415
-0.00184081
-0.000652553
1.54273e-06
0.000242454
0.0106136
0.00991533
0.00132301
0.00298927
0.0248966
0.0103143
0.00498476
0.0335514
0.0151872
0.0100857
0.00250554
0.00888998
0.000224051
-0.000105625
0.00404127
0.00314723
0.0522966
0.0605109
0.00553981
-0.000672029
0.0139634
0.0100409
0.00237619
0.0133766
0.010467
0.00317818
0.00132884
0.00982081
-0.00184295
0.000227234
-9.82116e-05
-0.000690759
0.0079909
0.00514591
0.00171984
0.00385525
0.00356333
0.000430655
0.00109142
0.00649866
-0.00197904
-2.39944e-05
0.000682387
0.000446919
-0.00197067
-0.00111957
0.00325726
0.00287388
0.00946116
0.00836749
0.00182634
0.000198919
0.0131373
0.0284214
-0.00396566
0.00114427
0.0490821
0.00114203
0.00144842
0.0583188
-0.000975214
-0.00102071
0.000928372
-0.00176381
0.00199817
-0.00110124
-0.00178777
-0.00165537
0.00917416
0.00258842
0.00172311
0.00272102
0.00156903
-4.0241e-05
-2.56762e-05
0.00157257
0.00146037
0.00296745
-5.64137e-05
-3.63456e-05
0.00443828
0.00185361
0.00198574
0.0046597
0.00929935
0.00273893
0.0017152
0.00258904
0.00444511
0.00465848
0.00198179
0.00187318
0.00147084
-2.86926e-05
-3.88449e-05
0.00296629
0.0015574
0.00156876
-3.1765e-05
-4.51328e-05
0.00314334
0.00139919
0.00316444
0.00829233
-8.15178e-06
0.000402058
0.000406343
0.000333027
0.000486461
1.23109e-05
0.000491037
0.000485666
0.00255884
0.00831389
0.00346404
0.00178566
0.00314422
0.00872848
0.00408848
0.00143177
0.00256564
0.00178517
0.00438836
0.00872432
0.00048628
0.000485499
0.000491169
1.24382e-05
-8.08621e-06
0.000333282
0.000406344
0.000401963
0.00916683
0.00774001
0.000152681
-0.00119055
0.00684871
0.00284474
0.00363674
0.00723442
0.000704506
0.000827019
0.00181902
0.00123774
0.00474566
0.00456959
0.00291637
0.00234509
0.0561938
0.00326581
-0.0331705
0.0253594
0.00123682
-0.0430637
-0.040019
0.00271036
0.00142051
0.00171289
0.0017111
0.00155865
0.00828773
0.00999879
0.00123369
0.00267039
0.0562249
0.0252959
-0.0331434
0.00327011
0.00829243
0.0026628
0.00123729
0.009974
0.00141976
0.00155784
0.00170549
0.00171388
0.00123989
0.00270549
-0.0392914
-0.0430616
0.00920186
-0.00117156
0.00021006
0.00776986
0.00474439
0.00234446
0.00291036
0.00456325
0.000704213
0.00123382
0.00181379
0.000826782
0.00683268
0.00724312
0.0036403
0.00284024
0.0301
0.0252655
0.00552134
0.039201
0.0385595
0.0116609
0.00579055
0.0301467
0.00909544
0.00284379
0.00308336
0.0079976
0.0558175
0.0491995
0.00327976
0.00328717
0.0150173
0.00715026
0.0016217
0.0144191
0.0185017
0.00107974
0.00135636
0.0182542
0.00055358
0.00225513
-0.000284639
0.000171965
0.0429888
-0.00105597
-0.0107388
0.0303736
0.0151197
0.0144385
0.00162813
0.00694455
0.0429539
0.0307225
-0.0103487
-0.0010898
0.000571332
0.000179742
0.00011004
0.00261796
0.018913
0.018658
0.00173458
0.00149412
0.0301695
0.0392175
0.00547876
0.0252002
0.0558489
0.00328643
0.00328053
0.0492315
0.00927235
0.00795067
0.00307266
0.00283591
0.0396414
0.0301273
0.00575547
0.0116285
0.0104599
0.00755583
0.000108948
5.01527e-05
0.00626244
0.000256174
0.000407404
0.0074403
0.00354811
0.0034876
0.000330157
-0.000904238
0.00347094
6.81184e-05
-0.000469503
0.00385985
0.0143653
-0.00467434
0.00148204
0.00678152
0.00555616
0.00600134
-0.00208172
-0.00539183
0.00512519
-0.0016788
-0.00231912
0.00535126
0.00661544
0.00706698
0.000198931
-0.00231217
0.00334152
0.00424608
0.00219434
0.00207533
0.00354436
-0.00389324
0.00139898
0.00421835
-0.0017757
-0.00103053
0.001099
-0.00204933
0.000287588
0.0015145
0.00172004
-0.000388364
0.00320276
0.000200708
8.99233e-05
0.00397784
-0.00225401
-0.00188053
0.000796573
0.000344598
-0.00181449
0.00132014
0.000911541
-0.00145715
0.00385857
0.00438641
0.00117398
0.0131224
0.0105957
0.000113058
0.000125203
0.00769707
0.00346143
0.00387108
-0.00040381
0.000123373
0.00347977
-0.000874796
0.000356984
0.00345705
0.00619832
0.00745882
0.000412527
0.000278354
0.00319915
0.00400805
0.000142218
0.00019361
0.00386536
0.0131491
0.00120535
0.00441964
-0.00184465
-0.00146553
0.000906337
0.00142676
-0.00225539
0.000343435
0.000805206
-0.00187939
0.00334979
0.00205011
0.00219785
0.00429546
0.000238451
-0.000382694
0.00169624
0.00150988
-0.00184908
-0.00193903
0.00106011
-0.00107157
0.00277431
0.00424945
0.0014008
-0.000520524
0.0138942
0.00682081
0.00134093
-0.00502986
0.00655151
-0.0016002
0.000101193
0.00699854
0.00507163
0.00530928
-0.0023101
-0.00160935
0.00556795
-0.00527908
-0.0021371
0.0059562
0.00462026
0.0032507
-5.96862e-05
0.0029744
0.00362854
-9.05078e-07
0.00149284
0.00471079
6.07122e-05
0.00151225
0.00150316
-1.41965e-07
0.00603144
0.00417243
-0.000180308
-0.000196058
0.00472523
0.0030742
-2.95118e-06
0.00326222
0.00598327
-0.000196048
-0.000125934
0.00418282
6.0934e-05
1.31064e-07
0.00150384
0.00151273
0.00362844
0.00471055
0.00149299
-7.56021e-07
0.0248944
0.00578557
-0.000590388
0.0127534
0.00402696
-1.03086e-07
0.00158386
0.00525871
6.18052e-05
0.00152249
0.00153021
-6.14036e-07
0.00815604
0.0100067
-0.000845614
-0.00035157
0.02523
0.0125051
-0.000843885
0.00556978
0.00834618
-0.000202913
-0.00083508
0.0100252
6.16469e-05
-6.87778e-07
0.00152902
0.00152199
0.00402688
0.0052567
0.00158241
-1.49161e-07
0.0251763
-0.0046133
0.044261
0.00435081
-0.00010819
0.0223669
0.029836
-0.000654555
0.00458877
0.00809025
0.0114505
0.00779695
0.00212606
0.00341656
0.00581439
0.00699542
0.000503302
0.0218255
0.0185213
-0.000331927
0.00218292
0.00440034
0.00638388
0.0059318
0.00152863
0.00477167
0.00562178
0.0022837
0.00565735
-0.00409356
0.015108
0.0189296
0.000512515
-0.000309963
0.0185362
0.0218282
0.00564901
0.0189375
0.0151179
-0.00408501
0.00152207
0.00228472
0.00563223
0.00476989
0.00217983
0.00592725
0.00639294
0.00439514
0.0250365
0.00436091
0.0440249
-0.00457966
0.00213054
0.00700345
0.00571222
0.00341818
0.00460214
0.00780769
0.0113783
0.00811698
-0.000111159
-0.000649621
0.0297625
0.0223651
0.0227054
0.0157604
0.00256012
0.00161648
0.02266
0.0090698
0.002401
0.0175004
0.000124734
-0.00236707
-0.000199463
0.00343665
-0.00142799
-0.0022668
0.00244844
0.000455927
0.0211746
0.0175577
0.00229096
0.0123747
0.0302301
0.00415461
0.00614581
0.0214836
0.00123362
0.000275359
0.000308049
0.000697757
0.0022993
0.00732575
0.00473739
0.00605692
0.0289949
0.0121292
0.00379173
0.0229829
0.00991961
0.00196511
0.0019746
0.0109747
-0.00491476
-0.00470984
0.00109193
0.00042294
0.0252594
0.0185981
0.00167471
-0.00612825
0.00206309
0.0109545
0.0015758
0.00476766
-0.00209717
0.00442374
6.76909e-05
-0.000505252
0.00298188
0.00028717
0.00247159
0.0035878
0.00963967
0.00726648
0.00187219
0.00197986
0.0218317
0.00149227
0.00249346
0.0162
-0.00127241
0.00062119
0.00271415
-0.00235068
0.000269005
0.00352823
-2.01858e-05
-0.0021506
0.0226953
0.0178829
0.00226579
0.00894221
0.00209692
0.00484317
0.00163239
0.010637
0.00961251
0.00202557
0.00186324
0.00726227
0.00344607
0.00351896
0.00263034
0.000337091
-0.00211314
-0.000569147
0.00026182
0.00422959
0.0285579
0.0229937
0.0037927
0.0120049
0.0252917
-0.0056467
0.00169625
0.0185357
-0.00487638
0.000474311
0.00108427
-0.00458764
0.00998181
0.0109857
0.0019916
0.00205374
0.0211742
0.0123498
0.00224202
0.0175735
0.00242529
0.00599366
0.00471857
0.00728506
0.00136319
0.000844652
0.000259873
0.000272704
0.0302424
0.0215944
0.00610751
0.0039389
0.0179758
0.000808927
-0.00373309
0.00561861
0.000190465
-0.0018056
-0.00181097
0.000596669
1.09695e-05
0.000137383
0.00135822
0.00104315
0.014448
0.00709854
3.75922e-05
0.00150692
0.0174628
0.00590767
-0.0036207
0.000979248
0.0145193
0.00148724
9.19291e-05
0.00745515
1.39354e-05
0.00104131
0.00135803
0.000137169
0.000190825
0.000597978
-0.00180335
-0.00180518
0.0389935
0.025631
0.00165592
0.0182345
0.0206968
-0.00101655
-0.000975899
0.0204085
-0.0010215
-0.00102607
-0.000931448
-0.000942009
0.0169817
0.0170644
0.000846531
-0.00243745
0.0388564
0.0183199
0.00166166
0.0256495
0.0169506
-0.000146042
0.000291414
0.0170676
-0.00102604
-0.000941697
-0.000929381
-0.00102806
0.0206951
0.0203976
-0.000975333
-0.00101354
-0.00390616
0.0385755
0.0393024
0.0467369
0.00612826
0.009399
0.0118141
0.0456293
0.00793509
0.0076306
0.00884899
0.00783843
0.00385606
0.00563001
0.0080472
0.00592355
0.0244771
0.0145043
0.00163568
0.0151479
0.0120065
0.000844994
0.00127169
0.0132228
-0.0303292
-0.0221202
0.00214905
0.00247213
0.0159107
0.0143306
0.0016624
-0.00679628
0.024478
0.0151295
0.00163591
0.0144844
0.0159602
-0.00678412
0.00166639
0.014333
-0.0303295
0.00247235
0.00214948
-0.0221192
0.0120288
0.0132175
0.00126398
0.000842431
-0.00430726
0.046404
0.0388623
0.037716
0.00383091
0.00588892
0.00800603
0.00559762
0.00792541
0.00783142
0.00885128
0.00761629
0.00614793
0.0456805
0.011818
0.00945224
0.0197206
0.0136451
0.00113275
0.0175318
0.0078135
0.000701897
0.00085511
0.0167283
0.0251976
0.0230407
0.00822762
0.00821083
0.031573
0.0244332
0.00795043
0.0205473
0.0197654
0.0175464
0.00114544
0.0137114
0.0316207
0.0205732
0.00803179
0.0246007
0.0252047
0.00822088
0.00827715
0.0230763
0.00775
0.01674
0.000873179
0.000705133
0.0127123
0.00608304
0.00233608
0.00827898
0.00515215
-0.0399813
0.00220274
0.00546268
-0.0258102
-0.00108316
0.00295804
-0.0192719
0.00132262
0.00317105
0.00294769
-0.00332909
0.0132632
0.00832206
0.00235661
0.00608077
0.00137262
-0.00385371
0.00303486
0.00326926
-0.0258102
-0.0192783
0.00288838
-0.00120296
0.00516405
0.00547021
0.0022252
-0.0399786
