-0.746328
0.095
-1.745
-0.724482
0.175
1.815
-0.625
0.643081
-1.745
-0.645
0.854012
1.855
0.746332
0.095
-1.745
0.724487
0.175
1.815
0.625
0.643081
-1.745
0.645
0.854012
1.855
0.0324967
0.0698899
0.119103
0.0836242
0.0325026
0.0699031
0.119112
0.0836328
-0.0457277
-0.0077687
0.0303703
0.054773
0.0118343
-0.0289322
-0.0579492
-0.036759
0.00997226
0.0493948
0.0651162
0.00933287
-0.0315468
-0.0579888
-0.0128231
0.0359222
0.113791
0.0888199
0.0170009
-0.0221214
-0.0445795
0.085565
0.13178
0.177663
0.156967
0.0952448
0.0517218
0.0221385
-0.054358
-0.0168382
0.020356
0.0572496
0.00686339
-0.0354574
-0.0641433
-0.0479304
-0.0399545
-0.0655408
-0.0314058
-0.0336735
-0.0537992
0.0768761
0.125846
0.178844
0.155966
0.0886651
0.0439253
0.015108
-0.0543553
-0.0168357
0.0203624
0.0572599
0.0068674
-0.0354537
-0.0641388
-0.0479285
-0.039952
-0.0655367
-0.0314038
-0.0336711
-0.0537952
0.0768808
0.125851
0.178851
0.155973
0.0886708
0.0439304
0.0151132
-0.0457208
-0.00776117
0.0303834
0.0547906
0.0118453
-0.028923
-0.0579394
-0.0367531
0.00997845
0.0494079
0.0651346
0.00934187
-0.0315392
-0.0579797
-0.012817
0.035929
0.113806
0.0888358
0.017009
-0.0221141
-0.0445706
0.085575
0.131791
0.177677
0.156981
0.0952567
0.0517326
0.0221492
0.0228206
0.00523876
0.0208225
0.0496199
0.00892042
0.0624011
0.0896476
0.108915
0.0686501
0.0659804
0.0229063
0.0224418
0.0495222
0.0623929
0.108918
0.0659829
0.0511134
0.140477
0.0333246
0.150105
0.070764
0.0924897
0.291778
0.404381
0.051123
0.140477
0.150104
0.0924842
0.2139
0.213899
0.0224977
0.168288
0.195077
0.141235
0.14124
0.0520105
0.447201
0.222564
0.222548
0.061459
0.185085
0.130475
-0.00650215
0.00521278
0.0115726
0.0264617
0.00830563
0.0679746
0.0347571
0.0746901
0.0745584
0.0396256
0.0596849
0.0479275
0.00522071
-0.00649829
0.0115729
0.00830563
0.0265015
0.0680012
0.074701
0.0347616
0.0745543
0.0595202
0.0395766
0.0479206
0.0315773
0.0418002
0.156935
0.0337124
0.0659696
0.0604311
0.183683
0.0710143
0.120141
0.171801
0.0991724
0.274306
0.0755825
0.166682
0.0891925
0.403068
0.0309723
0.0337134
0.0418038
0.156935
0.0659686
0.071015
0.0604325
0.183679
0.120139
0.274306
0.171795
0.0991725
0.0755744
0.403069
0.16675
0.0891825
0.2107
0.225754
0.014272
0.174839
0.183689
0.0231509
0.143525
0.18161
0.0608417
0.150206
0.198198
0.0614961
0.143854
0.195933
0.250599
0.164503
0.102624
0.134808
0.172526
0.171429
0.21071
0.225306
0.183931
0.0233881
0.143418
0.181598
0.198194
0.0614949
0.250599
0.164499
0.172306
0.171429
0.165451
0.0523121
0.209241
0.140626
0.0314911
0.0426643
0.141405
0.227138
0.0613645
0.0688852
0.168043
0.444745
0.192964
0.40669
0.434758
0.305151
0.166128
0.0523138
0.20842
0.140623
0.141402
0.227138
0.16805
0.444725
0.179766
0.184669
0.168943
0.21256
0.17989
0.212404
0.168904
0.18485
0.0142051
0.0143237
0.0319299
0.0318109
0.129701
0.190414
0.190413
0.129706
0.19051
0.221134
0.220737
0.191443
0.160399
0.171856
0.16688
0.169966
0.160401
0.169946
0.166862
0.171858
0.0430083
0.0430095
0.0616342
0.0616326
0.393576
0.434982
0.434975
0.393578
0.203098
0.162726
0.148167
0.175889
0.203096
0.175926
0.148135
0.162749
0.0708964
0.0708968
0.0511456
0.0511552
0.291623
0.0941649
0.0941676
0.291632
0.167168
0.16716
0.12095
0.120945
-0.0109736
0.00517619
0.00679921
0.015479
0.00830563
0.0331518
0.0110817
0.0381161
0.0454319
0.0277428
0.045408
0.0335189
0.005184
-0.0109931
0.00679921
0.00830563
0.0154706
0.0318773
0.0380619
0.0109338
0.0454382
0.0453151
0.027551
0.0335178
0.0278355
0.0371552
0.154107
0.0331043
0.0819436
0.0651152
0.174507
0.0704005
0.123034
0.166586
0.107268
0.235894
0.0796342
0.155461
0.0856761
0.25962
0.0278365
0.0331054
0.0371622
0.154092
0.0819499
0.0704035
0.065121
0.174535
0.123037
0.235884
0.16659
0.107306
0.0796292
0.259633
0.155467
0.0856598
0.00928403
0.0349649
0.102445
0.132484
0.00523113
0.00523912
0.0099539
0.248971
0.0159803
0.025816
0.169193
0.0234566
0.0354337
0.0476701
0.118402
0.160926
0.00892042
0.00892042
0.0347086
0.172927
0.0647592
0.0680352
0.193117
0.0784797
0.0866196
0.0865602
0.121899
0.253094
0.0992835
0.114683
0.188352
0.146687
0.0663255
0.0663014
0.0897662
0.120311
0.0588522
0.0712749
0.132756
0.134247
0.00928713
0.0350347
0.102561
0.13239
0.0174348
0.0263204
0.169557
0.0238124
0.0353964
0.0484722
0.118345
0.160848
0.0647564
0.0680323
0.193113
0.0775123
0.0993015
0.114676
0.188352
0.146697
0.05886
0.071285
0.132762
0.134245
0.0464478
0.0557655
0.159919
0.0516905
0.106789
0.158718
0.135679
0.140448
0.0333663
0.0333668
0.0288262
0.0379932
0.136114
0.162237
0.141832
0.173286
0.0708008
0.0708015
0.066055
0.0785349
0.0943415
0.090922
0.161206
0.298303
0.289109
0.289109
0.222799
0.350792
0.408086
0.408086
0.422933
0.372403
0.0464512
0.0557742
0.159904
0.0516926
0.106788
0.158722
0.135678
0.140446
0.136116
0.162245
0.141891
0.173373
0.0943317
0.0909198
0.161187
0.298307
0.212731
0.197115
0.232235
0.216276
0.212735
0.197235
0.232235
0.216277
0.0183848
0.0228296
0.0229482
0.0269944
0.158893
0.169292
0.169289
0.179794
0.188416
0.184958
0.287205
0.18842
0.109367
0.140788
0.141174
0.157511
0.109363
0.140789
0.141173
0.157512
0.0520442
0.0473366
0.0566858
0.0520448
0.451384
0.441152
0.443828
0.451318
0.223528
0.21423
0.235029
0.224095
0.22352
0.209722
0.235029
0.224109
0.0611385
0.0650448
0.0653568
0.0623517
0.124602
0.183418
0.183417
0.247189
0.183754
0.140341
0.147485
0.183748
0.0579759
0.110781
0.0099075
0.156856
0.164975
0.014321
0.0846846
0.145824
0.0313161
0.164901
0.169435
0.0810307
0.115527
0.136136
0.10734
0.218061
0.145334
0.110801
0.126816
0.0966923
0.0804802
0.103738
0.114215
0.0853267
0.00996853
0.156844
0.0579612
0.110732
0.165034
0.0143804
0.0313159
0.16488
0.0846824
0.145787
0.169431
0.0812041
0.107325
0.217952
0.115361
0.136048
0.145409
0.1108
0.0804649
0.103774
0.126762
0.0965494
0.114214
0.0853307
0.172231
0.0326694
0.157461
0.0423922
0.151308
0.158475
0.0290327
0.0383588
0.188949
0.0761125
0.163558
0.061006
0.176394
0.192797
0.066311
0.0795707
0.168339
0.17534
0.169793
0.171035
0.163415
0.302806
0.204451
0.335982
0.147064
0.260236
0.166183
0.171385
0.15946
0.285149
0.422856
0.366871
0.172226
0.0326405
0.0290928
0.0383599
0.157455
0.0423938
0.151372
0.158473
0.188945
0.0754205
0.0663116
0.079572
0.16357
0.061007
0.176384
0.192796
0.168347
0.175337
0.204451
0.33598
0.169785
0.171034
0.163412
0.302813
0.147054
0.25952
0.422864
0.366847
0.16618
0.171419
0.159452
0.285141
0.193692
0.22587
0.202168
0.240793
0.0142443
0.0143036
0.166351
0.166354
0.181885
0.185813
0.0186779
0.027481
0.157835
0.151537
0.172205
0.14032
0.0594299
0.0596348
0.176537
0.176535
0.200576
0.195849
0.0631384
0.0561604
0.140062
0.14006
0.187978
0.187977
0.251451
0.246422
0.149429
0.176035
0.099613
0.0995952
0.13147
0.131468
0.163326
0.189577
0.233431
0.105206
0.193759
0.225878
0.240792
0.202154
0.182069
0.185996
0.0188559
0.0276592
0.151426
0.157808
0.172199
0.140356
0.200573
0.195843
0.063138
0.0561477
0.246425
0.251451
0.175984
0.149428
0.189586
0.163336
0.105207
0.23343
0.162406
0.169422
0.0476592
0.0569699
0.198721
0.163715
0.108039
0.158128
0.0317152
0.0316557
0.0427018
0.0427023
0.110976
0.157154
0.214526
0.233329
0.0613988
0.0613982
0.0698904
0.0698906
0.167635
0.169176
0.435692
0.443467
0.193681
0.193682
0.406967
0.406972
0.43941
0.439411
0.302269
0.302269
0.162407
0.169421
0.0476606
0.0569717
0.163661
0.198648
0.108042
0.158127
0.157153
0.110975
0.212816
0.233262
0.169191
0.167645
0.44343
0.435693
0.0516906
0.167147
0.195566
0.0792943
0.159148
0.108935
0.200086
0.17154
0.169384
0.165519
0.233911
0.155806
0.114824
0.123228
0.229513
0.185595
0.051716
0.079343
0.19566
0.16736
0.114795
0.186174
0.229517
0.123328
0.169381
0.155804
0.233911
0.165453
0.159121
0.171706
0.20013
0.108953
0.00957095
0.00993631
0.0185369
0.0188888
0.00960182
0.0190964
0.0186259
0.00996696
0.0279359
0.0289605
0.0273318
0.0282264
0.0279059
0.0280632
0.0272427
0.0289305
0.0809733
0.130837
0.157279
0.118327
0.173999
0.219369
0.180466
0.159687
0.17399
0.159689
0.180468
0.219367
0.0810036
0.118329
0.157279
0.130841
0.059755
0.0907804
0.177355
0.240217
0.118234
0.246362
0.278707
0.154403
0.118863
0.154376
0.278716
0.246336
0.0597264
0.240192
0.177361
0.0907659
0.156472
0.158508
0.108675
0.107408
0.168103
0.129506
0.110074
0.161079
0.157951
0.160414
0.157356
0.156945
0.16522
0.158429
0.157815
0.162377
0.156464
0.107408
0.108671
0.158469
0.165224
0.162367
0.157814
0.158432
0.157938
0.156948
0.157357
0.160412
0.168117
0.161072
0.110072
0.129275
0.0377465
0.0380329
0.0473722
0.0470401
0.037748
0.0470421
0.0473728
0.0380334
0.065692
0.0660909
0.0567201
0.056348
0.0656899
0.0563467
0.0567195
0.0660903
0.293395
0.2997
0.444231
0.349941
0.271689
0.427153
0.448338
0.291737
0.271678
0.291736
0.448338
0.427153
0.29375
0.349941
0.44423
0.299697
0.202359
0.188434
0.215414
0.1779
0.0685083
0.100451
0.213632
0.197658
0.101951
0.124455
0.222851
0.111259
0.153664
0.169602
0.237702
0.1407
0.20237
0.177905
0.209794
0.188438
0.153652
0.1407
0.237702
0.169602
0.101979
0.110316
0.22286
0.12445
0.0685179
0.197654
0.213626
0.10039
0.0814645
0.0790544
0.066839
0.0772416
0.0814649
0.0754166
0.0670618
0.0790548
0.0375726
0.0350808
0.0605926
0.0794775
0.0375678
0.079883
0.061364
0.035081
0.254078
0.192123
0.245059
0.37331
0.0685789
0.0867153
0.116632
0.0909505
0.0685849
0.0909614
0.116634
0.0866917
0.254066
0.373289
0.24506
0.192132
0.151799
0.171674
0.180943
0.15105
0.151474
0.150902
0.18094
0.171672
0.0749089
0.115662
0.148304
0.119439
0.0752436
0.118936
0.148306
0.115633
-0.0134633
0.00514687
0.00451938
0.0143416
0.0011994
0.0172084
0.00813821
0.0235606
0.0281332
0.0183376
0.0302545
0.0278932
0.00515462
-0.0134627
0.00451937
0.00303865
0.0142097
0.0162134
0.0235914
0.0083105
0.0280195
0.0302827
0.0182926
0.0278774
0.0301486
0.0348371
0.119642
0.0327981
0.0795807
0.0674739
0.149697
0.0701087
0.123673
0.155552
0.113367
0.192013
0.0810998
0.135064
0.0855263
0.158524
0.030153
0.0328005
0.0348435
0.119584
0.0795907
0.0701129
0.0674835
0.149731
0.12369
0.191996
0.155571
0.11339
0.0811164
0.158533
0.135082
0.0848743
0.0160187
0.0291911
0.0858725
0.110798
0.00523482
0.00524037
0.00785678
0.251701
0.0181832
0.0235437
0.161909
0.0236048
0.043665
0.0540051
0.103064
0.136265
0.00892042
0.00892042
0.0225443
0.120695
0.0634989
0.0687751
0.180506
0.0647208
0.0889433
0.0889359
0.10765
0.205817
0.104679
0.112264
0.158935
0.136094
0.0680172
0.0680109
0.0817483
0.106937
0.0625953
0.0686309
0.120753
0.0937997
0.0160314
0.0291854
0.0858832
0.111789
0.0201567
0.0247266
0.162334
0.0240198
0.0436546
0.0539745
0.103055
0.13626
0.0634969
0.0687841
0.180494
0.0647477
0.104747
0.11224
0.159039
0.136102
0.0625984
0.0686408
0.120752
0.0938033
0.048789
0.0534387
0.12923
0.0513853
0.125533
0.148634
0.138184
0.140334
0.0333455
0.0333457
0.0310686
0.0356589
0.144866
0.155551
0.145028
0.152552
0.0707821
0.0707824
0.0684091
0.0781473
0.0932964
0.0912129
0.139177
0.190134
0.291568
0.291568
0.257338
0.321426
0.407391
0.407391
0.414977
0.390436
0.048796
0.0534486
0.129249
0.0513897
0.125532
0.148636
0.138178
0.140333
0.144859
0.155553
0.1449
0.152461
0.0932479
0.0912255
0.139152
0.190136
0.213372
0.206655
0.223037
0.215152
0.213374
0.206715
0.223036
0.215152
0.0204412
0.0226645
0.0227237
0.0247461
0.164191
0.169182
0.169178
0.174162
0.193949
0.189941
0.204806
0.193952
0.127077
0.140886
0.14109
0.148496
0.127083
0.140891
0.14109
0.148492
0.0520272
0.0496733
0.0543481
0.0520275
0.450417
0.445305
0.446557
0.450402
0.223655
0.21542
0.229262
0.223218
0.223651
0.215419
0.229261
0.223208
0.0612815
0.0624646
0.0624643
0.0619046
0.1526
0.185186
0.185186
0.216605
0.131152
0.135491
0.188689
0.131157
-0.00778083
0.00253618
0.0403805
0.0805826
0.00519577
0.00522613
0.00782096
0.20004
0.00932027
0.0137763
0.157543
0.014374
0.023547
0.0302922
0.068491
0.117412
0.00830563
0.00830563
0.0208317
0.111339
0.0539058
0.0664949
0.16661
0.055577
0.0112697
0.0403606
0.0854846
0.100185
0.0502111
0.0819059
0.0929272
0.184795
0.0579101
0.0882225
0.129381
0.0994701
0.0353255
0.0428318
0.113512
0.0751723
0.0534527
0.0636753
0.0734376
0.0900188
0.0411643
0.053875
0.101471
0.0704987
0.00520364
0.00523409
0.0078524
0.200032
-0.0077377
0.00252011
0.0404297
0.0797307
0.00931631
0.0137767
0.157569
0.0144039
0.00830563
0.00830563
0.0208316
0.111366
0.0235202
0.0302377
0.0684996
0.117411
0.0536938
0.0666429
0.166568
0.0561468
0.0504754
0.0818556
0.0929321
0.184749
0.0115063
0.0405669
0.0852787
0.1002
0.0577981
0.0883406
0.129404
0.099435
0.0533681
0.0636072
0.0734066
0.09002
0.0353652
0.0428498
0.113467
0.0754152
0.041217
0.0538748
0.101468
0.0704888
0.032959
0.0284358
0.165966
0.0330959
0.0394756
0.044125
0.123907
0.0420883
0.150683
0.0971393
0.153686
0.15773
0.0334074
0.0333868
0.0312129
0.0360358
0.0695813
0.0670451
0.178672
0.0689675
0.062768
0.0580974
0.135144
0.0606979
0.178517
0.192329
0.178831
0.191226
0.0706992
0.0708203
0.0686626
0.0786982
0.121788
0.118214
0.158532
0.158381
0.171352
0.166979
0.17082
0.171417
0.102422
0.0965442
0.144173
0.192786
0.259715
0.283871
0.239922
0.3058
0.0776842
0.073527
0.135479
0.157615
0.162706
0.167165
0.166028
0.168018
0.0886306
0.090166
0.138171
0.181326
0.357848
0.406327
0.414618
0.38623
0.0329613
0.0286465
0.165868
0.0329934
0.0334088
0.0333873
0.0312434
0.0360365
0.0394826
0.0441252
0.123865
0.0420894
0.150685
0.0969765
0.153732
0.15773
0.0681595
0.0670366
0.178667
0.0690463
0.0707008
0.0708214
0.0686638
0.0786998
0.0627702
0.0581025
0.135191
0.0606995
0.178515
0.19233
0.178831
0.191217
0.12178
0.118213
0.158523
0.15838
0.25972
0.28387
0.239918
0.305734
0.171346
0.166979
0.170796
0.171428
0.102415
0.0965503
0.144167
0.192795
0.0777048
0.0735427
0.13548
0.15765
0.357924
0.406328
0.414632
0.386226
0.162708
0.167169
0.166074
0.168065
0.0886296
0.0901724
0.138133
0.181322
0.153942
0.21189
0.20323
0.218213
0.187202
0.179745
0.209711
0.234642
0.0121801
0.0163284
0.014259
0.0142887
0.246586
0.179983
0.17301
0.173009
0.176451
0.190327
0.182805
0.184779
0.0233016
0.0229925
0.0209144
0.0253159
0.132234
0.214602
0.150196
0.148999
0.173892
0.180951
0.179528
0.179017
0.0461737
0.0609901
0.0611861
0.0611864
0.15507
0.145191
0.149892
0.149891
0.201526
0.202438
0.199364
0.196973
0.0651906
0.0639604
0.0623164
0.0597508
0.133869
0.151984
0.142589
0.142592
0.194248
0.28373
0.192831
0.192824
0.259745
0.241424
0.25113
0.248585
0.158904
0.168113
0.157347
0.170299
0.0965269
0.096364
0.101691
0.101691
0.128561
0.138807
0.133928
0.133929
0.152033
0.240783
0.167909
0.185901
0.157976
0.179063
0.202825
0.138516
0.15385
0.211897
0.203269
0.218221
0.187099
0.179753
0.234625
0.209704
0.176753
0.190537
0.183018
0.184991
0.0235982
0.0231703
0.021122
0.0255236
0.13225
0.214597
0.148901
0.15
0.173876
0.180948
0.179517
0.179015
0.201521
0.202432
0.199361
0.196967
0.0655576
0.0639596
0.0623156
0.0597498
0.259745
0.241424
0.248586
0.25113
0.158905
0.168117
0.170284
0.157338
0.152029
0.240783
0.185776
0.167806
0.157976
0.179065
0.138519
0.202892
0.162577
0.0947478
0.163466
0.168386
0.0519985
0.0520611
0.0499853
0.054641
0.135271
0.217157
0.205295
0.171593
0.140513
0.140719
0.126282
0.148616
0.033591
0.0292428
0.0316039
0.0315741
0.0403286
0.0450001
0.042683
0.0426833
0.141577
0.141306
0.127989
0.148523
0.22542
0.225403
0.222215
0.233925
0.063707
0.0590247
0.0613815
0.0613811
0.0784799
0.0618901
0.0693877
0.0693878
0.166887
0.164589
0.1678
0.168562
0.399034
0.449534
0.442498
0.444698
0.187407
0.186524
0.193744
0.193745
0.378936
0.432647
0.408387
0.408387
0.42916
0.439705
0.438239
0.438239
0.33242
0.276786
0.30462
0.30462
0.162574
0.0948034
0.16347
0.168386
0.0519999
0.0520621
0.0499869
0.0546428
0.134591
0.217148
0.170527
0.205205
0.140511
0.140716
0.126283
0.148619
0.141589
0.141304
0.148521
0.127989
0.225371
0.225403
0.222214
0.233925
0.166878
0.164592
0.168591
0.167817
0.399027
0.449405
0.44465
0.442533
0.16829
0.172375
0.187237
0.180896
0.17846
0.160681
0.186701
0.190922
0.170863
0.168867
0.175975
0.166962
0.135956
0.158238
0.233522
0.244013
0.168403
0.172467
0.187333
0.181051
0.135766
0.158341
0.233528
0.244017
0.170879
0.168864
0.175788
0.167867
0.178547
0.160774
0.186854
0.190989
0.0121257
0.014262
0.0142271
0.0164415
0.0122153
0.014351
0.0143161
0.0165898
0.0322824
0.0339387
0.0297947
0.0318246
0.0322374
0.0338491
0.029646
0.0317354
0.119568
0.122666
0.135939
0.140123
0.185094
0.172725
0.181944
0.193223
0.185097
0.174783
0.18195
0.193224
0.11957
0.122625
0.135942
0.140117
0.148673
0.198681
0.1935
0.173457
0.173308
0.222503
0.244087
0.176923
0.222367
0.172927
0.176929
0.244094
0.198683
0.148492
0.178335
0.19349
0.154455
0.159434
0.161331
0.0930731
0.167361
0.17344
0.17058
0.10925
0.166571
0.165669
0.163948
0.167202
0.17045
0.168976
0.165814
0.169483
0.154452
0.159434
0.161332
0.0930742
0.170435
0.16898
0.165809
0.169482
0.16656
0.165664
0.163949
0.167186
0.167365
0.173445
0.170578
0.108608
0.0426975
0.0406834
0.0453332
0.0427204
0.0406844
0.0426988
0.0427211
0.0453346
0.0639694
0.0613151
0.0614168
0.0593024
0.0613134
0.063968
0.0593007
0.0614157
0.379147
0.365138
0.415815
0.402256
0.381585
0.428948
0.440131
0.438101
0.428906
0.381516
0.438105
0.440183
0.36513
0.379163
0.402254
0.415936
0.203197
0.209843
0.201823
0.207961
0.0991652
0.166248
0.161999
0.194929
0.138319
0.139304
0.151629
0.156798
0.158301
0.175805
0.179605
0.180603
0.203193
0.209836
0.20182
0.207963
0.15831
0.175791
0.180314
0.180687
0.138312
0.13928
0.151594
0.156742
0.0991586
0.166221
0.161968
0.194925
0.0674802
0.0801305
0.0644054
0.0703932
0.0675082
0.0799105
0.0644053
0.0703935
0.041252
0.0490333
0.0529377
0.0536685
0.0410999
0.049032
0.0529509
0.0536919
0.279989
0.322483
0.263096
0.29821
0.0875605
0.0905363
0.0975563
0.0867781
0.0875549
0.0905401
0.0974403
0.0867749
0.279989
0.322506
0.263098
0.29821
0.159452
0.165588
0.168954
0.17288
0.165607
0.15944
0.172879
0.168923
0.112271
0.105754
0.127345
0.128282
0.105707
0.112111
0.128285
0.127334
0.0287443
0.0735253
0.0076336
0.124555
0.044416
0.00954571
0.0496896
0.102593
0.0231374
0.110947
0.0629864
0.0344922
0.0503073
0.0764184
0.0620973
0.10673
0.083314
0.0680267
0.0949629
0.0505399
0.0610406
0.0686562
0.0883569
0.057572
0.00765022
0.124547
0.0287536
0.0740043
0.0443398
0.0095615
0.0231286
0.110521
0.0497136
0.102516
0.0628653
0.0349574
0.0621049
0.107792
0.0503641
0.0766423
0.0833289
0.0680238
0.0612325
0.0686223
0.0948201
0.0505637
0.0883279
0.057571
0.117538
0.0278734
0.121615
0.0374397
0.156757
0.155397
0.0304952
0.0354255
0.15991
0.0817017
0.140631
0.065388
0.171338
0.183513
0.0680445
0.0796724
0.157288
0.16943
0.168184
0.165878
0.149862
0.202587
0.20432
0.26576
0.130145
0.148593
0.156873
0.154803
0.137416
0.166871
0.266602
0.253939
0.117511
0.0278897
0.0305108
0.0354266
0.121544
0.0374425
0.156712
0.155388
0.159941
0.0817019
0.0680471
0.0796731
0.140671
0.0653896
0.171357
0.18351
0.157261
0.169435
0.204305
0.265219
0.168185
0.16588
0.149873
0.202603
0.130145
0.148591
0.266601
0.253928
0.156868
0.154804
0.137403
0.166868
0.0640211
0.0880827
0.104858
0.112503
0.0882726
0.109755
0.0968858
0.149439
0.00784544
0.242413
0.00786174
0.242444
0.00994598
0.00996131
0.246941
0.246942
0.159711
0.0189571
0.164305
0.0282944
0.168176
0.170378
0.0211727
0.0257599
0.0840372
0.123721
0.115394
0.0987842
0.109666
0.125109
0.158261
0.158651
0.0227313
0.118583
0.0227312
0.118582
0.0348944
0.0348945
0.172379
0.172378
0.181353
0.0751658
0.177986
0.0702258
0.190456
0.196578
0.0778192
0.0792298
0.104481
0.204717
0.104481
0.204679
0.120878
0.120875
0.251523
0.251535
0.152554
0.12135
0.151825
0.14747
0.179745
0.206739
0.139425
0.153357
0.0794506
0.102829
0.0794086
0.102812
0.0887297
0.088725
0.118945
0.118934
0.112124
0.0810164
0.128848
0.12915
0.128697
0.136805
0.162227
0.104466
0.0640382
0.0881998
0.104954
0.112543
0.0883011
0.109874
0.149425
0.0968862
0.160035
0.019274
0.164463
0.0284499
0.168464
0.170643
0.0214544
0.0260195
0.0840296
0.123743
0.115451
0.0989256
0.125101
0.10966
0.158156
0.15864
0.181349
0.0751655
0.177887
0.0702731
0.190483
0.196572
0.0762398
0.078537
0.152548
0.121347
0.151767
0.147462
0.20683
0.179762
0.153277
0.13945
0.112123
0.0810164
0.128829
0.129162
0.136809
0.128702
0.104529
0.162294
0.126407
0.0467349
0.131926
0.0560374
0.15953
0.160475
0.0493648
0.0540177
0.105014
0.107105
0.15693
0.158576
0.1225
0.145909
0.125897
0.148644
0.0311416
0.0356996
0.0311568
0.0357
0.0288935
0.0288785
0.0380131
0.0380133
0.131111
0.139397
0.158353
0.165041
0.13229
0.148505
0.176247
0.166486
0.0684451
0.0784244
0.0684458
0.078425
0.0660727
0.0660723
0.0787948
0.0787951
0.140609
0.191509
0.138581
0.185839
0.160907
0.161812
0.299284
0.295084
0.254428
0.319664
0.254421
0.319689
0.221994
0.221994
0.351652
0.351652
0.418867
0.39259
0.418866
0.392584
0.426197
0.426196
0.37343
0.373422
0.1264
0.0467369
0.13196
0.0560415
0.159519
0.160458
0.049367
0.0540194
0.104996
0.107104
0.156932
0.15858
0.145949
0.122475
0.125897
0.148648
0.131106
0.13939
0.158444
0.165121
0.148501
0.132425
0.176253
0.166745
0.140602
0.191517
0.138572
0.185839
0.161778
0.16092
0.295087
0.299292
0.20532
0.221042
0.196359
0.19837
0.23316
0.230938
0.208939
0.225122
0.20537
0.221046
0.196466
0.198475
0.230939
0.23316
0.225123
0.208985
0.0184617
0.0185062
0.0206832
0.0250361
0.020787
0.02514
0.0271639
0.0271194
0.15856
0.15856
0.163847
0.174878
0.174747
0.163848
0.18042
0.180419
0.182808
0.197176
0.183491
0.183493
0.284916
0.284933
0.197179
0.182812
0.109018
0.109699
0.126685
0.148559
0.127502
0.148527
0.157434
0.157669
0.10901
0.109698
0.126688
0.148554
0.148524
0.127505
0.15767
0.157435
0.049708
0.0543819
0.0473543
0.0473546
0.0567027
0.0567024
0.0497085
0.0543825
0.449043
0.450993
0.443987
0.443989
0.447199
0.4472
0.450991
0.449034
0.214324
0.228418
0.215308
0.214131
0.234344
0.236432
0.218984
0.232011
0.228412
0.214318
0.209161
0.212297
0.236432
0.234341
0.218984
0.232011
0.0618132
0.0618134
0.0659408
0.0628288
0.0662082
0.0626153
0.0631059
0.0631058
0.118724
0.118809
0.214769
0.150498
0.150498
0.214773
0.247047
0.247047
0.187357
0.188199
0.140481
0.140479
0.148351
0.14836
0.187337
0.188194
0.0598797
0.0687249
0.125838
0.0839123
0.00973925
0.00992421
0.0950567
0.226758
0.147235
0.166094
0.0120174
0.0166049
0.0784504
0.0915921
0.143708
0.14773
0.0326467
0.0326718
0.159491
0.169163
0.0869546
0.197562
0.0549339
0.0805423
0.115854
0.128282
0.123801
0.173168
0.0941263
0.113858
0.158693
0.236314
0.131585
0.165434
0.0972627
0.121447
0.120855
0.129175
0.0842399
0.104122
0.0751972
0.0840164
0.0823543
0.110531
0.108331
0.119737
0.0771507
0.093039
0.00978522
0.00997014
0.095061
0.226738
0.0599361
0.0688808
0.125903
0.0839061
0.147305
0.166231
0.0120624
0.0167384
0.0326475
0.0326713
0.159506
0.169151
0.0784477
0.0915935
0.143617
0.147679
0.0867891
0.197561
0.0541456
0.0804244
0.0940671
0.113857
0.158707
0.23642
0.115868
0.128843
0.123763
0.173166
0.131586
0.165542
0.0972708
0.121436
0.0751821
0.0840023
0.082241
0.110533
0.12075
0.129096
0.0839055
0.104175
0.108334
0.119747
0.0771274
0.0930277
0.14691
0.172632
0.0338192
0.0303662
0.157136
0.158108
0.0400692
0.0447156
0.152424
0.160915
0.152389
0.0923079
0.0285849
0.028982
0.0380506
0.0380523
0.209684
0.187749
0.0798722
0.0766807
0.165308
0.162221
0.0633437
0.0586758
0.171917
0.181701
0.198307
0.197359
0.0659937
0.0661082
0.0815463
0.0793133
0.168738
0.165029
0.182504
0.166296
0.172773
0.164111
0.170192
0.166422
0.16436
0.162799
0.304807
0.301263
0.191075
0.213962
0.319971
0.345008
0.150597
0.143967
0.261995
0.226867
0.1648
0.16348
0.160736
0.173279
0.158764
0.159826
0.283936
0.288423
0.375028
0.425773
0.34949
0.371587
0.146912
0.172699
0.0338198
0.0304335
0.0286298
0.0290269
0.0380523
0.038053
0.157124
0.158109
0.0400706
0.0447174
0.15246
0.160927
0.152387
0.0923109
0.209672
0.187745
0.0797347
0.0754203
0.0659955
0.0661091
0.0815474
0.0793141
0.165325
0.162215
0.0633453
0.0586768
0.171909
0.181696
0.198307
0.197373
0.168751
0.165034
0.182488
0.166264
0.191074
0.213963
0.319952
0.345006
0.172771
0.164106
0.17018
0.166425
0.164363
0.162795
0.305403
0.30133
0.1506
0.143959
0.261986
0.227207
0.375027
0.425773
0.349486
0.371584
0.164801
0.163478
0.160756
0.173288
0.158762
0.15981
0.283928
0.288418
0.194705
0.178556
0.142065
0.227879
0.123793
0.168412
0.268069
0.205011
0.0121587
0.0163906
0.0164647
0.0122035
0.171932
0.237569
0.237578
0.171934
0.174522
0.189287
0.19219
0.178686
0.0186097
0.0187818
0.0277696
0.027364
0.114778
0.210361
0.163258
0.139712
0.177656
0.16468
0.132144
0.146496
0.0467595
0.0605279
0.0610931
0.0467597
0.175112
0.178053
0.178039
0.17511
0.202429
0.205124
0.200707
0.200671
0.0642904
0.0658467
0.058933
0.0624503
0.149133
0.130057
0.130048
0.149087
0.183525
0.278673
0.27874
0.183531
0.183678
0.242688
0.237972
0.25557
0.142781
0.154488
0.179444
0.171258
0.09366
0.088334
0.0882631
0.0936552
0.124683
0.13763
0.137651
0.124683
0.148512
0.166865
0.243384
0.156257
0.219769
0.240757
0.112347
0.0945889
0.177769
0.194786
0.227884
0.142432
0.205574
0.268065
0.168372
0.123799
0.189426
0.174719
0.178861
0.192327
0.0189745
0.0187432
0.0274976
0.0279403
0.141513
0.162931
0.210228
0.114758
0.164639
0.177676
0.146565
0.1322
0.20512
0.202425
0.200666
0.2007
0.0660824
0.0642901
0.0624498
0.0590533
0.255572
0.237975
0.242689
0.183467
0.171259
0.179443
0.154492
0.142752
0.15628
0.243385
0.166848
0.148509
0.0945907
0.112333
0.240757
0.219769
0.156628
0.0938555
0.0955705
0.164733
0.0473899
0.0473476
0.0566535
0.0567367
0.142527
0.201756
0.234256
0.155195
0.108343
0.107725
0.158276
0.157981
0.0337692
0.0295236
0.0294493
0.0337245
0.0403671
0.0450366
0.0450372
0.0403677
0.110067
0.110475
0.15726
0.157059
0.214855
0.215072
0.175454
0.238777
0.0637421
0.059059
0.0590584
0.0637415
0.0793582
0.0677428
0.0679212
0.0791498
0.166437
0.164204
0.165216
0.167918
0.401201
0.441586
0.446878
0.388878
0.186616
0.18675
0.186727
0.184179
0.434924
0.378857
0.378853
0.434915
0.43359
0.444263
0.444262
0.43359
0.274229
0.331365
0.331368
0.274228
0.0938668
0.156628
0.164729
0.0955836
0.0473487
0.0473908
0.0567378
0.056655
0.155187
0.234257
0.201789
0.142579
0.107727
0.108347
0.15798
0.158277
0.157057
0.157263
0.110472
0.110065
0.215066
0.211357
0.238777
0.175344
0.167927
0.165217
0.164206
0.166449
0.388856
0.446877
0.44159
0.401205
0.0222558
0.140566
0.159914
0.0369558
0.160809
0.175497
0.1735
0.158642
0.206037
0.204429
0.188352
0.189853
0.0742349
0.0537473
0.174172
0.181614
0.121182
0.151485
0.15274
0.132356
0.123374
0.136735
0.1684
0.161927
0.207862
0.191157
0.193209
0.209709
0.163111
0.165526
0.179676
0.177589
0.156108
0.158432
0.171407
0.171932
0.151561
0.252297
0.169051
0.155995
0.224158
0.225723
0.229802
0.242153
0.146632
0.165553
0.163144
0.145969
0.0481171
0.0579188
0.134236
0.121183
0.0962672
0.132482
0.146233
0.10927
0.222095
0.239766
0.235949
0.219798
0.161258
0.139778
0.252825
0.257738
0.0222531
0.0369669
0.161146
0.140619
0.0742336
0.180018
0.174188
0.0535396
0.206092
0.190059
0.18847
0.204473
0.161184
0.158819
0.173646
0.175746
0.0482253
0.120776
0.134242
0.0579371
0.161242
0.257739
0.252311
0.139789
0.222097
0.219805
0.235954
0.239767
0.096299
0.110121
0.146376
0.138778
0.156593
0.171933
0.171416
0.158416
0.146631
0.145974
0.163142
0.165555
0.224157
0.242153
0.23018
0.225723
0.151236
0.156058
0.168727
0.254817
0.121057
0.132365
0.152755
0.151509
0.163402
0.177827
0.179787
0.165551
0.207915
0.209747
0.193324
0.191347
0.123331
0.161949
0.16847
0.139241
0.00723251
0.00772759
0.0120712
0.0120323
0.00785199
0.0121703
0.0121447
0.00783561
0.0205631
0.0208011
0.0164184
0.0163604
0.0212809
0.016666
0.0165219
0.0210417
0.00724137
0.0120571
0.0121384
0.00775147
0.0216469
0.0212863
0.0166628
0.0168394
0.020615
0.0163974
0.0165296
0.0209567
0.00786014
0.00785947
0.0122118
0.0121927
0.0303336
0.0310005
0.0338761
0.0341082
0.0311127
0.0336809
0.0338559
0.0312003
0.0249438
0.0253339
0.0296612
0.029384
0.0262348
0.0307217
0.0301114
0.0257692
0.0303244
0.0341521
0.0338313
0.0309777
0.0259494
0.0255356
0.0300036
0.0306952
0.0248919
0.0293468
0.0295498
0.0251782
0.0311052
0.0311775
0.0337889
0.0336585
0.0480332
0.0849077
0.110679
0.0740994
0.129067
0.151249
0.133592
0.111381
0.164478
0.1511
0.145667
0.161801
0.106803
0.0997899
0.125746
0.132696
0.174487
0.225726
0.176508
0.163132
0.256826
0.186499
0.181927
0.249396
0.174934
0.173787
0.185294
0.186886
0.142051
0.153015
0.177611
0.165083
0.173974
0.163326
0.169534
0.22576
0.142056
0.16503
0.177599
0.152988
0.174934
0.186884
0.185289
0.173656
0.256731
0.249352
0.179131
0.186489
0.0480434
0.0740707
0.11071
0.0849027
0.106802
0.132694
0.125722
0.0997849
0.164479
0.161803
0.145669
0.151085
0.129054
0.111374
0.13359
0.15123
0.0702146
0.0778133
0.163675
0.164014
0.0893842
0.129688
0.11784
0.0851936
0.188644
0.178348
0.162713
0.174001
0.249594
0.228705
0.225193
0.244573
0.066847
0.134008
0.163716
0.0792313
0.207794
0.187822
0.172541
0.199135
0.203095
0.187687
0.269384
0.28378
0.112989
0.132129
0.207819
0.200339
0.0668552
0.078798
0.16383
0.134025
0.112247
0.200358
0.207937
0.132197
0.203098
0.283791
0.269361
0.187782
0.207848
0.198704
0.172542
0.187819
0.07021
0.164006
0.163693
0.0778572
0.249594
0.244574
0.225201
0.228702
0.188646
0.174002
0.162619
0.178349
0.0894784
0.0853478
0.11782
0.129697
0.120723
0.122727
0.153458
0.151546
0.127786
0.157795
0.155501
0.125072
0.126887
0.126496
0.0934705
0.0942949
0.125684
0.0936304
0.0927006
0.126077
0.145014
0.173703
0.169012
0.137369
0.138403
0.128326
0.174709
0.186897
0.127293
0.0951746
0.100718
0.127741
0.13073
0.133491
0.165989
0.163659
0.136131
0.138072
0.165242
0.163906
0.138844
0.166517
0.166074
0.138419
0.148519
0.14853
0.164046
0.164403
0.150275
0.164228
0.163731
0.14853
0.153027
0.170783
0.169585
0.147084
0.148644
0.148629
0.166122
0.166713
0.148535
0.164912
0.165499
0.148597
0.139444
0.141736
0.168424
0.167406
0.120651
0.151546
0.153455
0.122682
0.125681
0.126078
0.0927011
0.0936298
0.126893
0.0943258
0.0934754
0.126498
0.127795
0.125045
0.155497
0.157798
0.153123
0.147083
0.169578
0.170769
0.13944
0.167394
0.168444
0.14173
0.148529
0.148598
0.165498
0.164913
0.148647
0.166717
0.166124
0.148633
0.136169
0.16391
0.165234
0.138074
0.150293
0.148525
0.163728
0.164353
0.148516
0.164407
0.164046
0.148528
0.138794
0.138392
0.166079
0.166516
0.145042
0.137416
0.169015
0.173705
0.13076
0.163655
0.165987
0.133535
0.127299
0.127743
0.100804
0.0952091
0.138389
0.186898
0.174698
0.12833
0.035119
0.0357291
0.0403738
0.0397622
0.0356793
0.0403479
0.0403862
0.0357195
0.0496905
0.0497253
0.0450548
0.0450183
0.0490597
0.0444112
0.0450226
0.0496727
0.0351215
0.039764
0.0403752
0.0357304
0.0490629
0.0496739
0.0450238
0.0444125
0.0496908
0.0450186
0.0450556
0.0497262
0.0356795
0.0357201
0.0403869
0.0403481
0.0677505
0.0683476
0.0636513
0.0630427
0.0684272
0.0637243
0.0637602
0.0684648
0.0543652
0.0544001
0.0590769
0.0590417
0.0537156
0.0583699
0.0589844
0.0543275
0.0677476
0.0630416
0.0636494
0.0683457
0.0537113
0.054326
0.0589828
0.058367
0.0543648
0.0590413
0.0590757
0.0543991
0.0684268
0.0684638
0.0637591
0.063724
0.202387
0.19361
0.348831
0.29082
0.190714
0.401262
0.395265
0.192073
0.448358
0.43523
0.428218
0.44707
0.321644
0.314723
0.373955
0.380318
0.163227
0.36766
0.379562
0.181023
0.418118
0.432527
0.432248
0.417273
0.449849
0.449259
0.442938
0.443112
0.187986
0.183772
0.38524
0.39232
0.163233
0.181012
0.379509
0.367644
0.187981
0.393815
0.385194
0.183766
0.449845
0.44311
0.442935
0.449257
0.418118
0.417275
0.432252
0.432528
0.202012
0.290809
0.348889
0.193613
0.321502
0.380319
0.373943
0.314698
0.448356
0.447063
0.42816
0.435211
0.190715
0.192087
0.395302
0.401007
0.154261
0.189123
0.210222
0.186717
0.179007
0.201984
0.202851
0.178062
0.217218
0.220683
0.206539
0.203752
0.146574
0.199018
0.212493
0.223619
0.0447136
0.061984
0.0936952
0.0801643
0.0936038
0.124081
0.105993
0.0752707
0.214893
0.201549
0.200012
0.210067
0.181052
0.182151
0.200036
0.201122
0.0816944
0.0953037
0.131227
0.108538
0.116586
0.150468
0.144906
0.107205
0.229003
0.196603
0.160099
0.209886
0.110566
0.114404
0.141485
0.138208
0.131458
0.161933
0.15803
0.138055
0.158499
0.199184
0.175892
0.169252
0.230697
0.242156
0.235828
0.233145
0.124857
0.132251
0.157718
0.154406
0.154274
0.186718
0.210217
0.189066
0.146578
0.223616
0.212473
0.199022
0.217218
0.203745
0.206538
0.220683
0.178936
0.177991
0.202848
0.20198
0.131462
0.138057
0.158042
0.161933
0.124823
0.154409
0.157726
0.132226
0.230697
0.233145
0.235747
0.242156
0.158528
0.169343
0.176105
0.199184
0.0814629
0.108416
0.1309
0.0953017
0.110585
0.138179
0.141418
0.114216
0.229
0.209917
0.160095
0.196532
0.116592
0.107199
0.144869
0.15047
0.0444704
0.0797273
0.0936836
0.0619795
0.181047
0.201117
0.20003
0.182152
0.214889
0.21
0.200004
0.201545
0.093585
0.0752652
0.105984
0.124085
0.0796227
0.0796651
0.0745829
0.0754774
0.0782861
0.0789192
0.0797511
0.0785621
0.0627845
0.0641249
0.0637757
0.0625183
0.0704831
0.0697545
0.0667109
0.0657809
0.0796244
0.0732373
0.0746409
0.0796669
0.0704992
0.0659279
0.0667782
0.0698178
0.0627843
0.0625182
0.0637757
0.0641244
0.0782864
0.078563
0.0795306
0.0788031
0.0223114
0.0215008
0.0433635
0.0526223
0.0226374
0.0464664
0.0451707
0.021039
0.0621215
0.0631858
0.0617079
0.0614995
0.0738025
0.068234
0.0541323
0.0644068
0.0224084
0.0522737
0.0433624
0.0215004
0.0737975
0.0637022
0.0551829
0.0682347
0.0621218
0.0614997
0.0617084
0.0631866
0.0226374
0.0209948
0.045179
0.0464665
0.154767
0.150986
0.313247
0.359813
0.112676
0.189325
0.249599
0.144393
0.216611
0.276421
0.270041
0.210356
0.392566
0.39049
0.328028
0.332832
0.0500572
0.068072
0.0830002
0.0643604
0.0809607
0.0955264
0.0911458
0.0768514
0.152484
0.146036
0.0872058
0.0841009
0.0822182
0.0759835
0.0881243
0.125974
0.05005
0.0643513
0.0829932
0.068052
0.0836338
0.125988
0.0881068
0.0759846
0.152484
0.0841383
0.0874232
0.146044
0.0809552
0.0768344
0.0911399
0.095524
0.15477
0.359938
0.313274
0.149248
0.392566
0.332834
0.328067
0.390473
0.216611
0.210512
0.27002
0.276421
0.112784
0.144439
0.2496
0.18931
0.0974269
0.104793
0.157786
0.115116
0.119957
0.154608
0.171469
0.11587
0.135857
0.183943
0.174554
0.145104
0.132039
0.119784
0.161281
0.171825
0.0973826
0.115076
0.157746
0.104768
0.13203
0.171809
0.161265
0.119779
0.135854
0.145102
0.174532
0.183941
0.119957
0.115868
0.171468
0.154607
0.0374823
0.080891
0.0940542
0.0559971
0.106136
0.127521
0.120086
0.097198
0.189707
0.184025
0.134604
0.138825
0.136755
0.0842839
0.118658
0.170954
0.0374503
0.0565333
0.0940859
0.0807921
0.136736
0.170948
0.118641
0.0842842
0.189709
0.138825
0.134639
0.184029
0.106253
0.0972138
0.120099
0.127524
