-0.727127
0.305
-2.085
-0.695
0.315
2.10419
-0.711723
0.835
-1.925
-0.695
1.06132
2.135
0.755
0.305
-2.04579
0.695
0.315
2.10497
0.712842
0.835
-1.925
0.695
1.06203
2.135
0.0270724
0.0679129
0.14934
0.124363
0.0304234
0.0596171
0.14901
0.124165
-0.0642737
-0.0199688
0.0155871
0.0401304
-0.00261012
-0.0487599
-0.084473
-0.0473297
0.00946109
0.0497159
0.0652672
0.00282584
-0.0438594
-0.0760314
-0.0112243
0.0475836
0.146675
0.125627
0.024731
-0.0202745
-0.0445753
0.129276
0.188113
0.254367
0.239391
0.161572
0.104802
0.0677807
-0.0732346
-0.0286709
0.00220266
0.0402826
-0.00409009
-0.0537162
-0.0908626
-0.060034
-0.0511644
-0.0842731
-0.0352758
-0.0351402
-0.056205
0.116944
0.178853
0.254898
0.239169
0.153572
0.0945454
0.0583932
-0.0730543
-0.0281104
0.00340834
0.0351382
-0.00615695
-0.0552702
-0.0924977
-0.0599544
-0.0522044
-0.0857254
-0.0352877
-0.0359286
-0.0574513
0.116783
0.178653
0.254539
0.238512
0.15265
0.0934623
0.0571805
-0.0639551
-0.0190659
0.0162118
0.0334694
-0.0076912
-0.0524285
-0.087888
-0.0471234
0.0100641
0.0514509
0.0580315
-0.00164915
-0.0469603
-0.0791706
-0.0112449
0.0475523
0.146949
0.123125
0.02181
-0.0227339
-0.0473063
0.128917
0.187675
0.25359
0.237934
0.159544
0.102509
0.0652953
0.0645056
-0.00534384
0.0306944
0.0579885
0.0167385
0.0537439
0.0963285
0.148085
0.0585111
0.0954807
0.0619702
0.0336348
0.0577326
0.0538719
0.14794
0.0958059
0.0729896
0.211332
0.0155548
0.213399
0.0574294
0.136991
0.511496
0.593837
0.069131
0.193391
0.20807
0.136534
0.184858
0.172969
0.0163623
0.222046
0.286801
0.217506
0.20119
0.0588778
0.635629
0.197193
0.194045
0.0396334
0.351586
0.0974015
0.041413
-0.00367283
0.0202072
0.0727285
0.0190528
0.0451351
0.0350638
0.0796067
0.104692
0.0213833
0.0518028
0.0595716
-7.85501e-06
0.0405705
0.0211388
0.0190422
0.0729842
0.0394843
0.0795617
0.035855
0.104493
0.0514392
0.021477
0.0595352
0.0433534
0.0717737
0.188694
0.0467051
0.0633005
0.0740101
0.193033
0.051461
0.162919
0.216716
0.142093
0.500058
0.114156
0.216834
0.128402
0.588279
0.0441113
0.046975
0.0687076
0.165806
0.0540811
0.0505484
0.0687137
0.185334
0.162853
0.499814
0.203072
0.142328
0.113952
0.588
0.214097
0.128238
0.183903
0.272139
0.0126743
0.22204
0.181197
0.0201933
0.177505
0.0878194
0.0337352
0.165449
0.196654
0.0442604
0.175856
0.261472
0.203163
0.217509
0.144347
0.0673028
0.194473
0.331112
0.17009
0.279631
0.164116
0.0215973
0.17636
0.0876644
0.192739
0.0448741
0.197818
0.217792
0.193428
0.331019
0.198308
0.0536878
0.200596
0.215514
0.0264908
0.0189197
0.216867
0.204718
0.0612987
0.0462537
0.221671
0.632378
0.352295
0.621954
0.621393
0.521062
0.178124
0.0532349
0.190882
0.19839
0.210752
0.197465
0.208726
0.632152
0.176617
0.194771
0.209144
0.161172
0.157263
0.157443
0.200159
0.17946
0.0156713
0.0158847
0.0296163
0.0291576
0.167291
0.345578
0.345541
0.167235
0.203536
0.225427
0.226931
0.214535
0.194549
0.197391
0.220403
0.220265
0.173025
0.206869
0.217346
0.188292
0.0502261
0.0501335
0.0551713
0.0558422
0.613071
0.618068
0.617845
0.61296
0.199522
0.16896
0.153971
0.20507
0.186987
0.203201
0.153648
0.167707
0.0500842
0.0494663
0.0359293
0.0359055
0.498619
0.128743
0.128573
0.498529
0.160545
0.160375
0.0832755
0.08337
0.0096577
0.00103484
0.0109027
0.0448468
0.0186767
0.03712
0.0226838
0.0509469
0.0676265
0.012205
0.0405524
0.0337394
-0.0144486
0.0101743
0.0123376
0.0186481
0.0449881
0.0427465
0.0509345
0.0232906
0.0673227
0.0399322
0.012393
0.0336287
0.0247576
0.0711607
0.157958
0.0398473
0.0684582
0.0745949
0.161841
0.0552885
0.155196
0.195034
0.147301
0.433057
0.120183
0.190361
0.125987
0.417279
0.0261221
0.0599224
0.0683766
0.133457
0.0593151
0.0543735
0.0689053
0.153472
0.154662
0.4326
0.184139
0.146452
0.119955
0.417724
0.188735
0.126288
0.0540725
0.0621492
0.14175
0.210624
-0.00470283
-0.00218517
0.00352865
0.151632
0.0254511
0.0381215
0.176542
0.0303157
0.0823319
0.0263502
0.150254
0.103536
0.0167393
0.0167296
0.0330482
0.143562
0.0509546
0.0600286
0.190774
0.0444751
0.0919796
0.0919563
0.143193
0.227047
0.129513
0.159026
0.186057
0.219498
0.0567663
0.056598
0.0936624
0.0853326
0.0775356
0.108854
0.17122
0.296584
0.0524688
0.060022
0.135102
0.218686
0.0263245
0.0408247
0.156831
0.0335674
0.0826402
0.0264421
0.149784
0.10305
0.0488343
0.0540267
0.186312
0.0450672
0.129382
0.158815
0.183707
0.219058
0.0774081
0.109258
0.170473
0.29641
0.0723834
0.0735959
0.167139
0.0613414
0.206637
0.218687
0.205925
0.213426
0.0167714
0.0169407
0.00621533
0.0172306
0.209616
0.220123
0.215165
0.207136
0.0579256
0.0574894
0.0629964
0.0554964
0.139773
0.134997
0.197361
0.432603
0.51137
0.511396
0.433739
0.575374
0.598325
0.598139
0.609815
0.565761
0.0681234
0.0684652
0.145983
0.0615577
0.186418
0.202787
0.187323
0.195892
0.203588
0.216116
0.209425
0.202613
0.139544
0.134794
0.187256
0.432828
0.184872
0.182953
0.198022
0.196263
0.172228
0.168495
0.189247
0.184231
0.0145183
0.0175551
0.0177683
0.0250392
0.200267
0.21527
0.215212
0.267582
0.287024
0.271184
0.271249
0.291377
0.212707
0.21665
0.217918
0.224529
0.195759
0.199905
0.211365
0.209706
0.0592158
0.0206031
0.0596054
0.0590103
0.640543
0.635503
0.630078
0.640433
0.194406
0.19785
0.204376
0.202277
0.192599
0.194499
0.202262
0.197934
0.0343997
0.0410817
0.0413896
0.0443288
0.250588
0.347086
0.346898
0.444285
0.0965519
0.166973
0.0757223
0.0965264
0.124758
0.17437
0.00576726
0.135157
0.170808
0.0212291
0.144203
0.142273
0.0353515
0.134333
0.141877
0.0383355
0.115939
0.163425
0.129388
0.199506
0.144618
0.150056
0.122437
0.0647462
0.0864354
0.0744871
0.132809
0.10224
0.00642616
0.186339
0.115449
0.186796
0.149064
0.0216928
0.0353544
0.134016
0.144149
0.142024
0.140278
0.0373069
0.129499
0.201222
0.112146
0.167597
0.142417
0.149953
0.0862218
0.0744274
0.122576
0.0648227
0.132879
0.102031
0.190998
0.0412199
0.164758
0.0616434
0.183426
0.191626
0.00917602
0.0484818
0.192005
0.0497529
0.166381
0.0604222
0.195382
0.187491
0.0569603
0.0581949
0.195605
0.326825
0.213378
0.218592
0.197294
0.431775
0.426432
0.559779
0.194107
0.465361
0.218766
0.210318
0.194973
0.423029
0.606039
0.552814
0.173034
0.0418996
0.00952549
0.0485702
0.141785
0.061902
0.159874
0.169436
0.177528
0.0481072
0.0561804
0.0574613
0.156226
0.0605806
0.18697
0.181063
0.191469
0.326513
0.426375
0.55969
0.199212
0.205034
0.186687
0.431898
0.193844
0.465459
0.605782
0.552634
0.215858
0.208248
0.193116
0.423348
0.180381
0.179104
0.254359
0.26116
0.0134654
0.013571
0.219072
0.225768
0.17934
0.191733
0.0179322
0.0283482
0.178455
0.166111
0.163513
0.0865125
0.0339223
0.033924
0.166101
0.166309
0.198081
0.189028
0.0488196
0.0380238
0.174462
0.174441
0.239853
0.241965
0.206172
0.19441
0.199378
0.266245
0.141442
0.141271
0.0640216
0.0641256
0.177468
0.201809
0.420178
0.232973
0.164095
0.173373
0.266101
0.263582
0.161123
0.175467
0.0182532
0.0287911
0.165467
0.177551
0.163324
0.0863875
0.192953
0.18618
0.0485084
0.0380369
0.189351
0.200753
0.266084
0.199312
0.200391
0.176743
0.232709
0.420023
0.196757
0.198726
0.051971
0.0547953
0.191371
0.208796
0.209402
0.222788
0.0272508
0.0270225
0.0201843
0.0201659
0.212781
0.223655
0.20364
0.207583
0.0616484
0.0619699
0.0472022
0.0468935
0.221593
0.221002
0.632269
0.626477
0.351975
0.352501
0.624955
0.624989
0.626612
0.62652
0.515787
0.515758
0.175866
0.184714
0.0516974
0.0542311
0.201507
0.179198
0.191141
0.207421
0.219154
0.206152
0.19408
0.204797
0.207732
0.21838
0.62628
0.632086
0.103818
0.174192
0.182122
0.1353
0.161238
0.200856
0.193975
0.18798
0.195547
0.194035
0.20556
0.213777
0.108964
0.126431
0.191794
0.168898
0.0934602
0.127467
0.166718
0.153216
0.106843
0.166429
0.182176
0.120861
0.1841
0.197372
0.197578
0.191508
0.133066
0.169123
0.18018
0.179751
0.0131641
0.00404444
0.0155102
0.0256253
0.00144153
0.0265601
0.0156696
0.00437145
0.0405003
0.00728982
0.026121
0.0379526
0.0412479
0.0370251
0.0259014
0.00709663
0.106397
0.185772
0.201775
0.13982
0.400454
0.434418
0.269584
0.249063
0.400231
0.248845
0.269802
0.434607
0.106339
0.139809
0.201742
0.185659
0.121088
0.193731
0.269748
0.14703
0.141913
0.224852
0.274519
0.206218
0.143845
0.212336
0.277704
0.226115
0.136636
0.155008
0.275266
0.203919
0.161479
0.16638
0.211293
0.206781
0.164271
0.211353
0.213636
0.167529
0.192821
0.196681
0.224712
0.221908
0.195719
0.220787
0.223773
0.197321
0.137782
0.18785
0.19366
0.144262
0.184966
0.18689
0.208656
0.205134
0.191091
0.21767
0.219786
0.194683
0.155009
0.147307
0.206463
0.20498
0.0620408
0.0184777
0.0584647
0.0614961
0.0622517
0.0618299
0.0583536
0.0185531
0.0598586
0.0637911
0.0603265
0.0611
0.0617641
0.0608791
0.0605902
0.0641685
0.42963
0.433585
0.639981
0.573305
0.420353
0.614803
0.635067
0.431631
0.420728
0.431892
0.634974
0.614683
0.429753
0.573821
0.639962
0.433847
0.162238
0.190356
0.201023
0.203599
0.112134
0.153819
0.192194
0.187422
0.101368
0.155809
0.188698
0.134689
0.188342
0.213225
0.208776
0.18148
0.155154
0.198038
0.196447
0.184256
0.186882
0.180687
0.206621
0.209829
0.101687
0.13452
0.187412
0.155595
0.111863
0.184815
0.189551
0.15391
0.0389848
0.0558179
0.045602
0.0484927
0.0421389
0.0477644
0.0454465
0.0554504
0.0358615
0.0333068
0.0352938
0.0388733
0.0364656
0.0406272
0.0352873
0.0333059
0.414489
0.384982
0.438656
0.565249
0.0746735
0.0918704
0.24702
0.201462
0.0742337
0.201362
0.246956
0.0917591
0.414819
0.565176
0.438613
0.384765
0.11573
0.142078
0.168647
0.143812
0.115393
0.143587
0.168535
0.141899
0.055141
0.082605
0.073505
0.066402
0.0551629
0.0664936
0.0734794
0.0826511
-0.00175119
0.000884419
0.00747123
0.024088
0.0172109
0.032076
0.0119563
0.0328271
0.0435863
0.00943569
0.0290084
0.0174332
-0.0118099
-3.5497e-05
0.00851605
0.0171741
0.0240826
0.0342358
0.0324856
0.0124352
0.0430829
0.0280463
0.00967435
0.01733
0.0556173
0.0708561
0.139848
0.0375612
0.0681698
0.0675984
0.137502
0.0681729
0.15064
0.175956
0.148357
0.289061
0.122395
0.159369
0.124125
0.271594
0.0641043
0.0600465
0.0705872
0.104759
0.059454
0.0589612
0.0623262
0.137611
0.15013
0.289169
0.166442
0.147828
0.122149
0.271968
0.158488
0.123769
0.0595852
0.0688492
0.107695
0.159352
-0.00505496
-0.00498719
0.00255523
0.142532
0.0280727
0.0354668
0.174298
0.0299221
0.0850863
0.0290373
0.129487
0.0878532
0.0167395
0.0167346
0.0253305
0.127183
0.052731
0.0552303
0.189017
0.0490858
0.0951172
0.0950988
0.122057
0.18375
0.139264
0.154921
0.170356
0.205532
0.0579788
0.0578905
0.0785695
0.0847697
0.086024
0.102826
0.13915
0.260608
0.057585
0.066517
0.102648
0.168369
0.0289196
0.0362652
0.153195
0.0345796
0.0853163
0.0288938
0.129459
0.0871984
0.0490041
0.0539561
0.184992
0.0517563
0.139114
0.154829
0.169136
0.205454
0.0861805
0.103137
0.138684
0.261127
0.0726866
0.0732928
0.144536
0.0723023
0.208562
0.21603
0.20865
0.21238
0.016156
0.0162428
0.0148227
0.0163894
0.210697
0.217829
0.214288
0.210249
0.0580731
0.0578549
0.056582
0.0564589
0.138136
0.136146
0.169909
0.285948
0.513193
0.5132
0.472588
0.543405
0.597827
0.597743
0.602841
0.581583
0.0681681
0.0683744
0.126149
0.0653828
0.18926
0.199083
0.190371
0.194643
0.204788
0.213218
0.208783
0.205312
0.137777
0.13601
0.161126
0.286191
0.184894
0.183877
0.192011
0.193637
0.172575
0.171589
0.181723
0.181882
0.0154403
0.0169593
0.0170663
0.0243263
0.209782
0.223075
0.216961
0.2255
0.287753
0.279473
0.296954
0.290039
0.215682
0.217074
0.217939
0.222311
0.198271
0.200535
0.201827
0.206712
0.0585694
0.0214463
0.0587614
0.0584668
0.63985
0.636635
0.633459
0.639814
0.194088
0.197577
0.201112
0.199877
0.190447
0.19447
0.199771
0.196022
0.0347491
0.0403592
0.0405189
0.0405477
0.301867
0.35088
0.350785
0.399171
0.0982072
0.100675
0.0836024
0.0982398
0.0168401
0.0478421
0.0902391
0.124949
-0.00275254
-0.00397774
0.00449509
0.138001
0.0143789
0.0228293
0.168916
0.020209
0.0661309
0.0785835
0.124454
0.121549
0.0190535
0.0167351
0.0275607
0.116532
0.0403289
0.0480763
0.131596
0.0374866
0.0288836
0.0396809
0.0806167
0.116734
0.0698251
0.0869781
0.106681
0.157313
0.0876616
0.118818
0.128349
0.138084
0.0170882
0.024753
0.100426
0.0465804
0.0478007
0.0549736
0.0717544
0.0730859
0.0470448
0.0691741
0.105998
0.0924384
0.00107163
-0.00109641
0.00536993
0.181886
0.0326544
0.0465167
0.0828018
0.13804
0.0154128
0.0237267
0.145004
0.0224859
0.0190434
0.0167243
0.0275604
0.116244
0.0662227
0.078839
0.12472
0.121104
0.0388771
0.0445852
0.126027
0.0362712
0.0697543
0.0869715
0.106767
0.157999
0.0284685
0.0388278
0.0797897
0.120561
0.0874557
0.118628
0.127107
0.137891
0.0473653
0.0546699
0.0714623
0.0732499
0.0171959
0.0248095
0.100814
0.046511
0.0470129
0.0690831
0.10598
0.0918188
0.0623896
0.0407407
0.189075
0.0421127
0.0714688
0.0720786
0.141808
0.0705362
0.172785
0.197774
0.186231
0.190162
0.0461032
0.0173781
0.0182502
0.0476096
0.0675079
0.0616735
0.191008
0.0620203
0.074499
0.0738983
0.146119
0.073695
0.175701
0.200866
0.194233
0.190375
0.0510882
0.0577738
0.0508971
0.0585302
0.156739
0.159979
0.179253
0.303515
0.210847
0.219124
0.215148
0.217698
0.143336
0.141007
0.173171
0.289111
0.487281
0.507157
0.463677
0.530859
0.1166
0.112224
0.156506
0.353584
0.209139
0.219919
0.217691
0.213606
0.128387
0.130603
0.165405
0.278361
0.556093
0.595466
0.598579
0.572147
0.0331804
0.0415097
0.169816
0.0431963
0.0464443
0.017632
0.0186199
0.0477887
0.0678784
0.0680864
0.123921
0.0651718
0.150356
0.175966
0.162953
0.167623
0.0541582
0.0540839
0.177325
0.0528406
0.0499774
0.0571178
0.0500637
0.0577279
0.0688077
0.0686208
0.130566
0.0651929
0.167984
0.193782
0.186199
0.183181
0.156548
0.159764
0.177965
0.303453
0.486774
0.50726
0.463546
0.530999
0.198149
0.204384
0.201201
0.204055
0.145396
0.140788
0.164125
0.289227
0.116473
0.112143
0.155889
0.354634
0.556188
0.595197
0.598356
0.571954
0.207088
0.216553
0.214881
0.211108
0.128403
0.133252
0.164356
0.278637
0.169383
0.184647
0.181774
0.184992
0.249595
0.282648
0.263609
0.28077
0.00450228
0.0135964
0.0130704
0.0131237
0.242295
0.231005
0.221338
0.224815
0.178865
0.182066
0.180317
0.190537
0.0207792
0.018148
0.0190627
0.0279429
0.165507
0.187211
0.181012
0.170045
0.0809516
0.0929448
0.0883071
0.0868215
0.0333974
0.0340442
0.0338299
0.03383
0.169204
0.159477
0.166113
0.166077
0.191028
0.19382
0.197313
0.196112
0.0449719
0.0417993
0.0448745
0.0390769
0.161461
0.188533
0.17586
0.175846
0.25056
0.245872
0.256327
0.257517
0.197287
0.201048
0.205757
0.199424
0.216716
0.216933
0.213074
0.23832
0.106707
0.197832
0.143906
0.143822
0.090166
0.0715155
0.0661928
0.0662134
0.185998
0.200117
0.18748
0.199175
0.317021
0.340575
0.376836
0.282851
0.161976
0.171237
0.166964
0.170201
0.256618
0.28858
0.287346
0.27207
0.16047
0.166302
0.162687
0.173978
0.0266137
0.018725
0.0194376
0.0283751
0.164502
0.185683
0.169202
0.180052
0.0805323
0.0928763
0.0881143
0.0867339
0.186978
0.190202
0.192826
0.186426
0.0457365
0.042255
0.0452901
0.039091
0.193649
0.197772
0.194013
0.20037
0.216951
0.217146
0.227253
0.213001
0.185231
0.198607
0.197935
0.186559
0.316778
0.340286
0.282615
0.376662
0.180953
0.206123
0.197535
0.198615
0.0541944
0.0598549
0.052846
0.0542586
0.203165
0.198188
0.196874
0.20583
0.21447
0.216228
0.21328
0.220347
0.00777851
0.0257652
0.0268725
0.0267577
0.0180719
0.0197544
0.0195448
0.0195376
0.216241
0.217372
0.214761
0.221484
0.205275
0.203472
0.203676
0.206034
0.062147
0.0604516
0.0614768
0.0616368
0.0549337
0.0452875
0.0467296
0.0465752
0.221973
0.224493
0.221942
0.221369
0.575784
0.6382
0.633791
0.629806
0.393672
0.310899
0.352879
0.352849
0.605768
0.631737
0.625657
0.625678
0.615931
0.625905
0.625768
0.625732
0.546177
0.488183
0.520069
0.520017
0.160505
0.186879
0.176991
0.178769
0.053632
0.0595431
0.0524817
0.053749
0.184261
0.18813
0.197281
0.185961
0.197141
0.199276
0.194943
0.204077
0.210274
0.211025
0.216226
0.207882
0.201192
0.199664
0.194476
0.202898
0.208014
0.210559
0.208348
0.208886
0.575932
0.637994
0.6296
0.633567
0.157604
0.173839
0.178488
0.177988
0.192882
0.180646
0.193437
0.196407
0.205622
0.211501
0.206734
0.209717
0.140061
0.154869
0.169633
0.182586
0.14085
0.153255
0.160861
0.159035
0.135652
0.151371
0.165499
0.178213
0.198304
0.197249
0.201899
0.201345
0.176246
0.157971
0.177656
0.17471
0.00704034
0.0164127
0.0138582
0.0168018
0.00747783
0.0166363
0.0140166
0.017069
0.0308635
0.0122994
0.0292042
0.027625
0.0304686
0.0443502
0.0287548
0.0272827
0.149925
0.162414
0.171651
0.183893
0.339445
0.386269
0.307085
0.349546
0.339165
0.386338
0.307009
0.34998
0.149858
0.16232
0.171464
0.183833
0.205571
0.222062
0.213643
0.214065
0.196996
0.204767
0.225649
0.224435
0.214658
0.201275
0.229151
0.229189
0.234169
0.223303
0.223256
0.223732
0.178084
0.193091
0.195955
0.20295
0.18009
0.196522
0.198199
0.205172
0.219726
0.213233
0.223296
0.221006
0.219484
0.213985
0.22311
0.220709
0.156452
0.171249
0.174738
0.18248
0.205883
0.201488
0.208637
0.207352
0.216704
0.210972
0.219605
0.21786
0.170615
0.187737
0.188733
0.196834
0.051269
0.049354
0.0510982
0.0208147
0.0493516
0.0510214
0.0207869
0.0509149
0.0556895
0.0553448
0.0618138
0.0547158
0.0561389
0.0564171
0.0553342
0.0622952
0.576419
0.591258
0.626948
0.620941
0.567954
0.612505
0.622508
0.624317
0.612273
0.568105
0.624158
0.622276
0.591133
0.576132
0.620887
0.626773
0.19495
0.20178
0.198847
0.198785
0.158586
0.164007
0.175506
0.187127
0.1405
0.145008
0.16111
0.166835
0.199278
0.207409
0.202771
0.207461
0.181404
0.194719
0.193109
0.188129
0.198083
0.205411
0.201692
0.205108
0.140484
0.144911
0.160585
0.166327
0.158001
0.160646
0.174316
0.17952
0.0507255
0.0590014
0.049452
0.0476691
0.0495771
0.0526382
0.0489838
0.047204
0.0356424
0.0369343
0.0340105
0.0369826
0.0356314
0.0373284
0.0340127
0.0369686
0.485333
0.528915
0.460992
0.508624
0.0990737
0.117622
0.136996
0.181421
0.0990061
0.117249
0.136827
0.181299
0.485052
0.528773
0.460674
0.508577
0.153189
0.15824
0.16277
0.165237
0.157923
0.152964
0.165269
0.16256
0.0796767
0.0752985
0.0738347
0.0857411
0.0753655
0.0797433
0.0858376
0.0744181
0.0599472
0.0771629
0.0109339
0.108614
0.0958001
0.0113258
0.0932073
0.0950572
0.032407
0.0973411
0.090421
0.0332568
0.0717499
0.0961119
0.0817156
0.110397
0.095713
0.0944791
0.082608
0.0358021
0.0601949
0.0549997
0.0776695
0.0645523
-0.00322525
0.123081
0.059986
0.0940882
0.0843092
0.00105695
0.032125
0.0969988
0.093335
0.0947349
0.0896049
0.034089
0.081647
0.111862
0.0707387
0.0983077
0.0947397
0.0943881
0.0597461
0.0549579
0.0829607
0.0358727
0.0778447
0.0639922
0.115271
0.0244793
0.140221
0.068586
0.159589
0.159767
0.0537135
0.0581513
0.144265
0.0695849
0.146262
0.0742111
0.163119
0.161815
0.0557176
0.0407171
0.176921
0.28182
0.195635
0.195281
0.175506
0.289473
0.417967
0.428175
0.156312
0.268024
0.191591
0.189471
0.162402
0.275245
0.418748
0.416156
0.104179
0.038195
0.0548245
0.0590027
0.12453
0.0640355
0.133234
0.135614
0.137309
0.049166
0.0549014
0.0437132
0.132987
0.0647079
0.154257
0.154097
0.167094
0.281972
0.417802
0.42803
0.184432
0.184399
0.166261
0.289608
0.155524
0.268333
0.419142
0.416536
0.189915
0.187947
0.161426
0.275523
0.100573
0.143369
0.0991091
0.157765
0.138908
0.144588
0.20266
0.219775
0.00290482
0.136823
0.00344006
0.145609
0.00378723
0.00395022
0.150052
0.154546
0.171953
0.0250656
0.186194
0.0375558
0.175385
0.186418
0.0279705
0.0349073
0.135999
0.124939
0.111236
0.0514555
0.157122
0.139014
0.14252
0.06863
0.0254579
0.125097
0.0254577
0.124927
0.0331785
0.0331783
0.142842
0.142771
0.184075
0.0427497
0.189635
0.0564094
0.189473
0.192747
0.045375
0.0407565
0.118018
0.1808
0.117996
0.1809
0.142384
0.142377
0.228979
0.22945
0.153688
0.173062
0.178632
0.227631
0.191762
0.178342
0.202776
0.22181
0.0771017
0.0817663
0.0769205
0.0818954
0.0929454
0.0928789
0.0845037
0.0845285
0.126798
0.178078
0.14918
0.318703
0.164709
0.176398
0.341375
0.249518
0.094234
0.154306
0.0947564
0.164549
0.131117
0.138271
0.22693
0.211771
0.149086
0.0271712
0.166205
0.0392603
0.155035
0.159289
0.0289939
0.0359602
0.136407
0.124624
0.11147
0.0514961
0.138851
0.15686
0.142381
0.0684695
0.177466
0.041751
0.183526
0.0521803
0.185154
0.1822
0.0456104
0.040541
0.152408
0.172882
0.177417
0.227926
0.17594
0.189226
0.222659
0.202726
0.126541
0.177759
0.148558
0.3189
0.175661
0.164069
0.249387
0.341277
0.143397
0.0714206
0.145608
0.0730099
0.16676
0.167332
0.0614187
0.061109
0.20375
0.207866
0.216371
0.219723
0.202765
0.210849
0.210938
0.21819
0.0158671
0.017616
0.0160552
0.0177422
0.00675229
0.00665576
0.0178503
0.01789
0.210582
0.206804
0.221049
0.21669
0.212781
0.219701
0.204299
0.211047
0.0565262
0.0564692
0.056119
0.0560685
0.0629023
0.0630901
0.0556592
0.0554755
0.171192
0.288032
0.167928
0.287466
0.197442
0.187256
0.433153
0.432028
0.472978
0.54232
0.472882
0.543002
0.435318
0.435296
0.576692
0.577043
0.607631
0.583434
0.607517
0.583306
0.614059
0.614011
0.567184
0.56714
0.124872
0.0651855
0.12844
0.0652406
0.145132
0.146644
0.0617998
0.0613287
0.183078
0.187967
0.200183
0.203934
0.193365
0.182875
0.192088
0.201581
0.204314
0.201223
0.21693
0.212992
0.214764
0.206396
0.199349
0.207122
0.16235
0.288199
0.166815
0.287704
0.179684
0.187146
0.43205
0.433381
0.183379
0.188781
0.182582
0.192497
0.202337
0.194681
0.194157
0.199909
0.169733
0.177141
0.167634
0.178499
0.185406
0.192974
0.191847
0.181536
0.0150148
0.0150949
0.0165326
0.0253524
0.0167189
0.0255661
0.0255818
0.0254708
0.201398
0.201382
0.213183
0.227787
0.237717
0.213212
0.269118
0.269092
0.27885
0.296243
0.271285
0.274145
0.273877
0.275442
0.300049
0.283785
0.212024
0.213314
0.214713
0.221424
0.216052
0.222539
0.224894
0.224198
0.194696
0.196535
0.196839
0.205464
0.216765
0.208586
0.209224
0.210346
0.0583609
0.0599031
0.0212469
0.0211909
0.0599691
0.0601006
0.0582018
0.0596682
0.641334
0.638326
0.63956
0.639567
0.634395
0.634354
0.638236
0.641255
0.192365
0.191372
0.199537
0.197106
0.198069
0.208488
0.201036
0.205718
0.189862
0.189805
0.195492
0.189882
0.206501
0.196506
0.196781
0.202276
0.034848
0.0348448
0.0418473
0.03599
0.0420437
0.0359978
0.0449671
0.0448893
0.250021
0.250004
0.394084
0.297921
0.297665
0.393861
0.443188
0.44312
0.0986725
0.0860485
0.168208
0.168122
0.0755359
0.0755693
0.098603
0.0856278
0.117319
0.130125
0.158351
0.183862
0.00626974
0.00430105
0.171249
0.142698
0.13745
0.172876
0.015814
0.0233168
0.136254
0.150141
0.138703
0.143909
0.035362
0.0334283
0.126646
0.138847
0.126912
0.189017
0.0385564
0.0394389
0.113562
0.117997
0.15492
0.173362
0.121663
0.135484
0.170812
0.215671
0.128915
0.159002
0.12911
0.168484
0.113299
0.129633
0.0606297
0.0643451
0.081329
0.0896031
0.0660936
0.0798623
0.118352
0.145302
0.0889345
0.152562
0.00680406
0.00479185
0.184925
0.15456
0.107559
0.121471
0.176628
0.19531
0.122314
0.151236
0.00407678
0.0241265
0.0351582
0.0334301
0.126337
0.138582
0.13552
0.149968
0.13838
0.143671
0.1258
0.181996
0.037674
0.0387294
0.121566
0.135442
0.172687
0.216819
0.110687
0.113048
0.158288
0.180417
0.126651
0.156505
0.129024
0.168328
0.0809991
0.0893608
0.0659873
0.0798141
0.113516
0.129588
0.060557
0.0628461
0.118473
0.145319
0.0885237
0.15233
0.157607
0.189456
0.0548967
0.0391247
0.163126
0.165733
0.0604794
0.061574
0.172911
0.191776
0.175341
0.200368
0.0101974
0.00753771
0.0486801
0.0190971
0.19919
0.192405
0.052742
0.0487463
0.16546
0.167171
0.0620484
0.06065
0.178052
0.203072
0.174404
0.1949
0.0569136
0.0634369
0.0559141
0.0559697
0.19534
0.19486
0.369281
0.288475
0.20919
0.214672
0.212471
0.221172
0.196454
0.197103
0.430426
0.4333
0.42661
0.431536
0.545233
0.567575
0.180638
0.185142
0.477016
0.42783
0.211332
0.221736
0.20561
0.21295
0.194053
0.195789
0.421586
0.424343
0.562853
0.612484
0.546973
0.560532
0.139295
0.171112
0.0364431
0.0399252
0.0102696
0.00782751
0.0487345
0.0192102
0.139781
0.143226
0.0609385
0.0618594
0.148711
0.16936
0.153314
0.179225
0.190891
0.183952
0.0503158
0.0474209
0.0559609
0.062869
0.0558798
0.0554169
0.155714
0.156574
0.060081
0.0608403
0.16938
0.195347
0.167975
0.188981
0.18352
0.192442
0.368933
0.288313
0.426268
0.431712
0.545159
0.56814
0.195789
0.199479
0.199833
0.206561
0.185754
0.186554
0.430558
0.433555
0.173708
0.184294
0.476956
0.427476
0.564932
0.612283
0.546758
0.560398
0.209245
0.218213
0.204094
0.21017
0.192261
0.193869
0.421921
0.424642
0.181135
0.167012
0.149479
0.188955
0.231972
0.264946
0.271686
0.239998
0.00515439
0.0144878
0.0146204
0.00537218
0.228811
0.238478
0.24584
0.234917
0.176756
0.180718
0.192864
0.189867
0.0160033
0.0185963
0.029294
0.0263264
0.167904
0.187803
0.178448
0.152213
0.167381
0.155312
0.0790369
0.0913204
0.0336207
0.0345845
0.0345776
0.0336177
0.167378
0.161842
0.161705
0.167167
0.19279
0.196294
0.187564
0.183144
0.0462311
0.0495329
0.0391281
0.0357249
0.188622
0.159053
0.159027
0.188595
0.235674
0.23595
0.238263
0.228838
0.20317
0.206992
0.193438
0.181127
0.195929
0.201306
0.268754
0.260425
0.10493
0.194738
0.194496
0.104815
0.0877085
0.0686962
0.0687854
0.0877462
0.168565
0.184203
0.205989
0.195019
0.405535
0.431107
0.241674
0.220004
0.154456
0.16516
0.178493
0.144591
0.245927
0.275536
0.272545
0.241254
0.163941
0.1572
0.172306
0.177853
0.0189741
0.0162424
0.0266571
0.0297566
0.151743
0.177447
0.185256
0.167475
0.155077
0.16723
0.091257
0.0789935
0.191542
0.18695
0.180926
0.184917
0.0489559
0.0459959
0.0357346
0.0389354
0.177376
0.185465
0.200373
0.19912
0.260342
0.268839
0.201257
0.195838
0.194057
0.204157
0.183188
0.168127
0.219693
0.241511
0.430928
0.405453
0.179869
0.204845
0.206626
0.181432
0.0581341
0.0527266
0.0551819
0.0610735
0.194435
0.196262
0.207129
0.211193
0.210586
0.208119
0.221818
0.223338
0.00916079
0.0266867
0.0264616
0.0111324
0.0193225
0.0210367
0.0209715
0.019355
0.212293
0.213242
0.224184
0.222771
0.201962
0.202849
0.210156
0.207169
0.0622246
0.060987
0.0612784
0.0625752
0.0560393
0.0463997
0.0461666
0.0537529
0.214671
0.224567
0.22398
0.215475
0.573703
0.637746
0.632722
0.570402
0.393671
0.312061
0.312024
0.393991
0.635768
0.606382
0.606248
0.63577
0.621039
0.630978
0.63092
0.620954
0.482145
0.543101
0.543169
0.482063
0.184951
0.158677
0.162788
0.197542
0.0523246
0.0579627
0.060678
0.0545007
0.194574
0.199638
0.18288
0.173008
0.189515
0.192586
0.208085
0.206326
0.218308
0.219457
0.2063
0.205872
0.196662
0.197294
0.204534
0.207274
0.202114
0.209715
0.220644
0.212204
0.570603
0.632575
0.637681
0.571588
0.0617585
0.129063
0.151507
0.076686
0.17313
0.177846
0.175434
0.170666
0.183663
0.1828
0.179552
0.181437
0.10434
0.0956676
0.162705
0.168776
0.128311
0.173022
0.17238
0.158156
0.20569
0.199844
0.188463
0.1948
0.192434
0.191524
0.19486
0.196731
0.179209
0.187702
0.191476
0.188484
0.17653
0.177483
0.20754
0.210035
0.175804
0.201273
0.203988
0.179539
0.198372
0.203846
0.207789
0.206198
0.213481
0.217018
0.212305
0.208192
0.0633033
0.0755662
0.136565
0.113273
0.111302
0.168468
0.143099
0.0851294
0.19025
0.196148
0.191367
0.187141
0.162948
0.142124
0.170346
0.189333
0.0516752
0.0742453
0.135355
0.110243
0.0987723
0.159817
0.150565
0.0885721
0.170794
0.165149
0.162183
0.168247
0.151137
0.147168
0.1552
0.158858
0.0628663
0.112043
0.133285
0.0734856
0.161643
0.185613
0.166798
0.140852
0.179434
0.175043
0.182857
0.189072
0.106497
0.0814046
0.138664
0.161763
0.166774
0.196969
0.194245
0.167039
0.196259
0.190426
0.196938
0.202007
0.188327
0.199446
0.20165
0.195008
0.17469
0.178256
0.200366
0.19743
0.11677
0.124183
0.155664
0.14977
0.155448
0.168142
0.174383
0.16798
0.179228
0.184505
0.180295
0.17626
0.186087
0.17262
0.166052
0.179689
0.0084239
0.00508501
0.00766432
0.0143471
0.00272964
0.00482885
0.00548135
0.0031069
0.015987
0.0170754
0.0149308
0.0140426
0.0274938
0.0226375
0.0175046
0.0196882
-0.00314209
0.00399357
0.00804609
0.00450101
0.0296695
0.0201431
0.0178052
0.0248287
0.0160806
0.0141094
0.0151295
0.0173553
0.0029978
0.00381082
0.00580637
0.00493852
0.0576422
0.0481716
0.0133389
0.0339093
0.0154394
0.00791524
0.0100914
0.0166685
0.0249493
0.0261827
0.0271415
0.0262272
0.036986
0.0412273
0.0303106
0.0291998
0.0549489
0.0568747
0.0461326
0.0415258
0.0350976
0.0287052
0.0298837
0.0398362
0.0248403
0.0261128
0.0268056
0.0258592
0.0153453
0.0163923
0.0298516
0.00929222
0.0679992
0.116338
0.143171
0.098143
0.18914
0.210775
0.179863
0.155325
0.21172
0.189173
0.186956
0.213722
0.120937
0.113317
0.155329
0.160948
0.283512
0.457063
0.383226
0.317546
0.474266
0.394714
0.391074
0.469552
0.227458
0.233052
0.310469
0.312056
0.212938
0.266746
0.300922
0.223587
0.283505
0.317513
0.382637
0.456105
0.212896
0.224599
0.300848
0.266853
0.228563
0.312029
0.310424
0.234229
0.474319
0.469521
0.391418
0.394681
0.0678872
0.0980916
0.143092
0.116927
0.120931
0.16094
0.155302
0.113311
0.211438
0.213668
0.186916
0.189159
0.189006
0.155791
0.179788
0.21068
0.0638475
0.104666
0.199854
0.15526
0.151784
0.241262
0.211653
0.134094
0.279994
0.230707
0.224106
0.274232
0.140316
0.132088
0.232968
0.241151
0.0779051
0.138034
0.188709
0.107104
0.185963
0.233439
0.223063
0.171319
0.297434
0.291348
0.228103
0.24513
0.168657
0.129302
0.20323
0.258323
0.0790432
0.110384
0.191733
0.138349
0.176375
0.26458
0.208602
0.134541
0.299421
0.246436
0.234048
0.296534
0.186171
0.171859
0.220856
0.232679
0.081023
0.169298
0.212977
0.128772
0.145166
0.24497
0.243126
0.145115
0.282561
0.281015
0.232435
0.233874
0.161763
0.14609
0.228351
0.249382
0.134654
0.140941
0.176682
0.174051
0.143966
0.180407
0.179218
0.142653
0.215197
0.214211
0.204163
0.205481
0.209788
0.199077
0.201659
0.212104
0.145721
0.176898
0.179203
0.146272
0.211773
0.214006
0.204337
0.201996
0.216023
0.206397
0.205918
0.215406
0.145072
0.145965
0.180906
0.181206
0.160829
0.163975
0.212386
0.210207
0.169095
0.215192
0.213984
0.166698
0.222762
0.221992
0.223897
0.224914
0.218798
0.220831
0.222685
0.220775
0.175938
0.211679
0.21322
0.174435
0.21711
0.21927
0.222189
0.220128
0.221845
0.224212
0.223583
0.221012
0.170403
0.171853
0.214269
0.195724
0.102564
0.151838
0.154843
0.124226
0.190694
0.193508
0.180852
0.177595
0.197546
0.185912
0.183959
0.19609
0.125462
0.124714
0.15783
0.159519
0.166424
0.165393
0.200671
0.198969
0.161484
0.180911
0.201835
0.162992
0.206063
0.204891
0.209203
0.21015
0.200333
0.205456
0.207639
0.20283
0.159911
0.208139
0.21019
0.162965
0.214031
0.215558
0.219085
0.21737
0.207386
0.211233
0.220017
0.216469
0.160346
0.165611
0.211593
0.202895
0.135269
0.131776
0.170106
0.168695
0.127295
0.161204
0.170977
0.129523
0.198968
0.208233
0.197188
0.1876
0.205634
0.194597
0.196278
0.207338
0.0653095
0.047428
0.0499746
0.0695277
0.017003
0.0186975
0.0199559
0.0182375
0.0586783
0.0589943
0.0582379
0.0569736
0.0718614
0.0709784
0.0519975
0.0534583
0.0614702
0.0646037
0.049878
0.047591
0.0652879
0.052978
0.0516722
0.0651961
0.0585993
0.0569415
0.0581394
0.0587529
0.0170663
0.018421
0.0199985
0.0187138
0.0593757
0.0496722
0.0556517
0.0650404
0.0563525
0.062189
0.0623403
0.056764
0.0592176
0.0601122
0.0612448
0.0607225
0.0653109
0.0652174
0.0549238
0.0540483
0.0682967
0.0739533
0.0565251
0.0507023
0.0726561
0.0547069
0.0556589
0.0733532
0.0593351
0.0608673
0.061683
0.0604645
0.0565561
0.0573749
0.0628662
0.0623635
0.289564
0.289013
0.563381
0.521537
0.286864
0.574932
0.574971
0.288953
0.640842
0.635648
0.632927
0.639269
0.544868
0.537755
0.600553
0.608676
0.273386
0.561399
0.566581
0.276838
0.606994
0.620241
0.618788
0.605203
0.637703
0.635949
0.628666
0.630243
0.289403
0.279576
0.569025
0.572852
0.273703
0.277113
0.566513
0.561366
0.289639
0.573081
0.569155
0.27983
0.63767
0.630217
0.628551
0.635796
0.606945
0.605028
0.618619
0.620205
0.289652
0.521439
0.563381
0.289151
0.545046
0.608628
0.600416
0.538391
0.640819
0.63909
0.632907
0.635657
0.287098
0.28914
0.575013
0.575054
0.144621
0.190781
0.200033
0.174999
0.188315
0.191587
0.194614
0.192037
0.199456
0.201957
0.197639
0.194972
0.207425
0.197745
0.201165
0.202487
0.0703046
0.116178
0.151045
0.106642
0.139315
0.170672
0.164654
0.131382
0.195473
0.193138
0.183777
0.189673
0.190232
0.185295
0.181914
0.189711
0.0603821
0.0924542
0.131062
0.0927578
0.134164
0.178426
0.157983
0.117414
0.19952
0.181792
0.173901
0.19383
0.115712
0.106455
0.147263
0.156252
0.15792
0.207267
0.182302
0.157179
0.21445
0.208583
0.209882
0.216486
0.204276
0.204492
0.206268
0.206265
0.144227
0.153514
0.197411
0.191359
0.137006
0.168034
0.192411
0.174971
0.201966
0.197978
0.194593
0.191199
0.195661
0.190851
0.192259
0.197757
0.184107
0.18285
0.187229
0.186883
0.157104
0.15652
0.180602
0.205376
0.143679
0.19046
0.196245
0.152916
0.201175
0.203095
0.204221
0.202895
0.210186
0.213392
0.207492
0.205069
0.0606585
0.0932325
0.131127
0.0925968
0.115878
0.155702
0.146988
0.10679
0.19766
0.192653
0.17313
0.180529
0.133784
0.117217
0.157709
0.177811
0.0702337
0.105462
0.14989
0.116123
0.178866
0.181092
0.175173
0.176165
0.189965
0.188232
0.179754
0.185242
0.139469
0.131593
0.16395
0.170061
0.0697438
0.0574842
0.0583386
0.0658211
0.0564668
0.0555078
0.0565642
0.0564661
0.0411989
0.0424908
0.0469482
0.0458453
0.0520388
0.0592156
0.0501299
0.0455404
0.0517448
0.0533832
0.052972
0.0569359
0.0516578
0.0459822
0.0492623
0.0525115
0.0412971
0.0457279
0.0465958
0.042785
0.0562657
0.0558619
0.0518923
0.0547381
0.0270092
0.0274339
0.0360419
0.0351555
0.0253947
0.0335101
0.033726
0.0256857
0.0353747
0.0366152
0.0348483
0.0343156
0.0436613
0.03828
0.037934
0.0399343
0.0263728
0.0345174
0.036347
0.0275387
0.0452765
0.0400232
0.0382305
0.0403391
0.0353708
0.0343124
0.034838
0.0366042
0.0253948
0.025686
0.0337152
0.0335085
0.269764
0.310227
0.52008
0.559532
0.293675
0.36251
0.446116
0.337484
0.398215
0.487219
0.471699
0.386896
0.584302
0.579581
0.537435
0.546399
0.0491145
0.066805
0.0948636
0.07876
0.0780064
0.106076
0.102779
0.0748251
0.301203
0.291797
0.189799
0.197393
0.223337
0.129182
0.169613
0.268959
0.0487528
0.0782988
0.0945215
0.0664506
0.223227
0.268651
0.169337
0.12889
0.301095
0.197289
0.189634
0.291527
0.0779079
0.0745562
0.102559
0.106008
0.270074
0.559421
0.51983
0.311004
0.584238
0.546376
0.537367
0.579402
0.398133
0.38667
0.471601
0.487164
0.293927
0.337873
0.445901
0.362265
0.075448
0.108829
0.150092
0.117403
0.126242
0.168398
0.163681
0.121349
0.10108
0.0942861
0.163083
0.16066
0.123392
0.124123
0.155017
0.144384
0.0751019
0.117191
0.149714
0.108348
0.123603
0.138794
0.154751
0.123837
0.101044
0.16059
0.162879
0.0941491
0.126167
0.120764
0.163312
0.168243
0.0375101
0.0653605
0.0713801
0.0413041
0.0837912
0.0894921
0.0848363
0.0787708
0.0845245
0.0919725
0.0876362
0.0708655
0.0556365
0.0496919
0.0782867
0.0794454
0.0373627
0.0413111
0.0714857
0.0653049
0.0557412
0.0794468
0.0784631
0.04979
0.0846052
0.0708928
0.0876704
0.0920386
0.0837438
0.0787982
0.0848782
0.0895184
