-0.784178
0.095
-1.965
-0.531687
0.165
2.005
-0.710817
0.545
-1.795
-0.605
0.815
1.93658
0.755
0.095
-1.96511
0.508277
0.165
2.005
0.675
0.58943
-1.755
0.575
0.814632
1.935
0.0558732
0.0715196
0.110243
0.105353
0.0696033
0.0724429
0.0976409
0.0934441
0
0
0
0
0
0
0
0
0
0
0
0
0
0
0
0
0
0
0
0
0
0
0
0
0
0
0
0
0
0
0
0
0
0
0
0
0
0
0
0
0
0
0
0
0
0
0
0
0
0
0
0
0
0
0
0
0
0
0
0
0
0
0
0
0
0
0
0
0
0
0
0
0
0
0
0
0
0
0
0
0
0
0
0
0
0
0
0
0
0
0
0
0
0
0
0
-0.0287888
-0.0134814
0.0987928
0.0905189
-0.0735744
-0.0295219
0.0929274
0.0985715
0.0769814
0.0352213
-0.0163371
0.0280742
0.0889507
-0.031978
0.0567735
0.034803
0.0594975
0.0497234
-0.0183098
0.100882
-0.001771
0.00916576
0.262011
0.395178
0.00530664
0.0507949
0.103276
0.00633332
0.0891761
0.142665
-0.0114295
0.144289
0.166249
0.0755965
0.0772506
-0.010055
0.436547
0.199869
0.25695
-0.0242753
0.248652
0.12586
-0.0577734
-0.00687909
-0.0419776
0.00662746
-0.0262496
-0.015574
0.0252626
0.0335274
0.0605919
0.0086372
0.0236742
0.0148707
-0.00692679
-0.0589422
0.00102074
-0.0259395
0.00570202
-0.0138531
0.026734
0.0187455
0.0590705
0.0238882
0.0081001
0.0144652
-0.0541707
-0.00871633
-0.0143912
-0.00751894
-0.022085
-0.0295271
0.14692
-0.000827185
-0.0277316
0.00971089
0.00250597
0.113648
-0.000226769
0.0260618
0.000388302
0.188992
-0.0129658
-0.0129481
0.00578715
-0.0188131
-0.0139611
-0.00119198
3.80664e-05
0.142633
-0.0139682
0.111911
0.0133546
0.0030504
-0.0012591
0.186707
0.0291289
0.0019363
0.0477202
0.053686
0.00493866
0.02997
0.00294181
-0.04046
0.0696346
0.0216072
-0.00854133
0.0647465
0.126504
0.000146053
0.0241121
0.0461421
0.0188954
0.0325864
-0.0382444
-0.00471241
0.0689928
0.0921948
0.076653
0.0752933
0.0520381
-0.0178459
0.0381531
0.0224491
0.14915
0.000900046
0.0605242
0.0357001
0.0967346
0.0904252
0.101978
-0.0277304
0.0213286
-0.00010271
0.00188181
7.32908e-06
0.000861841
0.0236752
7.31622e-06
0.0125207
0.0161708
0.209465
-0.0654285
0.0525582
0.0102327
0.0200685
0.117853
-0.00920558
0.0458983
-0.000167513
0.000950914
0.0481315
0.0210431
0.206003
0.0343217
0.0385436
0.0351465
0.060086
0.0884466
0.113281
0.0498851
0.0871528
-0.0161272
-0.00699313
-0.0124058
-0.0212666
0.0570973
-0.00198494
-0.00766382
0.0507328
0.0429249
0.110238
0.105475
0.0453177
0.0612557
0.124771
0.0233777
0.0129571
0.0664749
0.0175011
0.027702
0.130216
-0.0176496
-0.0110766
-0.00524541
-0.0142712
0.215056
0.211729
0.20934
0.213276
0.118321
0.152111
0.0413284
0.0713263
0.153566
0.119679
0.0256852
0.132938
0.0119623
0.0121595
-0.0219555
-0.0223091
0.161514
0.0255204
0.0247698
0.158666
0.0541778
0.0542822
0.0316999
0.0295575
-0.0553282
-0.00817654
-0.0036388
-0.0210549
-0.0269572
-0.0251584
-0.00105922
0.00726561
-0.00734641
0.0171782
0.0149558
0.0079445
-0.00901395
-0.0578055
0.00727268
-0.0154888
-0.0218669
-0.0251793
0.00844309
0.000513754
-0.0021649
0.0152965
0.0170824
0.00763931
0.0944588
-0.004547
0.00335806
-0.00782887
0.0303013
0.00042027
0.108711
-0.000844084
0.000985754
0.00672698
8.59765e-05
0.093454
0.000740415
0.0165174
-7.946e-05
0.0400543
0.0784023
0.0200488
-0.01599
-0.00602028
0.023105
-0.00121667
5.91767e-06
0.104518
0.00491572
0.0942114
0.00995261
-0.000556103
0.00098978
0.0465877
0.0194878
0.000106995
-5.80545e-06
0.000187676
0.0309694
0.0457337
1.81059e-05
1.30995e-05
-0.00128187
0.0428481
-0.0109171
-0.0542108
-0.00274893
-0.0341761
0.0182287
-0.0186333
0.0183848
0.0145053
0.00655234
0.00647406
-0.00562683
0.0408412
0.0128379
-0.00579846
0.115229
0.021706
0.0181063
0.0182896
0.0207778
0.0180143
0.0266949
-0.0312629
0.00679678
0.0199562
0.00332959
0.00338584
-0.00435073
0.0310607
0.00187253
-0.00180901
-0.0390781
0.0668821
0.000316271
0.00979481
0.0404782
0.041432
0.0239982
-0.0104497
0.051138
0.0331099
0.0172491
-0.0185063
0.016685
0.0154746
0.0226893
-0.00969648
0.144219
0.022417
0.0229263
0.00232332
0.0608823
0.0192522
0.00157876
-0.00242811
-0.0205952
0.0653381
0.0313919
0.053249
0.0520299
-0.0279646
0.0847284
-0.00078626
-0.0193243
-0.000122293
-2.55179e-05
-2.69021e-05
-6.83715e-08
6.07858e-09
0.0327642
0.000845401
0.000176818
0.0226446
1.52389e-06
1.55959e-06
4.16334e-17
0.0100941
0.00123535
0.000298618
0.00978339
0.0377407
0.00117474
0.00132744
9.61582e-05
0.00132081
0.00646695
0.00625294
0.00248868
0.00729261
0.0270816
1.22445e-05
0.0793052
-0.00432917
0.0830463
0.000246722
-0.0460431
-0.00018451
0.0480204
0.00168654
0.000202946
0.0471879
0.00249353
0.00157714
0.0140501
0.0467928
4.13332e-05
-7.28236e-05
-0.000502475
0.0235239
0.00025587
-0.000408722
2.28268e-05
0.000723769
0.00925152
0.000150909
0.000149845
0.00188176
0.00147116
0.00463716
0.00370409
0.00685365
0.00996427
-0.00345898
0.0302101
0.0117214
0.0329589
-9.70037e-05
1.28425e-05
-0.000129148
0.0325691
0.000105973
9.54095e-05
0.000475216
1.60313e-05
7.32765e-06
7.31153e-06
1.57344e-05
0.00637603
0.0114662
0.00477126
0.00614883
0.0110497
-4.77286e-05
-0.000529298
2.48589e-05
0.0413161
-0.00209197
0.00281716
0.000105216
0.00180898
-2.44199e-05
-3.57498e-07
-0.00084628
0.00498372
0.00495385
0.00504497
0.00402505
0.000485087
0.0126193
-0.0313336
0.000458801
0.0166793
0.0393448
-0.00205357
0.0337629
0.0232811
-0.00452082
0.0347009
0.0106846
0.00102182
0.0261901
0.110362
0.0333777
0.0276845
0.0439005
0.016437
0.00315874
0.012524
0.0138635
0.0263448
0.0233726
-0.000259213
0.0282222
0.0137463
0.02815
-0.000977766
0.0333752
0.0262602
0.0417741
0.0517763
-0.00813949
0.0010708
0.0254015
0.032425
0.0113542
0.10609
0.0321018
0.0127592
0.00757791
0.0447327
0.0356307
0.0539895
0.00147708
-0.000185722
0.0282077
0.0258498
0.0233725
0.0141099
0.0277982
0.0466178
-0.00576586
0.0902669
-0.0144977
0.0635874
-0.000724302
-2.89066e-05
-3.22733e-05
0.101668
0.0131945
0.0981246
-0.00271197
-0.0827717
-0.0190924
4.77239e-07
0.00977172
-0.0209998
0.0689153
-0.024264
-6.0951e-05
0.00722586
0.0541831
-0.0132206
-0.000917622
-0.033285
0.118353
0.00128008
0.0201688
0.0139198
0.0337577
0.00367843
0.00702408
0.064481
0.0288938
-2.8836e-05
-4.48742e-05
0.00145543
0.00715053
0.0352394
-0.000380721
0.127169
0.0105193
2.74149e-05
0.00980582
0.0917489
-0.00641556
-0.0605715
0.0142887
-0.0217996
0.06409
-0.00662401
-0.0038077
-0.0327402
-0.000162738
0.0107493
0.0600301
-0.0111524
0.1207
0.00308817
0.0073942
0.00106905
0.046058
0.0168448
0.0396112
0.000131771
5.9161e-05
0.000908082
0.0205962
0.000625611
0.000440274
0.00840398
0.00847717
-7.91581e-05
0.0192994
0.0100925
0.00235476
0.00260821
0.0252517
0.0140256
-0.0156133
5.47529e-05
7.09127e-06
0.00455064
0.00467356
0.000334589
0.00974399
-0.00051774
0.00183134
0.00534226
0.00433312
0.00879102
0.00681605
0.0066417
-0.000339383
0.00186145
0.0147424
0.00398122
0.00395039
-0.00322116
-0.00257776
-0.00189792
9.06163e-05
0.00502783
-0.000273387
0.000210613
9.40089e-05
0.0210626
-0.00723579
4.06619e-05
0.000681601
0.00909416
0.00233739
0.0252645
0.00263274
0.0140841
-0.0167202
-0.000412895
0.0404632
-0.000540457
0.00185731
0.000286084
0.0185922
0.0159193
0.002297
0.00270718
0.00501651
-0.000360505
0.00466854
0.0185536
0.000140351
7.30618e-06
7.32476e-06
0.000524176
-6.9682e-06
0.0275328
-0.000476139
2.84797e-06
3.63578e-06
2.75843e-06
-9.14722e-06
0.0331565
-2.15878e-05
0.00123814
-0.00137815
2.58117e-05
1.78129e-06
0.000316163
0.000315961
3.78558e-05
-4.2963e-05
0.0119512
0.00522834
0.00198932
0.00652603
0.00727103
0.00682822
0.00705958
0.00636655
0.00151733
0.00150397
0.0185624
-0.00034635
-4.92754e-06
3.47466e-05
0.018879
-0.0010752
0.0444503
0.00043888
0.000257877
0.0329722
-0.0018094
2.61087e-05
-0.00015526
0.000147995
0.0044588
0.0108742
0.00345265
0.012499
-9.19378e-06
0.0243915
0.102642
0.0170538
0.0263626
0.0434549
-0.00748411
0.0227438
0.0296478
-0.0229973
0.0360901
0.031657
-0.000220611
0.0116977
-0.0134581
0.0345171
0.000130313
0.0515201
0.0509583
0.0579593
0.000261014
0.0490929
-0.00787016
-0.0389645
0.017609
0.0739287
0.0895716
0.0579553
-0.000150371
0.0188286
-0.00740555
-0.00155841
0.00953305
0.0155027
-0.00766798
0.0032217
0.00965091
-0.00102909
0.034414
-1.20722e-05
0.00211263
0.031235
-0.00742386
-0.0235462
0.00212194
-1.07565e-05
0.0321232
0.0179115
0.00702931
0.0262886
0.05706
-0.00137055
0.0140537
0.0419548
0.0607541
0.0412516
0.0141418
0.00153911
0.0133995
0.0236158
0.00583235
0.0100922
0.0198905
0.0427794
0.00642085
0.0492712
0.0226539
-0.118837
0.0366322
0.0506997
0.0238839
0.06055
0.0368722
-0.0203409
0.0203389
0.0487259
0.00245626
0.0420281
0.0652219
0.0724399
0.0413773
0.0598518
0.103419
0.0327663
0.0330576
0.0745715
0.0157862
0.0153416
-8.23716e-05
0.000730751
0.00702071
-0.000653428
-0.000308814
0.00871703
0.0657666
0.0666889
0.0414474
0.0832033
0.0102083
0.0124332
0.000623789
0.000294914
0.0189717
0.00110304
0.000328813
0.0155097
0.0979899
0.0856133
0.0327709
0.032848
-0.0111342
-1.13797e-05
9.39486e-06
-0.0212279
0.0141169
0.00169449
3.19001e-06
-1.78338e-05
0.00217004
1.36e-05
2.09596e-05
-0.00666354
-0.0017383
-0.0153803
9.15734e-06
1.53513e-06
0.0897036
0.0459393
0.0184466
0.00937193
0.0368033
0.00911721
0.0120643
0.0369536
0.0429616
0.0428134
0.0113548
0.00858173
0.0930268
0.00818214
0.0177645
0.0534482
0.120977
0.108817
0.000622483
0.00760373
0.0892055
0.0346372
0.00832947
0.130385
0.0316612
0.000401334
0.0325656
0.00881221
0.00501458
0.021736
-0.00112687
-0.0389676
0.12051
0.0297912
-0.00193567
0.136822
-0.00888421
-0.0181343
0.00153577
0.0507827
0.0310299
0.00740251
0.0448048
-0.0129753
0.0837657
0.172706
0.0376987
0.0327493
0.0201258
0.00993335
-0.000547421
0.0104834
0.0181861
0.0095088
-0.000513033
0.00995039
0.0333895
0.00375348
0.00183336
0.0337067
0.034168
0.0341823
0.00179582
0.00380493
0.0578462
0.10172
0.00705743
0.0120259
0.0243075
-0.000979546
0.00838858
0.0419885
0.0242027
0.0411818
0.0083016
-0.0009382
0.0662193
0.0118843
0.00696101
0.0998444
0.00968607
0.038603
0.0134686
0.0313148
0.00858825
0.0315245
0.0134087
0.0379165
0.0443162
0.031535
-0.0299404
-0.00332726
0.0435648
-0.00385543
-0.0296331
0.0315186
0.0546205
0.0114193
0.00134703
-0.00615307
-0.0410241
0.0139193
-0.000349206
0.000428313
-0.00458905
0.00273678
0.0101248
0.00534236
0.0112152
0.0562747
0.00605667
-0.046642
-0.00622277
0.0128457
0.000955588
-2.38502e-05
-0.00609211
0.0104764
0.00244429
0.00519144
-0.0429577
0.0182575
0.0693197
-0.00657709
-0.0010097
0.00386866
0.100269
-0.000954217
0.000270806
0.00425674
-6.28998e-05
0.0229156
-0.00045812
0.00835823
2.29336e-05
-0.00146895
0.00311138
0.00512204
-0.0104993
0.053653
-0.000464209
0.000921126
2.47505e-06
0.0998578
-0.000368016
0.0241179
0.00576937
0.000630369
0.000631105
0.00242566
0.00904086
0.000250521
-1.27563e-05
0.000113553
0.0107195
0.0240251
3.30038e-05
4.12087e-05
0.000458136
0.11184
-0.000778959
0.0570174
-0.00354507
-0.0283251
0.00847765
-0.0156367
0.0163488
0.00633547
-0.0047203
0.00643048
0.00727009
0.0338886
0.00127928
-0.00148488
0.110272
0.00623779
0.0110244
0.0107822
0.0162917
0.00976162
0.00755831
0.00317302
0.0118573
0.00480395
0.000160005
0.000111001
0.00161636
0.00946358
0.00111857
0.000221259
0.0020821
0.0344374
0.000250685
-4.86419e-06
-0.00837702
0.0270785
0.0385853
-0.00132239
0.051725
0.00736948
0.0082784
-0.0151245
0.0134654
0.00653063
-0.00638565
-0.000356108
0.136594
0.00822288
0.00686387
-0.00454736
0.0607212
0.0267496
0.00106312
0.00116635
0.00687791
0.0372233
0.00892411
-0.0339007
-0.00702884
-0.0270242
-0.0344361
-0.000774184
-0.000243483
-3.282e-05
4.67131e-06
7.41614e-07
3.92259e-09
6.07858e-09
0.0245808
-1.02313e-05
-1.94975e-05
0.0220133
2.12394e-06
1.85188e-06
1.38778e-17
0.000729626
1.86706e-05
0.000255534
0.0058284
0.000307695
0.0043559
0.00448516
-0.000185404
-5.4663e-05
0.000707289
0.000826101
0.00172612
0.00234981
0.0569107
4.37161e-06
0.0567218
0.0069132
-0.0327554
-0.00099317
0.000315644
-0.000167568
0.0436727
-6.4785e-05
1.14762e-05
0.0464603
-0.00160906
-8.05606e-05
0.00805869
0.00472679
1.25168e-05
-2.16625e-05
-4.62191e-05
0.00250858
1.92758e-05
0.000164998
2.91852e-05
0.000128577
0.0224197
2.01828e-05
-1.43205e-06
0.00188176
5.21779e-05
0.000366372
0.000323504
-1.43677e-06
0.00202729
-0.00352887
0.00234511
0.000501523
-0.0338002
2.23215e-05
-4.45943e-05
-0.000152739
-0.0321572
-0.000100154
6.97343e-05
1.16084e-05
1.00332e-05
7.3109e-06
7.3109e-06
8.81392e-06
0.000667268
0.000316427
0.00282355
0.000732402
0.000233853
-0.000379636
0.000300182
3.53544e-06
0.000763536
0.00222714
-0.000121746
2.47044e-05
-0.000149207
-2.57422e-05
-1.36891e-06
-2.74836e-06
0.000931403
0.000103516
7.3105e-05
-6.32681e-06
2.42686e-05
0.00511255
-0.00999816
-6.48838e-05
-0.00115965
3.07562e-05
0.0119449
0.0195287
0.000296964
0.00010806
0.000482872
0.106062
-0.0126784
-0.0180281
0.0257006
0.0065529
0.00328135
0.00164489
0.0309577
0.00717211
-0.0027783
-0.000104592
0.00608794
0.0176841
0.00514909
0.0115111
0.104238
0.0123003
-0.00465924
-1.5961e-05
0.00705048
0.0301466
0.00145025
0.00258757
0.00726819
-0.00111353
0.00579405
0.0105207
0.0130278
0.00481383
0.00169609
0.00121147
0.0108367
0.012559
0.00182366
0.00101272
0.000743691
0.00958018
-9.17708e-05
0.000717408
0.00817269
0.00973517
0.000702488
0.000113197
0.000487862
0.105907
-0.000606347
-2.16698e-05
-0.00717263
0.0217259
-0.00127909
-0.0124014
0.0467876
0.00352014
-0.00835986
-0.000140684
0.00614865
0.0153447
0.00339918
0.00180721
0.0289172
0.00667769
0.00299491
-0.0105734
0.0998411
0.0142343
-0.00247388
0.00219927
0.00506474
0.00364316
0.00124833
0.00942186
0.00881327
0.0256382
0.00310191
0.00690677
0.0544289
0.010723
0.00190281
0.000974489
0.00075418
0.0098607
0.00163722
0.0013416
0.010053
0.0134386
-0.000128248
0.00069533
0.00822753
0.00974915
0.0552237
-0.000281785
0.0454475
0.000934343
-0.00536025
-0.0058931
-0.00561431
-0.0133237
-0.000177808
-0.0440414
-0.0656546
0.000768783
7.1848e-05
-2.90923e-05
-2.88012e-05
-3.24963e-05
-0.0320146
-0.000995702
0.0981297
-0.00592319
-1.20426e-05
-0.0335481
0.0877957
-0.00272561
0.000113713
0.000907904
0.0325315
-0.0170287
8.14169e-06
1.58816e-07
2.74575e-07
0.000724777
0.00138582
-0.0179465
0.00422682
0.0499052
0.00178191
-1.24407e-05
-0.000166953
-2.82174e-05
0.000141664
0.000431087
0.00471433
0.00126891
0.00456545
-0.000519806
0.000632382
0.00205491
0.000131594
-0.000144059
0.00664139
0.0396049
0.00151833
0.000445686
2.93181e-05
-0.0245733
0.000283978
0.000379489
0.00819654
0.00386714
0.0274033
0.00414848
0.00132707
0.00182724
-0.00271182
-0.000176779
0.0650938
0.0106448
-0.0165809
-2.90681e-05
-2.92097e-05
-3.23055e-05
0.00070623
-0.00130886
0.0345874
0.0029745
0.00143846
-0.0426347
-0.0662186
-4.29813e-06
-0.0247345
0.000897574
0.115951
-0.00639893
1.17151e-05
1.46103e-07
6.85902e-08
0.000744407
4.87183e-07
3.41848e-06
0.0885343
0.00575361
-0.000468635
0.00459811
0.0222632
0.0113903
0.000332116
-0.00697247
0.00773907
0.0448844
0.00378065
-0.00262446
0.000323776
0.0012822
0.00164652
0.00104077
-0.000323519
-9.68246e-07
0.00017064
0.000869876
0.00620928
0.00388587
0.000523467
-0.00124264
0.0219206
0.0471681
0.0305055
0.00375537
0.00138456
0.00194497
0.00136259
0.000116248
4.76418e-07
-0.0526144
0.000437442
-0.00219483
0.00876819
0.00807673
0.00826422
-1.7204e-06
1.18671e-05
-1.82135e-05
-0.00561632
0.00280102
-0.000250434
0.00827778
-0.00463285
-0.00370547
-0.000301041
2.39939e-05
-0.00464122
7.00443e-05
0.00297027
0.00306359
0.00288287
0.000105131
2.899e-05
-0.00824793
-0.00534187
-5.97158e-05
0.0231663
-0.000778063
0.000636999
-0.00784336
0.000294168
-0.00243645
0.000959901
0.000432205
0.00615494
-0.0215543
0.000544841
0.000958014
1.00686e-06
-2.50594e-05
0.00219419
0.00104872
-0.000100189
-6.93418e-05
-0.00200906
3.59148e-05
3.82343e-05
0.00238887
-0.0107641
-8.4929e-08
0.00013379
-7.90735e-05
0.000499499
0.000547513
-0.000199644
-0.000223929
-0.00263319
0.0219047
0.00801915
0.00497456
-0.00336573
-0.000354217
0.0120322
-0.000677304
-0.00141523
0.00271959
0.0010577
-0.000213789
-0.00202226
-6.21805e-05
-1.5909e-05
-3.13129e-05
-0.00204444
0.00149782
9.96606e-05
9.14447e-05
0.00396087
2.7219e-05
0.000147671
2.7393e-05
0.00582947
0.00136038
-0.00131826
0.00091613
0.0173385
6.19523e-05
0.000242586
-2.18999e-06
0.00309746
0.00123897
2.96439e-06
-0.00901145
-0.000640608
5.79807e-06
1.04444e-05
-0.000414746
-0.0254687
-4.09531e-05
0.0219669
-0.000765909
0.00131551
0.00909295
-0.00245809
0.00028121
0.000924995
0.000471251
0.0061365
-0.0215383
0.00215634
5.26326e-05
-0.00024428
0.00204125
-0.0107314
-2.62869e-07
0.000153156
2.625e-07
0.000179337
2.55428e-05
-4.23619e-06
0.00142623
0.00311941
0.00295153
-0.000349907
0.000575643
-0.0413599
0.00253566
0.00258791
0.0254383
0.00616715
0.00141834
0.000898068
-0.00141535
0.00614534
0.000244867
0.00120183
-8.12148e-05
0.000129773
6.59908e-06
7.30609e-06
7.18504e-06
0.0182413
-0.00234286
-2.29465e-05
0.000631516
2.76522e-05
-2.86073e-05
-0.0215544
-0.000453277
-7.44501e-08
1.249e-16
1.94443e-07
3.56207e-06
0
-2.32391e-09
3.68829e-06
1.72528e-06
0.000143649
4.54446e-05
-0.0332763
-5.93096e-05
0.000261072
2.00604e-05
-6.08443e-05
0.00124494
-1.38778e-17
6.2891e-10
2.03075e-06
2.5766e-06
0.00162492
-1.4239e-05
0.000115954
0.000154371
0.00176522
-5.52283e-06
-1.84391e-05
-3.01171e-06
0.0212973
0.00419226
0.00263087
0.00187591
1.24797e-07
-0.0151849
0.000110119
0.000362143
0.00154925
0.00408509
0.000711713
0.000579507
0.000421736
-8.0624e-06
0.000431074
0.000512762
0.00214439
0.00051323
3.10282e-05
0.000136243
-0.000220915
-0.000129724
0.000536829
-0.000351718
-0.00242491
6.73721e-06
7.19652e-06
7.37979e-06
0.044249
0.000302557
0.000369235
-4.33602e-05
6.34036e-06
0.000177171
-0.029923
-0.000604072
0.000226023
4.45453e-05
0.00018255
-0.03177
0.000220752
3.9742e-05
0.00154685
-3.15879e-05
0.00146471
-0.000491861
4.57366e-05
-3.46947e-05
0.0254829
0.00444384
0.00217285
0.00211233
0.0107157
0.000650506
0.0001483
-5.72416e-05
-9.3971e-07
-0.0115771
0.0480694
0.000683333
-0.0445031
-0.0233171
-0.00362249
0.000618726
0.00708945
0.00100889
3.66524e-05
-4.31281e-05
0.00620973
-0.000363999
-1.80898e-06
2.5023e-05
0.0151588
-0.000188928
-1.90856e-05
9.01485e-05
-0.0199569
-0.0297875
0.019702
0.019398
-0.000169714
0.0168192
0.00178284
-0.000296701
-0.0055558
-8.2597e-05
-0.000174935
-0.00339191
-0.00448369
-0.00111258
-0.000148661
-0.0036152
-0.0188292
-1.5519e-07
4.10956e-08
-1.08521e-07
0.00135497
-1.39316e-07
-1.98227e-07
-9.9846e-08
0.00149795
-0.0132683
0.00394491
9.79226e-05
0.00206591
-0.00119022
0.0155554
-0.00398776
-0.0117373
-0.00282002
0.0172214
0.00226869
0.00203431
-0.0100121
0.00355888
0.000264135
0.0131009
0.00820132
-6.32772e-05
0.00362154
0.00303751
0.000403057
0.0123055
-0.00104802
0.00216765
0.00289595
0.000346709
0.0166379
-8.5311e-05
0.0130605
0.00370018
4.74715e-05
-0.0217244
-0.000184206
5.84415e-07
-0.00350222
-5.22262e-05
0.0608563
9.28976e-05
0.000282964
0.000434866
0.00200026
-9.34821e-06
0.000177307
-3.10223e-05
0.00188086
-1.59359e-05
-3.16919e-05
0.021971
-0.00060537
1.48599e-07
-0.0110355
-0.000159533
0.00122342
0.000152557
0.000131572
0.000607524
0.0013619
-0.000759693
6.06006e-05
0.000109438
0.0515151
0.000651883
0.00049636
0.000143085
-9.93014e-17
8.21589e-11
3.60681e-08
-1.26539e-05
-0.0102661
-1.13059e-05
-1.2512e-05
2.72675e-05
0.000642618
2.44584e-05
2.71252e-05
5.37732e-05
-1.37856e-07
3.20774e-07
2.3221e-07
0.0330116
-0.00300558
0.00404976
0.00464166
0.018102
0.00106818
7.09132e-06
0.00466344
0.000739295
0.0224748
0.00507201
-0.000154647
-0.00468203
0.0342297
0.00405806
0.00427015
-0.00274446
-0.000118843
6.23779e-05
0.000651155
0.00189612
0.00170788
0.000174797
-0.00440589
0.00176257
0.00209982
-0.0219589
-0.0104263
0.0460225
0.00202469
3.76585e-05
-0.000688323
0.00232147
0.000501046
-4.85891e-05
-9.39483e-05
0.0535659
0.00444911
6.88458e-05
0.000129931
0.00171628
0.00204383
-0.0226561
-0.0278056
0.0019454
0.00166696
0.000144031
0.0115618
-8.18526e-08
0.00149102
-1.66348e-05
-2.14241e-08
2.43389e-08
0.00147613
-1.75254e-05
-6.82184e-08
-0.00517783
-0.0229369
5.14936e-05
0.0009481
-0.00505517
-0.0234107
2.93238e-05
0.000923498
0.005214
0.00446653
0.00150802
0.000277869
-0.00139857
0.00280489
0.000842855
-0.00262093
-0.00135539
0.00272446
0.000842708
-0.00260977
0.00359643
0.00494624
0.00165206
0.000289236
-5.13884e-05
-8.97347e-05
0.00288461
0.00183591
-0.000151413
-1.54775e-05
0.00127835
0.00292998
-0.00956383
0.00520251
-0.005742
0.00556493
0.00587606
-0.00937529
0.00454783
-0.00573635
0.00418709
0.017003
0.000401305
0.0971305
0.072711
0.00794842
0.0366709
0.00333821
0.0290776
0.00654325
0.0686338
0.0220894
0.00455046
0.0154511
0.0199507
-0.000611292
0.00223342
0.0367853
0.0113005
0.0151623
0.00291178
0.0133379
0.00977695
0.00947605
-0.000329384
0.0975276
0.00404067
0.0166005
0.0647869
0.00319645
0.0249126
-0.00511504
0.0338721
0.00367361
0.0640971
0.022237
0.0074854
0.000734222
-0.00625527
0.0122147
0.0148721
0.0297457
0.00283855
0.0134401
0.010264
0.0157305
0.00967042
0.00932813
-0.00904691
-0.0527165
0.0254175
-0.00816724
0.00408631
-0.0201558
-7.74474e-05
-0.000106202
0.000271944
-0.00105965
0.101073
-0.00202594
3.07325e-07
-0.0482699
-3.73005e-06
-0.000225568
0.00373649
0.0298062
-0.000228965
-7.373e-05
0.00435618
-0.00102429
0.00558066
0.00399047
0.00921106
-0.000899757
0.000108193
2.15526e-05
0.0083513
0.000832845
-3.83557e-05
0.000182049
-0.00605396
-0.0291786
0.000380099
-8.24576e-05
0.0216272
0.010123
0.00994143
0.0792875
-0.000424383
-0.000877557
-0.00456968
0.0042044
0.0946305
0.000334266
-0.000145039
0.0052148
0.00648498
0.0314405
0.00484704
0.00582729
-0.000309112
1.50258e-05
0.00644907
0.00389236
0.0118692
0.000299679
1.20149e-05
-0.00140011
8.50494e-05
-2.10143e-05
0.00905542
0.00471286
0.0106592
0.0218558
0.0105188
0.0261933
6.43046e-05
-2.50189e-05
0.000126083
2.44437e-06
0.000459646
0.109582
0.000457519
0.109749
1.90985e-05
2.21014e-05
0.00117853
0.000643834
0.0131167
0.000938508
0.0509837
0.00715452
0.0010008
-0.00708936
0.0325375
0.00268611
0.0205443
0.00776117
0.0176506
0.00882312
0.00327608
-0.0144629
0.00832412
-0.0140434
0.00638109
0.0195991
0.00642757
0.018749
0.00604049
-0.00559399
0.000264246
0.000613213
0.113415
0.00699811
0.10606
0.00454482
9.84599e-05
0.000468646
1.66571e-05
0.000109558
0.0071713
-0.0107563
0.00581679
-0.0671439
0.000541345
0.000189144
-0.0115828
-0.0255539
0.00215055
0.00244111
0.0327651
0.0464844
0.00279666
-0.000306039
0.000194784
-0.000924379
0.00114529
0.0073242
0.00114594
0.00721056
2.31406e-05
2.0732e-05
0.000164964
-0.000114928
0.00691839
0.0270163
0.00585965
0.0510803
-0.00991875
0.0014627
0.000742742
-0.000942663
-0.00755781
0.0243193
-0.00819257
0.030434
0.000658213
-0.000624881
7.47951e-05
0.000303716
0.0441763
-0.00540385
0.0624974
0.0126103
5.98912e-05
-0.000340867
0.0406073
4.78106e-05
0.0192422
0.00790649
0.0167614
0.00869002
-0.0142301
0.00335692
0.00813678
-0.0140821
0.134759
0.00427199
0.130296
0.00690544
0.000157512
-0.000254739
2.40802e-05
0.000222234
0.0493558
0.010006
-0.0324912
0.034059
6.77504e-05
-0.00142044
-0.000342707
-0.000262315
0.00747994
0.0287911
0.0187736
0.0541608
0.00113623
0.0111697
-0.000944638
0.000622406
-0.0121611
-0.0325861
-0.0565837
-0.0356068
0.00148797
-0.00275888
3.31683e-06
2.85117e-06
0.00131674
0.00404586
-0.000182346
-1.22735e-06
-0.0184132
-0.00122594
-0.0303656
-0.000543664
-1.94704e-07
0
-8.31672e-12
1.14812e-07
5.24782e-07
3.7002e-06
4.17676e-06
1.38632e-06
0.00096238
-0.0100206
1.47027e-05
0.0175949
-0.0322434
-6.76175e-05
0.000408235
0.0016561
-1.249e-16
0.000726701
-1.38778e-17
0.000736511
2.40511e-06
2.59354e-06
7.78914e-07
7.15786e-07
0.00524876
6.12468e-05
0.00519822
0.00194184
-0.0016826
-0.000148052
4.50541e-06
0.00059888
-0.00178432
0.00196285
-0.00371416
0.000710036
1.53548e-05
0.000958053
0.00132268
0.00211695
0.000958284
0.00284184
0.0010265
0.00301135
-0.000170632
-4.29172e-05
0.000133384
0.000171888
-0.022723
-0.00589347
0.0819832
0.00698628
-2.68734e-07
-2.1351e-06
-0.000346876
-0.000691392
0.00376571
3.03001e-06
-2.94481e-05
-6.10646e-06
-0.000323376
-0.0310639
-0.0327814
-0.000711835
-0.00665937
0.00633388
8.435e-05
0.0431858
8.90071e-05
-0.0308916
-0.000796294
-3.65577e-05
0.00643811
0.0028135
0.00778431
0.00626627
0.000109091
2.16737e-05
0.000775917
-9.38175e-06
2.48374e-05
-2.59534e-05
2.85274e-06
-0.0102106
-0.000438703
-4.98825e-05
-0.00177817
-0.00291308
0.000268335
2.73821e-05
3.31158e-05
-5.46032e-05
2.1984e-05
-0.00335525
-0.000660392
0.000190401
1.6044e-05
1.67935e-05
0.0236044
-0.000529546
0.0226697
-0.000532924
1.50863e-07
2.29033e-06
6.00277e-05
6.6804e-05
0.000230164
3.71885e-07
-5.05016e-07
0.00031844
0.00023597
0.000294236
-0.00275185
0.00595343
0.00295564
0.00303703
6.94163e-05
0.000123898
0.000967237
-0.00763114
0.000329472
4.34397e-08
-0.033934
-0.000267271
-0.0334616
-0.000112587
-1.50087e-06
-6.01801e-08
-2.56801e-06
-1.38953e-05
-0.0327199
-0.000420067
7.67533e-05
-0.0319629
0.00014873
-4.9075e-05
0
8.43798e-09
3.19693e-06
1.86898e-06
1.59183e-06
2.52361e-06
-4.36e-10
6.41371e-08
0.000658491
0.00253755
0.000141057
0.000310065
0.000507903
0.000563845
0.00273166
0.000445805
-0.00279756
-0.00268871
1.43384e-06
0.00218045
-0.00142473
-5.23545e-05
-0.000226466
0.000809631
-0.00118871
1.95047e-05
-3.40965e-06
0.00184072
-2.70685e-05
0.00849408
0.0019202
-9.38491e-05
-1.83015e-06
-2.67002e-05
-2.77812e-06
-0.000183138
-2.64411e-06
3.04138e-07
-2.46825e-05
-4.43996e-07
6.61375e-05
9.46535e-05
0.000122088
0.000722952
0.000742745
-2.40836e-05
4.31067e-05
0.000135235
0.0054443
-0.00848528
0.000132751
5.38302e-05
0.000192108
0.000187634
0.00543844
-0.00817165
0.00743575
-0.00116996
-0.000155474
0.000128681
0.000158624
1.72347e-05
0.00324576
0.00583755
0.00513226
0.000245498
-0.00551747
-0.0147094
0.00138496
0.00167877
-0.000927354
0.00118737
-0.0258806
-7.51179e-05
0.000314756
-5.24934e-05
0.00311987
-0.00549295
0.000705581
0.00232523
0.00056523
0.0030884
-0.00295395
0.00535784
-0.0112422
0.00402419
0.00142385
-0.0730366
0.0102446
-0.000893394
-2.89311e-07
0.000666962
0.00329958
9.40451e-05
0.00246938
-5.51792e-05
0.00225028
0.000447805
0.00290782
0.000597408
-5.90021e-05
0.000552759
-4.13686e-05
0.000250789
-0.000433186
1.86195e-05
0.00300741
0.00608855
-0.00727471
0.000121368
-1.92031e-05
-2.80474e-06
0.00714528
1.93197e-05
-0.00341612
-0.00577564
-0.0254073
-3.07511e-05
0.00038628
-0.000226901
0.00132178
0.00171799
-0.00129264
0.00117758
0.00307261
0.00843256
0.000350307
0.00241272
-0.0106798
0.00352469
0.00175654
-0.0143479
0.010869
0.000824854
0.0002685
0.0193881
0.0295191
0.000410753
0.000189509
-1.36447e-06
0.00225773
0.000449792
0.00242481
0.000542122
0.00309844
5.70655e-05
0.0022365
2.34282e-05
-8.7233e-05
0.0005744
-4.52077e-05
6.68888e-05
-0.00288539
0.0413918
0.00119167
-8.61643e-05
0.0217029
0.000726195
-4.5235e-05
-3.39162e-08
0.00880013
0.0181571
-0.0199201
-0.0259523
0.000157095
-9.54443e-08
0.000109199
2.2358e-08
-0.0206752
0.000267204
0.00237291
-0.0024037
-7.2088e-07
0.00259772
4.3701e-05
-4.54149e-05
0.0460056
0.0372389
-0.00912697
0.00427516
1.07164e-05
1.12243e-07
0.000881616
7.71508e-10
0.00167327
0.0111351
-0.0217044
-0.000332037
0.000920248
3.62507e-05
0.00189619
5.18676e-06
-1.98126e-05
-0.000183176
0.000453597
2.91465e-05
0.000484205
0.000686177
0.0304871
-0.00170501
-0.0101559
0.00154648
0.0210382
0.00478827
0.00122063
6.29774e-05
-0.0353984
0.00105649
0.000631029
0.00855705
-5.6706e-05
-0.000446843
0.0198277
0.00423238
0.0476524
0.00139383
0.0182355
0.00112437
7.3725e-05
0.000169409
-0.0172789
1.52865e-07
-0.0136266
8.27123e-08
0.0182136
0.0428329
0.0002002
0.00011616
0.00282813
-0.0973107
-0.0227413
-0.0281747
-0.00528848
0.000731956
0.00231203
-0.00241475
-0.00267948
-1.48243e-08
0.000843257
1.30559e-08
1.01745e-06
-4.16171e-06
-0.00351861
0.000478401
0.0366452
0.0267711
0.0198414
0.000770469
0.000181114
-0.0282496
-0.0262826
-0.000100674
0.000372712
0.000406511
0.0282411
-0.000597487
0.00142207
0.000703684
0.00164209
0.000965415
0.000225782
-3.29089e-05
0.00126516
-5.35091e-05
0.0124285
0.00152803
0.0170221
0.00370759
0.0242631
0.00412475
0.0454778
0.000936276
0.00106123
-0.000430663
-0.0274796
0.00151092
0.00026991
0.000260826
-0.000106156
-0.000144135
-6.38901e-06
0.0115493
0.00655887
-2.33733e-05
-0.00174993
0.0026102
0.000150016
0.00327728
-0.00522083
-0.00407248
-0.00374999
-0.00459697
-1.64903e-05
-0.00740413
-0.00717208
-1.7438e-05
0.000398061
0.000124092
0.000796225
-0.00148342
0.00180539
0.00312141
0.00218464
-1.29774e-07
0.00191258
-0.00489632
-0.00889963
-0.023595
-5.662e-07
0.00160658
-0.00196034
-0.00139192
-0.005005
0.000837191
0.000834644
-0.00502388
0.00257747
0.000662943
0.000277085
0.00274596
-0.00299381
0.000236636
0.00021937
0.00125607
0.000118318
-0.00238727
-0.0192622
-8.63087e-07
0.00060808
0.000937483
0.0003119
0.000676314
-0.0714049
0.0213011
0.0205083
-0.0340644
-0.000766566
0.029821
-2.04849e-05
0.00168135
-0.00995022
0.00448033
0.00253608
0.00302612
-0.0030417
-0.000250485
-0.000320502
-0.00298639
-0.00541943
0.0014165
0.00142112
-0.00530368
-0.0307197
0.0132451
-0.00017448
0.0524433
0.00395817
-1.59709e-06
0.0020539
0.00509032
0.0222744
7.54575e-05
7.52889e-05
0.0130649
0.00325271
0.000190248
0.00270063
-0.00173651
-3.02737e-05
-0.000454765
-0.000375034
0.000236586
-0.0039239
-0.000167326
-1.43847e-07
-0.0209889
-0.023407
0.012336
0.0120145
0.00190893
0.00185973
-2.02951e-07
-3.19966e-05
-0.00191519
2.09996e-05
0.0024264
0.00402921
-0.00013094
-0.00239726
0.000135948
-6.18288e-07
-0.0188915
-0.000120944
-5.75175e-06
-0.00376153
-0.00047393
0.0030245
0.00256344
0.00366743
0.000345475
0.0569193
8.21527e-05
0.021455
-0.0157114
0.00477285
0.00224405
2.78496e-05
0.0044859
0.000342417
0.000289278
0.000189061
0.00319884
5.00005e-08
0.000131204
0.000109297
-1.09059e-07
0.00625995
0.0223611
-0.0143031
0.0296199
-0.00177236
-0.00468537
-1.48709e-05
-6.98901e-07
7.96983e-08
0
2.68123e-07
-1.49698e-07
-1.38778e-16
-9.71445e-17
-9.90963e-08
7.60679e-08
0.000844732
1.49117e-07
3.54139e-07
0.000295879
2.46155e-05
0.00024648
0.000242511
-2.19925e-05
-8.48522e-08
4.14267e-08
-4.16334e-17
7.40122e-08
0.00149073
0.000101924
0.000119113
0.0014832
0.000378357
-2.59003e-05
5.83859e-06
0.00171401
0.0290573
0.00393033
0.00473843
0.0162558
-0.00832304
-0.00190361
-0.0112104
-0.00671204
0.00577501
0.00289087
0.00337156
0.00514901
0.000661869
-5.78528e-05
-5.61686e-05
0.000595982
0.000635109
0.0023169
0.00231278
0.000679214
0.000225256
-0.00150534
7.34232e-05
0.000816363
-0.00649224
3.79184e-08
-1.42751e-07
-0.000263081
-0.0414001
-0.00347336
0.000744809
0.0178227
0.00293593
-0.000557528
1.91697e-05
-1.89734e-05
0.000255299
3.96878e-05
-1.20768e-05
-7.36065e-05
8.88952e-05
7.47106e-06
9.26595e-05
0.000260669
0.00139632
0.000391061
-0.000797397
0.00192036
0.0218212
0.00518161
0.00427447
0.0318017
0.075206
0.0364598
0.00415651
0.00692696
0.00334287
0.00157289
0.000477711
0.0208109
1.25699e-05
1.88018e-05
0.000102563
0.000115821
0.0106789
0.0108369
0.0164512
0.0107691
-6.80943e-05
-0.0635075
-0.00674223
0.0155621
-0.0263988
0.0123581
-0.00210232
-0.081642
0.000701329
-0.0101397
0.0440431
0.0256914
-0.000348078
0.0913072
0.0425866
-0.00658261
0.00395606
0.00391457
-0.00981506
0.00123146
0.024778
-0.000344609
0.00726914
-0.0349939
0.00098998
-0.0119181
-0.00828846
0.00535841
-0.00121442
-0.000144829
-0.0282127
0.0196576
-0.00532346
0.00623968
0.00873603
0.0353983
0.0100791
0.00738274
0.00692129
0.0125431
-4.16044e-05
-0.000166003
-4.73136e-05
-3.37824e-05
0.00705369
0.0094449
0.00165009
0.00122984
0.071485
-0.00058347
0.00580843
0.0694633
-0.00715319
0.0199279
0.0123804
-0.0072386
0.000227449
-7.88717e-06
3.56828e-05
0.000389812
0.0481914
0.0484315
-0.000367665
-0.000535453
-0.0134119
0.0507808
0.0218503
0.00838243
0.0550876
0.000278676
-0.000100327
0.0520614
4.54951e-05
6.47089e-05
4.3885e-05
4.92041e-05
-0.00454055
0.00556988
0.0140995
0.0152657
0.00589073
0.00135293
-0.0142563
0.00697421
-0.0011244
0.00758232
-0.0386249
0.000558959
-0.00159638
-0.00114604
0.00837772
-0.00118192
0.0615334
-0.0203306
0.0375406
-0.000843114
0.025467
-0.0200932
0.0167714
-0.0653363
0.0572088
-0.000915023
0.00109987
0.0648036
-6.54653e-05
8.18619e-06
0.00257077
-0.000493114
-0.0314688
-0.0857604
0.0167838
0.0310385
0.00907031
0.000673967
-0.00547514
-0.000563173
0.000480328
-0.00491647
-0.00545947
0.000523614
0.0230253
0.0230116
-0.0034606
-0.00387459
-0.00713425
-0.00906121
-0.00997917
0.0147015
0.00565121
0.000835023
-0.00505041
0.000523816
0.0317883
0.00722333
-0.00596877
-0.00427088
0.0225753
-0.00372036
-0.00381055
0.0220339
0.000484044
0.00052981
-0.00460459
-0.00460219
-0.0113524
-0.0160554
-0.0180539
-0.00504056
6.33198e-07
3.59613e-07
2.10476e-07
-1.45346e-05
-0.000418227
-0.000663443
-1.26184e-07
1.72653e-07
0.00999084
0.0116295
-0.0199088
-0.0241156
-0.0305174
-0.0129555
0.000756261
0.000110885
-0.0101399
-0.00137503
0.00177174
0.0058535
-0.000391429
3.41449e-06
1.52084e-07
-0.000672838
3.93539e-06
-1.43315e-05
1.67141e-07
3.81149e-06
0.0448958
0.0188225
-0.0115492
0.0038058
0.00449507
-0.00601281
-0.0118136
0.00749176
0.000236421
0.000559049
0.00473813
0.00358977
0.0135609
0.00945281
0.00535167
0.000650671
0.0256225
0.00437584
-0.0145417
0.0448217
0.0033097
-0.0015856
-0.00717587
0.00245422
0.000511864
0.00274602
0.015047
-0.0111092
0.0104147
0.0483875
0.0101026
0.00201388
0.0278689
0.0405223
-0.00959371
0.00320249
0.0316549
0.00309279
0.0106068
0.0400508
0.000546974
-0.0128283
0.00218001
0.00275671
0.00297014
0.00208024
-0.00825168
-0.000634534
0.0319353
-0.00448582
-0.0116594
0.0210843
0.0128252
0.000370525
0.00424451
0.0079929
0.000253194
0.00338115
0.0049066
0.000601831
0.0187261
0.0117326
-0.00446532
0.00280646
0.0851457
0.0169018
0.00888514
0.101335
0.0229368
-0.00429956
0.0131933
0.0207077
-0.000232825
0.00303303
0.00290472
0.00140066
0.112059
0.109734
-0.00326831
-0.00296072
0.00708612
0.00212939
-0.000115067
0.0193776
0.00725194
-0.127568
-0.126495
-0.0142842
0.00422047
0.00732228
0.0169042
0.0218082
0.0252153
0.0303049
0.0123864
0.00739947
0.00594742
0.020224
0.00297223
0.00430651
0.0287847
0.00319966
0.0214174
0.047049
0.00179797
0.0220536
0.0186334
0.00070739
-0.00585889
-0.0556795
-0.0447351
-0.10203
0.0859626
0.101453
0.0088839
0.0189036
0.112213
-0.00274668
-0.00304282
0.109869
-0.00259702
-0.0050297
0.00299907
0.00312035
0.0258837
0.0230553
0.0115315
-0.00880559
0.0472758
0.00977916
-0.0208232
-0.0106946
9.10503e-05
0.00484769
-0.0108294
-0.0215802
-0.0338207
-0.0283202
-0.00147031
0.000773433
-0.0324002
-0.0351052
-0.0149232
-0.0253999
0.102682
0.0226752
0.0253293
0.0972197
-0.0317693
-0.032761
0.036733
0.0127206
-0.0336675
0.000215911
0.000247488
-0.0333254
-0.0527863
0.0392872
0.00155962
0.0046721
0.0083807
0.00858191
0.00214207
0.00126615
0.00566596
0.00100974
0.00147382
0.00680308
-0.000133648
-8.88304e-05
3.39297e-05
-1.53743e-05
-9.04597e-05
0.000547214
0.00033763
0.000215421
0.00420691
0.00209636
0.00195723
0.0045225
-0.000659534
-0.000498635
1.18621e-06
-1.7531e-05
-0.000209941
-2.88673e-07
-5.49271e-06
-0.000369865
0.00537012
0.00489083
0.00178132
0.00173696
0.0377076
-0.0111575
-0.000386471
0.0279491
-0.0327235
-0.0313435
-0.0196458
-0.035312
-0.0324339
0.000252502
-0.00524037
-0.0311735
-0.0107408
0.00581114
0.010262
0.000245393
0.0062011
0.00630275
0.00147757
0.00165256
0.00736449
0.00142796
0.0013047
0.006481
-0.000181378
-0.000385921
0.000390382
0.000387537
-0.000950975
0.000997008
0.000278073
-0.000659082
0.00910195
0.00110317
0.00157561
0.00916152
-3.46099e-05
0.000332247
-0.00033586
-2.02101e-05
4.42145e-05
-0.000493353
-0.0007314
0.000152983
0.00802767
0.00829824
0.00187884
0.00150008
0.0968479
0.0915914
0.0222577
0.0142153
0.0739697
-5.73969e-05
8.939e-05
0.0853212
-0.032022
-0.0319067
0.000745772
4.55234e-06
-0.034246
0.00445852
0.0325521
-0.0312875
-0.00737219
9.04308e-05
0.000126143
-0.0107455
4.42403e-06
3.93252e-06
2.92131e-08
-1.44188e-05
6.61507e-06
3.32454e-06
4.30696e-08
3.44261e-06
-0.0298047
-0.0229548
0.000137145
0.000130531
0.00762564
0.00654869
-0.0119463
-0.0151267
0.000516114
-0.00446573
-0.00837894
-0.00145902
5.34145e-06
1.92423e-06
-5.63454e-06
3.43597e-06
8.91618e-07
-1.43763e-05
-5.61159e-06
1.5558e-06
0.000671336
-0.00133378
-0.00101867
0.00305711
2.54948e-06
2.21793e-06
1.2331e-05
-4.1598e-08
5.12185e-06
3.18711e-06
1.2257e-05
1.81102e-06
0.00695939
0.00638406
0.000189923
-0.00134397
-0.00148969
-0.00237598
3.21961e-05
9.74689e-06
-0.0313158
0.000119322
8.11732e-05
-0.0188688
6.27841e-06
2.5501e-06
-1.35815e-08
3.38795e-06
2.41878e-06
-1.06247e-07
3.43204e-07
2.58515e-06
0.0137508
0.000546475
0.0351561
0.0206447
0.000190233
0.0242682
0.0359182
0.000661904
0.00110275
0.00517098
0.0115175
0.00503617
0.0028406
-0.00484444
0.00692742
0.00291874
-0.00100276
0.0238333
0.0194299
0.00259906
0.00174376
0.000751529
0.0056
0.00545914
0.00321975
0.00688059
0.00487702
0.000465126
0.00120138
0.00291286
0.0171777
0.0187407
0.00298851
0.00650806
0.0213675
0.0268255
0.00553199
0.0236241
0.0222308
0.00728892
0.00338517
0.000532604
0.00514128
0.00746263
0.00191644
0.00502672
0.00547547
0.000812615
0.011907
0.0196523
0.0346271
0.00532235
0.00327269
0.00379273
0.00541596
-0.00621043
0.00105948
0.00503215
0.0114098
0.00501289
0.00381465
0.00332767
0.0364066
0.028045
0.00025428
0.00855645
-0.00449986
-0.024586
0.107952
-0.00286826
-0.00301458
0.101811
-0.000305503
-0.000124205
0.000494716
0.000144785
0.00659859
-0.010325
0.00282118
0.000484076
0.00123476
0.0367398
0.00327628
0.0902672
0.0229993
0.00327495
0.00319657
0.0268237
0.000756018
0.00230858
-0.0038169
-0.00661838
0.111247
0.105075
-0.00206928
-0.000694574
0.0163042
0.00909637
0.00281445
0.0149335
0.0131602
-0.03252
-0.00416214
0.00822778
-0.000483074
-0.00783223
0.0285067
0.0115999
0.00694426
0.0138902
-0.0113447
0.00156068
0.00887558
-0.0104368
0.0465392
0.0182575
0.0172329
0.00171951
0.000138728
-0.0471289
0.00053882
-5.69024e-05
-0.000359898
0.00102397
0.00196538
0.00670758
0.0501035
0.0363561
0.00275701
0.0240495
0.00623368
-0.102698
0.0259933
-1.77875e-05
-0.000300682
0.0122075
0.00209611
3.82081e-05
-0.000201652
0.00176011
0.13316
0.121928
0.00273865
0.00223387
0.0105257
0.00803129
0.0136198
-0.0244429
0.0164508
0.0448351
0.0564109
0.0191367
-6.52107e-05
-1.8543e-05
0.000137323
0.00131766
0.0455493
-0.00632234
0.00247587
0.000214341
0.0158703
0.0135121
0.00271139
0.00902971
0.00600201
0.00154313
-0.0113868
0.0130076
0.00448914
0.0243012
0.00787592
0.011726
0.00220697
0.0086414
-0.0128736
-0.0259327
-0.00211245
0.0859797
0.00322921
0.034215
0.134574
0.00305093
0.012367
0.124359
0.00353065
0.0104995
0.0127059
0.00190095
0.021661
0.02505
0.00321039
0.00329237
-0.00147825
0.00116796
0.00193195
-0.0151209
0.000729002
0.0016398
0.00149086
0.000725771
-2.7956e-05
7.63595e-05
0.000140941
3.69655e-05
0.00562284
9.44037e-05
-0.0012102
-0.00644689
-0.000209441
-0.0306287
0.00189404
0.00117508
0.007373
-0.00646861
-0.00121625
0.000832998
-3.8833e-06
7.19443e-05
0.000128925
8.74403e-05
0.000733838
0.000740489
0.00147968
0.00164486
0.033039
-0.00967316
-0.0298125
0.0185894
0.0119113
-0.0022322
-0.00483787
0.00615973
-9.12121e-05
1.34581e-07
0.000861012
0.000860945
0.00625659
0.012418
-0.0198656
-0.00929087
0.0350696
0.0183431
-0.0301344
-0.00794134
0.00678261
-0.0150496
-0.0203083
0.0136291
-0.000261018
0.00083457
0.000847619
-0.000131312
0.00334023
0.00612803
-0.00477766
-0.00226769
-0.00105573
0.0177107
0.0308878
0.0449357
0.0436085
0.00491092
0.00662565
0.0524079
-4.34618e-05
0.000577602
0.00145108
-0.0001485
0.00307647
0.00555334
0.00403582
0.00223365
0.0138713
0.00351946
0.00171259
0.00948441
0.00108084
-0.00241691
-0.00161188
0.00204578
0.000872879
0.00258755
0.000992651
-0.000606034
0.0294973
0.0121552
0.00234954
0.0063235
0.0134259
0.00938522
0.00173994
0.00356705
0.0320686
0.00653096
0.00210442
0.0142262
0.000861998
-0.000607799
0.00102115
0.00267011
0.00106913
0.00202663
-0.00151234
-0.00238688
0.00116095
0.0438636
0.0275787
0.0250542
0.00313844
0.00233904
0.00393417
0.0053149
-1.0863e-05
0.000159368
0.00158361
0.000691362
0.0469075
0.058786
0.00637026
0.00535889
-0.0687923
0.0130635
-0.00056159
0.00612641
0.0281988
0.00231091
0.00158128
0.0186218
0.00525867
0.00592039
0.00174223
0.00181228
0.0165243
0.00846528
0.00378215
0.00877422
-0.0490411
0.00638172
-0.00068557
0.00854454
0.0165738
0.00888214
0.00388237
0.00869645
0.00518494
0.00167739
0.00161771
0.00592805
0.0280533
0.0165406
0.00125072
0.00250152
0.0244536
0.0139813
0.00627988
0.0170933
0.00670273
-0.00459824
-0.0075068
0.00911418
-0.00876399
-0.0131905
-0.00591918
0.00167826
-0.00742229
0.011107
0.00129359
-0.0136961
0.0239358
0.0163589
0.00684766
0.0137598
-0.00749051
-0.0137703
0.001594
0.0108769
-0.00883944
0.00167065
-0.00575598
-0.0130353
0.00694017
0.00899597
-0.00706723
-0.00453478
